33 1994 1 98.1456 1073.47 5938.23 1138.33 94.2025
33 1994 2 27.4899 260.632 1205.97 256.287 30.7989
33 1994 3 89.0387 1792.6 11743.4 3120.36 207.582
1 1994 1 161.629 1563.01 5500.67 957.274 155.549
33 1994 4 0 0.0143733 0.0268253 0.0259889 0.0028125
1 1994 2 42.0268 155.291 1303.91 281.039 7.60053
33 1994 5 1.48478 14.8679 80.2893 21.6219 2.47603
1 1994 3 197.986 1650.83 11953.6 3156.27 154.279
23 1994 1 115.512 1326.63 5888.51 896.753 110.07
33 1994 6 36.7882 185.557 486.565 56.7743 4.98547
1 1994 4 0 0 0 0 0
23 1994 2 44.0953 224.783 1308.62 197.062 15.3134
33 1994 7 99.6815 613.054 405.856 80.457 2.93166
1 1994 5 4.35716 10.5067 86.6745 16.4976 2.7041
23 1994 3 447.214 1822.85 10805 3556.33 233.483
33 1994 8 2.43948 160.26 207.6 70.2451 11.1648
1 1994 6 39.3228 148.968 486.77 80.1951 10.5203
23 1994 4 0 0 0 0 0
33 1994 9 296.373 740.416 768.909 229.645 19.8774
1 1994 7 120.309 567.142 434.391 69.5292 7.63453
23 1994 5 0.0417388 23.8019 70.7887 18.2595 0.909064
1 1994 8 2.96113 160.716 176.689 100.48 10.8636
13 1994 1 120.78 1201.97 5837.73 1094.86 79.5206
23 1994 6 19.6176 155.792 497.436 86.3631 11.4607
1 1994 9 202.937 889.486 650.633 284.984 27.1806
13 1994 2 29.8854 346.452 1138.87 224.646 35.0119
23 1994 7 102.287 578.95 452.542 63.9382 8.77334
13 1994 3 179.396 1981.29 12060.1 2724.13 139.891
23 1994 8 0.882652 182.51 161.462 94.6257 12.2296
13 1994 4 0 0.00779736 0.0193555 0.0428472 0
23 1994 9 198.657 736.83 764.852 310.962 43.9188
13 1994 5 0.0571686 18.9969 72.4028 27.403 1.88013
13 1994 6 63.0014 168.141 446.734 84.379 8.41436
13 1994 7 110.363 590.187 393.873 90.7322 19.0191
13 1994 8 8.49927 155.275 169.107 105.989 12.8396
13 1994 9 165.957 830.055 669.361 346.93 42.9177
90 1994 1 244.838 1124.54 5711.7 1229.85 31.8629
90 1994 2 31.8204 250.619 1348.12 126.827 14.8352
90 1994 3 214.049 1447.91 12138 3093.55 121.819
90 1994 4 0 0.00250849 0.0124912 0.0527076 0.00229267
90 1994 5 4.63965 25.3424 56.5986 31.6629 2.49647
90 1994 6 26.3381 212.228 448.67 81.8927 1.54134
80 1994 1 86.0321 1366.02 5656.36 1070.21 149.621
90 1994 7 118.93 607.837 415.631 55.6469 8.4449
80 1994 2 13.7359 254.31 1406.27 105.471 10.0785
90 1994 8 11.2576 180.137 174.328 77.1952 8.79225
80 1994 3 239.038 1207.73 12810.1 2486.06 373.75
90 1994 9 279.037 740.728 653.361 347.22 34.8747
80 1994 4 0 0.00491228 0.010117 0.0524464 0.00252437
80 1994 5 1.22868 27.3396 52.399 35.8452 3.92748
80 1994 6 23.7448 163.003 496.996 78.9233 8.0028
70 1994 1 133.386 1199.09 5900.01 980.054 127.04
80 1994 7 84.3856 539.199 469.769 103.892 9.24426
70 1994 2 43.1343 239.336 1201.32 304.697 1.38573
80 1994 8 8.45337 134.945 173.979 122.258 12.0747
70 1994 3 307.674 2133.56 11535.5 2845.94 273.017
80 1994 9 272.041 918.826 571.381 271.91 21.0608
70 1994 4 0 0.00989087 0.0298735 0.0274231 0.0028125
70 1994 5 0.0524842 23.4988 58.3804 35.6667 3.14161
70 1994 6 34.862 166.199 423.25 143.124 3.23527
60 1994 1 102.282 1415.49 5415.34 1286.43 104.416
70 1994 7 101.271 583.571 423.645 88.9586 9.04457
60 1994 2 22.7141 181.162 1317.07 218.395 32.3573
70 1994 8 12.2407 165.23 164.609 97.8899 11.7406
60 1994 3 369.547 1707.4 11814.8 2921.79 250.62
70 1994 9 368.831 838.091 664.098 164.354 19.8464
60 1994 4 0 0.00877087 0.0247374 0.0331874 0.00330436
60 1994 5 0 29.2074 56.813 27.1136 2.23979
60 1994 6 34.0155 195.713 460.112 75.3717 5.45732
50 1994 1 114.446 1406.74 5697.92 1044.79 77.1972
36 1994 1 134.901 1250.78 5699 1190.43 60.4763
60 1994 7 73.2885 572.458 424.165 120.19 14.4426
50 1994 2 30.4676 349.284 1218.88 181.207 10.0288
36 1994 2 30.46 177.628 1429.48 116.594 27.3102
60 1994 8 4.34316 152.75 203.644 83.4303 7.54248
50 1994 3 278.381 2536.82 11659.3 2378.34 244.073
36 1994 3 235.614 2267.55 11306.6 3266.09 72.979
60 1994 9 215.654 903.497 568.768 318.611 48.6898
50 1994 4 0 0.0120462 0.0377169 0.0202369 0
4 1994 1 143.908 1107.36 6120.27 856.28 103.064
36 1994 4 0 0.0021875 0.0153125 0.0446875 0.0078125
50 1994 5 0 11.8848 74.8721 30.2712 3.71187
4 1994 2 7.65344 256.408 1358.18 157.627 10.0017
36 1994 5 0.0842008 12.1796 78.8628 23.1202 4.14879
50 1994 6 52.0941 157.38 517.956 33.3722 9.86761
4 1994 3 129.679 1968.22 11500.2 3168.77 314.179
26 1994 1 119.9 1216.68 5963.58 934.697 101.144
36 1994 6 29.166 197.75 451.447 77.3529 9.74687
50 1994 7 109.363 617.047 417.911 56.9357 5.2334
4 1994 4 0 0.00394043 0.00559474 0.0596531 0.000811765
26 1994 2 44.9897 334.255 1210.11 140.032 13.2581
36 1994 7 80.2825 590.164 389.108 131.29 8.48053
50 1994 8 5.31836 160.722 166.449 103.208 16.013
4 1994 5 0 21.9932 60.7483 34.3558 3.64271
26 1994 3 158.622 2108.37 11881 2796.08 81.4023
36 1994 8 7.5864 139.881 206.101 89.7529 8.38858
50 1994 9 210.4 1002.19 598.829 227.557 16.2446
4 1994 6 12.4882 146.858 421.441 177.599 12.2844
26 1994 4 0 0.00636364 0.0204167 0.0368561 0.00636364
36 1994 9 193.07 985.975 540.101 292.599 43.475
4 1994 7 132.113 581.412 414.79 66.5249 11.6494
26 1994 5 1.63015 22.3774 76.2907 19.5046 0.937183
4 1994 8 0.514072 187.162 176.326 79.1385 8.56982
16 1994 1 98.2569 1673.83 5434.24 1049.19 75.0081
26 1994 6 29.3255 119.256 525.023 89.1373 1.10826
4 1994 9 296.842 881.669 659.954 191.441 25.3131
16 1994 2 62.0963 279.912 1282.92 154.432 10.5062
26 1994 7 106.11 581.397 399.485 95.8956 10.115
16 1994 3 259.583 2401.09 11194.3 3090.87 153.864
26 1994 8 2.65471 174.974 171.464 93.0939 9.52267
16 1994 4 0 0.00529419 0.0248403 0.0351989 0.00466667
26 1994 9 236.179 614.084 926.109 234.68 20.7247
16 1994 5 0.0237234 18.8639 63.5047 35.3645 1.59534
16 1994 6 58.7473 177.874 467.755 57.0129 9.28043
16 1994 7 96.5062 592.318 427.243 82.2375 8.18552
16 1994 8 4.49666 172.333 179.779 79.7506 15.3506
16 1994 9 234.025 938.153 611.31 237.719 34.013
93 1994 1 138.239 1395.89 5718.02 959.137 128
93 1994 2 31.9547 372.474 1143.45 224.181 17.8146
93 1994 3 215.599 2046.94 12398.4 2131.11 292.254
93 1994 4 0 0 0.0144828 0.0506897 0.00482759
93 1994 5 0.149338 13.667 72.9703 31.0455 2.90795
93 1994 6 35.0994 153.917 465.782 77.5148 32.0405
83 1994 1 186.8 1168.05 5910.93 919.857 149.393
93 1994 7 78.115 584.03 447.546 84.4688 7.74914
83 1994 2 12.9017 393.428 1137.02 221.66 24.8613
93 1994 8 6.70801 161.674 172.654 102.146 8.52726
83 1994 3 213.535 2206.49 10986.1 3514.1 145.717
93 1994 9 220.873 711.168 729.9 332.238 61.041
83 1994 4 0 0 0 0 0
83 1994 5 1.52236 19.4402 56.7715 37.8749 5.13102
83 1994 6 29.662 152.904 523.729 63.8611 0.513535
73 1994 1 114.792 1345.75 5607.04 1058.6 208.892
83 1994 7 88.8825 570.048 447.722 90.607 7.72792
73 1994 2 44.0333 203.337 1321.44 215.939 5.11639
83 1994 8 11.2347 185.442 168.286 76.4147 10.3325
73 1994 3 120.458 2981.57 11196.3 2580.69 154.807
83 1994 9 226.238 787.911 775.626 227.856 37.5895
73 1994 4 0 0 0 0 0
73 1994 5 0.0709818 18.2839 70.3024 29.8701 2.2127
73 1994 6 42.4313 195.439 461.116 66.3045 5.37917
63 1994 1 96.6115 1283.18 5935.03 959.09 72.3433
73 1994 7 108.739 583.645 427.863 73.9566 12.2861
63 1994 2 63.7531 367.17 1141.29 189.087 28.5751
73 1994 8 11.5275 138.804 191.273 96.6976 13.4073
63 1994 3 245.727 1941.65 12271.2 2325.06 365.229
73 1994 9 279.483 988.776 598.999 155.49 32.4714
63 1994 4 0 0.00971078 0.0179461 0.0379681 0.004375
63 1994 5 0.0740687 16.5789 62.3155 39.4089 2.36266
63 1994 6 40.8757 199.004 433.804 88.432 8.55362
53 1994 1 153.428 1458.95 5705.63 952.531 68.6367
63 1994 7 90.152 597.091 422.754 79.9423 16.5504
53 1994 2 17.2619 317.579 1181.79 263.507 9.73511
63 1994 8 4.43895 174.112 169.386 88.4039 15.3692
53 1994 3 317.809 1748.32 12823.2 2120.33 87.4404
63 1994 9 317.531 949.663 538.944 216.278 32.8036
53 1994 4 0 0 0 0 0
7 1994 1 171.408 1275.35 5742.5 1055.61 77.4331
53 1994 5 0.176499 15.2717 67.1682 36.4683 1.65533
7 1994 2 8.71619 312.081 1217.51 223.851 23.401
53 1994 6 36.9726 153.512 477.491 86.789 15.906
7 1994 3 228.084 2075.77 11883 2819.94 102.751
29 1994 1 194.992 1444.88 5460.26 1112.68 126.514
43 1994 1 77.8652 1251.11 5961.45 892.361 146.202
53 1994 7 113.413 555.095 498.257 34.0212 3.58127
7 1994 4 0 0.00473287 0.0281963 0.0367467 0.000324074
29 1994 2 36.0174 465.46 1061.04 214.752 12.5993
43 1994 2 29.0533 304.758 1223.3 198.571 19.8357
53 1994 8 6.32147 147.442 184.715 101.249 11.9824
43 1994 3 350.204 1754.69 12078.7 2714.59 161.479
7 1994 5 1.56805 16.7684 66.9987 32.7494 2.65553
29 1994 3 300.416 1487.92 12052 3105.32 125.405
53 1994 9 316.292 806.77 557.563 347.717 26.8785
43 1994 4 0 0 0.0148485 0.0487879 0.00636364
7 1994 6 34.0446 186.408 499.229 41.2623 9.7265
29 1994 4 0 0.00577772 0.0183121 0.0431101 0.0028
43 1994 5 0.289191 20.9659 62.3497 33.9312 3.20402
7 1994 7 90.5216 566.718 456.84 84.891 7.51954
29 1994 5 3.08316 18.0711 66.1378 30.7915 2.65648
43 1994 6 45.7521 140.065 511.398 58.5383 12.4302
7 1994 8 6.12393 161.475 158.555 109.872 15.6847
19 1994 1 119.663 1180.06 5919.51 1048.46 74.7342
29 1994 6 43.7689 111.526 511.768 91.9577 11.6487
43 1994 7 102.557 491.521 482.83 95.4724 30.1023
7 1994 9 264.715 953.981 582.889 207.455 46.18
19 1994 2 10.1598 374.551 1119.75 259.074 12.3777
29 1994 7 104.56 517.784 447.359 128.206 5.98432
43 1994 8 14.5099 179.071 159.248 82.8956 15.9855
19 1994 3 215.85 2347.91 10677.8 3632.29 224.297
29 1994 8 9.54738 121.893 217.783 94.1151 8.37153
43 1994 9 386.584 704.758 577.774 359.055 27.0488
19 1994 4 0 0.0063919 0.0323001 0.031308 0
29 1994 9 296.558 874.521 614.49 231.508 38.1436
19 1994 5 0.217346 20.8411 73.3925 24.8432 1.44587
19 1994 6 15.5013 144.174 528.708 77.3926 4.89374
19 1994 7 89.455 641.27 416.05 52.8804 6.83403
19 1994 8 16.4041 186.019 133.317 103.482 12.488
19 1994 9 210.739 830.836 734.294 225.865 53.4856
86 1994 1 145.876 1320.74 5727.49 1009.28 129.065
86 1994 2 15.9668 194.004 1335.15 225.762 14.4768
86 1994 3 402.984 1835.7 12178.3 2595.43 136.428
86 1994 4 0 0 0 0 0
86 1994 5 0 17.7317 71.0702 27.3994 1.59375
86 1994 6 34.1754 178.154 504.746 41.1804 4.38642
76 1994 1 121.154 1168.3 5883.48 1083.14 90.1843
86 1994 7 53.9571 601.45 443.237 95.2417 12.6044
76 1994 2 27.7672 264.197 1268.09 207.086 22.7312
86 1994 8 5.25585 162.745 205.208 71.3456 7.15597
76 1994 3 259.365 1732.53 12366.4 2626.86 163.733
86 1994 9 288.1 849.706 678.22 210.751 28.4424
76 1994 4 0 0.00188862 0.0273991 0.0336763 0.00703596
76 1994 5 2.56894 13.1191 81.1007 23.0167 0.934602
76 1994 6 11.6414 211.415 455.661 71.6723 6.76026
66 1994 1 221.969 1385.68 5724.58 911.604 81.3087
76 1994 7 94.3115 565.699 465.449 75.2527 5.77864
66 1994 2 23.006 199.121 1248.21 307.926 11.6078
76 1994 8 3.39805 139.108 198.681 102.462 8.06089
66 1994 3 273.284 2302.62 11586.2 2618.14 335.456
76 1994 9 239.071 771.58 701.167 312.366 31.0361
66 1994 4 0 0.0192949 0.020641 0.0261752 0.00388889
66 1994 5 0.114154 21.6972 64.813 30.934 2.16707
66 1994 6 47.4953 167.147 480.191 66.3657 9.47082
56 1994 1 46.7439 1244.28 5904.73 1067.9 79.17
66 1994 7 92.1136 670.784 375.819 57.7492 6.80935
56 1994 2 46.5136 432.592 1143.53 128.239 38.9984
66 1994 8 2.4795 197.087 129.46 107.968 14.7158
56 1994 3 112.979 2027.1 12107.3 2701.06 200.444
66 1994 9 445.435 784.545 592.769 208.062 24.4084
56 1994 4 0 0.0107112 0.0189397 0.039444 0.000905172
56 1994 5 0.0644806 18.4686 60.9462 39.0761 2.18456
56 1994 6 19.9529 198.431 488.078 58.9476 0
46 1994 1 96.266 1372.54 5944.38 843.391 80.5479
56 1994 7 120.862 541.868 447.002 91.4256 5.33225
46 1994 2 40.1447 334.301 1164.8 230.367 20.2544
56 1994 8 3.1937 160.687 184.09 96.5503 7.18865
46 1994 3 265.837 2040.14 11727.1 2818.79 258.642
56 1994 9 252.299 865.031 638.74 268.621 30.5294
46 1994 4 0 0.0125002 0.0204688 0.034231 0.0028
46 1994 5 1.65397 15.2821 63.9627 37.1585 2.68272
46 1994 6 76.0642 203.797 400.27 85.3939 5.14484
46 1994 7 74.6535 666.663 395.019 67.486 2.66815
46 1994 8 7.97252 200.003 167.951 69.0122 6.77062
46 1994 9 237.577 934.652 594.037 234.863 54.0906
89 1994 1 98.3666 1260.01 5884.94 1014.07 73.5059
89 1994 2 60.085 334.085 1220.11 157.319 18.2669
89 1994 3 140.894 1993.01 11969 2805.85 159.616
89 1994 4 0 0 0.0191037 0.0491463 0.00175
89 1994 5 3.67159 11.3856 57.9795 43.2677 4.43559
89 1994 6 41.8809 145.667 524.466 53.111 5.54439
79 1994 1 105.069 1673.44 5402.21 1060.03 85.7197
89 1994 7 90.4495 596.627 454.166 52.2718 5.83675
79 1994 2 7.02328 242.565 1267.62 235.867 21.1412
89 1994 8 2.27912 186.13 180.6 73.604 9.09722
79 1994 3 112.698 2841.03 11602.6 2290.22 283.494
89 1994 9 150.029 1054.75 735.696 81.4847 33.2551
79 1994 4 0 0.00715826 0.0372704 0.0199713 0.0056
79 1994 5 2.74409 7.15149 83.2172 26.3721 1.25513
79 1994 6 44.3154 188.114 407.52 103.144 18.8181
69 1994 1 85.6906 1401.9 5730.32 1060.6 66.0378
79 1994 7 80.0244 592.202 449.177 69.8909 12.7926
69 1994 2 12.877 193.528 1399.79 155.243 16.679
79 1994 8 3.77508 176.419 177.801 83.4358 10.279
69 1994 3 226.9 2096.75 11852.2 2784.46 188.56
79 1994 9 247.824 907.841 604.672 258.377 36.506
69 1994 4 0 0 0.0215385 0.0457692 0.00269231
69 1994 5 0.180759 17.6311 70.2469 29.8977 2.78356
69 1994 6 26.8076 156.676 501.625 78.9119 6.65019
59 1994 1 104.784 1170.41 5740.04 1230.77 98.5223
69 1994 7 97.2143 551.88 469.875 80.0707 4.98509
59 1994 2 30.296 343.339 1186.75 215.75 13.7364
69 1994 8 5.42599 199.256 170.801 68.4702 7.75675
59 1994 3 359.124 2196.59 11544.8 2815.2 186.258
69 1994 9 231.738 842.775 734.294 193.51 52.9024
59 1994 4 0 0 0 0 0
59 1994 5 4.79733 12.8932 64.5607 36.3182 2.17053
59 1994 6 29.0031 171.069 468.748 100.718 1.1323
49 1994 1 185.016 1229.72 5745.11 1102.38 77.1892
59 1994 7 81.5635 594.344 442.934 78.4282 9.22024
49 1994 2 20.069 226.922 1240.55 277.997 24.3361
59 1994 8 0.111451 168.014 185.029 88.3751 10.1805
49 1994 3 236.852 1617.84 12162.2 3022.85 109.101
59 1994 9 198.995 890.782 656.53 269.123 39.7906
49 1994 4 0 0.00853842 0.028718 0.0319103 0.000833333
49 1994 5 0.0399009 15.363 70.085 34.4333 0.81869
49 1994 6 44.2201 211.602 430.338 77.4434 7.0666
39 1994 1 113.989 1398.09 5591.92 1163.51 75.2991
49 1994 7 113.211 543.584 450.916 85.5612 10.219
39 1994 2 60.7205 288.695 1116.88 294.679 28.8989
49 1994 8 4.30551 165.624 170.369 101.274 10.1371
39 1994 3 221.16 1989.83 11774 2974.13 171.509
49 1994 9 300.352 780.904 699.496 249.065 25.4039
39 1994 4 0 0 0.0127273 0.0540909 0.00318182
39 1994 5 0 12.3118 70.0292 35.0353 3.36379
39 1994 6 43.285 207.332 403.093 98.6666 11.9244
39 1994 7 114.104 594.969 455.383 37.9224 4.11132
39 1994 8 14.0301 172.474 169.719 87.9554 7.53187
39 1994 9 317.329 941.04 554.966 223.233 18.6521
96 1994 1 119.69 1138.83 5940.39 1027.21 97.8571
96 1994 2 47.6365 299.777 1245.34 159.878 24.8409
96 1994 3 220.29 1897.95 12128.6 2566.82 220.036
96 1994 4 0 0.00872549 0.0241667 0.0371078 0
96 1994 5 4.32559 14.4217 78.9748 21.9529 1.065
96 1994 6 46.6917 157.438 455.561 94.9455 11.1869
96 1994 7 127.803 543.505 391.554 131.023 12.6056
96 1994 8 5.59092 152.544 204.363 77.2933 11.9188
96 1994 9 308.675 906.403 569.488 234.717 35.9372
99 1994 1 95.5485 1450.48 5654.53 1028.08 104.962
99 1994 2 35.9484 383.306 1154.22 178.965 37.4274
99 1994 3 320.114 1851.16 11933.5 2743.42 300.653
99 1994 4 0 0 0.00318182 0.0668182 0
99 1994 5 0.030385 13.0008 71.802 27.3499 3.24961
99 1994 6 20.3503 188.697 508.08 52.1648 1.37817
99 1994 7 88.6535 592.079 442.877 65.1394 13.7656
99 1994 8 5.25545 192.61 145.576 89.7003 18.5681
99 1994 9 419.202 930.311 399.247 263.652 42.8079
3 1994 1 169.453 1064.82 5934.68 1068.55 94.8685
3 1994 2 28.9331 384.928 1158.33 190.78 26.8976
3 1994 3 284.085 2352.95 11329 2991.98 131.55
3 1994 4 0 0 0 0 0
3 1994 5 0 17.2195 65.3155 34.5504 3.65465
3 1994 6 9.23506 265.549 409.622 80.3615 1.02556
3 1994 7 118.066 619.701 384.739 79.9292 4.05447
3 1994 8 10.4772 158.299 183.684 86.1789 13.0715
3 1994 9 298.341 805.052 719.864 181.99 49.9734
52 1994 1 155.79 1246.14 5707.4 1155.3 81.6345
52 1994 2 30.3228 288.717 1215.59 237.468 17.7758
52 1994 3 279.669 2447.69 10687.9 3340.36 258.152
52 1994 4 0 0.00224841 0.0218328 0.0456197 0.000299145
52 1994 5 0 8.25439 62.5212 47.8216 2.14272
52 1994 6 30.0197 135.01 521.757 77.8769 6.00629
42 1994 1 139.393 1518.44 5482.41 1086.9 95.6369
52 1994 7 117.9 633.828 394.93 48.7402 8.37117
42 1994 2 37.3341 173.861 1353.69 203.134 21.8501
52 1994 8 1.06627 162.501 197.415 84.8648 5.8626
42 1994 3 295.431 2008.77 11636.3 2812.57 378.273
52 1994 9 219.409 918.724 614.533 279.931 22.6241
42 1994 4 0 0 0.021 0.049 0
42 1994 5 0 22.9969 68.2771 27.9294 1.53659
32 1994 1 151.946 1237.54 5828.54 1051.58 53.9084
42 1994 6 41.4794 150.118 500.594 66.2563 12.2222
32 1994 2 16.4168 241.314 1265.77 244.854 16.3986
42 1994 7 117.549 592.383 428.448 60.1386 7.97108
32 1994 3 265.44 1827.26 12494.1 2449.45 58.6386
42 1994 8 3.97669 182.598 164.455 86.9495 13.7305
32 1994 4 0 0 0.0240625 0.04375 0.0021875
42 1994 9 224.401 931.662 622.989 253.667 22.5008
32 1994 5 1.21861 12.1384 74.3334 30.8448 2.20474
22 1994 1 80.2624 1232.93 5810.11 1146.12 71.6941
32 1994 6 32.9722 141.845 520.257 63.5103 12.0853
22 1994 2 17.1095 227.72 1319.79 217.578 7.67507
32 1994 7 96.529 546.188 512.608 39.6582 5.90809
22 1994 3 356.102 1703.02 11963.3 2872.24 237.195
32 1994 8 5.63386 144.008 206.826 88.0385 7.20438
22 1994 4 0 0.00954868 0.0175355 0.0429158 0
32 1994 9 239.265 851.664 749.862 190.734 23.6956
22 1994 5 0.0329291 9.31517 82.1407 28.9024 0.348804
12 1994 1 109.859 1517.97 5592.26 997.309 103.362
22 1994 6 28.1489 161.575 466.251 95.6405 6.37953
12 1994 2 20.6088 229.538 1373.44 157.146 9.13912
22 1994 7 70.8547 637.317 454.139 40.0566 4.12273
12 1994 3 171.467 2319.16 11323.7 3117.55 216.987
22 1994 8 3.64787 151.959 202.112 89.5588 4.43204
12 1994 4 0 0 0.0364 0.0252 0.0084
22 1994 9 291.288 929.46 554.707 245.125 34.6408
12 1994 5 0.0270414 30.8511 54.8778 26.6188 1.94299
12 1994 6 58.6101 171.053 466.515 66.4739 2.24498
12 1994 7 97.6411 585.356 450.142 62.9684 5.95511
12 1994 8 7.69506 119.365 212.871 101.953 9.82627
12 1994 9 389.589 803.221 531.568 311.809 19.0344
55 1994 1 100.262 1181.35 6010.64 958.287 93.8906
55 1994 2 14.1812 365.036 1216.57 175.372 18.712
55 1994 3 113.82 2485.67 11853 2515.11 150.953
55 1994 4 0 0.0116667 0.0198333 0.0385 0
55 1994 5 0 16.656 57.4134 40.673 5.99752
55 1994 6 36.4901 194.638 447.308 70.3904 21.8437
45 1994 1 114.381 1179.35 5881.07 1050.14 112.574
55 1994 7 93.1472 572.73 454.425 61.8356 19.33
45 1994 2 44.1553 327.323 1227.91 183.063 7.4226
55 1994 8 5.90106 205.153 141.338 89.2165 10.1018
45 1994 3 148.689 1454.91 12897.5 2406.47 114.103
55 1994 9 322.953 729.857 669.344 302.284 30.7817
45 1994 4 0 0.0039402 0.0177508 0.0472474 0.00106158
45 1994 5 0 23.6127 73.1414 20.8592 3.12671
45 1994 6 31.4688 148.94 510.167 65.9533 8.12024
35 1994 1 152.294 1218.85 5766.24 1152.16 51.2383
45 1994 7 122.473 549.704 459.15 66.9272 8.23574
35 1994 2 35.8632 163.613 1249.65 317.914 5.28456
45 1994 8 2.60661 146.268 192.718 96.2815 13.8364
35 1994 3 491.76 1955.9 11540 3071.24 89.9734
45 1994 9 219.471 838.529 642.493 291.124 54.0445
35 1994 4 0 0 0.0224 0.0448 0.0028
35 1994 5 0.0423352 14.1035 79.962 22.3211 1.68633
25 1994 1 134.479 1241.32 6004.19 894.352 62.2563
35 1994 6 25.2744 167.352 519.9 52.9329 2.65034
25 1994 2 35.5673 295.063 1215.98 210.905 9.34483
35 1994 7 95.8802 537.574 411.704 146.968 14.3636
25 1994 3 197.58 1866.73 11575.7 3406.52 102.37
35 1994 8 10.4292 107.87 205.794 120.075 7.54162
25 1994 4 0 0 0 0 0
35 1994 9 277.167 1010.25 525.54 230.641 11.6251
25 1994 5 0.0931636 16.8997 79.8547 21.2972 2.59517
15 1994 1 113.837 1306.22 5738.72 1022.75 152.456
25 1994 6 44.7529 205.492 395.462 116.436 8.52838
15 1994 2 45.1424 365.904 1150.22 207.51 16.9816
25 1994 7 104.41 592.076 424.771 77.5266 7.70597
15 1994 3 219.433 1968.61 11853.1 2834.28 190.263
25 1994 8 5.44928 136.915 215.764 87.0925 6.48917
15 1994 4 0 0.00165001 0.0169743 0.0487831 0.00259259
25 1994 9 401.382 762.12 578.4 246.885 25.1917
15 1994 5 6.93905 21.8857 58.9806 29.2986 3.63601
15 1994 6 30.5573 164.751 419.486 136.231 19.6454
15 1994 7 118.532 587.869 424.939 69.0445 6.10665
15 1994 8 10.0246 149.235 181.719 102.733 7.99826
15 1994 9 294.133 689.243 653.377 399.549 18.9179
92 1994 1 173.021 1322.93 5775.22 1003.34 66.3555
92 1994 2 18.1172 214.048 1243 300.706 4.81653
92 1994 3 463.57 1549.49 11116.4 3726.2 229.081
92 1994 4 0 0.0114869 0.0204739 0.0380392 0
92 1994 5 1.59895 23.1088 64.2906 30.533 1.20873
92 1994 6 38.7771 227.712 434.66 61.1214 8.39961
82 1994 1 154.233 1596.57 5409.85 1073.09 112.514
92 1994 7 78.8843 606.68 426.506 84.325 10.0944
82 1994 2 38.5174 271.732 1310.34 163.944 5.33891
92 1994 8 10.1345 133.69 217.753 79.729 10.4036
82 1994 3 339.784 1672.3 11706.8 3210.71 219.221
92 1994 9 341.022 826.789 487.317 331.546 68.5463
82 1994 4 0 0.00232058 0.0195143 0.0479059 0.000259259
82 1994 5 1.49062 19.5935 55.8111 40.1135 3.73127
82 1994 6 33.8189 110.762 485.712 120.728 19.6487
72 1994 1 203.2 1177.13 5650.31 1197.02 97.9806
82 1994 7 79.3362 583.909 436.211 81.7224 25.3113
72 1994 2 6.49594 222.551 1278.74 225.465 19.2183
82 1994 8 5.79115 119.384 185.43 119.768 21.3365
72 1994 3 307.745 1812.49 11568 3115.15 296.804
82 1994 9 204.301 905.677 698.028 219.478 27.7368
72 1994 4 0 0 0 0 0
72 1994 5 3.74388 12.2298 61.9982 39.567 3.20111
72 1994 6 34.7583 131.521 483.772 89.0419 31.5769
62 1994 1 125.49 1445.85 5688.25 960.276 124.793
48 1994 1 188.88 1489.66 5479.03 1119.24 64.4269
72 1994 7 71.9587 622.482 426.014 74.9287 6.90239
62 1994 2 28.9476 266.527 1191.73 272.015 30.6475
48 1994 2 20.7334 262.808 1266.82 200.241 39.2699
72 1994 8 6.87237 223.857 159.372 55.5947 6.01377
62 1994 3 339.476 1854.15 11565.1 3093.47 227.032
48 1994 3 389.968 1882.88 11792.9 2816.78 164.366
72 1994 9 295.114 808.559 753.215 183.338 14.9945
62 1994 4 0 0 0 0 0
48 1994 4 0 0 0 0 0
62 1994 5 0.0707824 26.706 64.9008 26.598 2.46442
48 1994 5 2.21989 15.9674 69.9244 31.9819 0.646388
62 1994 6 31.4829 175.579 479.525 76.1999 5.26204
48 1994 6 30.9549 164.345 476.696 88.3165 10.3579
38 1994 1 68.6046 1064.04 6015.1 1067.92 119.734
62 1994 7 124.892 545.32 458.495 67.2869 9.50491
48 1994 7 107.982 610.621 407.314 72.4485 8.12366
38 1994 2 33.8492 187.804 1356.55 177.196 34.4755
62 1994 8 7.69507 135.914 240.646 61.3969 6.05888
48 1994 8 5.12564 140.562 182.927 113.708 9.38729
38 1994 3 195.673 1754.97 11373.4 3449.53 287.006
62 1994 9 305.929 770.254 737.579 219.48 21.9775
48 1994 9 212.271 716.131 680.237 404.723 41.8575
6 1994 1 171.536 1462.4 5501.04 1101.51 109.77
38 1994 4 0 0 0 0 0
6 1994 2 33.3824 232.523 1327.94 161.02 35.0078
38 1994 5 0 20.959 65.0421 23.7471 3.20209
6 1994 3 212.445 2234.46 11131.7 3438.7 131.544
28 1994 1 206.985 1088.64 5890.14 1090.57 66.3649
38 1994 6 24.5509 165.198 473.188 103.975 3.75884
6 1994 4 0 0.00717516 0.0122697 0.0486801 0.001875
28 1994 2 39.0653 264.786 1249.08 220.305 16.6361
38 1994 7 110.319 612.117 332.864 136.985 9.8229
6 1994 5 0.0840938 17.1353 72.2331 29.9082 1.37921
28 1994 3 399.094 1954.72 11180.1 3482.47 132.514
38 1994 8 13.4463 174.81 161.824 90.5642 11.0657
6 1994 6 49.3968 187.924 421.613 96.4921 15.2447
28 1994 4 0 0.0113333 0.0368333 0.0218333 0
38 1994 9 265.83 733.649 706.205 296.301 53.2347
6 1994 7 107.911 598.279 426.442 64.3657 9.49284
28 1994 5 0 27.275 50.0941 33.8661 6.76073
6 1994 8 5.71128 146.293 192.851 89.2195 17.6345
18 1994 1 131.528 1237.6 5924.67 970.037 73.9343
28 1994 6 51.457 158.433 493.54 61.0714 6.16792
6 1994 9 206.274 1002.57 670.211 159.141 17.0236
18 1994 2 61.6289 367.745 1163.89 179.896 16.7108
28 1994 7 138.495 593.113 355.38 101.507 12.4268
18 1994 3 273.47 2312.96 12067.2 2368.83 106.412
28 1994 8 3.01386 151.619 195.888 92.5559 8.6329
18 1994 4 0 0 0.0185294 0.0308824 0.0205882
28 1994 9 279.857 860.52 646.556 234.842 33.4451
18 1994 5 0 11.1932 83.1764 23.4631 2.90735
18 1994 6 24.7532 171.96 526.615 47.3418 0
18 1994 7 63.1141 598.924 449.813 88.9911 5.64843
18 1994 8 7.59097 124.718 203.797 97.1693 18.4344
18 1994 9 379.005 821.663 641.497 176.605 36.4509
95 1994 1 120.858 1341.02 5890 829.604 157.588
95 1994 2 66.1331 352.486 1097.93 251.612 6.70561
95 1994 3 233.316 1712.6 12166.6 2821.56 184.584
95 1994 4 0 0 0.0134615 0.0511538 0.00538462
95 1994 5 1.13506 19.253 63.6723 35.7196 0.960084
95 1994 6 39.411 173.08 493.98 60.2032 3.99606
85 1994 1 181.782 1189.67 5643.7 1231.74 86.1046
95 1994 7 133.06 584.839 377.349 104.827 5.13078
85 1994 2 19.7037 200.815 1332.62 213.114 10.7422
95 1994 8 4.56504 144.869 180.891 112.32 9.06459
85 1994 3 158.437 1472.61 11698 3371.63 379.81
95 1994 9 358.617 924.843 487.644 239.317 44.7981
85 1994 4 0 0.00897518 0.0205561 0.0368336 0.00363511
85 1994 5 0.029816 21.3489 54.7952 40.1164 3.09303
85 1994 6 27.2426 234.349 437.595 60.9286 4.62657
75 1994 1 155.226 1224.47 5853.23 1000.05 82.1922
85 1994 7 110.93 574.189 422.552 86.0012 11.8208
75 1994 2 19.7656 250.018 1313.83 203.026 3.2349
85 1994 8 0.60873 183.635 166.99 98.7916 1.68435
75 1994 3 454.745 2312.74 11450 2563.37 234.455
85 1994 9 184.937 685.928 824.587 331.995 27.7734
75 1994 4 0 0.00403697 0.0168772 0.0462287 0.00285714
75 1994 5 0.0348456 26.2436 54.5585 33.0758 2.80254
75 1994 6 22.2133 168.745 532.136 44.2993 0.218444
65 1994 1 146.439 1189.25 5665.81 1221.22 103.152
75 1994 7 96.2643 618.407 373.078 108.563 7.38786
65 1994 2 29.5057 183.599 1330.64 228.511 10.283
75 1994 8 1.94859 152.979 199.855 89.1403 7.78707
65 1994 3 299.258 1478.09 11482.7 3673.14 140.226
75 1994 9 199.336 733.761 829.5 253.976 38.6476
65 1994 4 0 0 0 0 0
65 1994 5 2.05103 16.6035 55.4407 43.6464 2.99836
65 1994 6 37.8618 150.509 448.272 115.671 12.4961
65 1994 7 110.938 610.811 416.362 59.341 9.03777
65 1994 8 7.69648 173.146 130.145 122.454 18.2686
65 1994 9 331.314 939.972 526.215 206.908 50.8106
9 1994 1 126.842 1288.84 5731.93 1098.75 91.3623
9 1994 2 30.7401 174.072 1370.37 161.452 44.4654
9 1994 3 329.243 2296.22 10141.7 4120.45 228.502
9 1994 4 0 0 0 0 0
9 1994 5 0.0426945 12.8984 75.0083 30.8735 1.9172
9 1994 6 24.0907 158.599 481.867 100.641 5.47202
9 1994 7 89.2522 531.267 524.258 55.0485 6.66373
9 1994 8 5.26674 196.554 146.569 98.5709 4.74929
9 1994 9 230.636 716.165 789.559 294.646 24.2152
98 1994 1 155.217 1297.89 5901.63 887.143 94.8335
98 1994 2 33.7772 146.745 1312.71 245.476 35.9541
98 1994 3 385.079 2175.84 11276.6 3058.46 167.309
98 1994 4 0 0 0 0 0
98 1994 5 1.2196 33.9106 64.8406 20.5588 0.210393
98 1994 6 34.6984 185.686 508.521 39.7296 2.03477
88 1994 1 111.465 1331.01 5841.04 971.26 74.8535
98 1994 7 108.451 602.046 413.211 74.0073 7.02793
88 1994 2 24.6507 398.931 1060.33 278.313 22.9183
98 1994 8 0.442476 159.116 176.721 101.775 13.655
88 1994 3 258.602 2624.93 10514.9 3542.38 60.3687
98 1994 9 344.073 853.192 570.708 266.466 20.7808
88 1994 4 0 0.012783 0.0148615 0.0410592 0.0012963
88 1994 5 0.0191014 20.638 64.4048 33.8312 1.84701
88 1994 6 16.4287 190.753 491.007 66.2506 6.23098
78 1994 1 190.706 1765.97 5214.77 1071.26 86.9148
88 1994 7 94.6756 643.658 370.145 90.6301 5.91208
78 1994 2 42.7278 237.55 1223 269.076 17.5194
88 1994 8 4.46202 168.146 182.069 91.6398 5.39268
78 1994 3 198.609 1478.32 12576 2514.76 365.798
88 1994 9 270.912 1046.75 516.297 210.977 10.2827
78 1994 4 0 0 0 0 0
78 1994 5 3.21973 16.2807 73.8765 22.8917 4.47137
78 1994 6 18.5164 164.275 501.882 75.0474 3.8133
68 1994 1 127.209 1238.96 5939.75 977.876 62.4613
78 1994 7 118.908 659.8 366.576 57.9536 1.04235
68 1994 2 47.8332 249.313 1192.81 260.643 39.2749
78 1994 8 2.95235 85.6814 238.996 106.623 17.4577
68 1994 3 371.83 1694.6 12400.9 2477.69 203.832
78 1994 9 259.223 726.966 697.787 318.894 52.3494
68 1994 4 0 0.00740454 0.0268501 0.0357454 0
68 1994 5 3.43594 17.8485 67.5311 29.6288 2.29569
68 1994 6 36.3363 196.712 439.264 93.7091 4.64811
58 1994 1 120.595 1390.33 5699.26 1043.76 62.4382
68 1994 7 78.0235 543.528 477.952 96.044 10.9426
58 1994 2 19.1091 185.825 1362.26 193.879 15.6681
68 1994 8 0.298926 152.573 180.233 105.588 13.0162
58 1994 3 42.0315 1553.65 11878.4 3175.83 431.721
100 1994 1 215.734 1311.32 5588.36 1064.55 143.634
68 1994 9 250.318 748.373 699.437 326.519 30.5726
58 1994 4 0 0 0.03 0.0275 0.0125
100 1994 2 28.4874 266.076 1202.02 259.49 33.7987
58 1994 5 0.0185868 12.1667 78.2002 24.8982 1.14411
100 1994 3 192.33 1693.31 11716.7 2883.81 564.763
58 1994 6 53.3035 191.753 421.24 81.8538 12.4118
100 1994 4 0 0.00691511 0.0255687 0.0362199 0.0012963
58 1994 7 96.6532 563.259 493.957 38.2597 13.3139
100 1994 5 0.0939673 15.4867 64.8619 36.0509 4.24661
58 1994 8 3.22901 142.475 214.197 84.9384 6.86989
100 1994 6 59.612 201.34 404.247 89.8573 15.6137
58 1994 9 112.206 784.605 723.775 386.857 47.7771
100 1994 7 103.588 572.611 445.665 60.8027 15.4211
100 1994 8 5.2757 167.706 171.169 93.1705 14.3893
100 1994 9 244.293 871.004 526.048 365.62 48.2552
21 1994 1 98.1565 1463.38 5705.86 976.547 86.3526
21 1994 2 18.088 378.865 1161.9 211.371 6.5483
21 1994 3 295.996 1744.58 11074.9 3715.15 318.187
21 1994 4 0 0.00116667 0.0164713 0.052362 0
21 1994 5 0.0295859 9.43985 78.2131 28.4137 1.22661
11 1994 1 98.2311 1292.12 5480.2 1365.59 100.696
21 1994 6 25.6996 146.735 527.51 58.0759 4.99408
11 1994 2 44.6184 352.501 1166.97 204.416 21.3671
21 1994 7 114.191 547.406 506.952 34.1234 3.81801
11 1994 3 378.038 2742.91 11403.1 2373.97 202.465
21 1994 8 14.1109 138.516 196.06 93.9731 9.05091
11 1994 4 0 0 0 0 0
21 1994 9 262.595 1015.78 513.896 239.798 23.1506
11 1994 5 0 11.7626 63.5991 40.6944 2.40571
11 1994 6 25.9462 136.424 493.738 104.072 10.4898
11 1994 7 91.9107 541.081 505.325 58.6091 6.99659
11 1994 8 6.88034 129.311 216.291 94.0255 5.20141
11 1994 9 347.608 894.827 570.651 212.182 29.9518
2 1994 1 121.606 1389.84 5663.99 1083.31 73.9742
2 1994 2 40.6833 322.773 1216.69 170.611 31.0992
2 1994 3 325.894 1744.41 11485.5 3162.74 278.179
2 1994 4 0 0 0.0181481 0.0492593 0.00259259
2 1994 5 0.162338 32.0029 55.8511 29.9988 2.72483
2 1994 6 23.4771 128.913 551.673 50.6041 4.05405
2 1994 7 107.86 544.272 437.734 109.429 7.19588
2 1994 8 24.5045 160.388 158.734 99.0288 9.05469
14 1994 1 108.317 1332.17 5754 1042.41 98.4477
2 1994 9 255.672 810.154 604.956 347.918 36.5191
14 1994 2 27.4166 362.858 1145.06 200.094 36.7662
14 1994 3 507.408 2163.14 11397.1 2927.5 134.427
14 1994 4 0 0.00569597 0.00945055 0.0548535 0
14 1994 5 0.181337 18.5058 70.3429 29.8351 1.87481
14 1994 6 44.3231 183.468 489.458 40.8485 6.86399
14 1994 7 97.2566 600.803 404.145 95.3408 7.11656
14 1994 8 11.2927 161.204 172.165 87.935 19.1129
14 1994 9 272.512 663.701 834.765 260.868 23.3741
71 1994 1 93.0049 1398.96 5477.86 1260.87 96.9621
71 1994 2 20.1241 278.82 1257.76 206.169 15.2255
71 1994 3 208.864 2235.3 11293.1 3129.46 190.517
71 1994 4 0 0.00933028 0.0126524 0.0480173 0
71 1994 5 0 25.8308 61.8653 30.3604 2.68352
71 1994 6 30.3278 184.257 450.304 99.4703 0.664228
61 1994 1 86.9004 1451.6 5722 1025.41 60.3541
71 1994 7 86.7299 601.081 449.913 56.3135 8.21138
61 1994 2 19.9119 271.041 1287.01 178.43 18.178
71 1994 8 3.75656 185.978 160.736 87.5029 13.7374
61 1994 3 240.394 1534.43 12414.3 2793.52 149.627
71 1994 9 245.77 888.11 618.169 253.875 49.2965
61 1994 4 0 0 0 0 0
61 1994 5 2.56894 11.2586 72.3351 29.8114 4.76603
61 1994 6 38.6712 156.736 485.846 77.3935 9.41932
51 1994 1 126.459 1299.38 5707.79 1130.74 80.1164
61 1994 7 133.506 590.32 394.158 80.4907 8.01462
51 1994 2 31.0982 273.7 1311.17 162.921 10.98
61 1994 8 4.22382 168.204 192.085 78.5925 8.60455
51 1994 3 56.3741 2339.83 11815.1 2667.33 270.18
61 1994 9 272.265 789.846 736.745 212.119 44.2456
51 1994 4 0 0.00956019 0.0230093 0.0374306 0
5 1994 1 112.645 1546.56 5600.4 996.864 76.0859
51 1994 5 9.11245 14.4151 67.223 28.2623 1.72715
5 1994 2 45.0361 274.237 1260.29 155.239 46.3405
51 1994 6 38.4465 129.645 510.61 82.3614 9.60753
5 1994 3 504.883 1495.18 11586.8 3349.86 212.144
41 1994 1 104.532 1131.88 5979.44 1028.45 101.963
51 1994 7 101.411 559.56 472.289 53.2701 14.1317
5 1994 4 0 0.00750712 0.0294665 0.0330264 0
41 1994 2 14.9259 289.05 1214.99 249.675 16.8821
51 1994 8 11.4128 160.873 168.914 101.224 9.28665
5 1994 5 0.0954466 24.6359 75.3783 14.6658 0.715033
41 1994 3 290.67 1198.77 12039 3475.62 144.813
51 1994 9 162.549 807.691 628.176 379.902 76.9027
5 1994 6 37.7104 142.169 410.113 141.026 34.5309
41 1994 4 0 0 0 0 0
5 1994 7 113.75 544.836 449.987 82.1209 13.9086
41 1994 5 5.66687 25.1878 68.5351 20.4191 0.931187
5 1994 8 3.13904 209.133 151.967 69.02 18.4507
17 1994 1 140.145 1191.44 5945.78 954.67 97.7019
31 1994 1 108.159 1410.79 5488.45 1235.4 91.383
41 1994 6 30.8726 153.752 515.835 42.1904 14.1339
5 1994 9 289.376 728.714 747.535 262.084 27.5105
17 1994 2 7.57258 219.471 1342.83 216.743 3.25129
31 1994 2 50.0272 282.799 1172 269.984 15.0626
41 1994 7 111.647 595.208 443.156 52.4463 4.03321
17 1994 3 203.058 2548.91 11529 2593.25 171.132
31 1994 3 198.66 2253.18 11602.6 2647.92 333.597
41 1994 8 7.98752 182.151 179.545 73.7092 8.31668
17 1994 4 0 0.0118478 0.0294565 0.0271739 0.00152174
31 1994 4 0 0 0.007 0.0536667 0.00933333
41 1994 9 190.198 887.589 745.079 191.499 40.8563
17 1994 5 0.101835 16.1225 72.5275 30.7186 1.26969
31 1994 5 2.40817 18.7323 66.137 29.9891 3.47344
17 1994 6 40.2933 139.582 518.449 61.8282 1.19521
31 1994 6 38.2104 218.007 414.198 89.26 10.9953
17 1994 7 82.0546 535.957 467.764 109.532 7.28626
31 1994 7 117.321 623.579 411.759 48.1346 5.69729
17 1994 8 3.47758 214.096 156.572 71.3562 6.20768
31 1994 8 6.85455 104.359 216.523 114.248 9.72543
17 1994 9 217.98 811.249 692.814 306.969 26.2073
31 1994 9 309.198 749.322 644.773 294.219 57.7076
74 1994 1 112.492 1270.07 5713.92 1120.45 114.546
74 1994 2 25.0328 239.349 1252.81 212.014 35.7316
74 1994 3 520.509 1650.18 11652.1 2956.55 288.245
74 1994 4 0 0 0 0 0
74 1994 5 0.0630825 17.4193 61.31 37.9043 4.0433
74 1994 6 52.5341 133.1 514.536 59.3603 11.1392
64 1994 1 150.217 1368.07 5669.56 1040.57 98.2049
74 1994 7 111.421 566.84 479.579 39.4944 9.15568
64 1994 2 16.5932 292.285 1243.32 218.902 11.3994
74 1994 8 4.09761 134.254 224.191 76.624 12.5433
64 1994 3 307.19 2209.83 12035.3 2396.47 181.524
74 1994 9 347.869 733.944 599.351 319.951 54.1045
64 1994 4 0 0 0 0 0
64 1994 5 0.299202 17.5827 69.5262 30.4653 2.86661
64 1994 6 54.4262 201.102 410.766 92.1965 9.64447
54 1994 1 133.845 1253.77 5854.83 1005.56 88.4498
64 1994 7 85.9187 595.271 418.772 97.4789 7.20786
54 1994 2 41.5549 375.143 1166.48 176.844 21.2027
64 1994 8 4.77993 200.641 154.022 82.2323 10.0349
54 1994 3 205.568 2255.73 11552.4 2695.34 439.832
64 1994 9 180.422 784.023 802.924 267.599 20.2515
54 1994 4 0 0 0 0 0
8 1994 1 109.688 1504.28 5643.3 988.534 100.461
54 1994 5 0.0749756 24.7085 56.6578 36.2955 3.00325
8 1994 2 28.0687 405.2 1112 217.768 26.8311
54 1994 6 12.9872 136.707 491.197 97.948 31.831
44 1994 1 111.055 1476.77 5703.49 954.538 88.1116
8 1994 3 593.725 1220.98 11600.9 3467.19 219.021
54 1994 7 88.6325 575.601 406.158 117.981 18.1173
44 1994 2 22.5338 384.768 1181.59 188.4 12.5747
8 1994 4 0 0.00875159 0.0287501 0.0283608 0.00413749
54 1994 8 10.3187 183.349 152.818 97.7952 7.42965
44 1994 3 332.243 1789.12 12498.4 2328.69 163.218
8 1994 5 1.42047 11.4848 82.1478 23.3342 2.35277
54 1994 9 392.103 907.186 565.507 164.325 26.0989
44 1994 4 0 0.0106458 0.0354375 0.0230417 0.000875
8 1994 6 25.6003 180.224 472.133 77.7312 14.9808
44 1994 5 5.32867 15.1965 78.3397 20.6289 1.24625
8 1994 7 112.895 574.817 448.476 62.9058 7.39562
44 1994 6 35.8344 182.898 487.219 59.5862 5.13288
8 1994 8 5.56134 136.188 226.772 78.4169 4.77135
34 1994 1 128.31 1371.7 5761.89 1021.91 54.1041
44 1994 7 101.721 597.171 458.253 42.7998 6.54471
8 1994 9 185.406 909.587 677.712 200.49 82.0244
34 1994 2 36.2039 216.264 1256.95 261.713 18.7377
44 1994 8 9.99635 163.082 171.764 93.5883 13.279
34 1994 3 309.12 1870.69 11789.8 2888.78 196.733
44 1994 9 346.699 829.797 594.896 242.193 41.6358
34 1994 4 0 0 0 0 0
34 1994 5 3.85212 8.69404 68.0489 39.8757 0.269243
24 1994 1 103.965 1017.39 6035.56 1098.15 89.4571
34 1994 6 27.8472 223.048 412.16 97.1295 10.4847
24 1994 2 28.5887 394.258 1167.08 167.596 32.3459
34 1994 7 111.835 593.183 439.055 54.7724 7.64472
24 1994 3 385.431 1533.94 12081.9 2888.17 259.428
34 1994 8 9.20048 138.468 204.206 94.2783 5.55718
24 1994 4 0 0 0.01947 0.0470877 0.00344232
34 1994 9 412.577 741.356 730.058 164.179 7.05037
24 1994 5 1.05267 22.9484 70.1451 24.8585 1.7353
24 1994 6 24.5936 211.682 414.205 96.1366 19.0155
24 1994 7 84.1793 604.881 450.217 47.2096 14.8633
24 1994 8 3.60679 151.604 146.992 134.889 10.3771
24 1994 9 298.275 937.592 491.561 300.81 26.9825
91 1994 1 146.591 1267.71 5663.51 1162.68 97.0768
91 1994 2 25.6056 185.54 1400.95 159.358 18.4149
91 1994 3 202.71 1644.35 12098.7 2983.39 102.199
91 1994 4 0 0 0 0 0
91 1994 5 0.023999 10.9346 72.6215 35.564 1.59592
91 1994 6 34.3153 140.374 495.59 94.731 5.65968
81 1994 1 106.714 1131.64 5913.95 1042.44 121.078
67 1994 1 142.08 1534.5 5653.05 894.073 117.521
91 1994 7 96.8027 591.071 428.22 79.2584 11.1375
81 1994 2 16.5198 242.197 1260.39 252.905 4.85914
67 1994 2 35.187 270.871 1338.33 122.617 22.8675
91 1994 8 11.9106 164.649 167.33 100.242 7.57844
81 1994 3 80.3361 1898.25 11851.2 3038.99 280.112
67 1994 3 179.194 1686.75 12273.9 2828.72 144.45
91 1994 9 192.8 1058.64 520.531 243.699 39.5512
81 1994 4 0 0 0 0 0
67 1994 4 0 0 0 0 0
81 1994 5 1.47205 21.9444 74.2037 21.8931 1.22667
67 1994 5 0.116826 17.3505 71.3258 28.6211 3.32583
81 1994 6 31.7311 142.809 544.077 44.5821 7.47096
67 1994 6 34.7521 188.178 488.82 55.8043 3.11527
57 1994 1 210.846 1130.03 5899.81 981.54 105.067
81 1994 7 66.996 571.068 445.742 115.95 6.73426
67 1994 7 93.0026 577.396 456.5 65.1969 7.89397
57 1994 2 14.6089 331.258 1111.4 307.826 24.7743
81 1994 8 1.22711 164.727 177.182 98.8067 9.76689
67 1994 8 10.2565 170.501 148.297 113.04 9.61484
57 1994 3 136.193 2066.37 11424.9 3244.64 276.709
81 1994 9 290.91 910.52 617.078 205.107 31.6037
67 1994 9 341.023 782.71 645.555 248.942 36.9894
57 1994 4 0 0 0.0247059 0.035 0.0102941
57 1994 5 0.123358 17.575 60.6983 34.3122 5.6867
57 1994 6 54.0264 158.233 492.844 60.5136 5.05218
47 1994 1 153.542 1274.65 5789.93 985.684 95.5482
57 1994 7 94.3552 621.691 386.518 86.5272 15.7229
47 1994 2 35.4241 253.58 1252.52 232.122 10.6082
57 1994 8 5.019 164.202 212.591 63.3103 6.58797
47 1994 3 238.261 1052.62 12800 2617.4 409.693
57 1994 9 269.295 659.029 814.442 284.103 28.3513
47 1994 4 0 0 0.0134615 0.0511538 0.00538462
47 1994 5 0.106006 15.1803 76.3391 27.1987 1.91594
47 1994 6 34.9889 192.181 430.339 96.6733 5.82119
37 1994 1 113.786 1267.3 5685.73 1239.01 38.5637
47 1994 7 95.4882 647.008 388.852 55.9767 15.3168
37 1994 2 36.8133 190.396 1400.38 138.144 24.1421
47 1994 8 11.6111 143.452 190.959 94.2438 11.4438
37 1994 3 425.522 1937.28 11759 2762.09 264.928
47 1994 9 367.408 922.989 600.383 138.809 25.6306
37 1994 4 0 0.00498264 0.0267081 0.0376611 0.000648148
37 1994 5 0.0418727 28.3105 69.9066 17.3868 1.78629
27 1994 1 105.94 1180.35 5843.02 1031.49 171.038
37 1994 6 30.4256 127.827 504.017 102.354 6.04559
27 1994 2 14.0563 343.121 1191.36 197.595 22.0155
37 1994 7 90.9632 550.048 473.228 88.2708 3.98001
27 1994 3 163.479 1604.35 11270.1 3868.21 193.285
37 1994 8 5.87564 175.496 186.997 80.9338 2.40722
27 1994 4 0 0 0.0323077 0.0323077 0.00538462
37 1994 9 198.552 977.905 671.013 183.393 24.3567
27 1994 5 0 27.0326 56.9543 28.7669 4.36412
27 1994 6 23.2476 161.178 516.982 62.8029 6.4595
27 1994 7 109.997 629.796 406.359 53.5118 5.85771
27 1994 8 12.0624 168.929 182.444 82.6253 5.64963
27 1994 9 152.863 814.577 785.883 238.319 63.5792
94 1994 1 111.166 1451.05 5450.8 1212.17 107.646
94 1994 2 27.2145 329.055 1113 284.324 15.5623
94 1994 3 191.35 1370.64 12071.8 3299.49 198.518
94 1994 4 0 0.00984516 0.0399226 0.0202323 0
94 1994 5 0 25.0094 73.4345 20.7658 1.53032
94 1994 6 11.7056 133.31 545.17 67.7353 12.7484
84 1994 1 104.608 1422.89 5681.14 1054.94 80.9531
94 1994 7 75.4383 605.702 447.855 66.2329 8.29439
84 1994 2 29.625 259.091 1264.93 213.581 22.6421
94 1994 8 6.84678 182.051 202.785 56.2147 3.81272
84 1994 3 207.302 1787.66 12495.3 2481.45 157.429
94 1994 9 221.175 843.396 653.239 288.789 48.6214
84 1994 4 0 0 0 0 0
84 1994 5 0 19.1222 68.1129 31.0038 2.50109
84 1994 6 58.5971 154.881 506.448 45.1243 2.94353
84 1994 7 108.668 571.236 370.541 141.601 10.4714
84 1994 8 9.83723 165.919 176.442 87.2406 12.2711
84 1994 9 218.463 912.014 679.242 218.453 27.0487
97 1994 1 125.009 1157.81 5781.67 1188.66 89.5958
97 1994 2 28.3449 288.965 1250.51 171.725 31.1484
97 1994 3 400.533 2228.35 10936.3 3370.2 146.153
97 1994 4 0 0 0 0 0
97 1994 5 0.170416 19.5593 72.0923 26.7167 2.20126
97 1994 6 96.058 150.957 445.263 71.4815 6.91038
87 1994 1 98.919 1300.87 5851.13 988.578 94.976
97 1994 7 82.3712 602.355 492.571 22.5539 3.73522
87 1994 2 31.8197 269.67 1266.17 207.562 14.6505
97 1994 8 7.80458 143.558 200.277 85.6248 14.4454
87 1994 3 285.414 2528.19 11813.4 2335.64 159.801
97 1994 9 270.98 822.956 544.319 395.374 21.5911
87 1994 4 0 0 0 0.07 0
87 1994 5 0 16.1673 69.3868 34.5625 0.623474
87 1994 6 29.0099 285.543 412.399 43.509 0.208515
77 1994 1 97.7465 1520.92 5664.51 998.765 58.3255
87 1994 7 71.2119 552.855 463.204 106.56 11.4075
77 1994 2 48.4561 359.264 1147.44 233.197 1.50838
87 1994 8 14.1436 144.39 202.724 77.7096 12.7431
77 1994 3 462.538 1633.22 11040.6 3769.01 243.466
87 1994 9 286.634 976.762 574.047 177.327 40.4497
77 1994 4 0 0 0.0139205 0.0550189 0.00106061
77 1994 5 0.107916 9.82089 67.4271 39.7509 2.17843
77 1994 6 58.3975 181.514 377.727 142.737 10.2948
77 1994 7 105.336 588.434 413.56 88.6885 7.9308
77 1994 8 10.3704 161.958 162.208 115.358 1.81601
77 1994 9 343.913 775.837 666.619 238.547 30.3038
40 1994 1 144.95 1168.03 5917.68 988.179 120.88
40 1994 2 27.3774 285.62 1274.43 185.241 17.1993
40 1994 3 207.541 1069.02 12479.3 3151.88 205.554
40 1994 4 0 0.00358974 0.0202751 0.0461351 0
40 1994 5 0 17.7934 64.858 35.2973 2.7913
30 1994 1 128.638 1389.11 5635.84 1081.95 104.216
40 1994 6 27.557 202.426 466.013 67.7752 6.89838
30 1994 2 19.2036 248.786 1314.67 179.707 27.502
40 1994 7 122.332 581.383 423.011 70.7242 5.26873
30 1994 3 392.602 1675.71 11979.2 2955.76 108.955
40 1994 8 6.89155 152.227 173.695 99.22 19.6763
30 1994 4 0 0.00631368 0.0220492 0.0412483 0.000388889
40 1994 9 330.488 856.288 541.803 287.308 39.3327
30 1994 5 1.0685 18.5742 71.6448 28.2312 1.22123
20 1994 1 85.6302 1194 5995.98 967.759 93.8275
30 1994 6 49.9764 169.382 463.156 81.4621 6.69395
20 1994 2 45.1984 290.5 1179.32 263.722 6.76526
30 1994 7 113.194 618.242 409.921 54.1589 10.9742
20 1994 3 553.635 2070.6 11199.6 3116.01 208.957
30 1994 8 14.884 151.445 192.567 84.4557 8.35861
20 1994 4 0 0 0 0 0
30 1994 9 241.075 864.716 639.17 273.877 36.3816
20 1994 5 0.148472 16.4372 64.7851 28.9724 2.34746
10 1994 1 80.4777 1152.72 5907 1099.72 106.343
20 1994 6 15.9531 208.134 496.384 46.1842 4.01509
10 1994 2 44.8338 295.77 1284.93 149.241 15.0991
20 1994 7 75.9814 609.143 477.994 36.582 5.26462
10 1994 3 411.808 1849.68 11572 3091.13 224.18
20 1994 8 5.30051 146.799 208.802 81.9635 8.84472
10 1994 4 0 0 0.0112 0.0504 0.0084
20 1994 9 209.156 905.814 603.827 262.331 74.0922
10 1994 5 3.18561 22.2374 72.108 18.4344 4.77469
10 1994 6 24.0639 158.364 518.974 68.5035 0.764457
10 1994 7 109.956 591.227 437.133 57.815 8.86703
10 1994 8 7.23572 119.04 244.383 69.4852 11.5668
10 1994 9 275.629 678.382 792.713 264.388 44.1078
