66 2007 5 263.4 1847.61 1123.74 232.316 14.8005
66 2007 6 181.733 3504.27 1178.95 40.8345 12.3618
56 2007 1 1761.04 15258.6 15516.6 2671.17 223.637
66 2007 7 9000.76 29378.5 1445.18 90.0342 11.8609
56 2007 2 1099.04 2090.37 2315.21 336.953 18.9074
66 2007 8 0.644231 20.6154 28.3462 0.644231 0
56 2007 3 1959.75 12964.2 11274 1644.35 85.7816
66 2007 9 264.658 1712.94 216.136 28.1556 2.61548
56 2007 4 77.6044 700.122 672.579 206.797 15.3583
56 2007 5 153.451 1911.43 1257.97 160.77 10.0873
56 2007 6 167.775 3505.93 1204.74 41.5958 3.00124
46 2007 1 1794.89 14124.9 16172.5 3169.88 103.374
56 2007 7 8633.18 29625.4 1694.24 14.9161 0.91056
46 2007 2 1083.92 1812.49 2543.36 391.24 29.4677
56 2007 8 0 0 0 0 0
46 2007 3 3587.94 11218.3 11180 1752.44 122.136
56 2007 9 211.985 1759.68 238.961 12.734 1.15123
46 2007 4 79.1535 779.423 628.154 173.461 12.2685
46 2007 5 272.556 1826.22 1202.96 188.718 3.25584
46 2007 6 280.599 3643.16 944.975 52.5529 1.75378
46 2007 7 9207.36 29232.5 1492.92 74.0636 23.4257
46 2007 8 0 19.3821 30.8679 0 0
46 2007 9 237.622 1681.84 265.579 25.6368 1.31735
89 2007 1 1875.12 14334.2 16118.6 2793.54 228.356
89 2007 2 1027.48 1878.72 2468.44 432.986 46.0093
89 2007 3 2754.25 13529.4 9619.24 1830.1 90.5907
89 2007 4 87.9905 747.142 612.938 199.997 24.3924
89 2007 5 235.137 1898.65 1202.8 147.427 9.69715
89 2007 6 189.503 3618.32 1085.94 27.0486 2.23423
79 2007 1 1341.6 15290.4 15743.6 2685.46 199.233
89 2007 7 9900.2 28462.8 1597.85 35.0611 1.83084
79 2007 2 1180.33 1849.92 2416.58 361.943 27.5226
89 2007 8 0 21.5393 28.1464 0.564362 0
79 2007 3 1457.01 14821.5 9320.15 1981.8 55.7671
89 2007 9 160.169 1621.03 396.81 27.6006 3.40953
79 2007 4 69.1174 794.503 589.949 208.987 9.90333
79 2007 5 193.319 1871.54 1253.72 171.69 3.44137
79 2007 6 155.457 3724.74 972.35 68.4535 2.04223
69 2007 1 1731.88 15406.3 15185.3 2687.74 289.52
79 2007 7 9736.66 28621.4 1533.81 40.8915 2.5304
69 2007 2 1019.13 2071.92 2349.12 386.414 30.4599
79 2007 8 0 50.25 0 0 0
69 2007 3 1160.56 13535.5 11457.4 1601.55 107.942
79 2007 9 152.172 1814.87 234.703 22.761 0
69 2007 4 83.024 749.884 594.184 213.818 31.5499
69 2007 5 189.837 1997.9 1113.63 176.776 15.5657
69 2007 6 174.6 3740.92 938.464 58.6428 3.27674
59 2007 1 1713.26 15293.7 15399 2653.01 176.013
69 2007 7 9925.17 28415.8 1394.7 158.888 9.93284
59 2007 2 1014.53 2128.85 2217.41 440.423 19.9494
69 2007 8 1.31087 24.0326 24.0326 0.873913 0
59 2007 3 2874.39 12633.2 10704.9 1423.09 81.439
69 2007 9 184.073 1777.62 233.088 29.1522 0.574354
59 2007 4 69.3504 748.168 640.155 197.739 17.0478
59 2007 5 275.391 1975.68 1115.61 124.814 2.21902
59 2007 6 155.833 3600.95 1129.43 22.2466 14.5818
49 2007 1 1986.57 15771.9 14909.1 2552.76 161.701
59 2007 7 9657.6 28730 1523.29 67.003 1.29342
49 2007 2 1348.64 2038.55 1918.98 489.797 49.4441
59 2007 8 0 32.3833 16.8741 0.992593 0
49 2007 3 4077.46 12011.4 9918.49 1731.46 71.9722
59 2007 9 240.056 1697.49 264.5 18.5702 1.20228
49 2007 4 64.0533 865.118 565.724 162.691 14.874
49 2007 5 200.321 1969.87 1186.57 126.638 10.3094
49 2007 6 216.545 3793.5 867.573 44.4414 0.979248
49 2007 7 8912.36 29742.8 1325.27 35.0634 3.81612
49 2007 8 0 50.25 0 0 0
49 2007 9 248.854 1690.89 247.296 29.7535 1.10541
99 2007 1 1379.77 15412.7 16051.4 2446.81 88.0977
99 2007 2 1121.82 1884.86 2410.04 438.517 5.24748
99 2007 3 2348.41 13538.9 9346.68 2483.47 33.8902
99 2007 4 70.4983 763.972 623.287 203.114 11.589
99 2007 5 297.726 1947.92 1109.7 136.388 1.97501
99 2007 6 262.528 3545.21 1068.22 43.1419 3.94667
99 2007 7 9248.95 29255.4 1432.98 39.2111 9.86382
99 2007 8 0 20.1 30.15 0 0
99 2007 9 224.808 1613.62 358.069 27.9113 0.102135
3 2007 1 3093.94 14062.4 15681.1 2359.26 162.664
3 2007 2 1013.37 1756.43 2739.56 340.875 6.6293
3 2007 3 3046.49 12915.3 9870.53 1964.08 58.2932
3 2007 4 96.8625 769.113 634.762 162.711 9.01185
3 2007 5 208.928 1893.04 1140.96 241.467 9.31888
3 2007 6 245.187 3629.19 1004.96 43.6956 0
3 2007 7 10367.8 27635.9 1800 67.0036 7.50013
3 2007 8 0 29.5993 20.6507 0 0
3 2007 9 268.946 1678.4 244.116 31.878 1.17056
62 2007 1 2031.48 14329.3 16043 2851.82 162.901
62 2007 2 1191.97 1911.87 2273.61 440.937 32.3156
62 2007 3 3776.33 13276.2 8695.1 2041.26 97.0704
62 2007 4 117.171 790.208 557.838 191.827 15.4154
62 2007 5 274.909 1909.14 1111.83 183.193 14.64
62 2007 6 187.661 3555.09 1117.47 61.7212 1.09767
52 2007 1 2796.84 15279.3 14278.7 2876.52 174.031
62 2007 7 10317.9 28085.2 1566.58 61.7005 9.05318
52 2007 2 1039.42 1768.08 2662.56 351.56 26.2868
62 2007 8 1.77353 23.0559 22.4647 2.95588 0
52 2007 3 1720.43 15128.5 9460.22 1509.22 67.3804
62 2007 9 284.385 1636.44 279.453 23.4109 0.822877
52 2007 4 64.3061 670.732 698.875 221.11 17.4373
6 2007 1 1175.23 15084.8 15936.4 2992.13 179.33
52 2007 5 225.317 1868.13 1225.77 159.613 14.8767
6 2007 2 1049.31 1815.7 2547.96 379.377 16.6659
52 2007 6 191.817 3523.54 1103.18 89.5762 1.9307
42 2007 1 1538.71 14382.1 16835.7 2347.33 272.304
6 2007 3 1096.91 13421.3 11505.5 1678.58 101.232
52 2007 7 9880.25 28301.6 1688.54 83.4828 6.44616
42 2007 2 1370.8 2044.09 2020.62 399.8 18.8771
6 2007 4 56.3741 749.322 655.867 189.533 21.3637
52 2007 8 0 13.4817 36.7683 0 0
42 2007 3 5035.84 10245 10742.4 1645.58 82.4388
6 2007 5 146.1 1881.51 1241.41 192.642 12.3797
52 2007 9 225.533 1687.71 278.012 31.5827 1.67139
42 2007 4 90.5117 736.395 652.269 173.37 19.9144
6 2007 6 262.808 3572.88 1029.82 40.0069 4.05484
42 2007 5 170.735 1971.02 1189.87 147.305 14.7807
6 2007 7 8665.04 29207.9 1957.24 57.0634 11.8505
32 2007 1 1937.59 13905.2 16741.5 2726.1 147.489
42 2007 6 181.865 3616.06 997.667 115.829 11.6212
6 2007 8 0.406061 21.8213 27.6166 0.406061 0
32 2007 2 1212.28 1895.26 2434.69 261.69 56.5625
42 2007 7 10386.6 27878.4 1685.91 52.9096 1.25474
6 2007 9 189.167 1758.17 252.338 9.6644 0
32 2007 3 977.888 14889 10074.5 1898.09 103.527
42 2007 8 0 32.4787 17.7713 0 0
32 2007 4 84.9733 786.663 598.029 186.758 16.0368
42 2007 9 180.765 1835.61 177.498 30.3776 0.262678
32 2007 5 326.285 1793.41 1155.32 203.882 14.8057
22 2007 1 1712.76 15345.1 15767.3 2404.26 194.537
32 2007 6 155.512 3617.37 1065.12 83.1774 1.85546
22 2007 2 1192.66 1792.28 2374.77 456.883 43.8909
32 2007 7 10058 28559.1 1397.42 60.6618 3.4294
22 2007 3 2902.58 12037.5 11075.7 1827.55 36.0009
32 2007 8 0.591176 22.4647 27.1941 0 0
22 2007 4 73.6231 790.348 583.236 202.542 22.7112
32 2007 9 175.952 1750.02 277.873 20.5856 0.0763702
22 2007 5 331.266 2043.8 966.543 144.703 7.39757
12 2007 1 1563.83 14445.1 16758 2438.38 233.804
22 2007 6 250.036 3515.58 1095.85 57.7566 3.81851
12 2007 2 1216.68 1717.82 2419.97 455.338 27.3755
22 2007 7 10084.2 28470.2 1423.99 79.7043 1.66592
12 2007 3 1729.79 14335.6 9648.01 2174 29.6176
22 2007 8 0 50.25 0 0 0
12 2007 4 99.6123 749.296 612.865 189.182 21.5057
22 2007 9 194.09 1745.79 253.966 26.4677 1.6323
12 2007 5 297.374 1906.51 1156.98 126.824 6.02164
12 2007 6 152.636 3681.15 999.766 84.6931 4.79617
12 2007 7 10508.2 27571.6 1894.68 50.9724 2.25535
12 2007 8 0 50.25 0 0 0
12 2007 9 287.491 1555.96 347.797 28.9608 4.30106
55 2007 1 1187.05 14581.1 16786.6 2580.92 173.093
55 2007 2 1145.97 1952.17 2432.23 260.231 35.4522
55 2007 3 3393.37 11310 11155.6 1841.48 79.8065
55 2007 4 69.729 697.825 673.864 210.927 20.1148
55 2007 5 242.051 1828.67 1254.37 159.049 9.57368
55 2007 6 263.022 3319.52 1305.08 29.7186 1.09963
45 2007 1 1847.48 14139.7 16542.3 2715.93 169.318
55 2007 7 9878.53 28681.5 1251.56 109.244 17.7594
45 2007 2 1048.64 1913.2 2540.62 313.056 9.06978
55 2007 8 0.276099 42.2431 7.45467 0.276099 0
45 2007 3 2687.63 12171.7 11130.8 1781.24 87.0672
55 2007 9 221.182 1722.57 237.513 26.1617 4.21024
45 2007 4 73.1077 709.069 669.64 204.576 16.0678
45 2007 5 187.373 2079.31 1003.7 204.265 19.0594
45 2007 6 227.476 3776.04 866.78 50.9512 1.79444
35 2007 1 1525.23 15768.3 15478.2 2336.06 327.625
45 2007 7 8444.19 29501.9 1859.68 99.9872 2.52414
35 2007 2 1207.18 1790.15 2353.54 480.98 28.6332
45 2007 8 0 28.8808 20.9807 0.388531 0
35 2007 3 1202.57 13348.8 11498.9 1826.41 42.4472
45 2007 9 252.709 1664.31 271.965 31.4879 1.04278
35 2007 4 71.1663 754.97 605.658 223.838 16.8282
35 2007 5 260.744 2070.15 1017.07 141.603 4.13414
25 2007 1 2185.54 14510.4 15174.4 3432.24 101.639
35 2007 6 170.694 3461.3 1236.04 55.0089 0
25 2007 2 1227.68 1852.34 2267.3 464.575 38.0589
35 2007 7 10029.8 28235.4 1731 74.9668 0
25 2007 3 2385.74 11812.9 11827 1672.36 152.502
35 2007 8 0 0 0 0 0
25 2007 4 66.5314 782.494 588.018 209.292 26.1251
35 2007 9 207.123 1793.05 185.055 38.1954 1.08414
25 2007 5 370.97 1882.36 1079.32 147.605 13.459
15 2007 1 2573.25 15101.8 14148.5 3356.37 184.966
25 2007 6 146.805 3604.21 1098.92 64.8925 8.21929
15 2007 2 973.27 1908.43 2645.07 299.466 27.8502
25 2007 7 9881.43 28628.1 1475.44 44.7411 1.54191
15 2007 3 1876.83 14615.2 9563.53 1546.75 177.569
25 2007 8 0 21.383 28.867 0 0
15 2007 4 57.6548 751.41 649.999 190.863 22.5323
25 2007 9 217.357 1695.85 297.136 11.9857 0
15 2007 5 174.465 1993.65 1123.36 190.225 5.2342
15 2007 6 174.283 3747.28 956.799 43.1245 1.55264
15 2007 7 10081.2 28331.2 1500.2 62.6067 1.32316
15 2007 8 0 0 0 0 0
15 2007 9 197.003 1819.71 176.437 19.3656 0.868949
92 2007 1 1919.57 13214.9 17267.4 2649.13 243.039
92 2007 2 1117.28 1853.35 2289.73 556.903 23.6527
92 2007 3 3575.13 12012.3 10036.7 2099.92 69.8964
92 2007 4 60.8247 763.448 614.053 219.348 14.7865
92 2007 5 151.162 1797.9 1323.73 197.931 16.943
92 2007 6 215.395 3598.41 1093.24 3.054 0.134811
82 2007 1 1544.75 15961.6 14956.1 2686.25 138.346
92 2007 7 8769.75 29430.3 1680.98 59.8926 7.64668
82 2007 2 1168.29 1776.53 2304.73 575.65 23.3079
92 2007 8 0 21.105 29.145 0 0
82 2007 3 1832.11 12716.4 11209.8 1954.35 82.9972
92 2007 9 239.193 1717.1 227.724 37.5932 0
82 2007 4 77.072 748.607 624.76 204.927 17.0927
82 2007 5 251.11 2146.22 967.338 117.702 11.3354
82 2007 6 233.432 3684.81 920.746 64.3085 15.0045
72 2007 1 1478.37 15354.2 15359.3 3038.05 156.645
58 2007 1 1451.83 14448.9 16552.3 2864.42 105.392
82 2007 7 10353.2 28537.3 890.635 105.162 4.61169
72 2007 2 1060.9 1563.13 2690.89 458.171 68.938
58 2007 2 1018.13 1700.22 2767.06 324.445 39.8583
82 2007 8 0 0 0 0 0
72 2007 3 2513.39 13065.8 10116.9 2035.2 102.02
58 2007 3 3357.72 13305.8 9240.75 1920.96 75.979
82 2007 9 153.378 1874.12 163.645 27.7461 0.351423
72 2007 4 72.9118 771.28 621.18 189.208 17.8804
58 2007 4 60.7934 845.336 571.881 182.743 11.707
72 2007 5 288.309 1974.68 1075.47 120.051 7.1592
58 2007 5 165.546 2089.42 1110.96 125.783 2.00596
72 2007 6 217.704 3701.47 969.965 29.5556 0
58 2007 6 179.28 3524.31 1138.3 81.1492 0
48 2007 1 1416.09 14535.8 16577.2 2611.06 209.496
72 2007 7 10685.4 27427.3 1672.15 124.518 11.9858
58 2007 7 8902.55 29462.4 1603.49 38.4118 5.12222
48 2007 2 1064.53 2267.84 2165.98 339.986 15.1739
72 2007 8 0 14.9392 35.3108 0 0
58 2007 8 0 40.2435 10.0065 0 0
48 2007 3 1473.01 14290.3 9539.72 2468.71 44.474
72 2007 9 244.914 1555.75 379.168 28.589 1.17807
58 2007 9 201.647 1710.28 285.171 18.8432 0.962989
48 2007 4 62.4194 729.495 635.942 226.365 18.2384
48 2007 5 171.621 1893.02 1242.23 171.483 15.3483
48 2007 6 210.587 3562.7 1086.07 62.0533 1.62964
38 2007 1 1885.09 12778.8 17618.4 2973.61 180.884
48 2007 7 8511.99 30099 1366.25 56.7685 3.82659
38 2007 2 1018.22 1306.96 2947.58 578.81 8.9065
48 2007 8 0.893333 23.45 25.2367 0.67 0
38 2007 3 4712.71 12473.5 8872.69 1705.69 128.633
48 2007 9 198.556 1789.92 220.555 12.5193 0.51407
38 2007 4 96.4977 744.517 608.088 202.586 20.7703
38 2007 5 199.603 1859.23 1205.2 214.253 15.4273
28 2007 1 2551.12 13976.3 16179.2 2597.14 137.343
38 2007 6 134.925 3591.91 1132.8 61.2233 2.17728
28 2007 2 1023.08 2094.57 2305.02 423.305 14.5071
38 2007 7 9680.17 28303.5 1958.76 61.159 14.2404
28 2007 3 3391.89 13010.3 9994.96 1497.06 38.9471
38 2007 8 0 0 0 0 0
28 2007 4 55.1259 776.329 630.274 195.203 15.528
38 2007 9 300.206 1617.16 292.015 10.6825 4.4508
28 2007 5 203.38 1951.58 1115.97 214.206 8.57064
18 2007 1 1703.71 14816.1 16109.6 2482.65 325.187
28 2007 6 183.704 3567.52 1170.88 0.939511 0
18 2007 2 1041.77 2018.37 2365.87 406.909 20.8981
28 2007 7 8944.68 29505.7 1561.67 56.0602 8.66907
18 2007 3 3370.82 12634.9 10587.9 1296.07 50.2724
28 2007 8 0.469626 19.7243 29.1168 0.939252 0
18 2007 4 62.8076 745.117 662.163 182.548 19.8252
28 2007 9 221.456 1767.49 223.213 10.1545 2.19224
18 2007 5 175.283 1897.08 1237.77 180.621 2.95568
18 2007 6 180.61 3602.24 1071.65 58.5495 2.21858
18 2007 7 10038.9 28575.2 1261.17 88.8481 15.9835
18 2007 8 0 0 0 0 0
18 2007 9 207.187 1672.58 314.068 27.9363 2.73728
95 2007 1 1565.9 12970.8 18038 2720.43 147.913
95 2007 2 1022.32 1839.6 2338.82 631.08 25.2363
95 2007 3 3112.03 12014.1 11153.5 1507.77 121.711
95 2007 4 85.7819 746.863 620.249 202.597 16.9693
95 2007 5 276.352 1863.36 1103.93 238.131 11.9444
95 2007 6 220.644 3746.16 900.963 53.159 2.11792
85 2007 1 1005.85 14759.5 16728.6 2584.87 216.343
95 2007 7 10179.5 28448.5 1354.95 36.9606 3.28687
85 2007 2 1083.96 1583.84 2644.74 471.655 37.9173
95 2007 8 0.697917 33.849 15.7031 0 0
85 2007 3 3696.52 11143.4 11006.9 1895.84 87.1879
95 2007 9 231.895 1702.44 258.981 30.2491 0.948687
85 2007 4 68.8447 744.96 620.724 220.915 17.0161
85 2007 5 161.878 1873.01 1150.6 248.933 14.5971
85 2007 6 221.773 3690.27 952.471 42.4574 4.48482
75 2007 1 1410.85 16037.1 15013.2 2630.77 225.249
85 2007 7 8425.71 30148 1207.45 65.2265 8.59297
75 2007 2 1121.41 1691.94 2586.59 404.007 34.5287
85 2007 8 0 0 0 0 0
75 2007 3 2109.86 13257 10535.1 1775.67 82.3021
85 2007 9 264.809 1721.98 203.169 6.61525 0.236355
75 2007 4 83.5734 753.507 615.117 205.527 14.7353
75 2007 5 318.653 1781.42 1230.71 149.815 13.1113
75 2007 6 169.029 3407.03 1286.8 56.6359 3.53921
65 2007 1 1920.51 14550.9 16112 2663 202.421
75 2007 7 9218.66 29075.9 1548.55 104.154 2.34693
65 2007 2 1204.99 1742.27 2425.23 452.676 35.3158
75 2007 8 1.58684 18.5132 30.15 0 0
65 2007 3 3309.31 12660.2 9937.18 1921.58 114.722
75 2007 9 177.332 1797.32 208.778 30.1938 1.87129
65 2007 4 106.256 797.816 554.639 191.498 22.2513
65 2007 5 279.543 1851.87 1195.65 160.736 5.90761
65 2007 6 208.269 3754.9 902.454 51.3729 6.04639
65 2007 7 9276.56 29119.2 1560.39 101.618 6.60504
65 2007 8 0 50.25 0 0 0
65 2007 9 198.075 1747.72 251.527 23.6422 3.54728
9 2007 1 2211.27 14116.5 16025.4 2805.43 217.76
9 2007 2 1157.59 1818.76 2580.8 252.682 40.7278
9 2007 3 2818.69 13527.3 9175.57 2035.31 197.045
9 2007 4 68.2169 812.539 611.821 167.117 12.7657
9 2007 5 200.939 1925.72 1161.26 182.209 23.5758
9 2007 6 201.727 3569.07 1091.16 56.0433 2.52205
9 2007 7 9354.59 28846.6 1641.24 77.5369 10.0683
9 2007 8 1.01858 33.9527 15.2787 0 0
9 2007 9 195.675 1734.07 267.176 23.7171 0.802636
98 2007 1 1582.38 15054.9 15579.8 2972.92 154.354
98 2007 2 1071.49 1804.16 2416.3 445.108 50.8493
98 2007 3 3702.05 12234.1 10125.2 1674.84 60.9931
98 2007 4 70.3208 717.937 680.407 188.604 15.1907
98 2007 5 218.539 1795.72 1257.94 210.622 4.71099
98 2007 6 210.867 3620.01 997.582 77.3465 11.5741
88 2007 1 1377.25 16200.6 15482.2 2215.89 131.903
98 2007 7 9180.9 29185.8 1429.1 68.5496 3.08268
88 2007 2 1156.7 1574.35 2717.27 373.489 28.3697
98 2007 8 0 0 0 0 0
88 2007 3 3978.11 11797.4 10002.5 1999.94 97.1546
98 2007 9 285.074 1656.19 263.387 17.2883 0
88 2007 4 83.7219 720.293 670.078 182.441 15.9263
88 2007 5 285.072 1720.75 1309.99 145.217 4.2726
88 2007 6 210.947 3411.32 1225.44 69.0767 0.694952
78 2007 1 1593.06 14840 16254.5 2673.34 62.8448
88 2007 7 10469.7 27716.3 1625.23 79.6872 11.3388
78 2007 2 1163.49 1802.56 2439.79 414.266 33.4862
88 2007 8 0 50.25 0 0 0
78 2007 3 2764.71 12851.4 9525.5 2553.78 129.019
88 2007 9 223.458 1705.72 279.473 12.3415 0
78 2007 4 65.9288 805.541 583.056 196.887 21.0468
78 2007 5 152.274 2057.18 1105.23 165.172 13.8523
78 2007 6 260.126 3534.16 1057.62 64.5656 6.56887
68 2007 1 2144.23 15603.7 14575.7 2780 306.101
78 2007 7 8895.09 29559.5 1472.05 86.1137 9.97192
68 2007 2 1105.1 2011.49 2325.87 392.106 17.0813
78 2007 8 0 0 0 0 0
68 2007 3 2924.52 12705.7 10256.9 1882.32 134.897
78 2007 9 296.377 1666.88 239.246 22.0079 0
68 2007 4 97.6986 773.491 567.55 211.597 22.1233
68 2007 5 222.309 1985.41 1111.74 157.919 16.3291
68 2007 6 186.157 3785.49 910.877 38.9633 1.55311
68 2007 7 10221.8 27842 1868.84 51.052 3.1833
68 2007 8 0 0 0 0 0
100 2007 1 1028.88 15320.3 15897.3 2925.16 179.76
68 2007 9 220.094 1732.41 251.744 19.6479 0.61276
100 2007 2 1098.05 1955.51 2216.72 544.481 29.2633
100 2007 3 1661.71 12722.1 11310.9 2032.12 97.6087
100 2007 4 84.1737 725.583 670.916 181.121 10.6662
100 2007 5 197.412 1762.64 1350.41 179.359 3.88641
100 2007 6 260.808 3602.09 992.77 63.1141 4.25344
100 2007 7 9534.68 28643.8 1778.59 23.0861 1.08228
100 2007 8 0 50.25 0 0 0
100 2007 9 145.218 1702.59 349.2 26.2143 1.29144
21 2007 1 2543.57 13513.6 16099.4 3062.13 152.087
21 2007 2 1395.95 1939.44 2078.74 424.468 15.6763
21 2007 3 3888.28 11946.1 9217.29 2613.53 85.512
21 2007 4 80.9829 855.921 533.935 184.468 17.1536
21 2007 5 263.56 1953.76 1054.54 196.336 25.5118
11 2007 1 1485.12 15165.6 16187.2 2428.5 127.728
21 2007 6 238.667 3715.81 838.648 124.968 4.94721
11 2007 2 1066.67 2293.52 2140.25 337.386 9.63786
21 2007 7 9753.73 28518.9 1714.75 42.0437 3.90811
11 2007 3 1445.73 13785.6 11056.2 1527.26 66.7722
21 2007 8 1.25625 26.3813 21.1469 1.46563 0
11 2007 4 107.373 836.464 558.794 154.219 15.6103
21 2007 9 204.15 1732.39 254.425 21.3145 0.153354
11 2007 5 178.715 1926.92 1266.67 109.907 11.4989
11 2007 6 143.525 3829.51 901.427 45.5635 3.01041
11 2007 7 9777.76 29472.1 725.739 33.089 0.4237
11 2007 8 0 0 0 0 0
11 2007 9 254.472 1739.84 195.076 26.7413 2.5454
2 2007 1 3424.2 11924.6 17101 2699.19 234.739
2 2007 2 1267.64 1947.46 2368.64 250.884 18.9363
24 2007 1 2468.83 14748.6 14896.8 3164.78 148.972
2 2007 3 2916.16 13763.7 9678.41 1377.07 86.0823
24 2007 2 1276.07 1811.97 2267.18 461.497 36.6821
2 2007 4 96.2976 695.66 649.862 210.865 19.775
24 2007 3 2206.91 13236.8 10537.6 1624.08 88.683
2 2007 5 227.977 2028.3 1122.53 108.208 6.69311
24 2007 4 90.9311 712.788 663.971 192.874 11.8959
2 2007 6 177.454 3656.34 1027.69 58.9306 2.62652
24 2007 5 287.252 1861.89 1186.87 154.697 2.99971
2 2007 7 9668.84 28923.3 1303.35 63.4379 6.21321
14 2007 1 3671.96 13480.7 15365.9 2671.62 197.282
24 2007 6 241.396 3510.78 1145.55 20.3249 4.9897
2 2007 8 0 50.25 0 0 0
14 2007 2 1205.51 1712.3 2563.6 321.166 50.703
24 2007 7 9229.13 29106.1 1605.19 90.2291 2.8114
2 2007 9 261.95 1619 324.099 16.2185 0.414171
14 2007 3 4976.61 10221.6 11224.1 1336.42 111.388
24 2007 8 1.63859 19.663 28.9484 0 0
14 2007 4 90.1858 826.175 556.659 185.609 13.831
24 2007 9 235.43 1748.98 205.423 28.4152 1.42974
14 2007 5 208.926 2111.52 1048.73 121.077 3.45436
14 2007 6 223.904 3564.16 1105.51 29.4629 0
14 2007 7 9772.19 28547.2 1660.76 61.5261 5.27383
14 2007 8 0 0 0 0 0
14 2007 9 195.634 1832.15 176.072 19.0979 1.55706
81 2007 1 1553.08 14864.4 15936.3 2973.8 97.5994
81 2007 2 1013.7 1861.26 2603.06 353.697 12.0589
81 2007 3 2095.64 12779.1 10997.5 1918.07 133.15
81 2007 4 69.9651 675.101 664.434 232.148 30.8124
81 2007 5 179.713 2066.52 1015.9 212.724 18.8565
81 2007 6 247.266 3705.12 949.815 16.5457 1.84062
71 2007 1 1018.14 16597.8 14824.7 2696.69 222.3
81 2007 7 10978 27551.5 1362.33 117.09 5.61526
71 2007 2 1181.96 2089.06 2076.51 461.804 36.4966
81 2007 8 0 23.0878 27.1622 0 0
71 2007 3 3435.39 12277.2 10069 1916.67 117.735
81 2007 9 235.311 1676.24 288.444 23.7128 0.805107
71 2007 4 91.7628 725.264 642.731 192.847 19.8552
71 2007 5 164.907 1971.61 1174.51 163.611 19.08
71 2007 6 207.13 3597.26 1050.09 48.9973 9.94736
61 2007 1 2278.9 14844.1 15354.6 2682.71 248.305
71 2007 7 9849.7 27957.9 2088.88 50.595 4.75065
61 2007 2 1151.39 1612.74 2602.34 448.095 45.9169
71 2007 8 0 0 0 0 0
61 2007 3 3017.66 11672.3 11350.7 1750.02 86.7258
71 2007 9 134.947 1932.4 139.107 16.8822 1.17638
61 2007 4 97.3498 691.465 660.977 195.248 27.4206
61 2007 5 142.276 2154.66 1064.94 117.426 8.31488
61 2007 6 248.769 3280.46 1349.27 43.5859 0.959634
51 2007 1 1152.64 15710.7 15026.6 3278.46 240.063
61 2007 7 8883.08 29297.2 1774.98 78.6825 6.43304
51 2007 2 880.541 1884.15 2706.46 326.432 42.6568
61 2007 8 0 50.25 0 0 0
51 2007 3 4193.99 12286 9119.47 2262.62 69.4357
61 2007 9 198.423 1777.91 230.051 17.7319 0.390219
51 2007 4 42.666 704.769 662.187 244.171 18.6667
5 2007 1 1299.13 16368.5 14865.6 2680.08 149.861
51 2007 5 260.173 2066.27 1028.84 131.757 6.66567
5 2007 2 1075.19 2163.43 2244.65 365.598 11.6198
51 2007 6 161.25 3652.23 1014.87 91.7224 2.96406
41 2007 1 2346.15 14745.9 15494.5 2671.75 147.274
5 2007 3 2742.09 10883.9 12159.4 1819.96 162.828
51 2007 7 9507.73 28699.7 1752.53 75.4262 2.6837
41 2007 2 969.23 1922.72 2414.64 513.313 31.1974
5 2007 4 60.3978 745.125 630.075 218.72 18.1432
51 2007 8 0.661184 16.5296 33.0592 0 0
41 2007 3 4204.91 11967.1 9377.69 2142.15 199.794
5 2007 5 102.283 2055.12 1211.66 122.094 2.55337
51 2007 9 175.424 1771.76 242.963 26.8124 1.70938
41 2007 4 95.6285 671.838 628.425 244.693 31.8749
5 2007 6 149.315 3533.36 1193.89 43.097 3.3731
41 2007 5 209.187 1979.77 1172.04 122.712 9.9963
5 2007 7 8641.47 30284.1 1042.9 56.4801 4.21405
17 2007 1 1828.1 13649.8 16363.1 3428.94 143.924
31 2007 1 1066.21 15012.3 16043.8 3021.25 232.222
41 2007 6 261.089 3203.72 1317.6 136.659 3.97623
5 2007 8 0 50.25 0 0 0
17 2007 2 1080.45 2087.61 2195.36 478.939 9.01579
31 2007 2 1253.36 1750.02 2440.45 332.881 58.8003
41 2007 7 10058.1 28465.8 1417.99 82.856 12.2807
5 2007 9 178.538 1703.99 319.662 19.6134 2.70763
17 2007 3 1470.8 14093.2 10489.5 1730.82 107.892
31 2007 3 2001.07 12384.7 11508.4 1865.87 61.8496
41 2007 8 2.27896 18.916 27.1962 1.85885 0
17 2007 4 69.372 690.027 629.109 267.743 16.2086
31 2007 4 63.768 761.134 579.162 239.55 28.846
41 2007 9 216.816 1588.01 378.937 38.7125 2.02953
17 2007 5 190.482 1996.02 1088.48 213.212 5.50705
31 2007 5 163.531 1981.96 1178.29 161.42 8.50696
17 2007 6 240.311 3551.58 1082.81 43.9761 4.36317
31 2007 6 142.013 3748.55 974.962 55.8102 1.70038
17 2007 7 9755.97 28743.8 1445.65 52.7125 1.11068
31 2007 7 9454.48 29064.1 1328.23 153.295 10.4016
17 2007 8 0 27.5022 22.2013 0.54646 0
31 2007 8 0 33.5 15.3919 1.35811 0
17 2007 9 263.748 1632.57 297.636 27.7602 2.79755
31 2007 9 157.495 1805.31 245.317 15.8987 0.491315
74 2007 1 1259.18 15295.5 15302.9 3401.86 133.024
74 2007 2 1156.45 2176.21 2049.12 460.804 17.8916
74 2007 3 4304.37 11865.2 9882 1653.13 138.561
74 2007 4 100.582 823.806 510.671 223.362 14.0384
74 2007 5 190.022 2112.98 1028.82 151.398 10.4944
74 2007 6 205.662 3494.77 1174.35 44.7508 3.50899
64 2007 1 1776.14 15656.9 14992.4 2830.29 202.2
74 2007 7 10268 28245.6 1421.36 16.474 3.3365
64 2007 2 1116.81 1872.14 2353.51 488.797 29.2223
74 2007 8 0 0 0 0 0
64 2007 3 2921.94 12452.3 10522.3 1931.32 115.145
74 2007 9 250.613 1664.09 278.867 26.6566 1.65679
64 2007 4 105.194 767.191 584.339 198.711 17.0248
64 2007 5 219.796 1903.01 1215.5 148.037 7.36463
64 2007 6 239.478 3527.17 1090.75 59.2427 6.39302
54 2007 1 1524.73 15805.6 15010.7 2848.07 167.359
64 2007 7 9897.93 28644.4 1485.17 49.616 1.5052
54 2007 2 1240.09 2162.53 2048.92 336.944 71.9929
64 2007 8 0 19.901 29.8515 0.497525 0
54 2007 3 2633.43 13408.2 9360.04 2265.46 161.051
64 2007 9 227.072 1690.33 283.071 21.3348 2.69872
54 2007 4 73.5624 825.775 575.145 183.75 14.2275
8 2007 1 1705.59 14866.6 16067.5 2586.13 174.642
54 2007 5 169.571 2086.23 1034.83 196.679 6.40168
8 2007 2 1060.38 1779.63 2536.61 426.413 31.6829
54 2007 6 201.391 3617.77 1048.5 45.3833 10.0013
44 2007 1 1833.42 13266.5 17168.6 2957.52 206.54
8 2007 3 2978.1 14591.7 8567.53 1692.73 62.1027
54 2007 7 8972.61 29159.6 1747.37 86.8903 4.45971
44 2007 2 930.298 2017.08 2368.54 490.5 41.271
8 2007 4 75.5252 761.953 623.851 194.259 16.8721
54 2007 8 0 0 0 0 0
44 2007 3 1885.46 14872.2 8990.42 1952.66 156.514
8 2007 5 256.894 1845.39 1229.74 154.321 7.37054
54 2007 9 194.634 1681.92 333.491 11.3728 0.224834
44 2007 4 77.3802 711.993 616.435 247.138 19.5129
8 2007 6 216.623 3616.66 1070.91 17.0302 1.82035
44 2007 5 227.733 2057.57 1016.81 186.489 5.11279
8 2007 7 10181.4 27909.7 1816.35 76.7329 6.93571
44 2007 6 162.835 3581.3 1125.33 45.0951 8.47102
34 2007 1 1637.78 15011 15872.9 2741.99 194.238
8 2007 8 0.966346 20.2933 28.9904 0 0
44 2007 7 9297.82 29437.4 1272.29 23.0943 7.55811
34 2007 2 1059.36 1882.62 2502.54 382.24 33.7187
8 2007 9 213.458 1696.41 298.612 16.0334 0
44 2007 8 0 0 0 0 0
34 2007 3 1661.59 13791.6 10596.2 1783 98.6969
44 2007 9 178.195 1696.43 313.179 35.1948 1.50926
34 2007 4 97.386 727.972 649.786 178.024 19.2928
34 2007 5 153.034 1945.57 1206.42 177.017 11.6658
34 2007 6 181.463 3731.57 969.606 38.605 1.80106
34 2007 7 8986.01 29815.3 1204.06 42.8981 12.6685
34 2007 8 0 0 0 0 0
34 2007 9 219.555 1781.81 207.455 14.7159 0.970475
91 2007 1 1098.7 16914 14427.7 2751.14 159.67
77 2007 1 1163.89 15692.5 15567 2746.78 241.762
91 2007 2 1090.72 1789.86 2469.23 482.527 24.6915
77 2007 2 1131.94 1830.34 2454.24 405.805 38.1562
91 2007 3 3235.44 12559 9785.58 2050.21 101.128
77 2007 3 1592.5 13583.4 10408.2 2088.55 163.027
91 2007 4 67.4733 728.603 639.798 220.581 16.0061
77 2007 4 90.8828 686.456 651.171 222.218 21.7322
91 2007 5 237.928 1977.4 1055.59 206.765 8.6657
77 2007 5 193.666 1848.84 1220.8 217.788 12.6152
91 2007 6 138.095 3671.14 1069.72 43.4825 0.606846
77 2007 6 169.939 3522.3 1191.44 35.0985 4.26541
67 2007 1 2086.14 14851.2 15572 2660.46 257.931
91 2007 7 9695.76 28918.9 1294.76 30.096 8.18599
77 2007 7 10308.8 27804.3 1823.64 95.0203 4.16595
67 2007 2 1194.7 1838.72 2400.66 409.135 14.2149
91 2007 8 0.295588 36.0618 13.8926 0 0
77 2007 8 0 50.25 0 0 0
67 2007 3 1149.4 13974.3 10740 1974.02 52.3743
91 2007 9 281.376 1700.1 214.062 24.6467 4.3268
77 2007 9 196.88 1641.85 341.729 37.6564 0
67 2007 4 63.8541 716.938 643.674 222.784 25.2092
67 2007 5 173.545 2058.32 1115.8 141.683 4.35498
67 2007 6 187.863 3765.12 898.61 64.4805 6.9719
57 2007 1 1215.25 15180.4 15969.2 2818.12 241.11
67 2007 7 9181.5 29424.1 1308.87 118.889 11.1338
57 2007 2 1113.08 1875.33 2431.77 353.676 65.2217
67 2007 8 0 0 0 0 0
57 2007 3 2466.47 10317.3 13336.1 1542.61 159.28
67 2007 9 161.625 1774.38 273.241 14.8054 0.460339
57 2007 4 74.8528 734.02 641.06 201.866 20.6613
57 2007 5 248.454 1817.87 1272.74 149.041 5.60374
57 2007 6 199.375 3294.48 1405.26 23.2348 0.686808
47 2007 1 2629.77 13939.1 16220.3 2419.74 224.375
57 2007 7 9794.3 28587 1597.8 48.1152 1.04089
47 2007 2 1291.02 1778.91 2414.92 341.61 27.1706
57 2007 8 0 0 0 0 0
47 2007 3 2234.24 12249.4 11065 2180.28 161.142
57 2007 9 201.435 1708.97 292.484 14.6553 1.54829
47 2007 4 90.3875 816.837 580.448 164.909 19.8788
47 2007 5 227.61 2037.83 1099 117.821 11.4488
47 2007 6 287.889 3392.71 1180.15 49.6193 12.6663
37 2007 1 1326 15087 15896.7 2942.97 130.447
47 2007 7 9300.25 29133.3 1531.01 62.9745 11.0157
37 2007 2 1230.97 1843.82 2353.23 386.49 45.9769
47 2007 8 0.868798 25.1304 24.2508 0 0
37 2007 3 3293.66 12779.8 9627.95 2027.57 93.0563
47 2007 9 208.378 1737.29 246.336 28.6155 3.88639
37 2007 4 71.2784 728.757 634.555 220.905 16.965
37 2007 5 240.458 1899.03 1215.68 134.254 4.28813
27 2007 1 2467.35 13766.3 16245.8 2820.82 123.923
37 2007 6 244.221 3597.97 1035.95 40.9807 3.91981
27 2007 2 1294.48 1885.93 2123.49 537.422 12.5429
37 2007 7 9009.43 29816.2 1105.93 58.6443 3.20957
27 2007 3 3905.78 10641.7 10947.2 2280.23 130.736
37 2007 8 0 20.4967 29.7533 0 0
27 2007 4 81.73 745.837 638.184 192.913 13.7963
37 2007 9 219.304 1626.96 352.233 19.075 1.61226
27 2007 5 218.573 1781.52 1291.23 187.671 14.7134
27 2007 6 194.214 3591.4 1073.03 59.163 5.23982
27 2007 7 10273.4 28466.4 1187.97 83.7808 6.01123
27 2007 8 0 14.6076 33.8895 1.75291 0
27 2007 9 215.428 1733.79 260.529 13.9824 0.776769
94 2007 1 2028.23 12812.6 17505.3 2770.34 315.858
94 2007 2 1181.92 1564.01 2707.86 385.19 21.4938
94 2007 3 2824.03 14089.3 9501.96 1428.11 50.3847
94 2007 4 57.9366 739.717 642.864 215.388 16.5541
94 2007 5 183.361 2038.99 1130.57 120.197 10.1639
94 2007 6 191.812 3476.67 1223.98 28.8237 1.75199
84 2007 1 1202.39 15092.7 16231.6 2669.69 225.758
94 2007 7 9694.49 28827.2 1366.96 75.5684 1.54035
84 2007 2 945.023 1949.25 2665.65 271.028 29.532
94 2007 8 0 50.25 0 0 0
84 2007 3 1200.4 13801.1 10948.6 1863.11 66.5483
94 2007 9 249.111 1679.21 280.421 13.6869 2.08182
84 2007 4 74.2102 784.055 610.602 190.644 12.9487
84 2007 5 187.262 1784.02 1269.95 244.011 8.46379
84 2007 6 156.944 3711.8 1015.88 38.0418 0.380353
84 2007 7 9923.43 28312.8 1757.51 72.8334 4.90249
84 2007 8 0.440789 14.9868 34.8224 0 0
84 2007 9 297.804 1557.65 339.145 29.0306 0.876098
97 2007 1 1912.23 14298.1 16403.8 2581.7 163.979
97 2007 2 1170.72 1595.44 2648.34 368.727 31.5915
97 2007 3 3230.59 13744.4 9022.41 1721.57 101.988
97 2007 4 82.2309 777.796 620.917 167.69 23.826
97 2007 5 341.142 1846.01 1168.28 133.726 4.55061
97 2007 6 344.168 3249.31 1310.99 17.6817 0.88651
87 2007 1 2028.32 15100.1 14757.1 3304.9 155.879
97 2007 7 11031.4 27739.3 1119.83 110.295 11.9386
87 2007 2 1336.01 1685.05 2278.91 501.78 36.4404
97 2007 8 0 18.2065 32.0435 0 0
87 2007 3 2033.45 12375.1 11445.2 1865.29 121.823
97 2007 9 183.533 1745.19 271.801 19.4874 0.199933
87 2007 4 84.2267 785.374 603.568 182.445 16.8471
87 2007 5 299.913 1859.98 1203.81 121.803 8.20398
87 2007 6 179.203 3565.46 1145.09 30.7785 2.50515
87 2007 7 9921.53 28673.5 1314.17 47.3673 9.01721
87 2007 8 0 18.1627 32.0873 0 0
87 2007 9 294.168 1669.17 234.123 24.4412 2.60788
40 2007 1 2048.26 15210.4 14950.2 2959.92 219.351
40 2007 2 1260.61 1534.46 2580.58 460.193 18.0247
40 2007 3 3619.68 12913 9257.2 1985.67 86.4024
40 2007 4 49.2891 722.664 651.456 234.418 14.6325
40 2007 5 259.756 1817.01 1103.02 289.895 24.0237
30 2007 1 2508.05 15172.9 15194.4 2277.61 269.201
40 2007 6 200.743 3630.08 993.129 86.0295 3.36585
30 2007 2 1369.93 1770.68 2342.26 336.133 41.4834
40 2007 7 10110.4 28385.5 1363.86 83.9591 13.3282
30 2007 3 3343.7 11451.6 10649.8 2285.38 175.289
40 2007 8 0 0 0 0 0
30 2007 4 87.9018 716.483 619.728 229.604 18.743
40 2007 9 188.506 1649.72 308.12 75.0445 3.11885
30 2007 5 207.516 1814.17 1298.9 158.717 14.4077
20 2007 1 3965.72 13134.3 15493.2 2617.91 179.103
30 2007 6 211.937 3784.88 878.019 47.4317 0.772281
20 2007 2 1483.95 1706.75 2277.55 326.789 37.107
30 2007 7 10018.3 28459.8 1474.85 67.4534 7.04949
20 2007 3 2701.78 13842.4 9177.36 1877.01 178.411
30 2007 8 0 0 0 0 0
20 2007 4 107.154 752.735 640.034 149.496 23.0407
30 2007 9 202.898 1727.63 267.158 26.6833 0.135114
20 2007 5 192.587 2025.77 1170.43 98.951 5.96476
10 2007 1 1950.3 14167.2 15848.5 3170.33 254.203
20 2007 6 182.218 3545.85 1099.08 89.1595 6.72585
10 2007 2 1019.42 1771.02 2538.58 497.638 30.4856
20 2007 7 9717.35 28817.1 1326.26 88.9424 7.522
10 2007 3 2011.08 13940.7 10261.7 1491.34 112.031
20 2007 8 0 50.25 0 0 0
10 2007 4 87.5856 742.121 628.834 192.314 21.6056
20 2007 9 258.975 1548.39 395.685 13.3621 0.870717
10 2007 5 226.318 1845.98 1206.56 199.259 15.5911
10 2007 6 167.675 3770.27 949.756 32.7613 2.58156
10 2007 7 9902.01 28510.8 1579.81 34.5044 11.7017
10 2007 8 0 0 0 0 0
10 2007 9 160.1 1682.35 351.482 26.7203 1.18688
43 2007 1 2775.15 14910.7 15181.1 2422.24 130.901
43 2007 2 1203.23 1694.63 2575.49 372.713 11.1641
43 2007 3 3378.77 11182 11509.5 1727.53 91.7979
43 2007 4 87.6676 721.598 640.768 202.47 19.9561
43 2007 5 201.509 1944.45 1209.95 135.848 1.95419
43 2007 6 271.481 3411.75 1175.4 55.5639 8.84342
33 2007 1 1672.35 15207.2 15390.6 2997.3 163.487
43 2007 7 9187.77 29172.5 1606.69 53.3308 3.68003
33 2007 2 1148.4 1871.36 2284.14 521.762 31.5156
43 2007 8 0 15.0097 35.2403 0 0
33 2007 3 4614.69 11787.3 9648.49 1769.27 107.348
43 2007 9 211.319 1572.37 418.089 21.7475 0.988063
33 2007 4 89.2705 779.825 579.077 211.523 12.7647
1 2007 1 2562.47 13465.7 16197.1 2974.38 197.907
33 2007 5 156.872 2067.31 1141.87 123.463 4.19888
1 2007 2 906.984 1971.13 2422.89 521.987 24.9951
23 2007 1 2187.58 15277.3 14762.2 2987.47 123.91
33 2007 6 256.236 3414.19 1196.87 52.5951 3.15095
1 2007 3 1860.8 11491 12487.2 1939.29 80.3877
23 2007 2 1299.35 1848.39 2386.39 273.83 49.3516
33 2007 7 9864.03 28658.8 1389.79 88.2674 10.7602
1 2007 4 79.0036 725.434 630.045 213.198 24.7794
23 2007 3 1727.03 12829.2 11239.4 1971.97 58.7851
33 2007 8 0 29.1168 21.1332 0 0
1 2007 5 304.945 1988.27 1051.53 143.968 4.99443
23 2007 4 67.7196 734.925 629.137 224.371 16.3066
33 2007 9 222.648 1782.23 197.554 19.3698 2.70753
1 2007 6 290.777 3726.97 860 44.7869 0.500445
23 2007 5 276.925 2257.07 720.187 204.117 16.4278
1 2007 7 10346.3 28394.9 1231.1 71.0552 3.75784
13 2007 1 1453.16 14626.9 16255.2 2881.07 184.957
23 2007 6 263.053 3512.96 1049.2 74.416 5.82309
1 2007 8 0.314063 33.2906 16.0172 0.628125 0
13 2007 2 1103.05 1878.14 2465.02 365.968 41.5823
23 2007 7 9167.99 29333.4 1387.07 68.967 5.50495
1 2007 9 313.06 1661.36 217.653 31.1086 1.33359
13 2007 3 3401.99 10622.3 11077.8 2538.53 159.01
23 2007 8 0 0 0 0 0
13 2007 4 51.877 757.455 651.226 193.057 18.8444
23 2007 9 149.146 1637.04 376.419 51.9472 0.829938
13 2007 5 110.756 1873.73 1315.57 186.01 7.64626
13 2007 6 206.535 3471.81 1201.23 38.5835 4.87492
13 2007 7 9218.55 28903 1806.96 117.954 15.8463
13 2007 8 0 20.1 30.15 0 0
13 2007 9 169.177 1844.9 179.072 27.6452 3.71119
90 2007 1 1189.69 15128.9 15799.2 3128.07 150.6
90 2007 2 930.892 2108.81 2444.05 336.325 12.0627
90 2007 3 2247.94 13312.5 10138 1994.9 115.526
90 2007 4 68.012 777.954 578.497 223.394 24.6032
90 2007 5 178.751 1912.56 1230.82 161.271 10.3143
90 2007 6 150.739 3752.19 965.095 52.8327 2.18811
80 2007 1 1822.97 13765.7 16330.3 3254.35 174.456
90 2007 7 9607.12 28934.2 1343.55 107.422 18.0605
80 2007 2 1189.7 1755.62 2533.35 343.014 38.7935
90 2007 8 0 50.25 0 0 0
80 2007 3 1666.03 13746.1 10899.8 1412.18 100.009
90 2007 9 142.887 1827.19 221.737 26.6657 3.43122
80 2007 4 92.5145 723.81 629.661 208.147 16.4631
80 2007 5 236.38 2015.48 994.287 231.684 15.8786
80 2007 6 183.665 3590.42 1062.45 84.6078 1.89362
70 2007 1 1352.37 13665.1 17093.3 3107.7 184.619
80 2007 7 10917.8 27858 1148.27 67.8527 2.57768
70 2007 2 1357.28 1644.92 2426.76 408.694 16.1623
80 2007 8 0 0 0 0 0
70 2007 3 2866.02 13286.5 9676.91 1983.02 22.8988
80 2007 9 245.786 1616.71 325.814 29.6796 0.534635
70 2007 4 91.8415 791.376 600.877 177.268 11.0979
70 2007 5 264.816 1829.86 1234.88 161.602 2.55557
70 2007 6 193.929 3558.41 1119.34 48.844 2.51947
60 2007 1 1441.09 16451.4 14967.9 2434.01 142.651
70 2007 7 9556.81 29000.1 1410.75 67.4894 6.58473
60 2007 2 1064.68 1867.1 2429.35 465.292 34.0607
70 2007 8 0 50.25 0 0 0
60 2007 3 4084.19 11941.8 10119.9 1720.48 58.2381
70 2007 9 301.786 1699.81 207.162 14.4876 1.26393
60 2007 4 55.678 691.804 662.977 245.026 16.975
60 2007 5 149.153 1969.07 1161.33 207.714 6.43945
60 2007 6 243.918 3400.09 1178.78 98.9221 1.32918
50 2007 1 1532.16 14950.1 15527.4 3152.83 178.587
36 2007 1 2360.31 14009.3 15712.8 3094.96 198.302
60 2007 7 8908.94 29217.4 1747.19 139.449 2.26802
50 2007 2 1109.63 1991.61 2456.37 267.091 25.5455
36 2007 2 1267.17 1975.05 2236.7 364.605 13.7879
60 2007 8 0 0 0 0 0
50 2007 3 2445.09 12435 11012.6 1840.35 78.1058
36 2007 3 3213.16 11940.6 10513.2 2076.64 50.4485
60 2007 9 280.231 1693.8 226.646 23.1444 0.686209
50 2007 4 68.3614 705.55 672.873 201.897 23.7795
36 2007 4 94.6496 806.532 586.958 173.23 11.0896
4 2007 1 1144.63 14094.5 17519.1 2517.88 119.047
50 2007 5 222.402 2070.73 1090.63 104.4 5.54367
36 2007 5 222.309 1944.25 1129.04 192.764 5.34489
4 2007 2 1060.91 1892.93 2428.59 416.589 52.0397
50 2007 6 242.894 3639.86 1001.18 27.0734 12.0322
26 2007 1 1719.72 13869.7 16696.4 2764.56 273.095
36 2007 6 272.723 3477.43 1072.41 90.3566 4.92816
4 2007 3 2632.11 13231.6 10247.5 1595.96 131.238
50 2007 7 9251.81 28863.3 1843.36 55.3519 7.01488
26 2007 2 1056.52 1785.64 2556.62 436.29 15.9334
36 2007 7 9621.72 29043.9 1254.97 36.3208 8.41339
4 2007 4 73.4129 670.789 669.25 224.103 27.6801
50 2007 8 0 22.4929 26.8 0.957143 0
26 2007 3 2825.5 11235.8 11902.7 1626.14 229.864
36 2007 8 0 0 0 0 0
4 2007 5 305.432 1992.63 1030.22 160.765 4.65438
50 2007 9 174.899 1676.87 359.881 11.7462 1.11834
26 2007 4 57.1024 742.803 641.042 206.702 24.8105
36 2007 9 278.713 1622.45 287.885 35.0984 0.359646
4 2007 6 185.603 3527.35 1159.37 44.5878 1.12556
26 2007 5 263.002 2053.1 987.969 130.663 10.8959
4 2007 7 9569.43 28701.3 1627.57 89.7215 1.49003
16 2007 1 2335.38 14055.8 16314.2 2551.9 100.221
26 2007 6 302.952 3585.7 991.057 35.8229 0
4 2007 8 0 29.4752 20.5845 0.190341 0
16 2007 2 1175.28 1868.55 2316.65 467.439 22.6083
26 2007 7 9411.37 28766.1 1609.38 102.97 12.487
4 2007 9 126.081 1766.51 316.534 15.1583 0.224698
16 2007 3 3300.42 11885.9 10880.5 1679.33 46.3696
26 2007 8 0 50.25 0 0 0
16 2007 4 68.9407 718 693.48 180.145 11.8947
26 2007 9 279.559 1609.48 305.729 21.1872 2.62704
16 2007 5 323.836 2009.17 993.043 155.204 1.72077
16 2007 6 230.444 3405.25 1227.82 47.2861 2.33071
16 2007 7 9776.25 28242.4 1844.45 85.3024 6.13005
16 2007 8 0 0 0 0 0
16 2007 9 240.038 1682.03 272.571 24.5708 2.47727
93 2007 1 1294.9 14221.7 16520.6 3016.09 350.182
93 2007 2 1055.38 1823.44 2442.41 523.984 12.3914
93 2007 3 2554.36 13663.7 9847.51 1750.8 81.2721
93 2007 4 62.9732 672.518 656.685 240.773 39.5107
93 2007 5 195.637 1907.6 1195.23 186.158 9.09019
93 2007 6 118.505 3411.55 1319.33 64.3183 9.34591
83 2007 1 1609.39 14949.5 15952.4 2640.96 243.458
93 2007 7 9182.94 29294.9 1489.36 64.5714 10.404
83 2007 2 1088.73 1947.85 2246.25 551.45 16.4495
93 2007 8 0 0 0 0 0
83 2007 3 2513.11 13057.8 10112.2 2084.84 86.1983
93 2007 9 155.544 1710.58 320.377 36.7659 1.23898
83 2007 4 60.5678 726.947 656.07 209.311 19.5645
83 2007 5 223.408 2050.05 1062.99 133.756 11.0476
83 2007 6 198.222 3442.38 1201.73 75.7658 2.47699
73 2007 1 2580.72 14416.8 15013.7 3269.43 146.11
83 2007 7 9162.54 28973.9 1797.87 42.5792 2.51141
73 2007 2 1121.8 1684.64 2536.06 487.163 24.9036
83 2007 8 0 50.25 0 0 0
73 2007 3 3066.45 11925 11356.9 1528.74 50.0127
83 2007 9 136.568 1659.51 382.947 42.3622 3.12152
73 2007 4 90.8081 714.503 625.64 227.62 13.8883
73 2007 5 257.106 1989.94 1088.67 153.95 4.04173
73 2007 6 202.843 3709.49 916.596 88.1241 3.44427
63 2007 1 1323.68 16290.5 14827.7 2759.94 153.468
73 2007 7 10750.8 27821.3 1289.49 102.858 0
63 2007 2 864.723 1787.71 2861.69 297.94 27.3725
73 2007 8 0.99505 18.4084 28.3589 2.48762 0
63 2007 3 2320.94 13295.2 10543.4 1602.44 51.4708
73 2007 9 273.588 1618.48 302.654 29.389 0.396811
63 2007 4 48.0561 722.045 686.454 204.41 11.4939
63 2007 5 169.312 2096.67 1071.96 153.021 2.75031
63 2007 6 278.918 3537.78 1047.75 54.0885 4.49768
53 2007 1 1464.95 15567.6 15381.8 2812.96 152.922
39 2007 1 1472.89 15259.1 15371.9 3032.06 194.708
63 2007 7 8501.21 29750 1696.31 39.7407 4.87144
53 2007 2 1192.91 1952.56 2407.13 266.262 41.6219
39 2007 2 1204.66 1911.29 2296.25 417.44 8.95725
63 2007 8 0.540323 20.5323 29.1774 0 0
53 2007 3 4924.83 11422.3 9292.19 2112.22 69.4771
39 2007 3 1798.96 11648.4 12435.3 1769.73 136.018
63 2007 9 281.033 1648.64 275.448 19.2483 0.138469
53 2007 4 89.0312 745.614 612.971 206.322 18.5217
39 2007 4 89.2505 718.398 665.23 184.018 15.5629
7 2007 1 1235.31 14482.1 16811.7 2729.56 176.03
53 2007 5 210.187 1868.14 1218.27 193.723 3.39023
39 2007 5 203.577 1959.21 1145.27 177.033 8.61698
7 2007 2 1231.64 1671.11 2283.08 638.217 33.2021
53 2007 6 188.283 3593.91 1079.03 45.1606 3.80408
29 2007 1 1872.88 13615.1 16523.4 3270.61 123.503
39 2007 6 178.344 3790.49 911.409 42.5029 0.297285
7 2007 3 1484.55 14424.4 9942.61 2007.57 55.5823
53 2007 7 10855.2 27664.6 1322.27 121.678 16.1573
29 2007 2 1195.56 2094.51 2231.84 314.529 24.0333
39 2007 7 10386.2 27702.4 1893.32 47.7882 4.15598
7 2007 4 81.9676 734.137 592.92 239.628 23.8074
53 2007 8 0 16.3313 33.9188 0 0
29 2007 3 4904.97 10395.6 10944.9 1571.74 68.1988
39 2007 8 0 27.8659 22.3841 0 0
7 2007 5 286.758 2081.45 928.161 188.997 8.34526
53 2007 9 195.25 1753.89 253.978 21.101 0.295944
29 2007 4 81.3968 793.242 633.793 151.562 12.4664
39 2007 9 225.034 1595.17 358.378 39.2254 1.14369
7 2007 6 152.92 3772.55 885.192 104.574 7.80691
29 2007 5 302.83 1870.48 1075.68 235.824 8.90108
7 2007 7 9416.46 29163.8 1389.03 45.1215 4.49223
19 2007 1 2414.53 14303.5 15688 2712.34 162.177
29 2007 6 165.996 3388.8 1327.48 35.3584 5.40127
7 2007 8 0 13.7045 33.6903 2.85511 0
19 2007 2 1279.04 1531.55 2601.68 425.203 12.2282
29 2007 7 9454.51 29128.9 1436.81 26.6345 4.58148
7 2007 9 101.809 1856.58 245.887 18.1653 2.06364
19 2007 3 3958.72 12231.6 9934.07 1584.5 60.0808
29 2007 8 2.03716 16.2973 31.9155 0 0
19 2007 4 89.9723 754.032 581.017 234.355 13.0834
29 2007 9 196.5 1717.38 290.499 19.3769 0.752748
19 2007 5 276.071 1768.72 1250.18 177.941 8.66529
19 2007 6 152.828 3787.05 951.272 30.8973 0.992992
19 2007 7 9604.94 29058.6 1184.09 56.7467 7.59145
19 2007 8 0 0 0 0 0
19 2007 9 255.09 1731.08 221.144 12.3559 0
96 2007 1 1687.07 13704.1 17191.1 2528.2 312.776
96 2007 2 1036.41 1745.2 2636.07 410.827 31.9689
96 2007 3 4157.97 12114.3 9981.98 1591.16 56.3203
96 2007 4 92.6638 727.018 636.087 194.791 21.9004
96 2007 5 196.708 1805.33 1307.27 178.756 5.65318
96 2007 6 183.698 3655.84 1031.6 46.8487 0.36945
86 2007 1 1981.12 14368.6 15892 2808.77 395.425
96 2007 7 9865.32 28588.2 1494.4 68.8902 12.7367
86 2007 2 1088.99 1854.42 2515.21 359.173 32.9824
96 2007 8 0 0 0 0 0
86 2007 3 2591.9 13332.8 10113.4 1631.75 181.415
96 2007 9 146.574 1713.1 348.483 15.8293 0.527635
86 2007 4 71.6755 793.709 596.211 177.888 32.9763
86 2007 5 212.458 1774.12 1282.27 206.157 18.6987
86 2007 6 157.377 3561.49 1172.67 28.9115 2.5912
76 2007 1 1778.1 14605.9 15598.2 3254.74 138.397
86 2007 7 9381.51 29171.4 1364.61 72.9214 12.2446
76 2007 2 1144.53 1705.86 2555.07 419.104 35.9153
86 2007 8 0 40.3718 9.87821 0 0
76 2007 3 3470.34 13234 9164.21 1929.79 61.9326
86 2007 9 205.449 1697.22 283.937 34.3361 3.56545
76 2007 4 98.3364 695.463 602.865 255.551 20.2438
76 2007 5 204.858 1851.86 1211.23 205.148 10.7637
76 2007 6 126.61 3708.08 1011.03 74.1757 3.14024
66 2007 1 1728.13 15038.6 15577.5 2834.95 204.896
76 2007 7 10822.3 27306.3 1642.12 145.645 14.2684
66 2007 2 1017.81 1880.98 2476.83 407.744 58.6429
76 2007 8 1.52273 18.2727 28.4242 2.0303 0
66 2007 3 5448.44 11505.5 9085.62 1689.96 98.1497
76 2007 9 144.49 1743.58 295.9 40.0555 0.480373
66 2007 4 80.846 766.147 630.878 171.772 22.8176
