66 1992 6 0 47.1468 140.033 0 0
56 1992 1 194.774 1357.94 4071.85 1006.77 88.4398
66 1992 7 544.17 913.692 121.688 14.5891 5.73647
56 1992 2 122.768 507.189 3101.21 248.151 77.4333
66 1992 8 580.035 902.128 236.194 21.0131 0
56 1992 3 934.927 1696.62 6811.28 2898.5 226.151
66 1992 9 3353.01 2841.32 434.695 66.5994 6.50129
56 1992 4 0 0 0 0 0
56 1992 5 0 14.137 11.0637 1.2293 0
56 1992 6 0 81.1113 106.069 0 0
46 1992 1 154.188 1468.04 4045.84 945.219 112.052
56 1992 7 591.781 857.249 140.758 11.7773 1.53617
46 1992 2 186.336 768.049 2499.09 565.038 38.2364
56 1992 8 231.916 992.085 248.229 238.15 28.9895
46 1992 3 609.998 2077.13 6855.89 2576.38 511.553
56 1992 9 2561.67 3377.55 681.013 81.3958 0.501225
46 1992 4 0 0 0 0 0
46 1992 5 0.0911379 16.2282 9.78541 0.325292 0
46 1992 6 1.8351 75.0555 110.289 0 0
46 1992 7 567.33 905.142 121.257 8.83613 1.63492
46 1992 8 383.685 1015.85 148.382 175.159 16.2939
46 1992 9 3057.06 3093.8 516.776 25.7212 8.77019
89 1992 1 99.621 1345.34 4093.65 1077.91 83.923
89 1992 2 202.373 716.386 2724.8 312.134 101.054
89 1992 3 605.442 1975.13 7153.61 2506.42 339.763
89 1992 4 0 0 0 0 0
89 1992 5 0 19.2218 7.20818 0 0
89 1992 6 1.29986 32.1716 71.8173 81.8913 0
79 1992 1 141.232 1383.22 3932.69 1137.53 116.073
89 1992 7 635.91 827.327 124.355 11.5235 0.6346
79 1992 2 280.472 813.374 2644.2 305.309 13.3951
89 1992 8 838.124 585.349 192.284 119.872 3.74058
79 1992 3 606.718 2261.8 7522.08 2055.41 160.249
89 1992 9 2975.66 3318.16 339.66 21.1032 7.03005
79 1992 4 0 0 0 0 0
79 1992 5 0 22.4361 2.34933 1.64453 0
79 1992 6 0 33.0318 93.8522 53.6897 6.60635
69 1992 1 125.965 1572.31 3825.29 1041.63 124.13
79 1992 7 553.391 938.072 89.389 20.9225 2.42567
69 1992 2 127.48 688.963 2745.65 470.382 24.277
79 1992 8 397.57 1292.1 49.6963 0 0
69 1992 3 761.714 2681.22 6222.45 2587.57 329.469
79 1992 9 3651.54 2619.25 405.151 26.1928 0
69 1992 4 0 0 0 0 0
69 1992 5 0.536261 20.5751 3.62887 1.5598 0.129984
69 1992 6 0 66.2329 111.784 7.85371 1.30895
59 1992 1 142.188 1687.77 3933.57 862.244 90.4839
69 1992 7 531.508 924.853 126.504 14.1033 3.6047
59 1992 2 162.919 643.518 2846.11 355.469 48.7372
69 1992 8 266.907 1082.23 324.295 55.4982 10.4404
59 1992 3 527.21 2625.07 6822.85 2339.64 276.424
69 1992 9 2766.01 3394.9 477.6 60.12 3.49954
59 1992 4 0 0 0 0 0
59 1992 5 0.480545 24.0273 1.92218 0 0
59 1992 6 0 10.2098 150.23 26.74 0
49 1992 1 196.463 1636.54 3869 951.355 65.8836
59 1992 7 627.858 829.892 126.795 15.6686 3.98594
49 1992 2 218.881 852.05 2607.64 334.978 43.2042
59 1992 8 468.292 1176.4 94.6795 0 0
49 1992 3 766.784 2460.36 6683.84 2387.51 224.896
59 1992 9 2790.26 3405.28 437.978 60.8822 7.73011
49 1992 4 0 0 0 0 0
49 1992 5 0 0 0 0 0
49 1992 6 0 38.5371 148.643 0 0
39 1992 1 147.373 1692.84 3862.3 958.637 55.6554
49 1992 7 465.398 991.883 120.041 18.7554 3.04958
39 1992 2 234.65 696.896 2616.66 491.868 16.6724
49 1992 8 470.504 561.198 696.518 11.1498 0
39 1992 3 708.578 2297.31 6801.04 2556.68 150.386
49 1992 9 3466.85 2653.61 510.287 64.245 7.13806
39 1992 4 0 0 0 0 0
39 1992 5 1.10125 25.3287 0 0 0
39 1992 6 0 109.188 38.9958 38.9958 0
39 1992 7 514.779 916.617 152.39 20.2127 0.200508
39 1992 8 362.636 999.432 322.706 54.5961 0
39 1992 9 3261.1 3124.09 295.476 21.4644 0
96 1992 1 153.919 1712.13 3813.11 937.751 108.429
96 1992 2 203.798 674.266 2545.28 616.191 17.2094
96 1992 3 564.851 2321.28 6974.06 2450.96 319.799
96 1992 4 0 0 0 0 0
96 1992 5 0 26.43 0 0 0
96 1992 6 0 91.8073 95.3727 0 0
96 1992 7 533.357 953.879 110.598 4.59322 1.77388
96 1992 8 1165.45 402.307 162.884 8.72594 0
96 1992 9 2894.04 3309.41 451.7 45.5991 1.38393
99 1992 1 134.885 1367.53 4064.42 1071.55 84.2055
99 1992 2 230.966 1186.21 2133.14 488.999 17.4298
99 1992 3 412.752 2480.42 6758.98 2573.52 330.002
99 1992 4 0 0 0 0 0
99 1992 5 0 26.43 0 0 0
99 1992 6 0 50.231 117.806 19.1434 0
99 1992 7 594.393 847.377 133.097 26.3295 3.00356
99 1992 8 448.85 910.197 357.243 23.0806 0
99 1992 9 3216.72 3140.78 342.398 2.2308 0
3 1992 1 174.621 1346.82 3951.89 1139.62 100.934
3 1992 2 248.214 748.188 2425.28 486.567 148.5
3 1992 3 554.49 2294.9 7108.79 2225.75 417.338
3 1992 4 0 0 0 0 0
3 1992 5 0 0 0 0 0
3 1992 6 0 23.3975 163.782 0 0
3 1992 7 570.421 896.195 121.844 13.169 2.57145
3 1992 8 760.033 712.071 220.813 46.4533 0
3 1992 9 3324.93 2858.23 456.076 62.541 0.357724
52 1992 1 166.995 1468.17 4011.97 964.273 113.935
52 1992 2 264.621 841.283 2243.1 667.208 40.5414
52 1992 3 714.863 1813.17 7331.75 2434.15 225.489
52 1992 4 0 0 0 0 0
52 1992 5 0.410404 23.9516 2.06803 0 0
52 1992 6 0.813826 44.9594 116.449 24.9573 0
42 1992 1 151.207 1614.98 3832.45 1053.29 51.219
52 1992 7 495.225 967.754 119.093 11.5036 7.25952
42 1992 2 238.411 857.66 2399.2 556.257 5.2257
52 1992 8 498.55 960.243 211.357 67.445 1.77487
42 1992 3 1082.42 2548.53 6283.92 2399.69 316.398
52 1992 9 2750.8 3417.81 459.506 69.6618 4.34514
42 1992 4 0 0 0 0 0
42 1992 5 0.391556 23.8849 2.15356 0 0
32 1992 1 307.521 1281.2 4062.25 968.106 83.5733
42 1992 6 0 83.5625 103.617 0 0
32 1992 2 234.24 613.912 2682.35 488.888 37.3642
42 1992 7 476.225 943.732 136.015 25.1868 5.61779
32 1992 3 571.982 2154.74 7452.5 2104.9 255.191
42 1992 8 559.083 993.926 91.0135 86.6796 8.66796
32 1992 4 0 0 0 0 0
42 1992 9 2934.27 3205.09 516.416 45.0922 1.25567
32 1992 5 0 17.9392 7.02246 1.46833 0
22 1992 1 142.148 1398.23 4067.73 1027.89 89.3465
32 1992 6 0 82.1225 96.5494 0 8.50818
22 1992 2 298.583 1149.13 2246.71 337.944 24.3795
32 1992 7 580.356 907.701 98.385 15.143 2.61551
22 1992 3 692.253 2865.11 6884.92 1971.76 120.371
32 1992 8 637.517 846.486 129.122 126.245 0
22 1992 4 0 0 0 0 0
32 1992 9 3406.73 2753.63 474.479 53.4586 4.26292
22 1992 5 0.255362 21.3228 4.85188 0 0
22 1992 6 0 90.7539 96.4261 0 0
12 1992 1 199.295 1470.66 4039.54 901.59 114.26
12 1992 2 171.288 681.332 2529.9 580.009 94.2216
22 1992 7 513.895 934.805 140.845 10.2052 4.44936
12 1992 3 673.022 1605.92 7598.27 2434.14 319.595
22 1992 8 546.978 1068.97 123.423 0 0
12 1992 4 0 0 0 0 0
22 1992 9 2308.65 3900.47 469.24 20.859 2.91091
12 1992 5 0 0 0 0 0
12 1992 6 0 112.308 74.872 0 0
12 1992 7 510.234 939.627 121.816 23.3524 9.1711
12 1992 8 244.122 502.114 622.858 370.277 0
12 1992 9 2944.23 3282.17 438.402 37.3334 0
55 1992 1 113.119 1400.37 4126.49 1000.56 78.3012
55 1992 2 230.917 673.542 2713.12 388.669 50.5062
55 1992 3 601.506 2265.31 7665.54 1950.95 147.638
55 1992 4 0 0 0 0 0
55 1992 5 0 15.3652 10.0283 1.03647 0
55 1992 6 0 42.5907 144.589 0 0
45 1992 1 101.562 1372.2 4136.06 1015.34 88.9648
55 1992 7 535.203 935.374 120.799 12.002 0.821035
45 1992 2 265.577 677.548 2469.06 606.307 38.2581
55 1992 8 132.772 540.384 725.764 340.451 0
45 1992 3 803.027 2885.33 5854.98 2774.77 212.468
55 1992 9 3246.41 2800.35 575.33 76.7305 3.31119
45 1992 4 0 0 0 0 0
45 1992 5 2.99208 19.4485 3.98943 0 0
45 1992 6 0 106.231 80.9493 0 0
35 1992 1 180.807 1460.49 3965.08 1007.53 98.957
45 1992 7 540.884 922.928 112.56 21.6346 3.75704
35 1992 2 154.112 924.282 2611.39 332.22 34.7499
45 1992 8 654.49 905.534 130.474 44.6329 4.23849
35 1992 3 892.466 2316.95 6903.03 2222.42 197.077
45 1992 9 2838.01 3534.06 307.226 22.8353 0
35 1992 4 0 0 0 0 0
35 1992 5 0 18.5094 7.39896 0.521645 0
25 1992 1 155.154 1387.44 4031.78 1026 97.9461
35 1992 6 0 46.0522 128.996 11.2655 0.866574
25 1992 2 225.913 1142.57 2121.06 547.042 20.1681
35 1992 7 462.516 994.272 126.17 14.8017 1.33572
35 1992 8 245.849 1099.27 371.023 23.2245 0
25 1992 3 741.574 1951.62 7699.57 1816.83 407.315
25 1992 4 0 0 0 0 0
35 1992 9 3010.96 3329.15 336.707 25.3078 0
25 1992 5 0 17.3311 7.79902 1.29984 0
15 1992 1 120.7 1483.6 4251.26 782.503 87.2722
25 1992 6 0 29.0994 103.646 37.245 17.19
15 1992 2 218.834 764.164 2477.95 544.116 51.689
25 1992 7 618.511 849.464 117.473 17.0378 1.71443
15 1992 3 560.921 1926.39 7199.28 2721.3 158.618
25 1992 8 227.07 836.209 621.136 54.9551 0
15 1992 4 0 0 0 0 0
25 1992 9 3409.55 2705.2 428.157 62.991 2.88636
15 1992 5 0 7.87277 16.3079 1.12468 1.12468
15 1992 6 0 36.3961 150.784 0 0
15 1992 7 625.406 856.798 111.205 6.56811 3.02889
15 1992 8 665.176 830.736 229.726 13.7319 0
15 1992 9 2786.61 3310.16 524.538 74.2984 6.52252
92 1992 1 89.9389 1438.09 4087.67 1054.82 54.8198
92 1992 2 203.791 699.2 2742.67 398.024 13.0645
92 1992 3 386.579 2085.04 7544.03 2108.3 324.554
92 1992 4 0 0 0 0 0
92 1992 5 1.47879 16.6957 8.07007 0.185474 0
92 1992 6 0 4.45667 182.723 0 0
82 1992 1 141.722 1545.14 3806.39 1166.82 65.2739
92 1992 7 614.741 812.088 135.45 33.4047 0.448226
82 1992 2 233.375 774.952 2626.34 385.561 36.5227
92 1992 8 141.894 1270.97 186.509 119.13 20.8724
82 1992 3 557.003 2405.98 7350.28 2060.39 257.3
92 1992 9 2669.44 3542.01 421.452 64.4762 4.74521
82 1992 4 0 0 0 0 0
82 1992 5 0.719184 12.6297 9.24538 3.48334 0.3524
82 1992 6 0 129.586 57.5938 0 0
72 1992 1 148.392 1265.32 4366.72 835.262 106.586
82 1992 7 545.372 927.19 92.5031 26.2669 0.546658
72 1992 2 294.307 968.411 2408.85 346.853 38.3307
82 1992 8 481.447 865.442 344.033 45.1197 3.32788
72 1992 3 385.313 2544.21 7029.4 2318.38 315.484
82 1992 9 3232.54 2906.15 495.729 67.0723 0.639821
72 1992 4 0 0 0 0 0
72 1992 5 0.843511 14.8425 8.88036 1.52481 0.338846
72 1992 6 0 69.8728 117.307 0 0
62 1992 1 167.315 1448.24 3834.68 1151.57 75.2178
48 1992 1 164.708 1473.02 3843.7 1148.21 89.8583
72 1992 7 422.441 1019.75 140.309 15.2427 2.68925
62 1992 2 269.95 941.868 2288.52 520.813 35.5996
48 1992 2 262.559 721.797 2637.87 381.623 52.9006
72 1992 8 352.421 776.843 511.418 98.6877 0
62 1992 3 782.319 2571.2 6718.49 2330.77 163.972
48 1992 3 571.29 2113.1 7206.24 2364.93 297.992
72 1992 9 2802.96 3335.86 516.942 35.475 1.3556
62 1992 4 0 0 0 0 0
48 1992 4 0 0 0 0 0
62 1992 5 0.293667 15.2481 10.4816 0.406615 0
48 1992 5 0.335975 24.0782 2.01585 0 0
62 1992 6 0 30.4748 148.197 7.44466 1.06352
48 1992 6 0 36.4191 146.63 4.13131 0
38 1992 1 236.567 1156.24 4141.19 1136.81 36.8585
62 1992 7 519.804 916.209 147.766 14.7505 0.278346
48 1992 7 507.594 930.299 137.6 19.955 0.875177
38 1992 2 223.27 742.559 2485.81 556.713 48.3987
62 1992 8 694.545 814.359 222.728 7.73876 0
48 1992 8 422.12 797.19 306.056 208.482 5.52181
38 1992 3 377.449 2505.6 6712.76 2672.8 284.467
62 1992 9 3168.01 3089.48 351.831 27.7044 2.83059
48 1992 9 3716.28 2522.4 377.743 59.1864 0
38 1992 4 0 0 0 0 0
6 1992 1 202.803 1622.22 3714.54 1116.88 68.9024
6 1992 2 190.175 647.646 2709.84 494.364 14.723
38 1992 5 0 10.932 9.73 5.76801 0
6 1992 3 497.699 2084.86 7118.97 2366.2 549.016
28 1992 1 133.351 1363.1 4090.56 1050.64 87.6893
38 1992 6 0 55.1614 121.738 9.92621 0.354508
6 1992 4 0 0 0 0 0
28 1992 2 275.379 906.861 2298.84 522.744 52.9229
38 1992 7 614.36 860.947 115.061 7.65745 2.80651
6 1992 5 0 26.43 0 0 0
28 1992 3 699.083 2028.96 7814.87 1758.34 329.697
38 1992 8 0 773.742 882.572 83.0561 0
6 1992 6 0 11.4738 175.706 0 0
28 1992 4 0 0 0 0 0
38 1992 9 3310.35 2874.39 467.894 30.9597 6.6546
6 1992 7 661.074 809.61 119.909 9.40234 1.86761
28 1992 5 0 26.43 0 0 0
6 1992 8 188.505 589.556 587.658 325.335 48.3158
18 1992 1 69.881 1244.39 4304.45 1033.81 53.0421
28 1992 6 0 59.4222 112.159 9.09903 6.49931
6 1992 9 2909.48 3129.83 578.819 72.8067 0
18 1992 2 220.666 965.933 2354.12 490.101 21.018
28 1992 7 542.344 901.341 137.024 19.4149 4.07653
18 1992 3 788.994 2144.57 6949.28 2437.27 297.224
28 1992 8 650.596 844.919 235.442 8.41319 0
18 1992 4 0 0 0 0 0
28 1992 9 2982.35 3165.61 450.576 100.785 2.80615
18 1992 5 2.643 21.144 2.643 0 0
18 1992 6 0 66.85 74.49 30.56 15.28
18 1992 7 466.764 1006.69 118.216 9.30449 3.22538
18 1992 8 362.369 413.483 667.278 296.24 0
18 1992 9 2722.09 3427.88 474.556 77.5995 0
95 1992 1 222.301 1545.83 3882.38 991.263 78.2245
95 1992 2 206.796 998.296 2302.17 504.552 44.9418
95 1992 3 1011.97 2110.44 6691.69 2471.03 345.809
95 1992 4 0 0 0 0 0
95 1992 5 0 20.2938 6.1362 0 0
95 1992 6 0 54.5942 132.586 0 0
85 1992 1 138.951 1460.15 3943.24 1108.31 65.9772
95 1992 7 523.64 941.975 116.455 15.0639 5.72682
85 1992 2 156.49 605.058 2872.81 387.046 35.3449
95 1992 8 689.75 685.905 357.255 5.53646 0.922743
85 1992 3 421.94 2106.68 6994.6 2711.79 301.276
95 1992 9 3203.49 3020.16 426.269 51.4788 0.726125
85 1992 4 0 0 0 0 0
85 1992 5 0 0.961091 12.0136 13.4553 0
85 1992 6 0 24.9573 162.223 0 0
75 1992 1 99.9855 1702 3892.2 951.615 64.2664
85 1992 7 524.138 883.395 185.196 11.2689 0.201903
75 1992 2 113.861 758.652 2609.4 532.371 42.4639
85 1992 8 471.333 817.892 447.594 2.5504 0
75 1992 3 327.24 2157.94 7630.82 2261.6 240.743
85 1992 9 3225.58 3016.64 413.382 44.5741 1.95581
75 1992 4 0 0 0 0 0
75 1992 5 0.259118 16.4355 8.16221 1.57321 0
75 1992 6 0 35.0962 131.738 20.3457 0
65 1992 1 146.077 1335.28 4095 1065.55 83.4385
75 1992 7 472.017 971.3 120.037 30.5055 6.54173
65 1992 2 217.208 453.574 3091.95 247.183 35.7041
75 1992 8 593.432 679.345 461.071 5.52181 0
65 1992 3 935.965 2465.86 6693.62 2316.92 123.01
75 1992 9 2782.81 3217.34 596.407 70.8126 1.57995
65 1992 4 0 0 0 0 0
65 1992 5 0 0 0 0 0
65 1992 6 0 59.5573 127.623 0 0
65 1992 7 541.501 930.6 115.784 11.2644 1.17888
65 1992 8 936.584 393.031 113.074 162.884 0
65 1992 9 2960.78 3041.13 609.791 47.3719 3.28199
9 1992 1 277.296 1543.71 3800.71 1021.53 60.7129
9 1992 2 273.333 1076.48 2238.56 421.622 46.762
9 1992 3 369.608 2064.69 7409.53 2439.75 332.762
9 1992 4 0 0 0 0 0
9 1992 5 0.235982 25.2501 0.943929 0 0
9 1992 6 0 46.795 127.906 8.31911 4.15956
9 1992 7 515.56 907.412 172.725 3.69919 0.680468
9 1992 8 104.124 1123.33 462.951 48.9609 0
9 1992 9 2846.64 3110.91 671.336 72.0788 1.16843
98 1992 1 186.772 1667.72 3858.01 922.822 67.272
98 1992 2 311.896 965.294 2184.74 541.652 53.1686
98 1992 3 647.551 2369.85 6956.58 2303.87 278.704
98 1992 4 0 0 0 0 0
98 1992 5 0.229826 26.0278 0.17237 0 0
98 1992 6 0 69.0783 118.102 0 0
88 1992 1 174.308 1693.97 3794.96 920.684 116.117
98 1992 7 591.165 870.478 122.224 13.7133 5.48206
88 1992 2 200.598 923.937 2431.81 405.099 95.3053
98 1992 8 869.685 845.527 24.1579 0 0
88 1992 3 430.15 2328.49 7018.32 2432.35 326.792
98 1992 9 2666.84 3564.46 448.172 22.2883 0.364325
88 1992 4 0 0 0 0 0
88 1992 5 0 26.43 0 0 0
88 1992 6 0 97.9095 29.254 58.9468 1.0696
78 1992 1 115.505 1403.48 4043.22 1111.72 51.4175
88 1992 7 549.173 902.208 120.966 23.4128 2.33636
78 1992 2 183.439 853.566 2506.79 461.027 51.9295
88 1992 8 806.664 695.033 181.274 56.3984 0
78 1992 3 484.082 2068.65 7834.48 2085.71 158.033
88 1992 9 3267.27 2861.47 447.193 95.2298 5.82251
78 1992 4 0 0 0 0 0
78 1992 5 0.0575817 21.7402 4.02983 0.602393 0
78 1992 6 0 93.59 40.11 44.5667 8.91333
68 1992 1 69.8707 1409.41 4105.18 1012.13 117.949
78 1992 7 446.63 1054.32 89.1534 9.32543 0.581738
68 1992 2 216.985 670.748 2744.85 375.36 48.8045
78 1992 8 387.575 1122.14 227.577 2.0781 0
68 1992 3 409.164 2238.37 7092.62 2447.77 379.629
78 1992 9 3410.63 2895.33 363.821 25.2436 7.10193
68 1992 4 0 0 0 0 0
68 1992 5 0.809082 20.3619 5.25903 0 0
68 1992 6 0 35.6533 151.527 0 0
58 1992 1 198.302 1621.76 3817.91 954.598 104.884
68 1992 7 557.077 916.771 98.6104 17.8402 3.10751
58 1992 2 246.085 671.2 2622.33 443.04 74.0912
68 1992 8 747.98 423.433 380.329 187.629 0
58 1992 3 585.411 1885.51 7503.05 2354.9 243.17
100 1992 1 133.531 1226.17 4260.3 1043.47 50.319
68 1992 9 2912.71 3179.73 532.269 40.3459 0.65044
58 1992 4 0 0 0 0 0
100 1992 2 193.878 669.325 2638.14 516.583 32.4407
58 1992 5 0.566357 19.4317 4.94817 0.834632 0.649158
100 1992 3 452.199 3011.84 7131.78 1860.68 120.582
58 1992 6 2.73477 47.7066 120.786 13.8258 2.12705
100 1992 4 0 0 0 0 0
58 1992 7 530.693 938.546 117.262 12.6652 1.67803
100 1992 5 0 26.43 0 0 0
58 1992 8 448.647 825.683 345.952 108.546 10.5416
100 1992 6 0 0 176.6 10.5797 0
58 1992 9 3265.22 2958.19 453.8 23.3436 1.57164
100 1992 7 599.153 888.767 94.112 19.468 2.70067
100 1992 8 271.673 1181.67 286.03 0 0
100 1992 9 2777.07 3428.28 405.421 66.882 4.10848
21 1992 1 300.943 1289.95 4015.4 1040.84 67.2976
21 1992 2 179.321 887.859 2524.14 369.172 96.2533
21 1992 3 566.402 2130.68 6670.37 3033.08 166.818
21 1992 4 0 0 0 0 0
21 1992 5 1.58565 19.4968 5.24742 0.100114 0
11 1992 1 131.448 1433.12 4015.97 998.794 131.722
21 1992 6 0 17.0164 148.285 21.8782 0
11 1992 2 335.458 999.765 2323.45 385.207 12.8653
21 1992 7 456.032 979.173 121.131 34.0881 4.89238
11 1992 3 680.368 2695.47 6761.55 2211.54 255.85
21 1992 8 695.748 665.111 161.671 206.608 10.2316
11 1992 4 0 0 0 0 0
21 1992 9 2871.7 3259.35 501.866 16.9356 0
11 1992 5 0.24586 9.09772 12.7444 2.92618 1.41589
11 1992 6 0 128.686 58.4937 0 0
11 1992 7 586.114 900.761 89.8069 24.0311 3.48698
11 1992 8 318.884 913.179 405.27 85.3797 16.6561
11 1992 9 3053.84 3197.52 395.695 48.9688 6.10079
2 1992 1 207.349 1400.08 3984.11 1015.18 95.9194
2 1992 2 210.616 671.759 2691.22 433.567 49.5824
2 1992 3 839.54 2010.32 8157.52 1433.84 146.52
2 1992 4 0 0 0 0 0
2 1992 5 0 17.62 4.405 3.88676 0.518235
2 1992 6 0 28.4839 158.696 0 0
2 1992 7 504.635 931.7 125.885 37.0542 3.58996
14 1992 1 185.702 1498.86 3939.59 1036.56 64.6231
2 1992 8 477.85 818.895 385.895 49.6078 7.12273
14 1992 2 202.454 874.394 2562.65 369.701 47.5465
2 1992 9 2946.15 3353.88 360.64 23.7043 5.92061
14 1992 3 773.711 2339.25 7261.89 1889.1 366.995
14 1992 4 0 0 0 0 0
14 1992 5 2.1144 19.5934 4.36976 0.3524 0
14 1992 6 0 54.5942 132.586 0 0
14 1992 7 517.241 933.167 128.05 16.545 1.71812
14 1992 8 454.221 745.308 371.527 168.314 0
14 1992 9 3176.84 3021.38 428.732 67.3813 7.79833
71 1992 1 194.16 1551.8 3962.7 932.314 84.3714
71 1992 2 219.312 919.67 2410.58 446.471 60.7141
71 1992 3 815.195 2267.89 6431.8 2667.59 448.483
71 1992 4 0 0 0 0 0
71 1992 5 0 26.43 0 0 0
71 1992 6 0 62.3933 116.988 0 7.79917
61 1992 1 173.753 1308.4 4214.41 941.433 87.3488
71 1992 7 513.298 976.038 106.945 4.27269 1.05738
61 1992 2 267.29 875.379 2577.04 283.691 53.347
71 1992 8 269.305 1188.51 266.157 15.4024 0
61 1992 3 700.891 2207.63 7239.66 1963.39 429.909
71 1992 9 2610.99 3405.88 621.596 63.6633 0
61 1992 4 0 0 0 0 0
61 1992 5 1.0572 18.501 6.8718 0 0
61 1992 6 0 77.9917 109.188 0 0
51 1992 1 141.565 1465.77 4085.76 945.888 64.8802
61 1992 7 565.788 911.888 104.567 15.7837 4.97987
51 1992 2 212.529 1100.24 2258.34 480.557 5.07895
61 1992 8 442.757 1216.2 69.6882 10.7238 0
51 1992 3 624.915 2746.19 6931.99 2069.3 179.617
61 1992 9 3447.85 2586.37 619.335 43.9233 4.65604
51 1992 4 0 0 0 0 0
5 1992 1 235.08 1590.12 3884.6 944.008 62.4301
51 1992 5 0 26.43 0 0 0
5 1992 2 237.492 786.153 2736.52 273.201 23.3809
51 1992 6 0 62.7478 124.432 0 0
41 1992 1 109.694 1656.43 3899.69 941.971 112.083
5 1992 3 387.214 2615.49 7454.19 1870.92 250.989
51 1992 7 550.081 908.089 131.573 7.14129 4.27396
41 1992 2 129.999 541.857 2829.8 540.913 14.1796
5 1992 4 0 0 0 0 0
51 1992 8 754.532 939.743 44.2895 0.805264 0
41 1992 3 467.642 3002.26 6850.12 2031.17 279.749
5 1992 5 0 21.8047 4.405 0.22025 0
51 1992 9 3045.82 3120.21 521.087 15.0134 0
41 1992 4 0 0 0 0 0
5 1992 6 0 0 153.488 33.6924 0
41 1992 5 0 18.0605 7.15813 0.991125 0.22025
5 1992 7 555.211 889.565 124.28 29.4539 3.22931
17 1992 1 204.076 1336.41 3696.38 1357.22 110.145
31 1992 1 281.102 1368.84 3895.91 1092.36 73.478
41 1992 6 0 93.0228 94.1572 0 0
5 1992 8 399.708 674.5 422.819 242.343 0
17 1992 2 150.58 899.586 2299.41 617.828 73.439
31 1992 2 224.202 671.004 2752.19 347.697 61.6576
41 1992 7 583.071 861.911 132.898 16.7431 2.38318
5 1992 9 3136.38 3155.93 377.366 12.0725 0.926412
17 1992 3 367.049 2585.38 6424.8 2941.32 164.831
31 1992 3 368.58 2058.12 7606.67 2328.92 268.659
41 1992 8 326.132 720.26 645.968 47.01 0
17 1992 4 0 0 0 0 0
31 1992 4 0 0 0 0 0
41 1992 9 2735.73 3138.28 783.394 43.4445 1.28771
31 1992 5 1.35538 14.8211 7.88988 1.71902 0.644634
17 1992 5 0.39645 18.0002 7.91741 0.115921 0
31 1992 6 0 41.9205 141.36 3.89958 0
17 1992 6 0 37.436 86.4666 63.2774 0
31 1992 7 584.512 895.378 100.621 18.1232 1.32908
17 1992 7 535.459 938.747 105.541 18.4732 2.37999
31 1992 8 701.481 771.458 252.218 14.2123 0
17 1992 8 410.051 687.556 312.055 184.419 42.9727
17 1992 9 2610.14 3467.14 559.754 57.3688 7.72841
31 1992 9 2591.54 3713.19 354.316 37.3305 5.74747
74 1992 1 149.021 1377.55 4111.72 983.867 73.1772
74 1992 2 200.439 542.595 2712.15 532.336 69.2274
74 1992 3 733.688 2820.09 6291.59 2294.66 390.216
74 1992 4 0 0 0 0 0
74 1992 5 0.574565 20.6843 5.17109 0 0
74 1992 6 0 110.228 70.0192 0 6.93259
64 1992 1 133.567 1435 4140.39 919.6 96.7773
74 1992 7 537.197 906.075 115.993 32.5354 3.56456
64 1992 2 201.328 685.64 2697.13 423.413 49.2428
74 1992 8 621.204 525.462 447.141 141.523 4.04035
64 1992 3 545.111 2327.47 7287.13 2225.62 218.45
74 1992 9 3170.27 3094.27 404.255 19.5987 2.74677
64 1992 4 0 0 0 0 0
64 1992 5 0.695526 17.34 7.708 0.686494 0
64 1992 6 0 23.6438 147.041 13.7464 2.74928
54 1992 1 219.212 1583.64 3850.76 993.938 55.1427
64 1992 7 550.322 911.526 120.264 20.1302 1.95757
54 1992 2 246.091 801.476 2503.43 499.608 6.14127
64 1992 8 745.444 349.314 444.946 190.462 9.20302
54 1992 3 702.645 2585.14 6913 2246.79 170.361
64 1992 9 2661.87 3538.56 436.106 61.3201 4.27242
54 1992 4 0 0 0 0 0
8 1992 1 171.691 1588.89 3811.5 1040.56 98.1535
54 1992 5 0.332453 20.5504 5.40504 0.142097 0
8 1992 2 222.481 817.999 2550.13 441.442 24.6938
54 1992 6 0 27.4153 150.311 7.56283 1.89071
44 1992 1 103.916 1661.32 3848.7 1022.37 89.0357
8 1992 3 588.946 2381.28 6797.82 2525.46 203.714
54 1992 7 551.009 904.315 118.814 21.4753 1.79495
44 1992 2 285.174 818.962 2547.93 390.827 13.8527
8 1992 4 0 0 0 0 0
54 1992 8 593.134 746.902 394.811 4.52264 0
44 1992 3 532.205 2319.78 7099.2 2350.99 328.784
8 1992 5 0 0 0 0 0
54 1992 9 3417.84 2785.32 431.301 41.2592 0.677051
44 1992 4 0 0 0 0 0
8 1992 6 0 107.688 79.4915 0 0
44 1992 5 0.4405 17.1287 7.84429 1.01654 0
8 1992 7 507.677 937.89 137.611 17.9883 3.03469
44 1992 6 0 27.0371 103.719 55.6533 0.770288
34 1992 1 281.379 1410.41 3967.01 996.122 70.421
8 1992 8 163.066 924.04 652.264 0 0
44 1992 7 569.067 906.032 95.6916 21.6167 3.48129
34 1992 2 279.748 940.75 2416.36 364.754 55.1354
8 1992 9 3674.44 2576.55 417.882 17.6697 2.15857
44 1992 8 110.687 268.451 1038.11 315.681 6.44211
34 1992 3 494.269 2399.66 7225.79 2357.71 153.523
44 1992 9 3534.46 2522.18 563.905 54.0263 0.540494
34 1992 4 0 0 0 0 0
34 1992 5 0 24.0163 2.4137 0 0
24 1992 1 178.531 1312.88 4136.45 1013.4 47.5586
34 1992 6 0 163.782 23.3975 0 0
24 1992 2 272.465 896.044 2466.77 377.869 43.6028
34 1992 7 604.804 839.441 139.259 12.3742 5.80077
24 1992 3 717.075 2273.21 6964.47 2260.01 383.929
34 1992 8 396.698 500.699 778.793 63.1793 0
24 1992 4 0 0 0 0 0
34 1992 9 3049.94 3002.88 569.788 75.8325 3.68818
24 1992 5 0.997358 16.9295 7.82543 0.677692 0
24 1992 6 0 23.3975 93.59 46.795 23.3975
24 1992 7 587.246 885.36 114.359 13.2668 1.67707
24 1992 8 640.53 651.667 431.461 13.0937 2.61874
24 1992 9 3324.95 2743.96 552.475 32.4943 9.35224
91 1992 1 275.724 1354.32 3980.16 1027.35 79.0911
91 1992 2 284.534 993.719 2247.77 469.762 60.9618
91 1992 3 713.002 2422.56 6554.13 2600.23 231.782
91 1992 4 0 0 0 0 0
91 1992 5 0 22.4852 3.94478 0 0
91 1992 6 0 70.1925 116.988 0 0
81 1992 1 168.511 1539.15 3952.8 992.772 63.5258
67 1992 1 179.053 1289.37 4079.62 1072.42 101.576
91 1992 7 521.59 947.279 110.533 12.0321 2.31542
81 1992 2 243.764 789.873 2474.21 527.832 21.0694
67 1992 2 252.784 845.104 2471.91 462.148 24.8038
91 1992 8 744.958 630.288 111.851 233.855 18.4169
81 1992 3 364.685 2980.18 6900.95 2118.58 235.857
67 1992 3 727.969 2159.4 6929.97 2574.54 184.867
91 1992 9 2724.09 3628.96 307.088 18.9131 0.623686
81 1992 4 0 0 0 0 0
67 1992 4 0 0 0 0 0
81 1992 5 0 0 0 0 0
67 1992 5 0 23.0791 3.35095 0 0
81 1992 6 0 0 165.788 21.392 0
67 1992 6 0 65.9587 100.424 13.8652 6.93259
57 1992 1 298.936 1348.97 3977.5 1004.52 86.3121
81 1992 7 507.876 961.689 125.802 5.55771 3.27463
67 1992 7 514.39 945.841 122.793 11.0044 2.79268
57 1992 2 213.094 857.924 2381.44 526.863 77.424
81 1992 8 579.79 0 402.303 686.282 70.9947
67 1992 8 522.963 698.279 397.555 119.894 0.678911
57 1992 3 534.702 2285.84 7126.13 2322.06 320.634
81 1992 9 3395.18 2753.26 512.837 40.8571 0
67 1992 9 3302.68 2851.66 501.132 44.4673 2.19245
57 1992 4 0 0 0 0 0
57 1992 5 0 26.43 0 0 0
57 1992 6 1.72782 102.229 40.0277 43.1954 0
47 1992 1 133.226 1399.53 4029.24 1086.29 71.3201
57 1992 7 545.292 912.892 102.861 29.0989 4.94837
47 1992 2 306.981 873.73 2534.08 321.876 20.0838
57 1992 8 344.324 917.606 477.439 0 0
47 1992 3 333.622 1893.1 7586.19 2354.25 431.447
57 1992 9 2951.2 3288.61 398.766 49.1017 6.11902
47 1992 4 0 0 0 0 0
47 1992 5 0 17.8647 8.56528 0 0
47 1992 6 0 22.4616 131.547 22.0612 11.1107
37 1992 1 153.701 1347.61 4140.02 1005.77 78.2342
47 1992 7 471.662 933.266 154.887 27.2749 7.67418
37 1992 2 287.917 892.836 2416.72 445.844 13.4357
47 1992 8 599.314 948.932 154.329 36.7944 0
37 1992 3 398.553 2228.53 6951.81 2792.3 189.821
47 1992 9 3293.24 2896.17 464.594 48.1323 0
37 1992 4 0 0 0 0 0
37 1992 5 0.180205 12.5524 10.6809 2.72918 0.287283
27 1992 1 142.61 1559.16 3962.3 1003.3 57.9709
37 1992 6 0 44.438 123.285 18.2877 1.16971
27 1992 2 216.844 824.718 2552.1 429.378 33.7103
37 1992 7 462.314 985.776 142.977 9.29917 1.28042
27 1992 3 537.173 2690.38 6731.34 2532.6 139.465
37 1992 8 618.634 832.295 189.378 99.0636 0
27 1992 4 0 0 0 0 0
37 1992 9 3242.22 2902.56 508.374 45.5666 3.41075
27 1992 5 0.235982 17.8799 7.73953 0.574565 0
27 1992 6 0 67.0217 82.4653 37.693 0
27 1992 7 472.783 938.127 157.496 25.9264 1.7933
27 1992 8 499.549 772.167 274.618 181.611 11.4244
27 1992 9 3037.66 2966.63 628.143 60.304 9.38343
94 1992 1 265.119 1478.3 4030.96 863.191 60.9556
94 1992 2 226.649 1063.29 2378.51 384.726 3.57331
94 1992 3 949.319 2608.82 6678.92 2102.92 250.09
94 1992 4 0 0 0 0 0
94 1992 5 0 0 0 0 0
94 1992 6 0 36.457 125.048 14.2154 11.46
84 1992 1 254.551 1564.09 3635.38 1157.94 113.383
94 1992 7 530.114 938.755 119.201 16.1299 0
84 1992 2 196.262 738.66 2599.18 492.37 30.2728
94 1992 8 474.374 798.945 441.084 24.967 0
84 1992 3 709.452 2100.51 6955.64 2351.24 514.101
94 1992 9 2768.79 3513.42 367.039 41.7482 11.1387
84 1992 4 0 0 0 0 0
84 1992 5 0 4.98679 12.9657 8.47755 0
84 1992 6 0 85.7908 81.3342 13.37 6.685
84 1992 7 672.272 830.705 83.7909 16.5863 0.845951
84 1992 8 496.024 946.27 205.168 88.3588 3.54973
84 1992 9 3005.27 3161.69 478.419 51.7453 5.00185
97 1992 1 133.303 1331.79 3930.39 1273.05 51.6058
97 1992 2 306.81 800.2 2386.38 541.803 21.5582
97 1992 3 555.347 2169.65 7340.54 2302.29 263.121
97 1992 4 0 0 0 0 0
97 1992 5 0 22.8584 3.57162 0 0
97 1992 6 0 37.696 149.484 0 0
87 1992 1 322.475 1423.35 3884.95 978.86 103.694
97 1992 7 591.808 907.715 90.2629 10.7282 2.54898
87 1992 2 205.976 601.148 2854.62 338.059 56.9492
97 1992 8 438.064 1160.15 132.632 8.52632 0
87 1992 3 627.811 2648.93 7085.42 1885.42 312.085
97 1992 9 2690.94 3354.53 570.88 71.8494 3.54235
87 1992 4 0 0 0 0 0
87 1992 5 0.335619 23.1053 2.3773 0.611806 0
87 1992 6 0 37.436 117.656 30.3053 1.78267
77 1992 1 195.505 1465.34 4056.84 917.296 74.9963
87 1992 7 503.152 940.031 127.734 23.2392 5.44697
77 1992 2 203.114 864.637 2588.7 366.581 33.7229
87 1992 8 473.488 792.505 234.293 239.084 0
77 1992 3 643.486 2386.17 7065.87 2316.73 204.785
87 1992 9 3074.12 3047.88 450.335 87.3013 0
77 1992 4 0 0 0 0 0
77 1992 5 0.587333 20.6606 4.93812 0.243969 0
77 1992 6 0 33.425 149.298 4.45667 0
77 1992 7 547.161 933.154 110.126 12.2768 1.48291
77 1992 8 708.398 937.091 90.3134 3.56794 0
77 1992 9 2715.33 3590.8 365.238 29.1822 1.58
40 1992 1 166.617 1548.89 3694.71 1200.63 109.104
40 1992 2 205.419 1036.29 2410.27 354.669 50.1047
40 1992 3 718.791 2814.9 6286.92 2519.61 290.739
40 1992 4 0 0 0 0 0
40 1992 5 1.3215 22.4655 2.643 0 0
30 1992 1 109.12 1587.21 3987.84 975.738 44.8004
40 1992 6 0 109.188 77.9917 0 0
30 1992 2 239.108 1119.55 2149.31 514.352 34.431
40 1992 7 609.361 892.295 88.4704 12.7969 1.27621
30 1992 3 578.213 2782.88 6935.7 2015.19 203.488
40 1992 8 513.272 876.209 318.829 31.0602 0
30 1992 4 0 0 0 0 0
40 1992 9 3251.74 2907.36 426.527 107.555 8.95007
30 1992 5 0.357162 19.5145 6.27104 0.287283 0
20 1992 1 137.929 1276.34 4158.15 1063.57 72.9534
30 1992 6 0 37.436 149.744 0 0
20 1992 2 227.466 756.542 2618.96 397.82 55.9573
30 1992 7 538.062 909.585 131.173 22.8355 1.22252
20 1992 3 477.038 2799.91 6565.18 2518.43 236.624
30 1992 8 212.322 1075.26 348.575 103.216 0
20 1992 4 0 0 0 0 0
30 1992 9 3724.26 2498.46 455.481 23.9288 0
20 1992 5 1.08123 18.656 6.35173 0.341032 0
10 1992 1 222.594 1373.25 4077.14 968.874 74.7419
20 1992 6 0 24.9573 145.584 0 16.6382
10 1992 2 241.878 972.617 2367.05 455.21 19.9941
20 1992 7 517.992 933.779 128.449 22.5264 1.45427
10 1992 3 870.351 2137.29 6822.7 2389.16 367.293
20 1992 8 422.867 811.708 345.519 155.595 3.68121
10 1992 4 0 0 0 0 0
20 1992 9 2755.43 3442.7 434.751 65.7478 3.50973
10 1992 5 2.03308 19.8225 4.57442 0 0
10 1992 6 0 52.5326 124.858 3.19057 6.59929
10 1992 7 579.064 878.758 124.479 19.9248 1.97402
10 1992 8 735.895 647.943 260.658 85.144 9.73074
10 1992 9 3847.49 2381.95 418.858 53.8383 0
33 1992 1 169.553 1488.58 3814.32 1166.46 83.2234
33 1992 2 271.702 892.871 2369.86 466.225 56.0968
33 1992 3 352.113 2243.91 6926.06 2871.69 159.788
33 1992 4 0 0 0 0 0
1 1992 1 263.981 1649.61 3767.02 875.465 148.005
33 1992 5 2.18235 20.5835 3.66412 0 0
1 1992 2 252.729 418.508 2911.34 415.858 58.3134
23 1992 1 143.928 1535.7 3906.31 1057.71 81.6959
33 1992 6 0 85.7908 70.1925 25.9972 5.19944
1 1992 3 431.12 2049.59 7447.31 2403.75 239.81
23 1992 2 228.163 820.488 2628.98 346.3 32.8164
33 1992 7 496.414 947.019 149.995 8.80778 1.9644
1 1992 4 0 0 0 0 0
23 1992 3 394.571 2751.6 6787.76 2326.3 328.482
33 1992 8 670.595 651.146 396.603 17 4.02632
1 1992 5 0.664906 23.198 2.46695 0.100114 0
23 1992 4 0 0 0 0 0
33 1992 9 3476.62 2637.1 509.216 72.0112 7.18012
1 1992 6 0 2.46289 132.723 43.1007 8.89379
23 1992 5 0.374894 18.3917 6.92928 0.734167 0
1 1992 7 588.557 902.304 91.1518 7.74262 0.392884
13 1992 1 140.118 1527.93 3884.95 1090.17 82.1754
23 1992 6 0 0 153.384 20.7978 12.9986
1 1992 8 360.594 1058.03 276.853 40.0068 3.8881
13 1992 2 122.865 898.747 2543.18 452.813 39.1469
23 1992 7 544.513 906.76 131.744 18.474 2.70975
1 1992 9 3028.42 3104.05 473.34 45.9754 2.81444
13 1992 3 715.893 2930.14 6209.03 2494.89 280.996
23 1992 8 382.355 1009.29 342.968 4.75563 0
13 1992 4 0 0 0 0 0
23 1992 9 3149.75 3092.75 447.208 12.4216 0
13 1992 5 0 16.5188 9.43929 0.471964 0
13 1992 6 0 68.6327 118.547 0 0
13 1992 7 543.914 937.529 101.435 18.7014 2.62076
13 1992 8 313.087 1272.11 146.265 7.90623 0
13 1992 9 2999.98 3275.4 381.104 42.0046 3.63971
90 1992 1 309.493 1298.97 3933.07 1089.92 82.2261
90 1992 2 251.022 880.756 2544.75 288.954 85.6764
90 1992 3 936.703 2273.3 6808.59 2158.01 299.184
90 1992 4 0 0 0 0 0
90 1992 5 0.604114 19.6482 4.9578 1.21985 0
90 1992 6 0 83.1911 103.989 0 0
80 1992 1 210.224 1465.06 3876.5 1025.34 98.008
90 1992 7 485.741 970.268 125.485 5.25254 0.526105
80 1992 2 149.573 889.544 2522.01 452.806 42.8202
90 1992 8 112.334 746.134 678.303 93.8879 0
80 1992 3 603.919 2184.59 6850.47 2408.27 525.491
90 1992 9 3289.7 2878.44 505.792 25.2627 2.93777
80 1992 4 0 0 0 0 0
80 1992 5 0 18.6565 4.66412 3.10941 0
80 1992 6 0 12.3812 98.7569 74.5795 1.46234
70 1992 1 86.2068 1288.43 4081.11 1173.59 80.9017
80 1992 7 565.448 867.059 147.464 12.7618 5.19622
70 1992 2 173.56 951.155 2480.27 379.694 72.068
80 1992 8 388.491 868.318 408.666 73.8948 0
70 1992 3 643.359 2212.71 6963.53 2702.42 108.923
80 1992 9 3396.1 2813.82 468.17 23.1518 0.88926
70 1992 4 0 0 0 0 0
70 1992 5 0 0 0 0 0
70 1992 6 0 62.3933 62.3933 62.3933 0
60 1992 1 159.885 1722.13 3905.34 860.188 75.114
70 1992 7 605.03 851.254 118.832 26.651 2.43219
60 1992 2 220.138 779.816 2734.13 299.384 23.2791
70 1992 8 719.163 614.148 341.222 64.8381 0
60 1992 3 486.527 1995.2 7364.52 2378.37 352.751
70 1992 9 3076.16 3161.21 398.912 60.8639 4.99188
60 1992 4 0 0 0 0 0
60 1992 5 0.773218 18.7469 5.73525 1.17467 0
60 1992 6 0 94.7899 81.1593 9.359 1.8718
50 1992 1 130.942 1713.84 3898.29 889.193 93.0666
36 1992 1 291.256 1150.28 4137.99 1098.09 47.7228
60 1992 7 526.789 918.837 125.885 27.3348 5.35407
50 1992 2 230.237 677.427 2516.63 551.801 80.6568
36 1992 2 165.768 829.517 2492.68 523.924 44.8601
60 1992 8 513.675 1135.34 90.3569 0 0
50 1992 3 797.871 2268.45 6327.59 2799.84 400.054
36 1992 3 712.675 1651.1 7538.18 2456.27 260.152
60 1992 9 3030.45 3262.8 347.7 51.017 10.1625
50 1992 4 0 0 0 0 0
36 1992 4 0 0 0 0 0
4 1992 1 137.726 1259.55 4149.79 1066.42 93.77
50 1992 5 1.45704 19.0262 5.94675 0 0
36 1992 5 0 21.7032 4.57576 0.151029 0
4 1992 2 284.471 1030.57 2094.81 596.452 50.4427
50 1992 6 0 62.3933 124.787 0 0
26 1992 1 178.913 1499.69 3889.08 1052.37 99.0641
36 1992 6 0 151.248 20.8906 15.0413 0
4 1992 3 320.435 2445.96 7321.65 2189.13 317.056
50 1992 7 491.906 945.686 146.298 13.2915 4.39856
26 1992 2 277.175 892.252 2545.58 295.888 45.8554
36 1992 7 550.261 937.409 99.7424 14.113 2.67542
4 1992 4 0 0 0 0 0
50 1992 8 835.801 611.218 283.184 9.16664 0
26 1992 3 560.165 2031.49 7277.4 2261.77 448.098
36 1992 8 522.647 633.227 386.262 197.233 0
4 1992 5 0.783111 10.4252 8.01354 6.48736 0.720818
50 1992 9 2774.69 3330.3 459.174 68.7436 5.57344
26 1992 4 0 0 0 0 0
36 1992 9 3178.26 2901.41 592.9 28.6899 0.865163
4 1992 6 1.89071 52.9398 132.349 0 0
26 1992 5 0 24.5212 1.61517 0.293667 0
4 1992 7 583.716 873.459 133.78 8.3372 0.669207
26 1992 6 0 62.3933 101.909 20.7978 2.07978
4 1992 8 853.873 606.213 174.439 100.454 4.39235
16 1992 1 241.414 1324.74 4110.35 989.118 59.7216
4 1992 9 3357.68 2707 526.801 92.7101 8.15344
16 1992 2 128.759 963.759 2551.03 341.964 71.2339
26 1992 7 472.283 1005.92 108.786 14.6367 0.0829044
16 1992 3 667.167 2442.68 6919.75 2246.75 354.605
26 1992 8 473.84 939.087 301.671 24.7721 0
16 1992 4 0 0 0 0 0
26 1992 9 2598.55 3661.99 399.63 38.1961 3.76598
16 1992 5 0.166226 22.2619 2.80323 1.19864 0
16 1992 6 0 9.359 177.821 0 0
16 1992 7 564.015 892.47 131.651 11.828 4.23594
16 1992 8 165.654 1441.37 119.739 12.6041 0
16 1992 9 3044.66 3233.99 349.54 66.3536 7.59363
93 1992 1 220.595 1576.21 3827.59 1000.51 78.6537
93 1992 2 264.819 941.559 2328.89 470.576 50.9056
93 1992 3 561.069 2295.32 7433.62 1995.52 321.358
93 1992 4 0 0 0 0 0
93 1992 5 0 23.7331 2.69694 0 0
93 1992 6 0 84.231 100.141 2.8077 0
83 1992 1 113.85 1505.52 4085.74 920.275 97.1942
93 1992 7 403.228 991.379 166.096 20.4915 9.97311
83 1992 2 179.133 890.807 2466.7 478.89 41.2213
93 1992 8 333.071 497.872 426.08 467.73 14.6166
83 1992 3 455.727 2498.59 7012.52 2462.67 186.658
93 1992 9 3130.16 2944.34 556.69 28.5744 4.18109
83 1992 4 0 0 0 0 0
83 1992 5 0 26.43 0 0 0
83 1992 6 0 12.8828 105.37 66.2456 2.68182
73 1992 1 117.449 1495.85 4035.44 1022.98 47.3899
83 1992 7 538.296 939.262 115.541 8.50528 1.33721
73 1992 2 259.313 729.21 2676.77 340.886 50.5667
83 1992 8 808.192 744.974 170.674 15.5301 0
73 1992 3 900.162 2243.95 6746.9 2279.97 386.534
83 1992 9 2699.16 3586.37 322.684 89.4965 4.42146
73 1992 4 0 0 0 0 0
73 1992 5 0.419524 17.0546 8.95592 0 0
73 1992 6 0 46.5753 140.605 0 0
63 1992 1 93.0422 1541.8 4037.68 968.792 84.0268
73 1992 7 573.011 885.15 114.606 27.5223 3.91016
63 1992 2 237.321 955.234 2490.46 351.154 22.5817
73 1992 8 574.758 829.746 281.162 53.7041 0
63 1992 3 690.668 2062.81 7421.04 2296.13 160.294
73 1992 9 2667.57 3285.59 722.274 26.7014 0
63 1992 4 0 0 0 0 0
63 1992 5 1.07149 21.5901 3.76843 0 0
63 1992 6 0 35.6533 144.842 6.36667 0.318333
53 1992 1 115.911 1356.45 4271.95 865.367 101.975
63 1992 7 557.065 905.319 120.688 16.236 0.271749
53 1992 2 154.174 562.471 2872.41 425.48 42.2167
63 1992 8 857.879 881.491 0 0 0
53 1992 3 732.079 1923.85 6861.34 2738.08 348.25
63 1992 9 3305.29 2927.91 393.654 68.2152 7.06708
53 1992 4 0 0 0 0 0
7 1992 1 119.013 1675.33 3706.14 1135.34 83.2973
53 1992 5 0.961091 20.1829 5.286 0 0
7 1992 2 241.287 594.888 2704.28 458.644 57.6498
53 1992 6 0 52.6024 60.3373 71.9714 2.26885
29 1992 1 84.09 1438.4 3999.73 1123.01 66.1619
43 1992 1 266.911 1388.63 4079.84 881.284 82.4139
7 1992 3 518.699 2124.25 7312.2 2429.28 200.973
53 1992 7 588.98 899.182 99.1823 12.5257 4.33027
29 1992 2 219.304 760.375 2294.89 717.316 64.8592
43 1992 2 274.196 909.683 2317.98 514.13 40.764
7 1992 4 0 0 0 0 0
53 1992 8 971.239 426.305 336.671 5.15537 0
43 1992 3 640.182 2518.17 6957.12 2135.92 324.514
7 1992 5 0 14.0409 7.15812 4.405 0.825937
29 1992 3 782.714 2986.25 5997.6 2500.94 303.58
53 1992 9 3011.12 2982.41 586.442 75.8289 0.989366
43 1992 4 0 0 0 0 0
7 1992 6 0 84.491 87.0907 15.5983 0
29 1992 4 0 0 0 0 0
43 1992 5 0 20.0312 6.39884 0 0
7 1992 7 545.054 903.403 137.547 12.6696 2.26524
29 1992 5 0.978889 23.9828 1.46833 0 0
43 1992 6 0 114.388 72.7922 0 0
7 1992 8 184.006 1331.54 223.824 0 0
19 1992 1 154.875 1357 3972.69 1162.57 78.2074
29 1992 6 0 63.8932 118.83 4.45667 0
43 1992 7 573.948 878.948 138.724 10.9776 0.349353
7 1992 9 3204.61 2900.34 562.051 33.8492 1.28425
19 1992 2 249.057 1033.16 2374.67 389.672 10.1891
29 1992 7 518.907 931.471 116.992 26.3389 2.69043
43 1992 8 580.327 651.258 283.061 215.271 9.4531
19 1992 3 892.593 2471.55 6798.72 1985.2 372.687
29 1992 8 1043.62 79.0331 370.233 231.47 15.0115
43 1992 9 3576.66 2537.59 454.271 119.076 14.5335
19 1992 4 0 0 0 0 0
29 1992 9 3288.67 2921.31 441.617 48.6083 1.919
19 1992 5 0 18.5836 5.36859 2.47781 0
19 1992 6 0 55.0529 132.127 0 0
19 1992 7 529.819 945.412 106.432 18.8138 0.292204
19 1992 8 528.773 1015.53 138.645 49.6963 6.7222
19 1992 9 3591.3 2546.16 473.465 82.0726 9.13206
86 1992 1 116.906 1608.81 3976.23 945.958 77.439
86 1992 2 204.809 708.957 2531.26 474.484 137.239
86 1992 3 297.508 3317.4 6230.32 2371.06 414.663
86 1992 4 0 0 0 0 0
86 1992 5 0 22.3846 3.55996 0.485449 0
86 1992 6 0 114.222 66.3106 6.64702 0
76 1992 1 237.481 1357.83 3895.98 1139.21 72.7171
86 1992 7 553.476 892.905 145.939 3.19485 4.19228
76 1992 2 320.081 733.148 2429.05 520.07 54.4044
86 1992 8 193.263 193.263 1352.84 0 0
76 1992 3 596.409 2663.23 6745.87 2279.94 331.071
86 1992 9 2950.18 3068.04 617.118 53.1818 2.26806
76 1992 4 0 0 0 0 0
76 1992 5 0.300341 19.7391 5.85832 0.532271 0
76 1992 6 0 94.5856 68.699 19.0001 4.89522
66 1992 1 150.068 1605.47 3893.25 1010.03 52.6516
76 1992 7 546.392 920.015 96.1315 25.4231 6.79441
66 1992 2 264.584 974.088 2408.63 389.956 19.4908
76 1992 8 472.655 1088.24 169.248 9.22743 0
66 1992 3 1048.75 2841.32 6540.26 1847.24 283.674
76 1992 9 2997.95 3303.96 364.053 20.784 3.61788
66 1992 4 0 0 0 0 0
66 1992 5 1.11873 13.7654 9.08515 2.46072 0
