95 2003 1 931.852 4579.02 8899.47 1695.81 128.637
95 2003 2 465.487 699.007 1365.14 295.912 31.1127
95 2003 3 1184.02 4062.96 7189.74 1654.87 79.8869
95 2003 4 34.1204 323.636 306.204 91.8108 8.61848
95 2003 5 122.42 462.647 252.312 24.8157 1.70478
95 2003 6 156.111 1530.91 1192.31 79.2081 3.67014
85 2003 1 866.562 4263.08 9622.9 1431.81 214.172
95 2003 7 2205.69 3710.19 467.972 47.5056 0.394398
85 2003 2 443.279 676.792 1520.07 216.699 15.9939
95 2003 8 196.623 616.63 222.307 38.3507 2.29032
85 2003 3 2358.63 3777.68 6860.45 1225.57 95.3945
95 2003 9 124.495 666.983 249.261 34.8089 5.92274
85 2003 4 54.6733 318.985 336.157 49.6153 4.9598
85 2003 5 129.071 459.621 222.536 47.9537 4.7193
85 2003 6 105.562 1375.13 1378.27 90.0162 13.232
75 2003 1 793.908 4663.85 9037.49 1623.54 158.785
85 2003 7 2274.63 3641.08 458.991 47.655 7.73326
75 2003 2 439.378 765.903 1366.81 217.342 33.1931
85 2003 8 152.816 532.091 325.927 59.4089 5.95731
75 2003 3 1721.68 4411.63 6490.59 1395.84 126.613
85 2003 9 100.917 645.618 281.803 45.2347 7.89704
75 2003 4 71.7749 387.337 237.594 63.1 4.58486
75 2003 5 59.8581 394.921 315.109 85.7501 8.26165
75 2003 6 158.516 1604.44 1090.79 95.983 12.4856
65 2003 1 1017.3 5003.87 8688.2 1564 94.3324
75 2003 7 2227.3 3566.67 598.932 32.8277 5.71831
65 2003 2 459.846 638.329 1461.28 290.116 15.4506
75 2003 8 140.497 669.852 228.502 35.0676 2.28089
65 2003 3 1480.17 4623.79 6487.54 1558.39 85.3244
75 2003 9 127.378 668.294 227.361 45.4554 12.9817
65 2003 4 43.9826 308.331 320.387 84.0486 7.64104
65 2003 5 142.98 456.001 214.941 47.7828 2.19521
65 2003 6 94.0815 1733.03 1017.58 100.098 17.4248
65 2003 7 2079.09 3809.81 480.554 52.8775 11.7405
65 2003 8 179.227 552.416 253.143 82.2611 9.15302
65 2003 9 97.2854 680.502 259.112 40.2924 4.27783
9 2003 1 832.993 4094.24 9419.35 1954.13 96.6828
9 2003 2 421.985 585.704 1561.54 285.561 14.8647
9 2003 3 1718.91 4241.72 6850.86 1504.27 39.4047
9 2003 4 65.8011 318.578 297.438 79.7677 2.80501
9 2003 5 90.4844 458.908 255.073 56.2806 3.15397
9 2003 6 95.3045 1548.23 1219.15 93.3224 6.20141
9 2003 7 2283.17 3617.84 473.008 55.7904 6.02391
9 2003 8 175.86 647.769 210.712 39.3546 2.50412
9 2003 9 130.906 707.692 218.94 22.2247 1.70722
98 2003 1 1180.14 4704.29 8571.48 1795.25 138.325
98 2003 2 327.009 577.519 1525.83 398.817 35.5536
98 2003 3 1454.86 4619.07 6915.08 1276.65 62.7324
98 2003 4 69.5878 336.113 285.947 64.7579 7.98388
98 2003 5 97.568 470.541 252.519 36.5951 6.67685
98 2003 6 99.5786 1703.43 1036.43 118.136 4.64222
88 2003 1 1167.82 3551.61 9547.52 1799.41 114.463
98 2003 7 1836.88 4044.98 461.694 85.4043 8.18458
88 2003 2 407.24 588.697 1623.84 207.028 31.194
98 2003 8 181.466 623.59 226.663 43.6223 0.859137
88 2003 3 1455.12 4356.02 6835.7 1395.35 136.228
98 2003 9 120.994 753.987 189.071 16.8042 0.614297
88 2003 4 72.4332 328.256 292.77 64.3645 6.56676
88 2003 5 94.9863 434.314 267.222 63.9009 3.47698
88 2003 6 166.032 1275.6 1317.86 175.386 27.3328
78 2003 1 740.305 4039.78 9465.97 1894.43 176.435
88 2003 7 2284.51 3506.25 585.103 43.9216 7.44299
78 2003 2 348.207 680.111 1603.48 189.177 35.2818
88 2003 8 164.257 718.569 146.844 21.71 4.88986
78 2003 3 1240.65 4669.2 6733.93 1569.38 60.1025
88 2003 9 144.56 685.988 222.251 25.1651 3.50575
78 2003 4 47.5104 313.693 316.115 79.3959 7.67565
78 2003 5 150.277 447.269 220.126 43.9654 2.26182
78 2003 6 96.5546 1620.55 1148.9 92.7553 3.44965
68 2003 1 927.8 4746.69 9086.97 1498.56 165.499
78 2003 7 2133.42 3614.69 586.115 83.8767 10.5441
68 2003 2 459.105 832.11 1324.48 251.88 21.2652
78 2003 8 190.651 650.082 187.867 39.6692 7.93066
68 2003 3 2248.89 4316.54 6395.31 1325.74 96.8132
78 2003 9 104.979 704.161 214.198 52.3078 5.82357
68 2003 4 45.9696 389.633 265.83 58.351 4.60645
68 2003 5 96.6539 498.812 222.004 42.7845 3.64569
68 2003 6 128.465 1698.17 1052.95 74.5326 8.1022
68 2003 7 1902.09 3818.02 630.959 60.7212 15.1255
68 2003 8 132.814 712.458 192.055 36.4186 2.45399
100 2003 1 856.116 4200.75 9361.48 1803.28 165.476
68 2003 9 121.497 620.398 279.341 48.7033 11.5304
100 2003 2 495.323 629.72 1506.08 223.663 19.9432
100 2003 3 1721.27 4496.43 6749.47 1197.3 76.4824
100 2003 4 24.3052 362.755 292.707 80.1042 4.51838
100 2003 5 134.319 473.947 206.83 45.7987 3.00551
100 2003 6 88.622 1678.39 1107.5 83.9882 3.70878
100 2003 7 2400.48 3497.72 493.608 34.2881 1.84031
100 2003 8 164.558 627.632 234.739 45.8234 3.44686
100 2003 9 145.491 719.607 184.586 26.1113 5.67417
21 2003 1 1047.87 4457.52 8768.73 1942.05 125.379
21 2003 2 421.892 644.169 1566.84 164.994 62.0661
21 2003 3 1152.01 4545.36 7028.43 1379.4 126.36
21 2003 4 64.0307 324.933 299.357 69.5552 6.51353
21 2003 5 104.642 433.55 273.027 36.6165 9.23494
11 2003 1 991.406 3562.51 10060.3 1620.5 130.759
21 2003 6 163.226 1519.02 1197.15 77.2232 5.59193
11 2003 2 433.738 654.861 1509.4 233.382 40.1116
21 2003 7 2113.49 3804.58 465.134 44.9602 3.60316
11 2003 3 1280.06 4468.75 7252.34 1260.73 104.118
21 2003 8 166.128 626.68 220.752 37.9215 3.19466
11 2003 4 71.8199 358.4 271.952 55.5411 6.67734
21 2003 9 106.347 637.819 296.757 35.4672 5.07948
11 2003 5 123.07 465.259 236.213 38.6638 0.693398
11 2003 6 143.041 1446.69 1259.71 90.3457 22.4216
11 2003 7 2222.72 3574.29 598.953 35.621 5.56317
11 2003 8 197.404 713.069 147.266 16.4426 2.01739
11 2003 9 152.184 639.916 254.862 29.0661 5.44254
2 2003 1 928.551 4237.75 9220.6 1830.44 198.64
2 2003 2 383.76 548.615 1580.48 269.004 94.9699
24 2003 1 1041.54 4041.98 9403.58 1736.3 96.6833
2 2003 3 1470.83 4630.53 6903.72 1262.78 82.4578
24 2003 2 412.812 594.776 1553.34 235.839 47.95
2 2003 4 30.6975 329.168 347.403 53.1649 3.95596
24 2003 3 1170.46 4108.79 7318.36 1501.43 92.118
2 2003 5 86.4599 470.387 241.67 61.5443 3.83887
24 2003 4 37.5621 340.344 307.334 72.7622 6.38719
2 2003 6 127.301 1759.67 965.757 98.1621 11.3208
24 2003 5 162.246 459.691 192.261 47.0611 2.6404
2 2003 7 1847.96 3936.28 555.164 87.1484 10.5904
14 2003 1 763.145 4270.15 9392 1785.74 132.714
24 2003 6 167.008 1471.47 1177.89 125.814 15.2664
2 2003 8 104.164 685.813 243.756 41.8072 0.660439
14 2003 2 410.071 654.556 1452.01 302.897 17.0392
24 2003 7 2589.79 3290.04 466.903 70.72 13.0549
2 2003 9 70.7759 642.294 310.799 54.6838 2.91725
14 2003 3 1843.57 4538.36 6344.91 1397.07 88.1051
24 2003 8 200.495 642.477 207.239 25.5809 0.407394
14 2003 4 54.9171 345.964 269.307 88.2008 6.00152
24 2003 9 112.632 602.056 327.904 37.8837 0.994455
14 2003 5 109.999 448.565 239.689 59.6639 5.98373
14 2003 6 74.1748 1520.79 1255.05 105.747 6.45003
14 2003 7 2129.15 3749.89 492.171 60.837 5.08398
14 2003 8 161.439 666.129 195.562 48.8899 4.18082
14 2003 9 104.937 643.576 286.211 45.8244 0.921536
81 2003 1 601.931 4557.19 9216.3 1837.33 112.024
81 2003 2 407.566 625.073 1455.52 286.223 42.8556
81 2003 3 1393.21 4295 6976.76 1473.6 84.8376
81 2003 4 77.6909 312.764 299.746 69.5486 4.64004
81 2003 5 136.548 419.199 261.508 44.7554 1.88977
81 2003 6 89.1882 1582.19 1173 95.5189 15.7498
71 2003 1 985.641 4077.04 9286.75 1812.5 112.346
81 2003 7 1974.16 3805.41 598.949 37.9367 4.2808
71 2003 2 426.701 746.212 1319.36 370.774 6.35252
81 2003 8 135.505 616.808 269.971 50.3984 3.51758
71 2003 3 1240.08 4287.57 7031.21 1645.8 60.545
81 2003 9 131.96 714.864 218.159 13.8346 2.65243
71 2003 4 46.2876 366.249 281.364 68.1046 2.38462
71 2003 5 141.311 473.211 203.687 45.0669 0.623304
71 2003 6 208.143 1448.19 1195.96 109.401 0.520142
61 2003 1 938.293 3866.46 9932.81 1453.29 245.794
71 2003 7 2121.88 3765.84 505.928 24.5116 1.94113
61 2003 2 464.767 778.853 1345.38 267.457 25.7355
71 2003 8 142.356 735.114 155.524 41.0962 2.10968
61 2003 3 1965.57 5032.1 5726.22 1604.89 66.9751
71 2003 9 130.131 710.603 227.573 9.8721 3.2907
61 2003 4 59.4948 330.38 306.791 63.893 3.83085
61 2003 5 118.732 421.052 282.283 38.1922 3.64111
61 2003 6 84.5542 1497.79 1280.07 96.8581 2.94474
51 2003 1 724.631 4170.14 9875.33 1393.67 128.851
61 2003 7 2247.09 3525.31 620.603 40.4687 0.602226
51 2003 2 453.024 525.5 1551.26 288.116 17.1699
61 2003 8 158.622 632.158 231.089 48.5326 5.79812
51 2003 3 1494.35 4299.9 6615.32 1713.85 96.6506
61 2003 9 70.1284 716.442 252.457 33.6207 8.8223
51 2003 4 57.3113 300.409 321.73 78.8228 6.11684
5 2003 1 722.408 4786.26 8567.07 1916.11 158.538
51 2003 5 132.656 398.997 266.026 60.6229 5.59843
5 2003 2 470.782 587.535 1391.33 268.786 69.6013
51 2003 6 131.073 1618.3 1155.83 55.0103 1.99377
41 2003 1 1430.61 3942.69 9154.5 1709.81 112.754
5 2003 3 1456.44 4651.63 6208.94 1643.43 60.076
51 2003 7 2225.02 3586.32 558.704 51.6252 4.77475
41 2003 2 444.391 615.426 1535.25 217.175 18.6006
5 2003 4 66.9173 305.332 291.019 92.5375 8.58425
51 2003 8 185.21 580.809 275.063 34.4056 0.711304
41 2003 3 1482.44 4820.98 6090.04 1881.33 57.7497
5 2003 5 118.026 457.46 259.352 28.9313 0.129423
51 2003 9 152.337 682.554 215.123 28.2488 3.2066
41 2003 4 54.032 316.967 311.203 80.1845 2.00426
5 2003 6 115.574 1482.57 1219.65 129.858 14.5547
41 2003 5 79.4802 465.911 249.816 58.2611 1.27414
5 2003 7 2107.94 3599.54 631.708 78.0501 5.11636
17 2003 1 1035.79 4071.13 9297.11 1755.93 163.161
31 2003 1 1073.72 4286.13 9269.85 1601.54 151.34
41 2003 6 166.29 1579.09 1134.86 72.4028 9.5677
5 2003 8 227.376 588.158 215.049 42.3251 3.29262
31 2003 2 471.722 670.422 1415.89 299.24 21.9341
41 2003 7 2471.95 3356.42 508.884 84.7162 8.57486
5 2003 9 151.519 663.096 208.402 55.9567 2.49634
17 2003 2 429.602 738.221 1367.88 293.219 20.7183
31 2003 3 1498.41 5054.34 6322.49 1370.5 115.987
41 2003 8 174.5 632.953 209.665 52.1261 0.806886
17 2003 3 1421.69 4363.63 6728.44 1645.46 77.8973
31 2003 4 29.1413 313.497 346.335 71.2875 4.12919
41 2003 9 122.622 613.541 302.882 39.6476 2.77688
17 2003 4 62.8774 343.092 299.593 57.8517 0.976713
31 2003 5 106.861 458.198 248.486 36.1379 2.72926
17 2003 5 102.638 431.6 275.875 48.6914 5.09597
17 2003 6 100.045 1651.75 1124.86 78.9965 3.93562
31 2003 6 65.9266 1716.08 1120.09 48.0991 2.45162
17 2003 7 2098.23 3734.4 541.885 52.4158 5.73826
31 2003 7 2104.55 3683.67 587.864 47.675 4.02435
17 2003 8 168.704 638.522 202.154 59.519 7.30105
31 2003 8 116.944 621.416 283.768 46.848 4.3389
17 2003 9 134.655 689.057 217.326 34.0358 6.39588
31 2003 9 103.356 674.645 260.843 40.9222 1.70413
74 2003 1 1128.76 4211.58 9027.73 1731.78 218.134
74 2003 2 424.173 614.733 1488.44 320.978 27.898
74 2003 3 1823.83 3859.49 7203.68 1381.9 50.0222
74 2003 4 63.231 301.886 324.608 68.4817 6.1829
74 2003 5 97.5111 496.568 202.622 57.0469 3.01205
74 2003 6 113.577 1429.06 1328.47 82.3123 8.78515
64 2003 1 851.774 4484.79 9195.41 1677.4 155.773
74 2003 7 2219.74 3671.04 506.877 30.839 3.1001
64 2003 2 420.435 734.135 1476.3 220.732 7.53771
74 2003 8 163.564 594.248 251.22 65.9259 1.24278
64 2003 3 1407.42 4534.93 6923.69 1377.55 72.3366
74 2003 9 147.67 591.199 286.494 52.6584 3.44903
64 2003 4 42.1826 301.291 325.209 88.9993 6.70755
64 2003 5 83.7538 520.714 206.255 51.8633 1.31416
64 2003 6 103.34 1534.82 1228.7 69.9699 23.0833
54 2003 1 765.541 4851.14 8900.19 1637.73 156.837
64 2003 7 2480.76 3384.71 532.656 26.721 5.5071
54 2003 2 402.363 688.388 1472.99 221.684 36.1691
64 2003 8 117.918 635.009 269.353 51.515 2.40455
54 2003 3 1535.81 4755.13 6608.06 1171.04 90.8214
64 2003 9 122.266 699.461 221.098 35.9632 2.68248
54 2003 4 36.4883 321.286 312.527 85.7313 8.35768
8 2003 1 1040.55 3771.22 9822.54 1515.13 203.611
54 2003 5 92.741 449.789 269.789 47.2893 4.29243
8 2003 2 439.148 656.336 1327.91 401.915 39.0738
54 2003 6 136.633 1596.38 1121.22 91.8228 16.1506
44 2003 1 851.516 4375 9243.93 1695.81 152.614
8 2003 3 1133.53 5091.05 6686.22 1287.69 77.0308
54 2003 7 2395.74 3463.49 521.683 42.9273 7.98127
44 2003 2 304.072 757.625 1581.39 173.096 40.3721
8 2003 4 50.3664 329.045 320.541 55.01 9.42711
54 2003 8 138.858 563.662 299.068 69.3152 5.29755
44 2003 3 1525.12 4528.98 6825.88 1213.87 204.486
8 2003 5 111.991 415.57 292.768 42.8722 0.69847
54 2003 9 106.711 675.778 265.028 24.6792 9.27436
44 2003 4 52.1037 313.115 324.052 66.9079 8.21166
8 2003 6 102.044 1762.06 1056.87 36.866 4.36914
44 2003 5 115.535 451.207 248.379 42.4183 6.36098
8 2003 7 2274.63 3497.2 602.887 54.1369 2.91721
44 2003 6 131.06 1678.31 996.118 152.789 3.93139
34 2003 1 1126.36 3830.31 9446.16 1699.19 192.158
8 2003 8 129.091 714.923 184.988 42.8432 4.35445
44 2003 7 1965.46 3737.25 651.786 66.7797 11.0801
8 2003 9 155.944 591.607 303.042 26.8883 3.98806
34 2003 2 323.312 509.517 1732.77 237.86 36.5567
44 2003 8 161.048 688.122 185.227 38.9297 2.87311
34 2003 3 2066.83 3951.46 6531.62 1419.33 162.788
44 2003 9 108.811 680.603 248.272 31.9125 11.8715
34 2003 4 61.2804 326.441 299.982 69.2074 7.47901
34 2003 5 126.143 429.304 250.927 54.0951 3.43115
34 2003 6 104.005 1741.8 1017.53 82.2094 14.3395
34 2003 7 2186.45 3653.54 507.168 79.0696 8.37208
34 2003 8 153.718 648.482 235.067 36.5605 2.37209
34 2003 9 72.1245 685.102 260.263 59.7839 4.19667
91 2003 1 1035.4 4565.98 8777.55 1751.51 208.355
77 2003 1 713.597 4644.92 9046.05 1672.15 192.172
91 2003 2 385.605 735.407 1324.74 364.707 21.9545
77 2003 2 417.862 663.666 1492.62 249.207 27.8175
91 2003 3 1775.81 4722.85 6468.18 1256.7 28.9267
77 2003 3 1505.29 4252.58 6598.39 1730.16 105.355
91 2003 4 61.1916 342.146 272.104 86.3743 2.57422
77 2003 4 51.1673 364.007 298.139 47.2301 3.84705
91 2003 5 89.59 486.666 213.294 66.3736 0.953269
77 2003 5 133.262 451.509 227.657 49.3326 2.13835
91 2003 6 127.135 1502.24 1137.53 175.988 12.2708
77 2003 6 132.438 1648.84 1076.58 97.6665 6.68126
67 2003 1 653.694 4842.5 9004.11 1534.09 168.617
91 2003 7 1941.15 3893.67 536.857 55.6007 0.947344
77 2003 7 2015.16 3785.44 572.608 51.7484 5.05293
67 2003 2 382.237 783.688 1393.21 206.185 20.6547
91 2003 8 150.898 612.026 260.076 52.2537 0.946902
77 2003 8 109.232 685.75 254.122 25.4982 1.59749
67 2003 3 1000.24 4726.07 6982.91 1329.71 94.1262
91 2003 9 112.071 641.382 297.856 25.459 4.70128
77 2003 9 99.7497 711.483 234.078 33.7487 2.41061
67 2003 4 24.1774 352.911 313.847 67.2765 6.17722
67 2003 5 76.1684 460.033 280.944 42.4712 4.28401
67 2003 6 85.6058 1627.64 1176.78 69.6698 2.50917
57 2003 1 702.919 4290.05 9453.44 1647.81 156.122
67 2003 7 2034.29 3707.23 616.993 39.6592 4.25891
57 2003 2 387.694 686.759 1415.3 289.852 45.4015
67 2003 8 179.168 614.907 233.238 38.6802 2.32317
57 2003 3 1949.33 3853.93 6778.8 1451.4 53.8376
67 2003 9 128.693 595.275 323.052 28.7958 5.65426
57 2003 4 44.5321 337.492 314.832 62.3431 5.19081
57 2003 5 94.2757 471.706 238.348 56.04 3.53021
57 2003 6 122.112 1602.37 1125.79 100.947 10.9964
47 2003 1 1132.65 4460.15 8937.62 1660.28 76.2325
57 2003 7 1886.17 3807.83 659.059 34.1681 6.01662
47 2003 2 497.448 741.379 1429.62 185.984 17.8494
57 2003 8 96.3257 757.834 190.288 30.8918 0.86135
47 2003 3 2041.19 3635.86 6703.07 1728.43 75.9622
57 2003 9 149.641 676.998 219.061 27.0251 8.74462
47 2003 4 95.7721 396.108 223.983 47.1426 1.38447
47 2003 5 120.127 439.322 257.559 44.7232 2.16905
47 2003 6 195.575 1582.14 1096.93 73.618 13.9507
37 2003 1 1320.87 4354.72 8685.82 1935.96 108.712
47 2003 7 2349.82 3537.6 504.131 36.1111 3.01172
37 2003 2 522.486 630.182 1523.34 179.092 24.8372
47 2003 8 171.787 613.064 265.639 24.9041 0.806018
37 2003 3 2146.15 4115.36 6534.93 1468.87 108.417
47 2003 9 132.228 707.763 225.049 14.3802 2.05009
37 2003 4 47.9572 341.887 299.377 71.8784 3.2906
37 2003 5 128.393 469.47 222.873 35.7751 2.48036
27 2003 1 951.701 4825.74 8611.6 1771.1 79.2779
37 2003 6 123.285 1459.1 1238.28 128.846 6.30754
27 2003 2 356.096 730.625 1441.02 271.423 16.6389
37 2003 7 2528.53 3429.86 402.967 67.4982 5.49012
27 2003 3 1477.33 3921.72 7013.91 1707.75 107.085
37 2003 8 150.616 612.894 241.014 57.3578 1.09668
27 2003 4 69.3714 328.086 281.152 82.6038 3.17639
37 2003 9 150.192 643.632 244.132 39.173 4.34097
27 2003 5 84.2635 460.572 257.308 58.3778 3.37921
27 2003 6 102.166 1590.74 1170.46 96.6845 2.15531
27 2003 7 2212.1 3541.89 628.98 47.2291 3.06333
27 2003 8 147.903 578.017 298.246 49.3856 2.64815
27 2003 9 107.576 775.098 164.591 33.5651 0.639923
94 2003 1 1105.72 4244.19 8853.32 2012.06 165.362
94 2003 2 475.33 817.984 1316.95 241.781 21.5009
94 2003 3 1913.94 4689.07 6298.3 1325.83 78.246
94 2003 4 52.6653 348.706 294.51 64.4458 4.06276
94 2003 5 100.222 506.15 209.566 44.4335 3.52911
94 2003 6 145.434 1565.67 1187.21 60.4548 3.44048
84 2003 1 745.201 4044.7 9519.38 1903.56 116.78
94 2003 7 2616.96 3231.15 541.626 42.2366 5.16623
84 2003 2 409.052 721.221 1377.8 287.348 56.6221
94 2003 8 144.126 631.99 248.031 48.1316 3.9219
84 2003 3 988.454 4149.2 7427.82 1588.8 105.159
94 2003 9 129.301 730.835 205.324 14.9804 1.03014
84 2003 4 38.636 297.966 321.004 99.19 7.59397
84 2003 5 87.131 514.943 218.149 41.5958 2.08191
84 2003 6 139.151 1553.12 1164.43 90.9022 14.6013
84 2003 7 2340.95 3530.16 520.204 36.2466 6.82359
84 2003 8 179.787 615.483 235.536 41.6609 3.73355
84 2003 9 105.131 707.036 232.566 35.1268 1.61036
97 2003 1 1087.87 3997.66 9529.25 1681.76 117.167
97 2003 2 459.479 561.552 1613.87 229.539 16.6993
97 2003 3 1770.24 4663.82 6460.54 1332.29 61.7118
97 2003 4 68.3581 291.362 317.613 83.058 3.99807
97 2003 5 97.5201 436.43 263.648 63.4321 2.86999
97 2003 6 207.119 1764.42 851.083 128.576 11.014
87 2003 1 808.957 4293.48 9204.86 1912.76 124.763
97 2003 7 2357.36 3429.9 594.381 49.3344 6.15639
87 2003 2 392.061 666.904 1541.96 221.474 29.2181
97 2003 8 209.127 590.645 243.167 30.6215 2.63901
87 2003 3 1301.92 4937.66 6135.55 1695.69 65.5634
97 2003 9 132.878 616.088 289.838 39.199 3.46741
87 2003 4 30.1089 294.569 354.706 81.0516 3.95442
87 2003 5 85.6439 417.693 287.167 68.9797 4.41664
87 2003 6 102.976 1510.11 1199.38 136.575 13.1625
87 2003 7 2148.9 3566.36 698.415 16.1205 1.65493
87 2003 8 141.071 655.859 216.881 58.1609 4.22874
87 2003 9 120.304 671.342 277.644 10.7447 1.43594
40 2003 1 1135.93 4024.82 9323.35 1748.14 163.423
40 2003 2 401.425 655.36 1496.52 279.305 37.1472
40 2003 3 1769.07 4635.34 6578.69 1249.61 75.7325
40 2003 4 105.251 300.431 270.163 81.9833 6.5616
40 2003 5 115.589 442.63 223.129 58.7968 5.88135
30 2003 1 891.802 4703.12 8888.11 1846.56 127.79
40 2003 6 105.233 1623.91 1033.72 177.064 19.6286
30 2003 2 511.658 686.836 1346.82 317.349 21.1746
40 2003 7 2109.35 3612.34 630.598 67.4706 13.71
30 2003 3 1789.43 4658.02 6603.89 1264.14 77.4667
40 2003 8 166.294 685.328 176.943 40.5788 7.05627
30 2003 4 63.1243 304.336 308.151 85.0711 3.70731
40 2003 9 115.075 713.08 229.709 19.93 3.6759
30 2003 5 134.044 491.727 191.979 40.4345 5.71519
20 2003 1 1239.55 3412.44 9800.98 1881.8 124.326
30 2003 6 136.403 1377.29 1333.8 102.343 3.21337
20 2003 2 511.01 767.773 1287.93 304.063 7.11805
30 2003 7 2127.2 3584.56 646.068 70.8963 8.41882
20 2003 3 1117.64 5111.26 6638.92 1468.31 59.5426
30 2003 8 156.19 696.893 193.55 28.6401 0.926879
20 2003 4 72.4395 333.91 300.928 50.8401 6.27281
30 2003 9 112.05 728.182 212.461 27.0871 1.68978
20 2003 5 122.408 491.017 209.77 38.7425 1.9623
10 2003 1 816.939 4714.68 8862.26 1678.23 173.138
20 2003 6 107.08 1557.6 1149.3 137.52 10.7106
10 2003 2 476.959 646.054 1470.62 198.117 19.5189
20 2003 7 2106.25 3675.6 578.124 76.0153 1.14795
10 2003 3 1718.07 4299.84 6481.3 1543.4 94.9882
20 2003 8 127.319 642.885 258.64 46.3131 1.04212
10 2003 4 39.9069 265.195 318.229 135.27 5.78833
20 2003 9 98.4855 707.957 248.328 25.7979 0.90206
10 2003 5 103.509 468.266 234.139 47.1816 7.75136
10 2003 6 160.67 1801.32 860.547 116.73 10.2334
10 2003 7 2406.81 3298.84 659.178 46.0398 4.80108
10 2003 8 175.552 603.283 249.661 39.7289 5.33167
10 2003 9 120.636 742.299 193.178 22.9561 2.40028
43 2003 1 988.086 4126.02 9372.65 1664.22 226.627
43 2003 2 411.997 669.509 1405.73 281.067 41.0501
43 2003 3 1671.72 5077.24 6014.57 1430.14 128.765
43 2003 4 31.0452 325.461 315.299 86.0817 6.50316
43 2003 5 112.52 459.471 233.477 47.2586 5.21579
43 2003 6 113.918 1419.39 1236 166.778 26.1218
33 2003 1 677.68 4654.56 8811.78 1959.38 189.115
43 2003 7 2151.7 3656.18 567.786 49.0515 6.16123
33 2003 2 392.098 746.159 1459.68 244.728 26.6736
43 2003 8 154.211 677.38 196.107 35.0555 1.42166
33 2003 3 1322.32 4883.71 6625.8 1324.12 65.5761
43 2003 9 137.155 671.846 221.112 48.2914 3.06561
33 2003 4 65.0661 300.648 290.384 98.7666 9.52469
1 2003 1 876.924 4583.15 8994.19 1746.11 208.047
33 2003 5 112.096 472.49 232.01 43.9054 3.39911
1 2003 2 386.391 512.812 1667.31 291.875 27.6665
23 2003 1 960.026 3970.22 9638.75 1496.93 160.059
33 2003 6 104.094 1529.58 1227.79 93.8203 2.36328
1 2003 3 1416.96 4270.12 6943.34 1620.84 100.779
23 2003 2 469.42 606.378 1479.86 238.737 33.8984
33 2003 7 2246.43 3555.33 597.932 31.4625 0.976242
1 2003 4 60.5338 302.733 313.27 79.7473 8.10616
23 2003 3 929.47 4325.78 7327.51 1431.75 61.058
33 2003 8 163.658 637.822 216.555 55.1413 3.0233
1 2003 5 133.981 446.131 247.745 35.8765 0.166909
23 2003 4 70.9465 320.672 318.997 50.8739 2.90068
33 2003 9 90.7345 647.072 304.561 35.4792 3.62329
1 2003 6 128.557 1695.49 1040.63 91.6419 5.89151
23 2003 5 125.347 385.622 303.375 46.8227 2.73393
1 2003 7 2227.5 3583.41 552.482 71.9059 1.84316
13 2003 1 766.18 3684.24 9877.03 1725.32 178.131
23 2003 6 130.344 1617.44 1145.96 65.9449 2.52629
1 2003 8 177.699 597.544 243.693 55.6396 1.62367
23 2003 7 2371.04 3394.52 587.832 64.3331 12.3447
1 2003 9 144 599.47 299.553 34.3225 4.12435
13 2003 2 395.034 564.067 1513.94 380.751 12.5904
13 2003 3 1634.26 4530.13 6798.71 1166.48 60.8797
23 2003 8 143.393 676.744 226.031 27.1536 2.87801
13 2003 4 47.0634 288.856 354.546 70.4872 3.43663
23 2003 9 150.217 611.93 254.892 55.3935 9.03706
13 2003 5 110.118 435.362 255.88 50.8597 2.98341
13 2003 6 126.772 1377.93 1334.39 108.331 9.65124
13 2003 7 2040.11 3741.3 593.912 54.3096 2.75304
13 2003 8 160.146 707.728 176.059 22.8558 1.57374
13 2003 9 108.307 672.102 252.568 43.7904 4.70208
90 2003 1 652.565 4225.14 9673.31 1474.17 206.619
90 2003 2 360.333 661.975 1554.03 231.645 17.8494
90 2003 3 1550.93 4300.28 6700.54 1514.83 79.3209
90 2003 4 59.1236 293.964 328.893 76.1437 6.26639
90 2003 5 100.499 444.359 240.391 70.1723 8.47818
90 2003 6 115.592 1673.66 1062.37 95.3187 15.2611
80 2003 1 997.529 4152.45 9285.43 1657.36 164.302
90 2003 7 2054.36 3698.99 621.376 56.4004 1.66909
80 2003 2 470.325 647.274 1474.42 239.469 23.5279
90 2003 8 172.359 580.519 248.898 69.2729 5.15042
80 2003 3 1830.64 4843.58 6294.4 1234.43 21.625
90 2003 9 139.58 574.617 324.631 40.6304 2.0123
80 2003 4 40.699 341.679 279.709 97.3765 4.92568
80 2003 5 62.4753 411.403 326.882 59.7304 3.40916
80 2003 6 114.778 1651.05 1088.11 105.375 2.89556
70 2003 1 1034.29 4315.17 9479.5 1501.67 139.773
80 2003 7 2120.34 3708.58 484.957 101.494 10.7878
70 2003 2 432.175 689.436 1529.91 186.523 51.4219
80 2003 8 173.783 608.656 250.333 39.6685 3.76017
70 2003 3 1518.89 4403.13 7235.27 1127.52 129.509
80 2003 9 122.882 723.207 164.1 67.8269 3.45458
70 2003 4 50.321 346.773 296.573 65.7937 4.92973
70 2003 5 105.787 419.427 273.866 44.8069 2.61829
70 2003 6 126.844 1511.64 1195.67 111.085 16.9678
60 2003 1 768.368 4847.36 8968.77 1594.07 142.959
70 2003 7 2370.35 3445.69 573.279 41.5352 6.29307
60 2003 2 358.158 778.75 1400.78 304.239 27.7101
70 2003 8 190.98 621.5 219.817 33.1114 3.56903
60 2003 3 1420.24 4998.41 6286.53 1505.54 74.8314
70 2003 9 109.153 668.142 279.265 22.6064 2.30342
60 2003 4 45.0992 363.081 285.514 65.8709 4.82486
60 2003 5 108.061 467.855 231.962 54.6694 1.35209
60 2003 6 137.186 1571.47 1137.29 107.464 8.79749
50 2003 1 976.149 4476.87 9193.33 1588.55 77.0827
36 2003 1 1238.07 4121.65 9191.2 1651.25 113.431
60 2003 7 2147.33 3710.83 517.69 51.6389 5.07659
50 2003 2 339.381 651.502 1573.72 275.217 6.81094
36 2003 2 335.925 730.564 1511.9 221.388 50.1961
60 2003 8 142.174 722.257 169.148 41.5833 1.03805
50 2003 3 1945.2 4676.33 6360.5 1236.55 83.4787
36 2003 3 1107.24 4504.78 6753.53 1662.95 107.757
60 2003 9 104.344 656.851 295.589 22.9629 1.7231
50 2003 4 49.6398 349.688 299.159 60.6725 5.2306
36 2003 4 51.0659 325.821 314.075 67.417 6.0117
4 2003 1 1097.6 4148.56 9238.98 1805.68 191.102
50 2003 5 113.444 504.742 156.573 76.5605 4.67918
36 2003 5 112.372 449.6 243.472 51.6402 6.81575
4 2003 2 452.865 586.893 1628.98 216.953 6.43767
50 2003 6 174.544 1436.66 1244.68 88.6704 8.36389
26 2003 1 608.743 4319.34 9480.04 1664.45 121.137
36 2003 6 208.135 1545.46 1156.42 49.3186 2.87336
4 2003 3 1812.97 4803.29 6038.3 1716.07 57.3771
50 2003 7 2471.37 3388.56 539.038 29.5119 1.61515
26 2003 2 362.708 565.748 1628.86 273.552 13.7448
36 2003 7 2279.58 3612.94 496.05 40.1212 5.72228
4 2003 4 63.0942 350.041 273.373 71.0946 6.78674
50 2003 8 203.832 660.122 178.252 24.3716 2.5662
26 2003 3 1045.52 4443.75 7072.17 1522.33 50.9845
36 2003 8 192.166 603.777 244.71 35.081 0.466597
4 2003 5 129.417 454.975 223.206 52.2508 4.05031
50 2003 9 137.848 689.763 226.216 20.7639 6.8784
36 2003 9 140.787 664.795 251.467 22.5772 1.84379
4 2003 6 101.381 1357.18 1354.73 134.177 14.7437
26 2003 4 20.2393 320.847 321.614 96.2309 5.45846
4 2003 7 2247.98 3585.39 566.884 34.6111 2.27235
26 2003 5 62.4441 485.772 258.094 56.1905 1.39864
4 2003 8 160.953 687.863 163.983 59.132 4.26865
16 2003 1 788.961 4710.76 9135.83 1492.43 185.703
26 2003 6 108.883 1699.6 1052.37 98.0725 3.28615
4 2003 9 149.527 632.961 240.85 53.4298 4.70233
16 2003 2 350.569 690.85 1502.99 230.046 60.5302
26 2003 7 2316.22 3504.16 532.793 69.8633 8.35753
16 2003 3 1600.02 4245.53 6744.2 1574.52 83.6002
26 2003 8 166.459 651.094 189.851 60.0084 2.18576
16 2003 4 48.4773 337.225 292.025 76.8124 9.85078
26 2003 9 136.06 685.064 227.186 32.0359 1.12273
16 2003 5 88.4368 467.534 269.332 33.1807 0
16 2003 6 83.521 1668.8 1088.82 116.475 0.0729986
16 2003 7 2306.7 3503.65 557.394 64.2914 5.11076
16 2003 8 156.73 637.288 250.424 29.7214 2.03614
16 2003 9 111.812 759.604 171.462 36.2757 2.31615
93 2003 1 873.497 4525.39 9075.95 1796.99 116.125
93 2003 2 451.811 705.909 1402.84 269.733 32.9729
93 2003 3 2294.57 4490.41 5963.71 1542.45 64.4894
93 2003 4 74.9386 338.351 274.766 71.6772 4.65741
93 2003 5 91.7058 534.233 181.579 51.8979 1.71501
93 2003 6 79.032 1632.85 1067.02 158.543 11.7696
83 2003 1 710.811 4408.26 8774.92 2276.73 263.721
93 2003 7 2153.54 3687.56 537.582 51.5656 5.31186
83 2003 2 428.994 593.125 1666.5 168.997 23.1941
93 2003 8 177.602 569.492 255.848 58.0604 3.15885
83 2003 3 1609.27 4326.38 6797.48 1479.79 151.3
93 2003 9 92.9225 709.606 248.88 24.241 5.82024
83 2003 4 33.8941 339.972 305.83 78.5864 6.10744
83 2003 5 81.461 445.298 259.225 63.0133 14.9029
83 2003 6 144.21 1733.81 986.572 85.1596 12.4583
73 2003 1 707.566 4640.97 8683.19 2152.68 132.994
83 2003 7 2348.23 3478.16 554.651 55.3518 0.750249
73 2003 2 473.598 708.239 1368.11 287.566 27.249
83 2003 8 144.031 683.204 198.665 44.1847 6.11538
73 2003 3 1472.9 4536.42 6407.68 1788.73 69.7348
83 2003 9 147.186 707.386 193.778 31.5979 1.52165
73 2003 4 45.6731 328.69 295.403 85.2614 9.36253
73 2003 5 88.8831 519.343 220.13 33.9652 1.57829
73 2003 6 114.239 1486.55 1291.87 67.623 1.92497
63 2003 1 925.607 4889.42 8978.32 1564.62 121.237
73 2003 7 1935.23 3862.07 575.952 57.2641 5.05099
63 2003 2 353.924 591.69 1580.48 343.164 16.8291
73 2003 8 137.535 661.829 222.338 48.1466 6.3511
63 2003 3 1377.54 4399.53 6956.38 1579.1 101.761
73 2003 9 67.386 659.288 314.621 35.9653 4.20972
63 2003 4 47.0984 344.318 309.802 56.545 6.62629
63 2003 5 83.6988 505.843 225.493 47.6749 1.18994
63 2003 6 122.168 1660.15 1021.87 135.804 22.2219
53 2003 1 807.067 3825.85 9683.15 1875.23 170.492
39 2003 1 1046.01 4045.19 9413.77 1749.14 156.568
63 2003 7 2050.92 3674.58 620.286 80.7166 10.6452
53 2003 2 516.395 666.293 1461.41 177.726 42.3643
39 2003 2 376.113 486.234 1626.74 334.788 18.504
63 2003 8 144 634.511 230.403 64.136 3.14969
53 2003 3 1119.6 4607.32 7182.01 1285.94 101.67
39 2003 3 1669.16 4020.94 7375.69 1179.65 84.0475
63 2003 9 109.378 705.195 224.865 39.0006 3.03085
53 2003 4 46.1773 353.452 281.442 74.6449 8.67389
39 2003 4 60.4552 346.231 277.284 72.9818 7.43737
7 2003 1 1058.8 3777.03 9757.98 1505.46 163.498
53 2003 5 75.7384 457.485 255.349 70.8907 4.43671
39 2003 5 112.43 485.918 210.178 53.5018 1.87127
7 2003 2 425.739 561.362 1524.68 286.212 33.8853
53 2003 6 76.5934 1626.65 1183.5 72.8445 0.491083
7 2003 3 1906.98 3595.85 7043.61 1514.76 93.9793
29 2003 1 889.809 4615.28 8811.78 1823.53 121.051
39 2003 6 132.568 1502.06 1207.58 114.22 5.78888
53 2003 7 2086.27 3734.08 529.533 77.5932 6.73276
7 2003 4 58.967 323.794 299.308 75.1258 7.19459
29 2003 2 395.825 778.719 1374.41 280.052 28.9507
39 2003 7 2272.01 3544.52 585.021 25.1134 2.70787
53 2003 8 218.137 562.153 251.876 40.05 3.98463
7 2003 5 102.727 511.871 209.897 35.5256 3.87992
29 2003 3 1821.01 4430.14 6212.96 1581.08 141.286
39 2003 8 168.575 651.471 217.585 35.4464 3.12236
53 2003 9 88.2719 711.002 258.318 19.678 4.19984
7 2003 6 159.197 1562.81 1078.51 154.867 6.83165
29 2003 4 93.3717 317.454 285.589 64.977 2.99803
39 2003 9 123.522 618.385 303.683 34.5409 1.33932
7 2003 7 2158.94 3657.15 551.506 62.1474 4.72799
29 2003 5 90.339 509.983 218.206 42.8157 2.55671
7 2003 8 150.984 583.447 293.064 45.2467 3.45849
19 2003 1 1131.48 3767.66 9748.1 1588.56 177
29 2003 6 115.418 1559.69 1184.95 96.7012 3.10589
7 2003 9 170.584 656.958 194.491 56.6381 2.79929
19 2003 2 448.067 629.644 1549.64 198.641 52.2905
29 2003 7 2305.48 3540.21 540.735 37.0288 3.33757
19 2003 3 1370.54 4337.09 6885.12 1563.47 179.859
29 2003 8 166.476 662.174 193.295 49.1673 5.0874
19 2003 4 57.5696 355.036 297.573 47.8776 6.33404
29 2003 9 160.195 614.011 277.418 29.5006 0.346162
19 2003 5 77.5633 465.916 275.503 43.0605 1.85743
19 2003 6 123.324 1671.73 1105.05 55.7744 6.33691
19 2003 7 2337.8 3423.35 568.677 94.7392 9.948
19 2003 8 173.655 696.445 181.204 23.2746 1.62103
19 2003 9 70.6366 803.15 172.683 30.5102 4.49007
96 2003 1 828.274 4474.31 9475.81 1480.71 136.64
96 2003 2 414.886 739.968 1425.97 242.695 16.7053
96 2003 3 1637.44 5116.37 6165.58 1327.63 70.4168
96 2003 4 26.8339 342.545 315.109 76.0668 3.83531
96 2003 5 111.712 452.617 258.307 38.9512 2.31201
96 2003 6 129.86 1598.51 1101 104.058 12.8259
86 2003 1 1109.43 3994.36 9205.54 1852.61 189.427
96 2003 7 2228.46 3592.25 583.582 28.4167 1.41945
86 2003 2 376.2 530.799 1697.42 191.619 26.1455
96 2003 8 167.215 670.47 202.067 33.9977 2.45
86 2003 3 1051.7 5113.65 6460.61 1484.06 129.468
96 2003 9 104.537 611.529 319.052 43.01 3.34232
86 2003 4 57.9337 360.524 274.617 63.3605 7.95515
86 2003 5 113.445 427.621 267.55 49.2224 6.0618
86 2003 6 100.617 1662.59 1113.38 79.1528 6.46905
76 2003 1 831.56 4622.27 9212.11 1572.1 131.171
86 2003 7 2541.42 3299.07 511.189 71.446 7.73622
76 2003 2 445.93 505.956 1680.86 163.066 57.4359
86 2003 8 164.444 661.995 195.248 51.9451 2.56814
76 2003 3 1394.25 4879.51 6456.3 1410.2 59.4932
86 2003 9 113.008 707.372 227.914 29.8385 3.33741
76 2003 4 67.669 275.266 323.279 90.2498 7.92596
76 2003 5 87.2135 422.62 280.324 70.7747 2.96819
76 2003 6 99.2706 1384.81 1377.02 95.8702 5.23636
66 2003 1 907.587 3985.88 9645.6 1610.62 161.261
76 2003 7 2338.01 3540.45 493.687 46.211 4.58165
66 2003 2 435.487 717.523 1411.73 271.05 23.7541
76 2003 8 189.171 630.903 224.158 31.2714 0.695647
66 2003 3 1338.41 4337.55 6841.32 1626.58 69.8967
76 2003 9 110.999 655.545 283.686 27.9754 3.26404
66 2003 4 57.1279 362.884 295.852 45.5049 3.02145
66 2003 5 107.901 486.625 217.744 49.4507 2.17929
66 2003 6 73.6817 1655.99 1140.34 83.4857 8.71126
56 2003 1 1006.38 4322.25 9176.41 1713.78 97.3616
66 2003 7 2384.06 3439.66 559.933 32.418 5.62873
56 2003 2 428.147 585.943 1519.4 288.885 29.6259
66 2003 8 164.11 719.858 168.532 20.7594 2.93923
56 2003 3 2113.63 3997.14 6597.23 1381.13 129.922
66 2003 9 125.835 659.349 249.745 38.4889 8.05151
56 2003 4 38.0518 320.818 315.779 83.9419 5.79993
56 2003 5 140.583 461.58 207.584 51.3578 2.79502
56 2003 6 257.93 1525.22 1082.11 83.4077 13.5384
46 2003 1 932.14 4150.09 9074.07 2110.25 148.831
56 2003 7 2402.95 3455.4 539.25 32.8785 5.15886
46 2003 2 427.074 776.566 1347.51 266.747 41.8026
56 2003 8 105.71 655.248 263.732 49.2928 2.21758
46 2003 3 1804.51 3595.75 7220.2 1520.51 162.433
56 2003 9 90.1871 639.44 306.577 43.3047 1.9617
46 2003 4 77.248 354.936 270.346 57.8837 3.97608
46 2003 5 102.681 467.466 216.477 71.258 6.01897
46 2003 6 106.82 1588.92 1015.92 236.544 13.9959
46 2003 7 2262.05 3646.85 485.738 39.3583 1.69606
46 2003 8 164.098 709.656 183.334 18.495 0.617087
46 2003 9 93.9224 724.89 232.155 28.2482 2.25455
89 2003 1 975.138 4040.3 9423.45 1777.83 145.367
89 2003 2 365.701 705.371 1463.52 292.748 22.2183
89 2003 3 1433.97 4690.39 6742.9 1366.38 64.648
89 2003 4 61.5443 346.082 285.09 65.7927 5.88163
89 2003 5 83.1574 563.208 166.043 49.8942 1.59689
89 2003 6 82.4693 1539.37 1196.02 136.923 7.43062
79 2003 1 790.633 4551.95 9432.26 1606.95 69.8006
89 2003 7 2123.55 3747.23 458.529 97.6363 4.64852
79 2003 2 501.901 548.06 1566.23 241.185 16.6974
89 2003 8 118.458 680.034 226.727 49.5716 1.40869
79 2003 3 1529.59 4061.56 7033.81 1698.27 83.8026
89 2003 9 114.356 653.129 261.711 45.3357 6.93769
79 2003 4 48.5575 351.219 288.03 70.0631 6.52017
79 2003 5 98.9499 406.827 305.162 49.2265 3.73451
79 2003 6 108.633 1647.85 1115.93 83.343 6.45763
69 2003 1 708.822 4412.92 9405.83 1539.68 182.313
79 2003 7 1976.69 3847.66 572.051 36.6609 4.0801
69 2003 2 387.528 516.129 1691.98 212.35 40.7181
79 2003 8 213.206 587.782 242.823 31.5602 0.827795
69 2003 3 1704.96 4370.09 6831.08 1182.81 96.5225
79 2003 9 145.948 644.369 245.118 43.0643 2.97167
69 2003 4 28.1331 312.567 341.65 74.614 7.42526
69 2003 5 128.24 486.558 225.08 20.6813 3.34112
69 2003 6 119.135 1770.65 1017.5 42.8118 1.55868
59 2003 1 923.56 3920.98 9610.36 1799.33 114.217
69 2003 7 2359.58 3442.9 604.293 20.9502 1.95291
59 2003 2 456.329 789.398 1292.32 245.387 48.6695
69 2003 8 185.533 600.143 257.464 29.3119 3.74859
59 2003 3 1318.65 4223.96 7048.23 1600.52 119.166
69 2003 9 139.516 677.355 221.058 39.518 4.02264
59 2003 4 86.6684 358.458 248.674 67.1931 3.39601
59 2003 5 115.96 425.647 244.24 72.9856 5.06786
59 2003 6 216.514 1520.01 1090.34 123.936 9.17231
49 2003 1 817.638 4009.3 9374.23 1876.74 116.537
59 2003 7 2122.18 3757.17 493.286 56.2041 3.7083
49 2003 2 377.434 565.186 1533.71 307.096 58.891
59 2003 8 139.442 664.461 217.189 53.2185 1.89048
49 2003 3 1744.99 4460.79 6300.67 1549.99 75.7688
59 2003 9 172.424 615.191 254.628 36.5166 2.71062
49 2003 4 68.269 319.583 286.964 84.9472 4.62706
49 2003 5 100.463 423.669 226.802 97.3415 9.38662
49 2003 6 120.617 1597.29 1106.51 117.579 15.5556
49 2003 7 2325.25 3553.63 486.729 56.3314 7.87558
49 2003 8 139.804 654.445 220.574 55.3719 6.00498
49 2003 9 93.3989 693.176 240.718 54.0954 0.0819606
99 2003 1 981.102 4452.67 9294.7 1562.75 151.514
99 2003 2 436.728 683.862 1442.33 270.533 47.0038
99 2003 3 1897.29 4524.16 5886.9 1955.74 121.705
99 2003 4 52.2528 339.562 298.919 69.5096 4.1462
99 2003 5 91.4727 508.738 218.083 39.9257 5.68109
99 2003 6 167.82 1579.05 1147.79 60.7481 6.79631
99 2003 7 2326.73 3583.95 503.103 16.0145 4.89703
99 2003 8 128.502 699.699 207.079 38.7363 2.18385
99 2003 9 117.422 719.948 220.164 20.7784 3.15692
3 2003 1 765.255 4482.6 9402.95 1628.93 130.632
3 2003 2 460.567 659.228 1422.8 294.085 28.269
3 2003 3 2348.13 4156.46 6283.7 1517.59 60.474
3 2003 4 44.9968 323.91 306.244 80.7799 8.45922
3 2003 5 148.385 461.602 184.378 65.6174 3.91689
3 2003 6 205.922 1460.63 1152.22 131.854 11.5876
3 2003 7 2552.07 3379.24 461.258 42.5407 2.02711
3 2003 8 193.736 689.097 162.615 29.143 1.6084
3 2003 9 85.8379 711.578 258.641 19.5939 5.81957
62 2003 1 1089.74 4672.57 8837.87 1718.15 169.266
62 2003 2 441.666 711.052 1392.38 330.766 16.2659
62 2003 3 2452.57 3329.88 7160.13 1366.9 118.52
62 2003 4 48.1543 309.712 315.387 83.1263 8.01029
62 2003 5 82.2641 515.16 230.298 34.9386 1.23881
62 2003 6 75.5804 1640.35 1139.29 99.1651 7.81546
52 2003 1 1004.89 4322.44 9014.64 1911.3 125.185
62 2003 7 2287.7 3432.27 649.102 54.1325 13.9338
52 2003 2 403.684 715.934 1501.16 229.655 10.7893
62 2003 8 183.588 680.031 157.37 50.6212 4.58972
52 2003 3 2512.89 4059.46 6072.31 1553.76 102.025
62 2003 9 120.726 737.992 192.264 25.672 4.81616
52 2003 4 63.562 342.337 282.229 71.2332 5.02855
6 2003 1 641.489 4348.94 9415.89 1718.21 158.007
52 2003 5 95.5068 416.142 296.592 51.4061 4.25311
6 2003 2 324.092 571.729 1721.84 190.994 35.2162
52 2003 6 65.3897 1740.67 1034.24 103.264 14.0895
42 2003 1 1624.15 3887.36 9233.12 1555.43 165.126
6 2003 3 958.47 5143.06 6467.19 1550.31 86.4866
52 2003 7 2173.35 3685.98 513.34 58.2201 4.77161
42 2003 2 514.418 639.383 1463.91 245.31 29.1065
6 2003 4 67.2405 330.276 318.858 46.0504 1.96476
52 2003 8 150.445 700.792 157.908 32.491 5.17953
42 2003 3 1511.39 4620.41 6979.32 1263.7 37.1882
6 2003 5 86.9726 475.431 244.938 55.6959 0.862451
52 2003 9 121.752 700.374 217.19 39.9942 2.15954
42 2003 4 16.2123 328.837 357.08 59.5835 2.67725
6 2003 6 162.815 1730.57 945.367 121.353 2.10905
42 2003 5 104.565 486.299 221.405 47.2032 4.42708
6 2003 7 2500.19 3365.99 524.76 42.7584 2.11938
32 2003 1 956.896 4623.71 9142.28 1412.43 129.764
42 2003 6 113.423 1538.76 1221.63 87.3736 1.02801
6 2003 8 115.065 659.406 246.224 52.6334 2.87158
32 2003 2 449.216 619.828 1518.36 231.694 16.8776
42 2003 7 2172.12 3607.92 584.469 61.5229 11.1075
6 2003 9 134.981 626.068 268.237 47.1315 5.05289
32 2003 3 1957.58 3754.89 7113.6 1252.75 83.8348
42 2003 8 193.093 575.989 249.341 56.3747 1.40221
32 2003 4 71.8079 368.777 249.226 69.1044 5.47424
42 2003 9 158.669 692.427 208.287 19.6609 2.42679
32 2003 5 85.812 523.99 219.181 31.229 3.68797
22 2003 1 1209.41 3842.79 9527.52 1803.16 100.982
32 2003 6 138.295 1570.59 1152.08 95.8917 5.35626
22 2003 2 397.12 470.317 1796.47 196.005 32.2137
32 2003 7 2182.27 3575.09 617.28 55.1723 2.96955
22 2003 3 1683.28 5110.3 5852.46 1718.23 63.7264
32 2003 8 133.282 629.584 285.333 26.392 1.60802
32 2003 9 127.915 728.531 208.377 15.9105 0.73694
22 2003 4 42.6904 348.182 295.257 73.4006 4.8599
22 2003 5 94.2303 464.183 257.168 47.0127 1.30663
12 2003 1 1189.66 3963.64 9456.6 1513.32 124.335
22 2003 6 86.2147 1615.91 1189.99 64.0653 6.03184
12 2003 2 463.975 667.083 1465.43 250.693 22.6589
22 2003 7 2177.82 3612.43 552.86 87.8056 6.2272
12 2003 3 1225.46 5365.02 6319.75 1189.65 103.811
22 2003 8 164.108 634.665 238.999 36.5725 1.85541
12 2003 4 45.6631 336.367 307.651 70.9375 3.77125
22 2003 9 111.205 670.06 273.019 22.3812 4.80493
12 2003 5 86.1744 425.587 262.334 84.8307 4.97306
12 2003 6 91.5277 1695.91 1065.3 102.619 2.09703
12 2003 7 2179.32 3608.78 569.452 63.3274 5.94657
12 2003 8 145.332 689.396 213.081 27.3055 1.08555
12 2003 9 141.774 643.662 264.259 29.4355 2.33993
55 2003 1 784.639 5076.61 8703.67 1671.49 112.908
55 2003 2 368.563 721.795 1496.15 228.246 54.3696
55 2003 3 1933.57 4154.71 6595.32 1446.78 42.5926
55 2003 4 69.019 360.52 260.111 71.4228 3.31788
55 2003 5 79.6176 490.516 190.336 92.8117 10.6194
55 2003 6 234.651 1497.24 1114.58 106.408 9.33195
45 2003 1 852.648 4407.13 9440.55 1479.52 157.423
55 2003 7 1907.25 3850.14 611.247 60.9686 4.42669
45 2003 2 437.227 661.25 1454.87 286.48 20.306
55 2003 8 141.198 669.397 189.579 61.7025 14.3239
45 2003 3 1330.83 4500.43 6822.67 1487.86 163.685
55 2003 9 148.111 607.156 293.217 32.238 0.746951
45 2003 4 53.7802 298.215 335.898 69.6708 6.82648
45 2003 5 112.248 405.354 284.582 43.0185 2.81729
45 2003 6 64.9702 1656.98 1114.92 99.8916 23.0937
35 2003 1 1051.75 5010.18 8177.43 2011.01 163.01
45 2003 7 2205.7 3560.49 654.304 12.6897 2.62408
35 2003 2 491.149 806.335 1329.55 219.943 30.8814
45 2003 8 144.477 594.111 294.022 39.2232 4.36621
35 2003 3 1620.46 4474.15 6431.96 1733.5 55.5757
45 2003 9 102.685 701.522 257.381 17.7702 2.1123
35 2003 4 61.9157 329.61 290.166 76.3997 6.29849
35 2003 5 67.9156 442.169 252.563 99.553 1.69963
25 2003 1 920.448 3669.51 9770.59 1856.53 168.121
35 2003 6 114.24 1522.45 1173.62 133.509 18.3854
25 2003 2 458.335 694.984 1330.48 323.611 28.3037
35 2003 7 1723.4 4120.81 502.314 77.5283 11.3027
25 2003 3 1524.83 4288.22 6601.56 1854.19 64.158
35 2003 8 170.08 639.355 214.687 49.601 2.47754
25 2003 4 21.8587 376.273 284.037 76.346 5.87531
35 2003 9 104.156 726.248 209.592 35.8593 5.61451
25 2003 5 115.288 423.93 264.028 58.4548 2.19891
15 2003 1 891.336 4267.04 9575.95 1437.38 168.553
25 2003 6 123.32 1618.66 1071.95 123.475 14.1498
15 2003 2 462.644 741.94 1460.49 198.521 9.92916
25 2003 7 2217.47 3579.86 580.829 55.0732 3.9086
15 2003 3 1603.41 4326.77 6936.64 1348.16 96.1225
25 2003 8 99.6407 636.709 291.025 48.2157 0.609745
15 2003 4 31.9172 370.564 302.668 56.1484 3.09191
25 2003 9 111.952 597.42 346.238 22.521 3.33883
15 2003 5 52.6213 464.599 273.959 71.2322 1.48896
15 2003 6 84.6757 1594.1 1131.98 137.971 13.4761
15 2003 7 2024.29 3710.91 612.087 82.2268 6.06568
15 2003 8 155.886 696.61 193.338 28.2867 2.07869
15 2003 9 159.691 672.382 221.18 24.9928 3.22389
92 2003 1 1166.71 4035.63 9421.6 1636.43 120.247
92 2003 2 406.551 657.362 1476.58 283.464 29.1254
92 2003 3 1829.64 4391.14 6723.94 1320.93 22.4912
92 2003 4 66.393 315.921 306.597 71.3747 4.10423
92 2003 5 136.372 421.612 259.179 38.1555 3.52938
92 2003 6 132.045 1476.23 1266.22 74.2656 11.1499
82 2003 1 792.499 4660.06 9152.05 1516.08 167.4
92 2003 7 2096.37 3685.45 599.938 46.9793 5.16935
82 2003 2 390.251 730.371 1516.11 202.786 24.4493
92 2003 8 154.043 659.303 225.766 36.8182 0.26905
82 2003 3 1102.41 4676.5 6948.47 1443.22 73.7241
92 2003 9 93.351 681.784 263.91 36.3473 6.07807
82 2003 4 62.3193 321.639 309.582 62.6013 8.24843
82 2003 5 108.942 467.75 217.969 63.903 5.33674
82 2003 6 59.9933 1640.45 1100.83 122.898 38.0374
72 2003 1 883.385 3845.46 9588.4 1699.16 164.927
58 2003 1 909.509 3894.58 9537.74 1727.06 199.966
82 2003 7 2067.31 3615.61 697.49 55.5476 1.18662
72 2003 2 388.55 651.377 1526.57 256.718 18.7954
58 2003 2 450.893 678.204 1450.08 238.527 24.8647
82 2003 8 143.449 632.38 241.738 55.7229 2.91037
72 2003 3 1443.76 4503.53 6431.83 1626.63 84.8162
58 2003 3 1183.5 4431.62 6910.39 1601.86 80.5459
82 2003 9 121.72 733.251 210.416 13.1591 2.92421
72 2003 4 72.1625 330.071 291.653 65.5176 4.98531
58 2003 4 49.5244 323.881 317.539 69.3445 4.1014
72 2003 5 139.127 488.465 187.223 47.289 1.79564
58 2003 5 90.6539 493.641 208.229 66.5955 4.78058
72 2003 6 128.523 1616.69 1164.46 52.5357 0
58 2003 6 143.695 1594.93 1094.76 111.467 17.3551
48 2003 1 1118.31 4242.65 9089.82 1786.88 239.038
72 2003 7 2225.69 3534.26 606.343 46.1569 12.6471
58 2003 7 2168.1 3689.44 534.049 41.9494 2.22965
48 2003 2 446.098 561.826 1567.93 299.598 10.6812
72 2003 8 149.33 708.266 190.153 26.3207 2.12975
58 2003 8 150.84 617.728 278.796 28.4071 0.429326
48 2003 3 1215.28 5252.72 6306.28 1568.04 74.8817
72 2003 9 86.8087 750.035 223.663 17.9253 3.03822
58 2003 9 142.605 650.782 257.88 28.3458 1.85653
48 2003 4 45.9498 390.628 269.25 54.2358 4.32646
48 2003 5 109.486 487.759 215.317 48.7125 2.62499
48 2003 6 116.868 1735.2 991.08 115.153 3.91101
38 2003 1 819.104 4519.71 9196.88 1652.16 148.768
48 2003 7 1913.28 3854.63 607.69 57.0422 3.00044
38 2003 2 374.715 641.584 1633.89 163.334 18.9707
48 2003 8 159.491 755.6 127.19 32.0196 1.8998
38 2003 3 1602.48 4906.76 6132.49 1508.77 93.4247
48 2003 9 107.235 682.198 273.468 17.1712 1.39845
38 2003 4 47.172 376.986 268.063 68.2967 3.87234
38 2003 5 118.492 518.198 184.6 39.2892 3.32101
28 2003 1 946.032 4610.72 9306.48 1471.22 129.07
38 2003 6 113.915 1492.22 1247.61 101.859 6.60678
28 2003 2 439.113 603.216 1543.76 276.635 26.5408
38 2003 7 1838.12 3945.85 574.257 64.5844 9.59578
28 2003 3 1955.39 3576.44 6995 1760.08 70.7413
38 2003 8 177.905 619.957 248.392 27.9235 2.02249
28 2003 4 46.291 330.633 309.567 74.8996 2.99959
38 2003 9 98.0385 712.158 230.054 38.817 2.4023
28 2003 5 94.726 410.508 278.044 73.93 6.69137
18 2003 1 951.503 3970.45 9388.37 1881.92 101.332
28 2003 6 98.5127 1424.68 1318.57 103.577 16.8629
18 2003 2 395.283 661.682 1478.08 239.035 8.80281
28 2003 7 1962.1 3809.04 588.931 54.6098 11.7905
18 2003 3 1566.66 4467.74 6650.45 1440.3 73.4942
28 2003 8 182.357 597.299 241.145 52.5595 2.84009
18 2003 4 43.7164 358.773 295.802 64.2023 1.89626
28 2003 9 101.653 606.923 346.823 25.7527 0.317751
18 2003 5 126.243 481.501 196.071 58.9348 1.14974
18 2003 6 131.034 1646.75 1112.07 68.7403 3.61273
18 2003 7 2440.23 3429.89 500.08 50.7627 8.01203
18 2003 8 126.447 708.713 195.464 44.8166 0.759699
18 2003 9 111.507 617.295 300.475 49.8194 2.37438
