74 1991 1 354.61 4953.22 3834.34 911.883 104.929
74 1991 2 1461.36 2934.47 3547.11 946.453 111.473
74 1991 3 2568.73 7763.94 5320.71 1503.18 124.954
74 1991 4 0 0 0 0 0
74 1991 5 4.56739 5.47704 18.0603 15.0994 5.24589
74 1991 6 7.02971 134.475 156.318 20.3974 0
64 1991 1 554.718 4923.42 3576.32 969.727 140.204
74 1991 7 111.2 913.12 489.766 103.685 49.319
64 1991 2 1580.4 2902.77 3696.89 713.408 20.0137
74 1991 8 0 23.8731 58.899 14.4082 6.2697
64 1991 3 2372.97 7264.23 6169.57 1504.94 41.4228
74 1991 9 30.5008 22.1077 15.7544 8.84434 2.01285
64 1991 4 0 0 0 0 0
64 1991 5 3.83522 11.162 18.6048 12.5826 2.26529
64 1991 6 27.8273 137.034 130.861 18.884 3.61399
54 1991 1 869.907 4310.9 3953.61 963.91 78.5818
64 1991 7 178.838 840.579 515.813 124.597 7.26328
54 1991 2 1317.6 2953.66 4174.89 543.695 11.0253
64 1991 8 9.96874 58.1789 30.8477 3.0278 1.4269
54 1991 3 3403.7 6251.37 6171.04 1638.88 93.4872
64 1991 9 11.5355 43.2485 11.8269 10.9591 1.65007
54 1991 4 0 0 0 0 0
8 1991 1 315.605 4657.98 4097.02 989.9 103.077
54 1991 5 2.19302 5.79065 22.3101 16.4459 1.71033
8 1991 2 1860.23 2687.42 3415.54 820.038 119.807
54 1991 6 58.3289 125.844 102.951 27.4804 0
44 1991 1 759.395 4444.95 4039.89 882.212 46.188
8 1991 3 2293.53 7396.88 5953.44 1703.1 109.378
54 1991 7 136.609 976.571 393.395 150.817 9.69846
44 1991 2 1962.84 2628.66 3573.84 822.585 12.9494
8 1991 4 0 0 0 0 0
54 1991 8 34.7614 22.9687 27.2047 18.5152 0
44 1991 3 2301.27 6834.1 6688.04 1457.47 220.769
8 1991 5 0.394929 4.18559 24.4072 16.1903 3.27195
54 1991 9 12.1996 28.6816 25.7906 11.3356 1.21255
44 1991 4 0 0 0 0 0
8 1991 6 33.0537 115.218 152.236 6.42839 3.79725
44 1991 5 2.64104 8.82012 13.1954 20.1183 3.67516
8 1991 7 158.43 837.491 447.928 174.021 49.22
44 1991 6 26.3528 113.047 141.662 19.5637 5.19543
34 1991 1 777.496 4787.17 3788.28 775.064 64.1715
8 1991 8 0 14.7786 0 0 88.6714
44 1991 7 156.416 801.73 585.532 93.7954 29.6175
34 1991 2 2539.86 2261.17 3527.09 656.693 16.06
8 1991 9 14.3101 39.1715 17.9845 7.07101 0.682931
44 1991 8 19.5288 52.6191 22.5949 4.39675 4.31042
34 1991 3 1489.45 8063.32 6007.45 1776.62 175.012
44 1991 9 16.6405 34.0092 10.9042 14.7349 2.93114
34 1991 4 0 0 0 0 0
34 1991 5 2.14392 5.44942 23.3498 15.3199 2.18698
24 1991 1 626.669 5347.43 3225.87 892.313 95.0475
34 1991 6 65.7716 113.916 94.526 38.2222 5.78391
24 1991 2 1747.27 3289.9 3205.03 678.929 53.3409
34 1991 7 142.127 916.536 420.549 147.89 39.9876
24 1991 3 3013.87 7075.09 5528.42 1709.28 92.2231
34 1991 8 0 14.7202 64.7878 21.5362 2.40581
24 1991 4 0 0 0 0 0
34 1991 9 14.7529 41.0308 18.2043 5.2321 0
24 1991 5 4.64957 10.1155 18.8634 14.5603 0.26126
24 1991 6 35.3665 108.473 128.102 33.0711 8.9077
24 1991 7 162.234 852.957 529.74 96.8328 25.3256
24 1991 8 21.9439 32.793 20.2207 19.5374 8.95497
24 1991 9 5.42559 41.9999 25.6828 5.48303 0.62873
91 1991 1 644.175 4828.74 3540.17 1106.92 72.191
91 1991 2 1454.32 3607.1 2966.88 827.113 145.455
91 1991 3 2471.29 8050.84 5357.7 1571.68 143.073
91 1991 4 0 0 0 0 0
91 1991 5 1.88417 6.41949 25.2365 14.1256 0.784239
91 1991 6 35.2716 96.8209 162.381 16.2586 3.74376
81 1991 1 648.251 4947.56 3601.85 924.86 55.5391
67 1991 1 987.73 4364.59 3752.59 1033.32 44.9839
91 1991 7 161.015 977.891 489.598 34.9272 3.65891
81 1991 2 1968.22 3070.31 3459.12 438.287 11.5053
67 1991 2 2165.09 2808.91 3142.11 647.423 131.437
91 1991 8 4.92619 82.1032 14.7786 1.64206 0
81 1991 3 2859.69 7518.93 5787.49 1178.39 153.294
67 1991 3 2331.44 7675.34 5810.93 1653.36 42.317
91 1991 9 19.9152 38.9028 16.3763 2.72896 1.29676
81 1991 4 0 0 0 0 0
67 1991 4 0 0 0 0 0
81 1991 5 3.07524 19.108 20.5427 5.59697 0.127116
67 1991 5 3.7735 11.1122 24.2888 8.96566 0.309778
81 1991 6 22.3262 125.685 127.773 29.1302 13.3054
67 1991 6 35.6853 131.541 146.616 0.842757 0
57 1991 1 571.973 4812.69 3755.95 959.567 73.0544
81 1991 7 136.343 1054.98 322.244 133.267 20.2517
67 1991 7 259.316 846.241 407.499 105.263 10.8836
57 1991 2 2277.04 3136.04 2870.98 669.559 47.2487
81 1991 8 5.16988 47.3527 40.4636 5.07584 5.38802
67 1991 8 1.48635 47.0261 36.5598 15.7915 2.58625
57 1991 3 3843.68 6355.58 5683.04 1444.51 180.475
81 1991 9 17.5189 32.7743 19.0765 8.97007 0.880222
67 1991 9 13.4744 41.4772 23.423 0.845364 0
57 1991 4 0 0 0 0 0
57 1991 5 3.13303 6.9572 18.3271 19.4095 0.623069
57 1991 6 40.9659 86.0824 156.837 29.8442 4.49038
47 1991 1 631.504 4798.71 3496.86 1178.31 86.808
57 1991 7 109.995 979.92 425.841 149.229 2.10491
47 1991 2 1723.51 3480.32 2774.37 870.43 152.244
57 1991 8 1.80857 68.9839 21.2385 8.61046 2.8086
47 1991 3 2169.6 8049.41 5722.54 1465.46 175.726
57 1991 9 13.4534 37.2749 23.1103 3.78106 1.6004
47 1991 4 0 0 0 0 0
47 1991 5 4.55531 10.5924 16.43 16.127 0.745385
47 1991 6 10.5215 132.835 117.793 51.362 5.70776
37 1991 1 637.572 4721.14 3828.99 885.121 110.212
47 1991 7 124.69 883.839 548.742 96.6175 13.2025
37 1991 2 2084.97 3154.74 3138.88 515.931 106.345
47 1991 8 0.749638 49.4761 31.313 4.31042 17.6009
37 1991 3 3189.32 7552.49 5243.22 1433.35 162.457
47 1991 9 14.1894 41.4065 20.5279 2.11193 0.984205
37 1991 4 0 0 0 0 0
37 1991 5 11.6062 14.8939 13.5029 8.44701 0
27 1991 1 1140.32 3819.86 4077.07 1064.6 85.9038
37 1991 6 29.7415 122.746 112.218 27.1023 13.6835
27 1991 2 2844.27 2648.66 2932.86 433.482 40.4751
37 1991 7 87.949 946.002 434.611 165.077 33.4514
27 1991 3 3044.02 7043.58 5727 1595.13 138.076
37 1991 8 13.6312 53.4197 13.2012 18.1821 5.01576
27 1991 4 0 0 0 0 0
37 1991 9 20.3769 32.1483 15.938 8.6812 2.0756
27 1991 5 6.05939 11.8661 19.0713 11.2418 0.211418
27 1991 6 9.84504 152.653 125.809 23.9864 5.92627
27 1991 7 164.209 808.689 563.48 105.094 25.6188
27 1991 8 0.397885 80.2732 22.7789 0 0
27 1991 9 33.0864 22.0106 12.8402 11.0608 0.222056
94 1991 1 670.552 4529.5 4027.28 857.02 68.854
94 1991 2 1811.73 2962.1 3442.25 574.434 11.0712
94 1991 3 2667.39 7683.12 5331.81 1530.48 121.047
94 1991 4 0 0 0 0 0
94 1991 5 1.38925 23.7909 12.9173 10.3526 0
94 1991 6 22.8868 104.191 161.414 26.3101 3.41874
84 1991 1 552.478 5047.1 3524.64 952.276 87.6078
94 1991 7 174.828 880.814 435.972 153.046 22.4295
84 1991 2 2108.14 2862.69 3146.49 623.222 96.0729
94 1991 8 31.6785 69.2967 2.47488 0 0
84 1991 3 3438.44 6649.79 5695.4 1540.77 70.6259
94 1991 9 16.2464 48.9977 10.1698 3.80612 0
84 1991 4 0 0 0 0 0
84 1991 5 3.16226 6.01202 17.1455 19.8149 2.31532
84 1991 6 17.4296 128.08 124.109 28.2034 4.07974
84 1991 7 115.883 1152.58 328.55 64.7207 5.35363
84 1991 8 24.19 55.8739 19.8031 3.58304 0
84 1991 9 19.0758 30.3637 17.1006 10.8761 1.80373
97 1991 1 779.124 4466.88 3896.26 992.847 37.3373
97 1991 2 1716.76 2870.29 3710.89 455.591 247.33
97 1991 3 3208.53 6623.75 5938.51 1578.52 162.497
97 1991 4 0 0 0 0 0
97 1991 5 4.94833 12.5068 14.5994 15.2395 1.15596
97 1991 6 35.8584 169.073 108.281 5.00696 0
87 1991 1 371.553 4760.47 3986.76 967.408 80.5984
97 1991 7 103.18 984.82 491.512 81.2532 6.32584
87 1991 2 1401.72 3153.35 3395.18 1039.26 11.3647
97 1991 8 0 59.1143 29.5571 14.7786 0
87 1991 3 2086.98 8084.08 5617.91 1589.8 57.716
97 1991 9 29.1693 19.7433 19.5455 8.45555 2.30633
87 1991 4 0 0 0 0 0
87 1991 5 1.893 14.2156 22.0633 9.23913 1.03895
87 1991 6 24.4236 128.704 118.915 35.5166 10.6611
77 1991 1 716.234 4515.28 3960.29 915.653 68.6736
87 1991 7 131.752 954.625 432.529 108.386 39.7966
77 1991 2 2256.52 2839.07 2999.06 721.07 117.128
87 1991 8 5.74069 49.2819 33.1793 8.14859 7.09951
77 1991 3 3743.48 6629.61 5485.62 1536.31 114.912
87 1991 9 11.1687 32.6913 28.1123 3.6386 3.60909
77 1991 4 0 0 0 0 0
77 1991 5 1.96863 12.3944 24.2077 9.60925 0.270041
77 1991 6 11.4193 101.327 190.791 13.8581 0.825117
77 1991 7 137.751 981.617 441.806 102.012 3.90366
77 1991 8 45.9778 7.06763 32.6733 13.358 4.37328
77 1991 9 13.1706 41.3373 13.4242 10.7697 0.518154
40 1991 1 412.459 4519.38 4263.44 918.512 70.4086
40 1991 2 1820.13 2646.89 3663.15 833.548 37.1615
40 1991 3 2334.96 7986.67 5342.29 1868.78 78.3778
40 1991 4 0 0 0 0 0
40 1991 5 2.47542 8.60576 12.9384 22.3652 2.06522
30 1991 1 661.854 4741.5 3409.2 1262.45 69.5365
40 1991 6 29.5419 96.6421 170.25 21.7861 0
30 1991 2 1850.25 2467.93 3672.45 752.285 257.961
40 1991 7 89.7589 1064.94 419.668 85.8262 6.89508
30 1991 3 2911.58 7540.22 4906.33 1656.07 164.263
40 1991 8 0 77.5875 25.8625 0 0
30 1991 4 0 0 0 0 0
40 1991 9 21.8599 36.2324 10.5056 10.6221 0
30 1991 5 6.67081 10.6159 18.0948 12.7851 0.283333
20 1991 1 511.942 4772.56 3821.77 966.933 95.6223
30 1991 6 28.3216 106.653 138.926 24.5644 7.96953
20 1991 2 1436.12 3058.33 3539.36 706.932 260.124
30 1991 7 255.579 766.592 434.76 184.408 25.7503
20 1991 3 1928.21 9116.21 5036.41 1301.82 146.073
30 1991 8 0 57.3666 21.3789 24.7045 0
20 1991 4 0 0 0 0 0
30 1991 9 26.9725 19.5603 21.5717 9.68225 1.43326
20 1991 5 2.2625 5.07757 19.2819 21.404 0.423983
10 1991 1 489.97 5005.64 3759.4 804.98 113.234
20 1991 6 38.3987 130.323 107.768 37.5972 0
10 1991 2 1644.03 3023.26 3494.25 589.418 141.469
20 1991 7 177.158 904.519 419.224 154.1 12.0884
10 1991 3 2879.53 7350.67 5962.34 1297.49 119.67
20 1991 8 19.5042 29.9719 19.0965 22.4634 12.414
10 1991 4 0 0 0 0 0
20 1991 9 24.0964 25.8842 21.7975 5.85748 1.5844
10 1991 5 1.78474 11.2227 20.4972 13.5662 1.37908
10 1991 6 5.31615 161.07 104.143 33.1837 7.01956
10 1991 7 138.943 1028.42 312.165 173.802 13.7569
10 1991 8 23.429 34.5307 20.8593 17.3503 7.28062
10 1991 9 14.6894 36.2827 22.0217 5.65066 0.57553
33 1991 1 537.258 4951.8 3469.1 1074.69 141.427
33 1991 2 2189.59 2918.35 3050.12 631.176 211.634
33 1991 3 2637.57 6506.57 6245.65 1805.25 170.779
1 1991 1 920.848 4467.81 3684.83 953.754 105.887
33 1991 4 0 0 0 0 0
33 1991 5 2.35254 4.94057 20.5627 18.7964 1.79777
1 1991 2 1928.63 3130.47 3190.77 545.225 75.6329
23 1991 1 827.661 4669.42 3637.45 981.081 52.3333
33 1991 6 27.7556 113.277 145.702 11.7857 11.7438
1 1991 3 2664.9 7286.16 5822.6 1517.05 135.881
23 1991 2 1342.66 2058.27 4722.44 850.649 26.8518
33 1991 7 109.229 855.869 556.977 97.1706 47.8438
1 1991 4 0 0 0 0 0
23 1991 3 2792.07 7153.85 5941.63 1408.96 98.7717
33 1991 8 12.342 18.4335 23.4126 9.85238 39.4095
1 1991 5 3.37662 7.45101 21.9575 15.5984 0.0665522
23 1991 4 0 0 0 0 0
33 1991 9 26.4519 29.511 16.201 3.00981 4.04631
1 1991 6 51.6033 95.6006 144.035 25.1201 1.86094
23 1991 5 8.14975 13.4825 12.5029 12.9492 1.3657
1 1991 7 150.099 860.242 575.218 65.2052 0.960305
13 1991 1 826.082 4409.48 3964.43 861.06 121.629
23 1991 6 31.7358 96.9957 134.347 38.7526 10.0242
1 1991 8 12.9313 41.6921 37.0673 10.6438 1.11557
13 1991 2 2575.45 3081.5 2583.82 540.011 126.972
23 1991 7 102.89 992.268 335.031 197.072 26.3293
1 1991 9 23.7999 25.1265 18.7634 11.5303 0
13 1991 3 3091.05 6917.87 5384.7 1864.11 108.554
23 1991 8 0 87.3578 9.30862 4.71084 2.07277
13 1991 4 0 0 0 0 0
23 1991 9 38.2107 20.7397 9.99932 9.33477 0.935571
13 1991 5 4.71334 10.0838 27.5683 6.08455 0
13 1991 6 38.074 140.12 112.744 8.94828 2.61909
13 1991 7 165.367 829.443 512.017 141.963 18.2995
13 1991 8 9.28408 31.1695 58.4429 4.55349 0
13 1991 9 13.7979 45.189 14.3115 5.12129 0.800202
90 1991 1 895.247 4949.41 3279.8 972.973 90.1516
90 1991 2 2527.01 4080.27 1957.81 360.748 75.0329
90 1991 3 2908.77 7461.19 5342.77 1760.69 125.086
90 1991 4 0 0 0 0 0
90 1991 5 2.15531 7.47232 20.1485 16.7574 1.91648
90 1991 6 22.831 113.928 131.489 34.4149 8.48587
80 1991 1 1022.95 4569.11 3605.84 864.252 125.942
90 1991 7 109.366 803.854 524.497 167.84 61.5335
80 1991 2 1496.45 2542.29 4147.95 763.465 50.7142
90 1991 8 0 68.817 27.1515 5.54499 1.93656
80 1991 3 3810.71 6686.15 5167.84 1756.25 203.799
90 1991 9 16.5473 22.6744 21.9387 18.0597 0
80 1991 4 0 0 0 0 0
80 1991 5 1.51825 10.5361 18.303 16.4347 1.65797
80 1991 6 21.2297 124.013 127.018 25.712 17.4804
70 1991 1 446.769 4774.28 3962.87 910.389 64.5918
80 1991 7 166.834 983.887 349.961 124.895 41.5131
70 1991 2 1724.65 2248.66 3663.98 1066.94 233.912
80 1991 8 30.5648 61.3671 10.9023 0.615774 0
70 1991 3 2617.44 6675.81 6004.31 1974.88 130.251
80 1991 9 21.5699 41.2349 12.1397 4.23287 0.0425456
70 1991 4 0 0 0 0 0
70 1991 5 8.01335 10.1081 18.1846 11.7227 0.421282
70 1991 6 30.049 109.805 129.451 44.3282 4.58695
60 1991 1 741.772 4690.22 3745.49 912.87 78.0028
70 1991 7 124.496 921.38 490.391 109.555 21.2685
60 1991 2 1758.59 2935.11 3285.52 901.061 120.6
70 1991 8 10.8209 64.4923 22.3636 5.2258 0.547447
60 1991 3 2427.55 6139.21 7006.09 1849.55 154.583
70 1991 9 21.3804 33.6983 20.017 4.12437 0
60 1991 4 0 0 0 0 0
60 1991 5 3.92041 4.8334 20.0751 18.7233 0.89775
60 1991 6 25.2874 99.6829 144.216 38.3793 10.6543
50 1991 1 593.92 4652.48 3778.76 1081.77 85.2662
36 1991 1 1006.08 4095.02 4203.85 774.818 88.5511
60 1991 7 158.166 810.778 525.968 132.152 40.0261
50 1991 2 1435.64 3712.82 3476.57 365.937 9.90513
36 1991 2 1798 3689.65 2953.57 548.709 10.9466
60 1991 8 10.8496 17.5062 72.11 1.79048 1.19365
50 1991 3 2405.34 6830.46 6794.78 1312.7 135.064
36 1991 3 2240.87 8299.07 5319.46 1423.96 153.815
60 1991 9 14.2791 37.8255 15.1173 10.7253 1.27274
50 1991 4 0 0 0 0 0
36 1991 4 0 0 0 0 0
4 1991 1 513.209 4539.67 4070.64 979.284 75.5973
50 1991 5 6.66091 13.8811 17.9694 9.08158 0.856939
36 1991 5 3.19219 11.8491 16.534 15.8133 1.06138
4 1991 2 1511.47 2585.84 3507.47 1241.46 154.638
50 1991 6 24.1288 149.319 111.591 20.593 2.79754
26 1991 1 739.156 4676.1 3695.52 920.958 100.354
36 1991 6 34.6286 109.14 151.959 18.5297 3.96318
4 1991 3 2175.37 7300.39 6132.61 1796.57 107.808
50 1991 7 123.329 952.745 439.048 144.858 7.10913
26 1991 2 1876.36 3914.5 2712.74 481.235 16.0324
36 1991 7 156.318 940.731 399.254 141.218 29.569
4 1991 4 0 0 0 0 0
50 1991 8 7.38929 37.7568 35.9366 20.2561 2.11122
26 1991 3 2062.93 7883.59 5709.52 1574.85 208.744
36 1991 8 0 59.0089 23.8782 10.1579 10.405
4 1991 5 6.91621 11.265 14.3684 15.0615 0.838911
50 1991 9 17.9123 31.4099 12.7188 16.4691 0.709857
26 1991 4 0 0 0 0 0
36 1991 9 6.84971 33.2002 25.1039 9.90739 4.15878
4 1991 6 12.704 96.6731 159.351 44.5026 4.98974
26 1991 5 1.66394 4.0769 21.4999 19.5319 1.67731
4 1991 7 136.584 1028.78 368.195 118.5 15.0273
16 1991 1 1065.9 3891.7 4179.5 929.176 125.916
26 1991 6 28.8395 142.056 104.232 26.2843 12.8302
4 1991 8 14.7786 44.3357 19.7048 24.631 0
16 1991 2 1736.81 2918.34 3776.17 480.193 89.3529
26 1991 7 215.994 836.51 556.666 50.4393 7.48053
4 1991 9 0 27.5185 43.5611 7.67713 0.463275
16 1991 3 1834.91 7582.64 6278.04 1812.81 90.339
26 1991 8 20.69 67.072 13.8691 1.8189 0
16 1991 4 0 0 0 0 0
26 1991 9 15.5413 34.8768 20.8636 5.24474 2.69366
16 1991 5 5.04082 11.6214 21.3917 9.47216 0.923901
16 1991 6 33.3416 110.083 150.506 14.7466 5.84247
16 1991 7 221.262 887.048 440.071 103.941 14.7688
16 1991 8 17.2417 72.7981 11.4944 1.91574 0
16 1991 9 7.24079 41.4008 25.9383 3.48141 1.15874
93 1991 1 902.193 4596.94 3391.07 1193.1 76.6561
93 1991 2 1776.29 2789.97 3265.9 1085.21 83.496
93 1991 3 2291 7148.38 5928.57 1829.11 246.153
93 1991 4 0 0 0 0 0
93 1991 5 4.65008 10.5292 14.2154 17.1135 1.94181
93 1991 6 26.9502 157.99 110.483 19.4468 0
83 1991 1 595.251 4633.92 4018.16 810.686 71.1169
93 1991 7 190.206 814.591 524.904 82.0235 55.3654
83 1991 2 1461.89 2816.68 3582.89 806.631 142.619
93 1991 8 0 33.3825 32.2279 11.977 25.8625
83 1991 3 2687.35 7143.27 5608.18 1806.79 109.227
93 1991 9 17.3276 41.7958 16.0508 3.83453 0.211253
83 1991 4 0 0 0 0 0
83 1991 5 5.19671 15.096 13.4109 12.7769 1.96947
83 1991 6 15.4422 150.899 116.221 16.9554 12.003
73 1991 1 790.413 4571.07 3867.06 853.391 97.3392
83 1991 7 124.918 909.653 380.029 203.513 36.3953
73 1991 2 3100.69 2570.54 2607.22 642.479 79.9436
83 1991 8 16.2406 60.1022 19.2195 6.67419 1.21349
73 1991 3 2606.47 6976.61 6158.62 1733.19 85.0489
83 1991 9 10.7583 35.5246 20.5873 10.8915 1.4583
73 1991 4 0 0 0 0 0
73 1991 5 10.1056 10.4267 9.77094 17.1373 1.00938
73 1991 6 24.5404 151.358 105.072 29.4292 7.82068
63 1991 1 616.051 4893.41 3675.82 910.263 91.9713
73 1991 7 126.834 1040.33 409.341 86.2909 4.28959
63 1991 2 1779.04 2561.72 3734.76 886.971 38.3853
73 1991 8 0 51.725 25.8625 25.8625 0
63 1991 3 3401.18 6227.01 6234.82 1599.65 130.804
73 1991 9 9.95904 40.1689 15.1625 12.4694 1.4601
63 1991 4 0 0 0 0 0
63 1991 5 5.06453 10.6862 20.7094 11.5554 0.43447
63 1991 6 43.7247 112.844 152.584 6.83662 2.23051
53 1991 1 517.928 4487.13 4194.56 845.69 126.981
63 1991 7 217.392 877.779 395.334 100.389 76.1964
53 1991 2 1744.82 2958.25 3119.33 1056.32 92.8429
63 1991 8 2.63008 77.1492 23.6708 0 0
53 1991 3 2925.69 8274.5 4551.61 1606.11 79.9083
63 1991 9 12.6032 32.0923 15.0947 16.7115 2.71833
53 1991 4 0 0 0 0 0
7 1991 1 654.361 4815.78 3721.65 913.099 57.665
53 1991 5 5.51698 16.7394 19.0144 6.33223 0.847028
7 1991 2 1355.74 1838.15 4744.92 886.906 71.1051
53 1991 6 17.6089 112.359 166.529 12.0179 2.93394
29 1991 1 739.78 4582.53 3933.54 828.632 86.7128
43 1991 1 638.397 4804.37 3636.74 980.427 90.9207
7 1991 3 2392.08 7219.29 6116.79 1655.73 155.34
53 1991 7 107.26 1123.54 289.895 123.224 23.1683
29 1991 2 2203.33 3114.78 3026.99 547.127 84.4515
43 1991 2 1479.21 3123.35 3774.85 518.342 2.44456
7 1991 4 0 0 0 0 0
53 1991 8 4.88514 48.9638 33.5929 11.3059 4.70227
43 1991 3 2418.08 7068.55 6458.46 1562.83 122.485
29 1991 3 3230.7 6534.91 6297.04 1346.08 155.833
7 1991 5 3.2375 11.8375 17.0824 14.6518 1.64068
53 1991 9 9.34529 30.5762 33.8799 5.30242 0.116244
43 1991 4 0 0 0 0 0
29 1991 4 0 0 0 0 0
7 1991 6 59.1731 114.577 105.25 23.5489 15.6718
43 1991 5 5.76279 7.69713 18.5535 16.062 0.374493
29 1991 5 2.06065 7.09907 15.8261 23.1536 0.310577
7 1991 7 114.39 981.478 339.806 213.455 17.9614
43 1991 6 41.8413 166.061 109.828 0.489444 0
19 1991 1 752.078 4476.89 4004.72 827.828 74.8002
29 1991 6 53.6409 119.364 120.143 19.6993 5.37255
7 1991 8 0 66.6262 32.3424 4.29636 0.185063
43 1991 7 140.613 965.143 422.946 122.457 15.9311
19 1991 2 1993.86 2659.66 3306.78 860.551 22.797
29 1991 7 236.675 908.841 402.259 52.3428 12.7576
7 1991 9 17.2097 30.051 26.7791 4.04924 1.13104
43 1991 8 19.2002 29.6833 16.6602 21.6789 16.2275
19 1991 3 2431.34 7060.73 6273.65 1576.02 110.695
29 1991 8 29.3909 57.7142 5.99989 4.59778 5.74722
43 1991 9 16.4534 24.4234 34.5022 3.84097 0
19 1991 4 0 0 0 0 0
29 1991 9 20.2203 27.9631 19.3746 8.69976 2.96218
19 1991 5 5.33402 10.2868 16.7355 15.6043 0.48932
19 1991 6 22.9643 110.621 174.802 9.07638 0.756171
19 1991 7 192.35 907.334 497.358 44.8638 25.1839
19 1991 8 0.95787 68.8517 21.9927 0.153259 11.4944
19 1991 9 13.7412 27.1206 28.7646 9.15144 0.442158
86 1991 1 1400.39 4411.66 3508.87 725.484 106.538
86 1991 2 2167.28 3117.04 2734.86 887.933 34.143
86 1991 3 1804.24 8168.13 5854.53 1458.65 48.3801
86 1991 4 0 0 0 0 0
86 1991 5 6.55192 13.2742 12.457 13.8339 2.33294
86 1991 6 48.6617 122.041 118.093 29.4238 0
76 1991 1 428.058 4836.78 3803.33 1050.81 73.2154
86 1991 7 182.27 890.299 483.551 97.2151 13.7544
76 1991 2 1456.84 2806.46 3567.75 935.365 234.46
86 1991 8 8.962 47.0867 44.7595 2.64187 0
76 1991 3 1783.92 7777.78 6028.83 1890.16 102.533
86 1991 9 28.8315 35.1935 6.93161 8.08659 0.17683
76 1991 4 0 0 0 0 0
76 1991 5 3.3828 11.2105 19.3522 14.1246 0.379826
76 1991 6 17.679 130.318 109.388 58.8929 1.942
66 1991 1 1052.13 4223.99 4006.43 828.549 68.8257
76 1991 7 103.203 971.928 412.708 139.897 39.3548
66 1991 2 2232.46 3306.6 2938.1 405.617 94.4644
76 1991 8 0 103.45 0 0 0
66 1991 3 1858.83 7697.74 6002.51 1660.73 115.668
76 1991 9 19.4211 33.6941 12.5534 11.52 2.03128
66 1991 4 0 0 0 0 0
66 1991 5 3.30114 14.2165 17.1219 12.6979 1.11256
66 1991 6 23.1994 145.08 106.325 24.4636 1.47324
56 1991 1 693.946 4255.03 4143.41 996.54 90.2828
66 1991 7 204.759 844.974 463.822 110.979 9.43563
56 1991 2 2530.77 2342.59 3750.27 331.123 19.5683
66 1991 8 3.36201 44.9492 47.5525 7.58633 0
56 1991 3 2901.71 6280.54 6839.09 1379.55 76.2231
66 1991 9 11.8095 43.6589 22.4368 1.18323 0.131595
56 1991 4 0 0 0 0 0
56 1991 5 0.765368 12.3484 25.0496 8.4894 1.79723
56 1991 6 13.3126 129.322 142.951 26.7952 0
46 1991 1 442.623 4860.65 3770.65 1004.19 114.075
56 1991 7 110.975 939.133 456.436 143.479 17.0672
46 1991 2 2155.32 2992.32 2965.15 846.933 41.1498
56 1991 8 15.4229 57.0337 27.9003 3.0401 0.0529969
46 1991 3 2588.59 7268.67 6065 1525.77 105.136
56 1991 9 18.4778 29.9136 24.0857 5.05068 1.69217
46 1991 4 0 0 0 0 0
46 1991 5 7.62287 10.7238 14.9428 14.3755 0.784981
46 1991 6 30.3562 122.95 143.726 19.8097 1.37758
46 1991 7 175.312 942.196 406.61 127.071 15.9
46 1991 8 34.768 38.1671 13.9687 12.6667 3.87938
46 1991 9 17.3676 30.5546 30.2522 1.04558 0
89 1991 1 790.059 4669.11 3609.86 1052.15 71.0077
89 1991 2 2362.75 2952.05 2906.65 602.4 177.021
89 1991 3 2972.62 7626.09 5463.27 1527.39 55.1421
89 1991 4 0 0 0 0 0
89 1991 5 4.76201 14.7169 15.2858 13.3397 0.34566
89 1991 6 35.1275 126.535 128.166 24.9702 3.42172
79 1991 1 1440.99 4015.11 3760.75 872.43 89.1476
89 1991 7 173.579 951.695 400.765 98.7202 42.3301
79 1991 2 1617.34 2519.21 3342.13 808.121 471.618
89 1991 8 2.93892 15.9541 39.518 44.2308 0.808203
79 1991 3 3393.31 6764.41 5604.57 1428.61 99.4068
89 1991 9 10.9615 42.7229 14.5078 11.0278 0
79 1991 4 0 0 0 0 0
79 1991 5 3.24337 7.13274 21.8677 15.0305 1.17563
79 1991 6 24.1718 147.364 136.421 9.21584 1.04678
69 1991 1 599.328 4758.91 3641.35 1109.37 74.7006
79 1991 7 129.037 921.717 425.896 153.216 10.1168
69 1991 2 2261.32 3209.03 2915.54 434.525 106.071
79 1991 8 13.4405 42.0332 41.0902 6.71643 0.16959
69 1991 3 2973.49 6557.33 6074.4 1584.82 113.96
79 1991 9 34.6465 22.433 18.0389 3.59058 0.511097
69 1991 4 0 0 0 0 0
69 1991 5 8.73649 10.0609 17.9817 11.1142 0.556618
69 1991 6 29.0242 111.288 142.538 23.8514 1.67606
59 1991 1 555.479 4930.72 3599.54 1055.61 50.8373
69 1991 7 215.514 914.617 432.418 91.7288 12.8124
59 1991 2 2160.42 3708.14 2545.49 505.474 81.3437
69 1991 8 16.6714 27.8703 23.8747 4.24491 30.7887
59 1991 3 2724.31 8047.46 5242.66 1400.94 90.2715
69 1991 9 28.2651 18.5816 20.419 10.3262 1.62807
59 1991 4 0 0 0 0 0
59 1991 5 3.23696 6.25842 19.7671 18.1557 1.03188
59 1991 6 26.276 122.475 137.694 30.7903 0.985201
49 1991 1 832.53 4454.89 3771.54 945.969 124.978
59 1991 7 152.66 917.456 478.888 99.8036 18.2819
49 1991 2 1747.55 2057.07 3758.86 1347.54 89.8519
59 1991 8 0 60.3981 6.89667 11.5243 24.631
49 1991 3 2405.71 7566.65 5588.31 1735.03 137.989
59 1991 9 34.5992 24.4495 16.6676 3.02459 0.479033
49 1991 4 0 0 0 0 0
49 1991 5 4.50825 11.6788 16.2835 13.155 2.82448
49 1991 6 28.1243 154.196 114.376 20.453 1.07004
39 1991 1 611.131 4327.63 4309.43 835.709 98.7615
49 1991 7 144.158 869.834 451.353 147.238 54.5063
39 1991 2 1250.1 2719.11 3946 792.1 293.557
49 1991 8 18.3911 46.6718 19.3861 15.4823 3.51871
39 1991 3 2700.21 7379.41 5856.6 1441.47 121.981
49 1991 9 22.4763 25.6031 28.629 2.51156 0
39 1991 4 0 0 0 0 0
39 1991 5 10.0123 15.7369 13.9974 8.12899 0.574506
39 1991 6 40.7212 141.799 98.1929 20.1378 2.56817
39 1991 7 139.054 979.037 448.016 85.8477 15.135
39 1991 8 23.9263 61.6346 13.8602 2.39099 1.63788
39 1991 9 15.5324 34.0005 18.8685 8.75744 2.06119
96 1991 1 419.341 4733.76 4118.97 837.65 77.6223
96 1991 2 1740.2 2463.18 4398.73 390.819 7.93728
96 1991 3 2447.15 7218.25 6058.3 1760.05 111.008
96 1991 4 0 0 0 0 0
96 1991 5 4.32591 7.11762 17.9346 17.9824 1.08952
96 1991 6 63.7077 90.8108 137.1 21.3595 5.24225
96 1991 7 210.514 877.86 387.072 143.604 48.0399
96 1991 8 0 59.4838 32.4574 8.92256 2.58625
96 1991 9 12.3991 42.759 12.5074 11.5546 0
99 1991 1 1344.64 4387.79 3451.66 929.122 70.8819
99 1991 2 2706.57 2751.15 2516.24 796.126 230.792
99 1991 3 1555.44 7139.43 6741.85 1947.63 74.3683
99 1991 4 0 0 0 0 0
99 1991 5 5.20389 9.86944 17.8401 15.391 0.145495
99 1991 6 10.3362 101.725 165.877 30.7473 5.95918
99 1991 7 186.314 964.072 335.654 126.074 54.9762
99 1991 8 0 21.2504 65.7339 16.4658 0
99 1991 9 22.7836 34.1749 9.29221 11.4104 1.55886
3 1991 1 827.634 4732.99 3770.46 802.01 54.1495
3 1991 2 2133.15 2747.76 3156.54 951.229 12.1933
3 1991 3 2733.54 5594.26 6991.42 1914.6 278.889
3 1991 4 0 0 0 0 0
3 1991 5 4.46087 12.6599 16.7191 13.6894 0.920662
3 1991 6 38.2982 85.7056 172.382 17.1541 4.67971
3 1991 7 172.605 937.413 436.148 119.239 1.68393
3 1991 8 40.0158 49.0345 10.7943 2.63091 0.974411
3 1991 9 14.7224 36.3422 19.603 8.0017 0.550685
52 1991 1 749.124 4567.41 3813.91 922.975 110.085
52 1991 2 2332.03 3155.8 2650.88 713.77 148.393
52 1991 3 2475.25 7505.77 5957.98 1473.8 63.9145
52 1991 4 0 0 0 0 0
52 1991 5 1.78616 5.98175 19.403 19.0123 2.26686
52 1991 6 25.9122 102.238 175.54 14.5301 0
42 1991 1 693.09 4594.06 3699.8 1111.23 94.0101
52 1991 7 196.147 860.872 549.34 32.4882 28.2424
42 1991 2 2208.81 2978.49 3046.88 762.634 4.05719
52 1991 8 14.4608 12.2201 18.6401 55.1733 2.95571
42 1991 3 3268.7 6720.55 5731.83 1495.17 101.518
52 1991 9 34.6888 31.1245 6.44687 6.95983 0
42 1991 4 0 0 0 0 0
42 1991 5 3.46071 16.1122 16.538 11.647 0.692143
32 1991 1 507.916 4612.88 3592.67 1384.35 85.2861
42 1991 6 21.6759 100.922 177.097 15.7573 2.76713
32 1991 2 1134.91 2718.58 4097.37 1020.33 29.6706
42 1991 7 138.894 859.651 431.92 236.017 0.60754
32 1991 3 2447.37 7605.01 5600.47 1542.64 222.492
42 1991 8 0 32.5154 69.2166 1.44928 0.268701
32 1991 4 0 0 0 0 0
42 1991 9 7.54659 46.2033 17.5921 6.1925 1.68553
32 1991 5 6.5054 11.1111 14.7021 14.0475 2.08387
22 1991 1 560.235 4575.85 3921.18 1014.3 116.291
32 1991 6 19.9184 123.705 120.338 42.6441 11.6142
22 1991 2 2529.65 3643.4 2366.14 323.128 40.711
32 1991 7 167.845 1100.46 279.093 97.8109 21.8776
22 1991 3 2349.07 6839.07 6478.61 1492.36 97.1435
32 1991 8 19.7691 66.1012 12.1917 3.59201 1.79601
22 1991 4 0 0 0 0 0
32 1991 9 13.5362 38.3209 14.0583 10.9746 2.33
22 1991 5 4.83534 8.91334 21.1128 12.009 1.57951
12 1991 1 722.192 4560.16 3957.34 878.384 70.028
22 1991 6 34.0222 110.549 153.733 14.4556 5.45979
12 1991 2 1714.26 3392.43 3173.13 661.685 38.0866
22 1991 7 179.386 997.044 458.141 27.2758 5.24288
12 1991 3 3244.98 6907.69 5647.34 1436.61 131.618
22 1991 8 0 76.9323 22.2009 4.31684 0
12 1991 4 0 0 0 0 0
22 1991 9 16.0823 35.1814 21.0078 6.54316 0.405365
12 1991 5 3.21801 8.24591 25.9363 9.6783 1.37147
12 1991 6 41.4392 137.705 99.7775 14.7197 1.57467
12 1991 7 143.479 994.806 417.803 106.029 4.97298
12 1991 8 10.5066 29.2081 27.7557 26.355 9.62454
12 1991 9 13.5913 35.8444 26.1815 3.60277 0
55 1991 1 758.999 4645.77 3836.56 844.804 92.768
55 1991 2 2078.65 2973.03 3007.72 778.805 109.871
55 1991 3 2818.21 6754.31 5930.61 1730.38 53.8718
55 1991 4 0 0 0 0 0
55 1991 5 2.3076 12.7687 23.7765 8.15276 1.44447
55 1991 6 39.9187 99.2316 175.537 3.53303 0
45 1991 1 704.144 4293.73 4153.2 944.979 45.6851
55 1991 7 260.543 729.519 482.266 166.621 28.1405
45 1991 2 2288.13 3677.11 2234.58 489.667 80.5939
55 1991 8 0 38.6492 26.7851 21.1719 16.8438
45 1991 3 3855.79 6146.35 5682.04 1723.98 110.221
55 1991 9 20.5942 38.2501 15.8252 3.32926 1.22131
45 1991 4 0 0 0 0 0
45 1991 5 2.67222 9.63197 27.0557 8.80557 0.284501
45 1991 6 41.1065 113.591 115.489 28.1574 11.611
35 1991 1 932.735 4235.82 3683.42 1227.54 102.515
45 1991 7 143.198 1089.63 364.203 58.5877 11.4728
35 1991 2 1754.79 2970.13 3083.3 916.796 243.245
45 1991 8 20.5084 45.5235 27.6671 4.44585 5.30513
35 1991 3 2157.74 7030.43 6621.12 1494.86 173.159
45 1991 9 17.0685 24.5915 26.3597 9.52255 1.67776
35 1991 4 0 0 0 0 0
35 1991 5 1.87806 11.4552 18.1299 16.0703 0.916605
25 1991 1 1073.94 3927.89 4049.88 1010.83 97.1747
35 1991 6 43.1035 112.502 120.088 41.9887 0.537534
25 1991 2 1034.98 2499.68 4275.18 872.368 205.444
35 1991 7 153.989 724.505 647.013 127.399 14.1835
25 1991 3 3889.44 5931.11 5905.13 1576.27 117.59
35 1991 8 9.69844 53.9581 23.2763 16.5172 0
25 1991 4 0 0 0 0 0
35 1991 9 10.7001 40.3412 24.1663 4.01232 0
25 1991 5 2.22116 14.8002 19.5954 9.9876 1.84571
15 1991 1 917.495 4432.88 3988.22 771.162 67.3936
25 1991 6 32.8216 165.79 104.192 13.6909 1.72529
15 1991 2 2208.99 3290.4 2736.16 436.658 200.441
25 1991 7 189.321 911.105 442.751 112.529 11.3833
15 1991 3 3458.32 6654.82 5688.61 1590.97 71.3634
25 1991 8 20.9794 63.3903 13.3341 4.25013 1.49618
15 1991 4 0 0 0 0 0
25 1991 9 9.30877 37.4645 20.8045 10.089 1.55333
15 1991 5 7.28381 10.2146 12.3605 17.5528 1.03821
15 1991 6 33.5995 128.133 147.253 8.16497 1.06965
15 1991 7 145.535 940.258 440.285 94.2799 46.732
15 1991 8 71.8403 22.9889 8.62083 0 0
15 1991 9 13.8954 25.7949 31.4696 6.99916 1.06098
92 1991 1 612.535 5114.17 3476.59 926.182 62.7131
92 1991 2 2065.76 2691.62 3393.3 733.776 116.414
92 1991 3 2709.15 6824.97 6023.53 1847.99 168.773
92 1991 4 0 0 0 0 0
92 1991 5 3.68495 11.1327 20.0056 12.7423 0.884405
92 1991 6 21.875 140.58 137.164 15.3897 3.21139
82 1991 1 991.215 4188.86 3963.47 919.946 119.842
92 1991 7 139.123 983.547 473.852 47.0986 23.4683
82 1991 2 2167.43 3407.09 2953.56 442.197 30.596
92 1991 8 14.7786 40.1575 42.7184 5.79552 0
82 1991 3 3253.03 7123.55 5149.18 1951.65 151.529
92 1991 9 22.2876 25.6486 21.375 5.77899 4.12982
82 1991 4 0 0 0 0 0
82 1991 5 2.83063 8.84142 19.2284 16.2738 1.27578
82 1991 6 56.3175 149.875 93.9571 8.77448 2.1453
72 1991 1 925.873 3906.52 4265.53 1029.02 55.9573
82 1991 7 166.204 890.028 488.094 106.538 16.2259
72 1991 2 1988.01 3299.88 3200.49 253.075 76.9711
82 1991 8 8.16711 71.8025 16.2208 5.80772 1.45193
72 1991 3 1968.58 8044.16 5843.87 1597.05 77.0755
82 1991 9 28.5192 19.6466 23.5547 0.985849 6.51364
72 1991 4 0 0 0 0 0
72 1991 5 1.17353 4.70828 12.4823 26.7975 3.28846
72 1991 6 30.7627 92.9539 133.429 46.0852 14.9894
62 1991 1 830.798 4837.7 3309.77 1018.42 140.687
48 1991 1 438.21 5575.96 3222.65 865.987 68.9176
72 1991 7 145.516 917.845 454.85 122.07 26.8091
62 1991 2 2448.97 2799.54 2708.73 938.419 59.9745
48 1991 2 2107.61 3552.69 2586.47 546.933 78.579
72 1991 8 5.40915 58.3238 27.9059 9.78269 2.02843
62 1991 3 2440.59 6895.9 6367.25 1651.36 99.2309
48 1991 3 2471.59 7117.65 6171.65 1596.44 126.656
72 1991 9 21.638 24.1486 24.8368 7.96918 0.627415
62 1991 4 0 0 0 0 0
48 1991 4 0 0 0 0 0
62 1991 5 0 1.49931 24.5598 21.3792 1.01176
48 1991 5 4.92365 11.1606 18.0442 13.6115 0.710054
62 1991 6 41.3006 83.3408 164.6 24.9506 0
48 1991 6 67.2863 135.776 96.4958 18.6621 0
38 1991 1 949.875 4639.96 3440.54 1043.62 79.7782
62 1991 7 82.2322 1026.25 421.534 113.147 23.9234
48 1991 7 155.423 948.923 459.266 92.1417 11.3362
38 1991 2 2150.34 2829.97 2619.95 1144.34 124.29
62 1991 8 39.0431 53.5774 0.854959 9.97452 0
48 1991 8 9.65774 36.3309 36.3012 19.1898 1.97048
38 1991 3 2665.46 7800.21 5242.53 1604.21 101.537
62 1991 9 13.7175 29.6944 33.329 2.44109 0.0380865
48 1991 9 24.7952 25.6465 22.5225 5.08217 1.17363
38 1991 4 0 0 0 0 0
6 1991 1 546.81 4866.41 3626.91 1026.42 125.632
38 1991 5 3.68938 15.0518 15.4355 13.1552 1.11808
6 1991 2 1446.5 2607.92 4299.76 452.79 118.686
28 1991 1 588.666 4486.37 4137.54 876.52 84.2369
38 1991 6 58.2722 103.213 131.053 20.1871 5.49428
6 1991 3 2411.28 8523.67 4898.86 1640.23 94.7815
28 1991 2 2609.15 2595.36 2727.83 1032.11 8.72129
38 1991 7 184.243 979.946 445.45 50.609 6.8417
6 1991 4 0 0 0 0 0
28 1991 3 2381.13 8040.95 5234.21 1765.17 37.0987
38 1991 8 21.7245 60.001 18.621 3.1035 0
6 1991 5 4.64161 10.0359 23.7235 8.50314 1.54587
28 1991 4 0 0 0 0 0
38 1991 9 22.5784 21.7424 25.0322 7.364 2.50307
6 1991 6 22.7835 126.195 144.547 14.8727 1.96432
28 1991 5 0 8.70266 20.573 17.6871 1.48724
6 1991 7 120.877 923.159 456.61 163.698 2.74625
18 1991 1 482.223 4786.56 3711.39 1055.23 115.626
28 1991 6 11.9463 94.0243 142.136 9.90253 0.256216
6 1991 8 0 93.4093 9.73647 0.304265 0
18 1991 2 2813.25 2834.11 2763.35 446.328 96.7093
28 1991 7 163.326 1019.81 314.445 155.025 14.4832
6 1991 9 17.7524 35.2588 18.3314 7.47224 0.405217
18 1991 3 2657.27 6747.27 6213.7 1515.88 146.966
28 1991 8 14.7786 69.2482 18.0158 1.40748 0
18 1991 4 0 0 0 0 0
28 1991 9 21.7689 34.2916 15.8022 6.79722 0.560141
18 1991 5 0.96131 14.6582 22.0906 9.75016 0.989685
18 1991 6 34.023 120.929 140.767 18.9186 3.58221
18 1991 7 142.223 953.458 425.058 115.143 31.2074
18 1991 8 28.4488 45.2594 29.7419 0 0
18 1991 9 20.3161 25.4137 27.9338 4.82623 0.730138
95 1991 1 697.798 4817.31 3674.56 876.718 113.359
95 1991 2 1799.51 3096.17 2864.27 1134.61 53.9774
95 1991 3 2694.79 7510.68 5703.47 1487.63 118.637
95 1991 4 0 0 0 0 0
95 1991 5 1.54407 6.15924 17.6279 22.2477 0.871071
95 1991 6 12.2362 102.918 189.628 13.4381 0
85 1991 1 575.74 4611.84 3677.31 1202.77 124.528
95 1991 7 168.606 927.199 388.974 156.781 25.5296
85 1991 2 2079.76 3024.2 2961.54 742.63 192.748
95 1991 8 0 32.5557 48.2941 20.6108 1.98942
85 1991 3 2756.17 7679.14 5524.76 1617.45 53.8462
95 1991 9 21.7786 30.0657 16.159 7.17684 4.03986
85 1991 4 0 0 0 0 0
85 1991 5 2.50007 11.3945 24.3184 8.94506 1.292
85 1991 6 12.7356 135.165 126.533 25.2921 10.3354
75 1991 1 1181.3 4217.9 3778.53 952.639 52.3319
85 1991 7 76.0602 1033.15 419.354 134.198 4.32513
75 1991 2 1953.55 3336.24 3462.54 237.838 10.7019
85 1991 8 0 37.1034 45.5364 14.6873 6.12286
75 1991 3 3239.55 6379.2 6173.18 1485.73 114.382
85 1991 9 5.67416 30.7678 31.3602 9.36236 2.05552
75 1991 4 0 0 0 0 0
75 1991 5 6.24286 9.07502 12.6912 20.1399 0.300932
75 1991 6 43.7462 141.989 112.043 11.9592 4.73913
65 1991 1 667.919 4819.6 3555.69 1042.8 89.641
75 1991 7 101.276 1070.31 405.09 75.3104 15.1025
65 1991 2 1824.13 3400.58 2835.6 755.984 184.579
75 1991 8 2.66232 42.5088 40.4034 12.7411 5.13447
65 1991 3 4163.2 6140.77 5452.07 1612.04 99.2518
75 1991 9 22.7162 28.7401 22.0501 5.59568 0.117887
65 1991 4 0 0 0 0 0
65 1991 5 6.46 17.1964 6.93993 17.1807 0.672917
65 1991 6 30.4064 135.144 110.699 38.8304 3.14033
65 1991 7 132.458 804.972 537.891 176.28 15.4898
65 1991 8 5.02471 34.9722 21.4477 40.4974 1.50802
65 1991 9 14.203 33.6881 18.2357 12.5707 0.522632
9 1991 1 859.714 4829.79 3261.68 1044.03 144.749
9 1991 2 2620.92 3094.89 2682.18 483.349 13.9525
9 1991 3 2536.27 5970.65 6903.78 1917.13 74.0292
9 1991 4 0 0 0 0 0
9 1991 5 5.9326 12.114 15.0484 14.7175 0.6375
9 1991 6 20.2887 128.255 153.001 10.7336 2.01223
9 1991 7 136.129 837.665 507.085 163.452 22.7585
9 1991 8 14.1336 53.6297 19.2473 12.6945 3.7448
9 1991 9 22.643 20.8137 22.8669 8.16253 4.73389
98 1991 1 962.511 4992.23 3218.7 911.224 69.6476
98 1991 2 2555.12 2733.98 3019.42 427.208 150.492
98 1991 3 2231.18 7207.67 6239.45 1731.08 103.778
98 1991 4 0 0 0 0 0
98 1991 5 2.96587 12.9538 19.7526 10.5826 2.19509
98 1991 6 11.1274 127.636 120.867 29.4681 6.84655
88 1991 1 502.993 4423.98 4377.56 845.933 41.7206
98 1991 7 147.273 928.031 447.577 105.962 38.2482
88 1991 2 1892.23 2266.38 3244.9 1350.07 247.291
98 1991 8 0 34.4833 39.9281 21.7789 7.25965
88 1991 3 2656.11 6985.5 6334.3 1548.33 106.569
98 1991 9 8.80222 27.2912 23.5247 18.1809 1.421
88 1991 4 0 0 0 0 0
88 1991 5 6.72917 11.0999 16.0274 14.0455 0.548077
88 1991 6 8.72793 100.262 171.606 21.9651 15.6584
78 1991 1 879.777 4639.64 3593.8 943.177 71.7429
88 1991 7 196.696 820.66 513.768 108.613 27.3518
78 1991 2 2110.72 2708.59 3654.76 413.62 48.8887
88 1991 8 18.3911 27.5867 20.5116 32.997 3.9636
78 1991 3 4058.61 6499.49 5195.75 1480.63 141.088
88 1991 9 13.9292 18.2506 28.1022 17.9287 1.00937
78 1991 4 0 0 0 0 0
78 1991 5 2.9737 11.6561 26.2426 7.57761 0
78 1991 6 72.1865 90.0594 146.644 5.08696 4.24293
68 1991 1 477.239 5056.28 3580.3 980.688 51.4316
78 1991 7 157.494 886.242 455.91 108.13 59.314
68 1991 2 1488.02 3511.57 3307.85 494.831 26.6053
78 1991 8 0 0 55.1733 34.4833 13.7933
68 1991 3 2833.91 7353.24 5403.45 1488.87 134.546
78 1991 9 13.3624 34.9807 19.4535 9.07936 2.34404
68 1991 4 0 0 0 0 0
68 1991 5 8.21341 17.4332 17.4236 4.24422 1.13555
68 1991 6 10.9477 158.488 131.726 15.8153 1.24305
58 1991 1 658.667 4937.7 3581.49 947.648 66.6878
68 1991 7 110.823 844.593 578.597 88.2996 44.7776
58 1991 2 1988.49 2451.07 3763.63 624.997 140.301
68 1991 8 0 41.38 33.4223 19.0985 9.54923
58 1991 3 3007.61 7885.5 4976.67 1606.98 91.9014
100 1991 1 463.703 4680.09 3813.26 1104.87 96.7117
68 1991 9 3.24738 37.6331 28.8081 7.28623 2.2451
58 1991 4 0 0 0 0 0
100 1991 2 1914.17 3120.12 3375.9 468.367 122.32
58 1991 5 13.1211 15.4749 12.3077 7.54628 0
100 1991 3 2114.79 8551.23 4734.74 1861.02 174.807
58 1991 6 8.28698 77.7613 216.652 5.57488 0
100 1991 4 0 0 0 0 0
58 1991 7 117.697 920.004 474.518 130.349 24.5219
100 1991 5 3.36957 12.3325 18.5727 13.4483 0.726939
58 1991 8 20.69 41.1078 38.3854 2.72237 0.544474
100 1991 6 21.6619 117.594 162.371 14.0678 2.52556
58 1991 9 18.9816 35.9874 19.7542 4.13506 0.361749
100 1991 7 234.983 926.087 421.55 84.4694 0
100 1991 8 27.5867 20.69 11.9716 38.5172 4.68453
100 1991 9 29.5334 25.0182 11.886 4.48806 8.2944
21 1991 1 617.723 4784.87 3696.17 982.616 110.808
21 1991 2 1857.8 2676.17 3860.26 474.156 132.48
21 1991 3 2413.99 7936.09 5505 1592.42 123.501
21 1991 4 0 0 0 0 0
21 1991 5 2.61659 12.3522 18.4589 14.5407 0.481552
11 1991 1 942.578 4192.63 4144.43 760.589 95.2155
21 1991 6 69.1004 128.313 111.063 8.43409 1.30955
11 1991 2 2277.33 2716.71 2762.35 729.858 340.964
21 1991 7 180.919 858.917 440.168 176.834 10.2518
11 1991 3 2607.54 7294.73 5789.63 1593.21 148.855
21 1991 8 0 14.7786 35.7573 46.7988 6.11527
11 1991 4 0 0 0 0 0
21 1991 9 17.6843 31.1695 16.8119 11.8111 1.7432
11 1991 5 5.59501 13.6432 11.4291 17.1842 0.598373
11 1991 6 5.48188 100.808 153.279 35.8804 19.349
11 1991 7 102.082 941.675 492.355 116.356 14.6236
11 1991 8 19.2465 69.7686 9.62326 4.81163 0
11 1991 9 8.80488 39.8659 18.1008 5.07902 7.3693
2 1991 1 1154.23 4136.67 3700.5 1078.74 122.053
2 1991 2 1754.93 3047.86 3548.61 621.069 28.4039
2 1991 3 3456.34 6971.06 5470.73 1493.7 91.3127
2 1991 4 0 0 0 0 0
2 1991 5 4.8923 10.3609 13.9724 18.9039 0.320456
2 1991 6 42.3243 108.252 129.039 35.2187 3.38532
2 1991 7 171.549 843.705 484.661 153.076 14.0986
14 1991 1 391.513 4754.32 3884 1019.42 114.251
2 1991 8 7.69244 30.838 19.9483 42.0747 2.8966
14 1991 2 2573.05 2731.7 2744 724.691 173.856
2 1991 9 10.4607 27.2129 30.8182 10.689 0.0391984
14 1991 3 2747.88 6425.04 6441.69 1630.05 109.143
14 1991 4 0 0 0 0 0
14 1991 5 5.02954 12.1033 18.4489 12.0836 0.784718
14 1991 6 30.0761 97.402 155.025 19.2324 7.88383
14 1991 7 168.143 921.844 460.416 99.6827 17.0046
14 1991 8 0 24.5981 31.4574 32.1577 15.2368
14 1991 9 8.42958 43.2327 16.1672 11.2084 0.182115
71 1991 1 865.042 5116.69 3349.72 781.894 67.7642
71 1991 2 1988.79 2630.33 3581.74 552.883 247.134
71 1991 3 3580.67 6498.06 5720.85 1506.46 179.345
71 1991 4 0 0 0 0 0
71 1991 5 3.50648 13.1095 20.8405 10.8643 0.1292
71 1991 6 45.2448 109.465 133.621 25.9922 3.89657
61 1991 1 630.734 4723.74 3878.54 845.627 94.6264
71 1991 7 225.655 1026 333.848 72.3572 9.23322
61 1991 2 2631.89 3149.76 2504.47 498.813 58.0231
71 1991 8 2.0899 44.8865 20.2442 18.9877 17.2417
61 1991 3 2067.22 7917.54 5889.71 1433.36 98.7804
71 1991 9 30.4104 16.4583 20.1276 12.0103 0.213416
61 1991 4 0 0 0 0 0
61 1991 5 2.75077 12.5563 24.074 8.70192 0.367045
61 1991 6 22.4021 131.276 135.05 25.7584 0.613732
51 1991 1 744.057 4514.81 3924.88 925.624 82.819
61 1991 7 113.187 1075.91 383.891 85.8639 8.24218
51 1991 2 2065.79 3098.29 3052.99 609.423 174.376
61 1991 8 0 31.328 55.2184 13.6195 3.28413
51 1991 3 3557.82 6896.72 4965.29 1993.66 105.675
61 1991 9 14.0526 39.5908 17.5805 7.58141 0.414704
51 1991 4 0 0 0 0 0
5 1991 1 977.85 3913.59 4091.67 1063.56 100.937
51 1991 5 3.11348 14.6928 19.1175 11.262 0.264273
5 1991 2 2112.53 3060.09 3011.57 782.548 34.1309
51 1991 6 16.7672 129.561 149.974 1.71379 0
41 1991 1 766.736 4207.3 3842.89 1210.6 99.2254
5 1991 3 3019.21 6407.01 6098.05 1785.6 145.451
51 1991 7 131.787 903.788 507.238 115.884 8.3927
41 1991 2 2304.36 2175.54 3396.46 1102.04 22.4718
5 1991 4 0 0 0 0 0
51 1991 8 9.55788 69.8201 11.3397 10.1461 2.58625
41 1991 3 3130.81 6863.88 5726.42 1522.82 72.5085
5 1991 5 10.0861 12.7185 10.7349 14.8354 0.0750694
51 1991 9 11.8822 45.1544 18.4761 3.32262 0.38475
41 1991 4 0 0 0 0 0
5 1991 6 24.952 137.973 137.395 16.4885 1.41134
41 1991 5 5.80331 13.898 21.625 6.96221 0.1615
5 1991 7 110.896 974.895 476.202 101.212 3.88556
17 1991 1 295.445 4805.26 3911.2 1039.39 108.867
31 1991 1 629.344 4490.7 4015.4 976.942 75.4313
41 1991 6 51.0763 90.9775 150.885 14.1287 2.23051
5 1991 8 0 42.9477 53.8788 5.94853 0.674983
17 1991 2 1780.71 3574.64 2687.85 794.259 116.031
31 1991 2 1664.4 2926.6 3486.76 767.467 155.639
41 1991 7 209.154 872.38 378.45 180.864 26.2424
5 1991 9 26.7519 35.0446 12.5157 3.52862 1.37919
17 1991 3 1689.59 9164.02 4565.76 1756.93 139.438
31 1991 3 2558.82 7363.45 5714.83 1632.72 140.576
41 1991 8 5.54196 60.3971 9.30503 8.80899 19.3969
17 1991 4 0 0 0 0 0
31 1991 4 0 0 0 0 0
41 1991 9 28.0695 36.1167 12.7456 2.28826 0
17 1991 5 8.0698 12.2974 13.2001 13.3972 1.48544
31 1991 5 5.6449 12.5522 19.5669 9.39687 1.28914
17 1991 6 44.7734 138.812 111.156 20.5318 2.94648
31 1991 6 48.2257 74.4975 132.573 41.587 3.04808
17 1991 7 191.345 744.387 445.235 190.094 27.9841
31 1991 7 73.6151 1038.3 431.92 100.807 22.4524
17 1991 8 0 55.2995 24.4908 19.5546 4.10516
31 1991 8 9.59819 60.2375 30.1311 3.48316 0
17 1991 9 22.2524 35.8909 9.06242 10.0624 1.9518
31 1991 9 10.1703 23.0154 23.107 17.828 5.09927
