50 2002 5 1.99632 14.6085 18.2651 2.66584 0.394222
36 2002 5 0 10.6204 21.0099 5.98095 0.318739
4 2002 2 174.325 399.437 864.687 481.708 56.2433
50 2002 6 0 103.837 93.7382 12.3296 0.664854
26 2002 1 519.63 3033.94 4002.7 2460.15 271.155
36 2002 6 1.56947 95.9619 104.341 4.38143 4.31603
4 2002 3 781.396 1919.88 3974.15 2579.08 128.938
50 2002 7 1674 7066.25 756.685 39.3771 13.0817
26 2002 2 176.546 343.427 873.155 520.708 52.4596
36 2002 7 1727.78 7001.1 772.553 49.1752 4.71089
4 2002 4 0 0 0 0 0
50 2002 8 386.808 1016.26 281.498 30.9711 1.73017
26 2002 3 766.956 1783.36 4307.21 2416.61 168.746
36 2002 8 379.311 961.144 358.016 16.3556 2.44363
4 2002 5 0 15.809 16.6723 5.21788 0.230791
50 2002 9 192.681 701.735 244.518 33.8677 2.20834
26 2002 4 0 0 0 0 0
36 2002 9 130.735 754.951 237.131 44.7182 7.47486
4 2002 6 0.639753 113.235 83.0887 11.7126 1.89402
26 2002 5 0.274855 17.3037 13.4773 6.7156 0.15857
4 2002 7 1917.27 6673.95 897.118 41.0803 3.3299
16 2002 1 651.651 2937.34 4315.11 2200.72 200.954
26 2002 6 0 120.197 87.6822 2.61446 0.0767104
4 2002 8 328.841 1068.26 266.222 30.8321 2.71935
16 2002 2 180.602 303.692 923.603 470.587 88.1552
26 2002 7 1803.94 6762.87 929.104 38.7756 1.64335
4 2002 9 119.109 734.829 276.661 34.2882 2.698
16 2002 3 787.241 1888.66 3738.94 2843.86 149.784
26 2002 8 335.183 1038.14 268.247 61.3179 1.82366
16 2002 4 0 0 0 0 0
26 2002 9 126.797 718.034 273.626 53.4625 3.09102
16 2002 5 0.238306 16.3566 15.3022 5.42438 0.608503
16 2002 6 0.067751 107.879 84.6016 16.5414 1.48044
16 2002 7 1734.5 6911.58 798.938 73.8361 19.293
16 2002 8 339.757 1108.42 219.388 21.0203 0
16 2002 9 104.62 794.105 258.192 17.7855 0.306524
93 2002 1 295.493 3141.22 4149.65 2391.85 208.183
93 2002 2 107.548 280.922 881.87 627.879 66.0557
93 2002 3 488.528 1770.8 4167.06 2546.54 259.272
93 2002 4 0 0 0 0 0
93 2002 5 3.40837 14.5234 13.0008 6.63384 0.363579
93 2002 6 0 127.31 72.1111 10.5671 0.58143
83 2002 1 575.702 2677.63 4376.75 2437.09 235.563
93 2002 7 1756.77 7047.91 678.066 67.5757 1.48078
83 2002 2 176.368 288.758 1010.12 426.287 74.8666
93 2002 8 415.672 1027.23 235.361 27.3694 5.26473
83 2002 3 763.823 1625.35 4234.23 2497.95 298.908
93 2002 9 136.016 804.288 215.676 18.0467 0.983605
83 2002 4 0 0 0 0 0
83 2002 5 0.293576 19.5715 11.6299 6.28768 0.147342
83 2002 6 0 106.682 97.2522 3.55389 3.08236
73 2002 1 620.644 3021.46 4235.67 2132.93 268.809
83 2002 7 1753.17 6933.04 791.914 48.9041 15.9248
73 2002 2 162.534 332.591 909.561 499.794 71.9208
83 2002 8 331.494 1018.7 296.205 50.1999 0.901463
73 2002 3 1092.44 1438.57 4247.28 2454.23 180.716
83 2002 9 194.127 681.011 271.811 27.7664 0.294129
73 2002 4 0 0 0 0 0
73 2002 5 0 20.8314 13.9055 2.94889 0.244228
73 2002 6 3.82855 105.951 81.8091 18.6459 0.334998
63 2002 1 654.321 2823.79 4242.37 2268.6 297.648
73 2002 7 1789.59 6943.36 773.367 28.9382 2.91238
63 2002 2 143.639 314.14 904.983 559.169 50.11
73 2002 8 399.466 913.202 358.141 28.9267 0.828625
63 2002 3 708.885 2123.55 3776.79 2652.9 163.816
73 2002 9 97.5898 763.81 283.528 27.0816 2.99985
63 2002 4 0 0 0 0 0
63 2002 5 0.65208 18.8588 15.2169 2.50782 0.694371
63 2002 6 0.940269 118.066 81.4961 9.5678 0.499923
53 2002 1 695.522 2631.09 4345.71 2448.78 196.433
39 2002 1 489.42 3234.51 3933.87 2329.2 279.692
63 2002 7 1881.22 6797.58 831.012 44.0868 2.83278
53 2002 2 200.414 297.714 963.929 420.835 91.2389
39 2002 2 167.894 294.526 1016.61 418.672 60.5477
63 2002 8 462.699 885.377 323.136 43.8462 2.21071
53 2002 3 1133.02 1408.29 4325.32 2440.42 142.313
39 2002 3 788.261 2201.84 4039.44 2214.88 132.247
63 2002 9 135.287 732.997 247.86 53.8008 5.06522
53 2002 4 0 0 0 0 0
39 2002 4 0 0 0 0 0
7 2002 1 481.171 2912.94 4189.88 2503.74 205.936
53 2002 5 0 23.2946 11.3031 3.04545 0.286834
39 2002 5 0 17.5839 19.0996 1.24648 0
7 2002 2 87.9695 359.185 904.417 534.759 90.0694
53 2002 6 0.189908 98.7522 110.602 1.0255 0
29 2002 1 770.898 2696.61 4201.79 2443.21 175.419
39 2002 6 0 125.226 72.2283 11.8521 1.26342
7 2002 3 789.207 2050.41 3978.39 2428 161.632
53 2002 7 1871.71 6725.89 879.1 68.1345 7.00778
29 2002 2 191.525 305.397 971.959 398.618 101.49
39 2002 7 1460.02 7141.43 841.5 67.978 5.23352
7 2002 4 0 0 0 0 0
53 2002 8 402.32 990.471 285.443 28.5018 0.250806
29 2002 3 706.941 1872.47 4004.45 2686.95 161.595
39 2002 8 341.459 934.343 390.425 37.5667 3.2743
7 2002 5 0.524935 20.2409 10.5908 5.94274 0.630564
53 2002 9 143.198 737.854 253.483 38.4828 1.99171
29 2002 4 0 0 0 0 0
39 2002 9 123.513 751.188 272.612 20.7311 0.339795
7 2002 6 0.242034 110.472 86.0168 10.9141 0.584917
29 2002 5 3.16083 7.65543 21.0436 5.22528 0.844879
7 2002 7 1637.72 6924.63 906.824 40.0847 11.361
19 2002 1 496.591 3052.9 4212.77 2278.39 229.379
29 2002 6 0.248519 110.077 89.5865 9.62108 1.0369
7 2002 8 360.146 941.604 334.611 48.9124 0.3902
19 2002 2 185.675 361.37 941.459 371.553 111.774
29 2002 7 1723.51 6930.78 842.789 57.4657 4.01076
7 2002 9 121.393 730.405 281.321 41.2361 0.655513
19 2002 3 785.285 1842.33 4218.36 2441.6 140.823
29 2002 8 435.83 1010.71 211.834 51.2279 1.37305
19 2002 4 0 0 0 0 0
29 2002 9 133.35 801.768 212.117 26.785 0.989589
19 2002 5 2.22894 9.42236 16.4691 8.88449 0.925122
19 2002 6 0.263377 128.116 64.851 17.1038 0.236131
19 2002 7 1798.56 6901.82 748.961 75.8531 8.15459
19 2002 8 281.665 1034.09 344.301 35.4532 1.47481
19 2002 9 150.845 793.871 194.404 29.9565 2.0042
96 2002 1 780.365 2873.89 4187.07 2234.39 213.776
96 2002 2 156.619 362.587 857.512 490.152 103.347
96 2002 3 860.961 1942.41 3886.91 2498.2 264.328
96 2002 4 0 0 0 0 0
96 2002 5 0.621943 28.8378 6.17253 2.06921 0.228561
96 2002 6 6.12789 124.584 72.4046 7.45381 0
86 2002 1 640.147 3020.07 4157.99 2266.62 200.12
96 2002 7 1842.23 6890.16 774.763 41.0415 2.96709
86 2002 2 184.952 276.023 914.37 464.598 129.57
96 2002 8 228.379 1139.24 316.201 33.4547 0
86 2002 3 660.069 1885.94 4240.38 2371.58 245.737
96 2002 9 88.6404 725.948 320.011 38.6249 1.78577
86 2002 4 0 0 0 0 0
86 2002 5 0 18.2895 10.8988 8.49121 0.250481
86 2002 6 0 105.49 97.9014 7.17845 0
76 2002 1 558.334 2825.88 4376.77 2312.17 244.635
86 2002 7 1688.91 7172.76 608.885 40.414 5.12025
76 2002 2 181.72 355.595 871.558 512.398 55.1288
86 2002 8 294.061 1132.38 263.838 26.7326 0.256999
76 2002 3 734.287 1800.18 4105.51 2681.38 131.512
86 2002 9 132.996 717.317 274.448 46.0936 1.73248
76 2002 4 0 0 0 0 0
76 2002 5 0 13.3781 18.8671 5.16435 0.520497
76 2002 6 0 99.8092 93.8225 16.2075 0.730854
66 2002 1 627.341 2528.63 4538.17 2356.21 235.438
76 2002 7 1834.48 6933.56 743.144 45.4026 1.98859
66 2002 2 210.645 348.995 842.031 500.627 65.1397
76 2002 8 344.524 947.892 371.656 45.1372 8.06143
66 2002 3 711.393 2092.53 3769.83 2665.03 201.456
76 2002 9 135.532 745.956 271.792 21.3777 0.352548
66 2002 4 0 0 0 0 0
66 2002 5 2.2553 20.4626 13.0355 1.97339 0.203196
66 2002 6 0.0362739 99.0609 106.51 4.9629 0
56 2002 1 519.519 3096.69 4068.18 2331.75 223.183
66 2002 7 1893.24 6902.69 649.648 83.3227 10.96
56 2002 2 193.536 292.95 952.156 467.778 67.613
66 2002 8 364.45 1085.6 234.814 25.3675 0
56 2002 3 725.015 1591.4 4281.48 2684.31 131.536
66 2002 9 164.642 710.825 270.163 22.7201 6.65995
56 2002 4 0 0 0 0 0
56 2002 5 0.48807 11.7161 17.8731 7.64352 0.209173
56 2002 6 2.65204 100.324 96.672 10.5113 0.410705
46 2002 1 903.021 2572.79 4107.3 2404.61 265.709
56 2002 7 1840.77 6727.86 944.483 29.1947 3.77911
46 2002 2 190.79 288.416 989.268 400.005 87.597
56 2002 8 409.95 936.546 330.912 34.228 2.25364
46 2002 3 933.382 2052.85 3840.14 2370.08 159.609
56 2002 9 131.945 660.86 326.092 53.3584 2.75553
46 2002 4 0 0 0 0 0
46 2002 5 0.0342948 8.59218 10.1194 17.4429 1.74121
46 2002 6 0 94.4243 105.411 10.7344 0
46 2002 7 1645.71 7093.86 721.409 60.1364 3.16802
46 2002 8 352.077 1019.19 264.77 33.7494 2.98963
46 2002 9 146.784 672.562 304.833 44.93 0.536534
89 2002 1 924.934 2366.34 4303.35 2322.95 381.793
89 2002 2 149.676 407.721 903.992 469.434 45.5761
89 2002 3 740.981 1824.03 4029.57 2527.96 348.515
89 2002 4 0 0 0 0 0
89 2002 5 0.790208 15.1206 12.3902 9.06809 0.56091
89 2002 6 2.52684 93.739 99.1863 13.9412 1.17671
79 2002 1 935.471 2528.36 4233.33 2418.26 215.294
89 2002 7 1735.29 6974.02 782.288 51.4014 11.9054
79 2002 2 227.211 441.586 831.277 386.116 90.2097
89 2002 8 336.631 1109.34 224.546 34.4025 2.53987
79 2002 3 934.141 1770.35 4106.12 2454.15 212.862
89 2002 9 119.787 677.223 337.707 38.747 1.54648
79 2002 4 0 0 0 0 0
79 2002 5 0 28.6647 6.83048 2.38173 0.053049
79 2002 6 0 103.112 90.1649 15.5715 1.72186
69 2002 1 649.825 3146.29 4216.83 2095.44 198.472
79 2002 7 1940.81 6859.52 709.324 44.8402 5.94233
69 2002 2 199.013 354.783 840.575 536.27 41.5174
79 2002 8 518.932 935.236 228.997 30.9348 3.16958
69 2002 3 732.033 2023.49 3882.62 2610.42 207.881
79 2002 9 192.857 728.095 230.089 22.5225 1.44636
69 2002 4 0 0 0 0 0
69 2002 5 3.66738 13.6603 14.7621 5.72706 0.113168
69 2002 6 0 119.269 82.0344 8.87489 0.391758
59 2002 1 814.079 2696.79 4275.19 2392.95 123.015
69 2002 7 1929.89 6826.02 736.142 50.7004 0.763488
59 2002 2 198.376 353.189 838.519 514.04 70.2157
69 2002 8 331.039 1032.3 227.984 48.7524 1.57357
59 2002 3 747.554 1967.69 4210.3 2291.89 223.421
69 2002 9 128.046 632.361 379.872 33.4 1.33069
59 2002 4 0 0 0 0 0
59 2002 5 0.0261586 18.8539 12.384 6.40377 0.262189
59 2002 6 0.180205 81.4735 114.499 12.9752 1.44248
49 2002 1 669.051 2674.85 4240.72 2523.9 167.861
59 2002 7 1788.41 6804.94 914.218 30.6147 2.35909
49 2002 2 203.262 366.222 893.741 460.756 52.4192
59 2002 8 383.057 1129.83 169.959 34.3543 0.0688561
49 2002 3 814.696 1640.01 4178.3 2602.59 143.558
59 2002 9 128.499 689.853 315.324 40.3504 0.983131
49 2002 4 0 0 0 0 0
49 2002 5 5.83538 13.812 10.4317 7.38057 0.470348
49 2002 6 0.164722 111.743 81.5761 17.0865 0
49 2002 7 1726.74 7011.21 717.712 44.4041 4.40184
49 2002 8 268.414 1029.63 345.17 36.7232 0.515001
49 2002 9 168.912 679.526 272.428 43.6186 4.71829
99 2002 1 685.234 2763.05 4163.2 2401.87 290.836
99 2002 2 165.418 342.21 833.296 579.553 53.4431
99 2002 3 770.688 2109.08 3825.34 2548.34 193.919
99 2002 4 0 0 0 0 0
99 2002 5 0.200688 27.1042 7.6413 2.98383 0
99 2002 6 0.149787 109.638 87.6151 12.7854 0.381314
99 2002 7 1879.21 6832.64 810.351 22.26 12.5431
99 2002 8 425.413 971.863 267.349 40.7068 5.20365
99 2002 9 128.222 753.886 258.461 32.5017 1.93946
3 2002 1 573.415 3057.63 4187.71 2223.88 252.875
3 2002 2 147.335 302.764 960.894 471.974 83.827
3 2002 3 722.969 2096.52 4127.8 2300.55 190.842
3 2002 4 0 0 0 0 0
3 2002 5 0 24.6588 11.5134 1.63551 0.122253
3 2002 6 0.265648 84.3319 111.244 14.7287 0
3 2002 7 1681.3 6936.1 847.917 82.0838 1.02753
3 2002 8 355.39 1047.89 257.416 45.2799 1.81047
3 2002 9 149.706 707.281 299.264 16.7278 2.03131
62 2002 1 812.837 2519.59 4408.05 2363.26 205.972
62 2002 2 165.957 407.399 776.162 522.65 99.736
62 2002 3 961.42 1744.81 3939.21 2694.62 78.9081
62 2002 4 0 0 0 0 0
62 2002 5 6.63775 10.4885 19.05 1.72646 0.0272878
62 2002 6 0.605086 98.4969 90.2253 20.5166 0.726103
52 2002 1 552.655 2590.78 4626.05 2180.56 244.253
62 2002 7 1597.33 7293.89 629.605 35.0181 0.851978
52 2002 2 201.683 330.04 795.515 539.369 98.2899
62 2002 8 375.17 1074.86 233.282 33.2403 0.722149
52 2002 3 542.717 1831.28 4399.47 2454.98 155.623
62 2002 9 150.987 719.819 267.036 35.6695 1.49842
52 2002 4 0 0 0 0 0
6 2002 1 528.814 3063.77 4025.72 2439.79 211.826
52 2002 5 0.372706 21.1005 12.0293 3.98317 0.444304
6 2002 2 116.617 265.72 1104.86 428.585 58.1954
52 2002 6 0.652201 105.495 91.1682 13.2545 0
42 2002 1 444.463 2593.71 4661.79 2434.56 159.467
6 2002 3 732.329 2207.03 4173.12 2042 227.835
52 2002 7 1838.8 6887.47 746.915 56.2787 5.1272
42 2002 2 142.818 334.37 902.607 503.066 93.5393
6 2002 4 0 0 0 0 0
52 2002 8 272.341 1078.2 307.277 38.6618 1.27447
42 2002 3 855.36 2092.57 3895.75 2450.98 163.072
6 2002 5 3.91153 12.5699 12.0539 7.7806 1.61408
52 2002 9 171.735 776.304 195.194 30.5805 1.19554
42 2002 4 0 0 0 0 0
6 2002 6 0 118.526 81.7978 9.74513 0.501357
42 2002 5 0.717164 16.1447 17.1381 3.51251 0.417514
6 2002 7 1591.95 7097.81 784.026 58.5519 5.20842
32 2002 1 675.353 2519.62 4504.28 2353.61 259.428
42 2002 6 0.331085 104.597 86.3015 17.3299 2.01016
6 2002 8 344.995 1069.11 259.721 38.8278 1.2802
32 2002 2 200.42 293.117 991.772 426.164 64.9274
42 2002 7 1696.03 7033.58 773.329 47.8113 7.95864
6 2002 9 156.754 709.318 271.379 37.2168 0.341629
32 2002 3 762.091 1609.26 4296.4 2531.92 220.303
42 2002 8 324.896 1040.28 313.348 24.785 5.52465
32 2002 4 0 0 0 0 0
42 2002 9 131.461 693.742 311.702 37.33 0.774782
32 2002 5 1.30793 14.3327 12.1507 9.72723 0.41135
22 2002 1 761.218 2722.2 4264.15 2350.23 214.485
32 2002 6 0 102.832 106.04 0.849073 0.849073
22 2002 2 164.01 326.377 850.374 602.892 26.1799
32 2002 7 1848.63 6909.5 683.628 79.7005 3.82599
22 2002 3 782.073 1711.98 4300.01 2475.59 165.571
32 2002 8 309.482 1020.28 329.726 38.1031 10.9891
22 2002 4 0 0 0 0 0
32 2002 9 112.245 650.444 362.729 48.2592 1.33201
22 2002 5 0.12335 13.3592 19.481 4.96648 0
12 2002 1 713.067 2864.13 4165.17 2100.99 412.94
22 2002 6 4.87486 115.634 84.3019 5.7593 0
12 2002 2 132.881 389.414 933.854 441.648 78.6035
22 2002 7 1836.9 6940.14 704.038 57.9164 2.72809
12 2002 3 713.725 2130 3996.13 2435.6 131.431
22 2002 8 370.921 926.588 361.471 53.682 4.60791
12 2002 4 0 0 0 0 0
22 2002 9 140.705 718.588 280.183 34.5227 1.01142
12 2002 5 0.0391031 17.6665 10.7247 7.83094 1.66878
12 2002 6 0 117.384 89.7772 3.40846 0
12 2002 7 1547.86 7135.55 782.375 86.3101 4.97622
12 2002 8 324.104 1145.9 207.937 29.6638 3.75019
12 2002 9 143.086 700.754 290.13 39.4734 1.56594
55 2002 1 549.543 2811.78 4169.07 2484.64 238.935
55 2002 2 181.032 323.323 912.624 504.653 52.5166
55 2002 3 639.301 1656.66 4382.3 2495.42 193.98
55 2002 4 0 0 0 0 0
55 2002 5 3.16083 14.89 10.6164 8.31835 0.944406
55 2002 6 0 98.4507 96.1009 15.5779 0.440544
45 2002 1 597.201 2757.3 4239.25 2565.45 156.35
55 2002 7 1845.63 6848.03 780.648 68.7429 3.39719
45 2002 2 169.224 389.392 969.637 378.732 65.0281
55 2002 8 398.231 1017.94 275.736 16.1662 0.379888
45 2002 3 833.458 1868.34 4278.23 2285.01 199.813
55 2002 9 125.035 729.681 283.868 27.8488 1.93866
45 2002 4 0 0 0 0 0
45 2002 5 1.41736 20.2215 14.2289 2.06228 0
45 2002 6 0.164508 125.178 78.3955 5.80347 1.02817
35 2002 1 533.167 2957.63 3964.55 2688.04 135.413
45 2002 7 1701.61 7053 745.776 57.1887 1.08833
35 2002 2 190.859 287.246 1028.44 367.849 91.5054
45 2002 8 422.97 956.252 299 39.0486 0
35 2002 3 866.13 1582.16 4240.43 2454.38 249.443
45 2002 9 137.388 693.774 271.499 70.7541 1.59519
35 2002 4 0 0 0 0 0
35 2002 5 0.554172 15.3997 16.3188 5.58783 0.0694689
25 2002 1 535.656 2606.34 4400.98 2508.98 226.921
35 2002 6 0 111.097 83.1004 12.8477 1.3539
25 2002 2 153.534 344.534 965.501 495.085 17.7457
35 2002 7 1622.66 7224.52 615.111 49.9436 3.13742
25 2002 3 532.512 2102.92 4057.54 2424.42 257.283
35 2002 8 353.527 1075.01 247.087 34.686 0.2678
25 2002 4 0 0 0 0 0
35 2002 9 113.322 821.981 190.667 42.8616 1.42104
25 2002 5 0.22564 16.7744 9.55148 10.4887 0.889727
15 2002 1 544.131 2818.9 4102.01 2535.87 259.763
25 2002 6 2.15802 119.955 74.4233 11.9736 2.06036
15 2002 2 136.644 335.57 926.333 521.085 50.4666
25 2002 7 1717.69 6897.15 823.365 71.4927 5.15308
15 2002 3 485.581 2050.06 4203.82 2560.44 119.615
25 2002 8 286.074 1021.76 325.583 51.3473 0.485105
15 2002 4 0 0 0 0 0
25 2002 9 125.538 756.098 258.456 34.9175 0
15 2002 5 1.55839 10.9618 19.4059 6.00393 0
15 2002 6 0 103.259 100.213 5.40983 1.68842
15 2002 7 1727.1 7077.23 701.262 48.4212 4.59103
15 2002 8 320.3 1044.97 307.276 20.815 0.544617
15 2002 9 150.167 709.366 293.34 20.8819 1.25473
92 2002 1 646.947 3014.6 4078.22 2270.08 322.78
92 2002 2 158.013 394.292 811.234 532.367 80.4944
92 2002 3 986.858 1432.23 4317.61 2511.29 232.821
92 2002 4 0 0 0 0 0
92 2002 5 0 20.884 14.6769 2.1923 0.17683
92 2002 6 7.97614 87.2681 99.9637 14.2168 1.14529
82 2002 1 486.082 2885.45 4232.6 2414.78 281.528
92 2002 7 1777.24 7103.3 646.827 27.1534 2.53817
82 2002 2 159.001 376.79 985.908 406.306 43.281
92 2002 8 365.617 966.853 335.878 21.3759 0.384115
82 2002 3 793.028 2096.3 3967.46 2345.98 228.149
92 2002 9 205.502 760.697 178.257 28.129 2.42575
82 2002 4 0 0 0 0 0
82 2002 5 0 18.3751 11.6604 7.31541 0.5791
82 2002 6 0 137.791 65.4457 6.08204 1.25082
72 2002 1 551.207 2858 4432.28 2207.53 191.256
58 2002 1 738.48 2834 4072.82 2494.51 175.52
82 2002 7 1866.07 6731.36 868.031 24.2957 1.87674
72 2002 2 188.985 289.172 1023.49 406.217 55.3149
58 2002 2 195.171 291.707 994.182 404.764 90.5753
82 2002 8 317.181 1139.11 195.261 30.7377 0
72 2002 3 717.683 1828.38 4244.87 2404.21 239.027
58 2002 3 944.598 1902.64 4029.84 2442.01 142.856
82 2002 9 145.745 687.526 303.676 34.6377 3.42539
72 2002 4 0 0 0 0 0
58 2002 4 0 0 0 0 0
72 2002 5 0.172409 19.3713 15.4666 2.91975 0
58 2002 5 0.722476 8.67719 18.257 8.83674 1.43663
72 2002 6 0 98.7737 99.8577 11.8131 0.125414
58 2002 6 0.155833 124.348 78.8798 5.57024 1.61624
48 2002 1 547.03 2749.32 4109.51 2612.56 273.32
72 2002 7 1817.14 6989.38 697.435 37.9501 1.26416
58 2002 7 1885.96 7086.7 524.012 56.1054 7.66194
48 2002 2 152.73 339.678 950.873 424.781 103.458
72 2002 8 320.83 1142.96 206.471 29.7161 2.22533
58 2002 8 485.582 894.864 293.127 41.2209 2.47618
48 2002 3 798.478 2075.68 3886.52 2528.91 116.295
72 2002 9 81.7967 751.789 285.401 54.5477 1.47561
58 2002 9 82.8148 664.347 355.354 68.0945 4.39972
48 2002 4 0 0 0 0 0
48 2002 5 3.7241 6.30679 19.9591 6.94157 0.998406
48 2002 6 0.116294 90.7791 108.642 11.0325 0
38 2002 1 438.656 2683.26 4476.68 2440.29 212.45
48 2002 7 1807.53 6972.58 661.568 90.9113 16.9093
38 2002 2 165.589 341.16 885.109 529.517 49.2287
48 2002 8 261.037 1097.05 310.643 46.7677 1.77537
38 2002 3 720.555 2198.66 4249.77 2176.4 106.058
48 2002 9 123.602 740.547 288.948 21.9132 0
38 2002 4 0 0 0 0 0
38 2002 5 0 24.5069 7.30769 5.66332 0.452073
28 2002 1 470.534 2873.25 4405.63 2365.08 221.806
38 2002 6 0 96.4332 101.533 11.7594 0.844866
28 2002 2 194.928 270.98 1049.39 437.059 24.0417
38 2002 7 1686.93 6920.03 841.547 58.6784 2.84554
28 2002 3 711.771 2028.77 3795.63 2701.71 242.923
38 2002 8 340.397 977.411 314.823 30.9736 0
28 2002 4 0 0 0 0 0
38 2002 9 137.059 698.905 295.208 37.1826 4.476
28 2002 5 0 16.7402 15.0074 6.02093 0.161404
18 2002 1 771.492 2718.92 4105.99 2452.77 267.158
28 2002 6 1.42414 111.657 94.4901 2.67557 0.32369
18 2002 2 149.35 382.138 898.065 514.293 32.5537
28 2002 7 1956.12 6966.46 582.148 55.315 0.394552
18 2002 3 757.484 1628.27 4017.03 2878.67 186.23
28 2002 8 362.138 903.859 394.5 55.9826 0.790306
18 2002 4 0 0 0 0 0
28 2002 9 118.949 670.578 329.785 52.0228 3.67509
18 2002 5 1.5172 25.6872 8.27137 2.40789 0.0463126
18 2002 6 0.838715 118.592 77.6989 10.7651 2.67478
18 2002 7 1900.3 6825.18 800.801 28.1817 2.44474
18 2002 8 291.166 1143.6 225.086 36.5547 1.02661
18 2002 9 175.875 747.548 232.547 17.454 1.58642
95 2002 1 601.578 2644.82 4090.96 2648.82 259.137
95 2002 2 187.332 281.31 993.99 453.852 55.3781
95 2002 3 1108.09 1797.96 3452.21 2746.27 228.603
95 2002 4 0 0 0 0 0
95 2002 5 0.0478461 17.1365 10.1367 10.2354 0.373619
95 2002 6 0.116294 87.57 102.271 18.5494 2.06296
85 2002 1 623.249 2948.74 4257.3 2195.15 306.42
95 2002 7 1697.24 7171.47 625.864 48.8398 5.23895
85 2002 2 162.626 311.81 992.175 434.039 73.4196
95 2002 8 280.169 1141.08 228.945 48.1361 0
85 2002 3 1004.47 2132.11 3700.02 2363.08 234.444
95 2002 9 116.556 726.284 304.707 24.4875 2.97518
85 2002 4 0 0 0 0 0
85 2002 5 2.29879 23.8104 9.63391 1.4299 0.757006
85 2002 6 0 108.004 98.3493 2.6005 1.61653
75 2002 1 583.343 3304.36 3860.94 2315.41 259.109
85 2002 7 1842.26 6850.86 787.464 62.8686 9.86079
75 2002 2 252.384 355.28 866.743 429.968 69.6438
85 2002 8 315.503 1087.6 282.563 31.6027 0
75 2002 3 650.251 1623.83 4640.64 2407.48 145.071
85 2002 9 167.539 683.025 278.106 43.0452 3.29426
75 2002 4 0 0 0 0 0
75 2002 5 0.639975 17.0048 12.9611 7.19645 0.12771
75 2002 6 0 105.487 96.9733 7.10021 1.00934
65 2002 1 498.094 2754.51 4203.14 2584.79 221.075
75 2002 7 1676.87 7072.35 752.419 48.6247 5.47013
65 2002 2 205.922 434.01 767.702 517.705 42.2282
75 2002 8 409.653 1030.68 238.495 19.9978 1.65218
65 2002 3 474.1 1995.16 4281.56 2437.93 241.851
75 2002 9 125.794 770.288 246.6 30.3714 1.95667
65 2002 4 0 0 0 0 0
65 2002 5 0.833626 17.196 16.586 3.22698 0.0873963
65 2002 6 0 103.238 78.5301 27.2418 1.55989
65 2002 7 1525 7081.9 868.264 61.3152 2.68431
65 2002 8 330.06 996.249 309.371 45.9271 4.21089
65 2002 9 127.643 719.794 265.026 56.0837 6.46335
9 2002 1 357.573 3080.21 4295.68 2328.46 239.327
9 2002 2 150.522 291.277 1006.87 501.158 24.354
9 2002 3 914.438 1682.87 4182.79 2505.15 123.825
9 2002 4 0 0 0 0 0
9 2002 5 0.130793 13.3915 18.2397 5.77623 0.391748
9 2002 6 0.70737 109.69 95.685 4.34948 0.138079
9 2002 7 1696.14 7011.24 773.861 70.6146 6.60424
9 2002 8 326.578 1066.65 283.011 36.8822 0.448731
9 2002 9 143.842 726.418 273.345 28.907 2.49688
98 2002 1 484.685 2986.01 4056.74 2540.67 185.93
98 2002 2 127.31 315.155 1008.3 432.697 88.4985
98 2002 3 781.766 1956.49 3847.8 2680.1 146.759
98 2002 4 0 0 0 0 0
98 2002 5 0.0689636 21.7313 7.58715 7.7059 0.836727
98 2002 6 0.514212 119.306 88.0973 2.55984 0.0928439
88 2002 1 500.329 2786.63 4245.46 2458.11 304.91
98 2002 7 1649.94 7045.06 791.852 39.8475 4.49115
88 2002 2 191.639 314.936 994.943 422.283 52.5984
98 2002 8 324.998 1088.46 222.704 47.3053 1.85139
88 2002 3 789.981 1860.12 3989.38 2676.58 134.891
98 2002 9 128.074 722.819 262.867 52.9518 3.2979
88 2002 4 0 0 0 0 0
88 2002 5 0.215511 12.0529 16.1646 9.05173 0.445232
88 2002 6 0 124.527 81.7881 3.86945 0.385659
78 2002 1 779.074 2915.55 3645.84 2670.6 304.595
88 2002 7 1990.26 6739.19 729.323 70.7526 5.97029
78 2002 2 179.702 350.667 924.906 453.66 65.1937
88 2002 8 431.093 868.949 337.802 68.1829 4.88187
78 2002 3 784.445 2009.97 4087.77 2364.83 182.263
88 2002 9 134.389 784.081 211.482 40.2223 2.18971
78 2002 4 0 0 0 0 0
78 2002 5 0.36655 22.3806 13.2052 1.97763 0
78 2002 6 1.73543 121.127 87.6274 0.0799026 0
68 2002 1 725.472 2916.2 3969.34 2360.09 305.643
78 2002 7 1716.69 6877.26 862.583 55.2487 3.27242
68 2002 2 221.092 327.562 949.572 429.708 45.7657
78 2002 8 275.341 1014.58 358.934 32.863 2.13721
68 2002 3 809.51 1871.12 4192.3 2370.67 131.084
78 2002 9 106.727 775.501 238.826 42.9565 6.80327
68 2002 4 0 0 0 0 0
68 2002 5 0.515178 17.8603 12.7788 6.48783 0.287894
68 2002 6 0.119956 107.622 101.678 1.15088 0
68 2002 7 1721.31 7063.88 709.046 41.9115 4.42554
68 2002 8 353.127 923.815 335.157 68.7429 2.21879
100 2002 1 609.326 2983.67 4165.94 2316.33 217.099
68 2002 9 153.932 696.419 282.268 38.032 4.35866
100 2002 2 160.892 316.218 891.736 515.216 81.1463
100 2002 3 780.357 1426.63 4500.49 2562.81 155.254
100 2002 4 0 0 0 0 0
100 2002 5 0 21.8235 11.9703 4.01833 0.117795
100 2002 6 0 107.648 88.2543 12.3276 2.33967
100 2002 7 1876.69 6979.19 621.66 70.1227 7.83866
100 2002 8 322.43 1066.2 295.854 30.4692 2.31801
100 2002 9 98.2401 694.296 315.966 63.7974 2.70984
21 2002 1 594.253 2639.84 4071.09 2638.58 340.937
21 2002 2 212.849 336.97 863.524 474.866 88.1921
21 2002 3 821.539 1848.23 4253.73 2250.87 246.947
21 2002 4 0 0 0 0 0
21 2002 5 0.842889 18.1522 14.6449 3.46645 0.823623
11 2002 1 521.224 3144.51 4137.52 2255.53 218.637
21 2002 6 0.29055 123.823 52.3461 31.8839 0.568468
11 2002 2 136.571 389.07 894.932 419.287 123.857
21 2002 7 2037.38 6650.05 817.058 18.2624 0.876461
11 2002 3 547.005 2209.59 3922.37 2517.23 206.534
21 2002 8 402.85 934.459 333.001 28.0023 1.22257
11 2002 4 0 0 0 0 0
21 2002 9 110.944 761.468 256.83 35.5755 5.9435
11 2002 5 0 15.1953 16.7557 5.52036 0.458655
11 2002 6 0.185383 100.245 107.08 2.66389 0.395808
11 2002 7 1671.09 7010.9 777.39 77.8545 9.32237
11 2002 8 320.035 1056.15 272.845 41.5292 1.08316
11 2002 9 139.966 727.143 262.348 40.7401 4.81301
2 2002 1 551.018 3011.17 4140.41 2321.23 283.582
2 2002 2 182.53 345.942 805.986 541.765 91.508
24 2002 1 465.747 3249.59 4188.49 2216.14 167.069
2 2002 3 1007.05 1736.3 4145.38 2438.42 127.461
24 2002 2 168.407 341.288 902.77 504.57 59.3639
2 2002 4 0 0 0 0 0
24 2002 3 850.356 1789.69 4126.41 2520.94 155.042
2 2002 5 0.820356 22.168 12.765 2.07898 0.0976319
24 2002 4 0 0 0 0 0
2 2002 6 6.69429 130.682 67.3995 5.44267 0.352026
24 2002 5 0.249369 23.4801 11.1037 2.98017 0.11665
2 2002 7 1736.08 7059.65 716.344 19.8675 1.2308
14 2002 1 417.066 2852.2 4285.86 2507.64 237.503
24 2002 6 1.88009 98.5719 97.148 12.4478 0.522247
2 2002 8 339.012 1003.65 302.662 49.5816 2.67276
14 2002 2 183.25 404.201 896.844 446.812 34.2523
24 2002 7 1851.34 6887.02 739.512 61.6273 3.74264
2 2002 9 109.159 753.795 272.059 36.8178 3.17894
14 2002 3 772.572 2209.17 4009.87 2288.45 171.524
24 2002 8 388.212 953.547 337.186 33.354 1.06865
14 2002 4 0 0 0 0 0
24 2002 9 130.771 794.774 226.63 21.3155 1.5194
14 2002 5 0.998158 19.7783 11.5076 5.61967 0.0263403
14 2002 6 2.05011 84.6879 110.207 12.5799 1.04462
14 2002 7 1734.18 7110.99 631.47 63.3219 4.01195
14 2002 8 312.978 1003.63 343.663 54.0276 2.97049
14 2002 9 134.086 795.356 222.896 19.911 2.76135
81 2002 1 838.828 2783.17 4071.31 2383.33 250.492
81 2002 2 169.31 273.342 1015.27 481.289 32.7375
81 2002 3 575.57 2250.59 3952.06 2588.51 97.7199
81 2002 4 0 0 0 0 0
81 2002 5 0 25.5689 9.38 2.98114 0
81 2002 6 4.96758 85.552 116.081 3.21025 0.758935
71 2002 1 563.457 2899.34 4391.17 2301.03 141.348
81 2002 7 1691.91 7088.34 737.246 33.7416 1.47094
71 2002 2 188.931 355.031 915.844 441.035 65.6029
81 2002 8 489.042 925.47 246.858 47.0498 0.711961
71 2002 3 933.911 1795.76 4161.02 2378.18 164.488
81 2002 9 122.335 677.854 305.613 58.5949 2.1389
71 2002 4 0 0 0 0 0
71 2002 5 0.521016 19.879 12.5717 4.8912 0.0670734
71 2002 6 0.0473617 87.9075 112.759 5.90144 3.9547
61 2002 1 475.318 3083.49 4231.33 2168.49 276.783
71 2002 7 1906 6979.9 614.569 43.1727 1.74196
61 2002 2 206.301 335.808 873.692 511.478 44.0273
71 2002 8 442.138 977.754 269.837 23.9031 0
61 2002 3 454.849 2133.22 4201.54 2350.78 210.454
71 2002 9 117.732 754.09 280.397 22.174 0.617164
61 2002 4 0 0 0 0 0
61 2002 5 0.340133 13.2712 22.2603 1.98251 0.0758729
61 2002 6 0.271528 117.008 92.3594 0.930953 0
51 2002 1 614.116 2984.54 3940.87 2606.56 135.793
61 2002 7 1876.06 6594.92 962.945 94.4726 11.6799
51 2002 2 179.575 283.542 953.594 431.597 128.092
61 2002 8 377.223 1079.61 197.697 22.2191 1.7364
51 2002 3 762.185 1949.96 4075.73 2488.05 123.604
61 2002 9 125.73 731.584 265.689 46.1904 1.17179
51 2002 4 0 0 0 0 0
5 2002 1 580.183 3177.04 3991.62 2473.11 107.112
51 2002 5 0 22.0491 8.91845 6.82787 0.1346
5 2002 2 149.377 421.175 914.762 394.452 96.6333
51 2002 6 0 115.579 94.9914 0 0
41 2002 1 628.892 2630.65 4333.29 2486.22 176.647
5 2002 3 811.315 1974.93 3996.91 2483.04 214.625
51 2002 7 1933 6728.06 831.952 55.4228 2.5004
41 2002 2 160.252 313.103 912.139 564.447 16.1335
5 2002 4 0 0 0 0 0
51 2002 8 334.376 1127.74 205.619 48.9494 0.59009
41 2002 3 758.209 1994.54 4239.15 2333.86 97.8943
5 2002 5 0.504329 19.9486 12.4886 4.70745 0.280931
51 2002 9 121.305 711.02 278.087 56.5592 8.03935
41 2002 4 0 0 0 0 0
5 2002 6 0 113.207 85.5975 11.7652 0
41 2002 5 0.164913 18.2977 12.5821 6.88521 0
5 2002 7 1817.29 6867.71 807.107 63.1588 5.1782
17 2002 1 451.893 3205.61 4164.19 2246.39 208.066
31 2002 1 482.954 3119.62 4116.95 2365.97 215.771
41 2002 6 0.150407 123.349 81.7977 5.10001 0.172882
5 2002 8 320.527 1053.51 304.094 39.1349 0
17 2002 2 133.547 317.479 969.145 540.917 15.3127
31 2002 2 172.175 357.894 844.463 518.873 78.4718
41 2002 7 1802.58 6944.81 678.742 85.9243 9.68517
5 2002 9 128.929 779.365 236.104 29.6814 0.930515
17 2002 3 681.129 1927.16 4284.46 2349.36 157.126
31 2002 3 648.207 2163.34 3992.46 2449.47 187.4
41 2002 8 293.992 983.445 342.363 44.8333 0.838818
17 2002 4 0 0 0 0 0
31 2002 4 0 0 0 0 0
41 2002 9 169.799 686.103 276.763 41.9529 0.392422
17 2002 5 0.344818 27.6149 8.26249 1.6941 0.0137428
31 2002 5 0 15.0508 14.9939 7.88528 0
17 2002 6 0 102.703 85.1166 21.1848 1.56585
31 2002 6 0 103.015 88.9565 16.8967 1.70158
17 2002 7 1809.71 6875.55 794.467 51.7039 1.77361
31 2002 7 1535.68 6968.3 968.177 76.2812 2.77506
17 2002 8 336.787 1148.37 191.331 25.5444 0.589969
31 2002 8 337.045 1068.92 265.871 35.8903 2.97795
17 2002 9 143.771 849.385 159.706 20.5539 1.59369
31 2002 9 119.541 717.509 302.387 34.9531 0.619785
74 2002 1 583.635 2704.2 4341.5 2475.72 205.16
74 2002 2 207.483 383.72 815.517 466.582 100.548
74 2002 3 981.014 1870.35 4034.5 2355.46 229.732
74 2002 4 0 0 0 0 0
74 2002 5 0.141319 18.4388 10.7976 7.44724 1.10503
74 2002 6 0 100.738 101.966 6.20947 1.65586
64 2002 1 552.497 2751.53 4139.27 2720.72 155.207
74 2002 7 1772.97 6855.6 868.441 42.3415 6.07436
64 2002 2 157.956 431.92 876.368 420.647 89.5097
74 2002 8 305.174 917.89 411.184 40.3403 1.95576
64 2002 3 776.419 2050.07 3725.11 2718.54 186.498
74 2002 9 106.763 771.274 256.656 38.0032 2.31398
64 2002 4 0 0 0 0 0
64 2002 5 0 14.637 13.7841 8.55756 0.951299
64 2002 6 3.57027 116.593 84.4129 4.93247 1.0617
54 2002 1 742.351 2710.4 4429.63 2234.52 141.513
64 2002 7 1757.56 7011.66 739.959 39.2177 10.1202
54 2002 2 137.215 275.171 1064.03 439.399 52.3436
64 2002 8 360.924 1038.55 272.763 44.6854 0.35242
54 2002 3 633.155 2055.68 4159.77 2274.46 229.245
64 2002 9 137.062 714.653 287.79 34.2072 1.2974
54 2002 4 0 0 0 0 0
8 2002 1 796.444 2505.49 4421.15 2406.14 174.81
54 2002 5 0.135464 17.5918 17.0783 3.06993 0.0544971
8 2002 2 178.781 328.33 884.552 459.329 118.505
54 2002 6 0.100271 110.776 94.0524 5.33312 0.308527
44 2002 1 553.796 2865.41 4202.28 2363.14 240.059
8 2002 3 873.852 2095.82 3902.58 2397.95 164.058
54 2002 7 1835.16 6920.16 744.185 40.428 0.935457
44 2002 2 215.776 325.785 975.017 389.613 56.484
8 2002 4 0 0 0 0 0
54 2002 8 319.381 981.199 346.554 28.8229 2.43209
44 2002 3 780.952 1955.43 4179.2 2332.39 115.311
8 2002 5 1.45885 20.0825 10.375 5.57054 0.443093
54 2002 9 109.722 767.628 273.233 22.0433 2.38352
44 2002 4 0 0 0 0 0
8 2002 6 0.530439 109.488 97.105 2.9594 0.487431
44 2002 5 2.13942 21.0667 8.57839 5.59797 0.547489
8 2002 7 1835.89 6921.44 736.611 59.7924 4.86955
44 2002 6 0 114.276 79.6735 16.5681 0.0527744
34 2002 1 416.667 2899.96 4321.78 2441.86 165.123
8 2002 8 316.466 1006.87 326.268 56.189 0.941272
44 2002 7 1885.59 6934.47 713.776 22.8775 0
34 2002 2 153.622 286.023 880.622 551.864 100.317
8 2002 9 120.887 790.526 252.492 10.8944 0.210274
44 2002 8 395.814 986.656 285.802 31.3175 1.80898
34 2002 3 812.365 1984.1 4471 2033.86 100.811
44 2002 9 105.757 732.7 305.972 28.7087 1.87142
34 2002 4 0 0 0 0 0
34 2002 5 0 26.7323 8.80478 2.39296 0
34 2002 6 8.73332 126.104 68.705 6.28073 0.746702
34 2002 7 1818.98 6905.97 752.745 66.004 0.37425
34 2002 8 300.825 1126.2 237.502 42.2845 1.41565
34 2002 9 145.136 710.128 284.77 32.3185 2.65859
91 2002 1 689.217 2910.92 4156.71 2371 173.451
77 2002 1 627.271 2762.6 4366.22 2235.17 254.764
91 2002 2 155.267 309.989 970.04 502.399 38.7058
77 2002 2 175.736 376.214 881.333 457.693 76.1234
91 2002 3 932.388 1731.11 4002.57 2463.14 339.399
77 2002 3 707.698 2172.26 3941.43 2369.05 203.487
91 2002 4 0 0 0 0 0
77 2002 4 0 0 0 0 0
91 2002 5 1.30741 19.4491 13.4688 3.47227 0.232414
77 2002 5 0.362042 15.29 15.5664 6.26278 0.448725
91 2002 6 3.74407 109.603 88.0717 9.15163 0
77 2002 6 0.101382 123.802 78.1167 8.02562 0.523806
67 2002 1 541.406 2712.17 4322.81 2511.87 223.675
91 2002 7 1695.54 7129.61 669.875 56.3579 7.13456
77 2002 7 1538.76 7057.83 889.235 46.2777 10.5987
67 2002 2 151.223 348.235 944.415 451.57 66.9895
91 2002 8 357.408 1036.4 270.133 52.4925 0.832784
77 2002 8 325.139 962.674 360.666 35.2866 1.43964
67 2002 3 635.242 1460.81 4731.88 2436.39 187.039
91 2002 9 152.42 757.745 230.823 32.2596 1.76144
77 2002 9 140.076 740.405 262.222 26.9008 5.40649
67 2002 4 0 0 0 0 0
67 2002 5 0.632167 11.0127 20.7228 4.82991 0.732424
67 2002 6 0 96.0449 114.525 0 0
57 2002 1 906.568 2593.1 4199.22 2410.37 193.865
67 2002 7 1837.48 6831.76 816.1 31.4296 6.14323
57 2002 2 146.711 343.414 982.008 433.293 70.9747
67 2002 8 291.482 1131.96 234.969 30.7725 0.222339
57 2002 3 1009.88 1732.06 3846.6 2722.38 150.54
67 2002 9 145.051 654.082 313.813 47.6915 1.71118
57 2002 4 0 0 0 0 0
57 2002 5 0.0417272 13.3428 18.9812 5.36361 0.200688
57 2002 6 0 82.5322 116.383 11.4736 0.180902
47 2002 1 645.161 2751.55 4304.21 2421.41 183.153
57 2002 7 1649.67 6975.31 873.223 54.9594 7.27281
47 2002 2 218.302 407.032 871.557 446.776 30.5114
57 2002 8 340.828 1108.49 232.705 28.9244 2.48967
47 2002 3 769.026 2118.85 3818.64 2533.65 191.677
57 2002 9 107.272 802.123 245.342 19.469 0.8037
47 2002 4 0 0 0 0 0
47 2002 5 0 9.03566 21.9124 6.79227 0.18965
47 2002 6 0 126.632 81.6243 2.31396 0
37 2002 1 735.387 3093.64 3997.77 2274.76 201.01
47 2002 7 1609.27 6948.16 850.345 98.224 7.86373
37 2002 2 190.494 230.453 956.493 542.076 54.4266
47 2002 8 401.414 954.167 251.404 46.4033 2.43482
37 2002 3 830.069 1662.57 4367.91 2322.4 282.237
47 2002 9 122.108 746.871 259.775 36.0094 4.85631
37 2002 4 0 0 0 0 0
37 2002 5 1.22355 10.7967 14.857 9.55561 1.49712
27 2002 1 496.963 2832.24 4115.9 2604.38 207.325
37 2002 6 0.322404 94.8332 104.853 10.4307 0.130384
27 2002 2 174.084 330.972 923.717 473.256 69.7746
37 2002 7 1633.02 7064.21 805.862 44.3902 5.89436
27 2002 3 663.16 1816.96 4026.35 2728.26 194.628
37 2002 8 458.782 1021.49 175.764 29.3373 6.10244
27 2002 4 0 0 0 0 0
37 2002 9 138.813 715.164 273.586 42.626 4.8215
27 2002 5 1.68681 27.5489 7.0514 1.6429 0
27 2002 6 4.08874 110.404 85.3992 9.26886 1.4092
27 2002 7 1794.09 7016.88 672.842 51.9656 3.95233
27 2002 8 375.788 1014.25 277.15 28.2747 1.16104
27 2002 9 109.078 730.195 302.935 27.3837 5.4182
94 2002 1 649.803 2942.56 4237.22 2279.81 196.41
94 2002 2 162.889 264.071 981.181 467.952 93.2734
94 2002 3 873.199 1607.87 4114.11 2713.67 97.3837
94 2002 4 0 0 0 0 0
94 2002 5 0 19.9375 12.765 5.07993 0.147506
94 2002 6 1.89724 117.85 75.6808 14.3084 0.8334
84 2002 1 924.707 2607.36 4206.38 2265.62 298.506
94 2002 7 1703.91 7056.42 689.77 82.9262 11.9427
84 2002 2 171.891 384.811 991.865 356.815 68.9014
94 2002 8 335.869 1045.02 266.639 56.06 4.10523
84 2002 3 810.294 1986.61 3753.25 2628.5 274.241
94 2002 9 132.942 743.149 262.374 29.6716 6.87355
84 2002 4 0 0 0 0 0
84 2002 5 0 11.0921 22.1234 4.06613 0.648376
84 2002 6 0.688137 94.4106 106.434 8.57878 0.458758
84 2002 7 1960.33 6798.11 741.136 52.6513 4.66019
84 2002 8 349.586 974.85 337.615 47.2315 7.98749
84 2002 9 85.2422 721.673 320.998 45.7353 1.36112
97 2002 1 523.47 2837.97 4313.31 2396.82 198.563
97 2002 2 154.922 330.95 992.029 468.574 27.6357
97 2002 3 839.722 1637.29 4067.95 2568.27 303.969
97 2002 4 0 0 0 0 0
97 2002 5 2.31115 28.827 6.2889 0.423964 0.0790208
97 2002 6 2.59963 106.187 86.9479 13.7912 1.04449
87 2002 1 461.155 3203.39 4248.32 2224.72 193.556
97 2002 7 1785.67 7011.2 679.559 56.7889 6.92568
87 2002 2 174.433 398.709 853.778 502.692 46.788
97 2002 8 256.093 1151.09 250.023 32.2145 1.65756
87 2002 3 1111.64 1933.54 3886.97 2381.15 167.511
97 2002 9 154.631 750.468 236.837 30.2935 2.7809
87 2002 4 0 0 0 0 0
87 2002 5 1.8137 21.1524 8.69967 5.39141 0.872821
87 2002 6 2.10398 91.0396 108.36 8.11751 0.948514
87 2002 7 2119.39 6652.7 730.183 53.2858 4.88672
87 2002 8 350.068 1042.59 295.56 27.4807 1.56718
87 2002 9 126.368 836.325 187.939 19.9199 4.45864
40 2002 1 492.542 2834.87 4373.8 2226.28 323.291
40 2002 2 140.807 279.467 962.452 478.634 102.885
40 2002 3 732.304 1787.05 4114 2599.46 170.998
40 2002 4 0 0 0 0 0
40 2002 5 0.301032 12.0837 16.562 8.42445 0.558773
30 2002 1 957.496 2608.8 4328.8 2125.81 266.256
40 2002 6 0.083016 114.686 91.2266 3.78553 0.788652
30 2002 2 148.383 270.445 1005.61 483.998 63.0792
40 2002 7 1752.85 6943.64 773.602 73.4452 6.50204
30 2002 3 896.983 1655.59 4340.99 2462.13 104.124
40 2002 8 410.639 1059.31 204.755 25.0771 1.47705
30 2002 4 0 0 0 0 0
40 2002 9 155.474 796.371 199.386 20.7133 3.06628
30 2002 5 1.10539 17.1538 16.751 2.72463 0.195136
20 2002 1 599.508 2706.46 4032.07 2732.18 230.452
30 2002 6 0.0739707 118.902 82.7941 8.31972 0.479958
20 2002 2 157.468 375.291 968.584 396.93 70.0601
30 2002 7 1611.56 6950.33 903.427 48.8808 11.8528
20 2002 3 1034.27 1426.67 4403.48 2390.89 162.294
30 2002 8 349.128 873.965 401.028 54.232 2.45014
20 2002 4 0 0 0 0 0
30 2002 9 118.136 803.307 201.455 45.8167 2.40433
20 2002 5 0.453708 19.3428 12.2627 5.36144 0.50939
10 2002 1 690.971 2499 4446.66 2372.18 278.425
20 2002 6 0 125.252 79.8428 4.96494 0.510473
10 2002 2 189.91 390.313 866.442 479.453 47.9543
20 2002 7 1695.65 6924.56 854.144 43.9625 1.8646
10 2002 3 661.66 2000.62 4484.79 2083.3 210.148
20 2002 8 388.771 1014.21 276.952 34.9546 2.37738
10 2002 4 0 0 0 0 0
20 2002 9 113.668 770.911 255.023 33.6367 1.77202
10 2002 5 1.15596 19.4135 13.5342 3.36107 0.465231
10 2002 6 0.158462 111.839 96.0632 1.67298 0.836489
10 2002 7 1702.21 7158.91 626.165 55.9486 3.52547
10 2002 8 321.745 1134.42 217.681 21.2011 1.15587
10 2002 9 175.127 662.565 275.809 47.0471 4.69773
43 2002 1 982.876 2408.96 4352.95 2303.82 252.631
43 2002 2 161.55 315.185 917.144 520.933 52.1995
43 2002 3 971.435 1813.56 4315.53 2197.79 125.729
43 2002 4 0 0 0 0 0
43 2002 5 0 13.8585 14.0802 9.22969 0.761623
43 2002 6 0 101.863 93.4708 14.988 0.248146
33 2002 1 567.269 2875.57 4209.59 2466.61 147.624
43 2002 7 1839.42 6841.02 760.364 52.9632 13.1861
33 2002 2 200.047 392.654 866.542 461.145 47.4371
43 2002 8 288.032 1046 342.373 37.7877 3.07204
33 2002 3 836.845 2183.9 3915.43 2334.67 133.272
43 2002 9 159.93 760.962 218.542 30.2649 2.79565
33 2002 4 0 0 0 0 0
1 2002 1 683.804 2959.15 3898.64 2471.97 286.061
33 2002 5 0.640469 7.20937 25.1312 4.9116 0.0374063
1 2002 2 148.827 323.539 886.805 570.692 46.538
23 2002 1 266.481 3094.79 4396.92 2234.91 233.645
33 2002 6 0 106.578 86.4932 14.3941 3.10488
1 2002 3 662.246 1907.11 4196.99 2534.36 164.085
23 2002 2 155.757 330.776 877.042 543.478 64.9941
33 2002 7 1961.08 6952.84 552.898 69.0234 5.4052
1 2002 4 0 0 0 0 0
23 2002 3 1041.22 1548 3771.07 2830.86 151.546
33 2002 8 320.799 1146.61 195.567 42.7026 2.45586
1 2002 5 0.116708 5.49686 24.1801 8.08575 0.0505733
23 2002 4 0 0 0 0 0
33 2002 9 103.846 796.809 235.888 35.4517 3.0157
1 2002 6 0 100.546 96.1334 11.0118 2.87894
23 2002 5 0 10.4974 15.2779 11.0335 1.12124
1 2002 7 1833.62 7018.07 676.18 29.9733 2.59658
13 2002 1 719.314 2543.1 4158.78 2604.95 293.455
23 2002 6 0.638736 117.694 82.2905 9.33486 0.612122
1 2002 8 378.244 898.946 383.106 51.063 5.9108
13 2002 2 164.531 346.484 802.309 576.514 81.944
23 2002 7 1796.91 6919.48 791.666 31.874 2.4789
1 2002 9 146.836 707.783 286.391 31.8677 2.13237
13 2002 3 722.748 1859.33 3942.81 2751.78 144.325
23 2002 8 404.59 1109.58 170.284 21.8822 0
13 2002 4 0 0 0 0 0
23 2002 9 119.243 716.818 298.297 40.0075 0.644084
13 2002 5 0.729423 15.3873 16.6746 5.06188 0.0767814
13 2002 6 0.213356 84.7921 116.761 8.25424 0.549255
13 2002 7 1787.43 6926.23 800.282 35.77 1.36174
13 2002 8 384.359 946.327 339.443 38.9847 1.21727
13 2002 9 106.994 717.643 319.318 29.6354 1.41941
90 2002 1 548.478 2956.84 4287.74 2349.01 188.994
90 2002 2 171.091 344.476 921.288 439.166 91.2086
90 2002 3 718.989 1858.02 4090.54 2637.22 150.046
90 2002 4 0 0 0 0 0
90 2002 5 0.0224438 11.2028 22.189 4.23588 0.279899
90 2002 6 0 99.1946 108.625 2.75075 0
80 2002 1 577.886 2834.6 4451.45 2250.42 198.989
90 2002 7 1852.72 6882.49 759.307 41.9936 8.1284
80 2002 2 168.904 363.847 921.278 414.116 91.4658
90 2002 8 342.156 997.203 333.586 29.6653 1.44972
80 2002 3 989.621 1799.55 4183.45 2298.1 165.859
90 2002 9 153.509 663.138 294.61 50.5198 6.40132
80 2002 4 0 0 0 0 0
80 2002 5 0 12.8252 13.9051 9.44033 1.75935
80 2002 6 0.345197 123.944 80.506 5.77472 0
70 2002 1 671.552 3128.47 4012.55 2245.92 256.355
80 2002 7 1883.24 6670.95 932.339 47.2436 4.88017
70 2002 2 219.052 412.678 868.297 413.106 55.2003
80 2002 8 335.877 963.668 336.021 36.5304 1.84817
70 2002 3 858.078 2141.45 3714.01 2502.19 223.006
80 2002 9 156.821 759.795 215.602 41.1668 1.62514
70 2002 4 0 0 0 0 0
70 2002 5 0.474756 13.4187 17.5939 5.98435 0.458321
70 2002 6 2.31396 111.969 79.2216 16.2152 0.849879
60 2002 1 869.274 2786.64 4237.89 2203.27 196.146
70 2002 7 1960.9 6753.59 767.085 33.2185 15.7826
60 2002 2 195.827 380.682 803.455 548.643 45.4807
70 2002 8 345.247 971.06 328.618 26.7015 1.4366
60 2002 3 1003.54 1628.92 3993.79 2641.1 167.834
70 2002 9 143.098 807.601 185.722 35.8462 2.7421
60 2002 4 0 0 0 0 0
60 2002 5 0.499079 13.6283 17.3147 5.74735 0.74063
60 2002 6 12.9221 85.0269 110.428 2.19344 0
50 2002 1 555.165 2795.17 4238.82 2447.07 239.273
36 2002 1 501.932 3085.03 4196.96 2241.79 245.292
60 2002 7 1652.47 7085.11 737.991 58.3203 1.41474
50 2002 2 160.691 304.603 968.896 436.825 102.858
36 2002 2 150.602 341.823 910.483 505.274 63.9267
60 2002 8 366.775 1054.07 244.322 33.922 0.0646952
50 2002 3 842.711 1798.53 4306 2279.25 203.651
36 2002 3 601.377 2007.69 4396.28 2147.16 185.666
60 2002 9 153.057 740.027 236.024 41.0837 4.8196
50 2002 4 0 0 0 0 0
36 2002 4 0 0 0 0 0
4 2002 1 695.716 2723.34 4245.35 2380.44 215.178
