2 1998 4 0 0 0 0 0
2 1998 5 0 50.9944 138.81 113.441 5.75466
2 1998 6 5.70637 95.3037 349.164 51.5754 8.97107
2 1998 7 11890.3 13513.2 1646.41 111.856 16.3035
2 1998 8 2612.62 2715.33 596.844 100.551 9.55967
14 1998 1 116.314 892.488 2266.88 954.992 89.2723
2 1998 9 790.234 957.504 230.677 47.065 6.97745
14 1998 2 273.045 738.145 2486.38 704.949 70.5027
14 1998 3 198.988 1202.76 3728.34 1292.18 68.5057
14 1998 4 0 0 0 0 0
14 1998 5 0.171061 15.5081 281.853 9.01748 2.45023
14 1998 6 6.56977 107.789 359.165 35.6213 1.57447
14 1998 7 11934.7 13204.6 1803.06 125.29 31.8201
14 1998 8 2398.23 2820.95 643.561 124.052 8.05414
14 1998 9 679.354 932.942 327.167 71.7283 9.96366
71 1998 1 148.516 696.369 2326.77 1050.63 104.684
71 1998 2 366.916 885.627 2295.11 497.807 191.675
71 1998 3 193.767 1323.54 3412.76 1422.72 117.497
71 1998 4 0 0 0 0 0
71 1998 5 0 44.569 181.613 75.9112 6.90704
71 1998 6 0.912804 117.801 319.207 67.6507 5.14814
61 1998 1 149.011 823.969 2370.74 890.475 93.7488
71 1998 7 10950.8 14219.2 1678.55 147.256 23.886
61 1998 2 375.773 714.193 2262.95 757.835 172.817
71 1998 8 2448.98 2716.22 586.291 102.31 10.0251
61 1998 3 383.417 1052.05 3664.65 1261.91 133.353
71 1998 9 801.511 852.211 259.423 70.4905 11.215
61 1998 4 0 0 0 0 0
61 1998 5 0 95.8909 161.846 40.5161 10.7471
61 1998 6 0.698659 60.4376 386.7 62.3064 0.577738
51 1998 1 168.098 728.48 2323 1007.84 98.5272
61 1998 7 13094.6 12612.4 1322.52 118.933 39.9628
51 1998 2 371.775 574.818 2363.77 829.268 99.6648
61 1998 8 2826.58 2518.14 599.738 97.4944 9.89851
51 1998 3 361.286 817.532 3780.27 1441.68 72.0603
61 1998 9 968.535 706.864 315.992 34.7087 6.00326
51 1998 4 0 0 0 0 0
5 1998 1 146.122 860.701 2275.41 990.325 60.0109
51 1998 5 0 84.0462 151.735 62.5992 10.6194
5 1998 2 508.986 951.385 2077.65 731.63 13.9154
51 1998 6 2.3661 68.4871 378.809 57.9237 3.13448
5 1998 3 286.827 894.749 4041.36 1185.56 87.1514
41 1998 1 116.868 929.834 2152.6 1059.68 63.6999
51 1998 7 13365.5 11732 1848.62 189.536 22.6813
5 1998 4 0 0 0 0 0
41 1998 2 442.78 887.284 2188.13 647.941 88.2295
51 1998 8 3085.06 2387.03 463.752 86.5445 6.12009
5 1998 5 0 46.1997 203.15 48.9622 10.6883
41 1998 3 367.525 907.721 3561.82 1559.45 98.8965
51 1998 9 862.786 807.774 288.424 54.1729 4.99436
5 1998 6 6.01791 64.7081 393.771 43.2724 2.95013
41 1998 4 0 0 0 0 0
5 1998 7 13161.7 12528.8 1376.22 80.7147 4.44365
41 1998 5 0 74.5205 178.194 52.4185 3.86671
5 1998 8 2549.39 2816.15 504.386 147.544 6.99153
17 1998 1 174.283 868.825 2175.1 1012.97 79.2786
31 1998 1 93.7373 867.44 2334.65 938.594 98.0209
41 1998 6 3.30294 115.503 346.159 44.1845 1.57091
5 1998 9 645.602 1055.2 248.688 66.4671 8.11506
17 1998 2 428.386 728.701 2384.47 584.257 136.123
31 1998 2 442.354 755.586 2128.13 848.575 87.8729
41 1998 7 12661.8 12848.3 1346.49 219.382 20.8055
17 1998 3 325.447 1267.29 3813.61 930.636 132.574
31 1998 3 340.169 1044.82 3511.81 1492.41 111.047
41 1998 8 2845.26 2558.24 492.776 99.1525 4.91499
17 1998 4 0 0 0 0 0
31 1998 4 0 0 0 0 0
41 1998 9 757.109 974.175 232.2 50.0698 2.44146
17 1998 5 0 111.211 137.093 35.2177 25.4789
31 1998 5 0 69.9119 168.825 58.1763 12.0869
17 1998 6 0.324267 133.692 305.956 62.5889 8.15906
31 1998 6 1.99298 94.0374 372.132 41.0181 1.53986
17 1998 7 12455 12908.1 1578.75 80.8837 16.2577
31 1998 7 11669.5 13820.1 1491.55 151.284 35.5441
17 1998 8 2552.58 2840.18 477.447 81.4192 18.0816
31 1998 8 2645.44 2734.1 502.376 105.791 11.0332
17 1998 9 862.927 801.705 272.235 45.313 18.1941
31 1998 9 786.605 843.016 323.973 58.8075 6.67405
74 1998 1 193.847 846.387 2221.47 967.506 80.0789
74 1998 2 540.197 747.686 2086.09 774.119 91.2267
74 1998 3 396.433 1323.77 3331.05 1358.77 46.921
74 1998 4 0 0 0 0 0
74 1998 5 0 81.8254 146.699 79.2247 1.25101
74 1998 6 1.31733 124.562 352.796 31.0531 0.991541
64 1998 1 92.3775 813.791 2319.97 992.966 88.7625
74 1998 7 12395.8 13153.1 1415 129.545 5.8011
64 1998 2 358.515 751.092 2408.98 683.704 57.6592
74 1998 8 2561.46 2829.28 517.477 108.66 2.01907
64 1998 3 229.773 912.651 3825.66 1304.88 192.343
74 1998 9 734.225 953.348 293.933 39.881 2.46836
64 1998 4 0 0 0 0 0
64 1998 5 0 85.878 146.181 72.1076 4.83352
64 1998 6 6.27835 100.021 347.894 53.7067 2.81933
54 1998 1 123.201 1002.27 2041.59 1001.61 161.05
64 1998 7 12681.9 12567.3 1625.63 155.076 14.0282
54 1998 2 453.746 690.956 2248.89 843.576 37.9408
64 1998 8 2261.5 2970.83 593.914 135.194 10.174
54 1998 3 334.887 1254.05 3296.81 1439.07 155.683
64 1998 9 692.932 1026.68 253.007 44.0617 11.049
54 1998 4 0 0 0 0 0
8 1998 1 208.978 779.944 2307.22 933.996 99.886
54 1998 5 0.207731 40.0209 234.446 28.8158 5.50987
8 1998 2 284.055 644.382 2413.05 773.593 138.251
54 1998 6 2.60519 97.0503 335.595 66.8191 8.65032
44 1998 1 103.846 881.754 2165.65 1052.15 120.526
8 1998 3 227.363 1239.02 3382.26 1511.17 125.585
54 1998 7 12720.3 12644.7 1610.62 144.439 21.808
44 1998 2 347.52 697.001 2415.8 778.479 35.1675
8 1998 4 0 0 0 0 0
54 1998 8 2736.72 2778.61 346.256 121.758 15.8095
44 1998 3 197.933 795.589 3724.62 1635.55 131.215
8 1998 5 0 36.4159 139.974 120.143 12.4668
54 1998 9 792.812 910.834 252.532 49.1228 14.0346
44 1998 4 0 0 0 0 0
8 1998 6 0.551985 85.4116 385.609 35.4627 3.68506
44 1998 5 0 48.5435 141.995 104.55 13.911
8 1998 7 12478.5 13092.3 1407.31 91.4712 12.277
44 1998 6 1.38565 103.828 307.416 90.0502 8.04043
8 1998 8 2565.48 2565.35 700.303 127.265 10.9727
34 1998 1 79.9568 757.828 2422.18 974.516 72.4932
44 1998 7 12292.5 13005.3 1589.67 167.36 28.6839
8 1998 9 698.81 1014.72 205.988 73.9052 8.28922
34 1998 2 434.45 718.765 2120.97 803.075 127.712
44 1998 8 2548.09 2765.18 482.196 146.814 13.3835
34 1998 3 388.573 1283.65 3330.38 1415.24 64.273
44 1998 9 794.452 930.644 251.511 42.9353 4.69447
34 1998 4 0 0 0 0 0
34 1998 5 0.139946 53.0591 186.086 61.1312 8.58333
24 1998 1 199.328 843.765 2285.32 912.53 86.1116
34 1998 6 5.09676 116.922 335.276 50.2052 3.21939
24 1998 2 378.998 1010.21 2134.74 613.295 93.0441
34 1998 7 12425.2 12968.6 1522.04 90.9811 19.5994
24 1998 3 291.242 1147.58 3729.93 1211.3 120.213
34 1998 8 2746.29 2679.42 489.363 73.4566 11.8058
24 1998 4 0 0 0 0 0
34 1998 9 740.655 933.536 241.692 69.9748 12.5826
24 1998 5 0 103.122 157.792 48.0861 0
24 1998 6 1.83492 87.9775 396.595 23.4389 0.873772
24 1998 7 12681 12831.6 1368.03 196.954 26.3814
24 1998 8 2715.76 2491 639.914 133.177 12.6083
24 1998 9 979.789 743.119 226.335 57.0132 9.4818
91 1998 1 140.058 823.905 2178.84 1109.74 81.3363
91 1998 2 465.412 804.338 1981.91 881.692 139.873
91 1998 3 316.613 1259.75 3546.46 1228.58 125.894
91 1998 4 0 0 0 0 0
91 1998 5 0 33.4571 211.999 57.4477 6.09577
91 1998 6 4.93109 110.576 346.283 42.8423 6.08839
81 1998 1 187.481 803.247 2265.22 937.07 127.191
67 1998 1 111.042 850.111 2314.72 891.405 140.666
91 1998 7 13041.7 12347.3 1526.99 146.979 25.6942
81 1998 2 425.418 659.029 2295.02 815.239 88.8655
67 1998 2 286.657 584.156 2428.24 758.012 165.893
91 1998 8 2718.64 2622.46 562.353 81.5196 8.36808
81 1998 3 333.899 1104.77 3598.04 1313.13 131.915
67 1998 3 276.85 1006.74 3712.59 1324.46 179.609
91 1998 9 813.394 903.5 231.7 59.0919 13.0033
81 1998 4 0 0 0 0 0
67 1998 4 0 0 0 0 0
81 1998 5 0 39.0239 201.555 68.0536 0.367857
67 1998 5 0 47.3376 200.981 54.7333 5.94842
81 1998 6 5.20551 103.783 353.752 39.3191 8.65985
67 1998 6 2.88856 143.796 330.357 27.0126 6.66602
57 1998 1 176.382 869.081 2261.06 959.754 64.9254
81 1998 7 13555.2 11970.6 1412.42 147.16 8.08141
67 1998 7 12803.5 12726.9 1447.88 105.968 23.2226
57 1998 2 401.33 700.437 2423.45 703.007 37.418
81 1998 8 2896.7 2385.73 492.832 147.372 10.9492
67 1998 8 2788.2 2644.68 466.026 96.7803 14.1665
57 1998 3 323.992 1008.66 3897.02 1173.47 97.1165
81 1998 9 799.055 822.478 326.811 57.3024 4.23222
67 1998 9 823.372 763.478 368.22 55.5655 13.7187
57 1998 4 0 0 0 0 0
57 1998 5 0 42.7291 168.898 95.2436 2.12895
57 1998 6 2.24492 112.614 379.642 16.2194 0
47 1998 1 111.836 756.882 2283.64 1096.56 57.8245
57 1998 7 12474.2 13074.3 1375.51 177.321 6.48796
47 1998 2 374.709 832.568 2187.16 811.723 59.8193
57 1998 8 2972.1 2396.41 483.53 117.51 9.52346
47 1998 3 430.476 1120.54 3561.35 1226.1 118.807
57 1998 9 830.601 851.719 253.325 75.5849 15.7511
47 1998 4 0 0 0 0 0
47 1998 5 0 58.2924 191.895 57.7821 1.03
47 1998 6 7.31702 146.342 341.497 14.1763 1.3879
37 1998 1 142.395 942.454 2123.14 1020.62 99.6521
47 1998 7 12381.9 13421.2 1158.35 93.7264 2.4669
37 1998 2 421.018 701.237 1972.86 1026.85 96.9728
47 1998 8 2709.64 2580.9 630.637 87.1531 6.91959
37 1998 3 332.715 941.405 3644.86 1460.73 104.497
47 1998 9 748.499 860.763 302.668 91.0799 4.44577
37 1998 4 0 0 0 0 0
37 1998 5 0 31.8459 159.499 103.814 13.8411
27 1998 1 173.118 728.263 2375.5 937.043 107.14
37 1998 6 2.21339 83.0666 385.683 33.3493 6.40748
27 1998 2 281.476 630.967 2403.88 761.336 197.833
37 1998 7 12190.9 13198.5 1193.89 155.948 23.2139
27 1998 3 338.416 1052.22 3584.59 1385.68 129.747
37 1998 8 2817.73 2362.45 618.245 104.132 5.91802
27 1998 4 0 0 0 0 0
37 1998 9 936.834 707.815 293.834 55.7686 3.28394
27 1998 5 0 52.1063 129.661 124.863 2.3706
27 1998 6 0.666674 128.811 344.512 32.5254 4.20454
27 1998 7 12351.7 13181.4 1415.81 187.833 23.0349
27 1998 8 2988.88 2416.37 492.564 115.096 9.38619
27 1998 9 1019.81 802.92 156.721 34.4486 11.6974
94 1998 1 215.235 729.623 2398.31 876.641 114.066
94 1998 2 256.532 717.349 2516.33 655.383 137.977
94 1998 3 462.985 1290.72 3581.23 1078.66 86.6676
94 1998 4 0 0 0 0 0
94 1998 5 0.0950769 59.6529 171.07 70.1416 8.04028
94 1998 6 0.572785 77.9609 361.156 65.3205 5.70951
84 1998 1 168.225 901.167 2308.06 863.798 89.8654
94 1998 7 12231.8 13526.8 1251.89 169.868 38.0826
84 1998 2 294.797 756.355 2003.77 1015.18 203.82
94 1998 8 2979.56 2520.94 456.064 87.3518 7.93741
84 1998 3 584.689 1114.09 3446.68 1227.1 118.684
94 1998 9 790.123 878.463 294.44 60.0837 13.4403
84 1998 4 0 0 0 0 0
84 1998 5 0.314744 50.7158 192.304 57.8274 7.83834
84 1998 6 0 100.153 353.745 47.1151 9.70685
84 1998 7 12387.2 13148.3 1418.58 169.558 36.1954
84 1998 8 2531.65 2775.35 584.396 114.46 9.08807
84 1998 9 637.675 1125.3 191.933 61.971 7.1389
97 1998 1 117.613 904.891 2307.88 913.861 78.0571
97 1998 2 375.5 796.016 2299 740.007 73.0471
97 1998 3 334.067 1092.52 3513.43 1455.79 104.446
97 1998 4 0 0 0 0 0
97 1998 5 0 34.2624 171.636 95.4558 7.64563
97 1998 6 1.10035 92.4162 356.835 52.8494 7.51938
87 1998 1 146.176 948.062 2339.86 799.359 84.7215
97 1998 7 12579.6 12826.8 1504.79 227.556 10.3148
87 1998 2 452.367 715.148 2338.16 623.775 144.79
97 1998 8 2607.11 2658.03 606.162 117.447 11.1714
87 1998 3 449.534 1265.24 3398.86 1275.85 110.776
97 1998 9 840.578 809.281 318.224 54.8356 3.88659
87 1998 4 0 0 0 0 0
87 1998 5 0 54.9172 145.78 107.762 0.540991
87 1998 6 0 98.6004 392.247 18.1683 1.70429
77 1998 1 135.511 761.193 2328.64 930.365 170.535
87 1998 7 11938.8 13515.4 1515.23 160.698 23.2546
77 1998 2 394.052 924.431 2054.99 743.265 148.523
87 1998 8 2924.24 2529.37 445.704 116.256 10.0251
77 1998 3 497.937 1043.37 3595.18 1236.54 113.342
87 1998 9 861.916 871.655 221.684 42.4574 18.9907
77 1998 4 0 0 0 0 0
77 1998 5 0 64.4652 177.1 66.5284 0.906158
77 1998 6 2.08668 125.758 338.059 40.2347 4.5817
77 1998 7 12630.4 13018.4 1334.04 161.92 23.2185
77 1998 8 2955.29 2460.1 511.431 97.2979 14.6879
77 1998 9 693.793 971.435 298.496 61.5387 11.2869
40 1998 1 110.237 835.814 2152.84 1108.81 120.339
40 1998 2 260.321 620.211 2419.04 796.265 187.733
40 1998 3 247.129 1050.75 3837.93 1203.31 161.142
40 1998 4 0 0 0 0 0
40 1998 5 0 25.7924 243.138 37.3789 2.69061
30 1998 1 181.59 633.175 2328.18 1079.56 100.396
40 1998 6 8.04254 115.397 335.964 49.4378 1.87887
30 1998 2 432.191 798.342 2162.01 725.686 134.528
40 1998 7 12855.2 12524.9 1630.83 156.29 26.0784
30 1998 3 411.987 1086.63 3643.77 1135.9 187.864
40 1998 8 2883.7 2399.61 609.778 145.689 13.0838
30 1998 4 0 0 0 0 0
40 1998 9 828.686 807.014 330.543 63.3153 5.23773
30 1998 5 0 47.6946 144.383 106.851 10.0715
20 1998 1 120.136 788.011 2371.09 907.378 126.569
30 1998 6 6.08294 103.566 332.489 51.3106 17.2713
20 1998 2 443.253 554.188 2117.92 1067.2 91.7398
30 1998 7 12612 12986.1 1266.93 241.86 18.8804
20 1998 3 539.737 995.17 3406.62 1413.69 124.979
30 1998 8 2878.22 2523.67 525.1 78.4024 10.7433
20 1998 4 0 0 0 0 0
30 1998 9 722.9 969.137 238.424 71.127 18.2688
20 1998 5 0.13096 97.1832 115.167 96.1018 0.417004
10 1998 1 94.9185 971.41 2194.35 985.828 79.1158
20 1998 6 5.75459 80.9089 394.876 25.2372 3.94296
10 1998 2 292.496 773.223 2266.25 919.075 23.0475
20 1998 7 12968.1 12482.6 1527.41 107.498 10.8823
10 1998 3 166.039 891.215 3972.45 1341.07 112.985
20 1998 8 2576.07 2642.41 620.175 97.2763 4.38053
10 1998 4 0 0 0 0 0
20 1998 9 789.374 855.141 280.719 78.1074 14.3368
10 1998 5 0 43.7541 224.388 30.0992 10.7582
10 1998 6 0.969785 98.5685 383.673 27.5092 0
10 1998 7 12645.5 12976.4 1392.81 141.926 28.8306
10 1998 8 2761.63 2682.2 475.247 101.099 4.35975
10 1998 9 806.887 936.283 247.713 22.8136 11.6715
33 1998 1 153.857 908.606 2345.39 833.155 88.7362
33 1998 2 268.084 659.342 2262.98 813.51 264.464
33 1998 3 273.6 1480.14 3383.41 1188.81 142.591
1 1998 1 141.516 903.782 2217.45 954.93 107.742
33 1998 4 0 0 0 0 0
1 1998 2 477.375 780.907 1993.85 856.781 174.657
33 1998 5 0 39.5181 160.1 102.072 7.30998
1 1998 3 337.122 1085.27 3581.28 1384.92 91.9598
23 1998 1 168.359 794.151 2312.84 991.776 66.7558
33 1998 6 1.21944 113.945 294.453 90.1999 10.9027
1 1998 4 0 0 0 0 0
23 1998 2 317.342 763.487 2450.57 664.603 87.5637
33 1998 7 11864.1 13536.3 1602.74 136.596 38.7611
1 1998 5 0 24.6615 213.443 65.6662 5.22923
23 1998 3 227.243 995.779 3946.34 1208.36 122.533
33 1998 8 2419.54 3028.34 439.293 133.947 14.9269
1 1998 6 1.64802 81.6913 345.124 80.0558 2.201
23 1998 4 0 0 0 0 0
33 1998 9 735.309 934.524 282.569 69.352 5.94906
1 1998 7 12673.1 12774.9 1600.92 116.092 8.55977
23 1998 5 0 53.3737 158.88 89.1087 7.63759
1 1998 8 2653.07 2696.11 557.7 119.053 19.8859
13 1998 1 128.862 907.319 2174.84 1023.7 78.5736
23 1998 6 3.32647 97.0333 374.221 34.7443 1.39444
1 1998 9 767.992 866.504 317.037 65.194 9.86374
13 1998 2 212.799 847.432 2209.87 776.725 225.813
23 1998 7 13453.7 12407.4 1169.34 105.503 43.4886
13 1998 3 237.507 1347.14 3641.39 1163.63 101.44
23 1998 8 2864.59 2616.1 429.565 110.25 6.64823
13 1998 4 0 0 0 0 0
23 1998 9 836.988 823.681 287.766 56.7076 11.8562
13 1998 5 0 65.3689 222.007 20.7453 0.878985
13 1998 6 2.31169 93.2248 345.249 65.4952 4.43969
13 1998 7 12881.9 12684.2 1350.65 130.065 49.163
13 1998 8 2689.02 2659.67 488.614 139.281 17.1127
13 1998 9 934.369 802.95 211.898 41.3833 4.73961
90 1998 1 210.696 716.9 2268.86 1023.8 100.479
90 1998 2 521.65 615.131 2148.19 835.081 144.432
90 1998 3 402.444 1025.36 3577.76 1438.45 56.2437
90 1998 4 0 0 0 0 0
90 1998 5 0.0826866 59.3021 147.652 94.3977 7.56541
90 1998 6 1.47394 98.4215 357.323 49.5081 3.9939
80 1998 1 100.152 765.758 2394.88 994.197 63.6643
90 1998 7 12696.4 12985 1273.24 180.327 30.7279
80 1998 2 365.589 694.897 2331 779.686 102.052
90 1998 8 2961.11 2549.9 410.077 87.3467 9.32957
80 1998 3 307.031 1091.49 3667.65 1335.51 98.5796
90 1998 9 831.082 924.249 199.855 54.6324 15.7658
80 1998 4 0 0 0 0 0
80 1998 5 0.189803 95.4447 120.492 76.7751 16.0987
80 1998 6 1.89503 104.995 367.37 32.998 3.46251
70 1998 1 134.555 825.675 2301.17 993.542 68.6893
80 1998 7 12914 12761 1413.27 80.8719 8.05825
70 1998 2 375.257 680.138 2000.54 1003.01 192.169
80 1998 8 2910.32 2608.88 429.674 68.5673 8.24151
70 1998 3 406.856 1057.24 3336.56 1503.72 174.034
80 1998 9 661.45 1004.11 296.718 59.5998 10.2814
70 1998 4 0 0 0 0 0
70 1998 5 0 33.4395 223.853 40.4984 11.2087
70 1998 6 4.25412 69.7012 356.615 71.8305 8.31955
60 1998 1 149.312 734.863 2380.13 963.186 97.0108
70 1998 7 12710.1 12443.7 1618.24 196.515 48.8592
60 1998 2 416.202 791.843 2178.12 688.16 146.986
70 1998 8 3021.67 2272.62 547.72 97.3895 9.37105
60 1998 3 186.701 1092.07 3772.49 1316.88 41.8409
70 1998 9 765.024 862.963 310.382 48.7951 8.59498
60 1998 4 0 0 0 0 0
60 1998 5 0.296735 34.1873 166.923 103.257 4.33606
60 1998 6 6.23108 110.401 328.371 60.7799 4.93709
50 1998 1 176.304 746.241 2287.16 1011.2 107.657
36 1998 1 115.173 869.229 2321.79 938.584 78.0412
60 1998 7 11569.4 14200.4 1182.1 147.24 19.3386
50 1998 2 521.343 694.67 2150.85 734.901 138.279
36 1998 2 454.469 731.405 2199.15 773.226 62.1895
60 1998 8 2671.11 2700.03 543.848 92.9581 12.7305
50 1998 3 464.605 1347.49 3297.58 1305.58 62.8685
36 1998 3 370.23 1154.89 3604.57 1291.64 69.4798
60 1998 9 767.089 900.962 274.123 47.5597 16.6208
50 1998 4 0 0 0 0 0
4 1998 1 229.925 832.95 2358.62 825.207 73.0768
36 1998 4 0 0 0 0 0
50 1998 5 0.439467 71.6646 168.523 60.3888 7.9843
4 1998 2 313.386 747.543 1928.91 1188.46 94.0228
36 1998 5 0 131.47 115.062 57.0902 5.37816
50 1998 6 4.79079 97.5938 375.228 31.8356 1.27132
4 1998 3 321.468 1238.03 3400.24 1434.83 95.3355
26 1998 1 177.072 778.54 2248.59 1031.7 96.4497
36 1998 6 4.05258 91.9681 382.017 30.7461 1.93603
50 1998 7 12596.5 13014.4 1395.26 117.096 20.3497
4 1998 4 0 0 0 0 0
26 1998 2 350.058 789.059 2107.97 845.851 172.366
36 1998 7 13027.2 12330.9 1562.14 147.614 16.0648
50 1998 8 2605.54 2757.22 493.425 122.07 22.2937
4 1998 5 0 115.319 132.115 54.4311 7.13494
26 1998 3 136.743 1318 3787.67 1181.81 76.0243
36 1998 8 2671.5 2563.12 596.033 97.5746 6.93985
50 1998 9 790.74 878.569 281.047 56.4556 13.5608
4 1998 6 3.03199 130.201 338.01 38.3061 1.17121
26 1998 4 0 0 0 0 0
36 1998 9 854.747 847.473 236.281 66.9611 5.58076
4 1998 7 12523.9 13007.2 1468.7 136.962 5.95294
26 1998 5 0 51.6479 108.344 139.287 9.72141
4 1998 8 2843.94 2541.36 499.306 134.084 14.7422
16 1998 1 156.668 786.027 2259.57 1074.98 45.4295
26 1998 6 1.12323 137.356 351.04 19.3291 1.87248
4 1998 9 803.501 917.034 252.175 51.0089 4.99218
16 1998 2 432.175 725.836 2182.62 726.051 140.906
26 1998 7 11575.2 13773.3 1613.69 204.016 24.6097
16 1998 3 388.064 1222.65 3443.81 1295.63 82.0631
26 1998 8 2523.38 2795.77 595.267 115.463 15.191
16 1998 4 0 0 0 0 0
26 1998 9 750.028 873.434 328.694 77.9498 4.7354
16 1998 5 0 44.8978 134.068 125.907 4.12718
16 1998 6 4.2966 123.721 341.902 39.7381 1.06222
16 1998 7 12091.9 13403.3 1260.08 119.734 3.40103
16 1998 8 2499.1 2861.48 428.964 110.762 17.3999
16 1998 9 776.997 842.675 279.202 73.3667 10.2724
93 1998 1 95.9766 1022.26 2140.35 977.258 71.1545
93 1998 2 335.459 839.198 2066.48 767.762 179.484
93 1998 3 225.85 1035.68 3975.82 1203.85 48.9572
93 1998 4 0 0 0 0 0
93 1998 5 0 74.2222 187.685 45.6109 1.48218
93 1998 6 1.05649 151.536 310.644 38.8591 8.62494
83 1998 1 106.83 883.988 2339.56 909.34 81.1505
93 1998 7 12073.2 13491.9 1347.43 155.241 9.75772
83 1998 2 445.957 696.45 2229.05 772.629 116.453
93 1998 8 2360.1 2902.73 627.646 84.0867 10.5485
83 1998 3 490.389 1209.12 3431.66 1241.57 107.808
93 1998 9 808.508 844.057 280.182 68.6293 13.1164
83 1998 4 0 0 0 0 0
83 1998 5 0.231634 41.1809 204.418 60.7129 2.45639
83 1998 6 3.61115 94.3814 377.874 30.8832 3.97065
73 1998 1 149.986 816.264 2254.7 1004.39 97.2231
83 1998 7 12476 12786.6 1675.18 108.848 3.91626
73 1998 2 335.347 804.026 2022.76 1021.67 99.7652
83 1998 8 2582.98 2671.66 566.352 80.4029 9.65957
73 1998 3 303.998 1042.6 3585.41 1452.17 91.4283
83 1998 9 812.8 863.169 238.125 49.1256 6.65151
73 1998 4 0 0 0 0 0
73 1998 5 0 39.3269 185.149 76.6081 7.91574
73 1998 6 3.98484 110.904 327.936 61.1654 6.72993
63 1998 1 108.435 887.617 2216.06 1020.27 78.7399
73 1998 7 12749.2 12740.5 1450.81 176.735 13.5473
63 1998 2 202.283 825.034 2323.25 768.826 121.512
73 1998 8 2743.16 2622.59 490.103 110.263 7.24464
63 1998 3 253.982 924.549 3567.35 1615.72 133.471
73 1998 9 710.549 929.08 300.258 72.8718 12.1209
63 1998 4 0 0 0 0 0
63 1998 5 0 53.1098 223.122 31.2095 1.55855
63 1998 6 1.0064 103.924 364.23 38.9351 2.62436
53 1998 1 63.8431 1018.46 2186.52 943.853 106.251
63 1998 7 12447.4 12845 1573.66 133.643 31.0512
53 1998 2 239.586 789.655 2369.15 746.35 120.677
63 1998 8 2543.13 2655.84 587.59 129.135 7.89773
53 1998 3 127.563 918.331 3870.8 1320.71 205.527
63 1998 9 713.021 913.955 290.792 56.6189 6.45765
53 1998 4 0 0 0 0 0
7 1998 1 91.5427 938.826 2145.17 1010.58 126.015
53 1998 5 0 108.96 151.548 46.6475 1.84439
7 1998 2 377.35 619.536 2203.59 882.064 201.032
53 1998 6 0.927848 145.063 335.418 27.5823 1.72891
7 1998 3 282.624 1119 3521.65 1379.13 93.5265
29 1998 1 139.52 730.138 2319.35 1026.48 107.225
43 1998 1 253.591 661.941 2292.45 990.101 128.884
53 1998 7 11173.9 13854.2 1822.64 71.552 6.57723
7 1998 4 0 0 0 0 0
29 1998 2 406.568 561.391 2668.49 563.219 48.3571
43 1998 2 405.573 998.279 1747.13 927.174 185.016
53 1998 8 2354.16 2726.04 607.188 128.029 10.3304
43 1998 3 399.25 1491 3041.17 1482.33 86.5092
7 1998 5 0.309309 67.0797 123.625 102.996 14.9899
29 1998 3 164.545 1083.16 3738.72 1438.25 75.5811
53 1998 9 857.749 858.266 209.313 51.3552 9.95954
43 1998 4 0 0 0 0 0
7 1998 6 4.33227 98.6343 379.284 25.3856 3.08406
29 1998 4 0 0 0 0 0
43 1998 5 0.187046 39.08 229.015 37.5939 3.12414
7 1998 7 12240.6 12869.6 1555.19 67.4436 8.72351
29 1998 5 0 52.2956 164.888 86.6496 5.16681
43 1998 6 1.48051 90.3886 349.905 63.5447 5.40156
7 1998 8 2636.81 2307.63 608.072 146.379 10.9346
19 1998 1 118.252 855.452 2234.55 990.348 118.732
29 1998 6 2.09163 114.893 330.945 48.746 14.0448
43 1998 7 11481.7 13757.5 1785.45 116.587 15.1154
7 1998 9 832.338 820.111 257.391 53.9275 11.671
19 1998 2 502.493 916.318 1944.61 743.542 124.687
29 1998 7 12702.1 12642 1675.08 81.2498 10.6574
43 1998 8 2919.64 2409.93 565.242 85.9655 14.4921
19 1998 3 331.207 1006.51 3594.24 1405.73 118.446
29 1998 8 2715.13 2636.29 503.615 103.25 11.2806
43 1998 9 851.379 796.387 305.762 49.6115 18.4911
19 1998 4 0 0 0 0 0
29 1998 9 803.512 867.04 277.609 64.1904 11.1646
19 1998 5 0 52.8751 165.158 89.2196 1.74704
19 1998 6 2.856 97.9561 315.492 88.2611 6.15497
19 1998 7 13158.5 12244.4 1320.9 151.697 31.5347
19 1998 8 2748.69 2360.42 598.878 143.091 13.9763
19 1998 9 860.552 809.939 244.969 57.4674 3.85317
96 1998 1 79.2361 895.881 2292.44 945.121 108.551
96 1998 2 328.215 785.237 2452.24 585.304 92.0636
96 1998 3 322.075 1186.89 3680.04 1183.07 107.454
96 1998 4 0 0 0 0 0
96 1998 5 0 97.8463 156.408 39.4398 15.3064
96 1998 6 3.23701 140.964 318.145 46.9674 1.40727
86 1998 1 87.3021 797.123 2397.35 935.766 101.513
96 1998 7 11952.7 13664.7 1315.37 100.83 15.9612
86 1998 2 408.128 740.325 2044.5 833.113 236.561
96 1998 8 2576.39 2632.28 556.569 150.673 19.0309
86 1998 3 597.906 1060.53 3440.87 1265.34 108.488
96 1998 9 773.596 942.23 241.975 58.1272 6.34668
86 1998 4 0 0 0 0 0
86 1998 5 0 60.6454 153.653 92.8745 1.82705
86 1998 6 5.73931 106.505 356.952 39.1776 2.34614
76 1998 1 102.597 877.902 2341.21 921.452 90.7187
86 1998 7 12391.6 13046.9 1386.82 215.331 7.81572
76 1998 2 460.255 732.812 2350 663.455 60.2127
86 1998 8 2811.38 2402.85 673.624 106.942 15.3657
76 1998 3 272.721 975.582 3767.33 1350.14 124.293
86 1998 9 810.298 855.187 282.645 54.5522 6.52169
76 1998 4 0 0 0 0 0
76 1998 5 0 70.3086 200.422 36.1676 2.10204
76 1998 6 0.250353 87.1029 377.369 44.5542 1.44386
66 1998 1 112.469 874.227 2242.24 940.115 151.226
76 1998 7 12623.7 12657.2 1746.06 154.033 21.256
66 1998 2 568.263 687.694 2234.4 671.853 110.622
76 1998 8 2638.85 2775.72 536.224 95.7398 5.32443
66 1998 3 321.231 940.538 3509.51 1628.8 76.3385
76 1998 9 813.872 879.734 275.809 48.0466 11.7199
66 1998 4 0 0 0 0 0
66 1998 5 0 54.3984 113.17 106.554 34.8776
66 1998 6 4.70944 116.421 352.669 31.5752 5.34589
56 1998 1 121.947 919.626 2142.58 1076.4 73.3297
66 1998 7 12051.3 12954.7 1864.77 160.002 12.3037
56 1998 2 374.12 603.984 2424.1 814.647 66.7219
66 1998 8 2784.92 2684.05 396.85 108.199 12.4254
56 1998 3 467.828 1190.01 3301.03 1382.58 148.533
66 1998 9 784.716 864.02 286.756 81.1703 6.7913
56 1998 4 0 0 0 0 0
56 1998 5 0 68.3257 184.151 29.1724 27.3513
56 1998 6 1.86991 87.8551 382.867 35.0836 3.04452
46 1998 1 190.929 780.945 2165.62 1080.54 114.425
56 1998 7 12234.1 13495.3 1287.3 184.582 6.97886
46 1998 2 314.141 638.022 2577.03 625.285 107.295
56 1998 8 2458.62 3016.62 410.14 75.664 3.39441
46 1998 3 568.228 975.758 3512.16 1340.53 93.9017
56 1998 9 949.018 742.139 281.998 45.4731 3.46851
46 1998 4 0 0 0 0 0
46 1998 5 0 78.316 176.583 47.2851 6.81618
46 1998 6 0.701773 91.7527 340.19 66.5136 11.5619
46 1998 7 12242 13236.4 1426.71 209.172 24.4584
46 1998 8 3126.58 2156.65 610.903 112.591 15.9787
46 1998 9 771.893 821.161 345.593 69.4715 14.7639
89 1998 1 141.517 904.738 2300.42 904.161 74.3728
89 1998 2 438.166 687.989 2164.68 610.22 290.288
89 1998 3 342.261 1106.63 3415.88 1536.68 88.2597
89 1998 4 0 0 0 0 0
89 1998 5 0 65.0828 206.817 35.6145 1.48558
89 1998 6 3.02559 105.124 356.985 44.0728 1.5128
79 1998 1 167.058 779.682 2278.5 958.612 143.544
89 1998 7 13256 12085.6 1542.25 116.155 22.4386
79 1998 2 480.62 760.821 2008.66 853.073 180.4
89 1998 8 2565.3 2714.95 476.586 104.081 13.4098
79 1998 3 433.691 1074.2 3720.71 1135.01 136.649
89 1998 9 829.578 906.566 216.189 45.1364 10.4925
79 1998 4 0 0 0 0 0
79 1998 5 0 76.3971 141.819 76.9113 13.8729
79 1998 6 2.65835 73.9529 397.133 36.3434 0.632732
69 1998 1 190.014 966.21 2110.92 927.055 104.242
79 1998 7 11988.4 13444.2 1613.46 116.974 24.933
69 1998 2 346.156 508.73 2374.3 762.688 234.199
79 1998 8 2834.43 2517.61 553.116 134.114 12.5917
69 1998 3 247.472 905.088 3567.97 1555.78 176.275
79 1998 9 848.875 867.413 265.392 39.3108 10.3807
69 1998 4 0 0 0 0 0
69 1998 5 0 28.3469 201.918 65.4084 13.3264
69 1998 6 0.66087 71.9862 381.273 55.8604 0.939903
59 1998 1 102.161 911.26 2183.11 1021.16 103.371
69 1998 7 12728.5 12785.7 1375.5 112.447 8.26276
59 1998 2 284.345 1013.54 1919.45 876.576 168.605
69 1998 8 2961.04 2410.14 446.323 148.651 12.0955
59 1998 3 227.659 1195.05 3408.88 1438.04 202.647
69 1998 9 856.735 792.781 247.647 72.8487 18.117
59 1998 4 0 0 0 0 0
59 1998 5 0 65.9628 167.407 60.4109 15.2188
59 1998 6 2.25854 108.378 329.412 62.8684 7.80274
49 1998 1 82.2665 943.09 2257 927.619 93.4647
59 1998 7 12070.4 13438 1464.93 107.602 19.9742
49 1998 2 439.364 666.975 2342.72 607.573 193.386
59 1998 8 2780.41 2556.94 512.094 161.076 12.5097
49 1998 3 391.913 936.296 3519.55 1494 113.78
59 1998 9 847.821 808.51 257.387 72.7425 6.68155
49 1998 4 0 0 0 0 0
49 1998 5 0 99.9091 154.246 49.885 4.96003
49 1998 6 1.46278 87.1091 345.267 70.8775 6.00368
39 1998 1 138.449 771.155 2377.43 941.906 103.499
49 1998 7 12708.5 12824.3 1341.38 189.119 45.3564
39 1998 2 265.675 745.463 2271.68 899.85 100.902
49 1998 8 2611.47 2579.79 637.037 140.211 18.8402
39 1998 3 281.895 1130.56 3732.33 1254.73 100.744
49 1998 9 921.434 792.497 248.038 41.9342 6.88708
39 1998 4 0 0 0 0 0
39 1998 5 0 72.0809 182.238 49.5874 5.09341
39 1998 6 3.17252 137.592 341.276 24.429 4.25054
39 1998 7 12092.4 13320.5 1628.34 142.489 11.6914
39 1998 8 2793.23 2690.58 480.065 74.081 5.67362
39 1998 9 793.826 921.522 246.665 61.7768 12.7599
99 1998 1 164.249 840.025 2245.62 980.181 97.585
99 1998 2 337.026 924.731 2273.78 617.996 130.037
99 1998 3 344.091 1056.66 3718.2 1267.46 113.843
99 1998 4 0 0 0 0 0
99 1998 5 0 41.6495 237.45 28.4977 1.40239
99 1998 6 4.54292 115.451 351.697 35.8672 3.16122
99 1998 7 12719.9 12760.6 1531.05 122.639 11.7939
99 1998 8 3072.5 2252.91 583.071 102.242 13.4789
99 1998 9 928.632 766.606 241.619 77.6838 7.94029
3 1998 1 197.175 924.093 2297.05 797.075 107.993
3 1998 2 401.28 697.256 2356.93 719.381 108.719
3 1998 3 191.049 997.11 3767.18 1411.11 129.034
3 1998 4 0 0 0 0 0
3 1998 5 0.264103 34.7951 172.593 88.2545 13.0931
3 1998 6 0 68.6739 362.51 69.1111 10.4246
3 1998 7 12145.1 13409.2 1444.09 120.97 22.1916
3 1998 8 2346.21 3092.76 428.19 151.467 19.6818
3 1998 9 803.924 926.35 224.133 65.6276 12.4533
52 1998 1 126.109 945.33 2176.65 959.769 124.566
52 1998 2 324.123 817.945 2318.24 667.665 155.598
52 1998 3 310.001 1255.59 3437.82 1354.84 142.006
52 1998 4 0 0 0 0 0
6 1998 1 99.7681 802.128 2324.3 1015.3 79.7198
52 1998 5 0 84.3494 201.524 21.9822 1.14444
6 1998 2 315.062 639.809 2215.78 904.198 167.534
52 1998 6 0.979383 104.665 367.709 34.1569 3.20968
6 1998 3 314.686 947.269 3609.89 1413.61 127.617
42 1998 1 97.7352 950.375 2126.39 1061.92 94.7917
52 1998 7 12839.9 12520.3 1613.12 151.51 17.0642
6 1998 4 0 0 0 0 0
42 1998 2 263.558 817.715 2307.27 770.665 105.445
52 1998 8 2629.15 2754.46 525.805 83.0337 9.89818
6 1998 5 0 55.7186 163.516 77.5647 12.2008
42 1998 3 375.002 1274.6 3667.78 1038.64 106.987
52 1998 9 829.854 844.18 263.267 78.6747 17.8403
6 1998 6 2.10746 76.5246 367.438 58.3637 6.28626
42 1998 4 0 0 0 0 0
6 1998 7 12257.6 12735.4 1376.28 183.052 8.88009
42 1998 5 0.848901 78.9171 152.476 63.932 12.8261
6 1998 8 2194.46 2865.04 465.719 121.277 14.6577
32 1998 1 166.269 829.746 2144.29 1077.13 109.147
42 1998 6 0.804706 133.091 301.572 70.5152 4.73765
6 1998 9 681.616 896.032 287.483 79.5408 5.35745
32 1998 2 479.401 569.894 2264.74 875.569 93.9698
42 1998 7 12797 12910.8 1265.89 96.046 17.0412
32 1998 3 347.671 1013.05 3671.78 1430.6 37.154
42 1998 8 2933.6 2395.85 482.988 127.839 6.41438
32 1998 4 0 0 0 0 0
42 1998 9 903.991 820.456 221.09 47.7958 11.085
32 1998 5 0 81.9037 123.028 93.629 10.4392
22 1998 1 119.316 892.526 2232.56 975.678 95.8174
32 1998 6 0.80759 95.6937 365.367 44.4954 4.35659
22 1998 2 321.321 859.066 2286.87 630.867 185.45
32 1998 7 12190.6 13473 1170.64 255.892 6.52408
22 1998 3 329.914 1213.9 3448.1 1429.42 78.9314
32 1998 8 2736.84 2563.37 563.58 105.821 13.1468
22 1998 4 0 0 0 0 0
32 1998 9 830.335 848.047 283.622 52.8557 4.12023
22 1998 5 0 61.8 177.454 61.1624 8.58333
12 1998 1 127.37 802.695 2263.54 965.175 148.281
22 1998 6 0.117488 136.396 332.385 35.96 5.86159
12 1998 2 302.265 849.965 2092.21 793.322 194.933
22 1998 7 12507 12820.6 1498.2 204.968 52.0945
12 1998 3 234.024 1144.04 3400.11 1648.25 68.6009
22 1998 8 2554.98 2664.67 586.493 116.534 10.9612
12 1998 4 0 0 0 0 0
22 1998 9 777.386 859.436 276.217 61.7087 22.9051
12 1998 5 1.2561 80.1973 174.489 47.6671 5.39094
12 1998 6 8.70263 90.8242 346.878 54.4532 9.86177
12 1998 7 13507.8 11763.9 1685.8 119.34 5.4471
12 1998 8 2794.46 2588.53 502.141 94.6814 23.0631
12 1998 9 724.652 822.978 363.26 83.245 12.7208
55 1998 1 93.9886 859.476 2256.57 1002.8 112.192
55 1998 2 373.819 626.179 2342.54 742.608 164.696
55 1998 3 345.644 1160.97 3634.18 1280.98 69.7507
55 1998 4 0 0 0 0 0
55 1998 5 0.126122 58.6113 210.301 34.3433 5.61818
55 1998 6 0 103.35 358.517 46.0314 2.8215
45 1998 1 140.858 886.004 2133.58 1014.41 105.899
55 1998 7 12400.7 13338.3 1185.89 208.186 27.8733
45 1998 2 452.894 632.745 2000.6 844.559 120.237
55 1998 8 2899.59 2585.7 399.653 117.767 19.9006
45 1998 3 518.022 1032.43 3333.44 1424.3 129.515
55 1998 9 742.837 763.144 400.057 101.436 29.0759
45 1998 4 0 0 0 0 0
45 1998 5 0 51.2989 176.929 71.2561 9.51569
45 1998 6 0.905415 102.813 357.301 42.8026 6.89869
35 1998 1 98.7766 727.279 2413.92 965.186 104.257
45 1998 7 12661.2 12707.3 1454.81 133.623 8.45761
35 1998 2 324.954 911.296 2038.14 851.882 157.299
45 1998 8 3152.81 2081.09 590.991 131.091 11.8288
35 1998 3 219.759 1135.21 3689.08 1217.66 114.052
45 1998 9 975.873 741.024 238.229 38.5603 8.07586
35 1998 4 0 0 0 0 0
35 1998 5 0 79.1496 175.717 48.0627 6.07033
25 1998 1 93.1391 845.693 2292.62 985.524 104.688
35 1998 6 2.23675 109.212 334.231 56.8344 8.20544
25 1998 2 395.774 662.469 2172.5 913.262 111.196
35 1998 7 13109.3 12400.7 1003.54 155.968 21.535
25 1998 3 332.621 981.26 3828.86 1261.89 75.1369
35 1998 8 2363.71 2738.39 482.783 137.678 12.6014
25 1998 4 0 0 0 0 0
35 1998 9 786.231 844.805 298.075 52.6575 6.64473
25 1998 5 0 70.9658 181.47 50.2953 6.26914
15 1998 1 76.1751 890.571 2180.71 1056.45 90.5176
25 1998 6 2.44266 97.7461 337.235 67.1218 6.17442
15 1998 2 324.909 573.749 2286.85 876.473 221.591
25 1998 7 12841.7 12548.1 1565.4 145.053 10.1655
15 1998 3 368.279 1268.44 3296.89 1432.35 83.7771
25 1998 8 2652.61 2667.34 540.394 124.662 13.6721
15 1998 4 0 0 0 0 0
25 1998 9 887.929 845.213 204.75 67.4879 9.17745
15 1998 5 0.180702 53.5791 156.517 72.2561 5.86719
15 1998 6 0.92271 93.7243 351.37 62.1473 2.55575
15 1998 7 11309.1 14218 1394.61 165.131 19.9984
15 1998 8 2601.09 2833.06 459.453 106.33 13.5672
15 1998 9 819.695 868.588 262.864 47.1521 3.73317
92 1998 1 160.582 774.021 2318.98 936.884 128.543
92 1998 2 420.352 484.479 2347.82 793.333 143.784
92 1998 3 628.949 904.154 3638.65 1174.87 121.504
92 1998 4 0 0 0 0 0
92 1998 5 0 74.4153 172.455 58.6618 3.46796
92 1998 6 1.14325 117.872 330.486 53.1015 8.11687
82 1998 1 81.0866 821.561 2202.93 1071.31 125.904
92 1998 7 12438.1 12971.8 1307.34 170.004 55.7542
82 1998 2 508.213 583.594 2183.77 823.758 157.406
92 1998 8 2813.1 2500.94 461.684 110.045 18.7489
82 1998 3 360.973 1086.46 3739.11 1193.97 80.3303
92 1998 9 844.133 827.052 258.284 43.645 20.1385
82 1998 4 0 0 0 0 0
82 1998 5 0 46.9502 176.685 77.7835 7.58124
82 1998 6 1.56511 109.584 366.189 22.5854 10.7964
72 1998 1 114.855 932.837 2162.64 977.722 136.801
82 1998 7 12551.1 13173.5 1112.94 170.867 32.7218
72 1998 2 365.593 708.605 2411.38 679.515 77.526
82 1998 8 2618.59 2655.28 584.46 111.621 15.6177
72 1998 3 375.48 1359.91 3516.99 1126.44 112.132
82 1998 9 740.882 931.435 259.457 69.55 18.6229
72 1998 4 0 0 0 0 0
72 1998 5 0.125763 67.177 180.482 56.8154 4.39939
72 1998 6 0 117.189 375.94 15.6397 1.95104
62 1998 1 115.492 870.028 2291.75 912.152 144.462
48 1998 1 83.9086 976.426 2230.32 931.878 96.6467
72 1998 7 10911 14762 1277.35 116.174 38.6712
62 1998 2 389.214 605.342 2374.49 689.411 184.029
48 1998 2 261.426 770.528 2244.08 805.902 166.31
72 1998 8 2234.41 3113.18 589.215 76.9764 7.696
62 1998 3 367.104 914.995 3708.27 1372.73 116.696
48 1998 3 350.15 1114.35 3489.09 1401.37 130.993
72 1998 9 787.985 925.287 226.236 77.1804 12.5622
62 1998 4 0 0 0 0 0
48 1998 4 0 0 0 0 0
62 1998 5 0 87.9396 172.209 42.7611 6.09046
48 1998 5 0 60.7499 202.485 30.0258 15.739
62 1998 6 3.53745 81.2782 368.619 52.7362 4.54885
48 1998 6 4.37279 116.818 367.042 21.4939 0.99372
38 1998 1 149.958 868.985 2197.57 968.907 133.714
62 1998 7 12566.4 12713.2 1551.41 243.971 34.4514
48 1998 7 12134.6 13232.8 1622.42 144.891 10.1012
38 1998 2 308.942 582.856 2311.72 797.803 263.418
62 1998 8 2790.3 2433.26 617.354 132.836 16.0909
48 1998 8 2366.46 2913.67 638.803 103.486 9.75421
38 1998 3 220.86 977.787 3792.75 1368.75 130.335
62 1998 9 832.167 850.707 222.965 93.2438 17.4659
48 1998 9 714.84 982.066 236.674 74.7576 8.32092
38 1998 4 0 0 0 0 0
38 1998 5 0 58.7889 194.37 47.2782 8.56337
28 1998 1 130.406 840.821 2270.87 973.593 105.313
38 1998 6 0 68.4442 402.764 39.5116 0
28 1998 2 342.912 804.569 2375.58 713.028 26.2796
38 1998 7 12151 13595.8 1264.97 102.983 2.64677
28 1998 3 259.829 1102.59 3665.12 1352.98 105.081
38 1998 8 2431.03 2707.5 732.295 111.433 7.15701
28 1998 4 0 0 0 0 0
38 1998 9 637.007 968.295 315.047 64.3304 27.1744
28 1998 5 0 43.7223 195.882 59.5852 9.81073
18 1998 1 108.923 807.722 2191.4 1122.06 93.6837
28 1998 6 8.40388 129.934 299.886 62.6252 9.87119
18 1998 2 275.75 544.475 2275.64 1117.32 70.3845
28 1998 7 12146.6 13247.5 1457.11 101.18 13.5309
18 1998 3 290.209 1280.56 3481.28 1358.17 90.0354
28 1998 8 2633.59 2602.83 578.604 108.93 4.43911
18 1998 4 0 0 0 0 0
28 1998 9 882.518 815.658 210.3 77.1412 5.81813
18 1998 5 0 62.1883 124.192 115.413 7.20666
18 1998 6 3.73626 99.7898 370.429 34.4366 2.3282
18 1998 7 13389.9 12033.6 1518.59 136.363 14.8364
18 1998 8 2704.58 2825.45 363.576 131.05 8.77194
18 1998 9 841.33 919.162 204.977 57.0566 3.96383
95 1998 1 116.728 822.735 2241.71 1052.5 84.7038
95 1998 2 435.249 682.338 2569.25 517.421 79.3106
95 1998 3 390.824 1358.49 3247.53 1343.34 97.2211
95 1998 4 0 0 0 0 0
95 1998 5 0 90.8258 113.984 97.7172 6.4725
95 1998 6 0 104.184 380.062 19.5058 1.22966
85 1998 1 88.7935 947.334 2117.64 1052.94 120.128
95 1998 7 12351.5 13205 1409.95 116.5 18.9105
85 1998 2 285.711 804.975 2095.23 889.085 198.467
95 1998 8 2987.5 2516.85 357.382 83.8973 8.38558
85 1998 3 182.41 888.74 3878.01 1397.22 137.83
95 1998 9 860.659 871.736 236.747 44.3453 10.4226
85 1998 4 0 0 0 0 0
85 1998 5 0 107.443 165.422 33.5513 2.58335
85 1998 6 0.758552 93.9957 380.183 32.9139 2.86851
75 1998 1 134.896 903.016 2157.69 993.265 130.151
85 1998 7 11485.8 13784.1 1493.14 184.43 18.2414
75 1998 2 397.253 986.822 2057.33 700.926 100.439
85 1998 8 2268.2 3025.81 510.375 90.8511 10.7942
75 1998 3 343.68 1332.1 3270.65 1469.73 58.4742
85 1998 9 837.989 850.495 237.086 54.5821 4.7164
75 1998 4 0 0 0 0 0
75 1998 5 0 30.5656 215.521 61.6437 1.26934
75 1998 6 1.6416 107.268 310.515 77.3949 13.9004
65 1998 1 167.293 867.856 2320.5 874.497 87.8674
75 1998 7 12689.5 12725.6 1523.82 132.13 9.74145
65 1998 2 393.33 727.983 2076.92 931.811 134.32
75 1998 8 2446.59 2815.71 518.126 127.633 20.4975
65 1998 3 292.013 1103.49 3731.14 1239.01 118.488
75 1998 9 675.119 939.815 284.059 86.7368 13.2331
65 1998 4 0 0 0 0 0
65 1998 5 0.159443 55.4606 190.477 55.9434 6.9597
65 1998 6 1.25025 98.2331 364.108 45.4961 1.63265
65 1998 7 12326.6 13271.6 1227.1 185.656 17.9834
65 1998 8 2179.75 2928.63 679.658 106.904 17.3689
65 1998 9 600.494 1065.6 264.232 50.7658 13.7086
9 1998 1 118.118 961.137 2238.85 937.283 71.4385
9 1998 2 398.464 626.021 2411.82 778.286 42.5361
9 1998 3 333.553 1001.84 3737.3 1260.52 156.771
9 1998 4 0 0 0 0 0
9 1998 5 0 118.816 144.781 45.152 0.251902
9 1998 6 5.98374 115.376 346.939 38.2484 4.17255
9 1998 7 12457.5 13314.3 1226 158.704 9.66369
9 1998 8 2886.15 2527.47 497.198 118.838 15.5718
9 1998 9 784.842 819.526 334.817 75.9817 9.63393
98 1998 1 176.527 809.691 2191.25 1057.07 83.2141
98 1998 2 447.66 540.616 2551.53 632.374 111.392
98 1998 3 454.759 1077.15 3688.69 1200.75 78.9086
98 1998 4 0 0 0 0 0
98 1998 5 0.275401 68.9542 184.375 53.445 1.95076
98 1998 6 2.36074 92.161 348.043 60.4353 7.72037
88 1998 1 142.378 848.986 2248.97 945.66 143.892
98 1998 7 11707.3 13848.8 1390.81 145.303 5.78952
88 1998 2 340.435 721.351 2262.79 862.297 96.6997
98 1998 8 2494.04 2670.91 638.951 153.732 23.3954
88 1998 3 397.476 965.515 3795.38 1157.93 145.758
98 1998 9 809.675 848.386 276.977 53.4009 12.2059
88 1998 4 0 0 0 0 0
88 1998 5 0 85.6686 143.404 59.5086 20.4185
88 1998 6 4.15501 110.581 348.734 43.3806 3.86909
78 1998 1 236.322 800.075 2195.94 987.377 107.138
88 1998 7 12303.8 13337.7 1418.06 90.0951 10.72
78 1998 2 424.889 870.648 2240.62 590.708 137.5
88 1998 8 2511.85 2839.17 560.707 77.7819 11.7867
78 1998 3 436.128 912.103 3798.9 1207.79 109.052
88 1998 9 825.806 798.616 291.13 82.83 25.7814
78 1998 4 0 0 0 0 0
78 1998 5 0 26.0978 208.17 65.8002 8.93194
78 1998 6 3.42191 118.512 352.963 32.9234 2.89974
68 1998 1 168.35 938.974 2205.44 933.45 87.6624
78 1998 7 12978 12441.6 1433.15 157.266 12.2578
68 1998 2 309.685 712.815 2224.77 799.395 226.504
78 1998 8 2714.57 2575.09 521.392 104.021 23.1659
68 1998 3 478.525 893.43 3516.3 1472.24 139.771
78 1998 9 895.557 773.55 273.138 56.2423 10.5407
68 1998 4 0 0 0 0 0
68 1998 5 0 58.6621 213.078 34.4212 2.83838
68 1998 6 8.06178 107.23 354.809 38.9613 1.65726
58 1998 1 126.376 930.115 2290.67 897.625 75.5128
68 1998 7 12015.1 13708.5 1324.53 110.3 13.4635
58 1998 2 325.697 663.643 2353.71 742.916 197.608
68 1998 8 3033.3 2438.85 465.753 79.4329 10.1065
58 1998 3 384.356 1159.07 3417.09 1374.38 160.027
100 1998 1 135.751 1007.95 2198.77 904.301 81.5686
68 1998 9 991.733 753.207 227.25 41.2829 5.17342
58 1998 4 0 0 0 0 0
100 1998 2 446.011 813.409 2114.91 707.065 175.462
58 1998 5 0.11634 81.9929 155.991 67.6978 3.20233
100 1998 3 342.101 1047.86 3738.67 1257.05 114.584
58 1998 6 1.98241 103.63 351.199 45.9867 7.92165
100 1998 4 0 0 0 0 0
58 1998 7 12591.8 12981.2 1442.5 110.968 15.2208
100 1998 5 0 15.0325 202.425 87.0158 4.52717
58 1998 8 2686.01 2719.91 497.879 126.612 8.4177
100 1998 6 1.55556 106.899 367.039 28.7474 6.47949
58 1998 9 819.224 911.557 254.976 42.0605 3.72485
100 1998 7 12446.5 13128.4 1366.57 180.24 15.9706
100 1998 8 2524.69 2780.94 603.857 106.613 11.8728
100 1998 9 669.744 985.62 263.507 94.3379 13.065
21 1998 1 104.215 1005.42 2100.86 969.273 122.741
21 1998 2 407.534 786.186 2323.46 662.659 62.1479
21 1998 3 286.16 1073.38 3587.87 1449.71 71.2558
21 1998 4 0 0 0 0 0
21 1998 5 0.0998062 27.7862 164.388 110.475 6.25162
11 1998 1 134.114 773.634 2208.81 1082.7 118.247
21 1998 6 0.0777273 60.3924 336.813 106.199 7.23742
11 1998 2 422.354 684.822 2347.97 653.351 175.072
21 1998 7 12017.6 13197.7 1579.24 117.207 2.45053
11 1998 3 564.489 1256.64 3259.78 1276.87 111.353
21 1998 8 2628.98 2616.84 557.579 76.3982 9.31988
11 1998 4 0 0 0 0 0
21 1998 9 796.714 801.314 271.836 87.2588 16.1535
11 1998 5 0 71.845 138.062 91.9039 7.18913
11 1998 6 0.770634 94.7695 388.041 26.6336 0.504816
11 1998 7 12547 12958.2 1474.61 83.9644 15.3574
11 1998 8 2755.3 2492.27 536.447 156.291 12.4718
11 1998 9 723.933 925.704 268.446 60.2607 17.3049
2 1998 1 128.04 754.608 2227.24 1112.75 109.827
2 1998 2 240.579 856.549 2093.23 894.799 198.408
2 1998 3 344.872 1060.35 3546.92 1470.52 77.5951
