74 2006 1 1367.28 11741.4 19603.3 3025.89 271.751
74 2006 2 865.342 1385.16 2679.84 420.439 50.2908
74 2006 3 961.643 4832.31 9361.33 2038.84 72.8587
74 2006 4 63.9413 375.464 377.193 112.448 6.68322
74 2006 5 9.64957 87.9658 65.2437 12.0881 0.382833
74 2006 6 37.7714 671.393 621.13 31.8937 10.5217
64 2006 1 1716.99 10359.1 19518.1 4009.54 337.413
74 2006 7 8330.81 12241.6 1097.17 40.2379 8.5551
64 2006 2 881.02 1850.87 2227.01 392.875 49.6597
74 2006 8 0 0 0 0 0
64 2006 3 1361.69 4391.92 9151.2 2064.33 187.786
74 2006 9 9.56371 107.95 59.0938 1.73265 0
64 2006 4 73.6681 439.715 321.434 95.2637 5.64969
64 2006 5 2.99061 76.4122 79.1373 16.0972 0.692662
64 2006 6 57.008 807.634 474.197 33.1595 0.711987
54 2006 1 1213.45 12023.5 18828.2 3500.33 279.131
64 2006 7 7054.34 13466.9 1054.96 94.2757 16.2633
54 2006 2 770.976 1624.47 2417.61 524.861 43.5103
64 2006 8 0 12.5 1.68919 8.78378 2.02703
54 2006 3 753.587 4886.4 9260.3 2132.76 110.543
64 2006 9 20.5234 128.012 27.9859 1.66008 0.158103
54 2006 4 69.1 384.692 353.599 119.637 7.21473
8 2006 1 1566.6 12515.2 17644.9 3731.77 478.33
54 2006 5 6.15784 67.9109 71.7956 24.8149 1.91122
8 2006 2 941.974 1487.12 2511.39 388.774 69.6786
54 2006 6 80.2295 808.884 446.336 36.3835 0.877451
44 2006 1 1590.14 10788.6 18561.4 4718.31 267.262
8 2006 3 900.636 4657.5 9317.4 2176.82 159.12
54 2006 7 7980.81 12516.9 1114.93 64.5898 4.90427
44 2006 2 1000.78 1776.99 2205.64 382.244 28.9301
8 2006 4 70.8705 363.937 373.419 114.04 13.4628
54 2006 8 0 16.6667 8.33333 0 0
44 2006 3 1040.68 4651.58 8928.32 2586.48 44.7745
8 2006 5 8.94816 88.2656 53.3067 20.5857 1.48431
54 2006 9 27.4031 120.66 28.7387 1.53839 0
44 2006 4 54.9018 408.265 339.202 124.71 8.65096
8 2006 6 65.6885 844.482 425.836 29.3149 7.38896
44 2006 5 15.0835 70.4252 71.5178 17.6284 0.675093
8 2006 7 8584.19 11815.1 1191.11 74.8525 22.1848
44 2006 6 53.5374 867.332 407.518 40.7159 3.60735
8 2006 8 0 11.4286 11.6667 1.90476 0
34 2006 1 1822.81 11284.5 18717.7 3722.5 376.787
44 2006 7 7884.26 12857.9 863.92 87.859 5.76309
8 2006 9 13.0858 126.28 36.2335 2.65422 0.0861546
34 2006 2 816.664 1462.71 2577.87 483.123 41.9748
44 2006 8 0 13.5707 10.7236 0.705645 0
34 2006 3 530.137 5541.52 8719.28 2329.9 77.6804
44 2006 9 25.6618 89.4081 62.5208 0.749328 0
34 2006 4 59.0256 396.761 369.038 96.2461 8.6225
34 2006 5 13.545 78.257 55.4785 27.289 0.760545
34 2006 6 64.0218 768.116 506.903 30.3748 3.29382
34 2006 7 8215.49 12312.3 1068.41 71.972 5.8688
34 2006 8 0 25 0 0 0
34 2006 9 33.3894 115.555 27.9657 1.42978 0
91 2006 1 1852.18 10505.1 19054.1 4284.88 268.171
77 2006 1 1500.35 10310.3 19664.7 4066.74 365.148
91 2006 2 899.83 1606.31 2096.46 698.988 70.496
77 2006 2 824.551 1698.02 2384.81 440.578 49.2718
91 2006 3 1033.24 5464.15 8440.83 2164.7 158.394
77 2006 3 1114.23 4812.74 9208.47 1981.67 79.7683
91 2006 4 56.805 384.613 376.135 109.683 8.49477
77 2006 4 77.8745 376.919 354.676 114.326 6.97732
91 2006 5 12.4247 88.61 55.3898 18.1618 0.743705
77 2006 5 15.529 61.7244 71.6802 24.3949 2.00157
91 2006 6 59.0215 762.278 506.38 42.1392 2.89093
77 2006 6 58.557 794.021 490.707 28.8842 0.541503
67 2006 1 1740.27 11613.3 17832.6 4434.97 301.813
91 2006 7 7812.93 12719.4 1095.44 66.0579 12.5484
77 2006 7 8179.17 12386.8 1018.31 94.4387 15.1481
67 2006 2 1094.93 1794.21 2010.48 483.822 21.6581
91 2006 8 0 23.8905 1.10947 0 0
77 2006 8 0 0 0 0 0
67 2006 3 1482.2 4903.64 8097.55 2600.41 149.889
91 2006 9 28.4834 132.5 16.1167 1.24037 0
77 2006 9 24.6408 84.5883 65.9938 3.11712 0
67 2006 4 81.3565 394.753 351.851 99.8959 7.87411
67 2006 5 20.0354 78.7012 48.6143 26.7872 1.19189
67 2006 6 91.0778 769.624 478.848 33.1602 0
57 2006 1 1350.04 11791.3 18512.5 3998.15 222.237
67 2006 7 8007.71 12687.6 930.628 85.2419 3.6674
57 2006 2 873.814 1733.82 2387.4 314.066 76.4672
67 2006 8 0 16.6667 1.53509 5.70175 1.09649
57 2006 3 1051.52 4526.93 9401.29 2114.42 63.1172
67 2006 9 42.2023 99.5245 34.5331 2.04869 0.0314866
57 2006 4 79.3344 398.134 363.737 90.745 3.77956
57 2006 5 2.41149 88.4181 57.9195 24.725 1.85592
57 2006 6 83.8861 821.436 410.598 48.1336 8.65673
47 2006 1 1400.46 10570.9 19451.7 4362.13 166.903
57 2006 7 8273.69 12290.4 1110.79 25.7433 7.79535
47 2006 2 1047.4 1835.56 2021.03 444.175 47.4428
57 2006 8 0 11.7188 9.1654 3.65854 0.457317
47 2006 3 985.191 5720.73 8299.76 2091.62 95.2638
57 2006 9 23.4215 96.6771 58.2414 0 0
47 2006 4 69.1778 402.727 362.838 94.1385 5.35959
47 2006 5 12.9897 62.6071 59.8414 37.7979 2.0939
47 2006 6 46.0958 781.548 505.45 39.6168 0
37 2006 1 1115.33 11862.5 18578.4 4056.17 292.348
47 2006 7 8222.84 12298.6 1070.56 97.6152 4.1242
37 2006 2 927.295 1430.54 2472.73 460.04 76.3006
47 2006 8 0 0 0 0 0
37 2006 3 849.181 5307.39 8719.99 2122.31 196.543
47 2006 9 25.3042 104.567 47.543 0.925864 0
37 2006 4 64.9101 377.281 361.122 119.841 12.5764
37 2006 5 9.12941 74.2463 72.6355 17.7532 1.56548
27 2006 1 1878.69 11414.4 17864.4 4301.01 300.798
37 2006 6 52.174 779.383 480.107 53.605 7.44085
27 2006 2 929.507 1211.6 2614 539.323 79.3895
37 2006 7 8004.13 12523.2 1090.46 63.5732 17.155
27 2006 3 1053.89 4809.93 9035.48 2072.01 92.4863
37 2006 8 0 25 0 0 0
27 2006 4 68.5237 405.477 348.14 107.475 6.11414
37 2006 9 12.588 121.309 41.3187 3.12397 0
27 2006 5 4.55254 109.588 41.3138 12.9634 1.25685
27 2006 6 41.4156 817.399 440.031 65.1516 8.71313
27 2006 7 8638.79 12034.8 925.093 51.8438 7.2773
27 2006 8 0 5.26316 14.9123 4.82456 0
27 2006 9 20.4909 122.925 33.862 1.06234 0
94 2006 1 2139.29 10406.1 19338.6 3877.88 261.34
94 2006 2 944.383 1616.93 2431.18 382.702 33.0208
94 2006 3 1843.04 4111.31 9038.77 2230.79 74.8189
94 2006 4 78.9737 425.006 336.579 85.3055 8.44217
94 2006 5 5.48755 57.9257 97.384 9.5437 1.96616
94 2006 6 54.7682 727.539 513.281 68.7197 8.40202
84 2006 1 2196.41 10397.5 18926.4 3975.85 348.051
94 2006 7 7429.39 13129.6 1083.41 52.7937 7.51029
84 2006 2 1207.26 1881.85 1879.78 377.138 27.8307
94 2006 8 0 0 0 0 0
84 2006 3 1326.29 4341.95 9233.23 2184.02 64.879
94 2006 9 14.6307 129.012 29.6258 5.07122 0
84 2006 4 78.9928 400.73 335.633 105.225 8.10294
84 2006 5 12.0675 98.0428 44.057 20.1425 1.0202
84 2006 6 73.6692 822.581 435.304 34.7591 6.39622
84 2006 7 7655.19 12875.1 1109.99 48.8279 11.4192
84 2006 8 0 14.0086 9.69828 1.2931 0
84 2006 9 30.1063 114.233 32.0788 1.92183 0
97 2006 1 1743.48 11119.3 19088.1 3628.55 265.274
97 2006 2 996.601 1493.4 2489.51 322.722 39.6761
97 2006 3 1233.55 4900.48 8307.75 2595.59 117.967
97 2006 4 93.6011 384.358 330.531 114.954 12.2849
97 2006 5 13.355 59.275 64.1817 31.0012 7.51704
97 2006 6 64.5451 789.862 480.47 31.9291 5.90293
87 2006 1 1613.61 11387.4 19101.6 3573.31 265.421
97 2006 7 8203.28 12570.1 833.181 61.3647 13.0344
87 2006 2 814.522 1571.69 2471.59 438.28 83.1357
97 2006 8 1.14286 12.5714 11.2857 0 0
87 2006 3 1163.51 4113.11 9696.75 2132.43 63.7791
97 2006 9 21.0932 127.242 29.5863 0.418559 0
87 2006 4 52.719 379.35 384.781 113.524 5.35591
87 2006 5 21.2776 78.3451 56.981 18.6326 0.0937594
87 2006 6 65.6209 692.298 570.991 43.8 0
87 2006 7 7289.61 12914.1 1382.1 68.7933 14.6461
87 2006 8 0 2.83019 21.6981 0.471698 0
87 2006 9 21.5333 99.3347 54.5345 2.78413 0.153364
40 2006 1 1009.49 11360.2 19172.5 3922.85 278.708
40 2006 2 1087.28 1667.2 2082.46 461.504 69.7115
40 2006 3 1177.95 4705.37 8719.42 2418 110.003
40 2006 4 71.9328 408.982 340.216 106.323 8.27611
40 2006 5 13.7177 89.7528 59.8407 11.2292 0.789513
30 2006 1 1939.01 10041.2 19069.6 4401.89 363.363
40 2006 6 79.1376 765.301 493.625 32.609 2.03742
30 2006 2 1045.79 1582.86 2147.37 540.51 59.8579
40 2006 7 8315.78 12359.4 908.231 97.4578 9.95442
30 2006 3 1329.63 4979.81 8844.59 1769.41 142.235
40 2006 8 0 12.5 3.84615 8.01282 0.641026
30 2006 4 66.7201 432.398 337.062 89.8142 9.73502
40 2006 9 16.6058 126.595 33.6894 1.43099 0.0184885
30 2006 5 14.9904 61.6844 78.8462 19.809 0
20 2006 1 1065.47 11543.1 19298.6 3666.69 427.412
30 2006 6 69.6894 782.545 501.342 19.133 0
20 2006 2 1033.68 1439.57 2481.81 391.432 41.5566
30 2006 7 7492.38 12935.4 1183.23 59.0454 11.7253
20 2006 3 815.924 5397.2 8662.04 2298.86 64.0936
30 2006 8 1.88679 18.3962 4.71698 0 0
20 2006 4 81.5796 371.978 368.299 106.57 7.30282
30 2006 9 17.4581 120.81 39.9943 0.0772503 0
20 2006 5 16.0992 68.9764 69.6285 19.1052 1.5207
10 2006 1 1844.41 9216.13 20024.4 4686.62 254.269
20 2006 6 96.0286 808.814 433.882 32.97 1.01489
10 2006 2 808.94 1608.93 2277.91 637.743 71.2636
20 2006 7 8547.56 12112.9 979.117 51.4106 10.4584
10 2006 3 728.072 4995.15 9488.06 1957.04 115.234
20 2006 8 0 5.10204 16.8367 3.06122 0
10 2006 4 104.37 394.065 346.586 86.9789 3.73034
20 2006 9 23.8631 81.4592 70.3761 2.64164 0
10 2006 5 18.796 77.9906 65.9105 11.4897 1.14319
10 2006 6 54.0342 801.377 447.944 66.4467 2.90828
10 2006 7 7929.77 12632.7 1057.56 59.7865 21.1909
10 2006 8 0 2.25694 20.6597 2.08333 0
10 2006 9 17.6236 122.29 38.4265 0 0
43 2006 1 1341.96 11497.2 19196 3593.78 287.973
43 2006 2 965.798 1822.99 2112.35 406.245 69.5753
43 2006 3 1354.72 4821.3 8829.74 1989 174.524
43 2006 4 89.5666 408.932 340.425 87.803 9.00319
43 2006 5 7.33401 67.0228 75.946 21.8573 3.16983
43 2006 6 50.2511 713.694 583.227 22.8448 2.69324
33 2006 1 2047.18 11175.3 18852.2 3663.08 175.367
43 2006 7 8081.52 12670 893.069 48.9083 12.4755
33 2006 2 1005.2 1835.27 2015.77 432.292 95.0621
43 2006 8 0 0 25 0 0
33 2006 3 1416.8 5211.88 8522.13 1927.8 90.8537
43 2006 9 49.3361 99.7195 27.6335 1.65098 0
1 2006 1 1258.55 11544.1 18845.6 3895.64 397.85
33 2006 4 41.3221 402.345 359.079 125.55 7.43447
1 2006 2 884.162 1570.33 2371.45 503.04 72.9809
33 2006 5 13.4211 80.5818 57.5863 21.8451 1.89569
1 2006 3 996.246 4926.9 9045.19 2202.29 100.997
23 2006 1 1203.68 11504.5 19144.2 3783.47 266.703
33 2006 6 56.2305 833.717 429.124 53.3662 0.272363
1 2006 4 71.7448 353.624 364.538 133.019 12.804
23 2006 2 788.192 1684.73 2441.77 399.692 68.576
33 2006 7 7089.09 13623.1 978.394 12.0149 6.00833
1 2006 5 8.26473 88.4576 61.1193 16.4997 0.98868
23 2006 3 1436.12 4815.97 8513.52 2330.81 86.67
33 2006 8 0 0 0 0 0
1 2006 6 62.6764 813.429 438.88 53.0295 4.69512
23 2006 4 72.1742 363.938 376.888 116.501 6.22877
33 2006 9 23.6958 128.197 24.722 1.7254 0
1 2006 7 8454.71 12224.4 942.081 83.6561 10.2042
23 2006 5 7.48089 50.6972 75.2092 38.5782 3.36452
1 2006 8 0 12.5926 5.79821 5.74713 0.862069
13 2006 1 1703.72 11051 18526.1 4304.76 372.215
23 2006 6 65.5391 781.392 500.536 25.2425 0
1 2006 9 9.95538 126.687 38.1833 3.51416 0
13 2006 2 1063.81 1546.59 2426.53 281.438 89.843
23 2006 7 8505.17 12190.3 967.439 37.1866 7.71197
13 2006 3 1530.9 4652.77 8913.26 2019.6 105.977
23 2006 8 0 25 0 0 0
13 2006 4 66.0204 354.821 364.936 133.699 16.2538
23 2006 9 19.9899 116.035 40.0292 2.28606 0
13 2006 5 11.5787 82.6551 63.1579 16.2123 1.72596
13 2006 6 65.442 850.151 427.256 29.5478 0.313488
13 2006 7 8101.37 12536.4 979.75 49.6253 8.02355
13 2006 8 0.531915 9.71631 11.6748 3.07692 0
13 2006 9 30.4361 106.547 38.0754 3.28145 0
90 2006 1 1303.05 10298.2 20096.1 3754.97 404.318
90 2006 2 996.91 1831.41 2005.71 432.082 105.089
90 2006 3 975.716 5062.56 8887.91 2042.68 126.618
90 2006 4 86.5224 430.284 332.465 75.9964 7.78885
90 2006 5 14.0825 66.1277 63.6096 28.5558 2.9544
90 2006 6 47.0158 772.097 520.683 29.6924 3.22176
80 2006 1 2778.91 10903.5 18862.8 3219.8 213.758
90 2006 7 8111 12706.1 771.947 69.4568 11.4898
80 2006 2 1098.12 1454.09 2285.31 542.318 24.9291
90 2006 8 0 0 7.14286 12.5 5.35714
80 2006 3 1449.32 4699.98 8904.73 2095.68 65.9222
90 2006 9 24.5859 120.318 29.0965 4.33917 0
80 2006 4 103.057 406.85 321.718 97.3046 6.79978
80 2006 5 4.40733 90.3675 68.1733 12.232 0.149855
80 2006 6 62.3667 832.967 407.351 69.1616 0.862873
70 2006 1 1546.59 11017.1 18667.9 4423.56 261.619
80 2006 7 7865.28 12564.8 1163.05 118.866 6.3563
70 2006 2 1075.38 1700.97 2154.29 430.822 43.3561
80 2006 8 0 4.71698 13.3896 6.45482 0.438596
70 2006 3 973.032 5268.61 9059.26 1789.04 134.46
80 2006 9 15.3183 126.694 36.1037 0.158976 0.0646159
70 2006 4 57.5885 421.779 359.362 91.2974 5.70384
70 2006 5 9.70676 107.625 53.3507 3.93983 0.707693
70 2006 6 51.2696 795.828 488.794 36.1659 0.651581
60 2006 1 1606.27 10418 20000.6 3533.78 328.577
70 2006 7 8098.13 12650.1 917.136 45.4568 2.24241
60 2006 2 812.084 1581.79 2537.37 333.982 118.44
70 2006 8 0 18.75 6.25 0 0
60 2006 3 698.599 5723.09 8710.92 1848.93 188.631
70 2006 9 31.3309 92.0039 52.2894 2.71577 0
60 2006 4 68.5763 393.898 359.667 103.666 8.57237
60 2006 5 7.39027 68.1828 75.5391 20.4918 3.72603
60 2006 6 45.9163 717.785 587.944 19.5494 1.51507
50 2006 1 948.081 11324.4 19245.8 4015.08 408.477
36 2006 1 1508.21 10061.6 20277.4 3768.03 275.129
60 2006 7 8149.36 12406.1 1019.4 51.0739 11.7085
50 2006 2 792.892 1704.93 2242.98 590.81 24.5343
36 2006 2 886.101 1088.64 2886.16 505.291 29.8038
60 2006 8 0 25 0 0 0
50 2006 3 510.238 5291.07 8941.89 2241.41 173.096
36 2006 3 1350.11 4718.92 9386.72 1668.98 108.87
60 2006 9 26.0727 105.473 44.6574 2.13699 0
50 2006 4 85.0685 420.853 323.129 96.6691 10.01
4 2006 1 1248.09 11001.7 19373 3877.18 366.442
36 2006 4 79.9466 385.917 360.376 100.961 5.56373
50 2006 5 11.3892 87.5938 51.1258 20.7268 4.49439
4 2006 2 935.829 1864.86 2137.95 424.725 7.51379
36 2006 5 1.74203 74.3861 88.6227 8.60387 1.9753
50 2006 6 88.8782 810.213 410.395 53.5784 9.64527
4 2006 3 1072.72 5507.21 8411.91 2102.98 62.279
26 2006 1 1431.24 11522.1 18699 3997.23 336.433
36 2006 6 83.1463 732.579 501.912 48.7191 6.35445
50 2006 7 7924.86 12726.4 953.201 66.9862 9.15639
4 2006 4 73.814 418.456 340.399 94.7218 8.33882
26 2006 2 921.503 1725.92 2241.52 465.294 38.3575
36 2006 7 8139.45 12455.8 1065.22 27.4339 5.23298
50 2006 8 0 1.1194 11.4299 7.27826 5.17241
4 2006 5 10.482 84.2883 64.8545 15.5004 0.204869
26 2006 3 1318.3 4786.59 9063.73 1874.02 152.474
36 2006 8 0 8.0303 13.0303 3.93939 0
50 2006 9 14.0543 109.879 51.6045 2.8019 0
4 2006 6 62.6373 768.576 519.217 21.3702 0.90922
26 2006 4 67.7979 384.631 349.369 123.489 10.4436
36 2006 9 31.257 109.393 37.5022 0.187927 0
4 2006 7 8332.57 12274.7 992.332 62.6404 11.1999
26 2006 5 2.25804 67.9527 66.8089 29.0554 1.46254
4 2006 8 0 0 0 0 0
16 2006 1 1449.48 11129.2 19474.8 3478.33 345.45
26 2006 6 78.1941 760.686 487.067 38.6192 8.14319
4 2006 9 13.5645 127.694 34.6131 2.39923 0.0687642
16 2006 2 829.599 1558.61 2443.04 499.148 65.3264
26 2006 7 8196.98 12472.6 958.337 48.5099 12.0038
16 2006 3 1351.98 4744.54 8706.67 2214.22 120.432
26 2006 8 0 15.4412 7.72059 1.83824 0
16 2006 4 38.2837 410.145 376.521 95.9699 9.93599
26 2006 9 23.1992 106.424 42.1141 6.6023 0
16 2006 5 5.26191 76.5242 59.528 33.8867 0.129257
16 2006 6 62.8499 668.836 581.316 49.7407 9.96724
16 2006 7 7997.53 12669.8 935.878 67.7755 8.83916
16 2006 8 0 7.53968 15.4762 1.98413 0
16 2006 9 35.346 111.843 28.506 2.64492 0
93 2006 1 1132.59 11325.7 19085.4 4165.98 306.847
93 2006 2 724.965 1503.25 2765.98 369.492 44.5392
93 2006 3 1194.76 5196.35 8736.13 2020.31 94.1412
93 2006 4 68.458 393.182 362.155 99.9111 10.7699
93 2006 5 9.96253 82.6431 67.0489 14.8365 0.838937
93 2006 6 98.1921 752.615 483.956 35.7605 2.18637
83 2006 1 1184.4 11536.2 18799.2 4081.52 325.99
93 2006 7 8143.8 12320.8 1155.67 66.3346 6.88466
83 2006 2 617.873 1843.57 2438.7 451.515 30.2144
93 2006 8 1.21951 6.40244 7.78503 6.10465 3.48837
83 2006 3 905.785 5122.82 9091.21 2051.54 58.7836
93 2006 9 21.7084 124.379 30.0917 2.16127 0
83 2006 4 74.2779 399.737 343.092 110.939 7.68374
83 2006 5 16.6525 78.7338 53.916 23.2452 2.78261
83 2006 6 80.3519 851.837 394.274 35.6904 10.5567
73 2006 1 1351.02 12305.5 18392.2 3558.37 379.375
83 2006 7 7441.75 12894.3 1286.24 65.3415 14.6648
73 2006 2 920.065 1737.68 2193.7 477.059 69.0627
83 2006 8 0 17.7484 4.61762 1.95569 0.678295
73 2006 3 1154.87 4831.9 8929.6 2236.47 137.43
83 2006 9 7.02428 110.717 53.9382 6.58996 0.0701574
73 2006 4 86.1231 400.859 348.111 93.9518 6.68552
73 2006 5 15.5831 61.0683 78.9917 19.1459 0.540919
73 2006 6 68.3622 782.695 478.359 40.3796 2.91446
63 2006 1 1260.93 11180.3 19153.6 4062.59 238.809
73 2006 7 7302.53 13263.3 1039.52 88.8863 14.6579
63 2006 2 807.618 1883.07 2235.92 401.405 62.5852
73 2006 8 1.42857 20.7143 2.85714 0 0
63 2006 3 995.511 6133.39 8086.85 1803.78 192.113
73 2006 9 31.5871 97.6358 47.1856 1.9315 0
63 2006 4 78.9679 409.777 324.708 115.052 6.08005
63 2006 5 5.86096 70.8939 89.3263 5.95751 0.889548
63 2006 6 34.2403 840.69 479.787 17.5613 0.4315
53 2006 1 1272.01 11357.2 19798 3278.54 253.004
39 2006 1 985.53 11796.3 19618 3267.22 298.302
63 2006 7 7455.05 13192.6 943.399 54.0172 23.2862
53 2006 2 841.36 1494.68 2649.68 325.277 77.7389
39 2006 2 669.693 1589.8 2613.11 415.611 84.989
63 2006 8 0 25 0 0 0
53 2006 3 1032.01 5140.19 8650.5 2276.31 120.454
39 2006 3 810.863 5184.93 9002.96 2092.9 149.699
63 2006 9 20.8811 110.941 44.3833 2.13415 0
53 2006 4 87.4035 368.456 363.574 108.007 8.28948
7 2006 1 1222.79 11429.8 19698.9 3346.99 180.753
39 2006 4 61.8574 363.452 385.765 112.184 12.472
53 2006 5 20.2245 75.6022 73.0266 6.47674 0
7 2006 2 996.123 1786.37 2196.56 323.804 74.1118
39 2006 5 14.5156 82.5508 59.2408 16.984 2.03872
53 2006 6 74.211 824.827 444.789 24.5021 4.38097
7 2006 3 932.95 5165.98 8941.9 1976.46 153.656
29 2006 1 2197.75 10843.9 18226.3 4038.19 561.315
39 2006 6 45.9188 681.16 587.139 36.3575 22.1341
53 2006 7 8250.55 12282 1151.16 19.4123 1.50645
7 2006 4 72.8141 378.03 381.887 91.9619 7.27384
29 2006 2 905.526 1819.65 2235.98 351.528 49.2719
39 2006 7 7935.3 12612.7 1044.09 82.0359 13.5662
53 2006 8 0 25 0 0 0
7 2006 5 6.27428 69.2413 87.3891 12.191 0.234347
29 2006 3 1171.58 5032.64 8607.56 2310.91 77.7777
39 2006 8 2.03125 12.0312 10.9375 0 0
53 2006 9 9.3047 126.684 36.8262 5.52541 0
29 2006 4 87.4398 377.63 346.742 112.069 11.8485
39 2006 9 24.6258 106.414 46.7223 0.577849 0
7 2006 6 60.9468 806.11 469.389 30.5774 5.68701
29 2006 5 14.7858 70.5349 59.8076 23.1595 7.04217
7 2006 7 8493.74 11975.7 1136.26 52.5167 10.4077
19 2006 1 2185.26 11152.8 18820.9 3716.99 110.971
29 2006 6 62.8734 735.782 519.781 47.5518 6.72207
7 2006 8 0 0 0 0 0
19 2006 2 841.61 1703.51 2412.86 382.026 49.1876
29 2006 7 7642.49 12992.8 946.246 90.7632 18.6831
7 2006 9 28.1329 113.417 34.3382 2.45163 0
19 2006 3 1057.52 5158.99 9126.03 1803.55 95.3971
29 2006 8 0 2.08333 18.4028 4.51389 0
19 2006 4 48.9681 397.209 354.957 120.752 12.0555
29 2006 9 18.8779 107.152 43.8776 8.43273 0
19 2006 5 18.1196 75.1295 72.1713 8.70854 1.20114
19 2006 6 62.8641 750.281 524.022 30.5218 5.02141
19 2006 7 8337.07 12352.4 911.208 77.7119 4.75025
19 2006 8 0 25 0 0 0
19 2006 9 7.26741 129.241 38.7681 3.06335 0
96 2006 1 1429.15 10797 19231.1 4116.07 289.607
96 2006 2 985.667 1669.08 2280.76 409.8 47.8727
96 2006 3 1581.59 3662.34 9459.39 2397.25 64.7618
96 2006 4 85.1624 402.202 350.076 92.3982 4.55966
96 2006 5 14.9664 67.5312 69.7233 19.8974 3.21172
96 2006 6 57.1101 806.077 457.194 45.1092 7.21928
86 2006 1 1779.73 11623.7 18771.2 3356.7 322.98
96 2006 7 8356.55 12247.7 1016.12 66.5842 12.8227
86 2006 2 1041.47 1653.41 2238.15 417.299 54.3393
96 2006 8 0 0 25 0 0
86 2006 3 1110.7 5050.03 9064.62 1792.31 152.509
96 2006 9 34.1374 97.7881 43.6486 2.76581 0
86 2006 4 69.8551 398.539 349.995 102.045 9.21092
86 2006 5 15.3234 61.4442 85.7204 12.7718 0.070132
86 2006 6 47.3656 840.947 464.252 18.3404 1.80508
76 2006 1 1829.11 10306.2 19778.3 3588.51 381.844
86 2006 7 8526.63 12056.8 1018.26 54.6177 8.31939
76 2006 2 882.067 1625.95 2382.49 450.911 47.2607
86 2006 8 0 11.9767 7.5969 4.47398 0.952381
76 2006 3 1250.84 5130.91 9076.44 1655.36 107.326
86 2006 9 32.7219 103.362 40.7623 1.49429 0
76 2006 4 60.5524 346.522 378.205 136.544 13.9072
76 2006 5 3.61335 78.1773 67.4719 25.1293 0.93822
76 2006 6 55.8064 761.562 519.53 35.8114 0
66 2006 1 1508.81 10478.4 19705.4 3723.08 427.767
76 2006 7 7915.94 12865.6 820.53 93.0449 5.95651
66 2006 2 885.349 1650.3 2258.83 553.151 36.3874
76 2006 8 1.36364 17.2727 6.36364 0 0
66 2006 3 1045.87 5485.1 8823.66 1647.22 110.671
76 2006 9 28.513 113.498 35.2299 0.850621 0.248154
66 2006 4 65.0462 385.144 366.439 107.325 11.7755
66 2006 5 23.0778 64.6291 52.7069 33.306 1.61017
66 2006 6 35.9974 847.087 438.997 47.2486 3.38006
56 2006 1 1249.39 10569.4 19582.1 4158.29 324.198
66 2006 7 8404.14 12132.1 1055.53 85.791 22.3284
56 2006 2 975.846 1661.93 2442.95 230.95 58.0725
66 2006 8 0 12.5 9.16667 3.33333 0
56 2006 3 1168.09 4750.58 9194.05 1992.36 78.7209
66 2006 9 31.3175 97.0215 47.7373 2.26369 0
56 2006 4 69.7063 367.333 365.546 122.857 10.2882
56 2006 5 4.89971 69.8151 82.8987 16.2431 1.47336
56 2006 6 62.6137 836.755 388.262 75.9459 9.13352
46 2006 1 1153.76 10579.7 20008.6 3879.07 261.488
56 2006 7 8137.03 12389 1106.05 65.7183 4.90645
46 2006 2 882.453 1674.27 2270.85 527.881 22.0394
56 2006 8 0 0 5.12821 12.1795 7.69231
46 2006 3 1311.48 5037.52 8535.35 2243.71 71.1514
56 2006 9 33.5318 109.351 34.3499 1.10726 0
46 2006 4 69.7854 387.025 362.669 109.281 6.96859
46 2006 5 11.4208 103.294 47.7751 12.0295 0.810335
46 2006 6 44.6697 809.786 427.717 87.8409 2.69632
46 2006 7 8234.91 12690.2 729.545 44.8036 7.48094
46 2006 8 0 25 0 0 0
46 2006 9 12.7654 134.033 26.0867 5.45502 0
89 2006 1 2534.67 10538.8 18872.6 3872.85 177.693
89 2006 2 1030.99 1533.15 2490.47 308.73 41.6816
89 2006 3 1230.02 4984.78 8594.09 2305.55 167.941
89 2006 4 87.4686 409.847 330.771 99.7961 7.84771
89 2006 5 10.6064 64.2501 81.8747 16.9094 1.68936
89 2006 6 60.2057 777.311 501.582 23.087 10.5247
79 2006 1 1974.4 9598.25 20341.2 3750.99 235.534
89 2006 7 8333.55 12452.3 872.13 33.8597 8.45519
79 2006 2 788.403 1682.23 2215.3 693.307 13.4043
89 2006 8 0 25 0 0 0
79 2006 3 1091.45 4156.21 9519.44 2363.39 37.3772
89 2006 9 17.8479 104.257 54.5731 1.66216 0
79 2006 4 90.8122 362.246 355.229 123.28 4.16224
79 2006 5 6.75046 109.85 42.5171 15.3669 0.84554
79 2006 6 59.2429 787.452 468.929 56.5245 0.56178
69 2006 1 2455.47 10856.8 18729.2 3640.08 194.437
79 2006 7 7724.65 12730.3 1174.28 60.849 6.06492
69 2006 2 870.986 1580.67 2436.12 440.507 33.3205
79 2006 8 0 0 25 0 0
69 2006 3 997.29 5037 8887.2 2148.03 112.038
79 2006 9 7.41452 126.258 41.7931 2.87424 0
69 2006 4 93.4645 353.358 375.962 104.093 8.85141
69 2006 5 18.0878 70.9265 63.3632 18.0324 1.54846
69 2006 6 85.8294 793.556 463.017 24.103 6.20451
59 2006 1 1274.29 11644.2 18729.6 3996.8 273.329
69 2006 7 8849.69 11703 1029.79 99.9158 4.2216
59 2006 2 957.859 1830.88 2277.16 274.883 44.7394
69 2006 8 0 25 0 0 0
59 2006 3 1017.09 5208.13 9136.57 1787.79 91.1633
69 2006 9 32.9763 103.126 38.2511 3.98691 0
59 2006 4 79.7571 425.388 344.963 77.1174 8.50462
59 2006 5 7.5726 87.5862 61.6089 17.6003 0.962057
59 2006 6 92.6412 642.116 603.034 29.3673 5.55182
49 2006 1 1067.86 10807.9 20017.2 3729.35 241.962
59 2006 7 8223.89 11993.5 1433.25 40.2124 6.45125
49 2006 2 959.042 1706.81 2307.94 366.499 44.072
59 2006 8 0 0 5.20833 16.1458 3.64583
49 2006 3 1595.03 4035.39 9126.49 2195.84 199.582
59 2006 9 20.8954 116.272 37.7584 3.2757 0.138272
49 2006 4 74.7302 339.317 377.383 128.706 15.5933
49 2006 5 2.04931 88.4666 60.6817 20.7369 3.39546
49 2006 6 57.5114 790.674 470.133 52.4214 1.9704
49 2006 7 7999.1 12407 1224.65 59.4287 6.62084
49 2006 8 0 0 6.25 15.625 3.125
49 2006 9 17.9056 108.007 52.2279 0.199188 0
99 2006 1 2247.71 10583.4 18183.6 4600.44 214.463
99 2006 2 921.813 1408.39 2406.62 571.589 73.5889
99 2006 3 1720.78 4096.08 9091.85 2036.19 205.427
99 2006 4 62.0601 409.464 350.338 105.063 5.81915
99 2006 5 17.8132 87.2077 59.5842 9.90551 0.81944
99 2006 6 73.4521 717.376 507.084 62.8926 11.9049
99 2006 7 7814.39 12417.2 1414.11 44.1557 6.61696
99 2006 8 0 16.6667 8.33333 0 0
99 2006 9 18.869 138.406 19.0803 1.72822 0.255955
3 2006 1 1292.5 11336.3 18834.1 4146.1 363.38
3 2006 2 862.261 1750.79 2176.95 564.198 37.5636
3 2006 3 551.032 4961.7 9550.88 2081.89 115.848
3 2006 4 59.9539 432.921 350.566 84.0951 6.9122
3 2006 5 8.31066 78.5397 65.9906 18.4256 4.06347
3 2006 6 54.624 784.641 514.598 18.8468 0
3 2006 7 8080.16 12351.6 1203.54 52.7486 11.0438
3 2006 8 0 0 0 0 0
3 2006 9 31.6217 127.131 19.3368 0.25083 0
62 2006 1 1235.24 9901.58 20679.7 3897.6 217.463
62 2006 2 919.668 1871.98 2234.98 313.079 12.6236
62 2006 3 787.084 5351.28 8930.46 1987.78 61.8545
62 2006 4 56.0338 421.989 345.548 105.379 5.46897
62 2006 5 19.1324 91.272 39.2637 24.5922 1.06971
62 2006 6 53.042 754.072 514.84 49.6532 1.10307
52 2006 1 1903.32 9207.62 21276.2 3438.43 191.896
62 2006 7 7585.23 13002.3 1029.4 57.5528 2.98189
52 2006 2 923.687 1530.11 2474.92 412.605 60.1783
62 2006 8 0 25 0 0 0
52 2006 3 996.998 4814.64 9098.15 2214.9 139.725
62 2006 9 13.3884 136.387 24.2841 4.14563 0.135106
52 2006 4 61.0399 373.44 382.883 108.293 5.06359
6 2006 1 1254.8 10756.8 19610.8 3832.06 393.566
52 2006 5 15.4914 68.3226 68.7435 22.4514 0.320998
6 2006 2 859.776 1580.94 2355.67 528.804 51.347
52 2006 6 53.6783 819.615 459.332 37.8861 2.1986
6 2006 3 1086.7 4689.71 9245.73 2012.11 73.9378
42 2006 1 1178.08 11247.9 18958.7 4238.97 188.718
52 2006 7 7471.45 12907.9 1259.51 67.5555 11.957
6 2006 4 62.0345 386.89 346.602 127.881 12.3221
42 2006 2 867.643 1695.52 2319.67 437.949 19.1133
52 2006 8 0 19.4444 1.38889 3.57143 0.595238
6 2006 5 9.05503 63.258 66.8233 32.8158 3.37787
42 2006 3 791.157 5111.24 9232.77 1843.43 116.643
52 2006 9 14.6853 134.006 25.556 4.09283 0
6 2006 6 50.9568 693.094 571.379 48.943 8.33731
42 2006 4 88.7605 372.194 362.797 104.844 5.8475
6 2006 7 8439.24 12127 1020.38 80.4391 4.47548
42 2006 5 11.2874 86.3759 58.7545 15.4574 3.45478
6 2006 8 0 0 25 0 0
32 2006 1 1667.59 12139.3 18308.5 3556.87 268.7
42 2006 6 44.5735 707.877 577.873 36.1036 6.2833
6 2006 9 24.0146 129.814 20.6794 3.49207 0.339695
32 2006 2 891.584 1541.86 2587.06 293.365 79.6299
42 2006 7 8177.22 12051.5 1381.13 77.3429 4.22057
32 2006 3 1361.12 4323 8822.8 2521.99 121.045
42 2006 8 0 4.50617 19.2593 1.23457 0
32 2006 4 87.4918 419.893 333.267 83.9681 11.11
42 2006 9 38.3857 87.788 47.9195 4.24675 0
32 2006 5 17.2751 73.3116 72.6284 11.6714 0.443438
22 2006 1 1830.88 10771.8 18876.9 4167.14 232.848
32 2006 6 67.8154 799.615 476.793 20.8579 7.62905
22 2006 2 931.61 1602.01 2427.18 343.098 82.3183
32 2006 7 8239.09 12311.6 1104.97 28.6396 1.15929
22 2006 3 1828.3 4373.82 9107.73 1780.43 111.259
32 2006 8 0.246711 8.11746 16.6358 0 0
22 2006 4 64.2866 403.308 354.366 107.673 6.09557
32 2006 9 18.7848 84.4132 74.2434 0.898671 0
22 2006 5 1.43452 75.6154 79.194 15.7351 3.35091
12 2006 1 2434.38 10391.2 18692.9 4052.44 413.088
22 2006 6 69.7793 718.264 530.997 48.9796 4.69013
12 2006 2 863.714 1442.44 2478.07 573.397 43.6958
22 2006 7 8343.08 12097 1152.15 76.7855 16.6686
12 2006 3 1190.2 4832.3 9206.67 2019.65 24.4249
22 2006 8 0 25 0 0 0
12 2006 4 73.4751 383.894 351.889 116.599 9.87279
22 2006 9 29.3227 98.4058 48.5915 2.02002 0
12 2006 5 13.9911 74.0325 71.273 15.5684 0.465002
12 2006 6 34.7727 737.303 568.723 28.3314 3.57976
12 2006 7 7975.16 12658.5 994.379 81.1517 7.50206
12 2006 8 0 7.58065 13.5484 3.87097 0
12 2006 9 17.5544 115.866 44.9198 0 0
55 2006 1 1373.95 10603.7 19436.4 4209.29 284.858
55 2006 2 942.548 1430.83 2532.55 461.615 31.0113
55 2006 3 1055.82 5341.69 8889.71 1837.2 68.9607
55 2006 4 70.134 368.214 380.542 106.176 6.70462
55 2006 5 6.21741 64.8038 71.323 24.0908 3.17771
55 2006 6 45.736 816.424 461.295 41.7495 7.50601
45 2006 1 2842.79 9782.59 19049 4025.77 298.589
55 2006 7 8292.1 12283.6 1044.6 70.2929 8.25317
45 2006 2 1125.2 1653.51 2157.48 411.532 51.2689
55 2006 8 0.872093 7.83459 11.1436 3.65516 1.49457
45 2006 3 1123.85 4886.35 9319.25 1859.1 83.152
55 2006 9 24.3656 110.282 39.1864 4.50593 0
45 2006 4 69.0222 360.707 368.724 128.757 8.52009
45 2006 5 15.5245 68.7638 78.2094 7.4318 0.661906
45 2006 6 50.1825 847.055 442.697 30.1857 2.58965
35 2006 1 1528.64 10696.2 19804.2 3735.6 235.834
45 2006 7 8375.7 12420.2 789.918 76.4717 11.9811
35 2006 2 927.053 1533.2 2418.14 507.839 21.9825
45 2006 8 0 12.5 2.5 8.88889 1.11111
35 2006 3 1657.18 4017.61 9107.36 2467.61 52.5756
45 2006 9 11.5058 127.608 34.57 4.6563 0
35 2006 4 71.077 388.847 363.729 108.843 3.23425
35 2006 5 17.7604 74.4446 61.9425 19.4442 1.73833
25 2006 1 2209.92 11474.3 18457.4 3450.24 371.561
35 2006 6 51.1025 808.047 491.451 21.358 0.750935
25 2006 2 1073.16 1439.5 2321.72 500.543 59.8857
35 2006 7 7925.14 12900 805.919 78.7624 3.7533
25 2006 3 1681.35 3922.68 9331.78 2206.7 126.683
35 2006 8 0 0 1.74419 23.2558 0
25 2006 4 71.4341 364.808 374.159 111.894 12.1101
35 2006 9 10.3289 123.934 36.7189 7.3586 0
25 2006 5 5.16525 92.4962 60.5585 16.2095 0.900615
15 2006 1 1653.38 10702 18873.5 4540.06 156.191
25 2006 6 77.2015 791.892 463.883 28.2619 11.4722
15 2006 2 1008.95 1657.44 2056.78 610.475 43.1456
25 2006 7 8771.48 11822.3 1028.67 41.005 11.8549
15 2006 3 1142.23 4776.87 8939.28 2258.04 108.401
25 2006 8 0.0925926 19.9074 2.41379 1.58046 1.00575
15 2006 4 66.5635 434.188 326.04 99.5171 9.4213
25 2006 9 20.232 107.702 47.1466 3.25978 0
15 2006 5 11.3868 79.6144 66.0654 17.8682 0.395147
15 2006 6 56.5792 740.55 540.103 35.3219 0.155446
15 2006 7 8420.94 12203.9 974.891 74.7243 19.7636
15 2006 8 0 3.57143 21.4286 0 0
15 2006 9 20.622 101.102 52.4942 4.12227 0
92 2006 1 1987.19 11033.6 19009.6 3647.24 221.447
92 2006 2 890.535 1636.46 2462.47 348.85 63.1204
92 2006 3 942.054 6025.05 7942.63 2221.46 55.4605
92 2006 4 71.7321 381.328 356.221 115.377 11.0717
92 2006 5 7.55098 54.4554 74.328 37.4727 1.52291
92 2006 6 59.5692 737.164 537.066 36.8272 2.08412
82 2006 1 1055.37 11872.4 18533.6 4083.2 297.923
92 2006 7 8325.71 12137.9 1198.47 29.946 11.4155
82 2006 2 874.101 1637.89 2380.98 404.542 71.9858
92 2006 8 0 2.71248 18.2925 3.99504 0
82 2006 3 1200.1 4383.55 9179.13 2174.82 135.895
92 2006 9 22.4116 122.183 32.7036 1.04161 0
82 2006 4 47.8365 418.728 361.098 96.7292 8.26545
82 2006 5 22.3401 55.9488 69.1641 26.2245 1.65242
82 2006 6 88.266 769.149 457.022 50.0371 8.23568
72 2006 1 1305.79 11875.2 19038.9 3351.15 372.131
58 2006 1 1447.98 10717.2 19671.4 3602.04 428.655
82 2006 7 7967.53 12501.7 1125.29 64.2569 15.351
72 2006 2 1101.74 1594.96 2237.43 407.742 36.0323
58 2006 2 958.791 1647.38 2430.76 255.6 48.407
82 2006 8 0 20.6349 3.37302 0.992063 0
72 2006 3 1604.71 4688.82 8783.51 2128.13 56.0399
58 2006 3 1256.1 5068.26 8457.27 2158.91 184.543
82 2006 9 32.9966 106.877 37.8428 0.623253 0
72 2006 4 88.4717 396.908 344.994 92.1163 7.30838
58 2006 4 87.8176 386.98 359.133 92.3452 9.45423
72 2006 5 13.8027 59.0782 65.4165 33.0675 3.96498
58 2006 5 10.3786 71.2089 70.4218 21.5181 1.80266
72 2006 6 69.5817 841.979 435.788 23.2907 2.0698
58 2006 6 64.6091 811.782 437.758 52.199 6.36168
48 2006 1 2262.4 10820.2 18410.8 4038.6 419.339
72 2006 7 8479.74 12178.1 965.989 82.1916 12.3495
58 2006 7 8370.05 11967.5 1241.87 97.757 17.9884
48 2006 2 763.11 1359.69 2845.3 346.408 74.4739
72 2006 8 2.45098 17.1569 5.39216 0 0
58 2006 8 0 25 0 0 0
48 2006 3 1055.08 5364.91 8394.47 2365.44 80.8901
72 2006 9 25.8192 127.16 23.3067 2.0538 0
58 2006 9 16.198 123.283 38.8591 0 0
48 2006 4 93.7832 417.543 321.695 94.4964 8.21233
48 2006 5 11.183 83.3736 61.0084 19.2364 0.528684
48 2006 6 56.8376 812.81 473.951 28.7106 0.400557
38 2006 1 1924.14 10965.4 18465.4 4299.6 261.394
48 2006 7 8033.79 12450.8 1123.15 70.2854 6.35739
38 2006 2 1013.4 1868.11 1999.12 511.75 15.8352
48 2006 8 0 2.06897 20.0862 2.84483 0
38 2006 3 1163.47 5030.41 8804.72 2134.14 98.8756
48 2006 9 6.48509 104.022 65.9877 1.8449 0
38 2006 4 70.8147 334.083 387.418 136.052 7.36223
38 2006 5 0.262208 73.8364 68.1746 28.1357 2.34277
28 2006 1 1204.33 10685.1 19646.4 4033 246.697
38 2006 6 53.4652 734.43 520.153 56.8894 7.77252
28 2006 2 962.851 1577.83 2165.43 612.561 49.0443
38 2006 7 8050.75 12584.5 958.463 51.4479 10.6097
28 2006 3 845.354 5554.6 8874.72 1796.03 103.592
38 2006 8 0 25 0 0 0
28 2006 4 74.0796 389.226 347.701 114.308 8.96869
38 2006 9 11.3479 112.061 46.6258 8.23544 0.0703511
28 2006 5 9.07826 64.6481 86.9862 14.6175 0
18 2006 1 1382.56 11316.7 19302.1 3657.37 348.032
28 2006 6 53.6633 780.003 479.194 56.2532 3.59634
18 2006 2 864.233 1586.2 2348.35 554.561 51.49
28 2006 7 8013.57 12593.8 1006.26 69.6613 9.62618
18 2006 3 1178.54 4851.02 8981 2133.05 118.951
28 2006 8 0 0 0 0 0
18 2006 4 67.6712 363.157 382.137 111.597 11.1688
28 2006 9 38.0219 75.3741 62.2794 2.46607 0.198523
18 2006 5 4.57511 94.185 59.619 13.704 3.24688
18 2006 6 57.7458 724.699 544.275 44.8681 1.12247
18 2006 7 8282.94 12444.1 889.149 88.4915 7.21924
18 2006 8 0 25 0 0 0
18 2006 9 49.5935 88.7705 37.7535 1.96023 0.262265
95 2006 1 1184.01 11767.8 18577.5 4067.47 260.212
95 2006 2 849.473 1787.02 2321.57 398.929 27.9739
95 2006 3 1307.48 4346.37 9757.42 1720.48 80.1508
95 2006 4 78.7905 403.395 365.49 84.4941 3.56059
95 2006 5 20.141 69.759 59.7113 25.0473 0.671477
95 2006 6 57.9769 766.105 511.351 34.0059 3.27114
85 2006 1 1896.47 9915.71 20282 3525.12 291.614
95 2006 7 7708.69 12835.2 1047.6 69.1907 18.2614
85 2006 2 792.418 1608.19 2473.64 429.165 90.6637
95 2006 8 0 0 0 0 0
85 2006 3 1312.1 5575.89 8014.55 2227.43 64.0772
95 2006 9 37.1758 110.049 29.599 1.51626 0
85 2006 4 52.3118 350.581 404.997 119.201 8.63848
85 2006 5 6.13396 83.1782 73.4615 11.355 1.20134
85 2006 6 35.6949 736.164 504.738 83.3957 12.7172
75 2006 1 1727.84 10771.1 18884.1 4310.58 156.125
85 2006 7 7635.93 12786 1179.95 68.6346 22.5566
75 2006 2 866.248 1492.84 2348.28 631.736 26.9185
85 2006 8 0 0 25 0 0
75 2006 3 1104.72 4863.44 9226.91 1803.14 122.355
85 2006 9 20.3382 114.877 41.0949 2.02964 0
75 2006 4 58.3235 365.231 386.907 121.847 3.42061
75 2006 5 12.1448 55.2003 71.3916 36.427 0.166268
75 2006 6 55.8163 742.395 540.853 33.0003 0.645172
65 2006 1 1251.57 11330.2 19534.5 3598.79 188.304
75 2006 7 8323.02 12327.6 950.096 67.2882 12.5153
65 2006 2 892.043 1645.22 2369.38 413.022 51.9659
75 2006 8 1.19048 9.3254 13.4425 1.04167 0
65 2006 3 1101.72 4625.11 9372.57 1846.26 153.095
75 2006 9 11.3241 113.888 50.7406 2.38739 0
65 2006 4 61.5728 362.702 389.058 113.183 9.21393
65 2006 5 26.5641 82.0343 56.9608 9.52303 0.247778
65 2006 6 42.5875 753.221 560.627 16.2747 0
65 2006 7 7739.4 12678.2 1220.7 28.9043 15.1304
65 2006 8 0 15.8511 5.8156 2.61905 0.714286
65 2006 9 32.6559 98.7944 45.4389 1.45076 0
9 2006 1 2029.62 10784.4 19384.8 3353.26 329.93
9 2006 2 1054 1551.06 2277.85 446.553 60.0982
9 2006 3 1471.66 5245.25 8417.13 1923.14 110.862
9 2006 4 95.4292 384.962 350.41 98.7078 6.22065
9 2006 5 1.83814 87.8168 73.5465 11.3066 0.821859
9 2006 6 66.5849 763.809 531.975 10.3412 0
9 2006 7 7897.71 12798.6 911.523 44.9314 19.161
9 2006 8 0 10.0746 10.4478 4.47761 0
9 2006 9 18.9148 132.697 25.2707 1.39148 0.0661744
98 2006 1 1666.22 10040.6 19256.3 4655.25 203.5
98 2006 2 827.614 1444.15 2570.34 503.651 24.7812
98 2006 3 1031.03 5137.63 8877.22 2025.43 89.0076
98 2006 4 83.6558 396.913 345.796 104.969 4.39636
98 2006 5 11.314 86.1695 57.5133 11.8172 1.00189
98 2006 6 50.8365 761.385 497.815 58.1044 4.56928
88 2006 1 1098.66 10952.3 19544.4 3950.52 261.511
98 2006 7 7982.06 12503.6 1093.33 83.7569 8.38646
88 2006 2 712.675 1670.35 2558.21 368.786 57.743
98 2006 8 0 0 0 0 0
88 2006 3 817.71 4997.54 9283.63 1912.53 99.3888
98 2006 9 34.3571 117.272 23.4298 3.28126 0
88 2006 4 72.6406 390.129 371.18 96.1784 4.3276
88 2006 5 27.1647 111.371 27.7949 8.68587 0.313027
88 2006 6 41.6963 766.856 511.446 51.566 1.14562
78 2006 1 926.541 11361.3 20414.4 2934.46 284.731
88 2006 7 8012.95 12512.1 1064.42 100.789 8.20377
78 2006 2 868.993 1947.79 2177.03 382.908 28.4884
88 2006 8 0 25 0 0 0
78 2006 3 935.677 4529.94 9521 2209.86 32.3656
88 2006 9 10.4296 130.674 32.022 5.14054 0.0736182
78 2006 4 51.5654 399.515 373.484 101.617 6.87077
78 2006 5 3.28314 95.1144 46.2578 28.3343 2.34031
78 2006 6 51.309 777.612 509.893 31.3248 2.57062
68 2006 1 975.748 12112 18582.4 3916.57 265.678
78 2006 7 8187.59 12300.9 1146.53 43.2208 10.7764
68 2006 2 968.525 1423.13 2407.48 544.886 38.8878
78 2006 8 0 0 0 0 0
68 2006 3 1167.84 4768.3 8961.51 2079.94 198.441
78 2006 9 13.7628 102.961 56.4748 5.14122 0
68 2006 4 70.8969 382.848 365.066 110.651 6.26819
68 2006 5 10.7039 54.2525 82.7723 24.9679 2.63334
68 2006 6 49.1247 788.525 484.744 45.0039 5.31292
68 2006 7 7889.89 12695.9 1037.99 58.5679 8.86526
68 2006 8 0 25 0 0 0
100 2006 1 1297.61 12032.3 18625.4 3447.51 338.902
68 2006 9 33.5064 97.8623 44.1172 2.85414 0
100 2006 2 831.817 1851.37 2064.58 580.908 36.2779
100 2006 3 1029.81 4727.44 8835.43 2391.81 123.928
100 2006 4 60.101 434.076 342.659 88.8627 7.67417
100 2006 5 7.56217 75.7207 66.0611 19.9981 1.49225
100 2006 6 66.0744 928.323 337.407 36.5792 4.32675
100 2006 7 7533.66 12819.9 1259.98 51.3999 8.87777
100 2006 8 0 0 25 0 0
100 2006 9 28.1761 112.976 35.5004 1.68732 0
21 2006 1 1291.63 11494.1 19452.6 3296.19 381.818
21 2006 2 940.705 1669.59 2280.54 416.25 79.2334
21 2006 3 1097.91 4553.42 9013.59 2445.95 108.789
21 2006 4 74.1644 379.802 361.187 111.077 9.50021
21 2006 5 32.2664 71.2965 59.8124 10.8869 1.06784
11 2006 1 1313.07 10252.4 20385.2 3715.9 321.702
21 2006 6 50.8638 851.972 419.723 47.4192 2.73204
11 2006 2 886.946 1679.14 2384.09 381.555 76.4886
21 2006 7 8408.18 12210 1018.06 45.6873 10.3077
11 2006 3 1210.75 4860.87 9099.29 2063.9 24.3793
21 2006 8 0 25 0 0 0
11 2006 4 91.3658 345.857 381.274 110.001 7.23291
21 2006 9 33.5777 107.181 36.8046 0.777165 0
11 2006 5 9.28785 70.9022 78.3012 16.0136 0.825086
11 2006 6 88.2905 799.527 475.523 9.36929 0
11 2006 7 7277.24 13393.1 969.304 73.6738 1.68986
11 2006 8 0 10 15 0 0
11 2006 9 34.8682 111.182 31.3787 0.91076 0
2 2006 1 1733.16 9485.61 20359 3908.37 469.302
2 2006 2 912.556 1666.23 2205.55 527.13 76.527
2 2006 3 738.908 5601.56 8781.68 1905.25 188.108
24 2006 1 1260.44 9877.01 20658.1 3699.79 438.388
2 2006 4 68.9596 389.311 366.528 102.179 8.75212
24 2006 2 1069.49 1434.47 2450.47 371.453 65.8926
2 2006 5 16.5498 88.3364 59.601 9.74276 1.10011
24 2006 3 1191.65 4835.31 9033.47 1987.19 178.985
2 2006 6 52.6232 733.083 535.177 42.1021 9.72432
24 2006 4 68.7503 409.211 358.442 88.4699 10.8565
2 2006 7 7953.3 12491.4 1181.69 78.4622 13.4779
24 2006 5 11.8111 87.0118 60.3969 8.9272 0.807405
2 2006 8 0 14.7436 10.2564 0 0
14 2006 1 1805.4 10193.9 18987.9 4274.85 479.865
24 2006 6 78.6715 810.806 439.786 42.852 0.594247
2 2006 9 53.4903 105.196 18.0553 1.59827 0
14 2006 2 906.829 1881.92 2117.47 410.004 20.6306
24 2006 7 8041.1 12555.4 1041.9 44.4557 5.43322
14 2006 3 1176.52 4566.62 9011.87 2156.88 137.338
24 2006 8 0.694444 18.0556 6.25 0 0
14 2006 4 80.7902 404.845 338.075 99.6305 9.16232
24 2006 9 19.4641 135.141 21.7857 1.58651 0.36248
14 2006 5 20.2981 73.6279 57.7324 22.1912 1.48042
14 2006 6 35.586 797.796 455.478 82.3338 1.51581
14 2006 7 8586.24 12118.7 867.138 81.2299 17.9479
14 2006 8 0 25 0 0 0
14 2006 9 4.99352 145.095 27.4321 0.745098 0.0743083
81 2006 1 1129.08 13063.3 18042.1 3436.22 269.269
81 2006 2 908.924 1679.04 2244.49 455.556 90.6432
81 2006 3 905.617 4812.27 9042.14 2351.24 98.6766
81 2006 4 63.8454 408.447 347.808 103.455 7.31329
81 2006 5 7.6307 95.7591 57.9036 10.6552 3.38138
81 2006 6 66.7357 767.907 515.073 22.9944 0
71 2006 1 1137.7 11850.8 18755.4 3884.63 288.95
81 2006 7 8318.45 12232 1109.36 36.4898 15.4843
71 2006 2 867.892 1739.26 2290.12 421.153 66.4103
81 2006 8 0 12.5 12.5 0 0
71 2006 3 1120.65 5729.41 8219.07 2106.79 48.9167
81 2006 9 5.0462 127.728 44.7496 0.816285 0
71 2006 4 102.36 409.39 319.263 94.105 4.77277
71 2006 5 16.5295 98.8504 49.5659 10.2957 0.0885505
71 2006 6 80.9976 841.113 426.814 23.7854 0
61 2006 1 1384.53 11810 18646.2 3870.91 281.046
71 2006 7 8072.56 12475 1083.46 67.7804 10.8848
61 2006 2 916.646 1704.64 2350.29 368.319 57.6443
71 2006 8 0 0 0 0 0
61 2006 3 1217.31 4442.78 8947.42 2555.34 89.1409
71 2006 9 28.6948 120.665 28.1817 0.798094 0
61 2006 4 70.4995 369.42 334.894 149.364 11.5524
61 2006 5 14.919 79.2072 55.167 23.7659 2.27088
61 2006 6 61.6475 698.447 562.058 42.0468 3.06408
51 2006 1 1803.9 11307.4 18524.4 4049.43 352.179
61 2006 7 7821.8 12837.7 971.998 55.9591 6.37931
51 2006 2 822.431 1593.96 2572.04 399.342 20.4439
61 2006 8 0 3.68852 12.8257 7.59294 0.892857
51 2006 3 1538.4 5045.7 8505.55 2112.7 103.162
61 2006 9 17.0131 116.168 36.6776 8.08692 0.394289
51 2006 4 65.051 396.608 366.869 98.4826 8.72021
5 2006 1 1625.21 9189 21075.1 3840.01 260.865
51 2006 5 13.2851 80.1546 56.7529 22.4272 2.71011
5 2006 2 714.95 1847.37 2404.3 380.938 52.5955
51 2006 6 59.8744 761.831 532.175 14.9742 3.85538
5 2006 3 1296.07 4949.75 8729.71 2123.46 160.735
41 2006 1 1392.52 11012.4 19229 3963.19 346.072
51 2006 7 8065.25 12631.9 961.175 55.361 4.65833
5 2006 4 58.1268 356.071 388.915 121.592 11.0256
41 2006 2 943 1752.9 2292.98 365.334 47.1083
51 2006 8 0 10.5324 12.8472 1.62037 0
5 2006 5 19.069 68.4198 66.0329 18.332 3.47637
41 2006 3 906.107 5234.52 8902.91 1976.71 166.152
51 2006 9 25.6702 96.8013 53.8771 1.99141 0
5 2006 6 51.6813 815.129 468.572 36.1391 1.1886
41 2006 4 69.97 375.066 370.361 107.172 13.1612
5 2006 7 7647.91 12937.5 1104.06 21.445 7.46616
41 2006 5 4.89616 70.0657 83.1813 16.0243 1.16258
5 2006 8 0 16.6667 2.08333 5.20833 1.04167
17 2006 1 1342.14 11972.2 18437.9 3826.63 378.099
31 2006 1 977.048 12139.2 18430 4035.44 349.049
41 2006 6 55.8336 786.625 511.308 18.9428 0
5 2006 9 24.0148 111.464 40.6223 2.23885 0
17 2006 2 825.332 1811.54 2456.88 267.089 40.9055
31 2006 2 755.689 1784.9 2301.58 510.302 44.5269
41 2006 7 8742.56 11923.1 936.234 71.4352 7.44523
17 2006 3 840.224 4903.87 9198.46 2114.93 118.762
31 2006 3 1104.86 5741.43 8311.8 1950.83 122.769
41 2006 8 0 18.75 6.25 0 0
17 2006 4 81.3827 397.222 344.316 100.842 8.73439
31 2006 4 82.1648 395.574 352.174 96.319 8.25184
41 2006 9 13.2269 129.131 30.6238 5.35878 0
17 2006 5 7.37188 89.3138 48.7222 29.9221 0
31 2006 5 5.76638 87.4701 70.5866 10.9833 0.523689
17 2006 6 45.1986 841.935 464.094 9.23234 12.2506
31 2006 6 34.5864 815.827 467.621 49.6371 5.03867
17 2006 7 7972.85 12418.4 1162.55 104.059 19.1135
31 2006 7 8278.24 12389.2 960.616 45.7762 8.97589
17 2006 8 0.172414 6.25459 17.7219 0.851064 0
31 2006 8 0 25 0 0 0
17 2006 9 24.1221 133.683 20.3885 0.0669947 0.0794742
31 2006 9 25.0462 115.246 37.5799 0.46771 0
