87 2004 7 5352.19 13082.1 2472.59 162.849 31.5589
87 2004 8 59.3085 316.388 69.4559 30.6963 1.41362
87 2004 9 66.9774 904.174 405.443 66.0425 2.38249
40 2004 1 426.433 2511.27 7242.04 1906.06 205.308
40 2004 2 223.535 423.98 1200.68 173.862 62.4342
40 2004 3 526.904 2635.45 4561.14 1610.51 110.647
40 2004 4 171.674 1078.98 1014.75 244.296 20.7368
40 2004 5 165.934 886.017 413.617 98.0717 9.57038
30 2004 1 293.009 2455.75 7440.16 1926.49 182.775
40 2004 6 86.2092 1640.82 993.759 115.724 7.60471
30 2004 2 191.258 350.753 1156.77 337.485 41.8783
40 2004 7 5338.62 13618 2011.81 194.487 5.76919
30 2004 3 452.412 2706.88 4599.22 1584.1 117.315
40 2004 8 82.2128 315.266 97.0013 8.22703 0.352777
30 2004 4 153.755 1160.83 1019.08 184.101 12.6707
40 2004 9 92.345 974.574 338.401 36.8466 2.85421
30 2004 5 125.265 891.009 409.293 127.508 5.99449
20 2004 1 377.98 2726.92 7116.53 1928.22 175.647
30 2004 6 116.506 1598.65 1057.13 53.8603 17.9759
20 2004 2 225.846 459.483 1067.48 279.083 53.2732
30 2004 7 5336.79 13399.1 2252.08 145.78 17.6879
20 2004 3 450.608 2726.27 4643.72 1545.93 88.6262
30 2004 8 76.4542 323.084 80.6068 15.8738 1.19203
20 2004 4 198.058 1175.09 951.962 199.333 5.99472
30 2004 9 98.9677 918.291 380.163 46.042 1.55556
20 2004 5 234.257 714.45 504.726 115.797 3.98038
10 2004 1 481.789 2418.45 7479.9 1846.4 136.578
20 2004 6 84.4949 1703.9 973.347 74.2811 5.60848
10 2004 2 244.207 527.96 922.504 336.671 60.608
20 2004 7 5379.97 13451.6 2133.89 166.537 9.1571
10 2004 3 583.031 2363.07 4753.67 1636.18 126.613
20 2004 8 70.0399 294.087 125.218 9.34116 0
10 2004 4 216.071 1174.85 962.32 163.613 13.5812
20 2004 9 103.445 880.364 393.764 66.364 1.08322
10 2004 5 202.128 837.042 430.738 98.7002 4.60185
10 2004 6 77.9809 1636.72 1036.81 83.5238 9.08088
10 2004 7 5443.69 13370.2 2184.59 157.712 5.66509
10 2004 8 97.917 303.215 69.5115 26.2916 6.12492
10 2004 9 107.773 761.462 477.892 93.7936 4.09934
43 2004 1 387.136 2479.75 7265.79 1948.8 195.025
43 2004 2 275.774 426.069 1081.25 250.143 33.6781
43 2004 3 501.6 2629.19 4527.46 1579.93 160.049
43 2004 4 191.853 1170.4 971.778 181.293 15.1155
43 2004 5 130.606 892.145 385.265 153.95 5.92842
43 2004 6 127.088 1817.2 854.999 41.484 3.34957
33 2004 1 480.06 2673.51 7201.75 1741.77 225.384
43 2004 7 5521.71 12901.3 2559.44 142.829 7.62528
33 2004 2 228.421 313.161 1228.28 222.866 99.2254
43 2004 8 64.1339 283.464 108.406 16.6705 0.202698
33 2004 3 678.548 2432.52 4711.52 1557.26 84.4474
43 2004 9 103.824 892.523 365.773 72.4641 10.4356
1 2004 1 370.001 2759.48 7104.3 1896.79 230.142
33 2004 4 190.833 1188.25 941.641 190.326 19.3862
1 2004 2 192.365 366.28 1199.9 282.036 51.3708
33 2004 5 208.759 687.686 493.329 159.051 17.439
1 2004 3 429.403 2532.08 4558.6 1852.9 81.2663
23 2004 1 365.52 2774.09 7095.22 1921.83 186.692
33 2004 6 94.8855 1649.73 978.871 110.792 9.84658
1 2004 4 171.121 1090.73 1031.02 221.302 16.2719
23 2004 2 257.495 427.982 1115.19 266.526 24.7566
33 2004 7 5335.45 13557.5 2027.99 179.065 25.9247
1 2004 5 157.344 839.201 480.544 88.8763 7.24513
23 2004 3 500.608 2613.78 4695.63 1580.53 87.4242
33 2004 8 80.0079 321.334 95.6567 6.06159 0
1 2004 6 123.691 1684.42 922.412 98.8521 14.7473
23 2004 4 137.921 1112.88 1032.57 237.799 9.26951
33 2004 9 118.389 875.307 385.674 63.8903 1.75885
1 2004 7 5465.31 13366.1 2145.4 181.744 12.5144
23 2004 5 164.181 792.503 496.672 109.612 4.94516
1 2004 8 101.532 261.839 124.846 13.3678 1.47449
13 2004 1 303.741 2547.1 7360.3 1993.68 118.625
23 2004 6 85.533 1716.82 991.745 38.0455 11.976
1 2004 9 93.1916 742.273 511.515 96.0754 1.96422
13 2004 2 214.304 400.45 1144.37 278.137 54.6853
23 2004 7 5374.44 13836.2 1650.71 264.749 19.3076
13 2004 3 677.998 1925.63 5089.91 1672.96 103.404
23 2004 8 90.7299 309.843 90.9511 7.4145 0.675611
13 2004 4 167.481 1125.96 1045.27 182.761 8.96349
23 2004 9 89.0017 914.54 333.952 102.943 4.58328
13 2004 5 139.559 776.681 513.727 125.959 6.04695
13 2004 6 72.5722 1585.43 1082.07 91.7622 12.2821
13 2004 7 4806.07 14096.2 2075.31 166.273 13.088
13 2004 8 64.7817 338.292 80.2714 15.3408 0
13 2004 9 73.9382 895.704 391.916 79.262 4.19986
90 2004 1 219.552 2676.39 7148.39 2115.92 139.229
90 2004 2 173.026 382.045 1167.28 314.536 48.0795
90 2004 3 474.982 2288.41 4939.38 1556.41 168.444
90 2004 4 182.11 1130.91 1014.58 189.634 13.2095
90 2004 5 159.105 844.572 455.665 107.726 6.1412
90 2004 6 80.8533 1678.46 1017.02 56.0599 11.7301
80 2004 1 411.046 2206.88 7544.77 2040.56 173.21
90 2004 7 5535.58 13101.6 2277.32 196.379 23.9922
80 2004 2 245.593 302.048 1223.16 288.282 32.8721
90 2004 8 98.0122 302.154 89.7448 12.3728 0.776327
80 2004 3 613.994 2440.54 4619.03 1587.39 231.356
90 2004 9 71.9604 811.601 482.075 76.3094 3.0751
80 2004 4 229.852 1079.45 1008.6 201.742 10.7964
80 2004 5 216.609 883.178 379 88.8374 5.58526
80 2004 6 95.7351 1702.25 919.899 117.073 9.16449
70 2004 1 387.144 2617.86 6967.53 2110.18 150.084
80 2004 7 5557.9 13089.5 2367.29 144.835 11.4651
70 2004 2 179.808 388.232 1156.79 305.454 47.5056
80 2004 8 56.7441 316.764 120.716 8.83581 0
70 2004 3 476.198 2968.56 4540.85 1274.34 160.575
80 2004 9 64.157 875 440.543 63.9752 1.34426
70 2004 4 154.506 1063.35 1087.11 210.232 15.2456
70 2004 5 249.399 743.439 464.85 98.6781 8.18741
70 2004 6 70.3721 1740.29 964.625 62.0275 6.80913
60 2004 1 625.744 2495.97 6957.7 2000.09 211.32
70 2004 7 5672.74 13037.5 2237.73 199.818 13.7326
60 2004 2 172.621 309.25 1236.3 295.777 58.8469
70 2004 8 90.9849 320.239 77.1919 13.4366 1.20731
60 2004 3 348.525 2387.59 5051.62 1475.63 192.186
70 2004 9 77.3383 888.302 391.202 86.3264 1.8513
60 2004 4 202.878 1153.5 979.759 181.786 12.5173
60 2004 5 200.916 908.618 339.034 108.188 12.3888
60 2004 6 47.7932 1612.36 1150.64 24.9021 5.89801
50 2004 1 403.098 2636.15 7301.31 1742.73 246.88
36 2004 1 316.522 2662.13 7260.83 1909.8 156.808
60 2004 7 5476.96 13145.4 2286.51 222.637 20.1389
50 2004 2 206.161 409.645 1105.22 322.942 47.9807
36 2004 2 247.114 382.758 1119.37 296.071 36.8451
60 2004 8 129.703 269.264 73.0128 29.5482 1.53108
50 2004 3 620.869 2613.66 4577.53 1566.35 88.6933
36 2004 3 437.791 2473.03 4852.23 1577.14 90.2239
60 2004 9 91.3511 879.959 430.188 42.6789 0.842802
50 2004 4 217.948 1180.91 937.026 182.874 11.6795
4 2004 1 388.325 2499.88 7137.4 2087.07 203.31
36 2004 4 199.82 1197.16 923.239 194.413 15.8038
50 2004 5 270.007 720.326 491.197 88.9617 2.71893
4 2004 2 198.385 389.583 1091.67 341.886 44.325
36 2004 5 266.81 811.712 399.882 85.9269 8.87928
50 2004 6 79.6016 1613.36 1096.77 51.4154 2.97319
4 2004 3 504.591 2444.64 5007.95 1364.18 137.776
26 2004 1 443.532 2712.56 6975.02 2046.19 115.811
36 2004 6 66.3443 1723.6 991.828 59.19 3.15868
50 2004 7 5267.38 13621.1 2115.48 150.986 4.0048
4 2004 4 236.37 1128.82 964.749 189.668 10.8326
26 2004 2 206.418 485.911 1073.14 265.039 61.4415
36 2004 7 5489.15 13610.7 2012.89 50.2027 1.16057
50 2004 8 88.746 236.427 152.868 24.4056 0.614237
4 2004 5 244.617 819.226 413.567 88.7319 4.49293
26 2004 3 630.244 2325.13 4735.61 1539.68 205.334
36 2004 8 65.614 284.407 131.951 21.0159 0.0722165
50 2004 9 52.8745 899.589 431.437 59.9916 1.1279
4 2004 6 89.4025 1577.84 1105.83 61.259 9.79448
26 2004 4 157.043 1121.37 1043.55 193.401 15.0805
36 2004 9 108.672 843.614 406.334 78.285 8.11457
4 2004 7 5380.63 12991 2639.38 123.654 7.68458
26 2004 5 254.52 785.46 419.442 102.547 6.20692
4 2004 8 49.0123 321.73 110.059 18.3949 0.6182
16 2004 1 437.391 2836.97 7034.57 1822.48 158.988
26 2004 6 105.271 1737 911.238 73.5679 12.0512
4 2004 9 76.047 865.684 436.232 64.7723 2.28511
16 2004 2 218.249 428.737 1012.94 374.02 46.8401
26 2004 7 4540.53 14340.8 1982.56 276.451 23.7133
16 2004 3 277.274 2302.03 4924.03 1859.57 58.496
26 2004 8 61.1324 256.187 153.394 23.9277 1.23214
16 2004 4 184.185 1076.34 1016.12 232.825 19.2255
26 2004 9 95.231 877.159 391.896 73.5497 7.18443
16 2004 5 189.195 760.471 480.255 108.326 3.72543
16 2004 6 33.2464 1632.34 1107.45 71.0758 0
16 2004 7 4248.71 14312.3 2285.78 181.31 14.2324
16 2004 8 61.6131 290.031 115.17 32.9362 3.30961
16 2004 9 101.213 830.284 435.439 76.0932 1.99075
93 2004 1 376.742 2679.34 7093.33 1970.56 170.778
93 2004 2 244.981 380.385 1078.17 294.256 65.6983
93 2004 3 560.623 2308.41 4925.64 1569.74 73.9427
93 2004 4 246.26 1166 931.085 173.08 14.0181
93 2004 5 261.8 702.103 479.806 102.152 5.12178
93 2004 6 61.5765 1588.18 1071.8 114.74 7.82318
83 2004 1 372.236 2922.28 6955.4 1854.31 219.771
93 2004 7 5426.15 13379.3 2115.75 217.402 8.8408
83 2004 2 219.305 342.656 1220.32 250.55 59.1218
93 2004 8 75.0507 275.438 101.814 17.9537 1.07889
83 2004 3 583.175 2059.33 5005.72 1579.66 212.542
93 2004 9 83.6213 759.55 514.871 85.6998 1.27756
83 2004 4 211.069 1265.26 876.17 165.207 12.7288
83 2004 5 176.509 740.903 533.6 113.258 8.93925
83 2004 6 101.7 1741.08 897.77 79.8212 15.1212
73 2004 1 470.933 2704.37 7271.12 1733.4 172.832
83 2004 7 5234.1 13428 2158.6 295.948 32.1484
73 2004 2 231.844 450.835 932.263 338.942 134.397
83 2004 8 85.6093 315.552 65.7295 14.4318 0
73 2004 3 522.508 2366.27 4852.33 1569.94 149.426
83 2004 9 104.993 884.504 402.466 50.1632 2.89362
73 2004 4 214.254 1158.74 958.098 185.944 13.4032
73 2004 5 184.09 805.776 442.319 119.699 6.59633
73 2004 6 63.7485 1664.74 1046.89 61.5009 7.2451
63 2004 1 597.669 2766.48 6920.77 1881.26 167.276
73 2004 7 5124.37 13388.3 2450.2 163.666 13.0088
63 2004 2 272.273 412.725 1123.27 233.37 50.317
73 2004 8 123.371 245.794 103.732 28.0858 2.07775
63 2004 3 272.37 2394.97 5172.39 1550.53 91.1504
73 2004 9 66.6707 1005.73 310.095 56.4251 6.10042
63 2004 4 199.744 1113.62 1005.74 198.036 13.294
63 2004 5 161.803 796.05 441.837 133.318 14.4584
63 2004 6 117.473 1426.76 1225.15 67.3615 7.37838
53 2004 1 483.257 2839.68 7267.64 1569.43 161.565
39 2004 1 440.191 2593.46 7216.65 1869.8 175.131
63 2004 7 5485.91 13224 2236.22 148.303 19.0003
53 2004 2 165.15 409.918 1059.02 355.055 89.5445
39 2004 2 311.272 450.407 1011.98 255.8 54.4113
63 2004 8 72.0725 236.68 160.87 31.8376 1.59955
53 2004 3 341.025 2519.83 4868.28 1676.32 33.8456
39 2004 3 670.19 2130.63 4656.36 1813.44 186.262
63 2004 9 103.838 820.409 464.09 50.2193 6.46424
53 2004 4 153.353 1262.37 910.972 190.122 13.6237
7 2004 1 565.205 2225.62 7558.54 1903.05 110.474
39 2004 4 215.424 1064.59 1020.66 206.064 23.6958
53 2004 5 178.822 850.528 437.291 100.919 5.65063
7 2004 2 186.814 515.228 1119.2 207.154 63.5539
39 2004 5 268.91 784.173 390.5 113.204 10.7647
53 2004 6 60.5695 1705.99 960.213 109.286 5.52322
7 2004 3 318.717 2440.6 5250.22 1403.21 66.7484
29 2004 1 360.93 2749.96 7241.17 1755.88 196.344
39 2004 6 82.7175 1566.03 1107.62 68.3387 4.3338
53 2004 7 5029.85 13561.7 2359.08 195.961 6.45584
7 2004 4 202.515 1160.92 956.195 200.028 10.7823
29 2004 2 309.509 318.321 1185.04 229.535 49.5398
39 2004 7 5473.6 12760.1 2763.99 120.851 14.0624
53 2004 8 94.1553 310.639 82.7936 15.472 0
7 2004 5 218.685 865.227 414.232 70.7204 4.3455
29 2004 3 455.573 2695.07 4680.63 1473.89 110.904
39 2004 8 122.812 294.546 71.3568 9.68719 0
53 2004 9 82.0422 925.74 391.997 42.6136 2.62762
7 2004 6 98.372 1516.5 1070.94 141.055 17.2503
29 2004 4 162.891 1216.44 972.241 163.624 15.244
39 2004 9 98.4629 957.457 313.511 71.5938 3.99471
7 2004 7 5522.42 13085.5 2334.86 210 15.9594
29 2004 5 184.791 766.832 499.853 101.376 6.79594
7 2004 8 96.6658 217.718 157.842 30.7515 0.0834262
19 2004 1 660.848 2495.04 7166.6 1777.66 238.515
29 2004 6 95.3875 1681.9 1013.69 38.6329 14.5152
7 2004 9 110.876 730.255 546.631 54.7155 2.54361
19 2004 2 316.011 495.832 1018.07 215.179 35.1085
29 2004 7 4522.81 13937.9 2483.94 196.137 20.7019
19 2004 3 512.725 2912.98 4313.99 1588.65 121.153
29 2004 8 48.1109 313.382 97.5972 18.8733 2.52371
19 2004 4 208.283 1219.91 945.588 145.318 11.3422
29 2004 9 62.2842 772.717 515.755 87.0828 7.18087
19 2004 5 201.123 833.487 450.579 83.9349 4.0854
19 2004 6 79.3973 1683.9 986.754 87.247 6.82201
19 2004 7 4576.42 13977.7 2442.76 138.157 18.493
19 2004 8 73.2458 349.558 72.06 7.19491 1.00148
19 2004 9 100.915 848.273 409.493 74.316 12.0229
96 2004 1 333.345 2295.96 7566.13 2019.37 136.49
96 2004 2 328.237 352.22 1087.54 282.095 38.7808
96 2004 3 307.033 2265.49 5061.76 1698.08 99.569
96 2004 4 212.494 1135.53 960.503 202.28 19.6329
96 2004 5 186.673 782.331 473.104 118.253 6.5697
96 2004 6 79.9458 1683.47 997.062 67.4988 10.9468
86 2004 1 509.274 2433.64 7404.33 1799.04 142.792
96 2004 7 5473.97 13092.3 2484.79 88.1793 7.15833
86 2004 2 277.887 348.947 1150.1 276.421 38.5939
96 2004 8 102.752 275.159 109.333 14.925 0.891318
86 2004 3 675.341 2222.37 4648.94 1695.37 132.727
96 2004 9 84.2937 842.182 471.52 44.5622 2.46285
86 2004 4 182.982 1142.9 987.887 202.448 14.2262
86 2004 5 220.387 696.092 528.136 118.172 10.4228
86 2004 6 147.001 1323.44 1295.51 62.847 15.3146
76 2004 1 498.864 2685.12 7114.76 1822.7 200.578
86 2004 7 5507.67 12631.2 2772.56 247.317 5.11979
76 2004 2 250.294 352.597 1166.05 269.939 53.0741
86 2004 8 56.5672 321.435 102.899 17.0168 5.14191
76 2004 3 710.799 2271.51 5034.65 1386.09 67.9071
86 2004 9 81.1431 919.03 388.284 55.0711 1.49125
76 2004 4 213.502 1251.85 893.275 157.848 13.9671
76 2004 5 211.749 818.761 427.479 88.1487 5.95627
76 2004 6 56.2049 1721.04 990.666 72.5405 3.66567
66 2004 1 352.559 2562.4 7094.46 1938.79 324.365
76 2004 7 5556.03 13291 2035.69 229.366 30.374
66 2004 2 182.328 482.184 1069.59 305.928 48.2327
76 2004 8 80.4157 275.469 125.439 21.7363 0
66 2004 3 246.523 2913.38 4765.42 1383.69 128.665
76 2004 9 45.5868 902.321 406.762 85.5287 4.82167
66 2004 4 166.134 1243.46 928.287 170.127 22.4366
66 2004 5 176.517 882.829 380.772 97.2843 11.4381
66 2004 6 90.9607 1730.77 913.091 90.5966 18.6993
56 2004 1 459.171 2389.62 7203.58 2086.25 173.626
66 2004 7 4433.02 14387.6 2103.56 200.753 19.7773
56 2004 2 238.374 396.678 1071.32 351.53 23.5707
66 2004 8 44.8368 359.202 74.3205 8.54604 2.18032
56 2004 3 353.453 2539.28 4771.86 1666.2 111.938
66 2004 9 94.0039 866.059 402.796 75.5375 6.62334
56 2004 4 237.826 1160.93 935.716 182.287 13.6807
56 2004 5 219.723 756.473 499.132 96.6135 1.26884
56 2004 6 72.6897 1606.36 1057.84 101.29 5.9416
46 2004 1 434.038 2238.82 7487.89 1943.75 108.443
56 2004 7 4718.57 13743.4 2515.26 136.095 8.35848
46 2004 2 247.028 355.313 1166.69 275.353 44.5037
56 2004 8 86.1071 240.713 162.267 13.7181 0.255073
46 2004 3 529.198 2418.03 4848.58 1511.41 96.3133
56 2004 9 90.842 853.297 444.419 49.9389 6.52349
46 2004 4 201.024 1125.79 1017.47 179.799 6.35116
46 2004 5 218.187 773.273 459.792 105.352 2.35611
46 2004 6 89.8424 1617.03 1102.91 29.1827 5.15655
46 2004 7 5178.43 13042.2 2833.83 76.5807 15.2754
46 2004 8 81.8308 325.388 68.3472 21.8206 1.2608
46 2004 9 73.1585 869.347 450.603 50.1926 1.71849
89 2004 1 463.195 2528.42 7212.64 1954.66 177.57
89 2004 2 268.659 327.864 1184.66 277.49 29.3715
89 2004 3 373.313 2809.91 4681.68 1520.24 91.6199
89 2004 4 171.883 1036.63 1072.87 233.162 15.8914
89 2004 5 220.278 857.914 329.064 122.281 5.99072
89 2004 6 80.7463 1667.71 942.57 114.941 38.1565
79 2004 1 306.439 3009.5 7123.18 1763.52 135.748
89 2004 7 4894.56 13580.1 2393.65 175.345 28.6797
79 2004 2 201.37 426.581 1118.51 273.078 72.414
89 2004 8 60.5455 309.249 112.478 16.3437 1.5188
79 2004 3 373.319 2831.67 4716.85 1413.15 118.48
89 2004 9 106.052 854.774 408.583 71.9794 3.63115
79 2004 4 166.527 1111.12 1057.42 185.814 9.56395
79 2004 5 263.073 772.441 426.302 90.6444 10.3138
79 2004 6 92.0206 1628.35 1029.27 83.6494 4.0745
69 2004 1 325.125 2633.85 7400.7 1723.78 177.338
79 2004 7 4701.08 13864.2 2395.03 193.982 14.3349
69 2004 2 189.811 514.848 941.277 354.994 64.455
79 2004 8 142.934 254.643 96.6366 7.19802 1.64882
69 2004 3 464.32 2477.1 4515.22 1776.39 120.823
79 2004 9 88.7035 993.77 298.157 59.8239 4.56573
69 2004 4 153.457 1124.47 1032.37 204.422 15.7175
69 2004 5 172.621 779.037 472.074 123.731 7.75358
69 2004 6 74.8596 1709.21 961.989 77.3287 16.2314
59 2004 1 415.915 2362.5 7370.26 1961.68 179.145
69 2004 7 5237 13575.6 2195.89 109.932 8.53565
59 2004 2 243.762 460.235 1155.91 211.58 10.6088
69 2004 8 93.2703 320.18 75.1135 10.22 0.494256
59 2004 3 366.598 2656.44 4502.78 1802.71 73.8355
69 2004 9 84.8343 858.22 445.86 54.4198 1.68554
59 2004 4 183.727 1096.85 1025.92 213.827 10.1131
59 2004 5 244.585 710.349 498.106 116.073 4.0967
59 2004 6 116.451 1520.89 1048.6 143.882 9.1869
49 2004 1 394.955 2563.19 7156.18 1996.98 186.684
59 2004 7 4906.86 14062.6 2008.07 144.896 10.3937
49 2004 2 205.645 536.837 1039.99 245.052 64.4234
59 2004 8 84.7393 317.821 83.7445 16.4108 0.344751
49 2004 3 701.797 2628.73 4567.3 1436.48 108.224
59 2004 9 100.547 766.41 483.928 90.9843 3.15047
49 2004 4 194.008 1095.55 988.517 227.493 24.8728
49 2004 5 236.826 840.001 348.001 133.591 6.0176
49 2004 6 90.7353 1664.51 1011.75 56.556 12.8985
49 2004 7 5171.73 13450.3 2340.55 186.038 17.8329
49 2004 8 78.6703 292.951 116.898 13.782 0.758558
49 2004 9 104.768 881.756 378.45 73.947 6.09907
99 2004 1 613.285 2617.79 6876.58 2051.93 148.604
99 2004 2 213.354 453.976 1077.35 265.027 82.2466
99 2004 3 472.289 2091.04 5071.03 1583.51 177.009
99 2004 4 189.872 1112.19 998.891 213.156 16.326
99 2004 5 159.442 822.746 463.928 117.121 7.25554
99 2004 6 113.416 1721.88 913.621 63.7668 22.3642
99 2004 7 5069.49 13821.5 2009.83 175.247 15.3129
99 2004 8 76.4889 311.712 76.4595 23.1622 0.441141
99 2004 9 82.1874 807.065 461.824 90.2582 3.68626
3 2004 1 299.431 2859.72 7254.88 1736.74 175.356
3 2004 2 245.084 625.428 908.98 270.374 35.2018
3 2004 3 347.989 2464.15 5077.17 1400.32 114.086
3 2004 4 232.54 1106.72 1019.52 159.396 12.2656
3 2004 5 184.431 798.437 443.567 95.0079 8.73165
3 2004 6 91.934 1711.69 958.928 65.3505 16.2184
3 2004 7 4935.92 13330.3 2542.09 245.859 12.5649
3 2004 8 93.189 320.873 79.665 9.18513 0.147872
3 2004 9 95.0546 941.886 354.761 52.1199 1.19917
62 2004 1 426.653 2799.08 7291.38 1716.68 122.35
62 2004 2 285.594 414.397 1095.46 274.209 22.2859
62 2004 3 296.018 2459.63 5000.35 1596.71 117.511
62 2004 4 155.778 1206.29 950.185 200.665 17.5241
62 2004 5 219.337 743.628 502.173 87.3448 4.25341
62 2004 6 83.2016 1762.07 896.628 93.3276 8.8899
52 2004 1 452.781 2324.8 7312.79 2003.25 223.363
62 2004 7 4858.01 13873.9 2233.46 171.915 24.7221
52 2004 2 306.923 426.187 1029.02 258.953 70.865
62 2004 8 104.646 313.182 76.7199 8.51204 0
52 2004 3 451.454 2391.11 4780.4 1669.14 197.667
62 2004 9 95.6653 857.47 448.671 40.6095 2.60433
52 2004 4 265.948 1151.4 926.334 173.625 13.131
6 2004 1 436.892 2243.36 7405.5 2085.53 133.455
52 2004 5 218.711 716.543 513.378 117.137 7.44095
6 2004 2 259.312 432.613 1109.57 230.119 56.2072
52 2004 6 74.4274 1521.77 1128.55 104.995 14.3732
6 2004 3 481.52 2399.78 4878.03 1526.8 139.639
42 2004 1 352.512 2838.69 7182.62 1746.38 165.655
52 2004 7 5087.81 13539 2382.51 144.19 6.46179
6 2004 4 174.587 1155.36 1002.24 185.158 13.0967
42 2004 2 216.307 426.122 1048.42 298.345 49.9583
52 2004 8 96.6096 243.028 92.2832 31.7064 0.735756
6 2004 5 226.187 796.367 412.181 118.278 7.08625
42 2004 3 372.244 2335.75 5089.41 1549.35 108.637
52 2004 9 103.004 851.728 391.813 93.8195 4.65634
6 2004 6 72.6694 1561.83 1158.74 40.2247 5.9465
42 2004 4 148.281 1174.29 1043.99 148.237 15.6419
6 2004 7 5026.51 13387.5 2508.49 218.899 17.2373
42 2004 5 213.02 749.699 462.672 138.426 9.39257
6 2004 8 101.125 268.785 122.693 10.0542 0.403833
32 2004 1 300.592 2652.65 7507.84 1757.52 102.141
42 2004 6 130.72 1490.76 1118.65 89.4754 9.80485
6 2004 9 82.7481 929.825 356.868 70.6133 4.96564
32 2004 2 228.008 433.495 1117.78 268.338 14.7429
42 2004 7 4934.86 14062.6 1910.8 223.711 13.7506
32 2004 3 525.381 2523.86 4760.41 1485.09 173.875
42 2004 8 108.619 242.821 126.82 22.9243 1.87571
32 2004 4 195.785 1072.75 1061.26 184.203 16.4421
42 2004 9 90.1827 871.961 407.859 71.6953 3.32211
32 2004 5 163.613 822.611 449.202 114.974 3.32747
22 2004 1 393.217 2577.06 7078.53 2083.34 218.881
32 2004 6 61.5386 1500.01 1142.59 121.945 18.036
22 2004 2 262.422 458.818 942.67 395.106 32.9337
32 2004 7 5482.36 13434.4 2077.55 111.905 26.0342
22 2004 3 578.247 2342.63 4718.29 1727.01 126.132
32 2004 8 91.2182 287.411 92.1065 31.7652 0.559577
22 2004 4 252.862 1068.43 976.732 216.516 15.9026
32 2004 9 81.6381 787.918 521.152 48.4826 5.82902
22 2004 5 232.079 681.774 529.346 125.597 4.41475
12 2004 1 480.083 2268.45 7343.69 2063.44 115.123
22 2004 6 66.3852 1634.25 1063.91 67.5212 6.93669
12 2004 2 210.343 412.944 1197.19 213.709 39.8369
22 2004 7 5019.51 13824.8 2172.67 124.113 11.5357
12 2004 3 496.311 2825.74 4566.15 1404.67 141.44
22 2004 8 128.914 254.591 94.962 22.7225 1.87052
12 2004 4 242.512 1155.72 936.984 184.418 10.8068
22 2004 9 100.987 867.787 423.541 51.9045 0.799622
12 2004 5 246.935 847.612 366.197 95.6209 2.51051
12 2004 6 92.1711 1838.98 821.151 87.609 4.20629
12 2004 7 5131.41 13373.5 2575.1 75.5755 5.59819
12 2004 8 70.1762 314.065 109.569 8.95839 0.290926
12 2004 9 87.2418 951.631 369.173 35.4358 1.53878
55 2004 1 409.998 2981.07 6684.2 2001.03 265.357
55 2004 2 285.066 429.393 1029.01 318.271 30.2135
55 2004 3 500.78 2641.5 4781.53 1401.72 142.309
55 2004 4 197.847 1160.39 947.662 209.947 14.5925
55 2004 5 154.234 966.822 338.381 104.54 9.23229
55 2004 6 92.7067 1680.47 1011.23 54.465 2.87558
45 2004 1 435.661 2252.88 7395.81 2066 142.381
55 2004 7 5688.64 13365.7 1964.57 147.036 5.04234
45 2004 2 230.28 336.288 1171.34 285.08 43.1312
55 2004 8 113.968 227.281 100.028 57.2321 4.55124
45 2004 3 359.27 2631.3 4884.74 1437.17 140.097
55 2004 9 74.1366 857.951 431.339 75.5824 6.01089
45 2004 4 195.396 1177.46 932.411 209.801 15.3756
45 2004 5 150.998 758.989 445.676 191.773 11.3406
45 2004 6 71.6506 1704.67 961.135 92.1914 12.0292
35 2004 1 542.518 2312.7 7275.25 1958.95 207.082
45 2004 7 4961.38 13289.8 2720.93 106.345 7.2055
35 2004 2 219.083 473.051 1089.87 267.372 42.5697
45 2004 8 45.7275 305.201 109.975 31.78 1.23015
35 2004 3 448.713 2560.47 5057.89 1272.94 96.4299
45 2004 9 89.5319 818.453 446.03 88.3134 2.69204
35 2004 4 177.349 1090.51 1052.79 199.775 10.0123
35 2004 5 138.87 816.082 483.853 114.263 7.22003
25 2004 1 601.181 2278.3 7296.48 1853.41 267.239
35 2004 6 175.074 1574.62 1006.37 79.9895 8.07082
25 2004 2 227.141 512.141 1040.2 249.108 59.5729
35 2004 7 5141.74 13752.5 2088.69 141.801 11.2846
25 2004 3 611.47 2114.52 4788.22 1709.12 233.191
35 2004 8 75.0971 290.2 112.322 19.8626 0.169039
25 2004 4 221.569 1235.52 910.857 151.202 11.2919
35 2004 9 112.202 838.555 430.636 54.8466 8.7795
25 2004 5 258.998 770.028 435.638 94.6444 11.4122
15 2004 1 568.571 2677.23 6991.26 1860.77 186.287
25 2004 6 89.3657 1743.91 926.275 74.6092 9.95771
15 2004 2 314.546 453.907 971.438 277.967 35.0228
25 2004 7 5218.27 13145.9 2609.83 162.562 27.8644
15 2004 3 609.932 2462.02 4625.55 1618.8 119.738
25 2004 8 142.972 278.913 72.1921 5.0238 0.1773
15 2004 4 190.149 1193.53 922.1 206.2 18.4613
25 2004 9 96.9791 789.042 503.138 51.5217 4.33905
15 2004 5 220.443 835.995 366.154 134.124 7.24089
15 2004 6 67.0193 1575.74 1063.04 113.672 6.66772
15 2004 7 5028.43 13754.1 2031.93 296.122 25.8069
15 2004 8 75.9692 314.543 101.037 10.3188 1.19175
15 2004 9 64.6292 891.152 425.677 60.7001 2.86109
92 2004 1 431.345 2613.63 7329.32 1768.55 137.018
92 2004 2 245.954 546.366 960.877 237.768 52.0508
92 2004 3 547.963 2730.23 4634.44 1429 64.247
92 2004 4 162.012 1102.17 1045.14 212.27 8.84553
92 2004 5 191.245 758.728 483.126 129.727 10.3836
92 2004 6 111.315 1817.74 855.417 56.291 3.36209
82 2004 1 514.159 2486 7173.73 1962.95 189.036
92 2004 7 4750.51 13422 2725.59 237.822 20.0531
82 2004 2 152.429 316.233 1221.35 334.341 67.5993
92 2004 8 104.381 320.913 56.1915 21.5748 0
82 2004 3 526.836 2358.9 4780.97 1704.39 76.539
92 2004 9 90.6777 792.177 468.07 91.1466 2.94945
82 2004 4 224.549 1175.78 909.592 209.725 10.7972
82 2004 5 219.499 702.227 485.509 136.938 15.0406
82 2004 6 109.108 1800.95 860.04 56.3549 17.6647
72 2004 1 446.352 2370.07 7292.66 2016.97 180.912
58 2004 1 362.553 2492.27 7353.95 1845.4 217.828
82 2004 7 5343.9 13040.1 2515.88 262.45 4.05441
72 2004 2 210.394 321.836 1230.1 274.211 51.75
58 2004 2 258.625 400.217 1003.23 342.69 50.2493
82 2004 8 126.454 263.463 90.2333 10.098 1.46416
72 2004 3 483.599 2635.06 4736.3 1435.82 130.557
58 2004 3 323.989 2680.33 4497.05 1782.92 138.288
82 2004 9 103.24 925.602 338.451 66.7439 10.9823
72 2004 4 240.159 1070.25 1026.91 177.15 15.9671
58 2004 4 239.65 1070.62 1021.08 181.541 17.5503
72 2004 5 192.476 752.277 499.085 105.741 3.7156
58 2004 5 227.412 827.573 388.169 100.726 9.73412
72 2004 6 97.657 1695.47 1016.4 25.9635 3.87279
58 2004 6 96.9876 1543.39 1098.46 102.599 2.68359
48 2004 1 362.259 2660.94 7110.15 2000.12 178.769
72 2004 7 4795.35 13580.1 2595.38 131.883 6.918
58 2004 7 4816.58 13570.8 2562.28 166.038 11.3293
48 2004 2 210.889 435.016 1050.95 345.955 45.7079
72 2004 8 61.697 374.849 48.4544 17.856 0.203462
58 2004 8 67.8301 355.789 64.9821 10.4975 0
48 2004 3 318.61 2556.84 4923.96 1523.38 137.636
72 2004 9 115.362 805.193 433.632 88.8328 2.00032
58 2004 9 77.3217 812.781 427.962 121.136 5.81914
48 2004 4 187.537 1135.95 988.627 200.627 17.6961
48 2004 5 180.21 762.793 496.678 127.551 5.97749
48 2004 6 122.821 1665.5 953.017 84.2035 18.575
38 2004 1 642.622 2323.83 7265.77 1844.7 229.65
48 2004 7 5053.56 13344.6 2481.47 250.834 28.2942
38 2004 2 249.979 511.167 1010.67 257.248 49.0581
48 2004 8 60.8708 337.654 80.8742 22.9296 0.730942
38 2004 3 683.642 2410.46 4624.57 1578.45 117.267
48 2004 9 84.4278 876.996 441.461 38.2692 3.86576
38 2004 4 245.401 1120.87 995.679 154.678 13.8101
38 2004 5 189.151 724.675 530.036 104.877 5.63083
28 2004 1 308.194 2828.21 7150.32 1791.17 231.959
38 2004 6 92.1023 1624.93 1054.53 62.3724 10.1845
28 2004 2 199.933 470.994 1087.36 301.404 25.1399
38 2004 7 5392.44 12924.4 2619.21 180.369 9.43191
28 2004 3 489.89 2786.56 4481.84 1535.95 161.14
38 2004 8 108.155 304.518 77.4948 12.287 0.605121
28 2004 4 210.277 1176.42 932.843 189.564 21.3326
38 2004 9 109.884 949.206 316.254 66.6421 3.03326
28 2004 5 189.166 774.597 479.721 118.897 8.08812
18 2004 1 386.689 2405.35 7196.95 2160.49 198.947
28 2004 6 97.2772 1616.33 1056.63 57.6165 11.6908
18 2004 2 264.954 429.729 1090.63 270.504 36.1311
28 2004 7 5036.37 13808.7 2051.17 226.315 24.2611
18 2004 3 611.359 2617.07 4729.03 1343.01 170.766
28 2004 8 120.38 279.187 88.2032 11.9657 0.528742
18 2004 4 176.905 1164.23 982.395 192.265 14.647
28 2004 9 94.639 917.898 386.12 45.4151 0.948123
18 2004 5 172.523 814.936 480.538 95.3762 7.06701
18 2004 6 125.621 1559.72 1042.99 111.908 3.88104
18 2004 7 5236.59 13609.1 2084.52 165.542 11.8993
18 2004 8 96.4751 305.476 74.2972 16.4584 1.42265
18 2004 9 96.484 823.303 467.573 56.726 0.933236
95 2004 1 255.014 2713.3 7424.21 1757.38 136.286
95 2004 2 233.284 458.625 912.327 402.092 41.8117
95 2004 3 370.189 2425.11 4699.69 1773.21 200.63
95 2004 4 183.53 1153.17 961.059 206.089 26.5872
95 2004 5 205.972 811.088 436.378 102.738 7.8879
95 2004 6 121.251 1391.3 1210.94 100.889 17.0721
85 2004 1 337.416 2690.74 7079.05 2038.76 160.335
95 2004 7 5277.36 13003.2 2650.58 179.757 14.4407
85 2004 2 188.715 375.012 1304.93 176.832 46.4612
95 2004 8 82.5881 275.002 134.133 7.7065 0.341608
85 2004 3 388.783 2148.66 5169.66 1614.91 98.6394
95 2004 9 88.4216 785.436 496.025 71.491 3.64676
85 2004 4 170.548 1140.21 1024.58 182.782 8.91272
85 2004 5 224.854 707.59 479.281 98.7669 8.74802
85 2004 6 75.0472 1582.57 1097.9 79.104 9.4955
75 2004 1 304.753 2595.36 7185.63 2002.37 166.646
85 2004 7 4643.87 13976.8 2230.66 161.915 20.3718
75 2004 2 197.753 409.958 1112.58 216.855 82.9301
85 2004 8 60.0005 288.388 123.28 30.028 1.36331
75 2004 3 390.695 2406.54 4753.88 1640.74 152.227
85 2004 9 133.602 857.786 365.431 84.0058 4.19593
75 2004 4 138.279 1080.28 1066.26 200.504 11.7713
75 2004 5 198.572 866.04 397.727 88.5712 3.82783
75 2004 6 84.4789 1570.13 1075.61 99.8374 14.0648
65 2004 1 273.71 2549.81 7310.31 2017.13 116.291
75 2004 7 5276.45 13663 1982.4 214.263 5.67556
65 2004 2 170.042 324.082 1205.67 323.553 39.7297
75 2004 8 92.2108 320.958 70.1601 18.765 0.966414
65 2004 3 434.053 2557.35 4725.05 1601.21 103.558
75 2004 9 109.987 751.284 511.226 71.6461 0.876744
65 2004 4 212.469 1229.21 893.888 182.589 12.2862
65 2004 5 151.136 865.741 424.837 118.185 6.92881
65 2004 6 61.088 1770.35 944.23 61.1653 1.86252
65 2004 7 4694.96 13963.1 2314.3 181.805 3.00013
65 2004 8 80.3457 351.583 55.8113 14.2686 1.05169
65 2004 9 89.7869 965.53 331.002 58.1879 0.513511
9 2004 1 404.469 2493.41 7381.5 1921.09 133.894
9 2004 2 248.346 416.451 1112.11 279.638 22.1668
9 2004 3 438.151 3039.65 4307.67 1610.69 80.2858
9 2004 4 193.769 1157.95 969.866 197.068 11.7852
9 2004 5 238.424 852.352 360.771 116.339 5.32493
9 2004 6 68.7269 1710.86 973.414 86.8249 4.29144
9 2004 7 5279.54 13439.3 2299.65 152.568 0
9 2004 8 37.1533 362.057 80.7459 23.1039 0
9 2004 9 67.9794 883.821 402.789 90.1214 0.308913
98 2004 1 439.967 2638.49 7113.82 1874.01 238.918
98 2004 2 235.168 283.352 1256.66 280.095 25.1836
98 2004 3 374.69 2768.21 4694.28 1506.54 122.097
98 2004 4 163.137 1036.91 1120.77 191.286 18.3404
98 2004 5 184.902 747.845 509.471 110.91 13.1525
98 2004 6 64.936 1819.72 891.427 63.1863 2.55468
88 2004 1 498.831 2985.76 6817.89 1805.37 242.499
98 2004 7 5257.34 13563.9 2197.42 123.439 7.60129
88 2004 2 203.63 412.52 1121.5 308.35 45.945
98 2004 8 48.2762 287.027 148.726 17.576 1.45493
88 2004 3 406.913 2482.46 4784.01 1637.63 170.45
98 2004 9 75.7493 774.245 509.927 82.2351 2.86318
88 2004 4 198.947 988.618 1100.73 221.142 20.9992
88 2004 5 259.16 791.211 374.47 127.734 10.1819
88 2004 6 76.371 1481.92 1214.35 61.6039 9.88032
78 2004 1 531.819 2784.17 7026.09 1760.12 147.195
88 2004 7 5505.24 13173.3 2348.43 79.9764 13.1245
78 2004 2 229.242 370.339 1069.75 384.28 27.6074
88 2004 8 115.193 242.119 129.285 15.8658 0.597436
78 2004 3 294.952 2553.92 4913 1560.39 113.742
88 2004 9 97.4985 776.377 498.297 69.2481 3.59878
78 2004 4 218.435 1173.4 895 223.12 20.4819
78 2004 5 231.51 801.946 399.983 105.289 4.05271
78 2004 6 83.605 1712.04 920.43 103.011 25.0358
68 2004 1 342.864 2650.51 7466.67 1670.69 221.496
78 2004 7 4967.96 13443.6 2461.97 239.116 32.6295
68 2004 2 239.268 388.128 1162.54 231.223 53.5057
78 2004 8 68.9427 239.129 169.128 18.5624 0.721825
68 2004 3 655.325 2609.1 4660.72 1305.25 248.608
78 2004 9 90.5428 879.01 357.964 111.685 5.81819
68 2004 4 213.987 1057.97 1076.43 164.921 17.1269
68 2004 5 174.174 727.273 497.962 136.362 14.0365
68 2004 6 93.5337 1507.46 1169.83 64.5154 8.77969
68 2004 7 5447.63 13417.4 2140.14 132.045 22.0239
68 2004 8 104.443 286.831 105.426 3.81799 0.335757
100 2004 1 517.174 2494.05 7143.73 2092.39 111.304
68 2004 9 88.4045 863.805 424.459 61.8364 6.51433
100 2004 2 251.908 346.836 1085.28 358.471 49.4604
100 2004 3 630.41 2638.52 4678.57 1365.7 176.318
100 2004 4 264.831 1054.02 1000.39 201.834 9.36555
100 2004 5 259.467 787.974 434.082 80.6575 3.92175
100 2004 6 118.034 1605.24 974.996 143.2 2.6531
100 2004 7 5677.9 13424.3 1923.75 129.322 8.82862
100 2004 8 32.542 328.862 115.007 21.549 1.04321
100 2004 9 47.1184 972.638 373.842 47.6773 3.74475
21 2004 1 420.836 2615.38 7000.95 2071.8 223.399
21 2004 2 154.593 398.741 1199.05 315.156 24.4081
21 2004 3 431.132 1925.99 5161.12 1775.19 162.621
21 2004 4 111.716 1126.87 1051.78 226.716 13.3571
21 2004 5 156.957 774.86 498.779 137.317 5.29721
11 2004 1 374.456 2802.86 7143.95 1828.68 166.399
21 2004 6 100.05 1621.23 1033.72 81.2081 5.42664
11 2004 2 223.402 343.763 1196.03 258.196 66.7447
21 2004 7 4936.47 13899.3 2017.9 286.281 23.7905
11 2004 3 389.335 2543.48 4713.9 1664.23 170.438
21 2004 8 103.587 274.571 94.7356 27.1874 2.97916
11 2004 4 185.04 1171.22 953.408 201.815 18.9605
21 2004 9 92.0453 880.005 408.316 61.7336 2.92085
11 2004 5 230.148 777.931 414.929 98.9482 6.10114
11 2004 6 80.6395 1747.26 946.782 62.9845 6.44946
11 2004 7 5373.99 13322.3 2273.84 138.027 8.46682
11 2004 8 95.4568 258.657 95.1326 27.4358 0.798995
11 2004 9 79.8334 912.693 379.016 67.1321 6.34522
2 2004 1 518.366 2635.59 6925.93 2054.23 208.945
2 2004 2 279.46 500.319 1052.72 168.858 90.5912
2 2004 3 403.251 2581.16 4744.12 1592.05 152.622
24 2004 1 346.224 2621.91 7260.52 1916.7 161.823
2 2004 4 143.499 1043.48 1096.95 226.439 20.0752
24 2004 2 259.796 472.913 1013.85 293.512 44.7594
2 2004 5 174.681 761.028 447.64 126.06 7.36311
24 2004 3 542.49 2441.26 4820.22 1564.6 74.2413
2 2004 6 71.6679 1645.38 1063.99 51.2364 7.35474
24 2004 4 193.581 1174.17 967.11 189.061 6.51962
2 2004 7 5119.87 13682.8 2140.3 161.488 17.341
24 2004 5 219.888 751.558 489.506 99.6759 4.72998
2 2004 8 54.3931 351.293 67.4802 19.2967 4.46173
14 2004 1 557.032 2382.48 7396.54 1776.29 200.523
24 2004 6 70.9849 1652.98 1029.16 90.3465 0.650605
2 2004 9 122.285 649.925 566.536 96.1728 10.1015
14 2004 2 232.243 385.949 1154.63 296.201 16.0319
24 2004 7 4729.33 13992.2 2190.16 220.258 30.3791
14 2004 3 329.592 2804.43 4477.11 1780.21 67.5695
24 2004 8 90.0183 289.159 105.492 17.8967 0.494287
14 2004 4 205.658 1197.21 933.639 179.975 13.9558
24 2004 9 66.8787 788.611 496.14 90.3377 3.05253
14 2004 5 212.364 693.046 541.111 93.0695 4.3964
14 2004 6 62.2622 1744.86 998.526 32.9311 5.53997
14 2004 7 5066.35 13364.2 2531.31 169.846 8.70423
14 2004 8 63.2624 314.975 102.808 21.0971 0.916746
14 2004 9 50.2802 934.831 393.678 65.2625 0.968581
81 2004 1 491.852 2813.02 6920.23 1858.72 224.485
81 2004 2 193.694 391.643 1069.37 382.821 50.8647
81 2004 3 215.446 2704.2 4953.39 1405.51 150.317
81 2004 4 176.938 1123.89 1007.39 206.183 16.0327
81 2004 5 197.512 796.095 453.751 104.224 9.66509
81 2004 6 77.6996 1741.66 983.85 36.7714 1.73608
71 2004 1 562.322 2816.07 6848.37 1926.32 190.981
81 2004 7 6001.76 12977 1978.21 187.443 12.3172
71 2004 2 177.426 358.387 1175.94 309.45 59.4542
81 2004 8 113.735 258.341 114.715 14.1031 2.16543
71 2004 3 334.47 2383.43 5063.89 1558.86 116.556
81 2004 9 124.043 892.218 370.981 55.1489 2.62959
71 2004 4 175.15 1071.06 1091.29 176.604 16.3271
71 2004 5 242.644 798.68 447.707 71.361 5.11869
71 2004 6 115.47 1651.35 978.182 71.6845 14.1051
61 2004 1 283.677 2927.3 7025.22 1885.16 166.847
71 2004 7 5042.1 13631.1 2351.39 116.089 1.83608
61 2004 2 200.713 494.582 1008.18 348.32 36.4797
71 2004 8 56.7299 268.032 123.677 25.3659 3.3627
61 2004 3 386.824 2389.4 4887.07 1610.54 172.368
71 2004 9 100.894 901.475 385.936 54.4462 2.26797
61 2004 4 174.013 1042.14 1090.13 207.534 16.617
61 2004 5 180.213 720.535 499.56 146.202 6.07752
61 2004 6 105.677 1596.82 1012.75 102.615 26.2623
51 2004 1 467.699 2165.61 7410.61 2148.76 119.445
61 2004 7 5068.76 13352.3 2417.19 278.085 17.2956
51 2004 2 193.844 400.338 1085.31 329.263 72.2055
61 2004 8 85.9169 302.5 86.0112 16.4351 0.497833
51 2004 3 686.243 2700.48 4461.71 1485.92 134.309
61 2004 9 81.2581 801.701 485.008 74.7632 2.29002
51 2004 4 189.089 1066 1014.82 241.142 19.3857
5 2004 1 297.85 2940.02 6803.73 2002.5 223.206
51 2004 5 167.558 785.169 448.985 155.862 12.1641
5 2004 2 232.224 415.33 1196.87 186.21 53.6251
51 2004 6 127.708 1695.75 884.191 118.182 18.285
5 2004 3 446.703 2918.99 4519.15 1481.05 92.0729
41 2004 1 422.149 2457.2 7207 2116.51 103.633
51 2004 7 5162.5 13129.5 2603.55 227.668 25.1836
5 2004 4 211.594 1171.74 944.32 191.984 10.7984
41 2004 2 229.13 320.53 1146.24 357.234 32.2125
51 2004 8 87.9364 321.087 76.0513 16.9372 1.04804
5 2004 5 194.722 769.882 479.026 121.102 5.48666
41 2004 3 362.556 2129.03 5048.24 1825.05 86.0266
51 2004 9 105.415 832.985 417.616 84.5061 4.49699
5 2004 6 131.955 1620.57 964.683 105.382 21.532
41 2004 4 211.948 1073.29 1037.28 202.899 5.03043
5 2004 7 4998.63 13626 2307.46 178.262 37.9142
41 2004 5 172.127 740.84 491.53 164.317 4.39539
5 2004 8 46.3544 338.798 95.3633 16.8488 0.167519
17 2004 1 474.961 2660.11 7130.94 1847.56 196.292
31 2004 1 499.816 2460.13 7268.96 1907 172.93
41 2004 6 119.979 1708.23 950.133 64.1983 1.57821
5 2004 9 86.0682 826.286 431.968 91.2378 9.46044
17 2004 2 223.352 364.615 1072.07 319.668 85.7676
31 2004 2 167.035 386.116 1048.35 345.904 83.8576
41 2004 7 5675.35 12594.9 2661.21 224.862 12.3039
17 2004 3 388.365 2837.68 4633.08 1466.51 125.97
31 2004 3 511.11 2793.99 4183.95 1718.6 228.377
41 2004 8 134.926 227.699 121.262 17.9307 1.24198
17 2004 4 152.992 1115.73 1035.93 201.932 23.8531
31 2004 4 198.352 1091.35 1003.61 217.173 19.9576
41 2004 9 90.194 896.532 402.151 55.4413 0.702075
17 2004 5 294.133 728.351 437.715 108.741 4.2704
31 2004 5 192.292 781.26 476.128 93.9673 5.10949
17 2004 6 79.4855 1612.24 1028.23 88.3186 31.4391
31 2004 6 75.2685 1959.07 730.075 57.6478 6.70968
17 2004 7 5077.05 13435.3 2504.17 131.72 8.48856
31 2004 7 4838.8 13920.2 2190.32 169.724 4.92635
17 2004 8 91.0755 279.94 118.758 13.1275 0.158644
31 2004 8 88.3954 295.358 96.6073 20.6224 2.07696
17 2004 9 141.783 809.185 448.48 42.5759 2.99632
31 2004 9 73.174 826.943 464.591 73.8571 6.45519
74 2004 1 304.329 2679.72 7241.92 1973.68 130.291
74 2004 2 205.91 466.611 1078.82 294.879 45.7309
74 2004 3 533.828 2429.07 4826.62 1542.04 111.833
74 2004 4 230.75 1108.04 983.799 196.109 11.7442
74 2004 5 188.945 857.422 440.111 81.9765 4.75552
74 2004 6 64.0302 1672.35 1059.18 40.2283 3.21535
64 2004 1 362.822 2739.95 7084.11 1947.62 192.816
74 2004 7 5109.14 13693.1 2256.11 90.6772 22.0393
64 2004 2 223.643 436.326 1131.14 271.278 29.5624
74 2004 8 50.5467 326.335 108.844 16.8455 0.488246
64 2004 3 388.378 2253.08 5049.98 1555.98 177.849
74 2004 9 86.6249 913.501 367.68 72.2787 4.93577
64 2004 4 227.541 1188.2 921.821 184.189 8.68485
64 2004 5 163.988 810.695 452.366 126.019 7.03193
64 2004 6 73.4464 1709.9 964.162 88.7454 2.88432
54 2004 1 272.759 2747.83 7322.59 1882.32 127.297
64 2004 7 5417.31 13476 2057.41 160.487 23.1701
54 2004 2 259.685 441.285 1190.29 175.373 25.3188
64 2004 8 60.073 328.217 81.4576 30.2294 3.08305
54 2004 3 314.806 3087.56 4690.9 1277.66 91.9461
64 2004 9 76.9321 756.892 531.044 76.6966 3.45477
54 2004 4 185.631 1226.85 932.401 172.448 13.1104
8 2004 1 367.544 2338.07 7849.67 1587.78 181.391
54 2004 5 257.535 721.529 491.733 99.8288 2.58516
8 2004 2 216.908 421.399 1127.48 301.698 17.6872
54 2004 6 54.3905 1703.81 1011.88 68.6714 2.80325
44 2004 1 398.987 2831.79 7200.8 1736.38 153.245
8 2004 3 430.396 2856 4480.05 1624.16 85.1792
54 2004 7 5047.66 13654.7 2278.12 157.656 20.6999
44 2004 2 206.16 503.73 1051.46 269.509 51.9969
8 2004 4 185.21 1128.72 1023.72 180.121 12.6748
54 2004 8 60.6349 308.933 96.7662 35.513 1.21278
44 2004 3 617.869 2215.6 4605.91 1864.25 112.376
8 2004 5 199.26 677.037 528.383 154.447 14.0826
54 2004 9 98.1124 870.519 356.32 114.602 5.46616
44 2004 4 239.296 1076.64 1006.68 198.609 9.21253
8 2004 6 74.7426 1628.41 988.373 137.875 14.7169
44 2004 5 206.765 821.297 445.628 86.4803 4.10172
8 2004 7 5211.17 13471.3 2310.12 152.831 9.50887
44 2004 6 94.3237 1678.62 1046.67 24.501 0
8 2004 8 93.3776 233.659 160.7 14.8283 0.495626
34 2004 1 372.726 2743.89 7142.72 1869.9 175.932
44 2004 7 5631.03 13030.2 2341.39 136.892 10.3351
8 2004 9 87.1877 959.501 340.099 53.0141 5.21913
34 2004 2 222.364 607.68 874.054 305.458 82.3937
44 2004 8 91.8676 260.463 129.907 11.2144 2.20977
34 2004 3 442.301 2177.82 5217.48 1512 77.4227
44 2004 9 101.219 896.994 375.214 62.7728 8.82024
34 2004 4 204.129 1158.82 970.841 180.91 15.737
34 2004 5 239.251 702.493 497.258 129.6 4.60698
34 2004 6 79.7984 1749.61 943.271 67.4955 3.94618
34 2004 7 5316.15 13497.6 2159.09 161.159 12.7807
34 2004 8 70.2038 336.226 84.3263 7.73092 0
34 2004 9 50.9538 885.4 427.854 73.4398 7.37251
91 2004 1 469.993 2368.92 7274.7 2002.49 229.488
77 2004 1 330.404 2698.71 7416.44 1692.64 188.949
91 2004 2 241.463 399.069 1079.02 313.381 59.0183
77 2004 2 201.499 493.531 1127.9 227.879 41.1382
91 2004 3 524.429 2152.71 5103.14 1626.77 74.9177
77 2004 3 403.893 2540.72 4809.9 1592.28 112.895
91 2004 4 165.722 1157.25 964.731 225.323 17.4154
77 2004 4 203.143 1220.24 939.97 146.607 20.4804
91 2004 5 170.185 758.866 470.9 115.587 13.0227
77 2004 5 180.897 893.439 362.766 127.169 6.05206
91 2004 6 124.461 1536.14 1117.07 59.7543 6.69888
77 2004 6 71.6453 1620.77 1110.22 37.4887 1.63539
67 2004 1 380.345 2467.09 7304.64 1951.32 211.058
91 2004 7 4910.08 13577.9 2418.19 179.259 26.5757
77 2004 7 4546.92 14000.8 2388.77 208.913 18.7687
67 2004 2 206.991 509.988 996.878 322.936 39.4282
91 2004 8 86.3114 265.671 111.697 19.1651 0.487107
77 2004 8 33.7462 401.365 60.191 6.92307 0.834539
67 2004 3 646.084 2411.93 4536.79 1657.84 132.484
91 2004 9 85.1936 898.6 409.695 46.1103 5.42163
77 2004 9 79.5711 865.51 418.702 76.93 4.30661
67 2004 4 205.688 1248.92 860.869 204.085 10.8767
67 2004 5 213.615 765.006 456.307 115.084 8.1871
67 2004 6 73.232 1565.51 1103.15 87.8133 14.419
57 2004 1 264.967 2739.96 7239.6 1849.62 159.691
67 2004 7 5180.08 13276.3 2537.2 107.826 7.58225
57 2004 2 171.159 494.563 1059.47 292.852 41.2193
67 2004 8 89.5825 270.013 121.663 8.63323 0.513065
57 2004 3 509.272 2546.75 4901.7 1354.68 137.801
67 2004 9 95.1463 829.303 434.138 81.3633 5.06933
57 2004 4 158.175 1122.57 1029 203.599 17.0922
57 2004 5 157.519 843.635 460.186 94.0385 5.89075
57 2004 6 85.3196 1609.29 1096.27 42.815 8.16161
47 2004 1 393.858 2330.31 7479.8 1893.97 180.816
57 2004 7 5285.59 13323.1 2424.83 117.901 6.57351
47 2004 2 208.786 493.357 1088.77 266.595 24.4337
57 2004 8 106.185 289.783 91.866 14.0041 1.22267
47 2004 3 565.327 2175.77 4896.91 1670.6 153.052
57 2004 9 80.9003 869.902 437.077 49.8728 7.26858
47 2004 4 187.686 1177.79 959.951 185.172 19.8362
47 2004 5 194.58 648.318 602.703 119.621 7.98947
47 2004 6 79.4849 1567.2 1140.58 49.6461 7.20582
37 2004 1 372.425 2969.89 7013.67 1801.14 172.24
47 2004 7 5031.66 13752.8 2161.66 212.982 11.9517
37 2004 2 219.891 419.166 1149.08 280.096 20.0931
47 2004 8 136.713 256.729 90.2962 16.4998 2.82204
37 2004 3 388.322 2062.14 5142.94 1724.08 152.822
47 2004 9 146.977 910.554 316.5 66.5285 4.45995
37 2004 4 174.97 1142.74 993.116 206.35 13.267
37 2004 5 255.427 761.775 410.951 115.755 7.82436
27 2004 1 617.176 2754.6 6929.22 1923.94 130.262
37 2004 6 98.3675 1728.5 977.744 33.4751 6.03126
27 2004 2 219.65 420.612 1060.43 357.608 33.6456
37 2004 7 4939.73 13754 2225.06 203.112 20.2207
27 2004 3 542.04 2596.55 4694.68 1567.89 82.9491
37 2004 8 97.809 343.286 48.7647 11.8779 1.32196
27 2004 4 218.638 1211.59 900.635 188.585 10.9944
37 2004 9 116.535 939.696 296.024 91.0357 1.72916
27 2004 5 256.075 842.152 350.906 104.739 9.13951
27 2004 6 62.6151 1491.79 1202.11 84.8554 0
27 2004 7 5458.1 13083.1 2379.81 229.998 3.90966
27 2004 8 100.564 318.364 64.5431 12.2393 0.816656
27 2004 9 96.1912 911.79 374.219 59.6914 3.12804
94 2004 1 426.061 2611.89 7231.55 1849.91 174.997
94 2004 2 188.687 416.813 1150.44 284.8 44.1871
94 2004 3 353.971 2927.1 4731.49 1354.48 65.469
94 2004 4 120.427 1182 1032.08 175.554 12.0142
94 2004 5 205.64 798.046 465.819 96.048 4.64239
94 2004 6 59.736 1727.86 961.982 86.3718 8.16681
84 2004 1 465.399 2728.2 6669.79 2263.37 203.754
94 2004 7 4966.24 13575.6 2478.35 81.005 10.1328
84 2004 2 217.677 333.752 1090.05 400.734 49.7332
94 2004 8 93.7776 353.243 38.9365 3.42305 0.441281
84 2004 3 365.714 2727.79 4551.05 1626.2 134.518
94 2004 9 100.645 868.21 423.542 46.1313 6.49176
84 2004 4 209.142 1108.41 976.552 216.575 19.7581
84 2004 5 178.861 863.885 410.756 107.847 8.90277
84 2004 6 58.2783 1607.05 1091.63 74.0246 11.0511
84 2004 7 5448.64 13593.9 1957.99 147.178 18.5717
84 2004 8 91.3047 303.143 97.4928 11.0902 0.0291629
84 2004 9 95.6726 847.919 418.988 80.9498 1.49071
97 2004 1 348.016 2568.62 7499.92 1716.23 130.728
97 2004 2 205.39 287.6 1308.22 255.134 28.1258
97 2004 3 296.196 2395.9 5253.15 1355.28 139.874
97 2004 4 150.334 1064.5 1091.6 211.087 12.9108
97 2004 5 218.61 758.015 477.099 111.116 5.70263
97 2004 6 104.404 1595.31 1053.07 80.2412 11.0933
87 2004 1 292.317 2627.39 7081.24 1970.12 251.582
97 2004 7 4965.38 13426.9 2609.89 117.819 10.0556
87 2004 2 190.344 393.232 1228.6 212.577 52.4953
97 2004 8 113.99 227.447 84.6544 22.9958 2.06911
87 2004 3 493.503 2091.33 4979.36 1682.64 145.395
97 2004 9 130.404 834.355 418.472 60.0139 1.77492
87 2004 4 175.429 1029.62 1072.66 232.958 19.7689
87 2004 5 115.574 734.602 547.412 156.103 7.86414
87 2004 6 120.763 1583.91 979.736 138.867 20.8451
