99 1997 1 122.849 808.57 1733.13 2094.6 144.535
99 1997 2 33.3148 347.734 583.137 548.997 44.3212
99 1997 3 247.566 799.889 1233.47 1332.39 139.613
99 1997 4 0.339209 21.4069 12.645 8.05997 0.45893
99 1997 5 40.6602 1270.82 420.656 345.162 10.2805
99 1997 6 90.2988 2360.03 986.226 618.085 40.8805
99 1997 7 3703.64 15575.1 1235.01 399.467 21.0607
99 1997 8 427.174 2042.64 659.625 206.106 25.2105
99 1997 9 96.2006 681.345 396.264 350.809 6.99601
3 1997 1 170.294 670.629 1838.06 2067.8 181.27
3 1997 2 44.4361 449.732 492.608 561.377 9.29514
3 1997 3 116.099 712.215 1148.41 1769.94 60.9342
3 1997 4 0 24.3628 6.32826 11.7081 0.510833
3 1997 5 33.2477 1294.56 439.376 313.364 6.11476
3 1997 6 93.4714 1996.38 1405.63 581.895 44.3763
3 1997 7 4397.63 15819.9 1241.73 403.258 21.1146
3 1997 8 620.662 2121.97 495.346 212.208 14.6848
3 1997 9 211.28 734.192 342.877 174.278 8.38455
52 1997 1 206.157 740.616 1841.98 1938.14 191.712
52 1997 2 43.1168 338.136 602.376 539.543 19.8226
52 1997 3 389.13 747.885 1050.7 1474.19 66.3816
52 1997 4 0 23.6228 11.7251 7.56207 0
6 1997 1 219.949 655.902 1713.85 2153.96 189.529
52 1997 5 42.0139 1081.67 652.602 315.391 18.1921
6 1997 2 36.6264 313.876 529.665 641.473 33.0208
52 1997 6 53.731 2082.2 1104.22 715.318 84.0321
42 1997 1 104.434 655.517 1929.11 2030.67 218.164
6 1997 3 188.934 634.717 1306.06 1527.86 99.1151
52 1997 7 5057.11 15086.9 985.612 349.771 20.6683
42 1997 2 50.8228 339.241 543.969 572.861 41.4696
6 1997 4 0 13.2438 11.787 17.8792 0
52 1997 8 556.047 1978.52 560.31 273.914 24.0967
42 1997 3 293.666 842.158 1153.62 1389 84.2033
6 1997 5 26.4695 1215.04 396.431 374.177 17.2768
52 1997 9 117.976 698.965 383.101 154.611 33.7269
42 1997 4 1.44235 16.5975 11.0575 8.61594 5.19671
6 1997 6 108.144 2233.59 886.927 820.297 60.1836
42 1997 5 59.4991 1163.05 547.21 313.891 21.0616
6 1997 7 4536.94 16028.3 997.562 333.029 29.949
6 1997 8 590.333 2074.56 615.326 222.461 1.31039
32 1997 1 123.91 753.799 1655.3 2270.35 126.679
42 1997 6 50.3401 2295.81 1122.33 582.595 59.2938
6 1997 9 76.48 678.953 382.467 384.779 16.3468
32 1997 2 17.157 358.336 537.298 596.286 33.2709
42 1997 7 4912.88 15300.2 1233.65 425.151 65.3136
32 1997 3 337.015 761.615 1367.43 1218.15 86.9943
42 1997 8 546.463 2228.31 507.975 239.876 3.90453
32 1997 4 0 20.949 10.6406 10.2476 1.07275
42 1997 9 133.788 873.329 312.621 169.431 18.3594
32 1997 5 39.1683 1385.66 400.27 278.919 14.476
22 1997 1 311.848 680.29 1998.29 1770.18 154.325
32 1997 6 155.214 2322.38 976.435 610.103 27.2982
22 1997 2 31.3761 300.188 632.35 543.336 22.7812
32 1997 7 4419.32 15981 879.739 457.629 27.4093
22 1997 3 361.848 816.836 1091.36 1398.66 79.905
32 1997 8 410.624 2297.06 592.601 192.969 2.97209
22 1997 4 0.408667 15.594 4.84611 21.2439 0.817333
32 1997 9 153.583 963.467 200.677 189.633 27.705
22 1997 5 34.1758 1155.28 461.135 403.869 18.0185
12 1997 1 177.291 714.24 1955.28 1920.82 166.051
22 1997 6 185.482 2097.9 1117.46 676.459 31.3625
12 1997 2 122.492 525.418 471.732 418.956 22.4216
22 1997 7 4627.13 15403.3 868.647 454.15 39.5225
12 1997 3 266.66 970.262 1034.06 1421.71 83.7674
22 1997 8 573.557 1995.35 550.64 234.952 2.65847
12 1997 4 1.83376 23.7346 8.32329 9.01836 0
22 1997 9 102.46 768.461 346.906 168.177 52.3716
12 1997 5 25.7643 1223.98 466.163 360.93 26.3208
12 1997 6 110.68 2447.6 1032.94 504.534 37.1597
12 1997 7 3934.49 16188.5 996.329 341.35 29.4529
12 1997 8 593.785 2068.01 454.346 295.361 7.56746
12 1997 9 208.855 841.478 326.983 153.339 2.39539
55 1997 1 218.893 648.914 1878.74 1987.05 192.209
55 1997 2 21.6342 397.601 563.652 524.518 42.9222
55 1997 3 391.408 1028.2 1194.93 986.381 167.372
55 1997 4 0 26.4969 15.8767 0.536375 0
55 1997 5 58.5247 1175.97 514.923 323.647 20.914
55 1997 6 96.6955 2451.81 1070.85 484.814 54.4202
45 1997 1 183.996 697.421 1763.18 2108.41 175.505
55 1997 7 4477.89 16356.2 726.902 296.104 44.3598
45 1997 2 44.4458 405.247 488.729 599.832 10.9398
55 1997 8 688.402 2123.77 422.957 170.134 6.70454
45 1997 3 302.393 1102.08 1168.27 1171.25 22.7487
55 1997 9 214.829 881.103 248.943 173.662 13.1755
45 1997 4 0 24.4638 13.4344 5.01184 0
45 1997 5 47.7937 1217.94 510.569 292.802 16.0419
45 1997 6 110.184 2508.34 917.412 561.311 31.0463
35 1997 1 252.11 702.268 1738.86 2004.76 241.357
45 1997 7 4284.25 16170 1007.54 411.994 36.5796
35 1997 2 49.0328 345.198 574.178 578.345 6.9031
45 1997 8 506.279 2210.07 514.871 234.399 9.34129
35 1997 3 152.885 865.187 1347.85 1360.81 54.6719
45 1997 9 186.017 727.402 326.083 185.181 22.7622
35 1997 4 0 20.9603 13.9777 7.972 0
35 1997 5 66.5081 1114.67 549.582 350.693 29.9887
25 1997 1 131.962 519.321 2044.65 2135.43 104.827
35 1997 6 63.6742 2269.31 1046.5 712.521 50.327
25 1997 2 39.5232 393.825 539.698 557.978 14.2277
35 1997 7 4615.36 15782.8 1165.37 334.647 42.8172
25 1997 3 225.029 906.515 1294.9 1197.14 116.589
35 1997 8 611.79 2073.49 531.165 234.385 23.24
25 1997 4 0 28.1254 10.5184 4.2662 0
35 1997 9 69.8186 828.002 412.242 195.469 13.4098
25 1997 5 19.0528 1250.74 534.604 318.233 12.45
15 1997 1 141.96 627.119 1782.35 2148.78 200.443
25 1997 6 169.292 2039.17 1267.09 602.534 59.1356
15 1997 2 28.1834 298.614 661.138 528.452 29.7292
25 1997 7 4744 14827.3 1892.6 447.388 39.865
15 1997 3 255.53 1123.63 1193.16 1115.91 102.717
25 1997 8 434.487 2021.15 840.45 225.59 10.2504
15 1997 4 0 15.5173 14.2772 11.8096 1.30596
25 1997 9 130.332 780.602 446.178 147.4 19.523
15 1997 5 33.9388 1318.99 443.926 318.216 14.6994
15 1997 6 90.5057 2294.03 1141.42 536.377 23.121
15 1997 7 4066.27 15959.4 1066.19 309.181 26.3946
15 1997 8 457.158 1973.61 616.814 221.904 6.08045
15 1997 9 251.468 618.771 323.943 257.018 4.64547
92 1997 1 277.918 687.747 1653.93 2168.97 130.786
92 1997 2 43.3934 298.282 576.099 615.67 20.6828
92 1997 3 426.051 757.88 1002.91 1514.84 66.783
92 1997 4 0 25.9444 8.85517 8.11046 0
92 1997 5 47.2454 1085.24 491.424 454.414 29.1599
92 1997 6 138.019 1970.57 1150.96 826.434 50.3504
82 1997 1 130.685 672.648 2035.51 1860.92 214.794
92 1997 7 4620.68 15438.4 1185.02 629.349 12.194
82 1997 2 25.3474 341.728 605.152 518.37 25.2849
92 1997 8 643.217 2098.63 465.881 175.317 2.15275
82 1997 3 84.2924 1051.32 1148.27 1436.16 46.9319
92 1997 9 136.877 819.184 271.28 274.293 15.7729
82 1997 4 0 23.6841 5.65234 12.6979 0.875714
82 1997 5 66.0063 1072.85 610.756 346.807 23.781
82 1997 6 133.054 2148.48 985.896 773.611 59.2411
72 1997 1 183.351 942.821 1405.25 2288.75 99.8764
82 1997 7 4022.92 16028.7 1311.02 360.798 50.5003
72 1997 2 23.9354 334.149 516.558 649.94 28.1563
82 1997 8 474.825 2119.82 600.838 208.646 25.8168
72 1997 3 133.553 709.471 1059.72 1716.32 96.4657
82 1997 9 105.237 829.03 269.406 283.168 27.7567
72 1997 4 2.21948 25.2816 6.59131 8.37063 0.446979
72 1997 5 48.4803 1162.62 492.327 378.2 9.57861
72 1997 6 116.641 2231.42 1021.05 718.562 54.3729
62 1997 1 131.609 742.838 1701.57 2099.04 262.109
48 1997 1 124.895 781.509 1708.17 2159.34 155.66
72 1997 7 4577.08 15967.4 825.329 603.314 39.5557
62 1997 2 43.188 417.443 597.296 463.478 22.5736
48 1997 2 32.9655 366.828 536.557 590.317 27.2404
72 1997 8 471.766 2206.64 547.156 305.719 7.69966
62 1997 3 301.904 1082.3 875.785 1421.66 103.431
48 1997 3 122.186 802.411 1334.67 1465.38 67.8059
72 1997 9 166.102 902.428 273.254 193.87 13.3662
62 1997 4 0 18.7734 14.1154 6.26287 3.75832
48 1997 4 0 17.6995 11.5109 12.678 1.02167
62 1997 5 65.1839 1151.82 455.253 372.425 31.6566
48 1997 5 16.9322 1160.49 475.886 436.386 25.1381
62 1997 6 124.798 2348.53 924.526 654.045 69.176
48 1997 6 53.318 2533.95 679.149 801.597 49.9298
38 1997 1 106.179 762.61 1877.4 2044.35 142.019
62 1997 7 4633.03 16025 883.101 390.788 58.0614
48 1997 7 4006.66 16395.5 1002.61 434.588 46.6247
38 1997 2 34.3873 328.439 671.146 498.751 11.6904
62 1997 8 659.721 2094.68 519.794 203.406 5.3805
48 1997 8 381.068 2315.02 590.056 204.444 2.88181
38 1997 3 269.065 991.253 1230.47 1232.25 55.4044
62 1997 9 226.962 647.404 340.23 298.142 36.2815
48 1997 9 61.1448 715.772 446.712 210.215 3.19935
38 1997 4 0 7.30666 5.07776 30.2451 0.280458
38 1997 5 31.7173 1237.43 410.048 356.999 22.6153
28 1997 1 188.525 782.508 1860.38 1916.5 178.564
38 1997 6 73.9004 2196.07 982.516 758.771 49.797
28 1997 2 50.6245 391.373 562.308 502.968 20.7668
38 1997 7 3815.91 16191.3 993.46 633.411 58.4032
28 1997 3 449.409 1291.46 950.84 1076.16 60.9266
38 1997 8 312.847 2043.61 673.505 317.135 4.39251
28 1997 4 0 33.4529 7.19872 2.25842 0
38 1997 9 203.099 810.289 362.029 144.324 17.6319
28 1997 5 32.061 1188.64 611.802 274.795 5.36548
18 1997 1 166.527 766.794 1970.31 1784.6 202.221
28 1997 6 75.9807 2351.17 1106 548.316 24.9327
18 1997 2 32.9215 428.437 537.77 519.479 21.2222
28 1997 7 5212.71 15404.8 895.003 461.544 30.8048
18 1997 3 250.812 859.896 1007.26 1559.38 68.694
28 1997 8 676.96 2054.44 489.178 256.236 33.9874
18 1997 4 0 35.7583 2.83796 3.40556 0.908148
28 1997 9 60.3121 786.788 349.062 303.115 19.6641
18 1997 5 18.3789 1034.56 523.953 442.733 40.7964
18 1997 6 98.8719 2577.71 959.599 469.821 11.8261
18 1997 7 4966.35 14854 934.084 372.31 37.5402
18 1997 8 592.396 1940.7 535.812 167.833 3.57108
18 1997 9 60.6415 829.7 308.464 277.64 9.09086
95 1997 1 136.401 709.398 2037.34 1828.96 219.211
95 1997 2 40.5854 340.309 667.619 482.763 25.8502
95 1997 3 140.683 683.06 1279.64 1593.64 75.0411
95 1997 4 0 34.0321 5.54049 0.953556 2.38389
95 1997 5 40.092 1100.96 609.538 340.849 10.5099
95 1997 6 103.46 2370.25 1054.06 501.764 54.3838
85 1997 1 137.212 747.254 1953 1953.21 149.59
95 1997 7 4861.77 15878.6 939.397 321.319 31.7559
85 1997 2 43.3549 336.786 635.714 507.87 17.065
95 1997 8 436.371 2210.27 780.601 99.6419 3.74962
85 1997 3 112.412 668.482 1360.78 1478.03 140.458
95 1997 9 80.69 836.197 458.991 140.94 15.5457
85 1997 4 0 19.2606 19.1762 4.47313 0
85 1997 5 38.2228 1217.71 535.991 301.51 15.9267
85 1997 6 155.413 2228.01 1080.69 652.006 33.8147
75 1997 1 142.652 847.254 1683.74 2089.44 163.145
85 1997 7 4519.24 15697.7 1208.46 495.652 26.45
75 1997 2 28.621 314.244 627.249 555.026 25.2847
85 1997 8 505.315 2079.16 627.441 209.638 15.0761
75 1997 3 323.103 950.639 1272.32 1178.02 56.0307
85 1997 9 289.404 743.798 321.318 154.948 19.0351
75 1997 4 0 20.0377 16.2913 6.08781 0.493218
75 1997 5 41.4646 1236.35 453.49 335.724 24.333
75 1997 6 36.7004 2165.4 1203.47 678.769 28.8506
65 1997 1 96.223 985.18 1731.45 2000.2 125.191
75 1997 7 3611.55 16241.3 1534.35 416.086 47.6543
65 1997 2 28.3053 352.584 620.493 528.891 9.82138
75 1997 8 398.186 2156.9 684.981 266.738 18.0865
65 1997 3 90.709 976.108 1291.31 1383.64 6.05909
75 1997 9 230.389 619.091 327.28 271.695 11.1984
65 1997 4 1.08176 18.1103 7.64149 16.0764 0
65 1997 5 37.7975 1287.81 452.355 330.886 3.5994
65 1997 6 127.885 2402.48 1043.75 497.45 36.3839
65 1997 7 4109.72 15907.8 1139.32 336.75 13.9432
65 1997 8 575.491 2121.95 539.556 207.357 2.82463
65 1997 9 141.881 868.164 323.086 182.946 8.74013
9 1997 1 104.407 772.935 1835.99 2025.45 179.069
9 1997 2 64.686 230.804 632.635 599.008 26.3457
9 1997 3 271.828 793.016 1300.61 1297.56 132.056
9 1997 4 0 14.974 8.63744 17.7661 1.5325
9 1997 5 61.4231 1042.72 556.902 442.593 16.0731
9 1997 6 146.999 2352.83 1045.1 521.843 72.87
9 1997 7 4161.33 15618.3 1317.07 326.105 38.7942
9 1997 8 382.167 1841.11 739.289 291.858 6.41267
9 1997 9 117.364 737.065 392.902 220.912 14.2548
98 1997 1 201.391 620.093 1841.35 2153.7 77.3391
98 1997 2 50.2058 328.581 625.073 515.018 13.9062
98 1997 3 151.627 585.876 1182.16 1699.27 57.6821
98 1997 4 0 10.2167 23.6686 9.02472 0
98 1997 5 57.186 1133.94 576.288 306.373 7.63084
98 1997 6 63.6679 2229.46 1109.42 690.994 27.3964
88 1997 1 164.853 509.152 2070.99 1944.84 227.476
98 1997 7 4643 16052.4 953.06 339.131 14.277
88 1997 2 43.085 334.817 653.747 473.05 52.9045
98 1997 8 579.651 2101.93 464.997 341.011 13.4142
88 1997 3 264.205 952.626 1335.59 1135.61 94.8174
98 1997 9 91.2211 907.299 346.08 192.028 0
88 1997 4 0.110026 15.4692 13.1053 13.1778 1.04766
88 1997 5 42.0311 1075.75 626.274 315.195 33.2572
88 1997 6 64.1267 2423.71 1043.68 510.071 110.535
78 1997 1 221.852 731.952 1744.95 2091.7 134.785
88 1997 7 4794.54 15153.3 1258.31 303.877 53.2391
78 1997 2 44.7457 354.318 499.198 630.368 24.4057
88 1997 8 590.415 1787.08 801.719 225.066 15.5749
78 1997 3 323.19 862.323 1350.13 1172.66 56.3292
88 1997 9 73.8052 801.059 352.297 271.65 41.3061
78 1997 4 0 0 8.582 30.037 4.291
78 1997 5 82.0203 937.427 612.822 435.116 25.621
78 1997 6 112.438 2266.25 1080.57 600.42 83.3029
68 1997 1 238.509 579.821 1886.2 2148.35 83.4751
78 1997 7 5219.67 15670.2 617.064 473.587 44.7281
68 1997 2 43.1226 408.168 549.052 545.027 11.4882
78 1997 8 594.936 1993.36 642.848 275.035 6.78276
68 1997 3 203.352 616.218 1439.04 1462.86 35.308
78 1997 9 79.0617 871.423 310.979 224.532 6.07459
68 1997 4 0 26.6733 8.24428 7.80548 0.186972
68 1997 5 44.8835 1168.56 473.9 387.044 13.3337
68 1997 6 169.101 2235.77 1047.31 623.003 9.8489
58 1997 1 172.982 738.341 1872.94 1984.03 146.309
68 1997 7 4419.59 15530.6 990.559 392.347 18.6562
58 1997 2 37.5325 287.217 692.452 520.085 23.7335
68 1997 8 660.91 2073.93 430.369 245.05 0
58 1997 3 180.932 803.199 1170.93 1446.15 138.071
100 1997 1 204.601 841.583 1664.5 1982.12 212.464
68 1997 9 70.5585 823.861 380.16 234.38 13.3536
58 1997 4 0.440103 17.0298 12.7931 8.87475 3.77231
100 1997 2 41.263 368.602 549.111 541.821 47.9638
58 1997 5 21.4202 1183.16 496.415 408.984 0
100 1997 3 326.897 807.284 1146.31 1385.28 83.6803
58 1997 6 94.0079 2449.92 868.325 592.031 104.73
100 1997 4 0.0817333 23.6429 7.82091 9.18485 2.17956
58 1997 7 4775.29 15729.8 1048.86 361.247 40.2887
100 1997 5 61.3483 1174.17 520.94 295.481 6.86936
58 1997 8 699.462 1820.07 687.746 287.679 12.4908
100 1997 6 111.536 2233.32 1253.3 443.311 88.3413
58 1997 9 113.377 739.222 509.428 154.004 32.9881
100 1997 7 4996.38 15111.4 1251.77 504.111 48.4541
100 1997 8 715.196 2142.73 401.372 177.335 0
100 1997 9 153.214 809.13 403.57 157.919 0
21 1997 1 129.098 808.051 1970.29 1900.48 126.636
21 1997 2 29.2957 388.743 567.784 534.021 15.5247
21 1997 3 255.826 980.494 1178.11 1333.46 32.4246
21 1997 4 0 18.224 9.80015 12.6509 2.2349
21 1997 5 63.0683 1346.19 393.832 295.306 5.95098
11 1997 1 84.9902 882.678 1761.15 2063.52 116.465
21 1997 6 90.07 2217.75 1137.97 605.387 51.5122
11 1997 2 44.987 420.082 594.143 426.294 37.8083
21 1997 7 4481.73 15953.9 1107.57 396.994 25.6247
11 1997 3 295.966 945.712 1208.17 1276 41.2241
21 1997 8 615.04 2063.79 610.698 212.748 11.0065
11 1997 4 0 22.2191 12.4657 7.10583 1.11939
21 1997 9 151.26 825.758 291.132 199.49 36.4805
11 1997 5 47.1177 1284.87 454.515 311.847 36.3457
11 1997 6 100.195 2403.18 1031.42 552.113 55.7938
11 1997 7 4482.61 16000.9 1003.37 252.797 39.0871
11 1997 8 637.389 2112.42 393.534 277.011 1.34633
11 1997 9 113.059 777.346 392.846 241.898 11.9556
2 1997 1 121.521 643.492 1916.32 2120.75 130.007
2 1997 2 26.4257 409.879 523.72 544.489 18.7096
2 1997 3 65.893 755.662 1326.62 1529.18 107.082
2 1997 4 0 23.4205 11.1848 8.30469 0
2 1997 5 29.3896 1140.47 603.515 283.79 55.9125
2 1997 6 25.8572 2194.36 1258.16 544.87 85.8797
2 1997 7 3749.41 16176.7 1241.49 476.997 28.4926
2 1997 8 472.491 2293.97 551.448 166.927 4.63717
14 1997 1 262.909 670.145 1945.03 1924.17 127.745
2 1997 9 61.6739 808.213 289.162 301.455 2.45876
14 1997 2 96.2838 288.713 700.856 421.698 45.5045
14 1997 3 418.893 939.465 1207.51 1130.88 57.8977
14 1997 4 0 0 0 0 0
14 1997 5 37.1967 1160.47 611.533 294.425 4.65279
14 1997 6 119.417 2173.42 1325.49 475.283 37.3408
14 1997 7 4959.48 15510.7 1148.22 383.002 25.6772
14 1997 8 644.394 2070.79 662.948 146.03 4.44783
14 1997 9 132.735 763.284 456.586 194.06 2.35413
71 1997 1 168.932 799.814 1940.74 1802.66 220.074
71 1997 2 36.4711 202.573 694.091 558.601 34.7654
71 1997 3 305.091 873.68 1168.67 1360.3 57.4685
71 1997 4 0 17.6565 7.95328 13.486 3.81422
71 1997 5 30.0953 1188.11 516.951 340.752 23.7046
71 1997 6 76.514 2206.08 1202.3 532.8 69.1169
61 1997 1 168.874 1018.63 1715 1921.15 91.1955
71 1997 7 5490.77 15095.4 942.79 334.275 17.0588
61 1997 2 23.5966 405.906 492.279 598.023 6.43985
71 1997 8 455.382 2169.24 577.365 278.65 0.45576
61 1997 3 376.659 1297.49 935.4 1073.28 48.4262
71 1997 9 89.1302 989.597 280.994 108.173 39.2604
61 1997 4 0.380858 21.406 15.4704 5.0702 0.582489
61 1997 5 42.8212 1186.22 587.194 298.341 4.84616
61 1997 6 63.5531 2382.05 1103.45 507.734 12.4533
51 1997 1 71.7353 483.472 2054.98 2021.89 302.609
61 1997 7 3923.89 15666.8 1476.68 331.371 9.3829
51 1997 2 52.3424 381.385 531.844 557.645 30.406
61 1997 8 482.511 2199.01 511.331 112.461 6.23905
51 1997 3 512.75 1102.75 1141.91 963.891 83.3753
61 1997 9 138.36 936.922 270.27 202.128 1.33998
51 1997 4 0.340556 14.7413 8.66864 18.3913 0.768142
5 1997 1 174.31 775.316 1665.45 2142.6 149.376
51 1997 5 23.2812 944.921 608.066 481.117 32.2168
5 1997 2 37.763 415.32 487.123 551.662 25.4595
51 1997 6 102.988 2112.34 1237.93 602.498 54.6894
41 1997 1 219.95 612.164 1890.35 2022.68 192.553
5 1997 3 112.535 820.227 1395.78 1362.4 74.0253
51 1997 7 3911.59 15808 1785.03 384.441 50.4904
5 1997 4 0 23.5101 14.9483 4.19921 0.252412
41 1997 2 54.8716 280.864 504.545 677.151 30.1315
51 1997 8 239.932 2129.99 647.576 311.227 18.8754
5 1997 5 25.1164 1387.36 424.284 285.723 3.87844
41 1997 3 507.561 1015.98 987.914 1258.67 24.7387
51 1997 9 136.349 824.054 358.194 170.648 31.4392
5 1997 6 50.5052 2159.69 1120.95 727.309 55.4818
41 1997 4 0 14.9578 11.2318 13.2207 3.4997
5 1997 7 3831.53 16942.6 640.17 355.951 25.0361
41 1997 5 62.4171 1064.51 600.232 369.58 30.4615
5 1997 8 756.719 1985.55 490.794 226.142 2.17014
17 1997 1 142.877 734.619 1828.09 2059.93 174.069
31 1997 1 126.235 626.504 1861.24 2092.83 220.683
41 1997 6 95.9968 1938.38 1123.37 870.997 105.187
5 1997 9 116.407 991.853 273.212 138.965 14.7526
17 1997 2 63.6728 348.713 584.731 536.219 20.6526
31 1997 2 41.3314 322.549 584.108 572.363 24.5753
41 1997 7 4906 15298.9 1159.3 522.429 56.8565
17 1997 3 189.919 915.312 1389.9 1205.23 98.0158
31 1997 3 108.84 715.871 1561.6 1308.08 55.6636
41 1997 8 606.353 1988.67 642.733 259.874 4.7227
17 1997 4 0.707308 19.0223 10.9114 12.2689 0
31 1997 4 0 0 0 0 0
41 1997 9 279.809 683.788 298.008 256.995 30.419
17 1997 5 50.2224 1184.18 494.038 332.522 12.1361
31 1997 5 49.4521 1026.97 594.949 411.297 26.4741
17 1997 6 72.9242 2348.89 1208.03 455.046 29.3392
31 1997 6 112.804 2270.12 1059.78 642.431 49.1931
17 1997 7 5244.98 14866.6 1438.84 440.363 19.1998
31 1997 7 4143.22 14845.3 1884.98 389.734 33.5456
17 1997 8 675.418 2013.21 609.673 242.402 7.40815
31 1997 8 510.452 1811.3 645.203 211.38 10.1981
17 1997 9 40.3266 827.537 399 219.973 14.1522
31 1997 9 141.634 754.905 379.052 204.495 43.7464
74 1997 1 89.8701 825.666 1788.63 2106.8 105.111
74 1997 2 42.3444 361.136 438.442 678.548 25.7175
74 1997 3 503.447 1225.14 810.08 1141.98 79.0981
74 1997 4 0 23.1671 5.69966 14.0433 0
74 1997 5 21.9634 948.319 482.691 603.555 12.738
74 1997 6 84.0256 2268.21 973.658 746.762 34.9423
64 1997 1 160.921 763.744 1897.22 1806.87 271.396
74 1997 7 4180.67 15782.5 1032.77 426.026 31.0452
64 1997 2 45.2792 373.619 535.696 511.393 77.6879
74 1997 8 332.52 2132.19 601.003 277.615 3.08141
64 1997 3 404.043 893.425 1040.11 1360.54 94.3542
74 1997 9 137.16 770.576 307.59 195.489 9.12054
64 1997 4 0 32.0093 4.98218 5.06036 0.8582
64 1997 5 39.3342 986.382 702.217 347.246 21.5784
64 1997 6 105.049 2079.33 1260.74 596.521 85.3987
54 1997 1 126.254 789.185 1883.08 1984.03 158.508
64 1997 7 6054.97 14287.5 1051.87 350.881 26.6491
54 1997 2 43.59 381.312 670.524 412.992 33.2108
64 1997 8 676.269 1888.23 653.232 180.151 17.1437
54 1997 3 425.589 1040.3 1034.55 1228.44 57.4699
64 1997 9 252.78 579.201 359.902 270.749 41.7044
54 1997 4 0.762844 15.225 15.6985 9.71805 1.50561
8 1997 1 123.473 834.279 1852.2 1834.22 292.436
54 1997 5 25.304 1208.97 388.041 444.997 28.0628
8 1997 2 58.778 317.13 610.606 518.777 47.8654
54 1997 6 66.3076 2227.23 1088.51 685.616 31.1794
44 1997 1 157.43 734.556 1852.95 1970.83 215.982
8 1997 3 89.5953 509.979 1598.45 1498.31 58.9405
54 1997 7 4512.01 15703.2 1243.89 262.572 13.7358
44 1997 2 24.707 420.181 484.454 590.678 19.7901
8 1997 4 0 22.6342 13.0467 4.65014 2.57893
54 1997 8 631.042 2019.34 531.416 261.999 18.2544
44 1997 3 335.044 1165.95 1062.17 1086.9 78.0151
8 1997 5 34.0188 1199.23 579.101 300.768 20.8309
54 1997 9 58.7625 981.157 359.567 117.098 14.6301
44 1997 4 2.68187 34.8644 5.36375 0 0
8 1997 6 101.044 2269.28 1130.22 577.285 26.6721
44 1997 5 86.2649 1080.96 536.972 361.815 20.0696
8 1997 7 4876.44 15832.7 864.541 349.083 54.5801
44 1997 6 109.15 2408.44 943.708 670.132 17.7266
8 1997 8 446.375 2259.81 544.593 190.717 3.94396
34 1997 1 152.066 797.519 2001.22 1740.05 241.062
44 1997 7 4641.42 15640.3 941.794 513.289 22.5515
8 1997 9 130.884 683.817 409.281 181.749 105.737
34 1997 2 22.4554 364.5 624.766 501.66 33.3825
44 1997 8 718.536 2084.64 458.982 155.461 3.19635
34 1997 3 372.396 872.937 1224.92 1182.82 96.6176
44 1997 9 163.044 928.06 249.638 177.074 19.5572
34 1997 4 0.487614 21.5846 11.6916 7.30385 1.84233
34 1997 5 56.0074 1179.04 515.24 304.421 10.775
24 1997 1 142.358 692.801 1804.51 1996.93 277.749
34 1997 6 55.0806 2342.16 1219.97 431.129 63.8855
24 1997 2 30.2664 321.41 511.497 588.89 83.8367
34 1997 7 4708.37 15775.1 1108.93 367.688 35.8338
24 1997 3 136.092 851.314 1425.27 1310.41 47.4524
34 1997 8 479.796 2140.51 523.413 267.297 16.6066
24 1997 4 0.504824 15.5124 9.68157 14.7884 2.42282
34 1997 9 101.71 731.919 467.298 155.69 13.4728
24 1997 5 37.9849 1209.78 489.986 325.951 21.9126
24 1997 6 73.8604 2458.91 919.955 544.726 94.8094
24 1997 7 4315.23 15808 1120.01 455.003 49.3135
24 1997 8 443.086 2193.08 572.659 170.051 23.8179
24 1997 9 41.4793 856.346 299.683 295.368 25.1642
91 1997 1 114.3 983.835 1719.51 1974.86 144.158
91 1997 2 44.1066 438.955 529.641 508.285 15.768
91 1997 3 88.0741 708.906 1324.59 1620.19 24.1055
91 1997 4 0 23.6555 9.55084 9.70365 0
91 1997 5 72.0776 1142.33 587.1 299.768 6.57886
91 1997 6 84.814 2603.17 823.398 620.653 25.5656
81 1997 1 101.794 772.442 1821.72 2046.04 183.05
67 1997 1 88.5541 855.967 1753.09 2024.92 197.3
91 1997 7 4448.47 15576 1462.14 314.068 27.9429
81 1997 2 33.6478 320.563 602.577 578.615 10.8909
67 1997 2 26.9138 273.827 674.285 552.056 15.9546
91 1997 8 607.137 2130.87 522.271 217.133 7.69337
81 1997 3 80.6316 685.512 1488.75 1442.63 25.0927
67 1997 3 227.601 1081.81 1084.26 1369.18 18.468
91 1997 9 140.787 726.766 426.885 201.09 8.91522
81 1997 4 0 18.6837 14.3033 9.92294 0
67 1997 4 0.107275 15.0394 8.61271 18.9856 0.165038
81 1997 5 19.504 1209.24 521.822 276.261 17.9723
67 1997 5 13.9289 1180.29 597.19 307.672 5.83483
81 1997 6 42.0958 2059.75 1121.73 785.208 44.8468
67 1997 6 86.8906 2326.88 981.919 671.939 60.8092
57 1997 1 139.909 847.876 1885.52 1837.13 211.715
81 1997 7 4189.6 15359.9 1123.02 429.841 13.8345
67 1997 7 4446.6 15774.6 1379.9 414.869 13.2377
57 1997 2 52.7708 359.949 614.73 506.663 19.7957
81 1997 8 579.858 2002.65 629.173 180.144 0
67 1997 8 596.547 2139.53 551.602 194.18 12.9669
57 1997 3 177.194 1119.14 1245.69 1138.79 69.4681
81 1997 9 108.117 802.475 319.34 200.856 7.58678
67 1997 9 119.839 816.052 412.484 164.016 24.9835
57 1997 4 0 17.164 20.0247 5.72133 0
57 1997 5 46.3975 1099.43 563.296 388.504 38.1592
57 1997 6 120.235 2258.97 1039.95 583.831 79.4531
47 1997 1 226.022 816.38 1756.9 1977.99 142.69
57 1997 7 5794.71 14002.9 1153.98 378.864 25.4631
47 1997 2 51.7209 384.28 580.341 501.707 21.5377
57 1997 8 456.594 2021.93 633.444 284.635 1.08466
47 1997 3 276.341 938.12 1063.05 1483.9 28.3007
57 1997 9 88.1721 958.641 246.899 161.531 50.3462
47 1997 4 0 19.4642 9.69679 13.749 0
47 1997 5 99.8103 1179.41 431.803 390.266 9.80298
47 1997 6 85.6275 2155.52 1164.83 601.589 41.683
37 1997 1 159.632 690.646 1767.29 2207.71 112.7
47 1997 7 5218.01 14791.1 1318.82 424.059 13.0435
37 1997 2 68.8528 394.523 489.654 599.007 4.97023
47 1997 8 595.35 2007.09 599.982 290.386 12.5002
37 1997 3 456.806 1011.11 938.841 1302.04 84.9174
47 1997 9 140.969 677.402 343.21 339.646 18.2877
37 1997 4 0 25.9916 11.4196 5.4988 0
37 1997 5 36.4793 1140.86 498.107 399.364 29.0699
27 1997 1 177.99 598.584 1960.93 1808.66 357.581
37 1997 6 74.0092 2281 1112.51 654.736 10.606
27 1997 2 44.1518 326.704 540.175 593.038 31.1178
37 1997 7 4264.51 16099.1 1042.39 418.93 13.2678
27 1997 3 401.818 1008.25 995.22 1354.72 33.3857
37 1997 8 500.784 2090.37 632.176 246.692 6.51269
27 1997 4 0 13.7778 17.4457 11.1501 0.536375
37 1997 9 174.433 665.676 477.601 169.803 28.0741
27 1997 5 84.051 1161.23 539.76 283.364 20.3602
27 1997 6 91.0509 2370.92 1306.48 310.296 60.993
27 1997 7 5431.13 15186.9 952.616 432.797 44.4981
27 1997 8 528.23 2056.56 687.27 175.213 36.0365
27 1997 9 267.23 819.399 234.246 207.434 20.7101
94 1997 1 183.218 612.178 1971.08 2035.88 124.116
94 1997 2 31.8745 311.93 721.689 461.212 17.198
94 1997 3 512.322 1223.82 967.251 973.064 61.8417
94 1997 4 0.430175 16.6153 9.11804 15.566 1.18054
94 1997 5 72.1364 1245.57 506.445 289.527 11.6452
94 1997 6 105.995 2262.93 1306.01 439.786 10.2522
84 1997 1 117.665 711.191 1979.66 1793.44 314.173
94 1997 7 4426.29 15257.1 1426.01 300.681 29.2631
84 1997 2 38.6926 317.466 637.22 512.816 40.1684
94 1997 8 485.145 1942.38 771.066 114.987 0
84 1997 3 247.134 1497.24 782.184 1192.84 59.1505
94 1997 9 144.133 611.209 422.444 238.445 28.1255
84 1997 4 0 15.5583 22.9018 4.44993 0
84 1997 5 22.9375 1127.66 556.914 353.931 31.8921
84 1997 6 88.652 2216.51 1097.89 642.116 82.9808
84 1997 7 4019.84 16590.6 993.198 338.682 54.5209
84 1997 8 464.82 2239.31 649.875 202.713 2.31532
84 1997 9 84.6103 898.458 291.225 164.444 79.9098
97 1997 1 74.7201 819.886 1724.46 2162.06 154.64
97 1997 2 39.8054 395.598 599.131 512.411 6.97882
97 1997 3 273.755 965.027 1090.6 1359.62 115.918
97 1997 4 0 17.8435 11.5018 13.5647 0
97 1997 5 51.0454 1084.23 508.663 418.042 18.5249
97 1997 6 104.438 2373.89 990.151 600.609 83.0465
87 1997 1 148.259 638.303 1668.11 2296.14 190.37
97 1997 7 5165.42 14899.8 1437.8 460.78 25.233
87 1997 2 25.6222 390.46 634.375 462.064 23.7865
97 1997 8 541.362 1986.6 604.861 283.677 18.9485
87 1997 3 83.9511 810.543 1335.6 1445.14 74.1252
97 1997 9 167.119 752.158 273.246 301.701 13.3037
87 1997 4 0 22.5933 6.44056 13.3015 0.574687
87 1997 5 36.8191 1399.52 299.234 342.824 11.6274
87 1997 6 83.4885 2056.65 1262.14 672.716 53.2942
77 1997 1 244.279 684.092 1722.02 2098.53 173.319
87 1997 7 3665.32 15821.9 1198.77 442.654 26.6257
77 1997 2 18.1807 391.827 550.883 553.404 18.3422
87 1997 8 299.661 2266.17 551.207 283.492 2.05843
77 1997 3 342.234 1063.3 1035.93 1296.14 23.4026
87 1997 9 114.937 894.089 256.446 255.184 15.0105
77 1997 4 0 21.7031 12.357 7.62396 1.226
77 1997 5 42.921 1127.87 606.777 312.455 17.8008
77 1997 6 143.946 2240.32 1079.79 653.44 24.6557
77 1997 7 5162.23 15430.6 829.434 494.911 27.9254
77 1997 8 649.702 2004.94 542.075 315.477 1.4023
77 1997 9 78.7291 821.537 384.656 135.073 83.0136
40 1997 1 155.482 849.179 1911.22 1943.91 69.829
40 1997 2 49.8163 433.99 607.817 447.254 11.0711
40 1997 3 249.448 1013.67 1233.9 1215.54 49.9483
40 1997 4 0.650152 10.8917 7.82984 23.372 0.166318
40 1997 5 57.27 1393.86 344.555 339.876 7.27632
30 1997 1 210.691 620.635 1954.15 2000.32 146.726
40 1997 6 57.9401 2607.19 691.932 712.425 37.9148
30 1997 2 64.6192 429.892 515.658 503.805 22.2023
40 1997 7 4435.95 15929.8 891.159 314.205 8.63034
30 1997 3 522.029 949.153 1173.74 1024.29 88.5429
40 1997 8 590.459 2153.32 479.613 163.743 3.41873
30 1997 4 0 18.9392 10.1007 12.3376 1.5325
40 1997 9 61.9189 983.414 308.888 152.835 8.53234
30 1997 5 70.8845 1178.85 517.775 336.873 7.84979
20 1997 1 154.665 702.296 1943.12 2018.69 118.561
30 1997 6 124.199 2331.65 873.828 732.203 51.4515
30 1997 7 5293.77 14631.5 1242.84 434.882 30.7467
20 1997 2 58.5775 322.573 525.612 621.581 10.9948
20 1997 3 248.813 620.927 1173.93 1631.3 58.8758
30 1997 8 623.89 1907.7 664.082 187.749 1.67248
20 1997 4 0 17.0923 13.384 11.5631 0.870638
30 1997 9 113.764 953.128 277.549 143.039 8.12663
20 1997 5 28.8713 1212.98 531.798 312.547 18.1052
10 1997 1 223.984 730.189 1840.16 1909.88 219.278
20 1997 6 116.819 2363.8 1083.9 562.281 24.0501
10 1997 2 64.8247 369.562 593.524 518.935 11.0082
20 1997 7 4948.82 15372.4 1054.34 352.057 14.885
10 1997 3 168.079 781.425 1100.41 1635.37 49.4345
20 1997 8 546.726 2124.57 607.126 193.047 6.44303
10 1997 4 0 22.4975 14.1692 6.24328 0
20 1997 9 133.878 847.027 289.06 223.743 21.8799
10 1997 5 22.5213 1141.15 564.381 316.367 19.061
10 1997 6 87.4085 2168.98 1099.44 683.155 56.6191
10 1997 7 4442.7 14926.4 1342.55 399.832 29.2702
10 1997 8 692.109 2034.35 492.3 167.887 13.1437
10 1997 9 157.774 981.724 277.411 90.6707 10.7653
33 1997 1 207.547 528.639 1981.49 2122.04 93.8023
33 1997 2 58.9789 418.067 582.949 478.574 6.6033
33 1997 3 455.501 591.518 1287.64 1323.72 49.0669
1 1997 1 127.457 804.802 1854.54 1959.8 184.024
33 1997 4 0.272444 12.8716 14.0248 14.9749 0.76625
1 1997 2 27.0467 414.516 663.363 416.374 26.2047
33 1997 5 74.7692 1015.5 460.899 529.338 8.92996
1 1997 3 395.184 1367.9 787.493 1179.92 25.7214
23 1997 1 175.105 650.633 1902.22 2043.92 151.838
33 1997 6 80.2259 2140.97 1066.79 830.217 21.8538
1 1997 4 0 24.9956 12.7356 5.17879 0
23 1997 2 53.0032 338.918 615.026 536.501 7.47938
33 1997 7 6211.25 13780.9 1072.6 481.057 12.7816
1 1997 5 18.8414 1061.19 509.041 431.275 42.4724
23 1997 3 361.831 1040.14 1146.69 1114.46 116.547
33 1997 8 673.478 1805.5 596.351 240.074 7.56597
1 1997 6 32.694 2305 950.323 768.109 58.7481
23 1997 4 0.4291 16.5896 12.6509 12.8829 0.357583
33 1997 9 123.512 685.144 345.414 349.575 7.82333
1 1997 7 3293.98 16825.5 965.107 401.418 22.6038
23 1997 5 92.8801 1237.08 440.569 289.702 28.3575
1 1997 8 466.71 2027.56 556.592 333.62 5.96401
13 1997 1 144.421 779.911 1828.58 1985.84 187.085
23 1997 6 111.273 2040.24 1170.87 744.942 68.4842
1 1997 9 110.84 800.381 307.31 254.454 21.2019
13 1997 2 59.7013 277.931 691.969 513.771 6.73128
23 1997 7 4964.68 15639.2 1064.35 281.169 29.3716
13 1997 3 105.674 846.022 1340.63 1425.97 25.7614
23 1997 8 354.722 2190.39 669.517 282.691 17.7693
13 1997 4 0.678419 23.9606 6.84545 11.2202 0.205311
23 1997 9 97.2386 694.369 411.043 309.842 36.5268
13 1997 5 109.485 1052.68 562.912 407.853 9.90818
13 1997 6 154.57 2288.13 1027.99 641.64 2.88542
13 1997 7 4737.71 15825.7 799.113 421.331 5.21489
13 1997 8 539.023 2113.11 446.946 270.852 4.84881
13 1997 9 141.034 851.946 338.677 197.834 3.88226
90 1997 1 162.765 688.02 1993.63 1865.2 204.606
90 1997 2 18.3654 253.967 599.251 612.035 51.1661
90 1997 3 725.895 1161.15 1011.55 780.307 63.7889
90 1997 4 0 19.4943 15.2954 7.51441 0.605905
90 1997 5 64.4771 1239.87 492.921 291.761 13.807
90 1997 6 113.413 2163.1 1226.2 523.294 30.4976
80 1997 1 105.432 912.143 1810.12 1909.72 185.603
90 1997 7 5193.97 15047.3 1069.13 423.368 34.6144
80 1997 2 37.9011 271.879 598.13 604.578 48.5312
90 1997 8 587.696 2004.12 644.524 215.07 6.19445
80 1997 3 131.374 882.095 1320.66 1395.13 48.0202
90 1997 9 193.868 799.111 381.854 110.111 21.6371
80 1997 4 0 18.3169 16.3475 8.24554 0
80 1997 5 11.2075 1268.95 487.616 329.789 18.7177
80 1997 6 171.559 2386.14 861.468 582.15 41.4401
70 1997 1 145.191 733.862 1841.93 2017.82 163.655
80 1997 7 4625.32 15873.7 968.864 296.625 28.6214
70 1997 2 34.4336 391.78 634.774 451.86 41.3399
80 1997 8 487.023 2108.97 668.768 214.189 0
70 1997 3 137.486 959.78 1017.59 1479.05 94.9837
80 1997 9 139.368 778.545 425.188 174.415 12.3792
70 1997 4 0 13.0596 11.994 17.8564 0
70 1997 5 32.2862 1258.99 439.415 399.786 5.76918
70 1997 6 52.532 2235.97 1049.93 735.282 18.0003
60 1997 1 181.069 702.354 1718.19 2150.69 148.649
70 1997 7 4228.05 15308.2 1565.8 316.74 38.4417
60 1997 2 58.0306 397.634 553.287 507.729 44.3383
70 1997 8 351.263 2295.72 535.04 155.866 6.99277
60 1997 3 63.6735 632.958 1218.05 1792.34 82.9687
70 1997 9 175.347 863.704 279.929 114.639 14.0632
60 1997 4 0 25.5542 14.2359 3.11991 0
60 1997 5 62.1644 1229.64 529.109 293.694 10.8088
60 1997 6 104.852 2473.03 783.69 631.633 45.6982
50 1997 1 214.478 797.751 1776.33 2039.16 91.735
36 1997 1 118.345 907.349 1611.46 2079.18 217.048
60 1997 7 5209.26 14594.4 1089.36 434.589 40.2776
50 1997 2 16.743 367.007 583.796 555.627 24.0743
36 1997 2 63.8864 355.769 649.093 459.744 26.0102
60 1997 8 470.81 2198.77 464.998 231.482 1.99491
50 1997 3 363.384 929.864 1197.73 1189.8 75.6836
36 1997 3 84.6987 607.469 1272.71 1794.16 30.8934
60 1997 9 93.3915 879.911 274.467 179.806 20.1067
50 1997 4 0 11.3843 20.9187 10.607 0
4 1997 1 157.219 720.157 1541.02 2352.83 159.421
36 1997 4 0 15.4569 16.0284 10.1552 1.26953
50 1997 5 31.8747 1086.3 585.597 407.082 9.89832
4 1997 2 50.2969 408.754 576.867 488.095 20.5404
36 1997 5 51.4032 1168.53 519.899 329.868 30.2849
50 1997 6 83.2943 2450.14 950.046 605.781 41.2471
4 1997 3 114.937 648.966 1289.85 1559.15 175.759
26 1997 1 201.642 652.952 1728.39 2137.38 189.489
36 1997 6 81.1885 2458.03 853.626 647.055 73.8117
50 1997 7 4239.93 15793.9 1222.54 458.505 23.822
4 1997 4 2.40056 13.9743 16.0104 10.5248 0
26 1997 2 31.1432 453.05 468.028 570.913 29.9219
36 1997 7 4682.1 15394.9 1372.39 355.687 34.3943
50 1997 8 534.434 2029.55 609.281 216.508 8.63753
4 1997 5 56.5095 1193.57 412.159 445.586 0
26 1997 3 88.0004 726.224 1121.64 1847.76 21.2584
36 1997 8 584.518 2199.38 439.07 203.1 5.15212
50 1997 9 122.528 831.207 362.397 204.407 3.89304
4 1997 6 122.29 2261.13 983.63 633.053 71.5912
26 1997 4 0 31.7924 8.25692 2.00247 0.8582
36 1997 9 146.598 771.539 353.841 221.719 11.482
4 1997 7 4721.39 15460.2 1205.2 451.044 17.2154
26 1997 5 70.0562 1198.72 455.457 369.487 13.5065
4 1997 8 627.593 2043.28 490.1 237.223 1.47555
16 1997 1 113.359 1007.8 1973.81 1699.42 147.852
26 1997 6 85.0216 2228.78 1125.99 699.135 17.872
4 1997 9 78.1813 826.32 387.288 219.432 11.0909
16 1997 2 26.7804 378.47 597.709 518.691 33.0997
26 1997 7 3745.78 15953.4 1173.66 368.222 11.3151
16 1997 3 284.652 1147.19 1235.66 1057.37 50.0899
26 1997 8 478.919 2083.91 405.308 368.457 0
16 1997 4 0 18.0699 16.2581 7.62844 0.953556
26 1997 9 75.3867 889.545 280.725 157.315 23.7573
16 1997 5 14.6896 1256.46 543.151 267.08 35.9523
16 1997 6 93.037 2602.45 811.177 550.215 73.3554
16 1997 7 3918.56 16542 951.892 334.507 27.1225
16 1997 8 361.857 2121.32 588.553 236.51 14.1773
16 1997 9 72.8748 850.185 429.288 150.815 20.4629
93 1997 1 178.863 645.44 1913.38 1974.63 213.749
93 1997 2 26.5443 286.684 662.906 510.512 42.7318
93 1997 3 234.865 974.454 1082.19 1406.03 76.5517
93 1997 4 2.28853 15.5683 10.8661 12.5779 1.60912
93 1997 5 44.9029 1068.08 526.313 427.942 19.8415
93 1997 6 100.566 2073.46 1157.11 753.414 57.7787
83 1997 1 173.664 585.613 2054.86 1981.52 133.075
93 1997 7 5629.65 15154.4 711.591 487.017 24.7964
83 1997 2 66.5632 331.609 424.884 700.288 11.8737
93 1997 8 636.374 1999.28 515.039 255.348 0
83 1997 3 435.479 1278.02 808.069 1237.35 29.9383
93 1997 9 90.1449 835.787 365.895 247.629 9.56477
83 1997 4 0.141151 21.2596 7.77582 13.7334 0
83 1997 5 36.9365 1194.02 477.91 375.015 13.5317
83 1997 6 37.0468 2134.38 1292.5 598.882 41.0317
73 1997 1 106.611 722.269 1855.31 2032.43 212.216
83 1997 7 5197.49 15658.4 588.91 373.193 21.6519
73 1997 2 30.249 352.311 512.604 620.599 28.2425
83 1997 8 596.158 1950.05 712.001 247.212 3.59919
73 1997 3 86.8291 972.335 1234.67 1341.22 103.975
83 1997 9 102.439 750.193 408.167 239.221 24.7972
73 1997 4 0 22.4251 11.8541 8.09448 0.536375
73 1997 5 41.4792 1189.18 497.221 337.056 24.526
73 1997 6 55.2898 2159.11 1206.92 585.33 70.4889
63 1997 1 119.431 654.037 2002.28 1862.75 282.622
73 1997 7 3460.18 16073.5 1222.35 453.172 27.3912
63 1997 2 28.625 396.132 593.744 510.579 28.5979
73 1997 8 358.586 1911.4 743.008 392.526 10.3263
63 1997 3 128.684 835.048 1001.77 1541.85 197.484
73 1997 9 100.409 780.132 388.606 255.089 0
63 1997 4 0 32.1825 3.065 3.065 4.5975
63 1997 5 18.5218 1236.3 501.477 320.057 12.0593
63 1997 6 65.7379 2427.24 1028.13 503.28 130.376
53 1997 1 232.917 757.267 1738.16 1986.88 219.745
63 1997 7 4430.25 15455.5 1577.38 372.014 57.3167
53 1997 2 55.6673 359.919 373.044 738.339 34.0505
63 1997 8 481.445 1971.88 638.859 270.422 56.8509
53 1997 3 435.566 917.614 1239.75 1135.5 27.9269
63 1997 9 60.8813 873.103 391.279 179.63 25.4637
53 1997 4 0 29.3955 11.8318 1.68275 0
7 1997 1 64.0206 949.868 1708.36 2033.98 167.356
53 1997 5 78.6593 1245.47 498.539 291.495 22.2635
7 1997 2 28.6837 399.854 531.445 549.777 35.1006
53 1997 6 96.3252 2264.43 998.442 646.759 61.9391
7 1997 3 268.842 1115.46 1123.44 1088.6 168.333
29 1997 1 117.158 792.927 1812.16 2079.95 135.462
43 1997 1 135.861 780.444 1784.55 2048.31 174.582
53 1997 7 4610.96 15678.2 1147.02 354.745 26.8654
7 1997 4 0.8582 24.3636 4.44498 12.4387 0.804562
29 1997 2 22.1764 324.168 548.21 622.217 5.75745
43 1997 2 38.251 497.814 487.629 512.546 21.0097
53 1997 8 533.982 2156.12 635.731 174.174 1.75322
43 1997 3 135.605 773.422 1322.31 1507.31 38.3058
7 1997 5 77.5528 1094.29 585.631 322.22 29.6599
29 1997 3 355.799 1037.59 1087.64 1193.91 62.0379
53 1997 9 187.367 767.294 311.947 270.17 12.2408
43 1997 4 1.54036 18.9067 9.72353 12.5036 0.235769
7 1997 6 62.0514 2367.29 942.797 682.92 39.3439
29 1997 4 0 17.1383 7.72318 18.0485 0
43 1997 5 26.2694 1114.22 607.248 340.45 28.99
7 1997 7 4965.55 15419 990.595 468.614 43.3724
29 1997 5 30.942 1219.34 494.232 352.053 11.4859
43 1997 6 120.99 2368.1 1136.18 453.775 58.101
7 1997 8 581.263 2068.99 580.756 234.315 4.93737
19 1997 1 143.619 621.1 1993.1 1926.57 247.644
29 1997 6 79.1923 2102.81 1073.8 757.886 15.8006
43 1997 7 5413.74 15097.3 1146.53 355.073 14.7029
7 1997 9 196.256 755.384 333.262 199.291 18.2399
19 1997 2 20.6574 284.183 564.94 658.502 20.6675
29 1997 7 4106.52 16179.3 1205.16 320.43 10.8369
43 1997 8 737.781 1995.89 553.233 138.304 9.10857
19 1997 3 291.395 847.146 1268.45 1354.49 41.6832
29 1997 8 506.215 2269.72 543.432 167.569 10.9437
43 1997 9 231.7 647.437 277.187 371.712 20.984
19 1997 4 0 20.9808 13.2267 8.01038 0.692097
29 1997 9 176.617 759.386 366.772 219.069 16.8505
19 1997 5 111.263 926.555 671.565 348.917 11.9023
19 1997 6 120.576 2214.82 1215.21 520.275 44.0497
19 1997 7 4423.29 15364.5 1264.56 431.037 34.2069
19 1997 8 615.769 1879.13 764.458 172.182 5.32508
19 1997 9 209.277 763.923 394.875 145.485 2.73392
96 1997 1 77.4981 830 1611.82 2252.62 160.122
96 1997 2 20.654 336.766 519.089 654.917 17.5243
96 1997 3 268.342 959.761 1242.09 1270.41 17.6424
96 1997 4 0 30.0872 7.39715 4.95922 0.466413
96 1997 5 19.2627 1288.72 448.581 379.575 6.69674
96 1997 6 126.997 2292.23 925.998 781.639 39.6658
86 1997 1 142.669 690.579 1929.25 1928.82 236.799
96 1997 7 4048.66 16138.7 1128.9 343.189 15.2476
86 1997 2 41.5174 383.342 492.035 603.257 15.7486
96 1997 8 434.85 2290.15 406.843 277.344 4.39942
86 1997 3 282.491 1186.67 1030.38 1171.62 71.5631
96 1997 9 119.791 799.289 334.19 225.716 15.2025
86 1997 4 1.839 14.3644 13.6297 13.0769 0
86 1997 5 44.1909 1067.94 585.683 309.425 18.8675
86 1997 6 163.811 2229.55 877.276 806.453 79.507
76 1997 1 116.616 728.471 1873.97 1986.05 203.77
86 1997 7 5446.49 15195.4 903.152 428.33 29.0245
76 1997 2 19.4963 379.561 638.248 453.852 36.492
86 1997 8 764.005 1933.62 562.037 186.38 4.84187
76 1997 3 161.296 1043.08 1156.08 1280.68 92.9309
86 1997 9 120.882 832.335 326.963 249.309 8.30634
76 1997 4 0 17.965 17.6217 6.89421 0.4291
76 1997 5 38.1348 1156.55 684.503 209.789 10.1288
76 1997 6 46.3034 2416.77 995.89 625.192 20.1675
66 1997 1 115.968 811.107 1766.3 2152.38 87.7252
76 1997 7 3905.49 16806.8 716.818 323.839 38.5009
66 1997 2 25.538 364.102 510.144 640.024 17.897
76 1997 8 390.483 2271.64 664.421 160.319 0.784446
66 1997 3 185.434 1161 938.276 1434.01 53.8329
76 1997 9 116.974 818.413 394.106 161.155 32.5556
66 1997 4 0 19.8774 11.8949 8.99217 2.1455
66 1997 5 44.2798 1168.81 521.34 383.197 11.9415
66 1997 6 37.4564 2280.51 1135.47 646.248 22.9177
56 1997 1 174.012 825.195 1868.88 1878.23 161.786
66 1997 7 5188.75 15454.4 843.546 433.091 31.8995
56 1997 2 12.4998 385.458 667.418 453.05 31.7791
66 1997 8 589.391 2024.15 636.414 175.728 9.19646
56 1997 3 137.924 802.704 1423.45 1386.44 53.3673
66 1997 9 55.6775 844.102 332.66 252.742 7.5104
56 1997 4 0 14.7371 13.2356 14.6928 0.244501
56 1997 5 8.58223 1205.63 592.983 286.568 25.0864
56 1997 6 65.6956 2050.24 1480.55 486.846 38.3562
46 1997 1 185.189 630.104 1970.35 2009.64 128.305
56 1997 7 3330.95 16885.3 913.421 324.812 15.1224
46 1997 2 44.9725 307.674 620.267 561.349 23.1103
56 1997 8 550.6 2115.06 570.427 239.978 8.29611
46 1997 3 176.801 850.197 1074.21 1607.32 88.9995
56 1997 9 231.502 833.374 341.668 122.594 2.85997
46 1997 4 0 28.4334 12.5348 1.94182 0
46 1997 5 65.2489 1043.62 502.483 468.372 18.6546
46 1997 6 197.077 2517.4 904.163 445.712 41.3077
46 1997 7 4829.35 15640.7 774.302 475.722 28.8254
46 1997 8 447.537 2086.82 609.999 279.35 14.6754
46 1997 9 76.441 929.411 302.948 185.717 8.60567
89 1997 1 209.547 747.996 1654.08 2104.78 218.036
89 1997 2 40.7725 364.144 581.953 531.774 17.5418
89 1997 3 313.006 700.929 1306.58 1374.73 44.2165
89 1997 4 0 26.8158 14.1746 1.9196 0
89 1997 5 21.6475 1310.84 479.615 226.911 60.3493
89 1997 6 104.693 2296.62 1240.62 434.844 31.6108
79 1997 1 122.276 800.471 1799.17 1947.25 277.715
89 1997 7 4845.03 15531.1 972.241 434.151 23.8977
79 1997 2 30.0122 398.379 647.794 435.594 33.7086
89 1997 8 550.842 2064.83 585.494 220.362 12.4236
79 1997 3 471.111 1001.68 1060.7 1252.08 24.4094
89 1997 9 153.77 784.636 352.15 221.182 6.30157
79 1997 4 0 17.7559 17.7559 7.39828 0
79 1997 5 51.9817 1237.28 517.084 275.186 24.9881
79 1997 6 92.5883 2476.17 976.75 589.042 32.8386
69 1997 1 111.607 841.956 1809.29 2085.61 60.3799
79 1997 7 4773.74 15329.5 1543.3 352.745 43.5297
69 1997 2 31.1898 370.262 564.354 557.066 18.1347
79 1997 8 437.942 2056.7 686.802 258.222 10.8616
69 1997 3 158.59 1015.1 1212.25 1202.45 92.441
79 1997 9 61.4422 754.83 397.002 290.683 16.8984
69 1997 4 0 16.7805 16.0337 9.84343 0.252412
69 1997 5 30.3298 1195.85 451.763 400.595 1.73791
69 1997 6 71.6942 2228.14 1337.17 489.169 8.48613
59 1997 1 74.4394 825.634 1961.74 1945.39 126.75
69 1997 7 4434.95 15606.4 858.053 499.796 8.84927
59 1997 2 51.1735 365.559 500.648 600.225 35.6298
69 1997 8 456.923 1995.51 640.546 175.915 0
59 1997 3 110.643 670.968 1307.71 1651.34 43.6741
69 1997 9 170.489 755.46 307.556 201.617 1.46966
59 1997 4 4.5893 21.1725 8.94483 7.57235 0.631029
59 1997 5 56.7965 1243.25 558.019 263.2 14.3815
59 1997 6 100.451 2220.85 1023.51 718.503 52.1965
49 1997 1 113.559 844.228 1703.44 2108.53 153.65
59 1997 7 5039.75 15425.2 1120.09 440.427 25.3753
49 1997 2 23.7528 230.412 664.116 623.211 12.367
59 1997 8 630.808 2075.06 509.8 256.347 0
49 1997 3 265.499 1007.42 1177.06 1222.05 50.8056
59 1997 9 134.966 850.199 355.168 184.973 11.7052
49 1997 4 0 18.5574 20.3677 2.92533 1.05951
49 1997 5 42.2486 1193.61 496.439 386.039 16.7971
49 1997 6 95.4801 2368.43 932.368 636.307 74.1802
39 1997 1 103.119 659.975 2175.29 1776.79 216.096
49 1997 7 4946.97 14882.2 1038.33 471.034 22.8279
39 1997 2 47.2775 376.145 577.227 516.907 18.8517
49 1997 8 525.987 2166.58 623.144 185.916 5.21852
39 1997 3 112.735 658.974 1494.62 1443.59 43.2609
49 1997 9 117.899 689.68 410.861 238.824 22.6913
39 1997 4 0 15.4592 18.2826 8.47989 0.688396
39 1997 5 9.79988 1248.62 592.868 211.384 9.44922
39 1997 6 95.1835 2329.14 1162.13 470.659 59.35
39 1997 7 4225.42 15647.8 1169.87 338.463 38.4569
39 1997 8 605.775 2112.1 590.94 117.896 13.6886
39 1997 9 242.32 731.349 326.858 183.827 1.98975
