93 1999 1 144.98 635.807 1678.99 582.162 45.9885
93 1999 2 170.367 119.825 209.53 34.9776 19.4008
93 1999 3 403.306 633.314 1211.76 404.186 22.3243
93 1999 4 0 0 0 0 0
93 1999 5 0 11.79 0 0 0
93 1999 6 45.07 798.339 403.118 34.8686 3.08399
83 1999 1 76.8099 727.811 1681.47 569.045 39.0118
93 1999 7 489.996 1937.23 206.594 8.16013 1.61623
83 1999 2 100.37 93.7062 240.77 64.874 54.3796
93 1999 8 28.5674 237.014 67.5605 19.1385 3.13745
83 1999 3 286.008 698.008 1255.07 407.481 14.8216
93 1999 9 241.25 801.053 206.319 18.6279 1.45265
83 1999 4 0 0 0 0 0
83 1999 5 0 0 0 0 0
83 1999 6 27.0548 820.09 403.403 25.6565 8.2752
73 1999 1 136.104 615.057 1738.63 558.577 44.3059
83 1999 7 391.778 2040.76 167.89 30.399 2.62957
73 1999 2 184.528 134.281 165.291 37.3062 32.694
83 1999 8 87.1832 205.252 49.588 19.143 0.83349
73 1999 3 241.061 755.75 1188.14 460.467 17.014
83 1999 9 289.578 762.104 214.849 33.5914 2.47927
73 1999 4 0 0 0 0 0
73 1999 5 0 0 0 0 0
73 1999 6 41.6624 793.295 432.655 16.8678 0
63 1999 1 93.8038 565.382 1732.02 652.969 36.822
73 1999 7 535.192 1860.28 233.972 12.9434 1.59556
63 1999 2 85.7593 156.449 228.435 76.4569 6.9995
73 1999 8 54.568 205.713 84.7115 13.2934 0.671779
63 1999 3 259.381 760.952 1245.94 377.327 23.2421
73 1999 9 179.325 871.235 214.378 17.7761 7.71171
63 1999 4 0 0 0 0 0
63 1999 5 0.280714 8.14071 3.36857 0 0
63 1999 6 48.2035 810.962 386.263 37.4066 1.6453
53 1999 1 122.293 647.713 1729.27 551.739 43.0136
63 1999 7 482.561 1931.73 207.663 20.6204 1.36331
53 1999 2 116.079 172.413 200.52 50.1119 14.9759
63 1999 8 60.3973 261.745 33.1953 6.66189 0
53 1999 3 220.021 829.83 1141.47 469.865 25.9039
63 1999 9 223.997 862.118 179.558 36.0366 1.41446
53 1999 4 0 0 0 0 0
7 1999 1 155.377 515.768 1780.99 554.646 69.6973
53 1999 5 0 9.26357 2.52643 0 0
7 1999 2 156.274 144.533 183.371 33.7394 27.7879
53 1999 6 60.9608 756.605 437.73 17.6229 11.5611
7 1999 3 388.55 613.878 1303.48 336.943 20.2383
29 1999 1 114.258 588.109 1739.22 621.869 27.2654
43 1999 1 147.55 653.448 1727.22 527.502 42.8308
53 1999 7 438.963 1960.4 241.776 7.06422 1.00519
7 1999 4 0 0 0 0 0
29 1999 2 136.404 88.7441 225.013 60.5625 43.3765
43 1999 2 80.1287 85.9978 296.27 89.8684 1.83548
53 1999 8 49.5992 230.787 62.6131 17.0695 1.9314
43 1999 3 245.671 822.742 1182.25 436.354 7.46735
7 1999 5 0 11.79 0 0 0
29 1999 3 367.394 590.003 1183.64 508.104 25.0653
53 1999 9 203.678 809.088 241.519 36.1885 0.309077
43 1999 4 0 0 0 0 0
7 1999 6 52.3675 811.627 386.979 28.3855 5.12066
29 1999 4 0 0 0 0 0
43 1999 5 0 0 0 0 0
7 1999 7 521.344 1873.49 224.66 9.49324 2.48897
29 1999 5 0 0 0 0 0
43 1999 6 49.4666 753.304 438.465 42.6368 0.607132
7 1999 8 40.0791 232.457 69.52 5.88557 0
19 1999 1 102.686 606.966 1766.21 558.73 60.4524
29 1999 6 34.9433 737.852 480.113 30.9007 0.670455
43 1999 7 464.726 1959.42 192.333 32.142 0.593845
7 1999 9 216.566 839.275 158.605 61.8635 0.571284
19 1999 2 127.91 155.056 208.386 36.9611 25.7873
29 1999 7 432.36 1980.65 220.843 8.08729 0.374701
43 1999 8 29.8312 266.561 60.0681 4.6608 0.879174
19 1999 3 284.022 708.889 1165.68 458.838 42.2716
29 1999 8 63.8962 238.372 46.661 13.0711 0
43 1999 9 360.396 756.649 146.667 38.5358 3.60181
19 1999 4 0 0 0 0 0
29 1999 9 241.489 848.201 193.419 22.3488 0.392093
19 1999 5 0 0 0 0 0
19 1999 6 59.4796 785.7 416.582 22.7187 0
19 1999 7 504.833 1892.35 201.368 24.5166 1.54969
19 1999 8 73.9126 224.722 37.7072 23.5853 2.07255
19 1999 9 312.309 787.046 172.139 17.0281 0.400164
96 1999 1 118.394 652.264 1599.45 648.018 69.9984
96 1999 2 142.504 122.791 221.154 36.782 2.20879
96 1999 3 238.794 830.983 1172.6 430.7 8.14322
96 1999 4 0 0 0 0 0
96 1999 5 0 0 0 0 0
96 1999 6 23.3018 839.446 364.276 56.193 1.26328
86 1999 1 112.172 635.89 1667 636.229 48.6269
96 1999 7 505.2 1895.37 220.861 21.2399 2.90523
86 1999 2 62.5739 54.5154 360.316 64.0749 12.6203
96 1999 8 29.5723 235.554 63.8694 20.1835 0.887255
86 1999 3 230.151 768.801 1160.43 528.279 4.1675
96 1999 9 334.69 749.361 166.161 24.5848 0.2748
86 1999 4 0 0 0 0 0
86 1999 5 0 0 0 0 0
86 1999 6 38.3024 783.617 454.351 8.20933 0
76 1999 1 128.435 700.022 1704.09 517.829 38.783
86 1999 7 448.518 1937.82 239.087 13.5556 1.08828
76 1999 2 121.47 129.554 220.16 79.5864 3.32969
86 1999 8 55.3323 225.126 67.2559 14.2859 0
76 1999 3 248.011 794.994 1280.46 311.822 40.6569
86 1999 9 214.105 844.763 205.766 19.146 0.304997
76 1999 4 0 0 0 0 0
76 1999 5 0 0 0 0 0
76 1999 6 33.5517 851.334 392.278 7.11117 0.205945
66 1999 1 124.437 588.96 1726.11 612.255 46.9375
76 1999 7 489.319 1879.63 240.434 35.001 1.31333
66 1999 2 116.734 134.967 247.488 43.8839 0.860282
76 1999 8 77.8713 203.577 65.6495 10.2255 0.825228
66 1999 3 210.142 782.616 1261.6 393.656 34.6869
76 1999 9 241.169 788.041 245.693 13.1992 0.788817
66 1999 4 0 0 0 0 0
66 1999 5 0 0 0 0 0
66 1999 6 60.8348 821.942 379.13 22.3892 0.184468
56 1999 1 106.239 636.697 1739.84 563.118 42.9359
66 1999 7 458.068 1901.18 232.329 31.7828 7.83038
56 1999 2 200.131 109.141 182.249 55.5655 7.01283
66 1999 8 28.9338 269.865 51.7727 10.6663 0.761785
56 1999 3 268.807 814.639 1251.5 324.539 29.8006
66 1999 9 318.01 794.1 171.387 12.9415 0.895118
56 1999 4 0 0 0 0 0
56 1999 5 0 0 0 0 0
56 1999 6 37.0519 772.445 447.572 24.4467 2.96418
46 1999 1 98.6483 621.496 1734.1 601.62 40.0844
56 1999 7 469.612 1956.81 205.142 14.1892 3.45309
46 1999 2 226.283 75.2881 192.648 55.8038 4.07714
56 1999 8 39.5734 225.89 77.572 18.7199 0.244512
46 1999 3 395.266 643.415 1238.27 385.361 15.5916
56 1999 9 245.643 904.296 137.267 16.5963 2.04781
46 1999 4 0 0 0 0 0
46 1999 5 0.693529 9.01588 2.08059 0 0
46 1999 6 69.3845 771.44 420.612 15.4188 7.62497
46 1999 7 489.107 1960.05 178.566 20.5383 0.946628
46 1999 8 48.7268 240.76 53.7074 18.3375 0.468195
46 1999 9 353.669 812.803 118.316 19.8111 1.2513
89 1999 1 97.8603 692.042 1767.63 512.299 33.3893
89 1999 2 112.892 169.049 222.661 41.4367 8.06208
89 1999 3 407.574 639.533 1143.93 488.357 12.1984
89 1999 4 0 0 0 0 0
89 1999 5 0.2358 8.9604 2.5938 0 0
89 1999 6 48.3344 810.495 393.342 32.2132 0.0949497
79 1999 1 81.1653 567.021 1761.95 658.979 32.5978
89 1999 7 451.501 1934.31 234.671 24.1233 1.34529
79 1999 2 115.393 162.605 236.951 34.7993 4.35251
89 1999 8 51.8365 231.918 66.1684 11.3587 0.718614
79 1999 3 334.127 684.978 1245.89 370.061 24.7839
89 1999 9 297.223 665.728 293.152 29.2983 0
79 1999 4 0 0 0 0 0
79 1999 5 0 0 0 0 0
79 1999 6 24.6245 832.4 396.835 30.6208 0
69 1999 1 99.4413 595.084 1657.59 694.789 50.2
79 1999 7 503.7 1909.16 215.86 19.0236 1.4672
69 1999 2 86.267 164.27 214.47 80.2422 8.85087
79 1999 8 38.688 255.549 57.5655 9.25981 0.937874
69 1999 3 270.506 672.362 1239.77 444.142 24.8825
79 1999 9 304.754 788.216 167.085 42.4952 3.29982
69 1999 4 0 0 0 0 0
69 1999 5 0.655 8.29667 2.83833 0 0
69 1999 6 57.7871 790.559 417.947 17.6079 0.579235
59 1999 1 108.944 707.768 1707.46 513.68 44.2547
69 1999 7 522.379 1887.56 208.083 20.461 0.107325
59 1999 2 173.958 126.428 204.037 32.0187 17.6587
69 1999 8 67.0726 230.16 46.2645 6.26054 0.0741955
59 1999 3 228.002 674.102 1375.62 387.589 11.0201
69 1999 9 281.819 837.097 132.085 36.9413 7.4607
59 1999 4 0 0 0 0 0
59 1999 5 0 0 0 0 0
59 1999 6 58.2839 844.217 369.569 10.9273 1.48323
49 1999 1 85.1901 620.922 1758.77 561.671 54.5492
59 1999 7 447.927 1913.1 265.628 8.24483 0.282788
49 1999 2 164.646 103.405 203.886 57.3754 24.7877
59 1999 8 55.7379 224.787 55.43 20.8478 0.836276
49 1999 3 276.934 746.389 1252.91 380.278 24.3329
59 1999 9 145.163 798.576 319.106 17.4145 0.357082
49 1999 4 0 0 0 0 0
49 1999 5 0 0 0 0 0
49 1999 6 41.7095 832.336 390.649 16.7085 3.07696
39 1999 1 131.328 748.665 1615.78 555.356 44.1004
49 1999 7 500.695 1890.56 217.718 20.142 0.499382
39 1999 2 63.0786 105.855 309.985 49.3753 25.8061
49 1999 8 65.081 232.86 46.4254 9.68016 0.4115
39 1999 3 372.834 576.452 1204 472.214 11.1281
49 1999 9 261.898 826.686 184.607 17.1921 0.456802
39 1999 4 0 0 0 0 0
39 1999 5 0 11.79 0 0 0
39 1999 6 53.4385 854.931 331.961 34.8434 9.30598
39 1999 7 384.993 1986.36 236.398 10.2058 1.25107
39 1999 8 42.0011 236.299 62.5454 12.4241 0.409071
39 1999 9 258.407 861.795 155.904 18.6431 0.632291
99 1999 1 127.896 620.806 1725.24 555.831 58.3328
99 1999 2 130.042 163.371 194.153 38.9649 21.6743
99 1999 3 250.725 741.806 1242.41 420.783 32.9584
99 1999 4 0 0 0 0 0
99 1999 5 0 0 0 0 0
99 1999 6 29.8345 771.826 459.021 21.6604 2.13796
99 1999 7 506.692 1879.95 219.758 34.0143 3.01759
99 1999 8 30.4077 272.751 42.3929 15.0261 1.42224
99 1999 9 293.566 777.747 187.021 16.6686 4.19749
3 1999 1 174.486 595.454 1765.81 493.03 58.9959
3 1999 2 140.046 107.353 234.07 49.9622 22.6689
3 1999 3 348.361 629.156 1222.34 444.5 19.8723
3 1999 4 0 0 0 0 0
3 1999 5 0.561429 7.67286 3.55571 0 0
3 1999 6 52.1449 826.577 389.807 9.36048 0.0701097
3 1999 7 514.344 1892.63 213.272 17.7569 3.95827
3 1999 8 57.7152 243.164 47.497 8.53183 0.833248
3 1999 9 255.665 753.404 235.652 46.4811 1.9943
52 1999 1 79.8298 686.589 1719.9 560.382 49.458
52 1999 2 165.228 143.459 179.723 61.7883 3.90081
52 1999 3 247.974 797.512 1281.52 346.391 12.928
52 1999 4 0 0 0 0 0
6 1999 1 132.861 651.724 1730.7 550.294 37.644
52 1999 5 0 6.55 5.24 0 0
6 1999 2 140.446 150.24 185.129 58.5893 19.6956
52 1999 6 50.1505 821.966 374.637 36.6941 1.0326
6 1999 3 321.992 752.67 1260.65 336.93 13.7574
42 1999 1 141.148 661.394 1636.85 616.342 43.9748
52 1999 7 397.996 2020.03 204.284 22.8551 4.04436
6 1999 4 0 0 0 0 0
42 1999 2 179.696 104.195 173.726 68.455 28.0282
52 1999 8 52.8037 265.787 37.1282 5.95157 0.329091
6 1999 5 0 0 0 0 0
42 1999 3 380.247 700.159 1203.82 379.282 11.5409
52 1999 9 233.178 868.48 168.358 35.15 0.684687
6 1999 6 42.69 789.396 414.517 36.9873 0.88993
42 1999 4 0 0 0 0 0
6 1999 7 471.195 1925.47 238.732 5.97711 0.12854
42 1999 5 0 0 0 0 0
6 1999 8 45.8748 234.802 66.295 14.3356 0.692602
32 1999 1 130.959 776.03 1648.65 501.291 42.0435
42 1999 6 32.4301 775.501 432.344 39.5974 4.60671
6 1999 9 268.381 759.361 213.808 50.5782 0.315461
32 1999 2 134.286 75.436 287.648 56.3705 0.359183
42 1999 7 496.211 1921.21 221.579 9.95462 0.256067
32 1999 3 412.355 741.5 1174.62 333.141 12.5098
42 1999 8 69.7848 233.128 53.2716 5.81583 0
32 1999 4 0 0 0 0 0
42 1999 9 302.4 757.556 221.374 23.1808 1.33979
32 1999 5 0 0 0 0 0
22 1999 1 87.85 760.957 1670.2 521.75 45.7971
32 1999 6 44.7091 800.945 422.425 15.51 0.890763
22 1999 2 147.811 119.311 246.797 29.2903 10.8909
32 1999 7 480.985 1896.18 265.577 5.08331 1.37967
22 1999 3 230.721 831.02 1132.83 434.195 25.7472
32 1999 8 102.607 216.11 37.7888 5.49413 0
22 1999 4 0 0 0 0 0
32 1999 9 330.34 727.66 240.824 5.69558 1.32949
22 1999 5 0 11.79 0 0 0
12 1999 1 98.1732 661.775 1719.51 552.24 46.0041
22 1999 6 55.5147 785.43 404.692 36.9279 1.91543
12 1999 2 132.319 211.179 168.801 41.7544 0.0464654
22 1999 7 476.353 1901.98 235.272 22.8302 1.93486
12 1999 3 251.753 708.829 1240.32 423.94 20.4278
22 1999 8 71.9385 213.137 57.5893 13.2878 1.4065
12 1999 4 0 0 0 0 0
22 1999 9 262.452 838.587 147.31 33.9875 0.738126
12 1999 5 0 11.79 0 0 0
12 1999 6 49.6007 812.178 388.872 30.4234 3.40575
12 1999 7 502.53 1912.35 211.799 15.5065 3.25542
12 1999 8 65.2529 219.222 63.0949 14.2568 0.173206
12 1999 9 239.756 833.182 196.59 27.2687 1.37129
55 1999 1 101.207 750.81 1639.68 572.373 37.6387
55 1999 2 79.8132 113.747 309.947 40.5944 9.99821
55 1999 3 240.076 776.803 1140.02 492.974 24.7218
55 1999 4 0 0 0 0 0
55 1999 5 0 0 0 0 0
55 1999 6 34.5712 756.479 456.826 35.5652 1.03866
45 1999 1 97.2999 745.963 1639.94 570.275 48.0744
55 1999 7 485.55 1974.99 176.283 12.0045 0.382557
45 1999 2 172.321 111.939 202.54 60.0363 7.26348
55 1999 8 53.5953 240.232 59.629 8.25088 0.292277
45 1999 3 297.386 741.639 1214.65 409.511 25.65
55 1999 9 198.147 896.036 195.907 15.5967 0.162404
45 1999 4 0 0 0 0 0
45 1999 5 0 0 0 0 0
45 1999 6 50.2035 827.7 371.479 34.6073 0.490603
35 1999 1 196.958 547.561 1754.3 566.038 30.8087
45 1999 7 574.208 1878.78 181.417 8.40896 1.01246
35 1999 2 73.1848 132.549 301.095 21.6692 25.602
45 1999 8 91.8402 241.122 24.8408 4.09327 0.103933
35 1999 3 325.413 625.344 1257.17 439.787 46.7638
45 1999 9 299.4 801.323 178.476 21.1915 0.657904
35 1999 4 0 0 0 0 0
35 1999 5 2.23054 5.41703 4.14243 0 0
25 1999 1 138.578 561.612 1699.97 634.902 55.9527
35 1999 6 31.5716 782.448 430.86 30.7637 8.83624
25 1999 2 80.4571 132.393 273.341 43.792 24.1167
35 1999 7 522.285 1895.67 208.457 18.8741 3.92714
25 1999 3 306.546 735.849 1176.63 429.984 8.79007
35 1999 8 88.9617 193.845 66.1668 11.0827 1.94387
25 1999 4 0 0 0 0 0
35 1999 9 262.074 853.002 173.967 16.6443 0.162844
25 1999 5 0 0 0 0 0
15 1999 1 108.674 653.715 1692.46 576.261 62.8126
25 1999 6 31.3732 760.796 473.82 18.4909 0
15 1999 2 81.9948 78.0232 343.229 49.558 1.29463
25 1999 7 435.437 1973.98 223.901 9.47813 1.16654
15 1999 3 325.418 710.167 1159.27 456.007 13.9517
25 1999 8 39.8125 268.668 45.4477 4.00448 0
15 1999 4 0 0 0 0 0
25 1999 9 288.104 813.008 167.826 30.6047 1.6929
15 1999 5 0 0 0 0 0
15 1999 6 83.5534 708.045 469.115 20.6654 3.10087
15 1999 7 469.77 1928.52 219.922 23.4923 1.85692
15 1999 8 68.2639 236.149 29.1264 27.5407 0.919786
15 1999 9 248.162 846.081 153.972 44.3593 1.59518
92 1999 1 112.059 726.541 1653.7 562.232 36.078
92 1999 2 115.192 130.976 214.781 55.1575 17.2797
92 1999 3 259.29 691.707 1265.23 437.602 10.6068
92 1999 4 0 0 0 0 0
92 1999 5 0 0 0 0 0
92 1999 6 37.3914 700.606 515.283 29.634 1.56478
82 1999 1 85.2545 658.088 1780.65 523.976 45.074
92 1999 7 546.182 1872.82 210.659 11.78 0.409113
82 1999 2 112.677 117.037 260.241 38.9847 25.1601
92 1999 8 61.8151 211.296 70.1351 14.5446 0.0483828
82 1999 3 342.415 725.305 1168.86 429.322 12.6144
92 1999 9 236.163 888.461 153.905 21.86 0.570484
82 1999 4 0 0 0 0 0
82 1999 5 0 0 0 0 0
82 1999 6 41.6568 834.748 354.971 46.4863 6.61804
72 1999 1 78.623 639.282 1763.55 564.025 44.5134
82 1999 7 522.756 1875.55 190.998 38.7392 10.3138
72 1999 2 154.387 104.017 234.372 41.2546 10.625
82 1999 8 31.5222 248.982 56.8903 24.6052 0
72 1999 3 265.611 758.448 1232.48 417.926 10.1826
82 1999 9 301.379 791.875 160.686 39.615 0.488564
72 1999 4 0 0 0 0 0
72 1999 5 0 0 0 0 0
72 1999 6 28.9038 839.53 373.454 38.8983 3.69403
62 1999 1 115.523 598.267 1700.17 651.173 26.2841
48 1999 1 124.159 672.769 1630.95 621.075 44.0399
72 1999 7 517.707 1873.64 236.949 12.0275 1.40318
62 1999 2 71.9275 84.3616 347.733 33.4554 16.623
48 1999 2 75.0328 105.807 285.829 81.1122 6.31949
72 1999 8 77.8966 252.973 24.2206 6.40619 0.503878
62 1999 3 308.952 720.509 1147.13 473.253 22.0506
48 1999 3 270.095 716.256 1178.95 471.518 40.1486
72 1999 9 287.219 850.908 145.91 18.4959 0.737352
62 1999 4 0 0 0 0 0
48 1999 4 0 0 0 0 0
62 1999 5 0 0 0 0 0
48 1999 5 0 0 0 0 0
62 1999 6 57.5123 756.476 441.949 28.5426 0
48 1999 6 22.0618 854.277 365.343 41.1931 1.60437
38 1999 1 146.929 582.385 1717.19 593.41 40.9473
62 1999 7 588.677 1861.06 185.717 8.23254 0
48 1999 7 415.802 1930.24 278.918 17.8413 1.06538
38 1999 2 202.267 89.8884 186.483 45.3646 26.9306
62 1999 8 51.4413 244.192 50.0004 12.8521 0
48 1999 8 49.171 283.047 23.2835 5.49272 1.00556
38 1999 3 292.12 702.965 1198.62 461.882 22.8437
62 1999 9 215.731 808.063 221.9 46.5245 1.04512
48 1999 9 191.039 867.196 220.046 20.9735 0
38 1999 4 0 0 0 0 0
38 1999 5 0.570484 7.03597 4.18355 0 0
28 1999 1 102.517 747.689 1655.01 535.376 44.9328
38 1999 6 33.801 875.164 361.553 12.9441 1.01761
28 1999 2 137.617 123.596 229.544 43.3314 2.96313
38 1999 7 504.858 1841.59 232.596 39.8344 7.4784
28 1999 3 260.936 776.398 1232.27 347.433 20.3517
38 1999 8 68.5976 222.462 54.4518 14.4985 1.98969
28 1999 4 0 0 0 0 0
38 1999 9 296.631 761.667 197.687 26.1871 0.5361
28 1999 5 0 0 0 0 0
18 1999 1 156.831 693.087 1594.17 590.952 44.3192
28 1999 6 39.848 810.25 394.418 35.8957 4.06884
18 1999 2 154.814 120.101 212.004 62.4601 4.72065
28 1999 7 468.078 1949.54 171.976 27.9751 5.99599
18 1999 3 313.062 667.547 1340.23 340.166 27.7545
28 1999 8 33.319 234.489 76.7399 13.4974 0.143793
18 1999 4 0 0 0 0 0
28 1999 9 238.787 939.021 98.7122 16.8051 2.55673
18 1999 5 0.393 7.6635 3.7335 0 0
18 1999 6 35.8747 825.395 407.504 15.7058 0
18 1999 7 456.228 1954.29 219.715 18.5271 0.451775
18 1999 8 47.5982 291.682 15.8777 6.22667 0.615646
18 1999 9 307.816 818.597 147.443 24.8184 0
95 1999 1 108.146 618.522 1700.3 592.071 69.9487
95 1999 2 103.894 41.4571 264.741 93.5044 32.0339
95 1999 3 324.031 699.175 1168.72 465.641 14.9846
95 1999 4 0 0 0 0 0
95 1999 5 0 0 0 0 0
95 1999 6 66.7303 785.254 391.102 38.6658 2.72819
85 1999 1 157.379 615.226 1716.87 561.293 24.396
95 1999 7 484.545 1925.9 223.081 9.69396 0.413132
85 1999 2 153.979 156.867 181.197 32.4482 29.6084
95 1999 8 56.8831 274.684 14.3632 4.03654 0.0994505
85 1999 3 320.662 571.621 1361.49 406.162 21.6434
95 1999 9 228.057 872.003 130.495 33.7006 0.967296
85 1999 4 0 0 0 0 0
85 1999 5 0 0 0 0 0
85 1999 6 52.6554 817.538 397.928 16.0718 0.286501
75 1999 1 132.393 708.733 1651.11 558.05 48.2951
85 1999 7 494.551 1935.45 173.415 15.0092 0.655657
75 1999 2 58.794 168.087 272.923 37.9928 16.3037
85 1999 8 53.4956 263.525 30.4527 13.6859 0.840864
75 1999 3 310.409 738.903 1210.34 403.851 17.7647
85 1999 9 275.789 780.896 181.698 45.1639 1.38584
75 1999 4 0 0 0 0 0
75 1999 5 0.609828 8.94414 2.23603 0 0
75 1999 6 41.6854 739.951 482.435 20.4091 0
65 1999 1 169.507 570.196 1722.82 563.352 45.7295
75 1999 7 476.885 1961.19 192.205 11.7147 0
65 1999 2 96.1367 149.478 252.933 44.021 11.5316
75 1999 8 51.4737 227.98 66.4755 16.0703 0
65 1999 3 396.795 633.313 1189.03 433.437 26.4358
75 1999 9 283.088 769.038 211.12 27.4136 4.97272
65 1999 4 0 0 0 0 0
65 1999 5 0 0 0 0 0
65 1999 6 62.0509 825.924 380.1 15.5505 0.854598
65 1999 7 503.187 1907.3 227.975 4.33655 0.938705
65 1999 8 48.2001 188.028 75.2255 37.9214 5.38533
65 1999 9 386.578 693.469 198.777 10.6484 0.644309
9 1999 1 120.035 727.451 1624.75 579.14 46.9594
9 1999 2 130.48 120.804 186.603 111.704 4.50966
9 1999 3 322.87 702.029 1271.42 367.289 17.1042
9 1999 4 0 0 0 0 0
9 1999 5 0 0 0 0 0
9 1999 6 31.4965 808.881 429.16 14.9428 0
9 1999 7 408.687 1969.81 254.106 16.611 0
9 1999 8 56.5498 260.968 36.9553 7.07484 0.451726
9 1999 9 264.077 842.879 159.143 30.0647 0.942466
98 1999 1 168.793 589.692 1704.36 581.133 59.2409
98 1999 2 111.377 149.247 227.292 62.3824 3.80265
98 1999 3 415.547 726.067 1069.83 461.183 21.849
98 1999 4 0 0 0 0 0
98 1999 5 0 0 0 0 0
98 1999 6 42.7588 799.701 410.46 26.3818 5.17935
88 1999 1 178.685 619.997 1762.47 502.792 37.6893
98 1999 7 583.96 1852.72 185.016 19.6603 7.85005
88 1999 2 181.657 126.107 156.046 78.7977 11.4916
98 1999 8 39.4109 266.683 43.6994 11.0782 1.12831
88 1999 3 371.47 816.877 1135.57 348.145 6.29816
98 1999 9 263.534 855.844 152.977 31.1241 2.37068
88 1999 4 0 0 0 0 0
88 1999 5 0 0 0 0 0
88 1999 6 29.5791 880.309 370.952 3.63896 0
78 1999 1 139.677 566.297 1733.08 617.037 42.1054
88 1999 7 518.821 1914.61 164.533 25.5524 2.7303
78 1999 2 168.194 134.091 198.062 26.9221 15.7481
88 1999 8 51.7279 246.905 49.8081 13.1309 0.428402
78 1999 3 331.836 683.882 1201.67 459.675 11.8517
88 1999 9 254.217 812.414 183.26 30.9086 2.1907
78 1999 4 0 0 0 0 0
78 1999 5 0 0 0 0 0
78 1999 6 25.8582 756.516 482.652 14.4979 4.95569
68 1999 1 91.7742 662.4 1717.71 567 44.0519
78 1999 7 452.099 1960.08 185.819 31.7617 4.68227
68 1999 2 62.9428 85.0814 293.622 97.4214 15.0325
78 1999 8 52.9675 224.938 58.3504 18.3659 0.97077
68 1999 3 280.146 834.576 1168.16 373.441 24.1122
78 1999 9 175.983 865.882 228.389 27.7608 1.12119
68 1999 4 0 0 0 0 0
68 1999 5 0 0 0 0 0
68 1999 6 41.9531 801.35 399.351 38.176 3.64909
58 1999 1 110.889 759.505 1608.13 567.977 44.1997
68 1999 7 528.604 1881.16 217.012 6.12299 1.53881
58 1999 2 128.529 134.868 211.162 54.8479 24.6929
68 1999 8 33.4784 256.483 54.4365 14.0265 3.5758
58 1999 3 266.629 803.366 1226.24 380.849 6.87544
100 1999 1 107.355 632.097 1755.68 560.406 46.1284
68 1999 9 231.085 878.555 161.827 20.6051 2.71156
58 1999 4 0 0 0 0 0
100 1999 2 250.159 70.9249 187.365 14.7973 30.8531
58 1999 5 0 0 0 0 0
100 1999 3 425.398 557.112 1237.34 421.094 30.699
58 1999 6 30.4817 787.39 446.58 18.6769 1.35066
100 1999 4 0 0 0 0 0
58 1999 7 467.018 1934.14 224.49 3.84758 0.973527
100 1999 5 0 0 0 0 0
58 1999 8 69.8501 199.18 82.9987 9.3662 0.60483
100 1999 6 48.4452 831.469 380.286 23.4603 0.819362
58 1999 9 228.654 830.645 180.124 38.6902 16.042
100 1999 7 548.998 1877.48 194.583 22.4635 5.68626
100 1999 8 59.1063 211.637 59.0588 27.2902 4.90807
100 1999 9 309.762 803.124 183.926 7.09519 1.94323
21 1999 1 107.794 677.185 1632.34 635.487 48.8954
21 1999 2 173.981 120.462 161.86 90.6832 7.1133
21 1999 3 244.349 825.288 1269.01 316.662 23.5076
21 1999 4 0 0 0 0 0
21 1999 5 0 0 0 0 0
11 1999 1 68.4195 717.455 1671.2 577.78 51.3898
21 1999 6 42.8167 808.804 415.622 14.5142 2.7228
11 1999 2 22.9729 117.15 316.472 83.9651 13.54
21 1999 7 409.14 1957.41 262.022 18.6402 1.99855
11 1999 3 246.033 801.262 1197.99 442.721 3.81174
21 1999 8 79.1013 227.627 28.5679 21.7908 4.91318
11 1999 4 0 0 0 0 0
21 1999 9 308.871 780.409 187.661 22.3025 6.60593
11 1999 5 0 0 0 0 0
11 1999 6 36.0035 802.403 419.013 23.3723 3.68838
11 1999 7 400.602 2031.03 193.669 8.77151 1.85434
11 1999 8 73.8753 215.988 56.794 14.4496 0.893092
11 1999 9 263.855 741.957 233.983 48.92 1.29283
2 1999 1 156.265 644.586 1627.21 628.369 43.4336
2 1999 2 92.3009 132.303 266.762 38.9575 23.776
2 1999 3 356.015 761.34 1206.1 344.1 24.801
2 1999 4 0 0 0 0 0
2 1999 5 0 0 0 0 0
2 1999 6 31.9979 890.594 350.008 11.3288 0.552326
2 1999 7 473.31 1920.17 223.205 30.7546 1.77299
2 1999 8 59.4974 227.786 56.4792 18.2371 0
14 1999 1 127.357 636.764 1739.37 516.291 68.7248
2 1999 9 165.548 897.82 203.498 25.9505 2.66949
14 1999 2 180.679 118.536 150.208 46.496 13.6298
14 1999 3 431.14 753.191 1125.36 337.111 11.6293
14 1999 4 0 0 0 0 0
14 1999 5 0 0 0 0 0
14 1999 6 58.2115 812.539 382.957 29.6741 1.09858
14 1999 7 456.548 1904.79 253.22 10.7934 1.32097
14 1999 8 65.6083 247.185 32.7741 15.2129 1.22002
14 1999 9 354.36 760.765 153.547 21.1179 2.59723
71 1999 1 88.2116 598.107 1728.6 627.936 57.0932
71 1999 2 103.493 185.933 192.651 64.5271 7.49646
71 1999 3 220.909 724.542 1211.24 487.905 29.5254
71 1999 4 0 0 0 0 0
71 1999 5 0 11.79 0 0 0
71 1999 6 27.5091 746.619 465.502 42.0333 2.81696
61 1999 1 90.5595 715.251 1666.68 576.104 44.3577
71 1999 7 458.976 1934.4 229.666 17.8988 1.51418
61 1999 2 37.2538 152.343 255.461 88.7751 20.2673
71 1999 8 46.8542 254.751 47.2359 12.9963 0.162186
61 1999 3 308.961 701.746 1254.22 394.549 13.5511
71 1999 9 259.589 790.887 213.711 38.4269 3.23668
61 1999 4 0 0 0 0 0
61 1999 5 0 0 0 0 0
61 1999 6 43.2262 758.837 445.82 33.6921 2.90473
51 1999 1 160.014 642.599 1649.49 587.271 47.7474
61 1999 7 469.674 1909.68 238.924 20.3694 1.17948
51 1999 2 113.058 125.896 242.299 64.5582 8.28936
61 1999 8 48.3392 243.429 64.3096 5.92241 0
51 1999 3 301.987 778.271 1084.48 482.194 32.1808
61 1999 9 244.931 823.17 191.693 43.6137 0.143689
51 1999 4 0 0 0 0 0
5 1999 1 89.3059 587.812 1726.35 605.976 71.851
51 1999 5 0 0 0 0 0
5 1999 2 133.147 54.9084 271.083 39.147 34.9053
51 1999 6 57.4675 802.389 375.532 49.0145 0.0767633
5 1999 3 318.261 749.317 1171.28 401.73 24.518
41 1999 1 143.154 684.888 1586.25 626.912 44.3738
51 1999 7 481.779 1908.96 229.171 20.0094 0.342213
5 1999 4 0 0 0 0 0
41 1999 2 119.91 139.004 223.575 59.7378 11.8736
51 1999 8 35.6118 269.008 50.3468 5.72517 1.30865
5 1999 5 0 0 0 0 0
41 1999 3 237.287 741.928 1224.44 448.361 20.2115
51 1999 9 199.094 912.711 163.818 24.609 0.15391
5 1999 6 30.3295 765.283 465.14 23.4505 0.277126
41 1999 4 0 0 0 0 0
5 1999 7 521.855 1889.52 208.707 25.3415 3.78718
41 1999 5 0 0 0 0 0
5 1999 8 109.907 187.385 41.5893 17.071 2.4277
17 1999 1 136.3 602.829 1713.58 601.685 31.859
31 1999 1 110.83 705.964 1558.53 643.323 38.0135
41 1999 6 56.1185 745.46 451.957 25.0544 5.89088
5 1999 9 218.159 787.763 279.016 12.5237 0
17 1999 2 203.002 118.28 182.866 34.4578 15.494
31 1999 2 111.057 134.383 251.953 39.5449 17.1624
41 1999 7 525.654 1872.13 222.749 12.3376 0.787971
17 1999 3 325.725 710.716 1312.09 309.665 23.9805
31 1999 3 512.215 720.602 1034.16 406.941 14.7936
41 1999 8 41.1486 256.742 52.831 7.96681 0.0501733
17 1999 4 0 0 0 0 0
31 1999 4 0 0 0 0 0
41 1999 9 233.592 820.133 180.728 40.1353 3.69088
17 1999 5 0 0 0 0 0
31 1999 5 0 0 0 0 0
17 1999 6 46.767 780.967 436.691 19.8012 0.253783
31 1999 6 35.5731 841.202 385.321 20.1138 2.27018
17 1999 7 436.612 1963.29 243.365 4.10125 0
31 1999 7 432.659 1874.45 274.12 34.397 3.75451
17 1999 8 80.1606 221.367 45.0229 13.8972 1.5527
31 1999 8 24.0205 256.649 60.1273 20.3055 0.897682
17 1999 9 268.373 839.196 151.827 34.3049 2.15014
31 1999 9 210.768 841.601 214.814 16.4903 0.149839
74 1999 1 139.027 610.48 1677.43 626.832 41.27
74 1999 2 174.5 120.915 197.79 37.3755 23.5197
74 1999 3 367.751 736.858 1128.39 412.534 34.6424
74 1999 4 0 0 0 0 0
74 1999 5 0 11.79 0 0 0
74 1999 6 38.9699 777.719 421.112 44.6455 2.03357
64 1999 1 95.1686 682.298 1710.76 541.243 60.2967
74 1999 7 475.027 1956.24 195.277 18.4565 4.21389
64 1999 2 85.7542 129.548 263.079 68.3367 7.38234
74 1999 8 39.0344 244.355 65.2327 11.5171 1.86082
64 1999 3 326.077 766.141 1148.42 424.742 25.8061
74 1999 9 297.801 897.489 96.9741 11.5161 2.06913
64 1999 4 0 0 0 0 0
64 1999 5 0 7.15821 4.63179 0 0
64 1999 6 40.7147 815.883 389.054 38.0116 0.816194
54 1999 1 114.412 704.915 1685.24 563.078 31.038
64 1999 7 504.03 1881.79 254.684 6.61867 2.09011
54 1999 2 167.587 110.409 221.974 29.0178 25.1119
64 1999 8 47.7869 211.785 66.0515 29.6931 2.15808
54 1999 3 453.771 684.239 1123.28 423.505 9.68917
64 1999 9 308.032 827.45 148.925 8.19311 0.742362
54 1999 4 0 0 0 0 0
8 1999 1 96.8988 588.382 1824.36 540.476 36.8159
54 1999 5 0 0 0 0 0
8 1999 2 197.197 104.095 172.374 48.9 31.5341
54 1999 6 32.3773 790.688 424.523 30.3618 6.52946
44 1999 1 73.127 743.177 1692.04 521.769 50.9307
8 1999 3 350.127 641.754 1249.38 413.501 10.2416
54 1999 7 439.032 1979.15 201.534 26.5878 2.90238
44 1999 2 108.313 75.02 233.12 118.499 7.23181
8 1999 4 0 0 0 0 0
54 1999 8 42.2803 257.965 50.5008 11.2536 0
44 1999 3 326.437 711.655 1159.52 403.929 19.2637
8 1999 5 0 0 0 0 0
54 1999 9 241.75 758.11 268.258 36.0584 1.67388
44 1999 4 0 0 0 0 0
8 1999 6 30.0611 775.614 452.32 25.8839 0.60114
44 1999 5 0 0 0 0 0
8 1999 7 427.935 1951.6 220.742 35.2939 2.02569
44 1999 6 48.1292 723.508 471.781 39.0426 2.01863
8 1999 8 46.4436 238.872 57.2816 12.6368 0
34 1999 1 118.013 745.653 1567.5 627.505 41.6242
44 1999 7 428.301 2001.42 180.319 24.085 1.74653
8 1999 9 208.249 833.521 239.03 20.3396 0.104686
34 1999 2 154.54 144.698 181.293 53.5699 19.9987
44 1999 8 54.0142 224.826 54.7162 14.3735 1.69433
34 1999 3 202.512 945.832 1082.02 422.806 33.7811
44 1999 9 269.982 796.652 196.061 21.5766 1.74962
34 1999 4 0 0 0 0 0
34 1999 5 0 0 0 0 0
24 1999 1 120.223 676.689 1618.1 638.331 48.192
34 1999 6 35.8428 800.678 408.972 37.1227 1.86448
24 1999 2 52.8251 131.612 285.91 56.9482 26.8045
34 1999 7 483.471 1919.17 232.347 14.0745 0.148465
24 1999 3 233.176 928.351 1152.4 360.75 9.28875
34 1999 8 46.3416 274.402 34.787 5.36472 1.1045
24 1999 4 0 0 0 0 0
34 1999 9 234.074 839.784 213.742 15.7652 2.48429
24 1999 5 0.250851 7.27468 4.26447 0 0
24 1999 6 33.1 790.892 435.114 23.5499 1.82381
24 1999 7 408.934 1961.08 257.613 19.3106 2.26992
24 1999 8 96.6551 233.301 24.0843 1.49503 0
24 1999 9 266.068 751.684 249.11 37.5728 1.41567
91 1999 1 105.656 653.606 1700.05 570.305 47.699
91 1999 2 189.583 93.5142 226.194 27.7607 17.0483
91 1999 3 254.878 717.018 1330.55 372.434 13.3236
91 1999 4 0 0 0 0 0
91 1999 5 0 0 0 0 0
91 1999 6 26.9165 793.334 448.374 15.7225 0.133383
81 1999 1 109.072 638.824 1696.54 581.242 66.06
67 1999 1 106.207 749.466 1747.72 444.904 37.0516
91 1999 7 421.023 1964.05 248.339 15.1666 0.627911
81 1999 2 142.784 127.219 198.129 60.6779 25.2896
67 1999 2 125.755 134.152 240.222 53.2193 0.751898
91 1999 8 67.3719 196.14 70.6899 25.1334 2.66513
81 1999 3 318.667 681.854 1258.77 395.47 16.7288
67 1999 3 445.261 681.241 1090.15 430.855 25.9501
91 1999 9 260.939 856.361 155.17 15.2994 0.434646
81 1999 4 0 0 0 0 0
67 1999 4 0 0 0 0 0
81 1999 5 0 0 0 0 0
67 1999 5 0 0 0 0 0
81 1999 6 51.9343 810.985 379.761 38.6861 3.1141
67 1999 6 40.7939 816.737 383.331 41.9919 1.62548
57 1999 1 118.167 599.43 1649.71 677.262 52.3868
81 1999 7 454.632 1961.67 205.92 25.0706 1.91758
67 1999 7 478.068 1956.56 185.951 21.2854 3.55958
57 1999 2 90.8182 112.492 216.111 59.745 74.9336
81 1999 8 44.3108 244.204 61.8592 1.92952 0
67 1999 8 41.2823 248.399 55.938 14.3274 2.05293
57 1999 3 344.724 724.086 1230.5 350.283 30.5246
81 1999 9 291.636 871.307 126.999 14.7427 1.16546
67 1999 9 339.46 716.942 209.5 31.458 1.50644
57 1999 4 0 0 0 0 0
57 1999 5 0.310263 6.51553 4.96421 0 0
57 1999 6 63.1731 760.544 448.397 12.3663 0
47 1999 1 127.106 610.751 1724.47 572.035 63.4052
57 1999 7 539.132 1859.47 240.869 0 0
47 1999 2 154.863 78.5668 207.602 99.7675 13.3007
57 1999 8 61.5097 251.771 39.9397 8.26693 0.512636
47 1999 3 394.765 688.329 1219.64 375.2 16.5446
57 1999 9 220.625 788.353 231.759 52.1228 4.60148
47 1999 4 0 0 0 0 0
47 1999 5 0 0 0 0 0
47 1999 6 42.4503 820.595 382.488 37.2278 1.71829
37 1999 1 99.355 765.914 1706.94 461.412 61.5232
47 1999 7 469.384 1927.43 238.696 4.60534 0.267597
37 1999 2 141.128 101.497 255.021 41.1794 15.275
47 1999 8 76.613 225.693 56.2345 3.37759 0.0818634
37 1999 3 255.005 738.489 1266.75 402.507 18.0401
47 1999 9 230.891 880.089 168.511 24.9999 1.35919
37 1999 4 0 0 0 0 0
37 1999 5 0 11.79 0 0 0
27 1999 1 121.519 646.796 1731.51 549.837 40.9348
37 1999 6 37.4048 856.543 370.515 18.5513 1.46509
27 1999 2 83.586 93.6602 263.502 82.5279 30.8243
37 1999 7 516.997 1831.56 270.015 10.5849 2.53543
27 1999 3 413.708 785.833 1049.39 400.028 16.4897
37 1999 8 41.5906 281.892 22.7338 14.7524 1.03073
27 1999 4 0 0 0 0 0
37 1999 9 248.289 846.068 160.361 32.2241 0.978381
27 1999 5 0 11.79 0 0 0
27 1999 6 45.2203 760.135 469.208 9.91661 0
27 1999 7 604.681 1762.67 244.383 27.337 4.69959
27 1999 8 39.7928 220.306 65.3711 28.1599 0.326126
27 1999 9 273.786 876.831 138.267 14.2799 0
94 1999 1 160.135 644.503 1692.4 550.495 41.9277
94 1999 2 31.3624 83.0184 319 70.7622 49.957
94 1999 3 266.921 611.782 1342.32 426.364 31.0106
94 1999 4 0 0 0 0 0
94 1999 5 0 11.79 0 0 0
94 1999 6 34.1144 851.873 356.595 40.3451 1.55238
84 1999 1 110.178 631.585 1703.55 585.352 56.2919
94 1999 7 463.969 1966.87 191.936 21.0779 5.36129
84 1999 2 153.765 111.828 198.128 81.4782 8.90099
94 1999 8 33.3691 273.982 40.1256 13.7711 0.752599
84 1999 3 247.245 758.474 1137.34 505.915 28.1202
94 1999 9 237.634 879.702 160.196 27.74 0.578066
84 1999 4 0 0 0 0 0
84 1999 5 0 11.79 0 0 0
84 1999 6 43.7351 831.1 387.677 19.0975 2.86989
84 1999 7 567.459 1849.05 191.555 33.6101 3.56871
84 1999 8 30.8064 301.556 25.0364 4.60073 0
84 1999 9 304.075 756.727 199.472 35.3258 1.90613
97 1999 1 110.493 698.98 1709.27 529.459 53.5186
97 1999 2 115.964 97.8146 251.456 65.6373 23.2286
97 1999 3 308.732 694.183 1286.65 385.83 10.478
97 1999 4 0 0 0 0 0
97 1999 5 0 0 0 0 0
97 1999 6 59.7963 774.053 437.423 13.2068 0
87 1999 1 78.8342 680.78 1680.8 620.692 37.0288
97 1999 7 486.961 1906.13 232.016 12.9358 1.26208
87 1999 2 80.4779 125.204 245.618 58.3011 44.4987
97 1999 8 55.4353 197.753 71.67 36.3987 0.743247
87 1999 3 323.159 695.563 1211.32 408.725 28.0733
97 1999 9 215.775 825.917 221.666 23.0462 0.120034
87 1999 4 0 0 0 0 0
87 1999 5 0 0 0 0 0
87 1999 6 26.1391 859.28 373.265 24.591 1.20495
77 1999 1 146.22 602.807 1739.06 560.508 41.4942
87 1999 7 537.37 1877.55 206.683 26.3293 1.27753
77 1999 2 242.748 125.856 143.399 30.2241 11.8736
87 1999 8 50.5404 265.1 31.7248 12.3939 2.2405
77 1999 3 413.676 472.751 1238.97 534.38 27.0445
87 1999 9 273.653 812.513 188.038 30.6355 1.01172
77 1999 4 0 0 0 0 0
77 1999 5 0 0 0 0 0
77 1999 6 37.3053 751.289 473.351 21.9034 0.630678
77 1999 7 434.447 1916.11 284.639 12.5897 1.42227
77 1999 8 63.1215 244.341 32.3466 7.86392 0.66636
77 1999 9 297.526 759.88 219.853 26.6995 1.89165
40 1999 1 75.425 741.321 1706.26 513.557 38.9616
40 1999 2 160.069 163.73 165.212 55.6847 9.40431
40 1999 3 281.178 784.038 1123.47 425.182 20.9816
40 1999 4 0 0 0 0 0
40 1999 5 0.29475 5.895 5.60025 0 0
30 1999 1 133.303 601.679 1747.83 564.177 46.3136
40 1999 6 31.4779 761.968 475.951 14.2892 0.793845
30 1999 2 71.9787 107.297 319.134 54.304 1.38638
40 1999 7 509.569 1905.67 196.339 16.1089 4.5947
30 1999 3 302.028 777.299 1206.21 369.833 20.9177
40 1999 8 47.8355 270.28 40.1698 3.71503 0
30 1999 4 0 0 0 0 0
40 1999 9 316.715 740.48 198.375 11.1078 0.975021
30 1999 5 0 0 0 0 0
20 1999 1 135.566 697.89 1685.83 498.328 65.7872
30 1999 6 44.5801 797.329 426.252 16.3186 0
20 1999 2 153.227 91.5569 230.412 41.4005 37.5031
30 1999 7 598.288 1820.86 205.469 20.4193 2.3546
20 1999 3 311.474 748.262 1229.42 357.989 39.3591
30 1999 8 53.6308 268.806 34.6492 4.9141 0
20 1999 4 0 0 0 0 0
30 1999 9 264.87 806.258 170.808 37.2563 0.365171
20 1999 5 0 8.67875 3.11125 0 0
10 1999 1 140.427 697.693 1666.35 543.849 40.0589
20 1999 6 57.5187 783.154 405.694 36.898 1.2146
10 1999 2 122.848 112.438 238.85 48.2271 31.738
20 1999 7 506.164 1919.88 211.912 7.68519 1.78398
10 1999 3 376.121 615.188 1202.62 454.628 26.0465
20 1999 8 18.821 285.085 45.4009 11.6541 1.0395
10 1999 4 0 0 0 0 0
20 1999 9 283.399 715.42 259.808 41.39 5.83393
10 1999 5 0 11.79 0 0 0
10 1999 6 49.079 770.772 384.264 70.9235 9.44198
10 1999 7 528.581 1874.19 228.343 7.22932 0.72198
10 1999 8 50.1604 258.502 46.7163 6.62086 0
10 1999 9 214.496 892.597 172.123 25.7005 0.933375
33 1999 1 161.568 713.241 1652.71 534.824 36.2316
33 1999 2 135.117 117.529 262.65 24.3735 1.83651
33 1999 3 394.26 680.488 1238.06 370.488 11.1812
1 1999 1 120.274 737.983 1571.76 575.28 75.5668
33 1999 4 0 0 0 0 0
1 1999 2 55.967 110.247 200.793 138.576 48.5172
33 1999 5 0 0 0 0 0
1 1999 3 261.528 743.63 1262.81 378.788 15.1076
23 1999 1 128.111 502.43 1820.79 592.328 29.0221
33 1999 6 53.688 778.975 413.043 38.7747 0
1 1999 4 0 0 0 0 0
23 1999 2 136.796 168.637 177.975 48.6227 22.0689
33 1999 7 456.676 1908.58 245.188 33.6699 5.09594
1 1999 5 0 0 0 0 0
23 1999 3 242.545 696.766 1283.19 440.823 28.4112
33 1999 8 47.6235 262.35 30.7949 15.7754 0.209855
1 1999 6 40.2251 803.866 386.857 46.6432 6.88865
23 1999 4 0 0 0 0 0
33 1999 9 331.312 813.785 139.066 11.7942 1.79869
1 1999 7 550.327 1864.44 185.399 14.0932 1.5316
23 1999 5 0 8.33927 3.45073 0 0
1 1999 8 32.3129 262.037 61.1307 5.42906 1.09017
13 1999 1 104.975 652.776 1761.6 540.43 43.4346
23 1999 6 34.7974 836.349 385.527 27.8063 0
1 1999 9 323.723 782.743 163.767 29.1355 1.58097
13 1999 2 40.6735 162.001 255.066 95.1119 1.24797
23 1999 7 421.848 2038.87 166.429 15.0733 0
13 1999 3 294.187 641.868 1152.8 535.516 41.8928
23 1999 8 59.6566 219.613 58.436 20.0977 1.49527
13 1999 4 0 0 0 0 0
23 1999 9 287.93 781.74 165.983 36.8203 0
13 1999 5 0 0 0 0 0
13 1999 6 31.6933 772.877 440.451 37.5386 1.92
13 1999 7 412.381 1988.32 208.649 13.6335 8.18846
13 1999 8 82.164 180.524 89.0616 9.34132 0.90868
13 1999 9 210.684 801.084 246.384 23.6272 0
90 1999 1 78.1544 622.209 1734.96 588.704 57.6715
90 1999 2 102.179 180.927 199.653 42.3055 14.1604
90 1999 3 210.271 819.029 1210.12 413.684 12.7627
90 1999 4 0 0 0 0 0
90 1999 5 0.796622 5.2577 5.73568 0 0
90 1999 6 39.7296 748.879 396.875 90.1391 8.85728
80 1999 1 181.851 627.42 1694.79 537.769 42.1203
90 1999 7 473.102 1918.63 234.167 19.0192 2.44957
80 1999 2 150.749 85.9667 215.282 94.4827 0.692625
90 1999 8 16.8261 268.886 61.7289 14.5585 0
80 1999 3 287.835 724.76 1221.67 410.199 14.5953
90 1999 9 234.474 848.787 195.504 15.0306 3.38802
80 1999 4 0 0 0 0 0
80 1999 5 0 0 0 0 0
80 1999 6 40.4944 835.503 374.462 34.0205 0
70 1999 1 117.908 751.733 1647.69 562.802 23.0857
80 1999 7 495.805 1963.13 170.171 17.7058 2.39422
70 1999 2 192.13 119.991 175.017 41.1113 25.8512
80 1999 8 72.1079 204.613 46.7243 23.109 2.40065
70 1999 3 196.346 779.188 1222.17 455.61 11.926
80 1999 9 297.73 803.636 184.773 17.9512 1.75977
70 1999 4 0 0 0 0 0
70 1999 5 0 0 0 0 0
70 1999 6 31.867 792.815 448.055 11.7432 0
60 1999 1 120.264 629.846 1650.46 639.743 51.4922
70 1999 7 521.622 1886.06 216.875 10.1033 1.50474
60 1999 2 127.564 168.307 205.794 21.8727 30.5626
70 1999 8 81.105 237.263 38.6388 4.99288 0
60 1999 3 310.453 725.656 1242.08 395.372 9.35347
70 1999 9 193.427 887.446 159.925 57.2444 7.80832
60 1999 4 0 0 0 0 0
60 1999 5 0.203276 8.13103 3.45569 0 0
60 1999 6 31.3101 767.582 445.801 38.7221 1.06507
50 1999 1 135.119 617.398 1641.87 649.335 49.0425
36 1999 1 58.9492 787.473 1645.83 546.835 54.9205
60 1999 7 438.33 1924.72 263.189 14.4769 3.0346
50 1999 2 175.061 103.464 208.678 62.7201 4.17635
36 1999 2 46.028 86.1046 309.929 86.7757 19.4905
60 1999 8 58.1201 228.835 62.1139 6.03966 0.187767
50 1999 3 305.949 712.367 1296.58 324.062 13.2308
36 1999 3 318.108 687.192 1256.8 366.295 18.27
60 1999 9 292.832 820.756 143.61 24.7315 1.23204
50 1999 4 0 0 0 0 0
4 1999 1 167.376 659.061 1673.84 534.886 64.973
36 1999 4 0 0 0 0 0
50 1999 5 0 0 0 0 0
4 1999 2 205.316 131.697 161.182 31.9559 15.6788
36 1999 5 0.421071 6.52661 4.84232 0 0
50 1999 6 43.9517 761.002 458.651 19.7528 1.1228
4 1999 3 326.879 764.256 1219.36 352.289 13.1501
26 1999 1 156.801 546.988 1712.99 602.121 61.9159
36 1999 6 31.4524 739.014 473.16 39.1615 1.69142
50 1999 7 532.067 1889.14 195.057 17.8042 8.06374
4 1999 4 0 0 0 0 0
26 1999 2 94.1709 144.447 229.666 70.8145 5.9922
36 1999 7 547.899 1826.45 240.293 20.6456 3.59156
50 1999 8 32.8608 230.813 79.8142 17.3084 1.20316
4 1999 5 0.524 6.812 4.454 0 0
26 1999 3 300.028 676.088 1264.98 437.626 15.7634
36 1999 8 60.5825 226.578 48.8298 16.0058 0.307675
50 1999 9 224.478 790.779 255.864 21.0834 2.38792
4 1999 6 24.5462 787.927 444.627 27.38 0
26 1999 4 0 0 0 0 0
36 1999 9 351.702 773.256 140.735 21.0187 1.82546
4 1999 7 470.786 1963.61 164.547 33.7262 3.79326
26 1999 5 1.0034 10.034 0.752553 0 0
4 1999 8 44.7451 232.8 49.3734 16.7984 1.82828
16 1999 1 114.267 554.13 1768.25 621.254 37.1255
26 1999 6 33.6825 866.692 377.102 6.37646 0.626168
4 1999 9 332.87 747.384 163.548 32.3211 7.4803
16 1999 2 38.0233 154.922 236.527 64.5231 60.1046
26 1999 7 462.145 1933.01 225.963 19.7763 2.33264
16 1999 3 333.7 657.818 1090.69 567.207 24.8913
26 1999 8 15.2503 266.03 55.5923 24.1875 0.939562
16 1999 4 0 0 0 0 0
26 1999 9 246.64 818.684 188.033 42.4205 2.14279
16 1999 5 0.631607 6.52661 4.63179 0 0
16 1999 6 28.1203 805.924 415.578 32.4723 2.38555
16 1999 7 448.283 2018.14 168.687 13.638 0.458182
16 1999 8 47.6793 223.947 66.607 22.5495 1.21725
16 1999 9 217.592 882.181 156.629 43.2092 6.2383
