94 1996 1 199.119 4139.02 9032.01 1674.07 183.556
94 1996 2 326.754 1033.06 3527.73 554.558 38.6841
94 1996 3 201.143 2058.86 10595.8 2229.6 190.522
94 1996 4 0 0 0 0 0
94 1996 5 0.815094 36.7731 58.8825 16.2227 0.446605
94 1996 6 121.861 231.388 421.692 114.414 18.3949
84 1996 1 361.121 3498.59 9602.95 1652.42 102.291
94 1996 7 2229.61 6511.82 1065.89 112.673 23.5857
84 1996 2 252.338 1036.62 3548.05 596.374 47.4107
94 1996 8 1413.43 3345.07 1080.52 324.695 44.7222
84 1996 3 300.861 2450.1 10304.2 2098.22 116.939
94 1996 9 582.578 1081.04 439.094 185.138 26.8636
84 1996 4 0 0 0 0 0
84 1996 5 0 78.6266 20.1138 10.2855 4.11418
84 1996 6 105.499 381.01 297.78 105.492 17.9691
84 1996 7 2257.76 6654.83 880.028 133.458 12.1312
84 1996 8 1314.38 3484.28 1086.55 252.221 26.9077
84 1996 9 479.605 1264.54 405.602 142.22 9.1513
97 1996 1 284.936 3535.09 9749.45 1514.16 137.242
97 1996 2 198.362 983.889 3667.4 555.104 70.2016
97 1996 3 449.713 1731.75 10455.9 2514.07 102.05
97 1996 4 0 0 0 0 0
97 1996 5 0 35.0118 64.1587 13.6368 0.332765
97 1996 6 82.1304 422.825 289.859 91.0832 21.8532
87 1996 1 521.512 3159.82 9441.44 1889.6 207.329
97 1996 7 2177.22 6700.19 976.192 71.8372 8.62382
87 1996 2 137.147 1333.71 3290.09 698.814 21.0286
97 1996 8 1233.04 3431.14 1199.18 277.112 25.2137
87 1996 3 343.332 2274.9 10122.7 2362.99 171.985
97 1996 9 614.81 1199.95 377.537 103.016 6.79216
87 1996 4 0 0 0 0 0
87 1996 5 0 0 89.7937 23.3463 0
87 1996 6 94.6647 308.197 390.567 106.927 7.39353
77 1996 1 497.018 4018.92 8684.63 1797.78 218.124
87 1996 7 2502.61 6447.65 881.189 95.964 5.21671
77 1996 2 306.016 1039.78 3469.95 619.963 45.0756
87 1996 8 1299.14 3252.37 1279.09 317.988 28.958
77 1996 3 227.205 2114.91 10676.8 2068.01 189.034
87 1996 9 447.854 1286.69 434.247 124.254 5.84178
77 1996 4 0 0 0 0 0
77 1996 5 0 10.1067 69.7957 30.2883 2.94938
77 1996 6 134.644 312.081 385.312 70.864 4.8487
77 1996 7 2565.05 6387.43 861.636 115.68 13.7884
77 1996 8 1439.96 3330.22 1134.95 257.335 34.8975
77 1996 9 638.292 1056.88 410.078 190.472 13.9353
40 1996 1 238.32 4411.42 8836.49 1555.72 158.071
40 1996 2 271.867 862.734 3733.37 579.05 33.7724
40 1996 3 322.605 2231.55 10221.9 2305.87 194.059
40 1996 4 0 0 0 0 0
40 1996 5 0 22.9137 61.1766 23.4702 5.57944
30 1996 1 249.788 3748.44 9496.49 1544.26 182.075
40 1996 6 90.1553 296.679 413.603 101.655 5.6587
30 1996 2 295.899 760.649 3752.61 617.045 54.5864
40 1996 7 2164.58 6796.66 830.813 125.11 13.8717
30 1996 3 385.292 1855.54 10993.2 1879.48 147.436
40 1996 8 1155.38 3406.19 1269.61 336.34 32.884
30 1996 4 0 0 0 0 0
40 1996 9 696.162 989.278 417.074 159.57 35.9733
30 1996 5 0.307883 42.641 55.5297 12.8277 1.83376
20 1996 1 410.167 3601.06 9245.98 1693.09 233.052
30 1996 6 90.3195 346.912 409.875 54.558 6.08547
20 1996 2 272.174 823.465 3841.37 485.765 58.0191
30 1996 7 2214.4 6533.39 1080.59 93.9929 15.5244
20 1996 3 241.647 2154.32 11058 1658.01 125.277
30 1996 8 1252.45 3650.03 977.425 299.84 28.6935
20 1996 4 0 0 0 0 0
30 1996 9 468.203 1162.26 463.157 202.777 9.18368
20 1996 5 8.92341 38.8322 50.4936 14.254 0.636811
10 1996 1 390.168 3658.59 9639.6 1352.8 175.675
20 1996 6 66.7217 401.081 422.382 17.5648 0
10 1996 2 284.743 1373.23 3224.93 533.593 64.2947
20 1996 7 2199.9 6702.9 871.779 139.346 23.9885
10 1996 3 210.377 2639.15 9652.79 2636.29 131.856
20 1996 8 1387.29 3198.17 1225.85 340.722 29.2212
10 1996 4 0 0 0 0 0
20 1996 9 600.793 960.171 479.803 207.933 55.4162
10 1996 5 2.9553 36.893 65.8344 7.45736 0
10 1996 6 117.807 295.696 449.816 37.7622 6.66886
10 1996 7 2482.21 6248.41 1141.54 56.5995 11.2005
10 1996 8 1243.63 3464.95 1142.88 303.557 28.4807
10 1996 9 562.984 1125.93 456.808 136.305 17.1705
33 1996 1 281.229 4638.46 8707.68 1452.26 141.761
33 1996 2 207.078 1006.79 3431.28 748.757 63.6364
33 1996 3 405.507 2221.5 10030.3 2296.87 289.002
33 1996 4 0 0 0 0 0
1 1996 1 399.996 4428.11 8357.68 1814.63 218.884
33 1996 5 18.1832 18.3632 52.6014 23.5502 0.441953
1 1996 2 275.483 933.668 3532.35 712.064 27.2237
23 1996 1 393.872 4129.96 8827.81 1703.84 157.632
33 1996 6 88.5912 314.965 443.739 51.1769 9.27853
1 1996 3 224.941 1917.35 10833 2109.87 180.388
23 1996 2 397.458 936.43 3640.65 445.275 60.9807
33 1996 7 2199.95 6549.19 1081.69 92.1506 12.1722
1 1996 4 0 0 0 0 0
23 1996 3 438.972 1893.35 10382.6 2433.18 127.799
33 1996 8 1163.81 3458.17 1222.51 305.764 23.4866
1 1996 5 2.03652 37.2999 68.8956 4.90799 0
23 1996 4 0 0 0 0 0
33 1996 9 471.056 1115.47 497.795 170.714 40.7444
1 1996 6 126.451 281.119 398.776 93.5192 7.88478
23 1996 5 2.49574 56.6498 35.7092 18.2853 0
1 1996 7 2347.42 6552.96 933.546 95.8957 8.38539
13 1996 1 147.249 3876.33 9489.27 1398.74 282.852
23 1996 6 128.319 329.751 338.897 89.077 21.7064
1 1996 8 1334.46 3358.79 1186.06 295.992 26.5178
13 1996 2 198.5 845.006 3658.44 657.872 86.8828
23 1996 7 2419.26 6319.48 1029.76 158.928 16.1599
1 1996 9 477.434 1141.68 529.753 150.732 10.8221
13 1996 3 211.001 2357.59 10837.1 1752.1 113.124
23 1996 8 1196.5 3221.83 1403.72 344.384 30.613
13 1996 4 0 0 0 0 0
23 1996 9 455.105 1211.05 432.165 188.29 23.6263
13 1996 5 4.29792 40.0732 45.2708 22.6834 0.81466
13 1996 6 61.0252 361.826 448.283 28.6384 7.9772
13 1996 7 2215.89 6560.09 981.937 132.019 19.3758
13 1996 8 1013.46 3659.55 1188.93 277.127 41.8237
13 1996 9 484.324 1008.34 548.567 167.096 22.3134
90 1996 1 290.652 4122.03 8861.69 1772.5 168.213
90 1996 2 306.759 1073.94 3672.29 397.242 30.563
90 1996 3 173.71 2143.37 11040.2 1818.68 74.3007
90 1996 4 0 0 0 0 0
90 1996 5 2.05709 75.2352 29.7141 6.13361 0
90 1996 6 81.4756 369.463 351.967 91.7297 13.1151
80 1996 1 361.831 4397.44 8619.99 1683.28 145.168
90 1996 7 2333.32 6407.08 1073.21 107.128 16.0544
80 1996 2 275.417 902.766 3759.79 462.245 80.5755
90 1996 8 1307.86 3218.28 1351.45 293.429 22.5686
80 1996 3 218.594 2154.45 10157.1 2518.63 205.173
90 1996 9 566.29 1203.56 383.156 146.201 15.5072
80 1996 4 0 0 0 0 0
80 1996 5 0.478899 53.1782 44.9765 13.5608 0.945597
80 1996 6 97.1396 386.705 357.958 31.5686 6.66115
70 1996 1 271.343 4148.65 9150.5 1500.34 128.306
80 1996 7 1978.75 6705.82 1057.68 161.23 25.5263
70 1996 2 195.21 1023.11 3594.6 624.885 36.7778
80 1996 8 1112.9 3264.43 1423.42 317.481 44.6373
70 1996 3 344.109 2586.18 10071.9 2065.22 182.946
80 1996 9 371.938 1458.81 365.984 84.7062 15.1898
70 1996 4 0 0 0 0 0
70 1996 5 7.26236 27.4451 41.7905 28.9079 7.73418
70 1996 6 124.832 315.131 389.175 51.422 10.4833
60 1996 1 497.776 4020.64 8951.5 1512.11 218.934
70 1996 7 2331.55 6609.19 790.717 161.749 20.8304
60 1996 2 313.106 1149.39 3392.4 576.648 39.2422
70 1996 8 1500.61 3065.95 1251.96 305.424 50.7389
60 1996 3 387.263 1925.06 10483.2 2262.18 212.007
70 1996 9 467.101 1156.91 467.267 178.745 39.3388
60 1996 4 0 0 0 0 0
60 1996 5 1.37938 47.9057 36.8325 26.3008 0.721556
60 1996 6 40.0753 421.829 370.227 58.7923 16.8257
50 1996 1 153.934 3788.81 9291.42 1778.56 215.053
36 1996 1 251.031 4239.22 9144.62 1456.12 132.017
60 1996 7 2689.1 6063.57 1088.82 81.2194 14.1319
50 1996 2 254.81 1106 3215.58 815.843 88.5549
36 1996 2 253.44 932.619 3535.28 714.117 39.6588
60 1996 8 1379.51 3090.91 1252.47 373.516 24.9802
50 1996 3 504.969 2086.01 10099 2491.33 89.4667
36 1996 3 292.206 2137.28 10155.6 2562.28 128.597
60 1996 9 590.344 1179.94 390.365 136.069 17.992
50 1996 4 0 0 0 0 0
36 1996 4 0 0 0 0 0
4 1996 1 335.716 4274.17 8968.4 1491.65 137.856
50 1996 5 7.70866 58.6553 43.2562 2.92124 0.598624
36 1996 5 11.314 34.4859 56.3126 10.8669 0.16071
4 1996 2 338.737 1302.81 3144.16 628.068 67.0125
50 1996 6 115.169 358.008 370.973 63.6003 0
26 1996 1 199.048 4050.07 9370.62 1507.54 92.2498
36 1996 6 90.5347 406.033 367.937 37.482 5.76349
4 1996 3 86.4844 2370.22 10519.7 2195 99.4596
50 1996 7 2316.97 6500.41 1029.16 62.3481 15.846
26 1996 2 212.262 927.932 3412.69 874.583 53.3263
36 1996 7 2225.38 6512.96 1016.57 147.914 7.16432
4 1996 4 0 0 0 0 0
50 1996 8 1205.07 3392.34 1180.24 367.769 39.3645
26 1996 3 248.247 1973.59 10753 2221.52 74.2396
36 1996 8 1326.12 3402.11 1095.55 298.261 32.1001
4 1996 5 6.85697 54.0465 41.3567 10.8799 0
50 1996 9 477.549 1313.69 358.975 136.103 28.3955
26 1996 4 0 0 0 0 0
36 1996 9 515.012 1033.89 611.648 141.994 7.36175
4 1996 6 70.82 302.969 474.754 55.8385 3.36827
26 1996 5 0.244892 35.1387 41.4569 35.9762 0.323257
4 1996 7 2380.12 6521.42 867.502 131.454 21.6708
16 1996 1 319.198 3902.81 9502.77 1281.96 216.43
26 1996 6 110.355 362.519 364.766 68.2333 1.87625
4 1996 8 1302.13 3577.67 959.301 311.659 26.4704
16 1996 2 230.495 1375.68 3389.96 458.256 26.3987
26 1996 7 2284.74 6586.34 875.426 166.949 16.4725
4 1996 9 426.191 1196.04 568.057 95.4327 17.446
16 1996 3 183.629 2386.94 10150.8 2418.26 114.435
26 1996 8 1369.45 3507.74 1017.81 253.421 15.863
16 1996 4 0 0 0 0 0
26 1996 9 448.424 1125.84 407.853 285.652 37.826
16 1996 5 29.7816 38.6837 37.2455 7.0039 0.425338
16 1996 6 75.4489 345.089 430.728 50.9343 5.5498
16 1996 7 2196.82 6423.45 1199.47 87.9717 18.0976
16 1996 8 1147.8 3645.85 1059.21 277.993 18.2875
16 1996 9 565.786 1238.86 386.975 106.32 16.7662
93 1996 1 462.541 3752.21 8978.31 1819.63 178.285
93 1996 2 225.46 824.555 3747.3 619.537 63.9395
93 1996 3 271.818 2277.52 9851.26 2622.24 238.229
93 1996 4 0 0 0 0 0
93 1996 5 0.21428 51.1024 55.0605 4.91203 1.85084
93 1996 6 62.2134 353.96 443.369 26.1139 0.350686
83 1996 1 282.942 4140.52 9139.24 1502.52 134.497
93 1996 7 2379.26 6330.46 1045.49 119.906 12.9663
83 1996 2 264.798 1235.11 3366.68 603.011 11.199
93 1996 8 1112.15 3393.69 1293.7 288.726 36.3127
83 1996 3 258.108 2030.87 10503.5 2279.18 171.182
93 1996 9 384.603 1245.69 559.132 89.0723 9.19631
83 1996 4 0 0 0 0 0
83 1996 5 1.22788 30.5504 54.0877 24.64 2.634
83 1996 6 123.426 311.896 468.174 4.25381 0
73 1996 1 180.183 3835.23 9455.67 1583.07 168.733
83 1996 7 2328.04 6390.99 1139.83 75.25 5.98827
73 1996 2 261.003 1148 3371.68 647.554 52.5499
83 1996 8 1374.46 3524.89 931.35 328.629 21.1749
73 1996 3 284.279 2844.28 9974.72 2039.3 133.355
83 1996 9 324.914 1443.93 398.934 140.989 5.94224
73 1996 4 0 0 0 0 0
73 1996 5 6.65529 77.2014 19.5856 8.08143 1.61629
73 1996 6 62.4138 284.375 407.901 136.55 16.511
63 1996 1 335.174 3932.26 9330.46 1407.24 199.337
73 1996 7 2313.15 6648.6 870.738 97.4311 11.9844
63 1996 2 365.665 1077.68 3430.25 556.43 50.7582
73 1996 8 1366.65 3105.51 1459.29 256.825 9.43349
63 1996 3 306.805 2657.05 10252.3 1930.51 113.5
73 1996 9 443.942 969.936 713.88 169.237 17.7155
63 1996 4 0 0 0 0 0
63 1996 5 1.43822 42.979 62.6232 5.95223 0.147318
63 1996 6 80.6103 253.259 459.438 105.455 8.98808
53 1996 1 343.028 3832.82 9019.1 1881.95 138.364
63 1996 7 2359.81 6615.69 859.601 86.1922 12.2887
53 1996 2 226.509 899.319 3274.92 1019.06 55.6153
63 1996 8 1319.99 3182.04 1278.46 368.34 37.39
53 1996 3 231.406 1751.15 10877.3 2214.58 184.797
63 1996 9 515.551 1128.33 443.071 150.074 48.1963
53 1996 4 0 0 0 0 0
7 1996 1 185.551 4143.44 9317.61 1421.3 156.796
53 1996 5 0.141425 33.8228 60.3905 17.6148 1.17041
7 1996 2 249.911 1211.82 3542.31 387.888 60.277
53 1996 6 54.9706 356.015 354.803 127.798 14.1636
29 1996 1 381.894 4107.28 9165.83 1448.37 113.661
43 1996 1 250.388 4152.58 9060.23 1609.51 143.413
7 1996 3 291.758 2684.28 10375.5 1707.62 191.248
53 1996 7 2257 6615.39 1016.41 38.7012 6.44881
29 1996 2 320.262 1071.48 3471.16 527.135 84.1493
43 1996 2 312.947 1047.28 3425.26 677.137 18.1689
7 1996 4 0 0 0 0 0
53 1996 8 1238.65 3544.04 1137.82 241.918 21.4384
43 1996 3 545.963 1977.84 10462.5 2148.93 125.303
29 1996 3 142.441 2025.51 10605 2381.86 90.3664
7 1996 5 0.267787 20.7062 79.2334 12.9325 0
53 1996 9 444.244 1032.86 658.003 155.224 14.897
43 1996 4 0 0 0 0 0
29 1996 4 0 0 0 0 0
7 1996 6 74.4792 316.505 402.211 72.5405 42.0151
43 1996 5 6.46934 50.6348 42.4054 13.1954 0.435154
29 1996 5 1.54282 47.3773 50.8312 12.7232 0.665529
7 1996 7 2151.27 6737.02 965.551 62.0314 14.9197
43 1996 6 128.616 240.545 451.364 77.4271 9.79744
19 1996 1 157.986 3852.78 9191.86 1806.41 206.615
29 1996 6 96.5801 334.819 369.464 89.7053 0.972018
7 1996 8 1390.01 3258.87 1220.78 281.519 31.5704
43 1996 7 2368.31 6484.08 1001.1 62.7926 10.5106
19 1996 2 207.808 782.219 3754.56 671.781 64.4199
29 1996 7 2189.7 6610.16 941.805 161.975 10.098
7 1996 9 550.571 1162.16 319.858 227.152 24.6855
43 1996 8 1528.99 3229.18 1073.97 311.984 24.9857
19 1996 3 238.707 2081.23 10558.2 2238.31 138.935
29 1996 8 1346.24 3005.53 1509.76 301.894 20.7342
43 1996 9 622.696 1217.81 338.995 103.107 23.4133
19 1996 4 0 0 0 0 0
29 1996 9 488.053 1223.76 440.664 157.542 4.69161
19 1996 5 1.01343 63.5248 43.6681 3.68438 1.24937
19 1996 6 109.411 387.528 287.009 95.4826 21.8814
19 1996 7 2280.69 6660 900.588 68.9443 8.169
19 1996 8 1215.32 3409.71 1215.05 248.571 37.9208
19 1996 9 430.799 1235.12 494.134 123.321 6.00869
96 1996 1 367.967 3842.06 9528.81 1357.72 131.221
96 1996 2 296.395 1247.39 3260.35 604.158 72.5024
96 1996 3 290.865 2526.63 10105.7 2129.17 223.575
96 1996 4 0 0 0 0 0
96 1996 5 0.10714 44.6399 45.4799 21.8128 1.10022
96 1996 6 93.6567 292.98 367.956 123.78 29.3769
86 1996 1 337.441 3819.1 9304.51 1626.62 140.113
96 1996 7 2447.6 6355.81 1072.52 42.6572 10.6536
86 1996 2 282.498 849.687 3684.46 647.921 16.2226
96 1996 8 1302.5 3505 1017.61 333.147 46.4871
86 1996 3 236.528 2238.99 10722.9 1978.51 98.9971
96 1996 9 520.548 1236.44 376.907 138.305 20.4662
86 1996 4 0 0 0 0 0
86 1996 5 0.634493 48.5528 49.853 13.7027 0.396982
86 1996 6 95.4221 333.421 360.382 111.113 7.41218
76 1996 1 450.545 3442.43 9367.22 1861.85 96.6547
86 1996 7 2363.6 6675.35 838.515 57.4857 8.63136
76 1996 2 194.399 785.455 3738.36 741.587 20.9909
86 1996 8 1301.95 3339.47 1296.91 236.949 33.1477
76 1996 3 138.972 2186.05 10577.7 2277.18 96.0192
86 1996 9 605.762 1056.1 489.771 136.371 26.7112
76 1996 4 0 0 0 0 0
76 1996 5 0.275513 28.8436 59.664 20.9545 3.40235
76 1996 6 42.2367 321.114 474.439 26.2322 3.60742
66 1996 1 211.776 4127.6 9109.99 1655.84 113.278
76 1996 7 2238.26 6673.18 868.12 144.161 7.8761
66 1996 2 251.097 1274.75 3413.3 503.205 30.3949
76 1996 8 1333.99 3525.97 984.503 291.193 13.3627
66 1996 3 178.245 2629.63 9402.81 2863.66 185.898
76 1996 9 507.199 1136.1 525.684 118.829 11.2198
66 1996 4 0 0 0 0 0
66 1996 5 1.18678 74.8247 28.8659 8.26267 0
66 1996 6 105.049 435.757 311.906 55.0378 0
56 1996 1 340.828 3958.96 9238.81 1520.07 149.972
66 1996 7 2187.1 6736.25 867.952 124.071 6.92607
56 1996 2 185.051 732.186 3806.32 734.149 23.0836
66 1996 8 1278.51 3604.98 970.609 306.555 18.1429
56 1996 3 198.834 2018.74 10557.7 2374.69 125.975
66 1996 9 478.626 1233.75 479.547 108.907 13.8825
56 1996 4 0 0 0 0 0
56 1996 5 90.512 22.628 0 0 0
56 1996 6 125.634 286.989 398.099 71.0537 25.9739
46 1996 1 398.766 4100.06 9180.52 1387.1 146.399
56 1996 7 2381.57 6457.04 1006.01 68.6863 10.9082
46 1996 2 382.217 1062.29 3167.39 847.444 21.4495
56 1996 8 1234.22 3267.66 1291.33 332.478 38.1275
46 1996 3 268.075 2073.56 10739.7 1865.08 312.966
56 1996 9 433.103 1234.26 499.762 116.455 9.29709
46 1996 4 0 0 0 0 0
46 1996 5 8.65403 49.6948 41.4445 11.8132 1.53346
46 1996 6 118.539 292.655 474.41 18.1278 4.01868
46 1996 7 2387.84 6443.09 1005.53 82.5668 11.5037
46 1996 8 1265.95 3543.13 1100.02 227.615 18.0365
46 1996 9 673.587 1011.95 470.964 96.8981 10.1225
89 1996 1 202.201 4237.03 8875.57 1731.96 165.416
89 1996 2 263.715 1210.19 3500.94 465.448 40.4924
89 1996 3 280.518 2530.95 10279.6 2015.57 153.505
89 1996 4 0 0 0 0 0
89 1996 5 0.32129 48.1141 51.0978 13.6067 0
89 1996 6 44.5616 450.009 367.672 40.3075 5.20034
79 1996 1 237.309 4253.63 9081.94 1521.19 117.578
89 1996 7 2424.19 6433 928.826 138.182 14.1759
79 1996 2 300.612 1114.26 3518.25 494.692 47.9881
89 1996 8 1472.94 3122.24 1293.71 279.478 40.0633
79 1996 3 217.341 2480.07 10121.4 2237.96 201.357
89 1996 9 402.959 1297.4 509.851 98.3604 6.14147
79 1996 4 0 0 0 0 0
79 1996 5 3.60776 46.6854 50.4137 11.8464 0.586802
79 1996 6 91.2907 338.81 429.954 42.8739 4.82103
69 1996 1 431.26 3768.38 9337.08 1568.45 103.393
79 1996 7 2316.98 6628.26 860.612 111.164 9.79324
69 1996 2 241.913 816.273 3846.84 548.247 18.2087
79 1996 8 1451.82 3293.23 1121.09 279.505 27.4589
69 1996 3 272.293 2242.47 10371.9 2265.71 112.56
79 1996 9 565.19 1077.65 501.821 154.428 15.6238
69 1996 4 0 0 0 0 0
69 1996 5 3.30604 60.12 40.5014 9.21254 0
69 1996 6 97.638 293.977 376.289 133.934 5.91264
59 1996 1 262.415 3812.37 9350.19 1621.7 139.604
69 1996 7 2314.92 6552.54 864.634 166.372 16.6751
59 1996 2 386.566 1252.34 3311.31 494.785 35.7894
69 1996 8 1418.67 3326.41 1133.46 262.314 13.355
59 1996 3 134.2 2255.43 10810.7 1954.42 85.1408
69 1996 9 637.107 1029.3 426.876 159.068 9.7512
59 1996 4 0 0 0 0 0
59 1996 5 40.4071 38.948 12.7282 21.0566 0
59 1996 6 117.903 365.038 348.298 71.326 5.18425
49 1996 1 224.934 4109.56 9183.39 1490.76 202.685
59 1996 7 2405.78 6520.48 921.207 71.8057 15.1685
49 1996 2 245.658 1071.03 3353.09 756.303 54.7088
59 1996 8 1495.68 3323.29 1027.92 302.871 32.4619
49 1996 3 381.956 2282.35 10476.9 1997 132.231
59 1996 9 530.053 1123.16 478.687 125.479 29.553
49 1996 4 0 0 0 0 0
49 1996 5 0.642841 40.2133 67.6411 3.85705 0.785694
49 1996 6 109.789 316.234 423.711 54.2014 3.81408
39 1996 1 399.359 3288.56 9515.12 1821.02 148.568
49 1996 7 2381.79 6265.88 1130.19 144.788 20.9359
39 1996 2 255.585 1057.98 3287.52 840.259 26.4996
49 1996 8 1385.57 3126.1 1433.48 227.919 35.365
39 1996 3 376.995 2106.64 10397.6 2187.21 158.466
49 1996 9 584.001 1176.3 416.915 119.922 17.5747
39 1996 4 0 0 0 0 0
39 1996 5 0 5.26233 45.1346 62.7431 0
39 1996 6 116.591 328.319 368.505 80.2844 14.0513
39 1996 7 2524.92 6345.87 898.822 126.668 9.65743
39 1996 8 1186.43 3225.06 1338.47 306.674 36.3231
39 1996 9 521.702 1039.64 563.878 125.006 11.1661
99 1996 1 380.197 3720.14 9314.12 1640.71 153.215
99 1996 2 193.204 1087.96 3670.1 499.367 30.1583
99 1996 3 161.933 2120.17 10540.4 2226.52 221.549
99 1996 4 0 0 0 0 0
99 1996 5 28.285 19.3954 52.2336 12.5361 0.689878
99 1996 6 58.5152 382.274 403.891 53.791 3.38387
99 1996 7 2058.42 6777.14 993.724 86.1501 15.9032
99 1996 8 1108.24 3418.89 1282 331.394 23.6568
99 1996 9 321.656 1410.73 419.056 126.189 17.9131
3 1996 1 531.697 4028.53 9080.98 1487.23 89.5251
3 1996 2 200.766 628.266 4068.48 509.393 73.8823
3 1996 3 172.674 2157.16 10693.7 2081.62 154.199
3 1996 4 0 0 0 0 0
3 1996 5 0 36.9308 45.4318 30.3733 0.404071
3 1996 6 73.5357 388.489 416.467 29.2587 0
3 1996 7 2050.67 6865.22 887.499 108.875 14.3731
3 1996 8 1201.05 3400.88 1266.91 247.908 39.7109
3 1996 9 460.36 1219.48 426.17 186.636 22.0593
52 1996 1 459.517 3948.95 9049.72 1668.24 85.2234
52 1996 2 285.389 1174.99 3223.01 780.874 16.5211
52 1996 3 219.439 1999.39 10864.8 2103.31 62.5906
52 1996 4 0 0 0 0 0
52 1996 5 0.107445 55.8744 40.571 16.5872 0
52 1996 6 96.2124 308.6 432.122 46.6564 24.159
42 1996 1 706.403 3768.66 9067.52 1524.54 146.321
52 1996 7 2351.13 6539.32 939.256 100.07 13.798
42 1996 2 220.673 1012.07 3215.3 988.394 44.346
52 1996 8 1522.89 3325.01 934.921 359.373 29.3606
42 1996 3 159.965 2488.2 10157.9 2322.66 135.102
52 1996 9 664.049 1054.17 403.385 155.304 12.7738
42 1996 4 0 0 0 0 0
42 1996 5 6.64205 39.3541 64.3441 2.79977 0
32 1996 1 333.138 3741.13 9223.44 1762.04 152.479
42 1996 6 71.6148 359.271 426.684 34.1115 16.0684
32 1996 2 327.663 980.669 3283.53 804.543 84.3887
42 1996 7 2325.24 6327.47 1131.6 139.429 11.3854
32 1996 3 295.931 2143.07 10012.6 2600.08 218.948
42 1996 8 1437.19 3320.3 1090.59 307.766 49.3526
32 1996 4 0 0 0 0 0
42 1996 9 436.894 1177.27 540.516 148.004 12.0252
32 1996 5 0.53557 32.3304 65.5895 12.5918 2.09276
22 1996 1 221.41 3975.89 9434.5 1479.54 103.839
32 1996 6 158.907 277.763 393.388 65.1952 12.497
22 1996 2 267.959 1419.98 2950.87 736.349 105.626
32 1996 7 2509.49 6512.76 846.337 58.5087 8.65707
22 1996 3 248.232 2481.21 10110.6 2134.05 280.005
32 1996 8 1342.5 2837.38 1625.05 351.367 23.5778
22 1996 4 0 0 0 0 0
32 1996 9 570.352 1069.43 460.62 155.782 13.1435
22 1996 5 0 32.9147 43.08 37.1454 0
12 1996 1 229.782 4212.88 8832.74 1781.94 167.443
22 1996 6 69.9809 363.473 444.343 27.8973 2.05559
12 1996 2 345.126 1242.67 3271.29 574.422 19.7995
22 1996 7 2265.4 6451.75 1107.96 96.2657 18.2012
12 1996 3 320.374 1764.03 10671.3 2319.08 168.751
22 1996 8 1355.63 3336.2 1200.23 281.764 31.0395
12 1996 4 0 0 0 0 0
22 1996 9 467.534 1318.06 337.272 172.66 19.1844
12 1996 5 7.71409 29.6241 67.4485 7.37376 0.979567
12 1996 6 153.299 342.597 342.804 57.4256 5.49089
12 1996 7 2255.26 6702.7 870.093 70.9388 4.32096
12 1996 8 1549.83 3276.06 953.831 316.877 27.3557
12 1996 9 622.939 1107 430.399 124.821 17.478
55 1996 1 507.217 3796.03 9232.41 1493.95 172.06
55 1996 2 356.767 1165.29 3359.96 545.663 47.6909
55 1996 3 139.339 2063.64 10224.8 2678.03 93.8692
55 1996 4 0 0 0 0 0
55 1996 5 0.439035 36.4989 57.8345 16.5689 1.79866
55 1996 6 33.3951 388.982 355.277 77.5425 6.00258
45 1996 1 613.124 3853.08 9006.31 1596.97 152.319
55 1996 7 2223.19 6590.92 935.524 172.56 9.59057
45 1996 2 284.882 1067.58 3598.01 510.693 19.623
55 1996 8 1346.74 3108.06 1392.61 300.316 19.715
45 1996 3 300.363 2081.53 10540.8 2157.62 195.588
55 1996 9 523.19 1081.15 536.383 153.038 16.5844
45 1996 4 0 0 0 0 0
45 1996 5 3.70106 81.8761 17.8488 8.43671 1.27741
45 1996 6 78.0456 297.811 447.013 78.4022 6.47834
35 1996 1 354.357 3222.67 9922.25 1554.18 141.39
45 1996 7 2415.67 6411.84 920.506 173.15 17.6159
35 1996 2 227.926 1076.36 3570.51 516.558 69.2887
45 1996 8 1322.05 3263.55 1251.07 328.621 22.0679
35 1996 3 172.34 1898.72 10691.5 2274.73 217.369
45 1996 9 429.127 1327.27 421.514 80.8847 12.7541
35 1996 4 0 0 0 0 0
35 1996 5 0.07962 41.0056 62.3788 7.73495 1.94108
25 1996 1 397.063 3540.5 9680.88 1469.76 129.914
35 1996 6 36.7673 446.643 320.637 94.0572 9.64484
25 1996 2 305.351 1446.75 3172.17 521.77 34.749
35 1996 7 2137.91 6715.88 981.751 75.1906 10.6799
25 1996 3 184.638 1945.53 10698.9 2286.99 148.603
35 1996 8 1463.29 3169.34 1145.91 273.188 32.7508
25 1996 4 0 0 0 0 0
35 1996 9 637.035 1251.44 319.829 86.6675 14.6827
25 1996 5 6.16468 29.9658 61.1027 14.9044 1.00254
15 1996 1 456.565 4087.85 9066.7 1432.13 136.592
25 1996 6 100.486 334.439 419.524 49.0085 4.29196
15 1996 2 258.329 993.506 3514.8 607.55 89.5466
25 1996 7 2215.07 6702.33 932.682 80.4545 7.32798
15 1996 3 186.672 1994.89 10706.8 2291.82 84.2411
25 1996 8 1598.12 3010.42 1261.42 295.344 36.5885
15 1996 4 0 0 0 0 0
25 1996 9 456.413 1180.54 498.141 136.466 27.8177
15 1996 5 0 43.5505 57.5357 11.3861 0.667647
15 1996 6 113.414 330.516 386.743 64.1095 12.9679
15 1996 7 2410.72 6569.83 865.634 73.019 4.69991
15 1996 8 1313.03 3453.7 1091.1 284.093 27.6553
15 1996 9 579.764 1113.74 411.719 165.077 14.5167
92 1996 1 195.383 3689.29 9726.94 1512.08 79.7887
92 1996 2 225.461 1131.77 3166.17 884.889 72.5023
92 1996 3 253.085 2187.88 10623.2 2084.15 116.748
92 1996 4 0 0 0 0 0
92 1996 5 1.24084 53.6945 48.4354 9.68759 0.0816306
92 1996 6 93.4916 286.459 438.221 68.2789 21.2996
82 1996 1 378.971 3781.96 9439.35 1442.56 168.652
92 1996 7 2178.76 6727.57 966.693 53.6316 4.74822
82 1996 2 280.543 1030.77 3546.87 578.545 44.0554
92 1996 8 1160.15 3457.63 1283.99 269.771 25.44
82 1996 3 180.769 2186.71 10595.4 2140.29 167.801
92 1996 9 420.394 1217.17 546.842 107.415 17.702
82 1996 4 0 0 0 0 0
82 1996 5 0.631307 40.0936 61.8027 9.14267 1.46978
82 1996 6 135.852 228.087 507.652 33.5431 2.61564
72 1996 1 506.941 4601.48 8552.89 1367.12 172.675
82 1996 7 2411.79 6404.87 985.2 125.896 10.4532
72 1996 2 288.004 1520.03 2883.52 739.242 49.9963
82 1996 8 1556.8 2717.48 1597.08 277.126 42.6072
72 1996 3 145.383 1935.51 10850.2 2172.4 172.478
82 1996 9 727.237 1022.42 416.712 128.218 15.6496
72 1996 4 0 0 0 0 0
72 1996 5 26.2474 40.1666 39.372 6.48373 0.870308
72 1996 6 45.4226 355.031 410.218 51.373 34.6361
62 1996 1 419.719 3932.5 9001.81 1735.6 124.946
48 1996 1 361.188 3866.88 9238.49 1555.6 193.551
72 1996 7 2460.19 6361.02 962.046 139.175 15.8805
62 1996 2 177.335 990.345 3308.31 956.525 42.2632
48 1996 2 320.863 939.061 3513.71 608.844 93.4462
72 1996 8 1370.17 3222.78 1293.94 282.844 23.9686
62 1996 3 280.653 2083.75 10666.3 2006.32 222.868
48 1996 3 353.124 2100.3 10170.5 2552.59 99.3946
72 1996 9 621.508 1055.46 465.791 137.106 3.86256
62 1996 4 0 0 0 0 0
48 1996 4 0 0 0 0 0
62 1996 5 16.7615 18.8001 56.0968 21.0977 0.383919
48 1996 5 0.551902 63.0616 32.137 16.2237 1.1658
62 1996 6 48.0732 331.405 410.097 88.4743 23.2166
48 1996 6 111.212 331.353 399.577 42.8647 4.21719
38 1996 1 318.528 3929.29 8937.32 1770.47 242.9
62 1996 7 2251.78 6653.7 918.803 96.0133 8.25975
48 1996 7 2219.75 6712.46 848.055 120.569 0.544257
38 1996 2 305.005 942.567 3648.78 508.102 76.334
62 1996 8 1291.53 3344.49 1177.73 297.125 30.5194
48 1996 8 1564.3 2987.25 1252.13 333.364 20.2682
38 1996 3 132.459 2455.91 10579.9 1988.91 112.996
62 1996 9 436.903 1080.33 546.584 223.52 23.2664
48 1996 9 505.199 1236.9 355.526 183.748 11.393
38 1996 4 0 0 0 0 0
6 1996 1 136.323 4121.98 9408.47 1349.79 196.559
38 1996 5 0 59.3073 48.3582 5.47452 0
6 1996 2 201.209 852.274 3843.69 504.837 78.7851
28 1996 1 395.544 3527.09 9521.03 1579.86 192.446
38 1996 6 115.475 340.066 378.058 53.3713 4.3747
6 1996 3 206.932 1920.23 10678.6 2315.93 126.789
28 1996 2 383.54 1120.96 3322.56 627.015 26.7201
38 1996 7 2485.92 6427.38 852.376 126.113 20.3163
6 1996 4 0 0 0 0 0
28 1996 3 169.111 2365.69 10204.4 2389.48 136.045
38 1996 8 1362.99 3249.33 1316.36 228.744 19.583
6 1996 5 0 7.06959 54.6144 35.783 15.6731
28 1996 4 0 0 0 0 0
38 1996 9 380.819 1080.94 601.187 223.087 14.6799
6 1996 6 74.6145 310.44 446.725 64.535 11.4363
28 1996 5 3.90138 37.5532 47.6343 21.6369 2.41425
6 1996 7 2580.41 6216.52 1053.02 76.1903 14.0021
18 1996 1 514.688 3620.22 9432.67 1458.34 194.317
28 1996 6 115.952 399.428 334.918 56.5653 0.88598
6 1996 8 1441.91 3477.76 1003.83 243.383 24.5306
18 1996 2 264.67 856.811 3657.6 641.708 53.9496
28 1996 7 2250.01 6656.4 883.721 111.419 17.1389
6 1996 9 563.797 1110.97 464.733 144.149 5.89976
18 1996 3 347.41 2094.72 10322.5 2348.26 163.073
28 1996 8 1212.06 3518.57 1032.51 343.267 39.7955
18 1996 4 0 0 0 0 0
28 1996 9 375.031 1236.87 472.682 193.239 22.6605
18 1996 5 0 43.016 39.5217 29.2842 1.31803
18 1996 6 75.5886 291.452 502.828 21.0551 2.02623
18 1996 7 2484.38 6381.66 915.965 108.473 21.1915
18 1996 8 1428.4 3022.48 1379.68 272.989 39.2812
18 1996 9 381.181 1167.97 489.552 204.653 26.6243
95 1996 1 453.618 4166.82 9079.18 1425.32 88.7896
95 1996 2 332.937 1067.33 3524.03 532.886 23.607
95 1996 3 425.495 1731.87 10930.7 2034.73 124.547
95 1996 4 0 0 0 0 0
95 1996 5 1.40547 109.158 2.57669 0 0
95 1996 6 76.8052 324.603 441.764 64.4251 0.152205
85 1996 1 171.855 4021.98 9185.4 1673.13 159.131
95 1996 7 2329.4 6434.78 1023.8 133.977 5.22012
85 1996 2 322.729 1290.08 3315.64 505.579 46.7627
95 1996 8 1323.9 3183.85 1295.5 367.188 27.9254
85 1996 3 186.194 2189.13 10669.1 2021.61 199.016
95 1996 9 360.169 1361.62 416.33 152.507 7.21953
85 1996 4 0 0 0 0 0
85 1996 5 4.27383 50.8027 39.8185 16.4714 1.77357
85 1996 6 98.0471 316.242 434.148 31.6407 27.6722
75 1996 1 223.816 4095.43 9332.62 1374.66 185.572
85 1996 7 2134.58 6681.56 991.588 106.396 13.9691
75 1996 2 287.845 967.762 3627.24 543.73 54.2105
85 1996 8 1250.43 3227.5 1319.86 373.981 26.3329
75 1996 3 398.559 2551.79 10359.6 1800.44 159.616
85 1996 9 458.017 1329.29 388.24 115.886 12.3372
75 1996 4 0 0 0 0 0
75 1996 5 23.6559 31.76 49.8501 7.8739 0
75 1996 6 87.5215 285.995 405.688 71.9838 56.5616
65 1996 1 250.943 3978.33 9229.11 1495.44 197.949
75 1996 7 2529.17 6219.61 1095.76 92.1974 6.85201
65 1996 2 216.895 1406.94 3152 639.153 65.7995
75 1996 8 1601.16 3258.49 1022.99 273.655 52.1314
65 1996 3 156.949 2572.83 9767.77 2548.27 204.115
75 1996 9 668.029 1172.54 354.558 100.468 19.1152
65 1996 4 0 0 0 0 0
65 1996 5 2.10787 62.6486 31.7225 16.4435 0.217577
65 1996 6 99.8947 385.105 321.849 74.3323 15.1511
65 1996 7 2326.56 6760.22 758.733 71.1044 12.5725
65 1996 8 1344.92 3529.62 980.105 271.249 33.8504
65 1996 9 475.812 1298.06 408.024 70.7494 20.0524
9 1996 1 225.196 4385.91 8753.19 1671.09 166.172
9 1996 2 329.401 1095.24 3055.03 964.871 36.2438
9 1996 3 128.626 2144.32 10099.7 2798.14 93.7129
9 1996 4 0 0 0 0 0
9 1996 5 17.3277 55.3814 29.7323 10.6986 0
9 1996 6 51.6913 299.751 470.854 80.0681 5.38511
9 1996 7 1739.08 6841.64 1172.34 163.513 25.1039
9 1996 8 1202.26 3359.67 1261.48 346.706 20.3116
9 1996 9 582.777 1128.12 498.811 97.9744 7.03239
98 1996 1 272.139 3506.98 9544.19 1762.96 132.551
98 1996 2 311.949 1334.73 3074.42 724.937 34.7535
98 1996 3 335.047 2566.53 10442.8 1831.98 49.0137
98 1996 4 0 0 0 0 0
98 1996 5 0.254629 34.1373 55.1746 22.357 1.21656
98 1996 6 121.878 259.497 451.757 70.1676 4.44975
88 1996 1 342.017 3750.19 9450.9 1558.9 113.962
98 1996 7 2220.8 6533.03 1043.26 130.434 10.8165
88 1996 2 158.527 834.869 3490.42 949.012 47.958
98 1996 8 1348.47 3256.74 1201.74 338.707 31.2675
88 1996 3 226.549 2461.88 10153.6 2218.41 204.464
98 1996 9 508.652 1166.32 466.179 139.317 14.0694
88 1996 4 0 0 0 0 0
88 1996 5 2.35708 90.2944 17.3457 3.14278 0
88 1996 6 109.464 328.825 405.51 57.555 0.861009
78 1996 1 309.754 3424.86 9697.95 1686.56 106.983
88 1996 7 2359.57 6188.27 1228.2 129.752 19.0752
78 1996 2 183.832 1083.97 3623.18 524.187 49.9753
88 1996 8 1176.79 3645.36 964.517 347.104 13.6275
78 1996 3 183.018 1709.98 10835.6 2373.26 163.264
88 1996 9 447.382 1220.45 519.71 104.723 13.2253
78 1996 4 0 0 0 0 0
78 1996 5 0 65.0547 35.1984 10.7047 2.18213
78 1996 6 86.9327 345 411.297 61.9657 2.55524
68 1996 1 382.188 3974.55 9189.5 1512.57 152.168
78 1996 7 2192.32 6647.25 1013.13 68.5282 13.9926
68 1996 2 179.196 934.86 3609.38 690.702 66.6478
78 1996 8 1488.63 3475.25 912.734 245.612 37.3457
68 1996 3 197.613 2262.22 9927.76 2686.32 202.027
78 1996 9 529.02 1202.35 440.424 112.948 13.7806
68 1996 4 0 0 0 0 0
68 1996 5 0 72.8339 39.2454 0 1.06069
68 1996 6 88.5825 268.773 466.406 70.7316 13.2568
58 1996 1 173.023 3768 9146.59 1984.12 144.246
68 1996 7 2391.57 6473.9 956.538 97.7181 13.0497
58 1996 2 291.134 1330.95 3109.85 716.941 20.2682
68 1996 8 1155.88 3194.04 1509.66 316.748 32.1022
58 1996 3 210.819 2614.08 10451.9 1755.04 229.553
100 1996 1 437.218 3920.12 9067.9 1667.72 118.703
68 1996 9 466.34 1165.35 471.834 117.528 27.0456
58 1996 4 0 0 0 0 0
100 1996 2 280.545 984.097 3626.54 531.954 37.8911
58 1996 5 0.22508 36.2883 59.0127 17.6139 0
100 1996 3 261.595 2010.88 10623.1 2278.24 102.123
58 1996 6 119.599 361.023 386.61 30.2424 10.2751
100 1996 4 0 0 0 0 0
58 1996 7 2234.8 6513.44 1054.17 106.23 7.26391
100 1996 5 0.555516 35.6968 64.2207 12.667 0
58 1996 8 1245.43 3242.47 1250.86 300.761 31.2868
100 1996 6 84.7422 254.716 506.832 61.4602 0
58 1996 9 468.824 1469.78 245.652 98.1162 10.9423
100 1996 7 2367.82 6508 972.793 73.9729 5.80693
100 1996 8 1391.51 3286.44 1178.59 302.979 25.3635
100 1996 9 435.447 1107.89 626.568 130.832 13.9694
21 1996 1 308.266 3812.26 9304.13 1634.32 158.882
21 1996 2 308.879 1272.24 3220.23 592.29 50.8983
21 1996 3 409.769 2608.25 10158.1 1921.75 168.58
21 1996 4 0 0 0 0 0
21 1996 5 0.500764 56.7959 40.6949 13.8378 1.31062
11 1996 1 202.522 4282.91 9104.36 1436.3 176.079
21 1996 6 70.7434 264.769 514.695 40.7368 16.806
11 1996 2 208.095 1306.08 3398.22 528.394 39.996
21 1996 7 2284.02 6588.7 938.592 106.436 12.5464
11 1996 3 303.793 2148.95 10433.5 2250.99 138.725
21 1996 8 1438.54 3066.57 1375.68 287.337 25.733
11 1996 4 0 0 0 0 0
21 1996 9 451.277 1011.12 613.628 170.504 68.1805
11 1996 5 0.38375 57.6813 46.8374 7.37784 0.85974
11 1996 6 85.1956 344.61 362.44 107.346 8.15798
11 1996 7 2307.69 6380.77 1164.67 61.3516 20.3383
11 1996 8 1460.38 3335.33 1140.08 225.139 21.5143
11 1996 9 357.626 1276.89 535.059 120.139 19.3472
2 1996 1 366.344 4032.54 8841.7 1783.69 161.825
2 1996 2 271.977 1253.85 3376.09 510.375 68.4936
2 1996 3 288.701 1970.81 10706.7 2170.91 121.36
2 1996 4 0 0 0 0 0
2 1996 5 4.04071 47.2093 45.5717 16.3183 0
2 1996 6 100.994 299.133 373.482 118.817 15.3236
2 1996 7 2467.16 6308.66 991.004 134.222 12.595
14 1996 1 278.032 4209.26 8960.5 1537.69 223.278
2 1996 8 1285.44 3364.34 1151.48 349.574 20.3764
14 1996 2 232.702 1034.48 3638.91 512.667 43.761
2 1996 9 506.79 1204.04 427.404 117.112 21.6623
14 1996 3 303.9 2096.19 11137.9 1539.27 176.984
14 1996 4 0 0 0 0 0
14 1996 5 9.82954 29.4741 55.7535 18.0829 0
14 1996 6 123.174 373.45 349.5 59.949 1.67729
14 1996 7 2304.89 6719.13 839.375 56.4589 17.0411
14 1996 8 991.251 3682.99 1174.48 313.339 28.0262
14 1996 9 434.892 1281.25 472.573 114.635 11.3617
71 1996 1 246.383 4359.96 8999.66 1474.64 116.878
71 1996 2 207.617 913.352 3623.26 662.778 53.3532
71 1996 3 190.053 1818.45 10484 2649.52 96.1749
71 1996 4 0 0 0 0 0
71 1996 5 0 41.8848 50.4992 19.6924 1.0636
71 1996 6 148.889 290.562 353.958 96.7666 17.5743
61 1996 1 305.169 3621.49 9379.33 1785.73 104.586
71 1996 7 2480.83 6469.8 865.469 117.592 9.88631
61 1996 2 197.685 1157.55 3556.64 505.493 51.3565
71 1996 8 1127.03 3391.52 1273.31 321.68 27.1534
61 1996 3 214.991 2254.49 10427.9 2211.39 131.54
71 1996 9 615.272 1125.41 367.337 173.202 12.4168
61 1996 4 0 0 0 0 0
61 1996 5 16.1629 55.7129 27.2778 12.5434 1.44311
61 1996 6 124.183 427.784 293.762 56.1738 5.84747
51 1996 1 435.947 3905.76 9248.42 1519.12 116.826
61 1996 7 2333.76 6455.95 1063.05 76.3939 5.82878
51 1996 2 296.361 984.654 3430.26 707.903 61.6097
61 1996 8 1302.38 3246.96 1261.04 291.703 28.1832
51 1996 3 155.963 2479.89 9669.63 2810.05 160.403
61 1996 9 589.81 960.467 551.441 170.285 24.2264
51 1996 4 0 0 0 0 0
5 1996 1 545.107 3699.36 9186.73 1635.19 150.484
51 1996 5 0 66.7052 15.8673 30.1185 0.448968
5 1996 2 286.524 1031.1 3537.91 574.078 44.7916
51 1996 6 67.6815 388.741 380.113 67.8735 3.34118
41 1996 1 380.995 3691.56 9118.59 1908.1 120.507
5 1996 3 278.743 2067.54 10338 2418.53 149.368
51 1996 7 2119.38 6690.73 1010.14 101.687 10.8929
41 1996 2 308.727 1194.53 3312.93 591.317 61.8284
5 1996 4 0 0 0 0 0
51 1996 8 1276.27 3542.43 1004.95 341.611 26.0568
41 1996 3 320.325 2426.16 10338 1961.04 209.292
5 1996 5 5.1601 52.7266 37.7928 17.2768 0.183669
51 1996 9 412.543 1199.71 448.391 207.462 46.6052
41 1996 4 0 0 0 0 0
5 1996 6 143.039 326.612 353.096 84.4048 0.597204
41 1996 5 1.53306 41.407 61.846 8.35393 0
5 1996 7 2266.63 6524.79 1081.78 53.7558 6.63238
17 1996 1 571.772 3744.27 8812.52 2003.85 74.9315
31 1996 1 419.458 3477.45 9704.55 1463.89 146.516
41 1996 6 122.062 350.94 405.871 28.3734 0.504119
5 1996 8 1048.14 3480.59 1346.56 297.42 20.1314
17 1996 2 221.366 1096.42 3325.22 822.54 15.2442
31 1996 2 241.051 1017.09 3489.38 716.018 17.2527
41 1996 7 2340.48 6435.99 1030.24 126.278 8.92404
5 1996 9 558.817 1175.43 412.543 156.154 11.7691
17 1996 3 251.254 1924.34 10609.5 2363.52 94.7193
31 1996 3 228.377 2226.72 10550.1 2096.19 174.521
41 1996 8 1228.33 3410.57 1229.99 276.634 24.1102
17 1996 4 0 0 0 0 0
31 1996 4 0 0 0 0 0
41 1996 9 427.937 1121.14 566.856 167.946 30.8267
17 1996 5 1.19285 53.5353 36.3593 22.0525 0
31 1996 5 0.235218 83.7271 23.4111 4.96522 0.801332
17 1996 6 67.4073 332.455 425.306 76.5997 5.98127
31 1996 6 116.425 300.528 477.7 13.0969 0
17 1996 7 2417.36 6591.3 854.739 70.653 2.8269
31 1996 7 2417.4 6570.07 854.515 90.6413 7.69617
17 1996 8 1223.88 3047.58 1536.28 353.647 11.7294
31 1996 8 1434.44 3213.45 1191.28 299.006 36.4469
17 1996 9 367.628 1268.54 453.758 209.649 8.70557
31 1996 9 454.381 1104.43 509.402 229.78 16.7162
74 1996 1 195.771 4258.66 9207.83 1327.8 183.699
74 1996 2 242.957 990.654 3685.31 514.731 25.9592
74 1996 3 104.651 2010.93 11438.4 1585.1 114.859
74 1996 4 0 0 0 0 0
74 1996 5 5.89271 68.1439 36.2024 2.90103 0
74 1996 6 120.269 298.4 419.511 61.3345 3.32958
64 1996 1 232.365 4418.1 8793.67 1582.75 189.259
74 1996 7 2447.19 6461.2 942.666 61.0543 8.56595
64 1996 2 370.011 1268.87 3193.24 580.076 62.5245
74 1996 8 1123.53 2851.34 1784.24 303.798 21.8129
64 1996 3 303.867 2083.43 10664 2053.91 129.898
74 1996 9 580.768 1087.91 484.016 116.499 11.0534
64 1996 4 0 0 0 0 0
64 1996 5 20.0293 38.2262 47.7323 5.96383 1.18845
64 1996 6 71.3396 238.012 504.981 85.4081 8.00956
54 1996 1 155.388 3671.75 10047.1 1143.59 208.397
64 1996 7 2244.9 6563.03 997.834 122.388 8.2269
54 1996 2 205.652 960.483 3601.12 663.801 49.7379
64 1996 8 1438.41 3386.81 1005.92 309.688 41.2243
54 1996 3 132.346 2484.06 10276.2 2276.94 95.2329
64 1996 9 587.182 1146.31 450.305 122.648 8.26287
54 1996 4 0 0 0 0 0
8 1996 1 540.705 4114.63 8906.4 1521.23 140.07
54 1996 5 42.4275 53.815 16.8975 0 0
8 1996 2 215.25 1220.28 3467.64 519.844 52.169
54 1996 6 49.6133 317.99 444.607 86.0107 9.52856
44 1996 1 363.083 4035.12 8985.99 1718.21 108.595
8 1996 3 446.708 2099.85 10554.9 2001.74 172.73
54 1996 7 1999.92 6960.06 853.126 111.862 18.6057
44 1996 2 211.104 948.384 3519.22 779.007 23.0776
8 1996 4 0 0 0 0 0
54 1996 8 1464.22 3308.84 1139.55 238.74 34.5791
44 1996 3 209.769 2070.48 10424.2 2431.85 139.665
8 1996 5 10.8426 93.9887 8.30872 0 0
54 1996 9 570.892 992.28 517.434 207.067 27.0382
44 1996 4 0 0 0 0 0
8 1996 6 102.501 342.44 345.902 108.109 8.79758
44 1996 5 0.679642 61.2241 40.7158 10.5204 0
8 1996 7 2315.26 6493.28 964.076 116.715 20.1488
44 1996 6 97.314 255.063 492.423 47.7911 15.159
34 1996 1 675.841 3672.22 9155.24 1616.1 92.2228
8 1996 8 1323.15 3380.06 1035.17 322.898 21.43
44 1996 7 2317.15 6498.72 988.872 125.46 11.6374
34 1996 2 228.119 1055.1 3434.69 690.88 65.4322
8 1996 9 568.856 1091.47 524.157 98.1146 18.4935
44 1996 8 1161.43 3517.25 1189.31 292.243 40.8715
34 1996 3 354.28 1822.67 11219.5 1664.15 215.329
44 1996 9 383.787 1146.04 516.529 191.853 27.0422
34 1996 4 0 0 0 0 0
34 1996 5 0 35.7868 72.9488 3.88703 0.517409
24 1996 1 284.352 4032.71 9082.61 1673.29 149.906
34 1996 6 71.0777 420.765 323.336 79.2091 13.3623
24 1996 2 459.418 780.855 3544.64 666.92 28.9601
34 1996 7 2247.3 6547.38 1036.13 79.4747 9.47368
24 1996 3 282.885 2287.36 10057.3 2613.88 34.503
34 1996 8 1232.97 3415.38 1158.07 300.191 37.8191
24 1996 4 0 0 0 0 0
34 1996 9 517.455 1105.06 528.931 128.898 26.0521
24 1996 5 0 54.8173 37.1517 18.9952 2.17577
24 1996 6 44.6686 330.907 377.955 135.567 18.6527
24 1996 7 2293.9 6441.59 1082.35 101.759 8.14441
24 1996 8 1515.51 3017.97 1157.11 419.301 38.8434
24 1996 9 449.435 1347.5 376.745 123.795 2.68172
91 1996 1 244.693 4078.22 9141.11 1607.18 137.367
91 1996 2 277.755 807.041 3695.88 667.382 32.7325
91 1996 3 286.749 2240.57 10254.2 2361.7 132.736
91 1996 4 0 0 0 0 0
91 1996 5 30.5866 29.4116 51.1845 1.95732 0
91 1996 6 111.883 366.621 374.75 51.1815 3.31453
81 1996 1 417.455 3656.24 9225.79 1717.22 176.669
67 1996 1 127.175 4204.39 8839.54 1828.16 179.52
91 1996 7 2255.59 6594.43 898.135 187.542 7.88683
81 1996 2 297.297 964.861 3716.37 479.611 22.6515
67 1996 2 296.201 1056.56 3286.43 814.366 27.2264
91 1996 8 1479.17 3369.94 1037.79 287.857 23.0987
81 1996 3 155.633 2031.81 10738.9 2229.76 89.9598
67 1996 3 210.383 2794.85 9708.27 2428.44 87.3158
91 1996 9 574.535 1064.38 532.766 116.084 12.8575
81 1996 4 0 0 0 0 0
67 1996 4 0 0 0 0 0
81 1996 5 0 42.6825 61.0882 8.80359 0.5657
67 1996 5 0.633838 29.0121 57.7516 22.5159 3.22659
81 1996 6 91.9186 240.67 421.061 130.44 23.6604
67 1996 6 59.2794 405.067 355.945 70.7042 16.7549
57 1996 1 145.447 4297.43 9187 1455.27 120.383
81 1996 7 2206.52 6685.07 921.151 112.618 13.3176
67 1996 7 2284.11 6525.34 1007.12 107.569 15.9532
57 1996 2 241.429 1090.46 3596.54 528.056 24.309
81 1996 8 1462.97 3213.1 1192.83 288.735 27.4873
67 1996 8 1088.58 3145.52 1519.26 357.59 34.0003
57 1996 3 284.535 2278.72 10707 1797.16 174.14
81 1996 9 440.967 1297.64 451.887 94.283 14.3992
67 1996 9 657.62 1131.94 370.958 133.377 9.8308
57 1996 4 0 0 0 0 0
57 1996 5 0 51.2771 54.1912 7.26759 0.404071
57 1996 6 144.332 315.818 378.947 66.4285 2.22488
47 1996 1 493.995 3836.83 9427.73 1315.52 125.029
57 1996 7 2433.46 6614.13 777.808 93.3044 16.4062
47 1996 2 206.085 1099.31 3427.73 721.906 25.7572
57 1996 8 1235.77 3480 1122.78 337.814 28.403
47 1996 3 213.758 1781.78 10765 2327.85 170.805
57 1996 9 389.19 1214.58 551.744 138.288 20.9084
47 1996 4 0 0 0 0 0
47 1996 5 0 33.2418 59.9331 18.8904 1.07474
47 1996 6 95.1696 361.88 335.599 20.8423 4.08535
37 1996 1 330.755 3555.61 9539.41 1652.79 127.83
47 1996 7 2077.86 6693.97 996.039 125.474 8.55201
37 1996 2 278.617 1145.46 3601.29 419.468 35.9513
47 1996 8 1231.87 3250.44 1302.97 247.97 41.5863
37 1996 3 297.856 2156.59 10375.8 2378.25 39.2593
47 1996 9 453.909 1232.91 448.562 134.17 18.6284
37 1996 4 0 0 0 0 0
37 1996 5 0.136643 40.3346 66.7878 5.57434 0.306612
27 1996 1 470.972 4111.08 8926.76 1562.31 156.659
37 1996 6 75.0891 330.823 409.583 87.6853 4.56921
27 1996 2 310.114 1284.91 3101.35 765.429 18.9845
37 1996 7 2314.42 6522.33 949.798 141.267 15.7605
27 1996 3 163.361 2137.21 11068.9 1790.15 116.312
37 1996 8 1246.36 3722.9 962.702 238.116 23.8984
27 1996 4 0 0 0 0 0
37 1996 9 464.135 1185.81 463.877 140.287 30.273
27 1996 5 0.383073 51.3095 48.2024 12.4499 0.795139
27 1996 6 92.2759 372.606 404.162 29.7006 9.00546
27 1996 7 2322.35 6582.82 969.436 57.6463 11.3209
27 1996 8 1422.35 2975.06 1406.81 351.711 52.5011
27 1996 9 573.351 1154.87 404.856 149.035 16.813
