99 2000 1 35.0809 110.687 493.198 229.241 10.2832
99 2000 2 0 0 10.1777 5.83438 2.65788
99 2000 3 329.588 1133.59 819.935 227.353 11.7345
99 2000 4 0 1.5907 2.03256 0.176744 0
99 2000 5 23.8619 98.0986 59.2668 40.7041 7.98859
99 2000 6 10.2838 120.797 152.757 1.70021 0.511946
99 2000 7 178.047 409.055 108.49 13.8293 2.97333
99 2000 8 2.40171 19.3471 0.800571 0.800571 0
99 2000 9 68.3221 141.509 66.689 4.79402 0.696321
3 2000 1 28.2328 100.737 514.037 219.921 15.5619
3 2000 2 3.07152 2.78795 9.78599 2.46444 0.5601
3 2000 3 431.893 912.365 923.314 245.308 12.4295
3 2000 4 0.0666667 1.62979 2.04563 0.0579196 0
3 2000 5 74.8419 79.616 51.1665 18.9937 1.12151
3 2000 6 13.7372 129.744 137.251 4.71764 0.599506
3 2000 7 135.216 438.809 113.727 16.828 1.83588
3 2000 8 11.675 11.675 0 0 0
3 2000 9 58.8592 136.927 71.7825 14.1351 0.305864
62 2000 1 30.1105 189.398 434.936 208.832 15.2135
62 2000 2 0.987356 4.14074 9.4172 4.1247 0
62 2000 3 337.898 1014.9 966.305 200.687 5.52136
62 2000 4 0.953016 1.19127 1.5954 0.0603175 0
62 2000 5 45.2572 64.4525 62.7158 10.7603 0.750245
62 2000 6 7.01472 100.987 170.099 7.44535 0.504497
52 2000 1 27.2691 152.231 463.551 222.527 12.912
62 2000 7 183.32 424.168 90.9243 14.9863 0.200719
52 2000 2 0.811739 0.162348 7.5167 9.8491 0.330107
62 2000 8 0 0 0 0 0
52 2000 3 362.973 934.463 993.368 220.444 10.2091
62 2000 9 57.7712 135.047 72.1065 16.099 0.985885
52 2000 4 0 1.07813 2.64907 0.0727969 0
6 2000 1 37.2056 134.391 477.393 216.934 12.5663
52 2000 5 9.4193 63.1462 58.109 53.689 8.47263
6 2000 2 0 0 12.1222 6.2989 0.248933
52 2000 6 4.14562 90.0235 178.069 13.403 0.408877
6 2000 3 292.321 917.055 1105.87 201.696 2.64459
42 2000 1 27.4772 178 476.799 182.78 13.4335
52 2000 7 176.786 405.739 98.713 20.4353 2.3806
6 2000 4 0.0330435 1.98261 1.78435 0 0
42 2000 2 4.6675 0.19911 8.34779 5.4556 0
52 2000 8 3.23761 18.6408 0.882983 0.588655 0
6 2000 5 55.5364 85.591 59.1183 22.7921 1.53514
42 2000 3 402.229 1059.52 805.222 252.954 5.38716
52 2000 9 90.6052 122.458 57.4343 11.5122 0
6 2000 6 8.20588 97.5057 164.845 15.4935 0
42 2000 4 0 1.09778 2.61778 0.0844444 0
6 2000 7 176.089 418.068 103.549 13.2434 2.65003
42 2000 5 64.6071 74.8434 45.8617 37.4893 7.11847
6 2000 8 1.66786 20.2228 0.625446 0.833929 0
32 2000 1 33.8754 118.434 449.422 252.849 23.9089
42 2000 6 4.24424 97.9087 176.585 7.13265 0.179061
6 2000 9 58.135 114.748 86.3629 22.3166 0.447635
32 2000 2 0 0.509721 8.0809 9.70894 0.370437
42 2000 7 206.847 389.772 101.825 15.1561 0
32 2000 3 276.202 1038.87 969.888 207.138 19.0357
42 2000 8 3.0129 17.3242 1.50645 1.50645 0
32 2000 4 1.71 1.52 0.57 0 0
42 2000 9 60.3221 117.523 84.5782 18.5502 1.03626
32 2000 5 37.2023 98.4206 60.7957 21.8844 2.03694
22 2000 1 13.324 109.731 512.001 223.999 19.4349
32 2000 6 7.54981 115.377 156.527 6.59613 0
22 2000 2 0 0.266714 10.5841 7.35242 0.46675
32 2000 7 174.804 415.107 95.9046 15.6882 2.61789
22 2000 3 318.976 917.138 978.435 272.653 32.0036
32 2000 8 0 0 0 0 0
22 2000 4 1.03127 1.5977 1.11627 0.0547631 0
32 2000 9 66.4624 118.954 66.7127 28.4013 1.47919
22 2000 5 47.4777 67.8442 71.1267 23.0757 3.15164
12 2000 1 45.1302 107.379 520.817 186.975 16.7021
22 2000 6 3.42282 93.4673 167.658 19.8768 1.62528
12 2000 2 2.06806 1.85656 5.082 9.48415 0.179232
22 2000 7 205.124 377.982 111.732 10.3996 4.41219
12 2000 3 313.421 1103.63 849.047 244.201 10.9144
22 2000 8 0 0 0 0 0
12 2000 4 1.97037 1.82963 0 0 0
22 2000 9 77.2749 123.178 51.5925 26.8294 3.13549
12 2000 5 32.8913 61.7534 59.3048 52.3041 3.22906
12 2000 6 10.2896 116.084 136.729 22.9478 0
12 2000 7 165.02 425.654 99.1737 16.7506 1.6157
12 2000 8 0 23.35 0 0 0
12 2000 9 64.484 139.99 67 9.30285 1.23293
55 2000 1 30.3127 144.267 445.325 229.467 24.2099
55 2000 2 2.15423 1.6971 7.01275 7.7772 0.0287231
55 2000 3 299.243 1226.46 765.664 226.93 3.60472
55 2000 4 0.85939 1.67728 1.17349 0.0898345 0
55 2000 5 83.0267 85.0582 45.9197 11.9707 3.94471
55 2000 6 2.4483 89.2556 189.139 5.20674 0
45 2000 1 27.9544 129.565 466.924 241.437 12.6098
55 2000 7 173.815 413.144 108.925 15.1791 1.29533
45 2000 2 0 2.8523 10.7299 4.84023 0.247596
55 2000 8 0.74127 20.3849 2.03849 0.185317 0
45 2000 3 364.12 1114.61 788.875 240.502 10.5451
55 2000 9 38.738 138.717 91.8769 12.2315 0.446494
45 2000 4 0.497218 1.34609 1.95669 0 0
45 2000 5 83.9635 74.9802 37.096 20.494 5.72232
45 2000 6 10.1139 129.407 142.482 3.99018 0.0569254
35 2000 1 23.8276 125.455 495.475 226.497 7.23516
45 2000 7 161.47 393.548 130.094 22.0989 4.1124
35 2000 2 0 0.269117 10.5038 7.75064 0.146431
45 2000 8 0 0 0 0 0
35 2000 3 386.461 905.546 974.63 242.324 5.54125
45 2000 9 64.0831 144.392 63.2691 10.2657 0
35 2000 4 0 0 0 0 0
35 2000 5 98.6813 78.2901 12.0239 23.3278 1.74035
25 2000 1 35.014 137.084 503.916 188.151 14.325
35 2000 6 8.0421 109.635 156.835 10.8371 0.700674
25 2000 2 0.0472061 0.498942 10.6869 4.51272 2.92427
35 2000 7 169.282 438.647 90.3789 11.2219 2.75114
25 2000 3 477.254 1021.28 784.185 221.639 20.9568
35 2000 8 4.56848 15.7359 2.28424 0.761413 0
25 2000 4 0 0 0 0 0
35 2000 9 67.5715 110.022 100.811 3.60603 0
25 2000 5 67.3997 68.3777 61.5545 25.6775 6.91055
15 2000 1 25.9006 95.9095 502.247 229.764 24.6687
25 2000 6 7.48471 105 161.909 9.09397 2.56271
15 2000 2 0 0 5.90182 11.5912 1.17702
25 2000 7 166.418 417.381 115.071 12.3428 0.188492
15 2000 3 282.138 1082.84 907.079 245.846 5.38427
25 2000 8 0 0 0 0 0
15 2000 4 0 0 0 0 0
25 2000 9 52.914 118.046 87.5371 16.3434 7.16975
15 2000 5 2.92722 93.7953 102.134 13.4453 0.58728
15 2000 6 5.95187 121.512 152.949 5.63762 0
15 2000 7 179.642 385.177 119.461 24.07 3.01979
15 2000 8 3.77721 8.82935 10.2233 0.520173 0
15 2000 9 81.5 133.647 56.015 9.43489 1.41291
92 2000 1 33.964 147.42 466.309 216.41 14.3876
92 2000 2 0 0.17866 12.4175 5.89201 0.181851
92 2000 3 383.436 977.48 928.799 222.796 9.13386
92 2000 4 1.615 1.45134 0.620792 0.112871 0
92 2000 5 38.8624 129.39 41.0889 9.08269 0
92 2000 6 6.49482 127.576 138.84 12.4089 0.73034
82 2000 1 28.28 114.363 472.28 237.978 22.3653
92 2000 7 182.791 396.273 111.34 14.5196 4.81243
82 2000 2 0 0.858373 12.976 4.26275 0.572843
92 2000 8 0 0 0 0 0
82 2000 3 383.708 975.095 902.69 238.454 23.5011
92 2000 9 72.0046 121.705 82.1734 6.12655 0
82 2000 4 0 1.2234 2.3635 0.213104 0
82 2000 5 77.7345 82.3837 53.3669 14.5895 1.84542
82 2000 6 11.7884 102.891 159.958 11.2694 0.143168
72 2000 1 42.3981 129.023 475.796 216.511 14.762
58 2000 1 20.936 148.259 451.407 241.852 13.4024
82 2000 7 155.519 442.739 72.4207 35.0648 1.89039
72 2000 2 1.69727 3.0088 4.9118 7.35485 1.69727
58 2000 2 0 4.6443 7.39957 6.62613 0
82 2000 8 9.08056 11.0264 1.94583 1.29722 0
72 2000 3 382.31 851.683 1020.36 267.078 3.87843
58 2000 3 498.701 827.02 914.848 267.236 15.4104
82 2000 9 49.4944 167.771 48.0032 15.2319 1.50908
72 2000 4 0 1.23067 2.23294 0.336388 0
58 2000 4 0 0.913506 2.66312 0.223377 0
72 2000 5 46.7366 90.2983 67.8494 9.97315 1.92429
58 2000 5 14.698 89.0525 88.5291 20.3878 4.47927
72 2000 6 11.1242 105.676 144.853 24.397 0
58 2000 6 3.68492 138.281 138.345 5.73898 0
48 2000 1 21.4519 113.768 490.335 235.028 17.9064
72 2000 7 169.154 400.119 127.938 13.9348 2.45417
58 2000 7 157.784 433.221 100.934 8.2517 0.17191
48 2000 2 2.66714 0.846365 5.95682 8.89197 0.3077
72 2000 8 11.675 11.675 0 0 0
58 2000 8 23.35 0 0 0 0
48 2000 3 307.161 1093.18 881.699 229.507 4.94121
72 2000 9 46.5368 174.445 54.8914 5.866 0.271163
58 2000 9 81.4937 123.362 69.2398 5.90363 2.01077
48 2000 4 1.44762 1.38133 0.86997 0.101079 0
48 2000 5 30.031 116.652 56.9236 24.903 1.41011
48 2000 6 5.50497 116.743 144.697 18.7951 0.310123
38 2000 1 25.3293 133.943 448.548 244.515 26.1551
48 2000 7 166.372 409.489 82.1143 37.2743 9.31821
38 2000 2 0.0444524 3.37434 7.68622 7.468 0.096987
48 2000 8 8.26979 14.1073 0.972917 0 0
38 2000 3 246.39 1065.96 987.054 218.472 7.43906
48 2000 9 45.6153 144.265 67.8264 20.1122 4.19148
38 2000 4 0.263889 1.73714 1.48532 0.313651 0
38 2000 5 78.5797 76.4305 41.9454 17.5132 3.35023
28 2000 1 21.3525 133.652 478.955 229.69 14.8398
38 2000 6 6.30033 96.098 170.369 13.0215 0.26095
28 2000 2 0 0 13.7568 4.91316 0
38 2000 7 163.948 421.803 102.44 10.6791 5.05493
28 2000 3 349.697 1060.96 865.104 242.221 7.33117
38 2000 8 7.78333 5.36419 9.46622 0.736261 0
28 2000 4 2.07273 1.72727 0 0 0
38 2000 9 58.2367 143.01 55.8805 24.8829 0
28 2000 5 72.1659 104.84 29.8204 21.0045 2.08933
18 2000 1 23.0885 154.188 476.585 201.971 21.3118
28 2000 6 2.84156 112.323 161.775 8.05859 1.05243
18 2000 2 1.41253 1.95298 8.54227 6.37729 0.384917
28 2000 7 172.144 414.022 114.146 11.3045 1.98395
18 2000 3 355.923 1039.73 865.8 251.496 8.34312
28 2000 8 23.35 0 0 0 0
18 2000 4 0 0 0 0 0
28 2000 9 44.7021 166.032 61.7454 9.53042 0
18 2000 5 76.9594 78.3038 51.0626 21.21 2.38427
18 2000 6 12.1258 114.425 126.206 31.9021 1.39131
18 2000 7 139.661 428.945 109.096 26.1909 6.18674
18 2000 8 2.50179 10.2504 9.76391 0.833929 0
18 2000 9 55.8332 137.658 56.9568 30.0784 1.48402
95 2000 1 17.9587 124.472 478.848 238.793 18.418
95 2000 2 1.95358 1.19535 6.96397 5.01624 3.54086
95 2000 3 266.379 1064.54 942.607 241.159 8.47841
95 2000 4 1.34839 1.16646 1.27371 0.0114458 0
95 2000 5 53.5698 84.9669 72.4098 16.4107 2.56287
95 2000 6 7.69442 115.805 159.768 2.49598 0.287307
85 2000 1 23.5432 143.462 462.608 230.809 16.2784
95 2000 7 169.075 414.417 101.988 16.0439 2.5075
85 2000 2 1.96526 1.68427 8.50314 6.44174 0.075587
95 2000 8 2.05275 20.2709 1.02637 0 0
85 2000 3 247.455 1232.13 818.564 213.09 9.07896
95 2000 9 56.7389 116.664 98.985 7.58788 2.03395
85 2000 4 0.0281481 1.52 2.16741 0.0844444 0
85 2000 5 33.609 82.2375 63.5666 28.6918 15.7645
85 2000 6 3.97292 88.0973 185.239 8.74042 0
75 2000 1 35.9517 157.035 457.863 221.392 6.2478
85 2000 7 170.015 412.383 101.373 22.0296 0
75 2000 2 0 0.359038 10.0603 8.25062 0
85 2000 8 10.4859 11.5669 1.29722 0 0
75 2000 3 479.237 826.213 1008.78 196.368 14.7156
85 2000 9 68.3509 144.075 61.7811 5.8789 1.92442
75 2000 4 0.638655 1.41345 1.46935 0.278544 0
75 2000 5 47.1619 87.783 47.6831 45.1462 2.14579
75 2000 6 7.82075 99.8617 162.914 14.2097 1.24395
65 2000 1 40.3383 119.025 479.906 211.125 22.1601
75 2000 7 180.727 401.641 113.088 14.3203 1.37203
65 2000 2 1.20452 2.22129 8.6175 3.36686 3.25984
75 2000 8 5.38846 15.2673 2.69423 0 0
65 2000 3 317.71 1053.32 951.36 188.49 6.55993
75 2000 9 35.0512 137.598 90.0782 14.4269 4.85617
65 2000 4 0.882143 2.16273 0.657692 0.0974359 0
65 2000 5 58.5868 112.786 41.0595 0.979707 0.0855357
65 2000 6 5.45546 144.333 128.229 6.78728 1.2457
65 2000 7 162.852 427.935 100.777 12.098 2.51765
65 2000 8 0 9.18034 11.5752 2.59444 0
65 2000 9 52.6071 160.75 49.7639 15.9519 2.9376
9 2000 1 11.8115 114.07 516.667 218.93 17.0108
9 2000 2 0.627886 2.43142 11.6018 3.83323 0.175659
9 2000 3 121.003 1068.22 1112.62 210.18 6.10672
9 2000 4 0 1.65217 2.09275 0.0550725 0
9 2000 5 43.5744 76.8056 82.9015 24.6126 2.02583
9 2000 6 4.93995 127.991 144.918 7.67008 0.530588
9 2000 7 160.176 414.359 115.385 17.5009 1.04524
9 2000 8 3.22069 12.0776 6.44138 1.61034 0
9 2000 9 68.4603 144.86 62.9756 4.4115 1.30239
98 2000 1 29.7141 126.772 452.719 255.463 13.8229
98 2000 2 2.22262 3.47378 5.7776 7.196 0
98 2000 3 337.712 1088.74 895.764 198.52 4.57607
98 2000 4 0.077027 1.28172 2.1171 0.324155 0
98 2000 5 15.2172 84.7808 95.0026 30.109 4.81032
98 2000 6 6.67687 151.317 123.501 4.44132 0.114146
88 2000 1 38.874 110.542 470.447 241.578 17.0494
98 2000 7 165.903 426.274 108.152 11.9254 0.168223
88 2000 2 0.134704 1.3201 4.67098 7.10123 5.44298
98 2000 8 0 12.8516 8.68837 1.81008 0
88 2000 3 410.53 886.196 1009.87 208.319 10.3955
98 2000 9 82.8729 116.163 68.3322 14.642 0
88 2000 4 2.22154 0.877538 0.628923 0.072 0
88 2000 5 48.4323 68.9967 80.1349 28.6104 3.74563
88 2000 6 7.73528 101.382 164.601 12.3321 0
78 2000 1 45.6721 137.273 464.723 212.808 14.6002
88 2000 7 146.842 459.884 99.9722 4.67979 0.846953
78 2000 2 4.21844 6.13852 7.52277 0.493915 0.296349
88 2000 8 19.7363 2.50179 0 1.1119 0
78 2000 3 454.403 951.515 887.171 225.502 5.05356
88 2000 9 87.9332 102.852 69.5978 18.2419 3.38479
78 2000 4 0 1.33864 2.11591 0.345455 0
78 2000 5 93.0236 68.4288 35.2602 29.2316 3.97585
78 2000 6 2.94923 90.5036 166.653 25.6097 0.334683
68 2000 1 24.4639 167.903 465.002 200.406 20.716
78 2000 7 189.876 412.109 97.4066 6.5558 2.62689
68 2000 2 0 0.63478 8.40067 9.2951 0.339455
78 2000 8 4.16964 16.6786 2.50179 0 0
68 2000 3 243.268 948.541 1064.95 255.994 12.5529
78 2000 9 40.4738 147.64 76.0034 16.3501 1.54321
68 2000 4 0.302273 1.04438 2.23394 0.219405 0
68 2000 5 47.522 52.0579 23.3363 42.8581 9.40289
68 2000 6 16.4149 115.392 138.503 14.6281 1.11155
68 2000 7 180.819 416.075 104.87 3.11086 3.03498
68 2000 8 5.8375 6.46858 10.8861 0.15777 0
100 2000 1 5.52848 113.838 455.425 282.313 21.3855
68 2000 9 72.5877 123.818 69.0835 15.3241 1.19661
100 2000 2 1.88338 2.34481 9.65038 4.27282 0.518611
100 2000 3 290.443 1090.97 901.031 227.753 2.98861
100 2000 4 0 0 0 0 0
100 2000 5 48.7286 82.7237 60.2479 36.4017 1.8181
100 2000 6 0.98703 121.078 159.007 4.97801 0
100 2000 7 168.673 386.457 140.714 14.8207 2.93612
100 2000 8 16.5396 6.26991 0.540509 0 0
100 2000 9 57.6416 162.817 48.4178 12.8753 0.258251
21 2000 1 7.84366 138.914 457.543 254.932 19.257
21 2000 2 0 0 10.4121 5.38558 2.87231
21 2000 3 296.106 1090.22 883.051 220.168 4.00087
21 2000 4 0.0670588 1.71606 1.9212 0.0956789 0
21 2000 5 39.3888 47.3873 67.0972 49.1177 10.5062
11 2000 1 28.4956 127.346 468.556 243.588 10.5042
21 2000 6 10.2139 110.671 156.035 9.13021 0
11 2000 2 0 0.414889 10.3564 7.55295 0.345741
21 2000 7 188.813 397.384 91.861 24.2211 3.40595
11 2000 3 284.829 925.788 974.391 338.776 1.52653
21 2000 8 0 12.1826 10.406 0.761413 0
11 2000 4 0.855 2.08908 0.855922 0 0
21 2000 9 39.5078 171.271 69.947 1.28382 0
11 2000 5 63.5473 47.2972 103.716 14.9948 0.364952
11 2000 6 10.9221 130.409 125.203 19.515 0
11 2000 7 187.137 388.847 116.216 19.168 2.23151
11 2000 8 7.78333 15.5667 0 0 0
11 2000 9 61.3647 147.8 44.906 27.2564 0.682833
2 2000 1 28.7216 138.452 448.26 246.255 16.8008
2 2000 2 0.842743 0.194479 13.9284 3.70437 0
2 2000 3 245.5 1119.97 889.179 256.56 5.70016
24 2000 1 23.2486 133.563 489.018 212.891 19.7697
2 2000 4 0.0447059 1.17912 2.48118 0.095 0
24 2000 2 1.51262 2.50954 8.26095 6.25725 0.129653
2 2000 5 69.7517 86.4644 54.7268 8.24916 0.731453
24 2000 3 269.209 1028.48 941.372 262.067 11.8549
2 2000 6 4.98845 107.274 155.753 17.5955 0.438422
24 2000 4 0.5 1.33333 1.63333 0.333333 0
2 2000 7 132.28 407.466 138.176 24.3415 3.81311
24 2000 5 70.6725 101.789 21.3811 19.5572 4.09245
2 2000 8 0 0 0 0 0
14 2000 1 12.5126 129.805 505.866 213.912 16.3941
24 2000 6 2.32416 105.283 172.284 6.15897 0
2 2000 9 62.7669 133.585 71.5133 13.2429 0.902171
14 2000 2 1.08908 0.995925 3.59606 12.5164 0.472512
24 2000 7 141.993 422.184 121.804 18.3435 0.04122
14 2000 3 343.654 1170.7 852.694 152.49 5.76773
24 2000 8 23.35 0 0 0 0
14 2000 4 2.11111 1.68889 0 0 0
24 2000 9 42.2396 137.669 86.6043 14.6891 0.807689
14 2000 5 77.8752 90.1482 39.3091 22.5875 0
14 2000 6 8.41089 125.29 136.538 15.8112 0
14 2000 7 148.663 457.207 85.3939 19.3552 2.98078
14 2000 8 0 0 0 0 0
14 2000 9 42.7576 163.127 58.5259 15.249 2.35008
81 2000 1 18.7759 166.327 452.792 231.897 8.69803
81 2000 2 0 0.871267 10.7922 6.65087 0.355619
81 2000 3 259.868 986.737 1041.41 225.012 12.2785
81 2000 4 0.678571 1.68434 1.25398 0.183107 0
81 2000 5 55.6473 106.151 42.2089 22.0477 3.86552
81 2000 6 14.4663 92.4638 158.8 20.3198 0
71 2000 1 35.4199 134.63 461.734 229.765 15.3722
81 2000 7 137.065 419.496 137.996 13.6601 5.38348
71 2000 2 1.16028 1.49744 9.59438 6.14434 0.273553
81 2000 8 6.42125 15.6153 0.875625 0.437812 0
71 2000 3 509.673 860.546 947.496 194.866 9.11932
81 2000 9 53.5484 142.114 70.4171 15.8499 0.0805743
71 2000 4 0.334879 1.48863 1.81552 0.160977 0
71 2000 5 48.743 72.2614 75.0598 18.3741 0.648133
71 2000 6 1.90572 99.502 174.39 9.67455 0.577879
61 2000 1 41.6398 137.892 496.081 191.883 10.994
71 2000 7 165.317 425.901 109.638 6.45738 1.71979
61 2000 2 0.666786 0.883041 10.9055 5.83623 0.378446
71 2000 8 14.837 6.32396 2.18906 0 0
61 2000 3 493.077 1011.73 828.92 175.21 16.3698
71 2000 9 76.9575 129.823 60.8822 12.9011 1.44621
61 2000 4 0 0.972113 2.60422 0.223666 0
61 2000 5 40.0819 77.9667 65.0655 38.2017 8.60417
61 2000 6 4.09272 124.03 140.828 14.6611 2.43862
51 2000 1 38.9372 128.067 496.857 203.099 11.5295
61 2000 7 150.935 395.828 132.983 26.9208 5.70017
51 2000 2 2.16049 1.16394 8.26701 6.49452 0.584036
61 2000 8 4.67 16.345 2.335 0 0
51 2000 3 344.15 951.617 1007.19 206.097 7.28184
61 2000 9 34.4556 144.758 86.2219 12.3435 4.23113
51 2000 4 1 2.03173 0.753012 0.015261 0
5 2000 1 12.9617 123.668 508.016 210.733 23.1101
51 2000 5 60.2125 70.6219 62.9829 26.5511 5.04347
5 2000 2 0 0 8.26247 5.42887 4.97867
51 2000 6 10.5988 135.001 135.633 4.68614 0.131608
5 2000 3 164.424 1211.57 902.728 244.073 2.51725
41 2000 1 20.3834 171.111 464.993 208.179 13.8238
51 2000 7 153.752 410.228 112.419 33.2369 3.96465
5 2000 4 0 1.59444 2.00079 0.204762 0
41 2000 2 0 2.53185 9.23044 5.89654 1.01117
51 2000 8 8.00571 14.6771 0.667143 0 0
5 2000 5 63.6593 62.5345 51.3697 28.6103 6.50217
41 2000 3 235.479 1132.51 928.596 219.344 7.32295
51 2000 9 50.9149 153.359 73.7555 3.98019 0
5 2000 6 2.16705 108.085 167.438 7.81856 0.541761
41 2000 4 0.587043 1.89895 1.21091 0.103101 0
5 2000 7 143.674 439.128 119.093 7.1259 1.96539
41 2000 5 32.4736 113.572 73.0018 9.5855 1.28662
5 2000 8 4.30132 12.9039 3.68684 2.45789 0
17 2000 1 57.3203 131.757 482.621 190.2 16.5922
31 2000 1 24.8199 140.609 501.193 191.08 17.8589
41 2000 6 3.06217 109.865 163.313 9.65036 0.159822
5 2000 9 38.2143 134.835 84.5615 20.3796 4.0201
17 2000 2 0 0 0 18.67 0
31 2000 2 2.95815 3.34785 9.61842 2.74559 0
41 2000 7 168.754 407.186 116.663 15.5014 0.238942
17 2000 3 271.462 1041.98 947.65 252.98 11.2323
31 2000 3 231.617 1144.09 906.464 229.948 9.53691
41 2000 8 0 12.5353 10.3232 0.491579 0
17 2000 4 0 0.690909 2.70606 0.40303 0
31 2000 4 0 0 0 0 0
41 2000 9 50.0136 146.704 64.4056 16.5821 4.30519
17 2000 5 59.4357 112.407 40.6147 13.1715 4.29156
31 2000 5 34.5318 130.517 38.6392 13.7643 0.366699
17 2000 6 8.34644 97.6378 167.475 9.75839 2.83192
31 2000 6 8.37032 101.319 170.094 6.2668 0
17 2000 7 164.5 407.182 125.518 9.63468 5.58238
31 2000 7 162.889 434.321 86.3185 23.4823 4.03655
17 2000 8 0 0 0 0 0
31 2000 8 10.0071 13.3429 0 0 0
17 2000 9 57.5764 113.153 86.7141 22.9322 1.6342
31 2000 9 62.1759 119.657 79.4128 17.7345 3.03
74 2000 1 43.3314 149.194 480.863 192.927 12.1744
74 2000 2 3.23246 3.8746 7.80121 3.12161 0.640114
74 2000 3 396.289 1149.89 713.898 250.059 15.1777
74 2000 4 0.0228571 1.32245 2.23537 0.21932 0
74 2000 5 27.1618 84.7547 98.9076 17.9503 1.14558
74 2000 6 7.5419 117.349 157.927 3.2322 0
64 2000 1 29.5506 129.176 475.403 224.92 19.4403
74 2000 7 159.382 423.109 112.424 15.1853 3.49897
64 2000 2 0 0.17781 7.73741 10.5851 0.169727
74 2000 8 23.35 0 0 0 0
64 2000 3 325.734 908.828 1046.4 230.776 6.92956
74 2000 9 62.7631 133.45 72.973 10.9308 1.89268
64 2000 4 0.7125 1.86306 1.11889 0.105556 0
64 2000 5 83.9275 82.6471 52.2168 10.9299 0.198721
64 2000 6 5.53202 121.411 148.087 10.7043 0.315496
54 2000 1 24.4769 152.068 505.782 177.109 15.0369
64 2000 7 145.617 443.233 109.41 7.64959 2.85974
54 2000 2 0 2.22262 7.9004 4.60688 3.9401
64 2000 8 4.0358 15.8549 2.30617 1.15309 0
54 2000 3 311.931 1029.18 895.964 281.59 6.6457
64 2000 9 59.7069 135.451 70.0066 14.9509 1.89449
54 2000 4 2.74444 1.05556 0 0 0
8 2000 1 31.7565 110.591 506.096 211.624 15.025
54 2000 5 57.9374 71.9358 60.5101 30.8286 0.77983
8 2000 2 0 3.28264 13.416 1.97137 0
54 2000 6 5.08855 87.6493 180.406 12.0464 0.859956
44 2000 1 28.0245 132.159 478.061 227.168 13.077
8 2000 3 381.959 1100.83 832.35 186.276 3.76087
54 2000 7 154.395 436.848 111.423 9.39616 0.213538
44 2000 2 4.30846 0.763849 10.1917 3.36716 0.038815
8 2000 4 0.0915663 1.23614 2.24337 0.228916 0
54 2000 8 8.92794 13.2775 1.14461 0 0
44 2000 3 263.717 1200.69 787.821 263.252 3.76554
8 2000 5 64.5198 67.2096 63.3261 33.4462 1.41824
54 2000 9 48.9455 147.109 79.5526 5.65098 0.752027
44 2000 4 0.814286 1.403 1.48443 0.0982759 0
8 2000 6 6.14194 110.089 154.182 12.8338 2.80364
44 2000 5 40.713 86.1463 59.4961 34.0353 1.01376
8 2000 7 178.225 384.057 118.881 19.6642 3.94993
44 2000 6 6.29779 106.848 166.393 6.22567 0.285764
8 2000 8 1.70854 21.2143 0 0.427134 0
34 2000 1 22.3591 121.151 510.803 204.486 18.2785
44 2000 7 162.832 438.842 95.2671 12.3627 1.83919
8 2000 9 50.14 141.296 63.1994 22.8741 4.50095
34 2000 2 1.35782 1.95958 10.8608 3.20596 1.28581
44 2000 8 9.30948 13.2775 0.152614 0.610458 0
34 2000 3 356.107 1064.24 866.224 229.603 5.36293
44 2000 9 62.7554 150.581 54.8836 12.9032 0.886824
34 2000 4 1.84571 1.95429 0 0 0
34 2000 5 74.6679 69.9316 37.8197 24.3811 6.69694
34 2000 6 16.9535 104.169 156.013 8.139 0.775267
34 2000 7 169.803 406.738 106.077 7.40194 2.48209
34 2000 8 0 23.35 0 0 0
34 2000 9 69.1739 119.502 76.8448 14.1218 2.367
91 2000 1 23.21 135.621 516.541 184.091 10.4136
77 2000 1 20.1429 132.631 445.662 267.931 12.1239
91 2000 2 0 0 9.87356 7.59965 1.19679
77 2000 2 0.387166 1.7996 10.072 6.31602 0.0952551
91 2000 3 410.857 936.601 934.032 182.084 14.7782
77 2000 3 288.811 889.275 1069.16 248.365 19.5168
91 2000 4 0.509354 1.02627 2.09154 0.172834 0
77 2000 4 0.57479 1.18947 1.88133 0.154409 0
91 2000 5 44.4638 55.1536 82.2125 29.907 0.830703
77 2000 5 59.8087 84.7023 74.3033 10.1786 0.927097
91 2000 6 6.69551 122.192 146.587 10.2297 0.345523
77 2000 6 5.04509 88.9931 179.412 12.5999 0
67 2000 1 44.9644 131.687 469.391 218.013 14.4345
91 2000 7 146.138 413.252 119.738 23.2524 0
77 2000 7 191.607 380.953 118.136 19.7375 1.87607
67 2000 2 0.775088 1.45179 8.48963 5.47234 2.48114
91 2000 8 23.35 0 0 0 0
77 2000 8 11.675 11.675 0 0 0
67 2000 3 345.604 895.407 944.106 310.613 8.92662
91 2000 9 33.9392 138.297 90.8637 15.34 3.56991
77 2000 9 53.6872 187.63 34.2761 6.35893 0.0573891
67 2000 4 0 0 0 0 0
67 2000 5 52.8309 70.8268 64.8163 24.2138 3.29772
67 2000 6 13.6947 127.402 140.52 3.19966 1.23416
57 2000 1 15.9114 172.888 426.772 243.134 19.7853
67 2000 7 159.515 410.744 99.1955 20.4681 5.6112
57 2000 2 0 0 14.4347 4.1705 0.0648264
67 2000 8 7.40366 14.2378 1.70854 0 0
57 2000 3 511.061 928.823 824.032 251.901 9.4942
67 2000 9 67.9295 130.699 63.6049 14.1947 5.58156
57 2000 4 0 0 0 0 0
57 2000 5 97.9084 61.1835 52.7051 13.638 4.48494
57 2000 6 11.391 93.8616 145.167 34.4702 1.16028
47 2000 1 25.1052 125.634 492.8 210.039 24.9126
57 2000 7 186.451 402.113 113.594 4.55965 0.430139
47 2000 2 0 1.68789 9.52021 7.05156 0.41033
57 2000 8 11.675 11.675 0 0 0
47 2000 3 402.997 1060.64 776.76 276.777 8.13498
57 2000 9 60.1359 133.657 79.7679 7.43583 1.0137
47 2000 4 0 0 0 0 0
47 2000 5 66.2927 120.375 31.3416 8.64183 3.2687
47 2000 6 3.53311 96.3178 179.69 6.21735 0.291599
37 2000 1 41.3642 145.801 460.937 212.821 17.5673
47 2000 7 189.129 410.267 93.5656 16.9214 2.51963
37 2000 2 0 0 10.1028 6.86991 1.69727
47 2000 8 7.78333 11.5796 3.68182 0.305229 0
37 2000 3 315.795 1122.91 882.788 193.313 10.5066
47 2000 9 44.4272 172.044 58.8843 6.29965 0.354875
37 2000 4 1.83448 1.96552 0 0 0
37 2000 5 63.6778 89.5498 44.0584 20.6958 2.55376
27 2000 1 25.8264 124.552 471.789 236.538 17.0351
37 2000 6 3.63466 102.406 169.435 9.81781 0.756746
27 2000 2 2.54591 0 5.43879 7.78163 2.90367
37 2000 7 136.862 422.169 127.717 14.231 3.81168
27 2000 3 295.148 1029.07 985.388 211.089 2.84762
37 2000 8 11.675 3.35116 7.02662 1.29722 0
27 2000 4 0.76 1.71603 1.2262 0.0977665 0
37 2000 9 62.6824 146.192 62.7553 9.94301 0.437478
27 2000 5 53.6841 67.1003 51.8796 23.9438 1.95955
27 2000 6 11.4879 110.212 145.623 15.8458 2.88108
27 2000 7 174.078 400.311 106.769 13.0277 1.54051
27 2000 8 4.24545 16.2742 2.8303 0 0
27 2000 9 61.4293 134.857 68.2071 16.0738 1.44226
94 2000 1 18.8614 120.182 446.69 273.463 19.2929
94 2000 2 0.0871615 1.40409 8.84988 7.91335 0.415511
94 2000 3 485.978 1006.39 776.457 251.06 5.42792
94 2000 4 0 1.56164 2.1863 0.0520548 0
94 2000 5 28.9795 86.5965 78.9604 28.9049 6.47878
94 2000 6 4.96688 138.229 127.282 14.2962 1.27595
84 2000 1 20.742 133.477 520.28 184.348 16.8231
94 2000 7 181.488 391.219 123.157 16.0872 1.64907
84 2000 2 0 1.95734 15.2606 0.622333 0.829778
94 2000 8 3.22069 19.5925 0.536782 0 0
84 2000 3 214.85 997.204 1036.17 262.774 10.3315
94 2000 9 50.7662 185.02 43.2521 2.23158 0.740184
84 2000 4 0 1.37681 2.25797 0.165217 0
84 2000 5 70.8032 52.0874 69.4206 15.7645 3.2021
84 2000 6 1.48587 93.0229 176.972 14.447 0.121842
84 2000 7 143.598 444.03 93.8415 23.4286 1.40762
84 2000 8 0 23.35 0 0 0
84 2000 9 66.8191 155.129 56.5039 3.55809 0
97 2000 1 36.0369 154.027 439.361 235.091 13.9731
97 2000 2 0 1.22762 11.1682 4.97976 1.29445
97 2000 3 446.62 1139.34 802.596 129.913 6.84428
97 2000 4 0 1.43422 2.12887 0.236914 0
97 2000 5 9.52722 70.689 111.606 26.7918 4.33851
97 2000 6 5.7286 124.068 147.059 7.6698 1.52458
87 2000 1 31.407 154.281 482.295 192.982 17.5246
97 2000 7 200.713 349.126 133.452 15.9984 1.98754
87 2000 2 0 3.27981 9.02744 5.47838 0.884368
97 2000 8 0.7472 20.7348 1.868 0 0
87 2000 3 209.059 1058.35 1001.85 237.689 10.627
97 2000 9 80.0277 126.189 58.9592 15.3234 1.51088
87 2000 4 0 1.62059 2.01176 0.167647 0
87 2000 5 72.6729 57.2246 64.7056 25.5904 9.72648
87 2000 6 6.90282 79.7497 187.988 11.39 0.0195657
87 2000 7 143.44 444.251 106.695 8.87677 1.32091
87 2000 8 0 0 0 0 0
87 2000 9 41.2683 129.026 98.5911 12.0408 1.08327
40 2000 1 19.0268 180.165 443.165 211.838 24.2953
40 2000 2 1.20359 4.72459 7.583 4.50373 0.655088
40 2000 3 301.468 1157.85 866.45 190.373 9.17037
40 2000 4 0.260821 1.66648 1.73457 0.138127 0
40 2000 5 41.1414 88.8357 97.6326 2.15102 0.159335
30 2000 1 27.897 152.365 486.543 192.269 17.9042
40 2000 6 10.666 102.747 156.92 14.3619 1.35446
30 2000 2 0.9335 1.06964 7.88098 8.45641 0.329471
40 2000 7 151.181 423.978 110.685 26.093 1.66296
30 2000 3 429.839 960.14 900.485 225.748 5.57658
40 2000 8 11.5698 10.0973 1.68288 0 0
30 2000 4 0.0211111 1.12273 2.3299 0.326263 0
40 2000 9 70.8775 169.428 35.5705 5.92504 0.209284
30 2000 5 22.0094 48.1386 71.1778 79.4015 9.1927
20 2000 1 25.4351 146.744 464.535 226.951 14.8246
30 2000 6 9.45993 142.253 121.419 12.3632 0.554719
20 2000 2 1.74533 3.52057 5.10632 2.76593 5.53185
30 2000 7 184.244 404.851 115.339 2.10098 2.35512
20 2000 3 216.338 1254.22 818.588 219.814 3.6376
30 2000 8 3.45926 17.2963 1.72963 0.864815 0
20 2000 4 0.0617886 1.32846 2.1935 0.21626 0
30 2000 9 67.6094 149.261 53.6006 10.8017 0.73696
20 2000 5 107.474 50.5112 42.5508 14.0562 2.55467
10 2000 1 32.7415 141.55 481.672 210.142 12.3845
20 2000 6 2.25741 125.096 147.805 10.856 0.0354154
10 2000 2 0.0592698 2.43006 4.81356 9.08099 2.28612
20 2000 7 200.133 375.427 129.794 6.95548 1.29042
10 2000 3 384.207 1105.87 829.377 197.383 6.78457
20 2000 8 5.8375 17.5125 0 0 0
10 2000 4 0.619515 1.35569 1.77189 0.0529014 0
20 2000 9 51.7142 170.988 42.1379 15.442 1.72741
10 2000 5 62.5299 111.788 29.1407 6.90329 2.31422
10 2000 6 19.7987 116.05 138.332 8.89368 2.97485
10 2000 7 150.106 414.459 129.275 15.6517 0.216242
10 2000 8 0 0 0 0 0
10 2000 9 31.7174 156.377 76.0418 17.0148 0.859459
43 2000 1 19.5568 184.053 474.458 185.92 14.5031
43 2000 2 3.95365 5.71082 1.31788 4.02686 3.66078
43 2000 3 311.784 1204.41 762.63 231.015 15.4733
43 2000 4 0.472889 1.16128 2.01548 0.150347 0
43 2000 5 65.1712 76.9525 52.196 33.2269 2.37341
43 2000 6 8.90948 94.6251 178.227 3.46043 0.827495
33 2000 1 38.5022 225.899 439.503 156.441 18.1453
43 2000 7 159.626 406.083 135.927 11.193 0.770652
33 2000 2 0 0 15.024 3.64599 0
43 2000 8 10.0585 10.1649 2.78071 0.345926 0
33 2000 3 421.372 1021.87 815.696 251.981 10.9397
43 2000 9 56.0482 129.528 74.2306 15.8167 6.38655
1 2000 1 30.5872 169.239 448.398 190.793 34.0409
33 2000 4 0 1.14 2.5175 0.1425 0
1 2000 2 2.52677 0.421128 6.58941 8.38127 0.751424
33 2000 5 50.8589 59.4151 92.8385 23.8562 2.95124
1 2000 3 296.071 916.943 1005.6 269.862 7.81171
23 2000 1 25.2368 166.879 442.741 219.689 19.4705
33 2000 6 1.46692 99.9902 173.726 10.8667 0
1 2000 4 0.0365385 1.23547 2.2047 0.323291 0
23 2000 2 0 3.56118 8.92666 4.00341 2.17875
33 2000 7 173.77 408.103 110.021 9.62051 3.50319
1 2000 5 73.3334 78.1863 60.4695 15.397 2.53381
23 2000 3 340.664 980.093 991.017 210.744 2.79096
33 2000 8 11.1674 11.1674 1.01522 0 0
1 2000 6 15.3123 123.456 135.047 11.66 0.574625
23 2000 4 0 1.16235 2.41412 0.223529 0
33 2000 9 90.8383 141.238 44.947 4.98644 0
1 2000 7 173.507 377.67 139.152 8.89471 2.13013
23 2000 5 100.278 56.8946 63.4504 8.14422 1.15248
1 2000 8 6.51628 14.1186 2.17209 0.543023 0
13 2000 1 24.8165 140.994 501.949 196.324 14.4069
23 2000 6 4.5382 94.4678 161.767 22.311 2.96561
1 2000 9 57.8252 169.201 32.8793 16.0923 1.19137
13 2000 2 0.1867 2.67603 8.23792 7.56935 0
23 2000 7 168.773 437.623 94.7152 6.5653 1.74219
13 2000 3 333.55 1038.97 886.695 252.814 13.2825
23 2000 8 3.33571 18.3464 0.833929 0.833929 0
13 2000 4 0 1.16235 2.41412 0.223529 0
23 2000 9 57.0434 144.051 69.3123 8.18543 3.41781
13 2000 5 30.3282 118.241 49.7973 17.9825 3.78762
13 2000 6 8.63639 117.232 150.046 9.69759 0.437744
13 2000 7 194.532 395.795 88.7641 22.0169 12.4921
13 2000 8 16.7641 4.19103 1.79615 0.598718 0
13 2000 9 53.3177 112.271 88.2687 26.0333 2.11921
90 2000 1 38.8096 149.479 454.024 220.787 15.3898
90 2000 2 0 0 4.76166 12.5019 1.40647
90 2000 3 361.86 934.802 1031.92 169.743 11.238
90 2000 4 0 1.09149 2.58723 0.121277 0
90 2000 5 22.6703 91.2924 72.0858 15.6497 0.182863
90 2000 6 5.61502 117.604 161.022 1.80859 0
80 2000 1 29.981 164.598 469.911 199.546 11.8197
90 2000 7 184.414 419.988 84.5926 20.376 2.89601
80 2000 2 0.680973 4.08584 7.63541 4.55319 1.71459
90 2000 8 3.89167 9.72917 9.36883 0.36034 0
80 2000 3 280.241 957.544 1005.64 262.583 7.10291
90 2000 9 46.0744 154.558 70.1141 10.8747 0.389248
80 2000 4 0 0.4864 3.04 0.2736 0
80 2000 5 48.0472 65.246 51.4655 15.7932 0.597195
80 2000 6 9.98635 134.135 131.698 10.0762 0.154622
70 2000 1 23.0791 168.175 492.552 178.405 16.2797
80 2000 7 181.387 400.349 111.485 15.9929 2.22421
70 2000 2 0 0 2.82879 12.4467 3.39455
80 2000 8 5.09455 17.4064 0.849091 0 0
70 2000 3 261.522 1086.31 956.801 211.808 7.23422
80 2000 9 71.6049 136.704 63.0263 9.03712 1.63769
70 2000 4 0 0 0 0 0
70 2000 5 58.2603 52.077 64.5234 41.8634 6.43356
70 2000 6 10.8308 93.0199 166.622 15.37 0.207483
60 2000 1 47.82 102.308 502.833 206.551 15.0795
70 2000 7 169.398 387.544 117.154 27.95 2.76045
60 2000 2 0 0 10.5739 7.43328 0.66284
70 2000 8 7.34395 15.6294 0.376613 0 0
60 2000 3 324.041 964.434 991.351 225.187 14.34
70 2000 9 40.4618 150.164 79.8178 11.5298 0.036922
60 2000 4 1.40741 0.918761 1.36729 0.106542 0
60 2000 5 50.8579 56.2578 75.1151 40.5831 7.10604
60 2000 6 9.0581 108.114 158.989 9.68887 0.199756
50 2000 1 42.7237 121.908 460.04 228.5 22.0466
36 2000 1 54.8986 142.229 423.823 241.484 14.6409
60 2000 7 171.706 406.339 114.095 17.402 1.25929
50 2000 2 1.40025 1.40025 12.8144 3.05509 0
36 2000 2 0 0 9.57594 8.30027 0.793793
60 2000 8 8.18766 12.4331 2.12273 0.606494 0
50 2000 3 263.042 1172.23 860.516 208.293 10.0322
36 2000 3 331.193 1009.74 923.948 254.845 5.5864
60 2000 9 45.2686 157.804 72.5944 6.04941 0.29376
50 2000 4 0 2.10602 1.41928 0.274699 0
4 2000 1 34.8832 197.461 444.228 191.27 10.6476
36 2000 4 2.22759 1.57241 0 0 0
50 2000 5 30.1963 92.6332 63.4863 9.22077 2.30152
4 2000 2 0 1.00018 4.80086 12.869 0
36 2000 5 71.2129 83.2067 50.3616 22.5466 2.59226
50 2000 6 3.00768 160.142 114.161 8.50734 0.232703
4 2000 3 147.07 1204.73 912.921 259.047 1.54305
26 2000 1 47.7982 142.416 485.909 191.74 10.6278
36 2000 6 9.13451 112.142 160.518 4.25572 0
50 2000 7 176.908 388.028 126.042 14.4912 1.82638
4 2000 4 1.16923 1.46966 1.12863 0.0324786 0
26 2000 2 0.96987 4.96272 7.55989 4.47821 0.699312
36 2000 7 182.37 382.519 122.653 21.6586 1.22373
50 2000 8 10.5689 7.11535 4.83302 0.832675 0
4 2000 5 54.1762 97.3042 60.5722 14.8564 3.01105
26 2000 3 245.797 1013.12 1041.4 219.073 5.92345
36 2000 8 9.38578 8.00449 5.30012 0.659605 0
50 2000 9 60.3512 154.256 61.3678 6.03473 0
4 2000 6 9.46548 130.152 126.627 18.1804 1.62535
26 2000 4 1.20909 1.44242 1.11515 0.0333333 0
36 2000 9 56.1999 150.028 59.5748 15.552 0.655837
4 2000 7 149.972 438.392 116.334 7.54855 0
26 2000 5 115.901 36.0207 58.9763 16.0117 3.01041
4 2000 8 7.88063 14.3019 1.1675 0 0
16 2000 1 14.9578 135.296 540.68 172.405 15.1511
26 2000 6 12.6696 102.6 146.551 24.2293 0
4 2000 9 79.4614 115.006 73.5047 12.7936 1.24458
16 2000 2 0 0.823676 10.296 6.96693 0.583438
26 2000 7 169.679 406.242 114.839 9.83903 1.80732
16 2000 3 250.294 1024.67 1028.6 217.075 4.6676
26 2000 8 0 0 0 0 0
16 2000 4 0 1.1156 2.61468 0.0697248 0
26 2000 9 63.0011 133.234 59.0501 25.9797 0.744745
16 2000 5 47.1104 121.651 42.9561 15.328 2.874
16 2000 6 10.4827 123.354 134.038 17.6581 0.516802
16 2000 7 186.605 407.692 101.279 16.763 1.26015
16 2000 8 6.60404 14.8591 1.88687 0 0
16 2000 9 37.7082 157.649 70.3431 15.9435 0.366485
93 2000 1 36.7602 133.414 476.485 219.845 10.6756
93 2000 2 0 0.803971 12.0372 4.98016 0.848636
93 2000 3 413.709 1089.5 864.316 154.443 1.41007
93 2000 4 0 0.865347 2.67129 0.263366 0
93 2000 5 47.1583 93.8522 74.7734 13.4631 0.673004
93 2000 6 13.9279 115.427 144.626 11.792 0.27718
83 2000 1 25.0187 152.801 473.591 206.378 20.7013
93 2000 7 155.547 401.742 121.429 17.9914 4.32739
83 2000 2 0 1.91487 7.3292 9.42593 0
93 2000 8 3.80707 15.7359 2.28424 1.52283 0
83 2000 3 424.735 852.463 1032.71 205.33 6.33126
93 2000 9 50.5995 139.509 68.6994 19.9829 3.21941
83 2000 4 0.302089 1.45237 1.89724 0.1483 0
83 2000 5 0 181.185 44.5691 3.39967 0.7664
83 2000 6 6.98508 115.526 160.273 2.59236 0.673625
73 2000 1 24.4094 131.443 480.697 222.421 16.3768
83 2000 7 167.556 422.704 111.701 8.70836 2.92999
73 2000 2 2.07444 1.01063 5.09093 10.3848 0.109181
83 2000 8 1.70854 16.5159 5.12561 0 0
73 2000 3 264.1 1043.98 977.96 227.781 9.84526
83 2000 9 44.3065 141.666 67.696 22.7821 5.55976
73 2000 4 0 1.26667 2.2619 0.271429 0
73 2000 5 50.7398 86.5167 42.9606 35.4471 2.75985
73 2000 6 6.74228 112.579 152.682 13.9568 0.0898398
63 2000 1 26.7518 149.45 455.015 227.074 20.1999
73 2000 7 215.654 380.964 100.526 9.7688 5.59888
63 2000 2 1.78506 2.60559 8.85322 5.32005 0.10608
73 2000 8 13.4712 8.53173 1.1226 0.224519 0
63 2000 3 355.048 983.384 913.35 252.894 16.848
73 2000 9 54.3832 160.669 61.6859 3.97195 1.29967
63 2000 4 0 1.57561 2.03902 0.185366 0
63 2000 5 56.6908 96.3204 47.68 27.1918 2.03693
63 2000 6 5.19309 108.323 160.03 12.181 0.32322
53 2000 1 39.4483 133.302 456.766 231.037 13.4706
39 2000 1 29.1594 147.918 521.47 158.787 21.1553
63 2000 7 197.849 414.949 76.41 20.3327 2.71814
53 2000 2 3.39455 0 5.97463 9.22188 0.0789429
39 2000 2 0 1.14534 7.77754 9.23599 0.511133
63 2000 8 11.1674 10.6598 1.52283 0 0
53 2000 3 436.138 1030.19 862.174 188.978 7.83399
39 2000 3 354.506 1018.16 872.638 277.563 2.4416
63 2000 9 64.9117 176.173 31.0144 8.44157 1.46912
53 2000 4 0 1.15652 2.47826 0.165217 0
7 2000 1 12.8334 162.13 468.411 218.479 16.637
39 2000 4 0 1.06511 2.49506 0.239829 0
53 2000 5 62.7368 38.0517 99.6115 27.6708 1.84925
7 2000 2 0 2.38932 8.07215 8.0671 0.141439
39 2000 5 38.9383 91.1462 74.6009 22.0305 3.20408
53 2000 6 11.731 106.565 159.102 8.65167 0
7 2000 3 515.778 940.446 877.066 181.35 10.6703
29 2000 1 26.5603 104.761 500.803 223.471 22.8937
39 2000 6 6.02309 144.541 120.378 13.9075 1.20048
53 2000 7 137.792 423.219 125.335 22.1889 0.562776
7 2000 4 0.121277 1.9 1.61702 0.161702 0
29 2000 2 1.55583 1.62655 12.7649 2.56713 0.155583
39 2000 7 189.906 416.999 90.6998 13.0909 2.90511
53 2000 8 0 23.35 0 0 0
7 2000 5 51.5807 84.9116 55.513 36.2642 1.65048
29 2000 3 238.212 1091.65 914.279 266.884 10.5708
39 2000 8 16.0531 5.35104 1.45938 0.486458 0
53 2000 9 45.4496 153.871 65.9851 13.8367 2.8679
7 2000 6 12.1817 130.935 136.432 6.50114 0
29 2000 4 0.844444 1.3619 1.52222 0.0714276 0
39 2000 9 47.0326 130.033 69.465 30.1948 5.28459
7 2000 7 156.575 430.896 112.538 11.4947 2.09673
29 2000 5 70.1348 70.4065 60.8559 20.3976 2.77833
7 2000 8 13.9202 7.63365 1.79615 0 0
19 2000 1 29.3941 106.33 498.858 218.488 23.8845
29 2000 6 11.5833 126.358 129.339 18.7701 0
7 2000 9 52.3493 161.198 62.0712 5.11291 1.27896
19 2000 2 0.280225 1.69165 10.2999 5.98994 0.408318
29 2000 7 196.873 377.566 115.951 16.2113 2.29608
19 2000 3 174.436 1119.31 995.43 211.089 11.4031
29 2000 8 11.675 5.77732 5.77732 0.120361 0
19 2000 4 0 0.989583 2.6125 0.197917 0
29 2000 9 52.5025 148.213 69.101 12.1935 0
19 2000 5 50.3194 66.8601 58.6316 38.3026 3.70524
19 2000 6 8.28714 109.488 161.683 6.5921 0
19 2000 7 188.513 374.983 118.751 12.4191 5.91708
19 2000 8 4.02586 19.3241 0 0 0
19 2000 9 56.846 126.637 68.3706 28.8148 1.34194
96 2000 1 14.1947 109.909 495.96 242.883 15.543
96 2000 2 0 0.745144 5.46619 12.0897 0.368972
96 2000 3 480.421 912.755 915.067 202.277 9.29253
96 2000 4 0.974359 0.965068 1.58017 0.280403 0
96 2000 5 69.2284 56.1484 53.315 33.2512 7.52608
96 2000 6 4.68732 132.761 144.298 4.30333 0
86 2000 1 33.6435 123.483 516.043 192.896 12.4245
96 2000 7 144.456 439.823 100.787 18.9168 2.66197
86 2000 2 1.867 2.87523 7.03109 5.90095 0.995733
96 2000 8 0 0 0 0 0
86 2000 3 422.115 1107.32 797.557 182.396 12.32
96 2000 9 73.5881 132.926 64.7356 10.4261 0.334234
86 2000 4 0.645302 1.58922 1.51417 0.0513155 0
86 2000 5 44.3527 69.8185 82.5689 31.3733 1.80651
86 2000 6 4.39243 97.7244 165.445 16.2591 2.22908
76 2000 1 19.1774 115.053 473.421 256.612 14.2261
86 2000 7 186.959 420.61 92.0012 13.8281 0.201241
76 2000 2 1.96715 2.51448 6.27936 5.48225 2.42676
86 2000 8 23.35 0 0 0 0
76 2000 3 357.213 857.908 1067.73 234.535 7.92494
86 2000 9 58.4882 134.406 71.9644 16.6961 0.455379
76 2000 4 0.358889 1.45379 1.59891 0.388406 0
76 2000 5 53.0143 76.087 54.6517 43.6668 2.50022
76 2000 6 16.4675 75.332 160.881 28.9329 4.43622
66 2000 1 27.3281 154.168 466.353 215.619 15.0223
76 2000 7 187.424 386.019 114.632 21.2501 4.27465
66 2000 2 0.129653 3.20891 9.00785 5.32341 1.00018
76 2000 8 13.1088 8.19298 1.6386 0.409649 0
66 2000 3 148.877 1077.85 1023.92 264.456 0.712559
76 2000 9 58.2948 118.334 86.4383 14.9078 4.03502
66 2000 4 0 1.10507 2.49654 0.198382 0
66 2000 5 70.9777 76.211 59.3528 9.432 1.1732
66 2000 6 5.45452 78.7014 191.405 10.4894 0
56 2000 1 34.4247 166.617 503.2 164.113 8.86889
66 2000 7 176.026 396.962 104.221 32.0557 0.0680851
56 2000 2 0 0 8.64154 10.0285 0
66 2000 8 11.3807 6.10869 5.3886 0.472035 0
56 2000 3 397.159 977.083 911.039 215.889 6.77755
66 2000 9 50.5865 151.373 73.3319 6.71889 0
56 2000 4 0.492712 1.84791 1.39809 0.0612903 0
56 2000 5 66.9916 74.3029 55.907 26.2408 1.00347
56 2000 6 10.1627 112.485 158.492 4.91049 0
46 2000 1 8.8916 128.901 443.986 284.154 12.5575
56 2000 7 161.53 395.532 107.011 40.5812 2.41835
46 2000 2 0 1.47967 9.94712 6.68691 0.556297
56 2000 8 0 0 0 0 0
46 2000 3 450.673 946.341 828.886 274.326 12.5552
56 2000 9 74.7942 118.068 74.084 9.89101 5.17256
46 2000 4 0 1.17284 2.53333 0.0938272 0
46 2000 5 50.6486 91.2678 54.1931 27.3758 6.43468
46 2000 6 6.21913 94.1283 171.933 12.9227 0.846678
46 2000 7 193.279 397.397 111.31 8.40398 2.02917
46 2000 8 15.9205 6.01439 1.41515 0 0
46 2000 9 42.6536 138.079 79.2241 21.0026 1.05028
89 2000 1 38.267 136.858 478.753 210.633 13.9793
89 2000 2 0.0353598 1.98972 15.1884 1.38409 0.0724035
89 2000 3 362.511 1104.22 863.614 191.06 3.90545
89 2000 4 0.673759 1.53579 1.37873 0.21172 0
89 2000 5 26.2041 95.0682 67.8732 38.41 2.36448
89 2000 6 10.0063 120.879 147.817 7.34772 0
79 2000 1 50.1983 115.591 491.034 207.198 14.4682
89 2000 7 171.406 384.356 142.061 8.92532 4.36951
79 2000 2 0 0 13.6722 2.12551 2.87231
89 2000 8 3.18409 12.8534 6.11065 1.20184 0
79 2000 3 420.54 938.187 908.394 237.473 15.3718
89 2000 9 69.4433 138.198 65.8926 8.4763 0
79 2000 4 0 1.47573 2.13981 0.184466 0
79 2000 5 59.9419 79.5169 53.1903 7.93602 0.594837
79 2000 6 12.2969 111.284 151.407 11.0624 0
69 2000 1 20.2226 131.411 473.051 236.527 17.2784
79 2000 7 163.904 401.125 122.458 24.4013 1.71086
69 2000 2 0.660051 0.636477 10.2867 4.43153 2.65529
79 2000 8 0 23.35 0 0 0
69 2000 3 154.461 1191.65 929.818 228.409 9.37514
79 2000 9 55.6392 139.344 50.6613 32.5272 3.83814
69 2000 4 0 0 0 0 0
69 2000 5 79.092 48.712 69.1581 24.1945 1.57842
69 2000 6 11.376 107.955 145.629 20.7649 0.325057
59 2000 1 19.2417 142.404 442.119 245.402 29.3236
69 2000 7 168.303 438.907 70.5213 21.911 7.30106
59 2000 2 0 0.172338 7.08579 11.3831 0.0287231
69 2000 8 0 23.35 0 0 0
59 2000 3 277.911 854.134 1080.27 293.642 4.35521
69 2000 9 64.919 128.481 67.399 19.1562 2.05525
59 2000 4 0.451383 1.40968 1.78743 0.151509 0
59 2000 5 51.7104 89.0327 65.3576 22.7284 1.09086
59 2000 6 0.176902 99.3454 167.938 18.1497 0.440148
49 2000 1 63.3437 154.157 454.21 188.269 18.51
59 2000 7 170.744 444.157 82.2181 9.48333 1.67233
49 2000 2 0 0 12.8823 5.53139 0.256339
59 2000 8 10.5075 12.4533 0.389167 0 0
49 2000 3 462.695 807.973 1006.73 223.277 18.8032
59 2000 9 52.2544 163.197 55.4315 11.1271 0
49 2000 4 0 1.52874 2.18391 0.0873563 0
49 2000 5 70.7156 50.2174 56.7349 31.514 3.91467
49 2000 6 10.9492 106.951 153.193 14.0033 0.953112
49 2000 7 195.54 393.156 90.5198 23.757 3.85235
49 2000 8 9.34 14.01 0 0 0
49 2000 9 85.2944 134.06 52.1665 9.21347 1.27606
