55 1995 9 52.8974 2316.17 393.194 118.211 15.8849
45 1995 4 0 0 0 0 0
45 1995 5 1.40911 18.7319 14.2621 0.236855 0
45 1995 6 6.65481 49.5413 16.8166 1.85912 2.02813
35 1995 1 37.1462 255.374 795.253 888.971 62.0069
45 1995 7 72.7228 488.104 175.149 34.5127 10.5423
35 1995 2 63.636 131.382 453.455 283.653 39.0938
45 1995 8 50.8795 377.798 121.335 74.4771 5.49232
35 1995 3 191.713 666.272 2272.29 2724.31 116.099
45 1995 9 54.7627 2156.02 417.716 224.925 42.9357
35 1995 4 0 0 0 0 0
35 1995 5 2.27852 13.173 10.666 7.7352 0.787273
25 1995 1 34.6131 193.884 847.681 900.071 64.1704
35 1995 6 2.92775 21.3558 41.3402 11.2762 0
25 1995 2 53.2067 96.2689 437.416 332.56 51.7688
35 1995 7 86.9345 491.509 178.781 21.8883 1.91779
25 1995 3 152.026 590.218 2329.54 2421.95 448.922
35 1995 8 80.4296 332.912 132.435 80.7058 5.39785
25 1995 4 0 0 0 0 0
35 1995 9 113.08 1978.44 623.422 176.736 4.67674
25 1995 5 8.70163 16.7234 6.51281 2.70216 0
15 1995 1 87.8122 241.075 849.058 764.616 93.1498
25 1995 6 2.2233 31.1809 39.7856 3.35809 0.352106
15 1995 2 76.0289 120.225 413.528 311.161 50.2774
25 1995 7 70.7299 512.096 170.411 23.8654 3.92795
15 1995 3 189.366 740.747 2466.84 2360.07 213.656
25 1995 8 54.7946 413.002 111.735 44.5648 7.7843
15 1995 4 0 0 0 0 0
25 1995 9 62.267 2041.31 598.989 186.73 7.06748
15 1995 5 1.92444 16.1034 8.88784 7.72432 0
15 1995 6 1.84174 31.3643 31.9683 10.2735 1.45213
15 1995 7 64.9634 534.794 151.465 21.0106 8.79674
15 1995 8 65.0449 402.874 109.174 40.9607 5.65579
15 1995 9 142.178 1874.31 701.292 123.008 55.5773
92 1995 1 55.4272 223.883 928.473 725.469 105.506
92 1995 2 47.2291 99.4266 517.051 275.341 32.1721
92 1995 3 142.76 531.641 2470.03 2646.2 180.051
92 1995 4 0 0 0 0 0
92 1995 5 4.81819 16.7128 6.91078 6.19825 0
92 1995 6 3.10558 40.018 30.1311 2.58547 1.05984
82 1995 1 58.9675 249.497 849.337 787.998 93.0903
92 1995 7 66.8636 520.42 141.612 42.4633 9.6711
82 1995 2 83.2169 107.674 391.813 302.241 86.2759
92 1995 8 71.3047 349.695 134.291 66.1004 10.4888
82 1995 3 172.547 549.091 2597.44 2467.52 184.084
92 1995 9 114.125 1925.44 712.472 127.234 17.0836
82 1995 4 0 0 0 0 0
82 1995 5 0 1.97943 13.856 18.8046 0
82 1995 6 0 31.2406 32.7195 11.0174 1.9225
72 1995 1 50.1375 228.787 836.57 869.996 54.9296
82 1995 7 66.7194 514.068 171.377 28.3262 0.539487
72 1995 2 22.0896 101.089 482.909 326.498 38.6341
82 1995 8 70.6764 396.164 116.038 33.1242 9.62148
72 1995 3 176.776 826.824 2547.47 2306.2 113.41
82 1995 9 214.036 1941.4 571.719 131.509 37.693
72 1995 4 0 0 0 0 0
72 1995 5 1.39677 12.5615 14.0005 6.68119 0
72 1995 6 2.30069 41.0968 30.7641 2.73834 0
62 1995 1 36.8607 226.32 889.707 819.486 68.0464
48 1995 1 77.4688 261.016 821.248 794.343 77.1363
72 1995 7 63.8636 536.363 142.077 32.259 6.46692
62 1995 2 41.6376 149.568 408.03 348.515 23.47
48 1995 2 77.4121 118.977 447.13 271.607 56.0943
72 1995 8 98.6302 389.624 91.8418 44.1514 7.63207
62 1995 3 175.538 562.152 2724.81 2315.9 192.286
48 1995 3 141.74 445.917 2522.03 2699.36 161.637
72 1995 9 132.904 2009.6 622.103 119.02 12.7357
62 1995 4 0 0 0 0 0
48 1995 4 0 0 0 0 0
62 1995 5 12.3378 17.6835 1.31046 2.94165 0.366561
48 1995 5 0 8.66 25.98 0 0
62 1995 6 0.825512 42.7202 24.1177 4.85718 4.37944
48 1995 6 0 44.5211 28.3316 2.52961 1.51776
38 1995 1 45.0751 227.039 798.868 900.538 68.8986
62 1995 7 75.6906 484.678 199.681 14.3722 6.60764
48 1995 7 65.0681 508.224 174.304 24.9771 8.45685
38 1995 2 34.23 171.457 441.057 302.58 21.8961
62 1995 8 82.9016 408.801 84.6825 45.4193 10.076
48 1995 8 51.6545 371.275 146.004 55.4665 7.48035
38 1995 3 200.744 620.357 2592.81 2413.91 142.862
62 1995 9 76.5797 1920.43 810.3 76.8237 12.2248
48 1995 9 97.7069 1902.17 637.062 198.647 60.7767
6 1995 1 37.2815 234.51 860.885 831.331 72.9481
38 1995 4 0 0 0 0 0
6 1995 2 49.9049 140.815 461.41 262.849 56.2398
38 1995 5 0 20.0912 12.8168 1.732 0
6 1995 3 164.428 687.959 2504.55 2296.38 292.699
28 1995 1 21.9099 236.742 833.607 858.443 87.9061
38 1995 6 3.10081 38.0956 35.1868 0.516801 0
6 1995 4 0 0 0 0 0
28 1995 2 45.0493 193.736 491.708 219.072 14.9109
38 1995 7 78.008 473.469 189.606 29.9425 10.004
28 1995 3 284.669 494.515 2632.48 2296.41 234.868
38 1995 8 74.0954 398.874 87.094 63.1207 8.69568
6 1995 5 1.64952 13.3496 16.9142 2.72669 0
28 1995 4 0 0 0 0 0
38 1995 9 50.4073 1560.62 1075.01 178.547 31.7744
6 1995 6 0.876353 48.7452 20.9796 4.32699 1.97179
28 1995 5 7.42286 12.586 11.529 3.10217 0
6 1995 7 59.2754 494.783 181.768 29.2792 15.9243
18 1995 1 44.8379 224.843 776.695 886.47 101.302
28 1995 6 6.2784 24.167 42.0468 3.92721 0.480625
6 1995 8 65.3183 393.397 105.624 64.109 3.43117
18 1995 2 48.1476 159.378 425.625 282.852 55.2168
28 1995 7 68.1315 509.165 154.4 36.6843 7.15807
6 1995 9 108.816 2091.85 536.583 133.823 15.8792
18 1995 3 100.97 785.725 2212.83 2600.85 216.142
28 1995 8 102.101 375.152 108.719 37.4233 4.15724
18 1995 4 0 0 0 0 0
28 1995 9 83.1996 1718.95 722.001 311.258 25.6353
18 1995 5 1.53956 26.429 6.41481 0.256593 0
18 1995 6 0 49.6774 15.9722 8.504 2.74643
18 1995 7 77.7961 499.38 158.029 41.7098 4.11534
18 1995 8 83.182 381.217 95.1271 61.6933 6.7234
18 1995 9 74.5788 1968.48 613.908 220.007 19.3836
95 1995 1 29.4823 257.038 756.418 895.14 97.1754
95 1995 2 65.2185 136.401 394.571 330.635 44.3942
95 1995 3 167.784 705.259 2832.94 2049.98 214.72
95 1995 4 0 0 0 0 0
95 1995 5 0 0 0 0 0
95 1995 6 1.70889 37.413 25.7045 10.2041 1.8695
85 1995 1 78.8817 213.549 843.187 810.511 92.5248
95 1995 7 63.7717 508.849 192.748 13.7789 1.882
85 1995 2 59.5592 85.2133 473.924 342.66 9.86334
95 1995 8 75.2313 342.086 136.551 66.1354 6.75997
85 1995 3 188.426 569.844 2865.06 2046.22 301.13
95 1995 9 44.0362 1946.52 647.251 226.463 32.0855
85 1995 4 0 0 0 0 0
85 1995 5 3.21832 13.7244 13.2126 4.48464 0
85 1995 6 2.47665 37.6141 22.5685 8.54444 5.6963
75 1995 1 63.4078 218.769 774.385 889.146 91.185
85 1995 7 57.1172 513.253 172.543 35.3931 2.72354
75 1995 2 30.0154 105.596 396.494 365.663 65.3923
85 1995 8 100.075 351.729 133.896 40.1402 6.03923
75 1995 3 82.4002 579.186 2518.2 2442.24 312.251
85 1995 9 63.5709 1960.92 707.298 161.893 2.68042
75 1995 4 0 0 0 0 0
75 1995 5 6.67505 16.276 11.062 0.626968 0
75 1995 6 0 41.2207 20.9944 9.55814 5.12667
65 1995 1 41.4708 235.968 749.336 938.599 66.7248
75 1995 7 63.8989 499.705 187.957 26.0002 2.03063
65 1995 2 40.3897 175.212 356.812 382.811 15.9961
75 1995 8 36.2978 336.302 141.141 98.8558 16.9598
65 1995 3 54.3606 755.474 2431.83 2562.77 158.207
75 1995 9 17.3698 1978.16 619.19 244.706 36.9334
65 1995 4 0 0 0 0 0
65 1995 5 5.59124 10.168 13.0083 5.8725 0
65 1995 6 2.62906 23.985 37.9771 8.42494 3.88384
65 1995 7 79.9383 489.607 176.58 34.5976 0.306358
65 1995 8 40.9542 367.95 134.455 81.9431 4.27162
65 1995 9 54.427 1965.03 609.134 253.223 14.5503
9 1995 1 141.19 156.946 867.054 786.085 74.4419
9 1995 2 48.9696 173.893 469.65 260.715 17.9919
9 1995 3 119.793 693.95 2543.58 2345.42 267.943
9 1995 4 0 0 0 0 0
9 1995 5 3.99123 25.979 4.6698 0 0
9 1995 6 1.23369 22.8099 40.391 10.0512 2.41417
9 1995 7 59.3511 551.167 124.839 35.0981 10.5754
9 1995 8 62.419 376.937 108.812 65.2605 16.0398
9 1995 9 85.0801 1846.57 764.491 177.372 22.8439
98 1995 1 40.3603 203.694 820.17 899.679 73.3965
98 1995 2 56.9414 83.9439 492.581 291.195 46.5588
98 1995 3 141.006 538.119 2482.4 2691.72 110.809
98 1995 4 0 0 0 0 0
98 1995 5 10.392 9.18713 11.7977 3.26319 0
98 1995 6 1.36216 21.4985 24.2282 26.8793 2.93192
88 1995 1 41.6766 182.537 852.34 862.489 101.377
98 1995 7 66.4441 491.842 175.443 41.9716 5.32882
88 1995 2 26.1523 121.325 428.198 334.516 61.0291
98 1995 8 66.9189 314.526 186.989 60.5841 2.86198
88 1995 3 97.7904 760.538 2422.08 2476.02 214.249
98 1995 9 107.473 1730.35 827.156 172.06 27.7266
88 1995 4 0 0 0 0 0
88 1995 5 4.57857 15.6588 13.8334 0.569223 0
88 1995 6 3.60638 27.1714 42.1931 2.81172 1.11735
78 1995 1 43.3834 232.542 821.86 877.191 65.4439
88 1995 7 94.1995 490.378 163.1 24.2372 9.11587
78 1995 2 59.3399 172.332 468.932 230.214 40.4019
88 1995 8 78.6191 319.458 159.741 62.6734 11.3885
78 1995 3 136.623 719.546 2646.34 2230.94 224.426
88 1995 9 165.054 1886.82 631.613 185.858 27.0176
78 1995 4 0 0 0 0 0
78 1995 5 0 6.92461 14.6378 11.2703 1.8073
78 1995 6 4.18073 31.5796 40.7218 0.417935 0
68 1995 1 37.8399 170.268 911.815 811.726 102.222
78 1995 7 75.1982 537.493 133.811 31.556 2.97204
68 1995 2 70.4305 120.409 422.752 280.843 76.786
78 1995 8 36.9343 438.338 104.84 48.9471 2.82057
68 1995 3 131.241 633.065 2774.61 2175.47 256.298
78 1995 9 64.8558 2153.83 557.048 117.711 2.91189
68 1995 4 0 0 0 0 0
68 1995 5 7.39678 11.262 13.611 2.37018 0
68 1995 6 2.33041 39.9673 27.4153 6.09955 1.08739
58 1995 1 39.1796 253.96 780.796 880.913 74.747
68 1995 7 69.7054 517.188 163.645 24.4433 6.04783
58 1995 2 60.2599 95.7214 461.612 340.048 13.5791
68 1995 8 104.128 364.191 95.8627 55.9933 11.7042
58 1995 3 175.988 761.017 2475.41 2368.93 159.442
100 1995 1 40.826 241.467 844.439 861.05 52.6376
68 1995 9 89.3899 1894.43 765.763 101.962 44.8193
58 1995 4 0 0 0 0 0
100 1995 2 63.0243 66.6292 495.944 273.741 71.8814
58 1995 5 5.93021 18.0506 6.79336 3.8658 0
100 1995 3 112.243 477.832 2424.41 2631.7 310.362
58 1995 6 3.01569 19.965 39.2093 9.05556 5.65441
100 1995 4 0 0 0 0 0
58 1995 7 55.2807 507.859 166.839 51.0517 0
100 1995 5 7.53494 19.8225 3.9835 3.29905 0
58 1995 8 47.1849 385.003 118.019 75.273 6.40044
100 1995 6 1.19225 32.6014 34.8784 6.32922 1.89877
58 1995 9 116.788 1741.94 807.904 168.707 17.7904
100 1995 7 68.4832 516.3 170.441 20.9401 4.8653
100 1995 8 82.7672 359.865 122.681 55.2995 11.2674
100 1995 9 144.364 2014.82 542.963 170.361 23.8494
21 1995 1 73.0346 215.822 837.651 858.137 50.8224
21 1995 2 49.4361 87.6491 527.454 248.829 57.8525
21 1995 3 213.728 683.39 2406.16 2404.77 228.6
21 1995 4 0 0 0 0 0
21 1995 5 0 18.0192 13.1919 3.42888 0
11 1995 1 56.0439 224.539 844.586 859.903 55.3481
21 1995 6 5.5157 34.2526 32.7351 4.39657 0
11 1995 2 49.2101 153.87 420.921 280.44 66.7791
21 1995 7 70.9622 511.216 145.305 48.5898 4.95736
11 1995 3 42.2835 509.5 2751.6 2534.59 132.704
21 1995 8 36.0697 390.974 154.689 46.1966 3.95098
11 1995 4 0 0 0 0 0
21 1995 9 61.2991 2011.92 564.615 232.755 25.7752
11 1995 5 2.38897 20.6475 11.6035 0 0
11 1995 6 0 26.758 31.9957 8.90335 9.24296
11 1995 7 53.2053 473.795 211.817 36.3679 5.84515
11 1995 8 97.89 311.32 157.932 60.5598 4.1783
11 1995 9 91.5631 1836.01 700.191 242.587 26.0088
2 1995 1 49.9025 256.202 804.158 876.086 50.789
2 1995 2 69.0653 129.699 482.135 246.123 44.1979
2 1995 3 167.765 584.714 2675.5 2436.19 106.508
2 1995 4 0 0 0 0 0
2 1995 5 0 21.7539 12.7475 0.13856 0
2 1995 6 2.54556 28.4231 27.8414 8.07528 10.0146
2 1995 7 50.5527 520.36 175.061 32.1319 2.92473
2 1995 8 46.1445 363.798 176.798 30.8202 3.74359
14 1995 1 52.1816 225.255 879.145 795.345 86.794
2 1995 9 138.402 2108.12 487.109 160.254 2.4713
14 1995 2 64.3065 128.235 383.136 340.197 55.3458
14 1995 3 250.78 795.822 2612.46 2159.97 151.653
14 1995 4 0 0 0 0 0
14 1995 5 0 17.6808 14.7942 2.165 0
14 1995 6 5.8749 48.2915 22.4301 0.303553 0
14 1995 7 73.267 508.096 183.605 13.7385 2.32373
14 1995 8 39.844 431.351 117.427 37.1894 6.06867
14 1995 9 65.9421 1799.94 795.509 195.116 39.8558
71 1995 1 69.2383 181.654 808.795 906.068 74.665
71 1995 2 47.8887 137.839 425.155 326.408 33.9294
71 1995 3 245.3 461.525 2778.83 2220.53 264.5
71 1995 4 0 0 0 0 0
71 1995 5 1.42823 19.3763 10.9846 2.36634 0.484476
71 1995 6 0 46.8328 26.9496 3.11757 0
61 1995 1 38.3629 239.368 893.787 796.215 68.9525
71 1995 7 71.9458 526.086 158.821 20.7201 3.45734
61 1995 2 36.2251 142.911 408.971 339.021 44.0921
71 1995 8 78.9551 383.246 117.145 48.0457 4.48843
61 1995 3 187.392 698.166 2644.01 2092.74 341.596
71 1995 9 135.515 1723.29 871.481 147.588 18.4837
61 1995 4 0 0 0 0 0
61 1995 5 2.56134 18.2761 8.40657 4.96378 0.432228
61 1995 6 3.44528 28.7303 27.4664 3.63786 13.6202
51 1995 1 60.2332 208.786 872.777 834.91 63.7139
61 1995 7 68.2549 472.511 202.08 31.2088 6.976
51 1995 2 71.5823 87.355 453.235 339.93 19.1185
61 1995 8 63.117 389.387 132.126 44.1609 3.08937
51 1995 3 161.215 652.913 2474.29 2483.14 199.118
61 1995 9 105.02 1946.44 631.66 171.124 42.1167
51 1995 4 0 0 0 0 0
5 1995 1 35.5715 222.863 752.274 886.931 138.938
51 1995 5 0.256593 26.0441 4.26397 3.39608 0.679216
5 1995 2 93.0694 106.279 399.83 352.76 19.2816
51 1995 6 0.771969 40.1424 24.5546 10.2187 1.21239
5 1995 3 203.45 522.051 2651.27 2379.33 188.396
41 1995 1 65.8489 215.426 826.427 858.403 74.3149
51 1995 7 106.742 454.568 164.926 46.8837 7.91016
5 1995 4 0 0 0 0 0
41 1995 2 47.3412 177.671 358.468 372.522 15.2185
51 1995 8 48.1534 312.927 177.669 84.504 8.62626
5 1995 5 6.41481 7.0563 7.0563 14.1126 0
41 1995 3 102.862 677.142 2405.11 2579.22 192.973
51 1995 9 38.1672 1946.93 571.395 305.939 33.9313
5 1995 6 1.91396 38.5743 33.0326 2.38223 0.996852
41 1995 4 0 0 0 0 0
5 1995 7 77.257 475.301 173.672 49.8039 4.9959
41 1995 5 0 8.66 10.6976 15.2824 0
5 1995 8 47.164 404.553 116.898 54.0776 9.18688
17 1995 1 31.1849 228.034 872.938 802.213 104.331
31 1995 1 60.117 236.72 905.003 739.448 99.1323
41 1995 6 0 43.2563 33.4466 0.197179 0
5 1995 9 200.17 1887.97 619.931 174.477 13.8127
17 1995 2 70.8873 237.991 331.079 280.514 50.7485
31 1995 2 30.6413 102.364 479.016 320.693 38.5055
41 1995 7 63.9751 529.492 163.537 22.1733 1.85262
17 1995 3 181.359 751.254 2699.15 2119.49 203.644
31 1995 3 134.413 728.787 2729.04 2310.34 61.0664
41 1995 8 46.1681 304.432 185.204 85.2225 8.18758
17 1995 4 0 0 0 0 0
31 1995 4 0 0 0 0 0
41 1995 9 108.259 2111.67 547.753 120.177 8.49907
17 1995 5 0 0 27.8626 6.77739 0
31 1995 5 0.0532923 16.6026 10.309 7.34204 0.333077
17 1995 6 0.464302 49.8959 23.4638 3.076 0
31 1995 6 3.40936 20.6084 42.3394 9.78192 0.760854
17 1995 7 65.536 522.585 172.951 18.8202 1.1372
31 1995 7 80.5994 514.364 150.268 31.6759 4.12319
17 1995 8 88.3581 385.432 99.6804 52.2775 6.13205
31 1995 8 51.7246 358.611 148.837 68.8715 3.83606
17 1995 9 127.809 1761.41 764.629 177.088 65.4248
31 1995 9 69.7151 2157.58 525.525 106.006 12.2051
74 1995 1 75.614 176.833 834.18 858.532 95.2609
74 1995 2 40.8002 127.53 499.314 272.652 30.9231
74 1995 3 214.975 676.577 2645.75 2169.05 264.332
74 1995 4 0 0 0 0 0
74 1995 5 2.07656 15.531 11.5466 5.48584 0
74 1995 6 1.13982 31.3071 11.0183 23.4043 10.0304
64 1995 1 62.4267 235.906 820.806 843.913 77.3676
74 1995 7 61.3501 531.783 158.242 24.6808 4.97326
64 1995 2 29.5509 151.553 460.191 319.899 10.0267
74 1995 8 55.9075 393.071 119.021 54.8296 9.0512
64 1995 3 129.158 775.145 2656.16 2316.72 93.5032
74 1995 9 134.697 1848.03 772.892 89.1521 32.0223
64 1995 4 0 0 0 0 0
64 1995 5 2.70806 23.2671 8.49592 0.168976 0
64 1995 6 0 41.5778 28.8379 6.39626 0.0879863
54 1995 1 64.099 226.092 837.312 813.075 95.1868
64 1995 7 57.2113 507.16 178.704 34.5665 3.38794
54 1995 2 44.3237 126.455 515.884 254.161 30.3961
64 1995 8 39.5463 396.22 137.201 53.5762 5.33642
54 1995 3 160.78 549.752 2762.69 2351.1 146.358
64 1995 9 34.2475 2124.69 560.416 161.956 15.0472
54 1995 4 0 0 0 0 0
8 1995 1 40.6343 231.301 796.775 872.926 94.0712
54 1995 5 2.59342 8.40051 16.1581 7.48797 0
8 1995 2 83.0041 169.318 413.769 294.868 10.2605
54 1995 6 1.26373 31.3493 36.6085 6.73492 0.943531
44 1995 1 40.875 284.997 789.313 832.972 90.6722
8 1995 3 148.674 863.358 2642.92 2131.65 169.204
54 1995 7 54.2982 525.176 176.189 21.9009 3.46508
44 1995 2 52.7153 97.2898 421.508 335.617 64.0892
8 1995 4 0 0 0 0 0
54 1995 8 33.2328 372.039 166.366 54.3467 5.89463
44 1995 3 177.49 563.185 2797.25 2306.83 112.05
8 1995 5 1.25815 22.9223 9.92256 0.53696 0
54 1995 9 53.3432 2080.37 638.055 105.66 18.933
44 1995 4 0 0 0 0 0
8 1995 6 3.06039 21.9449 50.8266 1.06806 0
44 1995 5 0 16.1765 13.9731 4.49037 0
8 1995 7 76.6199 507.732 181.889 12.9005 1.88815
44 1995 6 0.363796 29.3249 42.5973 3.076 1.538
8 1995 8 62.7975 408.702 115.738 37.9122 4.17289
34 1995 1 31.31 269.399 787.863 858.995 92.8523
44 1995 7 88.3532 478.348 186.601 26.3591 1.36905
8 1995 9 113.236 1988.14 645.278 134.21 15.5005
34 1995 2 40.7315 134.437 500.207 275.84 20.005
44 1995 8 81.8074 372.144 110.749 61.4705 5.7089
34 1995 3 188.423 668.106 1780.04 3062.41 271.707
44 1995 9 40.0919 1870.06 730.515 180.523 17.5329
34 1995 4 0 0 0 0 0
34 1995 5 1.973 14.7832 5.3674 12.5164 0
24 1995 1 20.1899 226.668 869.66 846.436 74.1705
34 1995 6 0.937805 28.7232 33.7192 13.5199 0
24 1995 2 49.2622 117.6 470.346 295.054 38.958
34 1995 7 75.6518 486.028 182.046 34.3306 2.97427
24 1995 3 106.448 639.074 2467.37 2525.38 218.046
34 1995 8 56.118 427.39 81.2144 54.9451 12.2128
24 1995 4 0 0 0 0 0
34 1995 9 91.7283 1983.48 580.728 197.212 10.0444
24 1995 5 1.30575 15.8488 14.5535 2.26861 0.663319
24 1995 6 5.65248 24.7554 34.774 4.54687 7.17123
24 1995 7 69.1124 502.493 171.951 30.6585 6.81532
24 1995 8 36.2154 399.663 122.494 66.4545 7.0525
24 1995 9 86.4516 1941.96 705.465 142.635 19.8515
91 1995 1 86.2067 230.61 849.347 788.399 77.475
91 1995 2 29.1509 120.621 487.428 273.87 52.8474
91 1995 3 139.053 835.669 2507.89 2230.23 159.955
91 1995 4 0 0 0 0 0
91 1995 5 3.84889 8.49575 13.1191 9.17622 0
91 1995 6 7.1225 45.1224 22.1055 2.11783 0.431791
81 1995 1 57.7075 223.094 788.88 836.534 134.205
67 1995 1 64.7371 239.713 824.502 848.998 62.4702
91 1995 7 81.1129 482.022 186.535 27.2792 1.07642
81 1995 2 54.9859 114.546 506.778 250.092 44.8175
67 1995 2 56.5777 124.362 483.27 282.151 24.8587
91 1995 8 88.7369 413.775 72.0803 51.5573 5.73071
81 1995 3 261.806 640.86 2426.25 2430.05 211.713
67 1995 3 216.326 647.855 2754.9 2091.82 259.778
91 1995 9 46.6672 2049.37 632.044 149.148 19.1275
81 1995 4 0 0 0 0 0
67 1995 4 0 0 0 0 0
81 1995 5 4.67073 12.9921 8.68132 5.1468 3.14909
67 1995 5 1.11026 23.9699 5.76049 3.79941 0
81 1995 6 0 43.5767 21.7883 9.18528 2.34972
67 1995 6 0.661505 51.4934 16.2927 7.90699 0.54539
57 1995 1 28.117 270.523 822.256 810.787 106.933
81 1995 7 68.419 528.371 152.38 25.5511 6.30824
67 1995 7 76.0883 476.305 187.968 28.2207 12.4471
57 1995 2 18.5359 116.07 539.714 275.793 21.1072
81 1995 8 56.0197 395.875 120.75 48.7699 10.4652
67 1995 8 61.9576 373.415 135.861 55.8554 4.79103
57 1995 3 149.968 590.362 2743.59 2218.87 267.889
81 1995 9 81.5207 1814.65 688.224 272.449 39.5203
67 1995 9 72.4778 2126.06 547.759 137.9 12.1666
57 1995 4 0 0 0 0 0
57 1995 5 7.43986 18.0436 8.65004 0.506496 0
57 1995 6 2.71972 37.1921 21.0863 11.7033 4.19856
47 1995 1 71.7386 239.107 772.803 862.548 92.5227
57 1995 7 88.5391 494.465 147.338 38.0472 12.6406
47 1995 2 82.8046 107.969 452.809 303.432 24.2053
57 1995 8 81.4952 333.956 140.704 67.0134 8.71137
47 1995 3 200.056 783.909 2493.93 2331.28 161.501
57 1995 9 78.4885 2046.33 556.772 152.536 31.9563
47 1995 4 0 0 0 0 0
47 1995 5 5.92331 10.7684 12.0513 5.89705 0
47 1995 6 1.6915 48.7696 17.1789 8.49104 0.769
37 1995 1 30.5658 233.572 924.575 768.334 80.044
47 1995 7 49.7446 502.602 192.663 27.1781 8.84232
37 1995 2 36.2824 138.647 374.913 399.494 21.8834
47 1995 8 100.333 369.977 101.071 51.5868 8.91208
37 1995 3 87.1772 751.073 2470.07 2465.59 196.764
47 1995 9 88.8894 2010.59 517.447 276.416 3.01926
37 1995 4 0 0 0 0 0
37 1995 5 1.40212 21.2442 7.70882 4.28487 0
27 1995 1 36.9219 249.989 847.813 817.75 86.28
37 1995 6 3.29571 42.3277 20.5367 10.7399 0
27 1995 2 23.4257 130.097 427.445 358.093 32.1588
37 1995 7 71.0527 525.679 159.774 16.7884 7.73592
27 1995 3 100.188 625.301 2564.61 2310.33 341.27
37 1995 8 61.7833 383.597 124.203 51.7054 10.591
27 1995 4 0 0 0 0 0
37 1995 9 52.651 1999.14 658.099 140.019 46.4479
27 1995 5 0 20.2553 5.384 9.00066 0
27 1995 6 0.893032 38.358 24.9494 6.43033 6.26927
27 1995 7 88.3274 494.591 177.321 18.3047 2.48554
27 1995 8 69.3578 373.593 115.609 61.3238 11.9961
27 1995 9 74.3289 1978.04 645.454 147.866 50.674
94 1995 1 45.6333 229.865 824.623 840.257 93.3297
94 1995 2 36.0105 73.668 453.966 292.217 115.358
94 1995 3 273.272 550.238 2386.2 2526.66 234.31
94 1995 4 0 0 0 0 0
94 1995 5 2.82618 26.4943 4.33398 0.985565 0
94 1995 6 2.69649 29.4018 37.3772 7.26187 0.162579
84 1995 1 32.8429 271.978 805.012 837.837 87.7613
94 1995 7 88.4006 505.623 161.926 20.6149 4.46554
84 1995 2 43.377 169.901 372.813 304.444 80.6856
94 1995 8 42.8795 339.376 157.219 86.1282 6.27729
84 1995 3 173.899 741.798 2461.52 2419.4 160.058
94 1995 9 72.409 2100.31 529.937 157.068 36.6322
84 1995 4 0 0 0 0 0
84 1995 5 4.47144 16.3447 7.93462 5.88926 0
84 1995 6 0.0695928 43.2055 29.7973 3.30566 0.521946
84 1995 7 54.7295 511.966 172.842 39.8592 1.63353
84 1995 8 81.8286 356.801 110.029 66.021 12.5206
84 1995 9 74.3541 1903.97 758.628 119.681 15.7941
97 1995 1 46.7311 205.512 749.944 995.218 43.0146
97 1995 2 38.623 121.477 471.72 297.584 41.8162
97 1995 3 107.37 509.667 2622.27 2422.67 308.697
97 1995 4 0 0 0 0 0
97 1995 5 5.72238 7.74767 12.9325 7.86627 0.371143
97 1995 6 1.10874 41.0462 24.7994 2.00972 7.93587
87 1995 1 93.3447 212.12 715.638 945.87 73.4472
97 1995 7 68.154 541.535 148.254 22.7944 0.292531
87 1995 2 41.4654 112.26 415.853 362.108 39.5336
97 1995 8 69.154 399.146 91.1122 65.6122 6.85576
87 1995 3 61.3088 703.55 2689.89 2363.4 152.534
97 1995 9 110.915 1915.43 659.802 194.441 15.7703
87 1995 4 0 0 0 0 0
87 1995 5 2.2582 16.5218 11.9395 3.92054 0
87 1995 6 0 19.6206 24.3675 18.6712 14.2407
77 1995 1 76.3339 241.59 846.953 789.045 76.0258
87 1995 7 68.9692 504.952 195.166 9.21044 2.73249
77 1995 2 63.056 106.353 468.681 286.24 46.8902
87 1995 8 76.3791 428.762 75.2484 43.8239 7.66674
77 1995 3 201.004 568.71 2468.92 2486.29 245.753
87 1995 9 31.73 2064.45 697.083 67.4813 35.6166
77 1995 4 0 0 0 0 0
77 1995 5 4.31717 19.6498 8.83984 1.8332 0
77 1995 6 1.70889 38.9247 27.0053 9.26108 0
77 1995 7 73.1993 517.7 162.415 14.9032 12.8123
77 1995 8 41.8355 437.296 99.1793 45.8695 7.69995
77 1995 9 137.198 1792.09 776.094 144.171 46.811
40 1995 1 75.1461 228.275 799.059 858.235 75.263
40 1995 2 40.2725 117.051 388.44 364.808 60.6479
40 1995 3 106.327 596.857 2598.94 2454.35 205.87
40 1995 4 0 0 0 0 0
40 1995 5 0.911449 25.6747 4.11447 3.93939 0
30 1995 1 82.1931 199.558 769.439 934.348 54.882
40 1995 6 2.07138 33.5704 38.4632 2.79505 0
30 1995 2 50.5863 125.906 494.4 253.207 47.1213
40 1995 7 59.7852 517.555 179.727 14.5059 9.45743
30 1995 3 206.667 785.919 2307.51 2398.24 265.039
40 1995 8 67.5107 426.959 83.776 46.088 7.54596
30 1995 4 0 0 0 0 0
40 1995 9 97.3803 2052.94 683.338 50.0684 12.6286
30 1995 5 3.26776 10.957 15.9258 4.48947 0
20 1995 1 60.6434 199.461 843.092 856.875 78.7913
30 1995 6 2.39858 33.4585 30.7394 7.16476 3.13878
20 1995 2 61.2536 160.416 381.831 315.905 51.814
30 1995 7 70.8806 525.196 149.744 28.6697 6.53899
20 1995 3 122.331 695.221 2663.25 2320.62 169.256
30 1995 8 61.2277 330.132 162.342 67.9753 10.2027
20 1995 4 0 0 0 0 0
30 1995 9 117.288 1651.07 922.599 199.739 5.66611
20 1995 5 5.76231 15.7558 12.1001 1.02179 0
10 1995 1 38.5444 205.6 854.892 850.709 90.6742
20 1995 6 2.78003 31.5284 32.4343 7.97829 2.17895
10 1995 2 54.8573 143.991 453.204 300.073 19.0947
20 1995 7 73.7055 494.55 166.959 41.5376 4.27742
10 1995 3 173.07 661.204 2547.42 2285.68 270.717
20 1995 8 51.8871 350.956 174.647 46.3947 7.99461
10 1995 4 0 0 0 0 0
20 1995 9 115.314 2086 442.677 232.46 19.911
10 1995 5 2.81985 17.2716 12.8739 1.67474 0
10 1995 6 2.01338 34.9892 32.1626 6.60497 1.12989
10 1995 7 66.4402 512.501 176.548 18.6568 6.88405
10 1995 8 32.2381 398.212 130.56 59.4663 11.404
10 1995 9 77.2209 1870.87 772.819 151.563 23.8833
33 1995 1 48.9207 226.569 767.593 875.139 107.929
33 1995 2 36.1597 96.2084 507.67 288.749 42.4325
33 1995 3 160.654 793.933 2807.83 2010.47 183.731
1 1995 1 26.9508 247.802 826.124 824.206 115.337
33 1995 4 0 0 0 0 0
1 1995 2 63.913 89.5071 397.248 361.734 52.9498
33 1995 5 8.12502 13.6908 12.5902 0.234054 0
1 1995 3 143.029 696.658 2629.68 2372.99 99.6546
23 1995 1 63.799 241.247 777.541 870.226 84.2709
33 1995 6 8.93712 47.9763 18.4369 1.54961 0
1 1995 4 0 0 0 0 0
23 1995 2 44.5776 123.288 484.069 290.092 29.1935
33 1995 7 86.1609 495.621 159.604 25.2319 14.4125
1 1995 5 0.388486 8.2877 25.5753 0.388486 0
23 1995 3 129.076 588.863 2305.56 2582.68 364.5
33 1995 8 58.4022 363.016 141.299 56.7125 12.4497
1 1995 6 0.976508 29.3628 41.9667 4.59403 0
23 1995 4 0 0 0 0 0
33 1995 9 61.9083 2097.16 588.181 57.1142 69.4522
1 1995 7 85.1306 469.253 191.068 25.921 8.08205
23 1995 5 10.6585 11.416 11.2071 1.35843 0
1 1995 8 59.4344 372.081 130.063 55.4855 6.64544
13 1995 1 48.0863 244.185 826.121 846.727 70.2965
23 1995 6 0 34.5583 20.159 18.8268 3.35584
1 1995 9 96.4655 2048.7 588.007 150.43 12.7556
13 1995 2 45.4988 85.5776 527.712 286.59 25.8416
23 1995 7 71.3023 509.761 181.476 17.1374 1.35314
13 1995 3 73.5047 581.256 2255.35 2786.92 266.787
23 1995 8 39.6284 361.842 165.038 61.2398 4.13274
13 1995 4 0 0 0 0 0
23 1995 9 101.444 1897.89 718.081 141.41 18.6018
13 1995 5 0.522868 22.1609 7.14586 4.81038 0
13 1995 6 2.53943 30.7834 41.7087 1.86838 0
13 1995 7 86.8045 484.399 160.179 42.3426 7.30495
13 1995 8 75.0355 379.536 115.746 45.1521 13.7658
13 1995 9 61.5367 1880.8 730.18 163.627 60.2151
90 1995 1 37.3854 261.323 836.949 850.432 54.3306
90 1995 2 41.872 162.449 430.906 299.682 36.3108
90 1995 3 191.906 628.859 2567.66 2283.19 291.976
90 1995 4 0 0 0 0 0
90 1995 5 6.38373 19.345 8.27479 0.63644 0
90 1995 6 3.50043 28.2732 40.8286 4.29775 0
80 1995 1 54.719 277.699 749.208 865.403 88.1359
90 1995 7 64.3854 500.142 164.832 43.2562 8.4144
80 1995 2 29.8552 98.5947 518.768 297.782 26.2201
90 1995 8 95.1294 384.26 105.249 40.9153 6.3263
80 1995 3 138.127 658.162 2437.01 2531 185.744
90 1995 9 70.8865 2134.4 572.587 94.6505 23.8314
80 1995 4 0 0 0 0 0
80 1995 5 4.89775 23.9506 3.92493 1.86676 0
80 1995 6 2.64459 14.0899 58.4005 1.76497 0
70 1995 1 48.2318 181.591 850.716 890.874 67.2799
80 1995 7 68.8388 535.14 147.471 25.0088 4.57049
70 1995 2 86.6003 140.517 434.55 255.425 54.1272
80 1995 8 71.6974 385.46 123.582 43.4028 7.73809
70 1995 3 155.355 668.194 2430.86 2447.55 247.342
80 1995 9 151.958 1680.28 926.346 119.597 18.1798
70 1995 4 0 0 0 0 0
70 1995 5 4.51826 25.227 4.61239 0.282391 0
70 1995 6 3.8831 24.3083 30.5603 13.6173 4.53093
60 1995 1 93.3456 272.572 857.037 748.203 57.4773
70 1995 7 74.1186 508.373 163.108 30.322 5.10891
60 1995 2 40.8299 181.855 475.454 246.599 26.4813
70 1995 8 76.9713 391.323 107.156 46.5828 9.8468
60 1995 3 176.897 639.356 2246.73 2703.81 203.889
70 1995 9 138.31 2003.57 558.591 188.011 7.875
60 1995 4 0 0 0 0 0
60 1995 5 0.597241 22.9938 9.85448 1.19448 0
60 1995 6 0 28.7609 38.3117 9.67042 0.156939
50 1995 1 52.4172 267.32 869.981 761.004 72.2434
36 1995 1 42.5392 248.627 821.85 865.812 61.5921
60 1995 7 77.7231 486.862 179.792 36.2008 0.451985
50 1995 2 24.8921 76.3773 426.495 410.154 33.301
36 1995 2 46.6629 109.247 435.21 365.242 14.8583
60 1995 8 78.5004 367.826 129.727 50.8988 4.92803
50 1995 3 152.647 606.3 2619.43 2369.31 222.99
36 1995 3 193.016 712.086 2478.58 2431.59 155.409
60 1995 9 101.489 1851.84 696.511 170.82 7.99608
50 1995 4 0 0 0 0 0
4 1995 1 52.8938 231.615 853.323 802.658 96.2735
36 1995 4 0 0 0 0 0
50 1995 5 2.88667 26.7017 5.05167 0 0
4 1995 2 55.2591 78.6635 524.202 279.037 34.0581
36 1995 5 1.18989 15.5909 8.68656 8.0552 1.11742
50 1995 6 0.649532 23.5559 48.1711 3.61882 0.904706
4 1995 3 51.523 645.303 2662.02 2493.4 118.434
26 1995 1 14.2291 243.54 874.103 782.773 117.201
36 1995 6 1.41226 30.2155 32.3735 11.0649 1.83382
50 1995 7 75.069 524.264 160.088 19.104 2.50476
4 1995 4 0 0 0 0 0
26 1995 2 42.1534 160.59 513.565 219.834 35.0781
36 1995 7 81.2755 505.676 166.717 22.5585 4.80298
50 1995 8 52.7825 336.382 143.795 85.5881 10.7427
4 1995 5 1.98207 16.4679 6.80142 8.12898 1.25964
26 1995 3 131.584 508.92 2609.66 2539.84 159.502
36 1995 8 81.2119 336.779 144.89 58.9448 10.0535
50 1995 9 60.8375 1842.8 741.264 240.001 11.4612
4 1995 6 1.51527 33.3865 40.9302 0.610317 0.457738
26 1995 4 0 0 0 0 0
36 1995 9 104.551 1836.22 735.205 217.798 2.58962
4 1995 7 73.6941 511.633 177.817 10.665 7.22121
26 1995 5 0.0916402 14.7884 9.80092 9.959 0
4 1995 8 61.2725 404.587 119.848 39.1303 4.42007
16 1995 1 49.0546 223.336 811.648 875.988 73.9821
26 1995 6 2.1473 24.2457 41.4264 6.56954 2.51102
4 1995 9 118.101 1898.28 604.44 260.082 15.4572
16 1995 2 45.8646 125.322 506.935 239.149 53.9496
26 1995 7 72.4292 460.12 195.565 48.7789 2.29875
16 1995 3 170.921 738.052 2649.14 2225.6 180.146
26 1995 8 35.7302 368.89 149.296 56.7628 10.1638
16 1995 4 0 0 0 0 0
26 1995 9 49.7421 2231.67 481.155 128.329 5.46223
16 1995 5 0 11.4616 11.1147 10.043 2.02067
16 1995 6 2.06893 44.2701 24.2169 3.38886 2.95517
16 1995 7 72.1134 543.587 128.503 32.7269 4.10002
16 1995 8 69.9956 377.151 130.037 46.7277 7.96893
16 1995 9 93.1805 1986.31 708.702 91.3741 16.7955
93 1995 1 32.5525 245.877 890.532 811.481 59.9776
93 1995 2 44.332 100.755 500.918 307.475 17.7402
93 1995 3 63.2697 636.549 2735.16 2386.23 149.47
93 1995 4 0 0 0 0 0
93 1995 5 0 11.2447 19.5955 3.7998 0
93 1995 6 1.38167 27.3168 19.2725 23.7742 5.15484
83 1995 1 50.241 202.897 864.714 815.586 106.982
93 1995 7 80.4411 511.201 142.327 43.6812 3.37964
83 1995 2 37.2264 102.082 423.599 359.749 48.5625
93 1995 8 44.8101 341.41 160.082 80.2224 5.35541
83 1995 3 160.545 662.235 2507.74 2325.69 314.476
93 1995 9 60.6844 1647.75 934.843 200.586 52.491
83 1995 4 0 0 0 0 0
83 1995 5 2.41674 20.715 8.51615 2.99216 0
83 1995 6 7.88718 27.5439 40.3498 1.11913 0
73 1995 1 52.6965 216.721 865.803 831.995 71.6364
83 1995 7 80.3591 478.729 175.886 34.2503 11.8062
73 1995 2 65.9221 155.214 441.762 267.528 40.7936
83 1995 8 106.484 418.4 64.9237 31.7056 10.3659
73 1995 3 80.7907 649.71 2670.96 2385.02 184.208
83 1995 9 114.685 2200.09 487.252 82.8915 11.4454
73 1995 4 0 0 0 0 0
73 1995 5 0.711781 16.371 15.6592 1.89808 0
73 1995 6 1.48839 42.9978 26.0054 3.92769 2.48065
63 1995 1 9.96021 255.529 845.469 865.615 60.432
73 1995 7 66.2388 518.025 159.047 21.8368 15.8822
63 1995 2 62.3252 124.204 411.146 330.002 43.5427
73 1995 8 39.8935 447.72 97.8066 34.4737 11.9866
63 1995 3 253.619 595.893 2805.77 2109.8 205.594
73 1995 9 37.404 1957.37 601.618 235.6 64.3685
63 1995 4 0 0 0 0 0
63 1995 5 0.509412 17.7754 5.71875 9.14329 1.4931
63 1995 6 2.4758 24.6455 47.9031 1.50049 0.375122
53 1995 1 108.985 201.342 883.209 765.45 81.4338
63 1995 7 73.3639 520.575 160.371 20.9763 5.74416
53 1995 2 48.3778 95.504 461.589 341.179 24.5709
63 1995 8 55.3359 329.298 158.008 71.1502 18.0886
53 1995 3 149.97 664.754 2658.94 2341.33 148.309
63 1995 9 145.089 2112.71 556.619 75.654 6.28612
53 1995 4 0 0 0 0 0
7 1995 1 17.4751 261.444 875.786 802.566 83.1488
53 1995 5 0.732739 10.1784 15.3609 8.36801 0
7 1995 2 26.9551 132.76 455.124 333.762 22.6197
53 1995 6 0.128167 27.9643 40.6996 5.06081 3.04712
7 1995 3 161.938 746.968 2583.69 2188.19 289.892
29 1995 1 46.5525 244.022 806.868 855.392 87.5856
43 1995 1 80.566 180.884 871.811 785.767 109.47
53 1995 7 78.6518 527.489 142.851 23.8026 8.23575
7 1995 4 0 0 0 0 0
29 1995 2 54.0309 136.886 417.05 351.16 12.0933
43 1995 2 74.7098 100.069 535.054 217.014 44.3739
53 1995 8 60.7336 398.834 108.226 53.9493 10.1366
43 1995 3 158.555 969.884 2556.12 2067.41 197.781
7 1995 5 4.29587 24.8026 4.28307 1.25847 0
29 1995 3 70.5453 559.739 2717.4 2483.31 139.677
53 1995 9 63.407 1973.99 621.088 231.556 6.32284
43 1995 4 0 0 0 0 0
7 1995 6 0 18.8877 45.6774 11.5828 0.751998
29 1995 4 0 0 0 0 0
43 1995 5 4.77262 16.9448 9.21603 3.70655 0
7 1995 7 65.9211 539.84 157.128 15.5605 2.57998
29 1995 5 0.162749 23.0172 6.38033 5.07968 0
43 1995 6 0 43.4941 30.5641 1.93245 0.909387
7 1995 8 73.4953 370.344 118.057 62.3658 7.61837
19 1995 1 76.5337 201.77 848.801 812.129 96.43
29 1995 6 0.040304 24.3392 35.1155 8.83253 8.57254
43 1995 7 64.4534 496.936 192.075 21.7516 5.81347
19 1995 2 67.8691 154.187 417.518 307.586 24.0608
29 1995 7 86.231 518.585 139.095 31.8819 5.237
7 1995 9 128.847 2084.31 502.779 125.314 43.1941
43 1995 8 63.2217 385.021 85.5606 72.5882 15.1297
19 1995 3 221.79 614.774 2330.54 2635.49 168.085
29 1995 8 66.882 365.867 128.325 65.9626 4.84369
43 1995 9 149.033 2053.05 581.288 84.6747 20.1769
19 1995 4 0 0 0 0 0
29 1995 9 63.509 1988.1 634.561 193.94 16.2544
19 1995 5 1.46958 15.6909 9.92168 7.55782 0
19 1995 6 0 39.3044 37.5956 0 0
19 1995 7 58.8374 488.87 200.136 29.5697 3.61689
19 1995 8 53.9013 427.083 98.3795 47.3727 5.14389
19 1995 9 92.8065 2072.81 564.207 138.387 20.7822
96 1995 1 70.3238 219.436 767.38 908.782 74.4992
96 1995 2 50.3268 157.977 541.842 199.981 21.0934
96 1995 3 122.769 635.768 2634.88 2272.54 304.724
96 1995 4 0 0 0 0 0
96 1995 5 3.32517 21.3374 8.54526 1.43214 0
96 1995 6 1.50457 36.2767 0.668696 38.45 0
86 1995 1 85.5526 266.187 919.358 716.758 52.5638
96 1995 7 47.3138 509.397 194.423 26.4286 3.46823
86 1995 2 64.7354 175.287 403.827 296.565 30.8055
96 1995 8 63.4899 372.697 129.377 57.9162 8.39978
86 1995 3 269.842 863.061 2122.34 2553.81 161.629
96 1995 9 98.3043 1960.8 652.419 170.536 14.3048
86 1995 4 0 0 0 0 0
86 1995 5 1.76394 7.43127 13.5018 11.943 0
86 1995 6 7.7153 33.2501 21.2843 13.5412 1.10913
76 1995 1 32.6244 254.08 796.632 879.033 74.5722
86 1995 7 70.1222 504.392 164.898 36.1874 5.43009
76 1995 2 86.7407 122.943 374.694 382.501 4.34134
86 1995 8 36.4123 408.637 132.681 43.4001 3.93093
76 1995 3 106.13 822.255 2337.11 2519.34 185.84
86 1995 9 144.593 1797.42 712.306 212.454 29.5857
76 1995 4 0 0 0 0 0
76 1995 5 0 0 0 0 0
76 1995 6 1.03593 27.2956 35.0772 8.90421 4.58702
66 1995 1 53.4178 254.989 860.288 794.172 66.2003
76 1995 7 47.6627 522.866 180.756 22.5395 7.20546
66 1995 2 47.2723 109.299 449.839 298.963 65.8468
76 1995 8 36.7873 376.841 114.902 94.4517 8.89844
66 1995 3 268.079 618.963 2450.24 2411.65 214.129
76 1995 9 56.0057 1922.31 726.942 167.664 23.4333
66 1995 4 0 0 0 0 0
66 1995 5 0.0893935 10.1136 22.7153 1.72176 0
66 1995 6 1.59443 31.6873 29.7234 9.73348 4.16135
56 1995 1 59.6588 177.716 855.898 862.986 84.1606
66 1995 7 85.3665 526.421 148.114 18.3207 2.80708
56 1995 2 43.381 135.203 459.853 279.877 52.9052
66 1995 8 43.0508 383.055 134.176 57.834 13.7644
56 1995 3 93.0236 488.332 2891.98 2324.03 173.317
66 1995 9 194.072 1838.8 679.727 166.359 17.4062
56 1995 4 0 0 0 0 0
56 1995 5 0 8.33298 14.9311 10.2096 1.16633
56 1995 6 6.62009 30.7318 22.9687 12.9175 3.6619
46 1995 1 50.0973 287.551 805.151 824.669 71.3756
56 1995 7 84.351 540.507 122.208 33.829 0.135831
46 1995 2 32.941 118.062 436.303 294.991 88.9224
56 1995 8 79.7668 361.973 135.814 52.3319 1.99403
46 1995 3 72.1733 777.825 2651.71 2322.84 93.8842
56 1995 9 145.339 1785.53 773.257 181.585 10.6494
46 1995 4 0 0 0 0 0
46 1995 5 1.46958 25.5037 6.8969 0.769778 0
46 1995 6 0.998701 36.213 27.591 12.0974 0
46 1995 7 89.3531 513.365 146.672 27.449 2.67931
46 1995 8 57.3253 406.568 107.783 50.7015 9.50259
46 1995 9 100.516 1840.9 770.933 143.915 28.8303
89 1995 1 52.2638 219.182 733.136 917.528 116.639
89 1995 2 53.5383 96.853 474.311 303.126 43.3916
89 1995 3 290.05 639.311 2731.14 2178.23 124.667
89 1995 4 0 0 0 0 0
89 1995 5 0 1.40432 16.4774 15.3727 1.3856
89 1995 6 1.01341 39.8364 26.0217 5.9737 4.05473
79 1995 1 87.7283 225.445 841.939 811.078 72.5816
89 1995 7 99.0226 513.614 146.843 19.5985 1.95175
79 1995 2 58.0778 164.687 456.967 266.337 25.1519
89 1995 8 53.7612 369.333 137.651 63.3161 7.81792
79 1995 3 221.108 599.655 2252.13 2673.72 224.066
89 1995 9 35.4597 2049.85 580.165 156.339 34.8654
79 1995 4 0 0 0 0 0
79 1995 5 1.46168 28.9592 4.2191 0 0
79 1995 6 1.17704 21.7244 28.1912 15.9203 9.88714
69 1995 1 68.0685 231.854 828.043 845.774 66.6804
79 1995 7 60.2986 534.692 156.959 27.6906 1.3899
69 1995 2 45.7256 82.3158 502.342 313.001 27.836
79 1995 8 77.7011 419.598 93.6186 35.4647 2.53081
69 1995 3 190.214 410.828 2358.55 2820.84 190.257
79 1995 9 156.855 2062.4 550.279 119.76 7.0708
69 1995 4 0 0 0 0 0
69 1995 5 15.0972 12.5543 5.60703 1.38146 0
69 1995 6 1.03919 25.3654 45.8212 4.61259 0.0616186
59 1995 1 40.6165 255.471 832.224 819.402 92.7068
69 1995 7 75.6565 512.474 163.88 27.2112 1.80769
59 1995 2 42.1433 135.39 447.872 279.777 66.0382
69 1995 8 55.7971 412.734 120.675 37.6655 5.00866
59 1995 3 129.415 925.907 2453.09 2258.21 204.064
69 1995 9 184.339 1876.31 636.178 182.371 17.1644
59 1995 4 0 0 0 0 0
59 1995 5 1.99278 9.60791 12.5467 9.61789 0.874747
59 1995 6 4.98811 36.2323 35.2639 0.415676 0
49 1995 1 37.3479 220.494 721.034 997.14 61.311
59 1995 7 67.2735 508.791 174.335 27.4412 3.18956
49 1995 2 28.5076 87.5763 576.404 233.931 40.6327
59 1995 8 90.0828 321.592 143.998 68.5022 7.70549
49 1995 3 220.652 583.187 2529.46 2462.71 123.329
59 1995 9 36.1874 2064.1 545.819 164.517 85.737
49 1995 4 0 0 0 0 0
49 1995 5 0 2.09939 18.8945 13.6461 0
49 1995 6 0.519595 36.1906 29.5347 10.1563 0.498811
39 1995 1 30.0099 198.584 786.685 934.243 90.8985
49 1995 7 52.3467 484.703 171.332 60.5085 12.1401
39 1995 2 67.2654 117.467 501.48 230.435 54.572
49 1995 8 87.0683 370.135 122.145 50.8339 1.69742
39 1995 3 135.037 665.624 2795.06 2120.24 254.719
49 1995 9 97.2484 2034.17 549.462 191.936 6.60659
39 1995 4 0 0 0 0 0
39 1995 5 1.78294 2.57021 8.86178 17.7136 3.71143
39 1995 6 2.00609 26.9914 37.7769 8.61507 1.51054
39 1995 7 89.0227 505.976 148.112 33.7347 4.18472
39 1995 8 35.0243 380.487 151.882 54.2103 10.2762
39 1995 9 100.065 1958.17 676.483 122.409 39.235
99 1995 1 32.2106 199.398 841.562 886.733 80.5166
99 1995 2 62.1061 75.4476 491.976 324.693 16.997
99 1995 3 111.814 690.568 2497 2567.66 103.638
99 1995 4 0 0 0 0 0
99 1995 5 9.68199 6.20553 8.45513 10.2973 0
99 1995 6 3.6619 31.2544 22.0874 16.8753 3.02107
99 1995 7 69.0483 490.772 185.297 31.4251 4.48718
99 1995 8 39.393 383.932 119.709 76.2678 6.10813
99 1995 9 74.676 1966.85 711.778 122.618 12.9197
3 1995 1 119.575 216.62 886.452 734.341 75.5414
3 1995 2 79.1129 112.632 583.448 179.04 16.9861
3 1995 3 187.683 745.575 2356.77 2344.96 288.732
3 1995 4 0 0 0 0 0
3 1995 5 0 0 11.2434 19.3997 3.99692
3 1995 6 2.16939 34.3275 34.8205 4.04461 1.538
3 1995 7 65.4795 506.598 173.147 30.125 5.68043
3 1995 8 38.1412 374.76 134.924 78.3672 5.68847
3 1995 9 107.456 1750.16 760.216 249.402 29.1317
52 1995 1 50.5405 208.404 831.926 867.605 76.8977
52 1995 2 92.5721 121.165 412.222 283.646 61.6149
52 1995 3 184.544 552.946 2578.59 2439.89 214.71
52 1995 4 0 0 0 0 0
52 1995 5 3.21168 26.4049 4.81132 0.212082 0
52 1995 6 3.17734 40.0138 26.1478 6.77778 0.783362
42 1995 1 13.7656 238.643 856.823 838.744 92.4442
52 1995 7 68.7657 493.629 195.407 20.8962 2.3323
42 1995 2 24.1922 136.396 437.259 329.992 43.3817
52 1995 8 100.703 344.794 129.784 51.4619 5.13755
42 1995 3 240.109 573.727 2960.43 1953.65 242.765
52 1995 9 67.5486 1865.96 720.803 186.068 55.9789
42 1995 4 0 0 0 0 0
42 1995 5 4.90531 19.6213 10.1134 0 0
32 1995 1 63.6272 212.133 791.825 890.411 72.7684
42 1995 6 3.79753 47.2318 17.3262 1.55354 6.99091
32 1995 2 56.996 115.997 542.006 194.492 61.7283
42 1995 7 44.9553 550.231 169.278 15.1379 1.42702
32 1995 3 63.7185 642.809 2303.42 2766.35 194.388
42 1995 8 49.3617 376.491 128.333 68.7974 8.8966
32 1995 4 0 0 0 0 0
42 1995 9 96.3978 2044.93 609.319 140.082 5.63607
32 1995 5 7.68793 8.72776 17.011 1.21331 0
22 1995 1 57.2009 206.24 851.42 853.585 71.9744
32 1995 6 0 32.4673 34.6699 9.76278 0
22 1995 2 44.1952 108.615 475.744 308.14 34.5257
32 1995 7 68.5737 521.053 143.372 35.8 12.2321
22 1995 3 164.521 788.863 2926.25 1938.43 145.063
32 1995 8 133.115 334.393 110.318 43.2313 4.71857
22 1995 4 0 0 0 0 0
32 1995 9 58.4498 1945.04 656.273 197.744 38.8564
22 1995 5 1.73642 15.8755 12.805 3.55375 0.669372
12 1995 1 37.0967 241.635 795.463 906.733 59.4916
22 1995 6 0 30.76 19.5745 26.0162 0.549286
12 1995 2 8.51998 111.813 497.554 312.686 40.6471
22 1995 7 91.811 466.034 167.678 50.6771 4.82953
12 1995 3 153.859 643.229 2687.76 2255.42 230.414
22 1995 8 44.685 343.153 183.704 42.617 8.78006
12 1995 4 0 0 0 0 0
22 1995 9 269.22 1819.01 654.121 105.012 8.49258
12 1995 5 5.29222 12.2683 17.0794 0 0
12 1995 6 1.07495 30.76 40.972 4.09306 0
12 1995 7 75.1151 501.855 170.616 26.3999 7.04435
12 1995 8 43.6552 386.418 156.949 41.1333 3.72441
12 1995 9 63.9503 2048.89 615.534 157.483 10.5062
55 1995 1 78.0364 170.814 794.568 911.214 85.7878
55 1995 2 36.1861 131.321 419.762 352.285 31.6654
55 1995 3 64.8946 631.92 2667.76 2371.43 234.68
55 1995 4 0 0 0 0 0
55 1995 5 1.57455 6.82303 25.7176 0.524848 0
55 1995 6 0.680848 32.5022 30.4583 9.80033 3.45829
45 1995 1 48.8037 205.958 808.984 893.053 80.2259
55 1995 7 66.2946 561.664 123.584 21.7431 7.74444
45 1995 2 59.2706 69.0021 465.994 323.272 53.681
55 1995 8 98.245 326.613 117.043 74.8055 15.1736
45 1995 3 202.549 581.137 2371.32 2554.6 214.72
