2 2001 1 1019.68 1695.18 5030.33 688.351 95.3337
2 2001 2 159.329 332.292 1079.13 72.6161 20.6425
2 2001 3 1522.06 1702.9 4167.97 787.055 36.532
24 2001 1 979.782 1730.31 4849.04 837.213 58.5619
2 2001 4 0 0 0 0 0
24 2001 2 194.447 223.776 1083.18 89.8388 67.858
2 2001 5 1.52679 70.9274 62.0848 27.088 0.212947
24 2001 3 1858.35 1436.64 3921.26 849.232 42.6195
2 2001 6 895.136 3398.79 953.063 78.3443 1.98876
24 2001 4 0 0 0 0 0
2 2001 7 963.851 2529.09 280.461 2.71859 0
24 2001 5 14.3568 85.8351 53.1014 8.54676 0
2 2001 8 180.974 794.099 156.228 24.7424 0.616111
14 2001 1 1097.96 1822.28 4701.46 685.305 97.026
24 2001 6 1082.06 3035.67 1166.31 43.4729 9.92521
2 2001 9 1193.33 2855.75 403.379 49.8011 2.39086
14 2001 2 283.883 288.462 947.127 83.7976 29.9248
24 2001 7 1034.72 2421.17 307.642 14.42 0.889041
14 2001 3 1857.35 1576.43 3922.27 610.859 75.3497
24 2001 8 285.712 719.629 137.031 14.1116 0.176535
14 2001 4 0 0 0 0 0
24 2001 9 1607.66 2391.85 442.245 38.1197 1.99938
14 2001 5 40.46 14.9317 67.915 38.5333 0
14 2001 6 1061.2 3429.22 787.316 62.9891 5.6269
14 2001 7 1012.17 2469.25 289.341 8.0847 0
14 2001 8 211.919 692.926 221.586 29.6074 0.621712
14 2001 9 1711.38 2348.82 375.002 52.5183 9.01978
81 2001 1 999.405 1696.79 4882.44 832.277 75.1239
81 2001 2 187.619 317.909 956.883 97.433 92.3655
81 2001 3 1777.68 1703.71 3717.14 780.199 65.6116
81 2001 4 0 0 0 0 0
81 2001 5 3.14287 88.6683 53.6306 11.1384 5.2598
81 2001 6 845.976 3301.08 1166.78 29.052 3.47362
71 2001 1 1103.91 1538.86 4982.81 864.847 64.9656
81 2001 7 906.718 2528.96 324.028 18.3078 0.821273
71 2001 2 241.852 396.428 836.687 183.896 5.14699
81 2001 8 259.247 698.92 164.873 32.8641 0.755138
71 2001 3 1930.96 1530.42 3972.77 784.935 45.1725
81 2001 9 1324.6 2523.75 591.923 73.6117 3.23721
71 2001 4 0 0 0 0 0
71 2001 5 1.72906 88.6728 65.0425 6.39565 0
71 2001 6 1051.15 3157.28 1018.82 115.24 3.86302
61 2001 1 688.822 1984.76 4709.49 803.495 89.4127
71 2001 7 993.005 2421.09 338.882 24.4096 1.45527
61 2001 2 137.926 281.663 1030.1 102.92 29.6863
71 2001 8 228.724 717.863 174.055 33.6349 2.38365
61 2001 3 1359.9 1375.46 4051.78 721.923 86.6737
71 2001 9 1854.24 2108.47 465.304 84.1559 4.9511
61 2001 4 0 0 0 0 0
61 2001 5 11.2043 41.35 49.0182 43.4361 16.8314
61 2001 6 1189.54 3208.89 876.619 42.6789 2.04139
51 2001 1 635.873 1487.41 5076.66 1068.29 122.345
61 2001 7 998.094 2446.37 319.82 12.7551 1.7976
51 2001 2 163.559 355.477 916.408 158.098 34.6056
61 2001 8 186.817 812.053 144.939 11.5941 1.25638
51 2001 3 1368.9 1781.55 3842.73 766.65 20.215
61 2001 9 1618.63 2269.03 522.172 68.7304 2.94454
51 2001 4 0 0 0 0 0
5 2001 1 974.471 1540.47 4944.36 1003.26 92.8254
51 2001 5 18.9228 77.4397 43.3582 14.2374 7.88182
5 2001 2 169.269 286.382 1079.27 62.5039 66.5897
51 2001 6 1093.33 3268.74 937.627 46.1332 0.53109
5 2001 3 2184.88 1349.46 3750.14 898.676 66.5048
41 2001 1 905.572 1480.46 5198.25 837.139 57.2477
51 2001 7 962.534 2506.97 275.221 32.1248 1.99417
5 2001 4 0 0 0 0 0
41 2001 2 152.706 369.699 923.232 121.201 67.7221
51 2001 8 229.526 616.888 263.752 43.0427 3.45101
5 2001 5 44.0955 77.7927 28.3918 11.56 0
41 2001 3 1548.65 1601.78 4170.52 696.569 60.6174
51 2001 9 1449.18 2408.83 573.489 61.0304 0.818496
5 2001 6 1050.21 3225.05 1022.96 26.3143 6.0892
41 2001 4 0 0 0 0 0
5 2001 7 1035.7 2379.72 323.38 37.6594 2.38351
41 2001 5 12.4396 33.0535 54.4849 53.2368 8.62519
5 2001 8 309.603 641.191 191.033 14.833 0
17 2001 1 953.596 1688.57 4814.21 952.645 29.2808
31 2001 1 683.249 1641.43 5120.1 920.391 46.2125
41 2001 6 973.081 3306.28 1040.38 22.9086 0.697048
5 2001 9 1644.69 2208.52 569.24 73.5791 1.99028
17 2001 2 207.388 347.055 946.966 97.8918 47.1313
31 2001 2 138.964 364.821 934.581 163.083 32.7125
41 2001 7 903.134 2392.05 455.527 28.134 0
17 2001 3 1945.97 1129.39 3981.91 840.903 42.2506
31 2001 3 1598.83 1371.61 4199.9 724.345 35.0655
41 2001 8 276.491 721.317 142.024 16.828 0
17 2001 4 0 0 0 0 0
31 2001 4 0 0 0 0 0
41 2001 9 1625.43 2169.06 621.902 57.6042 3.55381
17 2001 5 0.709825 19.5202 112.005 29.6048 0
31 2001 5 18.1288 71.113 51.641 20.9571 0
17 2001 6 891.095 3295.27 1113.25 34.0337 0.233942
31 2001 6 1036.52 3282.12 970.919 18.2147 1.82262
17 2001 7 902.822 2554.73 294.731 24.5843 1.9702
31 2001 7 917.893 2417.86 424.546 7.85773 0
17 2001 8 281.502 721.934 134.161 19.063 0
31 2001 8 220.394 691.194 210.066 27.2683 0
17 2001 9 1157.14 2730.93 578.472 44.4947 0.384639
31 2001 9 1369.93 2460.75 548.229 70.1379 3.13391
74 2001 1 758.648 2103.71 4511.83 942.935 110.46
74 2001 2 250.051 339.285 884.968 98.6082 51.7914
74 2001 3 1561.37 1432.82 4144.31 765.74 25.8768
74 2001 4 0 0 0 0 0
74 2001 5 15.1026 70.8918 71.161 4.68462 0
74 2001 6 1069.12 3103.24 1099.12 57.6286 11.359
64 2001 1 778.439 1746.74 5036.12 789.669 55.6316
74 2001 7 1032.53 2415.39 306.037 21.2668 3.61093
64 2001 2 216.415 443.986 781.077 138.451 46.118
74 2001 8 270.224 639.962 226.061 19.1512 1.26175
64 2001 3 1804.44 1438.37 3868.72 697.249 62.6807
74 2001 9 1245.07 2677.34 534.794 54.7135 5.20708
64 2001 4 0 0 0 0 0
64 2001 5 19.8015 75.807 58.3445 7.88694 0
64 2001 6 1251.66 3125.27 887.864 48.3403 0.772651
54 2001 1 986.95 1579.81 4764.49 888.107 110.683
64 2001 7 1017.61 2387.89 362.104 10.6928 0.542346
54 2001 2 147.026 183.984 1123.64 80.9005 36.0148
64 2001 8 191.899 798.596 153.187 11.8108 1.16834
54 2001 3 1468.56 1493.31 4041.83 726.605 47.2642
64 2001 9 1647.17 2330.43 478.965 29.6863 5.53469
54 2001 4 0 0 0 0 0
8 2001 1 1005.88 1585.64 4819.66 878.887 117.518
54 2001 5 6.86684 103.623 31.3891 15.4678 4.49286
8 2001 2 165.869 372.237 955.844 143.546 20.6547
54 2001 6 1093.69 3316.12 867.767 66.3368 2.44337
44 2001 1 1139.73 1416.06 4961.55 950.974 64.1376
8 2001 3 1862.01 1223.59 3915.28 856.178 28.7139
54 2001 7 1079.55 2425.58 256.26 14.7205 2.73273
44 2001 2 180.457 270.611 965.641 205.508 41.7923
8 2001 4 0 0 0 0 0
54 2001 8 269.638 649.287 197.514 39.1739 1.04633
44 2001 3 1856.67 1345.38 4170.3 743.473 45.0625
8 2001 5 32.2004 92.6893 21.7345 12.552 2.66377
54 2001 9 1446.14 2463.65 536.028 63.8734 4.85595
44 2001 4 0 0 0 0 0
8 2001 6 904.335 2954.47 1434.32 40.0721 9.41996
44 2001 5 2.12209 52.1838 54.8645 50.062 2.60765
8 2001 7 865.017 2585.08 283.127 43.2881 2.32595
44 2001 6 974.696 3232.97 1059.19 38.0187 29.4779
8 2001 8 272.74 695.544 168.114 20.262 0
34 2001 1 778.986 1811.58 4701.73 897.989 119.545
44 2001 7 839.616 2595.55 320.567 14.888 4.10967
8 2001 9 1373.15 2357.06 712.565 64.4277 6.82461
34 2001 2 121.512 330.105 955.552 166.607 15.3819
44 2001 8 196.279 733.445 173.142 53.5638 0.229934
34 2001 3 1715.65 1320.42 3879.42 836.077 59.2869
44 2001 9 1446.78 2399.92 547.158 97.6654 3.31612
34 2001 4 0 0 0 0 0
34 2001 5 33.6312 67.1123 44.436 14.7145 1.94602
34 2001 6 937.412 3331.09 1005.41 64.3609 4.5415
34 2001 7 1044.84 2398.96 288.872 35.1738 8.54941
34 2001 8 303.92 635.991 164.097 50.8096 1.84198
34 2001 9 1630.19 2237.06 513.695 85.058 5.65804
91 2001 1 1093.65 1241.75 5074.22 1008.97 51.1086
77 2001 1 745.638 1773.46 4979.4 879.619 88.2382
91 2001 2 210.119 403.717 850.161 135.997 57.7607
77 2001 2 254.206 377.867 768.806 201.183 48.3641
91 2001 3 1876.52 1467.86 4010.71 710.19 36.0414
77 2001 3 1901.54 1269.8 4023.3 756.08 30.8286
91 2001 4 0 0 0 0 0
77 2001 4 0 0 0 0 0
91 2001 5 4.30064 93.1048 31.8442 25.5538 7.03652
77 2001 5 9.29225 98.9654 40.7647 12.5135 0.304211
91 2001 6 1001.52 3300.98 978.617 51.1079 14.1345
77 2001 6 1008.82 3379.84 872.983 57.0073 21.6866
67 2001 1 981.601 1596.43 5012.61 793.798 73.9857
91 2001 7 946.053 2446.04 341.192 38.8049 6.75396
77 2001 7 980.845 2423.4 346.438 22.5978 3.47273
67 2001 2 180.16 426.604 858.2 161.734 30.9617
91 2001 8 266.546 716.726 127.692 45.6958 0
77 2001 8 194.557 755.21 175.188 30.0848 1.62011
67 2001 3 1950.53 1518.71 3917.96 695.836 32.4164
91 2001 9 1572.95 2386.84 473.583 54.1845 0.147042
77 2001 9 1520.42 2391.13 492.99 90.6208 2.31042
67 2001 4 0 0 0 0 0
67 2001 5 17.1168 97.5796 34.9613 9.91886 2.2635
67 2001 6 887.702 3238.73 1112.19 77.9623 4.1372
57 2001 1 983.395 1904.67 4679.72 823.353 70.3999
67 2001 7 1017.33 2391.42 321.486 40.7308 7.87675
57 2001 2 248.539 398.942 859.161 145.054 7.57206
67 2001 8 181.349 801.194 139.387 34.4946 0.235221
57 2001 3 1727.11 1535.31 3812.94 999.635 30.4606
67 2001 9 1639.82 2237.18 566.667 46.4176 6.13933
57 2001 4 0 0 0 0 0
57 2001 5 25.9298 97.7178 28.6077 9.33184 0.252875
57 2001 6 950.148 3293.57 1033.53 66.9763 2.13094
47 2001 1 841.087 1561.73 5176.28 879.772 36.4519
57 2001 7 802.442 2674.37 270.813 27.7703 3.44241
47 2001 2 293.091 314.238 837.177 171 8.08426
57 2001 8 219.979 793.628 121.252 21.8015 0
47 2001 3 1534.46 1534.47 4292.89 702.12 25.6421
57 2001 9 1531.42 2251.13 612.51 110.027 9.18234
47 2001 4 0 0 0 0 0
47 2001 5 5.00688 108.993 32.3466 9.71305 5.78
47 2001 6 932.021 3319.83 1001.57 64.7045 0.948303
37 2001 1 869.119 1603.04 4991.25 892.914 99.8594
47 2001 7 907.898 2447.84 345.704 67.2368 10.1656
37 2001 2 178.771 234.165 1022.11 165.165 51.1959
47 2001 8 234.021 740.955 156.313 24.6591 0.711894
37 2001 3 2005.15 1336.93 3794.58 793.574 30.0917
47 2001 9 1237.67 2518.3 625.742 67.2683 0.400774
37 2001 4 0 0 0 0 0
37 2001 5 10.115 82.1072 36.0424 18.476 15.0994
27 2001 1 933.386 1871.24 4872.72 733.181 92.632
37 2001 6 987.298 3335.39 982.247 25.4047 0
27 2001 2 110.69 344.748 956.938 115.877 116.556
37 2001 7 845.902 2529.98 360.506 41.5305 0.925642
27 2001 3 1941.28 1396.81 3899.34 816.489 48.4603
37 2001 8 230.464 750.881 165.133 10.183 0
27 2001 4 0 0 0 0 0
37 2001 9 1392.68 2531.4 528.658 39.88 2.03604
27 2001 5 10.7665 66.1507 58.4339 15.4205 11.0684
27 2001 6 1022.18 3286.02 992.117 40.9683 5.07993
27 2001 7 945.758 2440.85 342.507 45.3257 4.39784
27 2001 8 236.754 687.36 188.551 42.6048 1.38993
27 2001 9 1511.39 2534.64 414.881 50.6384 2.25082
94 2001 1 695.365 1321.84 5322.32 1017.65 56.9978
94 2001 2 122.45 425.594 849.861 185.829 42.022
94 2001 3 1432.45 1600.63 4091.63 739.794 83.0675
94 2001 4 0 0 0 0 0
94 2001 5 17.9822 59.2578 47.257 37.343 0
94 2001 6 925.077 3486.92 864.236 49.2937 9.87085
84 2001 1 759.745 1571.08 5123.85 870.928 74.5366
94 2001 7 1062.03 2437.78 234.734 35.9743 1.80979
84 2001 2 154.653 394.402 876.984 125.018 52.9398
94 2001 8 240.159 720.564 174.781 20.0145 1.14085
84 2001 3 1757.32 1382.76 4043.91 751.823 20.1292
94 2001 9 1455.74 2418.64 570.299 56.1452 1.13686
84 2001 4 0 0 0 0 0
84 2001 5 1.03043 60.9059 65.9516 32.314 1.63806
84 2001 6 1172.85 3279.54 787.512 64.858 5.18813
84 2001 7 925.531 2561.81 253.469 24.0526 6.70372
84 2001 8 233.762 705.072 169.869 34.2204 0.630126
84 2001 9 1147.61 2735.16 535.91 50.2818 2.87017
97 2001 1 768.007 1508.22 5010.68 1018.35 56.7986
97 2001 2 124.944 387.227 818.697 176.926 68.0177
97 2001 3 1843.16 1256.08 3891.7 862.743 47.074
97 2001 4 0 0 0 0 0
97 2001 5 3.70883 95.4574 34.4325 26.2494 1.99193
97 2001 6 928.365 3330.84 1006.91 73.9425 1.02839
87 2001 1 707.645 1418.85 5268.78 904.584 58.1418
97 2001 7 967.251 2473.45 289.374 43.2446 5.52058
87 2001 2 181.727 344.287 877.911 184.216 42.3667
97 2001 8 224.228 673.927 221.054 37.4519 0
87 2001 3 1665.3 1322.51 4152.9 691.243 27.8519
97 2001 9 1271.81 2397.1 731.884 72.6126 3.13195
87 2001 4 0 0 0 0 0
87 2001 5 8.90813 77.747 59.9318 13.8931 1.36
87 2001 6 916.809 3380.14 1001.45 44.7243 0.543993
87 2001 7 1007.46 2423.47 315.569 28.1673 0
87 2001 8 193.398 710.43 218.212 34.5122 0.107267
87 2001 9 1498.91 2480.42 444.695 32.0137 0.35979
40 2001 1 819.267 1579.96 5037.52 973.67 58.4773
40 2001 2 162.243 321.271 903.447 199.228 28.4647
40 2001 3 1752.23 1697.18 3831.46 684.867 50.1633
40 2001 4 0 0 0 0 0
40 2001 5 7.39473 87.1404 35.5181 2.88679 28.9
30 2001 1 1065.98 1473.72 4902.91 985.994 77.9691
40 2001 6 925.635 3285.34 1064.72 44.643 4.69647
30 2001 2 291.023 310.785 829.568 189.897 27.9459
40 2001 7 1026.65 2444.5 289.461 11.4894 2.08141
30 2001 3 1873.25 1468.37 4009.75 846.334 12.7839
40 2001 8 258.194 679.326 188.09 30.2124 0.837562
30 2001 4 0 0 0 0 0
40 2001 9 1447.67 2398.3 560.756 76.2118 6.72847
30 2001 5 3.66269 108.202 23.7405 16.7492 3.01196
20 2001 1 906.049 1737.45 4685.19 1010.04 88.2818
30 2001 6 934.314 3343.03 1004.82 61.708 2.4881
20 2001 2 205.321 369.301 888.71 129.716 45.0632
30 2001 7 1076.01 2387.35 285.484 28.1444 1.84476
20 2001 3 1586.8 1616.12 3820.66 818.688 67.5116
30 2001 8 227.58 684.475 207.122 37.2818 0.201579
20 2001 4 0 0 0 0 0
30 2001 9 1150.07 2647.31 614.763 91.8356 4.38272
20 2001 5 10.9858 76.3769 57.3536 17.0862 0.037463
10 2001 1 757.297 1804.93 4865.59 911.197 80.6377
20 2001 6 1007.41 3377.05 875.158 73.4767 4.05442
10 2001 2 132.939 370.083 992.02 98.8319 46.6164
20 2001 7 1124.45 2297.19 306.624 33.3644 14.9534
10 2001 3 1480.71 1442.48 4285.1 698.629 64.0056
20 2001 8 279.072 640.977 201.391 31.5593 3.65968
10 2001 4 0 0 0 0 0
20 2001 9 1520.52 2411.12 446.423 55.1234 6.43492
10 2001 5 1.33614 48.2415 76.2545 36.0078 0
10 2001 6 988.102 3437.74 825.443 63.1941 0.522616
10 2001 7 1015.28 2455.04 280.871 23.3552 4.29044
10 2001 8 267.458 736.471 125.998 26.7326 0
10 2001 9 1319.1 2533.5 579.001 38.7231 1.48296
43 2001 1 970.31 1552.46 5007.06 874.633 76.3371
43 2001 2 188.409 348.038 1016.37 78.9116 15.246
43 2001 3 1705.26 1588.33 3741.64 921.409 64.8687
43 2001 4 0 0 0 0 0
43 2001 5 3.16643 62.1621 49.9099 46.6015 0
43 2001 6 940.796 3346.41 1000.01 45.7164 2.5407
33 2001 1 940.708 1747.54 4844.64 894.563 82.7624
43 2001 7 992.104 2362.28 388.611 27.3951 6.18281
33 2001 2 314.013 243.359 848.219 161.406 90.0504
43 2001 8 239.63 684.03 187.213 30.9115 1.63163
33 2001 3 1594.31 1605.27 4036.05 864.26 68.7929
43 2001 9 1479.8 2314.42 627.419 43.3773 0.675208
1 2001 1 938.917 1916.56 4554.21 903.389 119.693
33 2001 4 0 0 0 0 0
1 2001 2 259.721 292.965 779.895 220.133 92.5295
33 2001 5 5.4861 108.808 37.4725 9.8285 0.245212
1 2001 3 1572.19 1482.05 4283.93 743.77 34.1158
23 2001 1 919.171 1641.95 5052.24 808.563 94.4657
33 2001 6 863.49 3302.72 1138.57 32.7191 8.85518
1 2001 4 0 0 0 0 0
23 2001 2 234.457 383.097 856.74 144.098 20.7818
33 2001 7 905.516 2526.41 306.47 33.6569 6.78915
1 2001 5 16.0347 88.492 34.372 21.1999 1.74141
23 2001 3 2059.11 1353.67 3932.4 762.378 55.6243
33 2001 8 255.627 680.023 187.802 31.9595 1.24831
1 2001 6 965.068 3209.42 1058.05 93.6615 17.0218
23 2001 4 0 0 0 0 0
33 2001 9 1759.05 2128.89 565.8 57.3972 5.99038
1 2001 7 1047.34 2404.52 286.777 34.9529 5.25257
23 2001 5 10.5967 84.6096 54.4194 12.0286 0.185703
1 2001 8 295.825 615.309 190.5 53.2629 1.76338
13 2001 1 988.353 1601.96 5014.17 880.169 61.4177
23 2001 6 921.291 3092.8 1255.1 68.7566 8.40389
1 2001 9 1405.73 2437.3 559.582 71.9148 1.40207
13 2001 2 214.044 380.137 958.396 64.8163 46.6177
23 2001 7 1013.61 2480.6 272.467 11.1365 1.01934
13 2001 3 2089.88 1480.42 3961.32 706.929 25.7063
23 2001 8 256.437 684.292 204.957 9.9125 1.0615
13 2001 4 0 0 0 0 0
23 2001 9 1568.84 2399.11 520.194 27.1071 1.87026
13 2001 5 7.40887 66.1329 67.2732 12.2587 8.76633
13 2001 6 991.131 3313.11 991.865 47.9887 2.26285
13 2001 7 834.2 2509.39 414.317 15.337 5.59545
13 2001 8 232.584 687.815 195.024 40.6189 0.618129
13 2001 9 1351.68 2391.64 722.749 47.8373 3.21637
90 2001 1 839.642 1603.56 4866.16 1034.73 69.0411
90 2001 2 251.832 365.598 794.47 127.433 106.05
90 2001 3 1851.01 1775.4 3568.71 788.162 47.5488
90 2001 4 0 0 0 0 0
90 2001 5 14.2719 85.112 38.9778 21.8041 1.67421
90 2001 6 961.366 3230.59 1033.4 88.0284 13.0517
80 2001 1 1060.84 1772.6 4619.39 925.009 116.023
90 2001 7 1039.27 2434.85 271.46 28.4571 4.79943
80 2001 2 170.069 300.256 956.87 126.502 97.5623
90 2001 8 178.718 827.859 109.945 39.143 0.995238
80 2001 3 2083.99 1423.18 3892.6 689.294 64.2462
90 2001 9 1144.5 2478.94 789.201 74.7325 0.755802
80 2001 4 0 0 0 0 0
80 2001 5 0.181232 72.3055 48.1062 33.612 7.63509
80 2001 6 1139.41 3068.28 1055.69 63.8383 3.48748
70 2001 1 906.338 1464.81 5093.14 924.997 47.0829
80 2001 7 883.019 2545.64 311.306 14.88 23.9926
70 2001 2 185.863 340.344 990.689 90.741 20.9688
80 2001 8 269.531 693.568 170.686 22.4145 0.460591
70 2001 3 1918.52 1453.37 3793.49 779.431 19.6345
80 2001 9 1592.58 2371.54 507.398 33.0841 3.44463
70 2001 4 0 0 0 0 0
70 2001 5 15.1725 86.1745 44.3403 12.6946 3.45812
70 2001 6 809.14 3354.16 1136.24 42.2483 1.30718
60 2001 1 823.289 1707.85 4847.38 883.152 44.8513
70 2001 7 950.487 2439.11 335.171 46.0706 5.39015
60 2001 2 195.081 355.236 960.367 83.1063 45.383
70 2001 8 271.647 671.831 197.744 15.4385 0
60 2001 3 1593.04 1442.1 3872.41 774.43 80.7573
70 2001 9 1177.08 2675.53 618.869 36.1745 0.587616
60 2001 4 0 0 0 0 0
60 2001 5 3.14689 98.073 47.3097 7.9157 5.39467
60 2001 6 1145.01 3145.9 986.323 57.2419 6.97729
50 2001 1 771.47 1709.29 4872.65 1021.08 57.0213
36 2001 1 1078.67 1754.06 4843.29 799.519 77.8695
60 2001 7 853.889 2631.89 241.027 50.4314 1.60084
50 2001 2 274.742 256.842 953.644 91.0107 59.327
36 2001 2 190.306 439.037 919.97 58.4587 56.2385
60 2001 8 236.513 735.387 140.045 41.0605 0.117906
50 2001 3 1414.52 1433.7 4453.25 713.807 71.7842
36 2001 3 2276.25 1196.54 4001.83 725.951 41.0836
60 2001 9 1481.01 2455.31 478.525 45.4219 2.91916
50 2001 4 0 0 0 0 0
4 2001 1 885.748 1822.29 4625.98 897.875 114.545
36 2001 4 0 0 0 0 0
50 2001 5 39.728 41.2142 67.314 13.5839 0
4 2001 2 163.239 273.856 1013.03 168.496 11.5677
36 2001 5 10.2089 76.5037 40.8663 30.4532 3.808
50 2001 6 963.641 3377.74 928.57 61.9341 3.4112
4 2001 3 1656.93 1195.66 4301.13 711.77 42.0274
26 2001 1 821.703 1427.39 5243.59 836.543 70.3512
36 2001 6 1037.96 3066.5 1148.15 65.7363 15.2995
50 2001 7 881.216 2520.76 364.229 11.6132 1.02346
4 2001 4 0 0 0 0 0
26 2001 2 122.646 315.313 1006.72 138.749 26.0286
36 2001 7 1057.83 2322.17 365.897 27.2627 5.67251
50 2001 8 259.833 703.055 142.065 51.3411 0.36678
4 2001 5 13.1803 101.07 40.5048 7.08531 0
26 2001 3 1774.98 1758.92 3603.74 830.037 46.4781
36 2001 8 250.094 694.51 184.11 17.8476 0.618314
50 2001 9 1449.68 2392.17 569.248 47.9159 6.55916
4 2001 6 997.388 3149.03 1097.78 59.8425 2.54942
26 2001 4 0 0 0 0 0
36 2001 9 1424.15 2354.79 635.313 91.4444 3.75032
4 2001 7 965.325 2328.96 421.559 54.0166 8.97684
26 2001 5 22.9761 82.3444 39.0489 16.5485 0.922165
4 2001 8 230.121 680.863 227.523 17.1077 1.0454
16 2001 1 986.665 1761.44 4771.43 803.569 73.6186
26 2001 6 947.556 3326.84 1000.08 50.2185 1.70992
4 2001 9 1377.98 2198.65 717.642 105.229 5.28307
16 2001 2 208.75 313.206 871.164 199.229 29.9109
26 2001 7 901.297 2566.1 293.96 16.9567 0.528854
16 2001 3 1605.93 1562.67 3948.62 795.718 45.3871
26 2001 8 238.103 668.831 224.272 25.3054 0.148786
16 2001 4 0 0 0 0 0
26 2001 9 1565.86 2366.62 499.971 44.3774 1.19998
16 2001 5 6.57258 69.4222 67.4368 18.1362 0.272229
16 2001 6 932.113 3393.26 964.872 44.235 5.58165
16 2001 7 975.503 2395.39 368.003 35.9806 3.96545
16 2001 8 184.659 703.609 211.395 54.3669 2.62996
16 2001 9 1359.08 2459.71 554.84 81.8449 1.16637
93 2001 1 737.184 1582.06 5123.24 835.773 62.068
93 2001 2 236.104 317.109 1015.38 32.784 49.0456
93 2001 3 1501.44 1320.3 4114.51 802.95 54.2367
93 2001 4 0 0 0 0 0
93 2001 5 2.20834 98.8195 46.0954 12.512 2.20472
93 2001 6 898.717 3106.15 1228.99 86.2141 8.0464
83 2001 1 948.105 1290.37 5300.9 843.384 103.376
93 2001 7 901.856 2517.93 299.731 46.0152 7.25071
83 2001 2 204.879 346.829 952.489 89.9675 69.8456
93 2001 8 208.453 762.77 160.411 23.5158 1.51066
83 2001 3 1832.4 1306.24 4190.1 779.566 28.3999
93 2001 9 1607.09 2308.63 506.091 36.7374 0.455447
83 2001 4 0 0 0 0 0
83 2001 5 3.65807 62.329 37.9726 43.1948 14.6855
83 2001 6 1139 3056.64 1094.32 33.3415 2.56174
73 2001 1 926.364 1537.74 4877.81 950.183 71.6139
83 2001 7 958.796 2442.77 339.747 25.8677 4.32979
73 2001 2 183.141 392.768 843.783 187.637 20.8963
83 2001 8 255.049 672.239 196.6 24.5361 0.25759
73 2001 3 1617.79 1433.78 4104.99 735.95 58.9401
83 2001 9 1413.57 2351.41 645.246 69.8161 2.48076
73 2001 4 0 0 0 0 0
73 2001 5 8.8599 84.7111 63.0128 5.25622 0
73 2001 6 860.116 3178.64 1207.21 76.6591 6.77597
63 2001 1 1007.84 1627.89 5012.75 739.498 111.805
73 2001 7 1022.24 2394.23 332.919 27.1282 2.32082
63 2001 2 272.466 363.303 859.293 147.203 21.7448
73 2001 8 245.495 697.023 193.043 21.0986 0
63 2001 3 1872.51 1294.49 4088.8 858.153 69.9909
73 2001 9 1604.26 2241.78 566.148 75.8989 8.55392
63 2001 4 0 0 0 0 0
63 2001 5 11.1084 84.2196 26.7913 23.8425 15.8782
63 2001 6 1007.12 3339.8 948.728 48.3189 0
53 2001 1 1006.27 1800.42 4683.76 918.07 47.4334
39 2001 1 840.861 1665.97 5098.24 812.3 52.6474
63 2001 7 933.545 2554.12 279.574 11.6021 0
53 2001 2 203.125 278.809 945.344 170.447 44.8596
39 2001 2 164.625 334.224 1073.17 49.7346 14.1747
63 2001 8 257.283 666.511 207.132 25.6577 0.0765797
53 2001 3 1534.38 1290.81 4330.65 783.306 81.7996
39 2001 3 1627.76 1600.53 3923.36 749.974 102.646
63 2001 9 1427.52 2458.64 555.421 56.148 3.56425
53 2001 4 0 0 0 0 0
7 2001 1 724.139 1447.64 5036.38 986.479 55.4846
39 2001 4 0 0 0 0 0
53 2001 5 9.75216 96.4964 41.8243 13.7672 0
7 2001 2 165.217 280.855 1019.91 92.5277 31.5419
39 2001 5 11.7953 61.5842 51.3342 31.5114 5.61486
53 2001 6 949.682 3441.07 855.522 70.7717 6.28104
7 2001 3 1277.83 1646.22 3935.56 807.835 25.9562
29 2001 1 1072.97 1673.34 4728 892.434 66.7448
39 2001 6 979.35 3151.1 1098.19 91.5468 7.40209
53 2001 7 1032.78 2366.56 346.242 27.8659 2.86085
7 2001 4 0 0 0 0 0
29 2001 2 196.007 314.481 889.004 173.367 31.7222
39 2001 7 844.016 2587.73 293.848 47.8917 5.35492
53 2001 8 287.196 562.728 272.605 25.5076 1.61312
7 2001 5 7.25522 73.7755 59.1945 18.0062 3.60847
29 2001 3 1828.04 1383.6 3923.09 799.651 25.4192
39 2001 8 251.079 717.59 163.223 23.5488 1.21995
53 2001 9 1599.82 2417.05 380.947 56.9848 4.16164
7 2001 6 896.402 3417.88 990.238 40.5645 1.27747
29 2001 4 0 0 0 0 0
39 2001 9 1308.06 2589.13 531.057 25.7461 2.93997
7 2001 7 1118.31 2329.89 282.53 39.0442 9.06217
29 2001 5 23.9575 91.8852 36.5803 9.09965 0.317333
7 2001 8 223.749 727.512 187.563 17.8357 0
19 2001 1 940.77 1682.17 5039.45 787.829 46.99
29 2001 6 995.636 3310.42 982.845 44.107 2.25319
7 2001 9 1364.29 2381.48 692.83 25.3686 2.26666
19 2001 2 201.133 461.453 760.084 207.355 26.3164
29 2001 7 882.666 2560.35 290.403 40.9877 4.43279
19 2001 3 1941.67 1435.82 4055.78 654.125 56.9518
29 2001 8 276.892 713.986 117.876 44.3457 3.55994
19 2001 4 0 0 0 0 0
29 2001 9 1359.54 2621.07 454.333 57.2602 1.6995
19 2001 5 19.6378 90.85 44.3483 7.00395 0
19 2001 6 872.086 3302.83 1114.99 39.8233 0.405642
19 2001 7 1060.5 2363.81 326.861 24.3726 3.30065
19 2001 8 208.065 692.363 242.8 13.4326 0
19 2001 9 1356.55 2697.85 434.416 20.1382 0.973589
96 2001 1 849.887 1890.42 4779.31 778.666 106.594
96 2001 2 143.035 363.477 872.352 152.861 94.3229
96 2001 3 1753.49 1372.38 3961.7 808.64 29.0233
96 2001 4 0 0 0 0 0
96 2001 5 17.5355 73.4951 57.815 12.9943 0
96 2001 6 1011.24 3197.58 1040.01 80.6661 7.17604
86 2001 1 1045.98 1650.06 4907.99 854.706 94.6603
96 2001 7 1106.58 2271.43 344.556 38.6846 15.5346
86 2001 2 311.067 450.421 660.763 152.733 89.0259
96 2001 8 324.223 698.476 111.852 21.0179 1.0917
86 2001 3 2126.24 1472.77 3854.76 777.509 32.9726
96 2001 9 1880.77 2078.73 483.001 49.9181 0.840684
86 2001 4 0 0 0 0 0
86 2001 5 44.6899 62.9889 35.8579 11.0783 7.225
86 2001 6 984.57 3118.62 1193.58 48.2892 1.30238
76 2001 1 812.673 1707.78 4890.58 865.601 92.0115
86 2001 7 818.341 2545.67 389.395 18.8717 6.562
76 2001 2 57.4751 379.564 1015.37 94.2222 79.0419
86 2001 8 202.637 740.253 167.708 44.6604 1.40077
76 2001 3 1685.25 1460.72 3907.1 772.213 70.4442
86 2001 9 1522.11 2393.77 541.485 58.2481 1.50339
76 2001 4 0 0 0 0 0
76 2001 5 1.54512 113.59 40.8137 4.05614 1.83492
76 2001 6 1075.13 3304.16 910.579 39.7968 11.6357
66 2001 1 835.778 1474.16 5224.38 790.584 78.9288
76 2001 7 908.31 2499.74 352.164 18.0771 0.546351
66 2001 2 157.881 405.663 950.639 90.2884 19.6484
76 2001 8 201.912 782.663 150.53 21.5549 0
66 2001 3 1468.45 1538.54 3864.14 1011.23 78.0098
76 2001 9 1507.08 2411.89 538.333 33.6969 0.604432
66 2001 4 0 0 0 0 0
66 2001 5 3.80666 64.1452 63.5824 30.3057 0
66 2001 6 779.624 3388.88 1051.88 96.7431 2.74766
56 2001 1 972.354 1521.03 5096.45 827.691 64.0715
66 2001 7 991.902 2446.97 318.102 17.541 4.32185
56 2001 2 271.342 367.951 837.666 115.536 71.5152
66 2001 8 286.334 651.254 173.686 43.512 1.87484
56 2001 3 1611.55 1695.99 3956.5 840.769 43.0755
66 2001 9 1393.44 2438.5 566.856 42.4175 1.05768
56 2001 4 0 0 0 0 0
56 2001 5 0.177846 91.7686 56.712 13.1815 0
56 2001 6 1093.28 3501.42 690.423 45.5997 10.2712
46 2001 1 951.813 1619.65 5010.92 795.748 67.6231
56 2001 7 964.448 2482.28 313.668 8.85089 2.21272
46 2001 2 147.679 315.735 971.133 144.402 44.803
56 2001 8 265.873 693.277 169.866 27.6447 0
46 2001 3 1752.13 1483.6 3976.27 875.77 30.354
56 2001 9 1488.19 2478.56 482.964 36.0969 2.46403
46 2001 4 0 0 0 0 0
46 2001 5 7.11385 56.2102 55.6554 28.4195 1.99188
46 2001 6 1120.29 3249.74 911.233 46.5809 18.5204
46 2001 7 924.704 2542.71 272.003 31.6662 2.9174
46 2001 8 305.346 636.046 192.647 21.0105 1.6105
46 2001 9 1496.08 2601.05 393.578 17.0707 0.294189
89 2001 1 874.114 1926.01 4757.28 812.258 77.0292
89 2001 2 176.136 432.528 905.068 97.7014 29.4657
89 2001 3 1679.05 1466.76 3985.09 875.226 33.8412
89 2001 4 0 0 0 0 0
89 2001 5 0.724652 103.212 55.1083 2.79526 0
89 2001 6 815.797 3286.89 1175.68 67.2087 0.78948
79 2001 1 974.787 1705.48 4909.11 823.315 57.7053
89 2001 7 865.624 2639.21 242.458 24.4955 7.0491
79 2001 2 138.65 290.368 1009.7 138.487 53.3011
89 2001 8 219.425 623.476 260.325 52.087 1.34748
79 2001 3 1804.95 1302.92 4249.79 683.381 42.0149
89 2001 9 1521.45 2498.83 468.257 22.5494 0.533411
79 2001 4 0 0 0 0 0
79 2001 5 18.1367 98.4543 33.3042 6.72419 5.22065
79 2001 6 1047.34 3186.03 1033.76 57.0116 5.15787
69 2001 1 916.829 1902.36 4588.84 943.152 73.082
79 2001 7 902.981 2483.56 371.413 19.8413 1.04545
69 2001 2 175.078 370.646 962.622 105.4 38.2056
79 2001 8 273.804 664.603 189.577 28.0957 0.579779
69 2001 3 1752.67 1509.35 3906.74 702.571 64.0024
79 2001 9 1568.66 2310.16 533.443 49.3777 2.10687
69 2001 4 0 0 0 0 0
69 2001 5 20.3133 58.3367 49.779 32.1655 1.24552
69 2001 6 1087.47 3242 938.946 52.9964 8.20443
59 2001 1 988.605 1783.84 4673.1 913.537 64.656
69 2001 7 925.491 2460.59 363.05 23.438 6.27039
59 2001 2 232.597 277.927 942.445 145.21 29.5443
69 2001 8 192.849 743.841 183.106 34.656 2.20819
59 2001 3 1895.51 1283.88 4081.54 702.268 74.6075
69 2001 9 1329.8 2512.98 549.272 97.2481 11.7008
59 2001 4 0 0 0 0 0
59 2001 5 20.1412 66.2989 55.6658 11.3406 8.39354
59 2001 6 984.898 3174.9 1110.88 60.6361 4.90668
49 2001 1 794.436 1586.19 5082.92 884.463 86.7314
59 2001 7 943.744 2470.54 324.713 34.7806 5.06417
49 2001 2 215.97 306.828 963.322 117.337 10.1291
59 2001 8 284.796 708.732 138.416 22.6927 2.0239
49 2001 3 1800.97 1536.41 3903.79 778.065 45.3187
59 2001 9 1417.41 2533.72 494.373 62.5453 1.77336
49 2001 4 0 0 0 0 0
49 2001 5 12.6264 47.5263 66.4826 23.5037 11.701
49 2001 6 1126.17 3235.85 907.971 55.5569 10.1089
49 2001 7 923.877 2475.77 340.858 25.6079 12.7263
49 2001 8 263.065 710.104 156.788 26.2928 0.410018
49 2001 9 1319.41 2369.9 716.557 72.3566 10.4255
99 2001 1 1101.73 1785.56 4715.05 781.247 97.5583
99 2001 2 175.004 479.435 824.237 168.31 17.0229
99 2001 3 1914.37 1421.49 3739.68 901.832 71.9638
99 2001 4 0 0 0 0 0
99 2001 5 15.537 83.0143 26.695 17.2518 19.3419
99 2001 6 820.589 3414.4 967.857 53.9667 22.8364
99 2001 7 1144.04 2245.9 373.574 10.3006 2.80925
99 2001 8 220.389 773.502 121.402 41.0821 0.285567
99 2001 9 1504.48 2246.61 606.313 77.007 5.41728
3 2001 1 898.847 1861.14 4744.89 939.081 79.3371
3 2001 2 185.713 348.827 952.647 107.969 68.8541
3 2001 3 1830.71 1423.44 4090.13 809.187 70.8941
3 2001 4 0 0 0 0 0
3 2001 5 8.77768 101.066 22.6308 26.7264 2.6387
3 2001 6 1023.96 3196.61 1046.77 56.0266 1.095
3 2001 7 976.267 2473.23 293.534 28.9132 6.89579
3 2001 8 237.634 650.181 228.877 39.3067 0.660757
3 2001 9 1601.99 2357.31 440.65 76.899 1.46492
62 2001 1 804.257 1950.97 4739.94 797.426 91.8441
62 2001 2 150.661 440.102 882.15 102.585 19.5899
62 2001 3 1675.63 1328.81 4022.61 809.356 43.0664
62 2001 4 0 0 0 0 0
62 2001 5 0 34.3764 76.7203 46.2478 4.49556
62 2001 6 1087.47 3365.66 819.132 64.4221 4.11356
52 2001 1 829.424 1675.64 4908.39 892.191 51.2921
62 2001 7 1112.78 2306.83 322.17 34.493 2.57018
52 2001 2 157.381 394.518 911.003 71.6559 83.7736
62 2001 8 260.53 748.058 127.739 18.6452 1.68816
52 2001 3 1695.08 1446.94 3995.32 728.587 50.7089
62 2001 9 1371.91 2428.75 629.803 71.8527 1.62765
52 2001 4 0 0 0 0 0
6 2001 1 962.682 1563.41 5053.63 790.587 90.6388
52 2001 5 12.3165 85.0024 24.2658 12.1092 28.1461
6 2001 2 168.912 410.416 885.925 108.87 49.8591
52 2001 6 964.726 3243.96 1001.04 93.6138 2.51931
6 2001 3 1992.98 1369.4 3963.27 732.219 48.368
42 2001 1 904.68 1481.39 5034.8 896.815 74.416
52 2001 7 1058.09 2360.46 330.701 26.7343 2.86218
6 2001 4 0 0 0 0 0
42 2001 2 172.767 468.371 791.825 167.994 51.1667
52 2001 8 272.451 679.885 173.002 30.4865 0.835888
6 2001 5 6.31927 85.2461 34.258 9.91339 26.1032
42 2001 3 1627.67 1311.35 4052.32 895.871 36.3794
52 2001 9 1381.45 2465.38 503.25 86.7651 0
6 2001 6 908.957 3342.25 1053.05 32.7793 2.71494
42 2001 4 0 0 0 0 0
6 2001 7 957.293 2506.45 279.952 29.6348 5.50957
42 2001 5 24.6613 32.2892 58.3085 38.4889 8.092
6 2001 8 204.937 757.096 161.505 27.3083 5.81418
32 2001 1 775.86 1684.21 4887.12 977.945 88.0243
42 2001 6 760.841 3434.64 1025.3 92.4933 8.77042
6 2001 9 1286.29 2597.84 582.057 33.6728 2.97371
32 2001 2 194.4 416.117 875.812 146.575 5.81645
42 2001 7 1016.29 2372.33 341.41 38.8546 4.85992
32 2001 3 1532.91 1237.27 4423.97 749.036 87.0752
42 2001 8 275.902 663.659 173.244 41.6017 2.25274
32 2001 4 0 0 0 0 0
42 2001 9 1591.05 2323.06 491.629 55.2985 2.87638
32 2001 5 6.88666 72.586 59.8398 22.3695 0.158047
22 2001 1 1044.17 1539.9 5080.51 746.424 92.6581
32 2001 6 960.951 3199.17 1113.12 50.1954 2.43859
22 2001 2 187.959 301.601 907.838 197.868 33.9568
32 2001 7 945.026 2518.98 275.014 26.9273 12.895
22 2001 3 1696.97 1562.23 4136.04 627.757 66.539
32 2001 8 224.912 747.362 143.412 39.4759 1.49811
22 2001 4 0 0 0 0 0
32 2001 9 1505.28 2566.76 359.904 69.692 2.29179
22 2001 5 12.3832 105.154 20.6773 21.9593 1.666
12 2001 1 900.888 1621.54 5062.61 768.781 105.995
22 2001 6 1024.35 3394.06 853.283 60.4398 11.0694
12 2001 2 160.55 313.518 1010.92 99.8558 41.9107
22 2001 7 962.909 2446.4 349.079 20.3556 0.093994
12 2001 3 1634.7 1402.06 4310.61 678.417 46.8666
22 2001 8 294.992 635.199 198.45 27.877 0.141852
12 2001 4 0 0 0 0 0
22 2001 9 1476.65 2408.89 501.854 89.3801 2.85578
12 2001 5 13.8179 61.2441 66.2531 19.7505 0.774354
12 2001 6 936.77 3259.17 1058.14 50.0051 5.82955
12 2001 7 929.981 2401.06 418.893 27.3577 1.55163
12 2001 8 280.632 667.227 188.52 19.9437 0.337167
12 2001 9 1318.45 2552.6 535.875 59.5042 2.17942
55 2001 1 918.578 1754.4 4728.16 1004.79 50.8197
55 2001 2 160.129 387.754 863.201 153.82 52.3967
55 2001 3 1642.81 1428.96 4031.45 856.927 30.6913
55 2001 4 0 0 0 0 0
55 2001 5 28.2578 97.6178 9.20021 26.7642 0
55 2001 6 970.097 3057.13 1234.04 53.7409 0.177126
45 2001 1 1017.67 1892.41 4747.06 750.199 50.8961
55 2001 7 945.291 2508.78 292.681 21.9915 0.713536
45 2001 2 223.493 295.423 959.606 128.436 35.5363
55 2001 8 201.756 670.824 231.892 45.8189 1.31876
45 2001 3 1771.12 1239.68 4005.63 1018.91 50.5309
55 2001 9 1538.7 2410.41 371.942 93.2896 6.46685
45 2001 4 0 0 0 0 0
45 2001 5 14.9391 60.7121 43.0132 33.8387 9.33692
45 2001 6 847.306 3448.43 960.057 79.2438 2.41334
35 2001 1 721.975 1670.78 5101.66 899.202 55.8319
45 2001 7 895.635 2534.32 302.42 44.0893 2.37491
35 2001 2 240.691 297.707 984.69 83.8401 20.2401
45 2001 8 200.094 750.487 180.204 25.8755 0
35 2001 3 1738.97 1568.53 3831.24 828.165 37.0541
45 2001 9 1235.59 2548.57 657.282 62.6612 2.45809
35 2001 4 0 0 0 0 0
35 2001 5 15.8359 61.5278 37.1977 34.8294 12.4492
25 2001 1 807.324 1764.9 5060.1 768.289 74.6307
35 2001 6 917.507 3350.78 998.109 72.2527 7.71447
25 2001 2 189.896 326.549 957.395 81.6808 71.783
35 2001 7 983.347 2478.23 313.928 2.8329 0.499924
25 2001 3 1576.54 1732.86 3996.28 701.786 50.1729
35 2001 8 239.961 655.061 236.906 24.0152 0.71686
25 2001 4 0 0 0 0 0
35 2001 9 1308.52 2597.43 548.672 27.6745 1.65541
25 2001 5 11.56 144.5 5.78 0 0
15 2001 1 679.223 1849.43 4858.93 987.872 40.637
25 2001 6 900.694 3272.22 1058.82 62.4203 6.82568
15 2001 2 192.357 411.856 844.541 55.303 95.9525
25 2001 7 944.672 2509.9 298.265 21.7973 4.20454
15 2001 3 1600.83 1512.39 3857.98 936.902 54.0584
25 2001 8 207.636 740.211 189.818 18.7748 0.220148
15 2001 4 0 0 0 0 0
25 2001 9 1347.46 2625.62 425.786 35.5661 1.45304
15 2001 5 14.0623 97.603 30.0779 14.3168 5.78
15 2001 6 954.785 2960.58 1315.93 106.205 2.68838
15 2001 7 871.743 2570.23 319.929 16.9348 0
15 2001 8 283.932 705.867 134.766 31.6656 0.429729
15 2001 9 1678.43 2354.71 435.044 40.3316 0.144509
92 2001 1 819.057 1598.96 4941.89 1025.45 90.13
92 2001 2 195.547 299.279 1015.43 125.021 16.0292
92 2001 3 1622.8 1522.18 4107.94 771.144 17.0209
92 2001 4 0 0 0 0 0
92 2001 5 11.3579 85.292 51.0014 6.65926 7.52945
92 2001 6 908.041 3298.84 1049.68 71.6761 2.72222
82 2001 1 845.884 1698.9 4808.93 1040.06 77.8212
92 2001 7 1039.85 2336.56 351.14 45.5709 0
82 2001 2 183.933 420.801 899.094 130.38 12.9931
92 2001 8 305.962 624.847 177.072 43.7965 0.428591
82 2001 3 1778.37 1384.62 4130.23 751.428 57.0401
92 2001 9 1465.32 2396.97 595.518 41.1191 0.28179
82 2001 4 0 0 0 0 0
82 2001 5 18.088 69.1962 59.1881 13.4544 1.91333
82 2001 6 958.568 3237.47 1064.87 62.9898 16.3256
72 2001 1 812.029 1823.85 4790.22 846.228 63.0651
58 2001 1 1023.7 1588.98 4891.16 942.138 107.45
82 2001 7 854.337 2509.02 373.788 38.0399 3.65913
72 2001 2 178.666 446.067 856.63 88.3631 45.1364
58 2001 2 240.589 360.578 945.108 72.1333 45.6016
82 2001 8 209.647 741.507 160.488 43.5223 1.49617
72 2001 3 1482.89 1399.23 4020.59 862.568 31.0503
58 2001 3 2303.88 1348.83 3703.23 883.483 20.367
82 2001 9 1568.53 2331.81 558.873 51.6451 0.998226
72 2001 4 0 0 0 0 0
58 2001 4 0 0 0 0 0
72 2001 5 11.4801 95.8093 44.097 5.54943 4.90424
58 2001 5 25.6303 104.429 22.3553 7.08743 2.33818
72 2001 6 941.289 3447.9 887.557 55.2164 3.60024
58 2001 6 959.884 3372.83 906.654 86.5083 3.66259
48 2001 1 889.208 1770.08 4794.98 898.015 64.1207
72 2001 7 1070.85 2376.07 310.545 18.123 3.24543
58 2001 7 996.071 2416.94 319.827 44.248 1.74997
48 2001 2 149.301 336.026 961.418 91.7523 55.915
72 2001 8 191.49 762.667 157.428 35.5964 0.782702
58 2001 8 202.881 734.85 168.61 43.8618 6.45776
48 2001 3 1707.91 1174.69 4364.55 692.634 72.0121
72 2001 9 1572.43 2348.15 510.369 39.3812 4.01305
58 2001 9 1249.22 2405.04 795.337 64.7747 2.7528
48 2001 4 0 0 0 0 0
48 2001 5 17.7611 57.1378 59.6608 26.2294 1.05091
48 2001 6 889.692 3193.02 1191.5 53.3062 5.8599
38 2001 1 838.156 1814.87 4886.33 841.724 64.0998
48 2001 7 1104.48 2347.81 314.386 12.1703 0
38 2001 2 175.759 286.249 949.166 139.525 65.7673
48 2001 8 241.568 670.075 195.464 47.263 2.29064
38 2001 3 2130.09 1437.92 3601.59 754.064 49.013
48 2001 9 1591.95 2322.69 515.085 71.5287 2.04826
38 2001 4 0 0 0 0 0
38 2001 5 3.39524 75.0028 67.0495 16.3924 0
28 2001 1 844.226 1598.77 5011.95 966.327 78.0441
38 2001 6 1104.41 3238.23 917.379 63.8814 8.29791
28 2001 2 195.612 500.756 799.792 112.738 33.5724
38 2001 7 1082.94 2344.17 304.623 32.4611 14.645
28 2001 3 1900.75 1315.46 4066.29 674.403 68.2712
38 2001 8 254.861 771.304 104.617 25.2658 0.611989
28 2001 4 0 0 0 0 0
38 2001 9 1699.06 2194.89 553.35 47.2675 4.78106
28 2001 5 32.7195 57.1114 41.1023 26.6849 4.22191
18 2001 1 1018.31 1731.97 4789.2 776.809 57.4507
28 2001 6 996.571 3155.62 1080.14 100.411 5.04001
18 2001 2 233.406 372.263 897.193 105.044 23.6043
28 2001 7 1193.79 2305.24 263.711 9.13716 6.95643
18 2001 3 1685.34 956.481 4282.92 907.019 36.0861
28 2001 8 220.935 665.46 233.747 21.5815 0.294584
18 2001 4 0 0 0 0 0
28 2001 9 1307.93 2735 424.321 38.2739 0.567763
18 2001 5 29.9181 73.3918 28.5093 24.8831 5.13778
18 2001 6 1038.58 3090.25 1112.1 69.1908 2.16805
18 2001 7 1021.46 2408.48 316.401 23.962 6.1382
18 2001 8 219.182 767.752 136.955 21.7234 0.238454
18 2001 9 1606.17 2252.44 534.306 45.5317 2.02462
95 2001 1 924.466 1744.56 4839.79 888.878 90.4237
95 2001 2 270.032 230.136 972.264 97.9541 27.8533
95 2001 3 1704.04 1330.22 4200.49 789.956 71.2562
95 2001 4 0 0 0 0 0
95 2001 5 10.5896 97.5306 28.9678 22.848 1.904
95 2001 6 876.935 3283.62 1107.45 50.6716 1.18683
85 2001 1 966.187 1756.94 4672.53 912.425 92.2441
95 2001 7 970.721 2430.28 339.13 37.2537 1.45591
85 2001 2 194.61 328.864 926.038 138.617 56.3046
95 2001 8 208.009 759.569 163.921 24.2818 0.879201
85 2001 3 1634.96 1709.59 3728.19 843.603 55.1969
95 2001 9 1470.49 2458.29 506.707 50.7069 0.628398
85 2001 4 0 0 0 0 0
85 2001 5 10.317 101.445 43.5095 0.0952 6.4736
85 2001 6 956.417 3242.27 1062.94 66.6289 5.94671
75 2001 1 970.548 1432.74 5215.84 776.361 87.723
85 2001 7 1038.13 2468.89 257.513 12.8997 1.41211
75 2001 2 235.337 383.566 871.095 103.692 47.7566
85 2001 8 266.391 643.763 173.448 72.1934 0.863985
75 2001 3 1921.72 1584.64 3806.39 731.142 58.4009
85 2001 9 1462.74 2347.54 582.653 97.9355 3.8899
75 2001 4 0 0 0 0 0
75 2001 5 30.1138 71.3519 37.0782 19.3012 3.99489
75 2001 6 1350.23 2927.49 970.094 38.8031 37.1676
65 2001 1 1043.73 1866.05 4456.48 1037.32 92.8031
75 2001 7 913.504 2459.27 357.32 42.1188 6.62567
65 2001 2 140.661 514.808 729.665 110.748 76.0489
75 2001 8 302.362 649.044 184.81 20.1231 0.320404
65 2001 3 1531.12 1266.69 4319.2 843.247 43.9023
75 2001 9 1443.18 2281.01 658.231 91.1982 5.32741
65 2001 4 0 0 0 0 0
65 2001 5 50.8325 74.4284 31.3347 5.07335 0.171078
65 2001 6 1086.29 3225.17 935.973 83.4047 5.57834
65 2001 7 940.958 2536.58 239.69 38.8324 15.8645
65 2001 8 233.996 773.841 127.484 21.1778 0.161545
65 2001 9 1657.05 2176.57 510.299 83.5553 4.77123
9 2001 1 851.896 1679.7 4952.66 953.468 79.8735
9 2001 2 177.459 288.089 1049.61 95.4743 29.6046
9 2001 3 1687.87 1500.13 4050.46 799.501 81.2161
9 2001 4 0 0 0 0 0
9 2001 5 35.0752 80.7126 30.1022 14.7828 1.16712
9 2001 6 833.671 3162.79 1224.19 86.4715 9.47568
9 2001 7 1065.23 2283.09 379.674 42.9876 7.86367
9 2001 8 287.418 710.893 133.303 17.817 0.219064
9 2001 9 1600.77 2361.97 481.382 59.8893 5.33104
98 2001 1 870.341 1465.05 4959.26 1027.96 58.6678
98 2001 2 111.948 418.251 984.121 85.6128 34.7817
98 2001 3 1587 1136.96 4204.58 777.815 51.7423
98 2001 4 0 0 0 0 0
98 2001 5 19.7199 100.84 16.3816 7.46954 17.4289
98 2001 6 925.636 3196.55 1163.77 31.5752 3.20372
88 2001 1 1031.99 1729.9 4665.19 937.984 111.247
98 2001 7 937.705 2411.61 349.736 62.5148 6.25337
88 2001 2 203.533 350.141 906.511 156.147 34.779
98 2001 8 267.081 652.314 193.006 34.884 0.230919
88 2001 3 1887.14 1218.29 4188.55 740.312 62.4526
98 2001 9 1460.43 2412.33 497.304 56.6964 2.10147
88 2001 4 0 0 0 0 0
88 2001 5 12.5876 90.2322 47.4602 2.56889 8.99111
88 2001 6 974.408 3278.92 1032.63 58.9709 1.42784
78 2001 1 936.2 1556.98 4997.66 801.659 112.694
88 2001 7 1169.82 2303.28 282.852 21.1531 1.73601
78 2001 2 152.945 362.554 964.694 124.694 27.2455
88 2001 8 229.698 688.47 203.863 27.1434 0
78 2001 3 1434.66 1428.26 4142.58 929.722 26.9126
88 2001 9 1423.65 2337.22 671.676 54.989 3.37397
78 2001 4 0 0 0 0 0
78 2001 5 19.1546 74.0432 39.4828 21.7656 7.39382
78 2001 6 807.609 3126 1320.9 39.6874 2.24901
68 2001 1 1120.88 1576.3 4786.64 996.81 58.4835
78 2001 7 1041.86 2377.35 342.342 11.9197 0.83462
68 2001 2 168.55 358.45 989.967 122.866 24.1766
78 2001 8 266.629 676.129 181.1 24.0079 1.00503
68 2001 3 2072.78 1428.64 3860.01 769.951 50.8611
78 2001 9 1322.42 2558.96 489.178 53.4567 7.57559
68 2001 4 0 0 0 0 0
68 2001 5 22.4778 34.3657 41.4427 61.6087 1.94519
68 2001 6 1092.07 3299.51 882.37 56.9722 12.6292
68 2001 7 1020.42 2400.04 331.086 17.491 7.37866
68 2001 8 237.364 711.44 173.22 33.5476 1.08777
100 2001 1 849.515 1697.02 4802.32 1018.77 69.973
68 2001 9 1495.86 2330.43 603.368 86.8792 0.585931
100 2001 2 207.686 403.492 899.74 93.4785 25.9292
100 2001 3 1779.04 1324.83 4083.23 676.736 20.6626
100 2001 4 0 0 0 0 0
100 2001 5 9.86466 72.6746 43.8745 21.8917 13.5346
100 2001 6 1141.1 3037.01 1033.05 110.951 3.74921
100 2001 7 1099.74 2420.55 233.08 12.2356 0.421275
100 2001 8 302.002 622.301 189.241 41.2213 1.89411
100 2001 9 1714.02 2184.01 547.323 15.1509 0.735208
21 2001 1 927.729 1649.63 4858.62 894.362 111.446
21 2001 2 210.833 376.235 888.304 103.529 37.9513
21 2001 3 1563.26 1584.71 3870.54 907.915 85.0189
21 2001 4 0 0 0 0 0
21 2001 5 0.865455 60.3524 28.0802 61.4393 11.1027
11 2001 1 1083.18 1710.2 4724.72 943.838 61.7608
21 2001 6 843.13 3140.75 1215.54 55.7925 5.26178
11 2001 2 158.906 360.916 913.461 153.215 77.5111
21 2001 7 828.831 2573.76 355.836 17.096 0.87715
11 2001 3 1794.64 1596.72 3836.46 907.977 44.0764
21 2001 8 235.16 714.031 172.423 34.5879 0.458787
11 2001 4 0 0 0 0 0
21 2001 9 1347.58 2425.79 567.213 69.8792 3.86624
11 2001 5 36.8326 71.2676 38.5868 15.153 0
11 2001 6 820.249 3130.43 1309.34 71.4092 2.55401
11 2001 7 873.527 2571.11 308.852 21.7753 3.57647
11 2001 8 186.305 651.347 275.597 42.2376 1.17313
11 2001 9 1199.05 2649.98 548.364 104.808 6.36756
