21 1993 1 66.3822 587.278 1677.87 644.599 40.9417
21 1993 2 517.414 769.833 1809.86 345.057 60.9763
21 1993 3 667.58 1736.38 4212.15 1979.49 272.992
21 1993 4 0 0 0 0 0
21 1993 5 0 13.5854 75.7671 56.9749 10.7726
11 1993 1 94.8048 521.852 1725.27 581.677 93.4716
21 1993 6 571.449 3571.53 2942.85 71.6664 0
11 1993 2 270.177 607.771 1979.66 605.499 38.0203
21 1993 7 151.032 1921.33 392.233 103.485 17.2934
11 1993 3 645.722 1564.73 4434.18 2122.64 101.324
21 1993 8 111.821 4466.92 1473.55 394.015 53.5124
11 1993 4 0 0 0 0 0
21 1993 9 693.08 3077.7 847.011 105.075 11.9479
11 1993 5 1.19015 62.1689 55.8049 31.6878 6.2483
11 1993 6 624.493 3983.13 2275.19 223.001 6.669
11 1993 7 121.946 1834.81 557.304 64.6971 6.61285
11 1993 8 280.106 3927.56 1606.27 594.357 91.5209
11 1993 9 648.05 2838.15 1192.75 79.3606 4.64239
2 1993 1 88.881 743.494 1568.92 570.12 45.6601
2 1993 2 614.711 768.901 1512.37 487.851 86.9592
2 1993 3 951.723 2743.51 3364.32 1802.61 6.4207
2 1993 4 0 17.1411 12.0289 0 0
2 1993 5 0 61.5627 48.5117 43.5441 3.48144
2 1993 6 335.919 3426.15 3103.57 244.15 0
2 1993 7 108.173 1914.7 478.188 75.3581 8.95259
2 1993 8 100.044 4137.63 1798.73 431.901 31.5153
14 1993 1 80.9925 601.825 1656.58 592.922 81.3795
2 1993 9 533.479 3011.14 950.731 248.119 7.4891
14 1993 2 272.732 925.912 1774.1 492.681 54.5109
14 1993 3 1160.72 2483.23 3297.35 1667.71 158.805
14 1993 4 0 0 0 0 0
14 1993 5 5.41724 17.0181 102.743 25.7914 6.13073
14 1993 6 640.334 4224.33 2128.81 105.569 25.6254
14 1993 7 128.885 1766.56 479.136 139.851 70.94
14 1993 8 287.837 4664.73 950.108 562.508 34.6367
14 1993 9 381.225 3142.79 975.949 168.299 18.9804
71 1993 1 106.506 688.378 1672 496.081 51.0528
71 1993 2 277.802 910.023 1819.21 456.085 54.9143
71 1993 3 836.047 2436.63 3375.77 1936.75 283.388
71 1993 4 0 0 0 0 0
71 1993 5 0 0 46.3819 92.0157 18.7024
71 1993 6 341.641 4550.36 2044.93 192.537 28.0291
61 1993 1 123.117 631.084 1604.76 597.546 54.4489
71 1993 7 130.257 1924.66 483.284 44.6848 2.48036
61 1993 2 271.199 714.804 2022.74 454.451 53.0975
71 1993 8 264.301 4618.33 1077.55 474.693 64.9482
61 1993 3 517.649 1961.43 4512.79 1613.23 263.486
71 1993 9 500.869 3056.62 1060.77 133.582 4.22569
61 1993 4 0 18.8989 9.44944 0 0.82169
61 1993 5 0 45.3528 64.8155 34.9487 11.983
61 1993 6 659.622 3797.36 2450.77 248.5 1.2523
51 1993 1 68.5698 687.207 1614.76 538.806 107.731
61 1993 7 99.3775 1726.13 566.839 180.928 12.0937
51 1993 2 361.247 928.212 1802.25 350.664 31.5174
61 1993 8 628.604 4001.4 1346.25 489.897 33.6683
51 1993 3 321.766 2561 4006.2 1767.4 212.23
61 1993 9 521.249 3175.41 835.674 211.425 10.8863
51 1993 4 0 22.2613 6.90868 0 0
5 1993 1 158.682 643.222 1506.14 635.962 61.7029
51 1993 5 0 5.60338 42.7701 96.651 12.0756
5 1993 2 382.714 918.918 1786.52 324.056 98.0968
51 1993 6 1078.49 2650.85 2892.41 395.118 140.636
5 1993 3 1325.63 2059.6 3621.33 1737.33 62.9735
41 1993 1 84.0383 714.535 1576.12 595.875 38.8877
51 1993 7 128.502 1869.75 433.074 113.897 40.149
5 1993 4 0 0 0 0 0
41 1993 2 360.78 789.458 1810.17 514.799 53.8228
51 1993 8 547.82 3865.47 1642.91 407.905 35.717
5 1993 5 0 107.227 26.2794 22.9253 0.668511
41 1993 3 943.192 1952.93 4029.86 1795.17 147.448
51 1993 9 500.89 3145.96 878.986 126.614 7.06674
5 1993 6 557.424 3231.9 3034.61 93.6539 0
41 1993 4 0 21.5302 7.63976 0 0
5 1993 7 119.341 1946.44 390.443 125.639 3.50235
41 1993 5 0.170761 68.3618 65.7317 20.9147 1.92106
5 1993 8 206.137 3890.58 1684.81 660.94 57.355
17 1993 1 100.864 489.255 1796.28 589.218 36.9902
31 1993 1 58.6552 718.815 1592.8 588.878 57.9264
41 1993 6 763.65 3522.24 2512.58 334.315 24.7062
5 1993 9 511.16 3082.04 1008.14 169.638 4.01794
17 1993 2 313.894 796.545 1918.54 455.875 44.1723
31 1993 2 338.831 719.732 1894.56 550.373 6.51514
41 1993 7 104.189 1958.15 454.447 65.5832 2.99884
17 1993 3 730.792 2512.98 3896.49 1595.3 58.7177
31 1993 3 976.641 2511.64 3422.57 1911.84 45.9011
41 1993 8 729.319 4565.05 961.291 202.817 41.3374
17 1993 4 0 19.4467 9.72333 0 0
31 1993 4 0 0 0 0 0
41 1993 9 667.554 2930.28 989.474 123.594 18.8962
17 1993 5 0 66.1089 75.2842 15.2765 0.430411
31 1993 5 0 86.3981 61.8738 7.93294 0.895157
17 1993 6 741.409 3568.87 2732.85 114.368 0
31 1993 6 616.73 4106.02 2366.27 65.6259 2.8533
17 1993 7 136.468 1716.88 613.416 99.9565 18.648
31 1993 7 79.8834 1834.33 554.347 116.467 0.348198
17 1993 8 142.987 4073.7 1766.37 368.585 34.9412
31 1993 8 231.57 3777.4 2127.73 340.957 22.1604
17 1993 9 573.174 3350.99 670.151 154.29 12.9124
31 1993 9 537.103 3087.33 874.199 247.82 4.25688
74 1993 1 83.4448 638.197 1611.92 605.376 75.2137
74 1993 2 480.669 858.265 1751.69 390.306 48.0997
74 1993 3 1050.44 1986.69 3960.81 1658.83 211.819
74 1993 4 0 0 0 0 0
74 1993 5 0 37.9605 60.4505 50.768 7.92101
74 1993 6 683.824 3584.3 2685.58 195.196 8.60276
64 1993 1 93.2065 681.866 1600.81 582.172 50.1259
74 1993 7 141.707 1848.13 429.385 159.429 6.71609
64 1993 2 179.452 788.194 2009.5 461.773 90.1088
74 1993 8 232.768 4581.46 1266.61 371.185 47.8005
64 1993 3 806.615 2043.02 3419.51 2574.08 25.3574
74 1993 9 438.219 3191.21 971.414 130.117 17.2026
64 1993 4 0 0 0 0 0
64 1993 5 0 77.5232 53.9209 22.8049 2.851
64 1993 6 915.37 3014.28 3035.7 0 0
54 1993 1 90.1698 609.16 1716.33 552.827 48.5851
64 1993 7 75.3451 1922.38 483.021 104.629 0
54 1993 2 658.235 749.852 1617.11 466.899 36.9306
64 1993 8 295.016 4392.95 1345.52 444.027 22.308
54 1993 3 758.879 2553.75 3649.48 1723.19 109.178
64 1993 9 581.313 2662.79 1294.18 141.665 6.47891
54 1993 4 0 0 0 0 0
8 1993 1 49.9028 672.725 1669.51 560.308 58.9247
54 1993 5 0.27449 70.2095 77.9643 8.65177 0
8 1993 2 369.459 593.128 2081.49 456.88 28.0768
54 1993 6 443.605 3534.62 2919.33 155.664 56.8808
44 1993 1 125.036 528.389 1782.89 531.187 46.45
8 1993 3 1069.99 2353.63 3801.41 1457.31 110.451
54 1993 7 91.8221 1816.45 580.187 94.5528 2.3627
44 1993 2 304.161 860.848 1909.49 431.915 22.6119
8 1993 4 0 19.658 9.51196 0 0
54 1993 8 609.287 3316.95 1719.94 795.927 57.7223
44 1993 3 1058.59 2153.48 3662.72 1852.25 55.8587
8 1993 5 0 75.92 49.3868 28.6946 3.09862
54 1993 9 662.207 3047.31 801.154 194.006 4.89723
44 1993 4 0 19.2898 9.88016 0 0
8 1993 6 488.921 3863.64 2461.04 163.212 65.7028
44 1993 5 1.48819 30.5136 91.7618 33.3364 0
8 1993 7 79.3615 1864.83 576.575 53.3645 11.2346
44 1993 6 783.263 3502.31 2864.82 7.10472 0
8 1993 8 383.189 3993.44 1610.86 487.528 24.8071
34 1993 1 88.6948 632.381 1798.5 443.679 53.8162
44 1993 7 177.928 1819.75 435.947 151.742 0
8 1993 9 583.426 3261.67 813.394 59.3799 4.0619
34 1993 2 394.44 728.1 2027.69 356.264 22.5338
44 1993 8 235.802 4543.71 1328.02 364.98 27.3112
34 1993 3 645.886 2111.25 4023.28 1871.03 217.136
44 1993 9 627.056 3193.81 728.946 190.711 8.54735
34 1993 4 0 0 0 0 0
34 1993 5 0 66.7321 53.3432 35.0291 1.99559
24 1993 1 82.7771 770.391 1553.28 556.514 44.2249
34 1993 6 581.191 3945.26 2362.92 229.659 38.4658
24 1993 2 266.378 574.882 2171.71 398.802 50.4186
34 1993 7 138.115 1885.14 536.494 25.6258 0
24 1993 3 610.597 2005.08 4032.96 1998.42 221.539
34 1993 8 757.823 3497.18 1622.81 570.278 51.7282
24 1993 4 0 21.9675 6.1221 0 1.08037
34 1993 9 575.464 3089.62 913.205 94.2638 11.9127
24 1993 5 0 112.962 32.1681 11.9695 0
24 1993 6 642.213 3133.73 3178.16 198.05 5.34461
24 1993 7 222.476 1813.65 472.112 57.5643 19.5659
24 1993 8 376.251 4112.93 1471.98 490.183 48.4832
24 1993 9 457.84 3337.38 848.235 119.332 4.73811
91 1993 1 103.561 693.788 1554.12 583.58 78.7416
91 1993 2 553.081 642.709 1816.31 440.459 46.9853
91 1993 3 749.812 2210.71 3999.64 1864.45 43.9751
91 1993 4 0 0 0 0 0
91 1993 5 0 89.3748 48.4204 17.8274 1.47743
91 1993 6 608.741 4117.61 2168.19 159.226 0
81 1993 1 100.428 711.624 1647.1 493.855 59.4098
67 1993 1 143.975 659.547 1692.71 452.687 66.5463
91 1993 7 137.338 1854.23 473.85 105.692 14.2613
81 1993 2 237.908 824.316 1968.89 467.263 30.6505
67 1993 2 439.349 766.615 1800.19 422.151 54.7391
91 1993 8 102.689 3837.72 1986.97 509.552 62.8906
81 1993 3 437.311 2249.01 3541.74 2313.04 327.478
67 1993 3 740.863 2556.12 3680.18 1499.73 391.707
91 1993 9 692.917 2844.76 1090.28 105.223 4.96993
81 1993 4 0 0 0 0 0
67 1993 4 0 0 0 0 0
81 1993 5 0 85.077 59.784 8.82998 3.40904
67 1993 5 0.193473 54.4949 44.658 51.1937 6.55995
81 1993 6 1092.07 3254.1 2538.62 260.455 12.2455
67 1993 6 1027.81 3223.42 2628.67 128.482 0
57 1993 1 138.381 617.934 1596.78 592.367 62.2925
81 1993 7 123.046 1868.51 432.678 138.111 23.0249
67 1993 7 68.3452 1852.13 447.634 188.848 28.4107
57 1993 2 240.42 537.89 2088.42 570.546 31.5307
81 1993 8 439.154 4102.13 1590.4 335.886 32.2504
67 1993 8 226.238 4108.02 1760.79 354.474 50.2977
57 1993 3 1035.3 1738.46 4160.87 1640.94 293.024
81 1993 9 542.93 3355.07 740.917 122.611 7.33999
67 1993 9 624.649 2867.61 1085.83 147.465 2.03191
57 1993 4 0 20.3839 7.02892 0 1.75723
57 1993 5 0.458017 79.6841 76.0338 0.924118 0
57 1993 6 626.926 3801.14 2656.73 70.4665 2.24232
47 1993 1 123.691 740.328 1599.73 513.14 37.1892
57 1993 7 113.462 1860.83 526.097 80.5366 4.44141
47 1993 2 571.116 749.704 1699.19 441.715 67.3043
57 1993 8 227.38 3932.49 1808.4 496.399 35.1465
47 1993 3 962.783 1828.77 3816.49 2053.51 85.8823
57 1993 9 573.686 3115.49 912.579 104.754 5.74784
47 1993 4 0 0 0 0 0
47 1993 5 0 32.1341 71.4091 53.5568 0
47 1993 6 1137.84 3661.37 2146.09 207.602 4.59698
37 1993 1 93.7862 712.975 1667.52 497.472 42.0218
47 1993 7 109.197 1962.49 423.523 83.9604 6.20107
37 1993 2 256.455 687.427 1766.44 748.849 59.6843
47 1993 8 625.653 3825.07 1686.48 350.282 12.3287
37 1993 3 773.719 2858.89 3785.95 1377.89 72.1302
47 1993 9 305.408 3031.71 1291.84 115.208 15.6694
37 1993 4 0 18.0324 11.1376 0 0
37 1993 5 1.54778 68.8907 59.8147 25.0656 1.78118
27 1993 1 87.9571 601.738 1664.49 584.775 74.9898
37 1993 6 609.245 4034.99 2453.13 44.4014 15.7308
27 1993 2 455.297 793.649 1754.25 409.448 70.3189
37 1993 7 103.624 1937.03 393.202 115.888 35.6275
27 1993 3 671.787 2159.27 3792.97 1962.69 281.875
37 1993 8 136.476 4119.81 1569.2 602.68 71.6466
27 1993 4 0 0 0 0 0
37 1993 9 663.697 2894.86 866.521 275.985 22.3425
27 1993 5 0 78.7829 60.9638 14.426 2.92733
27 1993 6 617.474 3982.02 2250.51 99.2874 208.211
27 1993 7 90.8807 1800.33 594.177 74.0376 25.9402
27 1993 8 405.998 4015.48 1462.73 485.847 129.767
27 1993 9 639.66 2808.32 1135.84 149.834 16.8419
94 1993 1 72.5328 779.735 1570.26 548.687 44.3695
94 1993 2 474.376 985.764 1677.28 328.545 16.877
94 1993 3 861.485 1771.43 4179.29 1819.22 213.518
94 1993 4 0 16.9662 11.6085 0 0.595306
94 1993 5 1.55033 73.2211 55.8925 21.8385 4.59752
94 1993 6 739.57 3054.59 3131.68 101.773 45.1755
84 1993 1 100.507 684.679 1551.92 631.103 44.2241
94 1993 7 113.701 1832.65 589.504 45.927 3.58581
84 1993 2 366.656 1022.31 1599.86 431.632 45.5601
94 1993 8 178.347 4089.16 1806.85 412.49 12.9709
84 1993 3 1078.92 2078.15 4011.37 1635.41 64.7314
94 1993 9 333.418 3507.55 776.949 87.2429 2.04703
84 1993 4 0 22.9471 5.44507 0 0.777867
84 1993 5 0.7855 44.427 80.3835 29.8973 1.6067
84 1993 6 561.427 3884.98 2496.54 169.441 5.12641
84 1993 7 126.725 1849.01 517.717 87.2122 4.70726
84 1993 8 222.78 4048.2 1847.67 351.819 29.3456
84 1993 9 672.096 2960.07 934.846 183.118 10.1679
97 1993 1 85.5705 734.787 1683.7 472.67 40.3434
97 1993 2 389.843 692.645 1796.69 524.701 125.149
97 1993 3 751.064 2074.07 4137.76 1448.23 457.462
97 1993 4 0 0 0 0 0
97 1993 5 0 37.3809 59.9346 49.697 10.0875
97 1993 6 585.68 4002.8 1931.96 351.586 76.1974
87 1993 1 68.4131 621.064 1737.13 533.096 40.8485
97 1993 7 106.646 1883.37 480.681 104.956 9.71888
87 1993 2 219.113 521.669 2323.28 425.13 16.5447
97 1993 8 185.165 3636.47 2191.57 455.375 31.2388
87 1993 3 634.014 2116.93 4102.36 1560.79 376.25
97 1993 9 588.513 2794.57 1128.34 158.141 12.2836
87 1993 4 0 0 0 0 0
87 1993 5 0.188822 70.4005 77.943 8.42742 0.140268
87 1993 6 303.6 3982.95 2546.75 107.555 39.1888
77 1993 1 70.4729 586.008 1712.13 586.804 52.0079
87 1993 7 98.0555 1687.27 690.306 89.8552 19.8875
77 1993 2 378.884 712.072 1948.75 391.084 72.9417
87 1993 8 268.263 4284.05 1523.4 396.503 27.6116
77 1993 3 646.181 2429.89 3332.09 2170.83 238.778
87 1993 9 371.676 2957.07 1279.63 108.69 10.7701
77 1993 4 0 0 0 0 0
77 1993 5 5.96043 45.0204 74.8893 26.9491 4.28077
77 1993 6 690.986 3145.41 2854.4 255.971 29.066
77 1993 7 130.945 1730.74 560.876 150.389 12.4174
77 1993 8 256.358 4092.32 1567.62 480.339 103.185
77 1993 9 561.832 2702.78 1185.63 165.731 24.3963
40 1993 1 115.652 618.509 1681.91 551.723 47.7366
40 1993 2 403.134 679.802 1784.58 557.729 103.785
40 1993 3 816.768 1411.53 4486.78 1712.99 315.959
40 1993 4 0 17.7986 10.8769 0 0.494407
40 1993 5 0 86.6666 55.677 11.4724 3.28401
30 1993 1 85.9843 725.593 1622.61 508.307 73.0042
40 1993 6 823.316 3205.16 2846.06 71.9442 18.6199
30 1993 2 470.044 706.46 1701.95 563.451 54.0644
40 1993 7 96.9584 1953.74 509.446 23.6904 1.53307
30 1993 3 639.787 2110.93 4126.28 1622.03 345.981
40 1993 8 180.379 4676.12 1220.85 380.68 41.7947
30 1993 4 0 0 0 0 0
40 1993 9 632.344 3147.15 913.929 34.1756 31.0388
30 1993 5 0.372628 63.626 76.2847 15.465 1.35166
20 1993 1 48.0592 711.891 1622.99 567.937 64.5801
30 1993 6 91.0007 3169.79 3817.32 79.3864 0
20 1993 2 409.017 669.358 1836.15 540.165 74.3442
30 1993 7 73.3274 1792.05 624.911 93.6732 1.40357
20 1993 3 929.611 2073.97 3550.46 2039.96 205.837
30 1993 8 278.848 4131.51 1695.51 369.864 24.0849
20 1993 4 0 0 0 0 0
30 1993 9 365.006 3485.97 624.993 218.406 14.5277
20 1993 5 0 3.80081 58.5958 90.9026 3.80081
10 1993 1 101.312 612.078 1756.78 497.669 43.1243
20 1993 6 810.146 3914.51 1958.13 353.549 20.3558
10 1993 2 237.641 805.864 1858.71 595.795 31.0162
20 1993 7 171.327 1731.23 492.335 172.933 17.5423
10 1993 3 550.741 2171.8 3774.07 2241.99 129.993
20 1993 8 309.09 4355.03 1306.17 452.93 76.6034
10 1993 4 0 16.3876 12.1269 0 0.655506
20 1993 9 704.41 2572.27 1268.68 125.882 3.88356
10 1993 5 0 55.0281 63.021 32.3089 6.74196
10 1993 6 424.265 3700.48 2803.95 24.7762 16.655
10 1993 7 125.701 1944.6 396.452 104.367 14.2455
10 1993 8 647.049 3821.94 1694.86 306.623 29.3462
10 1993 9 596.734 3135.4 922.365 102.999 9.75598
33 1993 1 97.745 738.521 1556.27 554.248 68.7025
33 1993 2 339.639 876.248 1898.44 366.221 19.4747
33 1993 3 446.856 2167.3 4364.88 1684.66 204.905
1 1993 1 140.219 763.956 1489.51 527.573 78.4273
33 1993 4 0 22.1814 6.98865 0 0
1 1993 2 525.159 748.691 1581.1 606.1 67.9835
33 1993 5 0 82.6659 46.8363 21.5262 6.0715
1 1993 3 1307.01 1631.27 4390.53 1464.45 75.3342
23 1993 1 103.346 750.096 1559.51 531.329 69.4278
33 1993 6 275.674 3872.21 2758.64 48.2924 6.0503
1 1993 4 0 18.1208 8.83939 0 2.20985
23 1993 2 363.355 899.116 1852.72 341.465 61.8655
33 1993 7 105.979 1875.99 517.638 85.7586 0
1 1993 5 2.28343 32.6653 89.6266 25.0931 7.43158
23 1993 3 1206.61 2144.99 3584.6 1559.1 232.896
33 1993 8 111.077 4527.63 1377.44 449.2 34.4804
1 1993 6 427.482 3637.17 2738.26 308.707 45.8814
23 1993 4 0 0 0 0 0
33 1993 9 581.658 3043.8 1006.01 92.4133 8.5425
1 1993 7 144.847 1946.35 443.542 47.6598 2.97397
23 1993 5 0 71.3328 62.605 23.1622 0
1 1993 8 384.316 3824.04 1779.8 476.612 35.0538
13 1993 1 95.5322 777.247 1594.39 509.938 36.6221
23 1993 6 426.661 3582.89 2788 324.343 0
1 1993 9 493.219 3394.69 663.253 128.007 4.50022
13 1993 2 343.485 882.856 1818.21 443.903 40.5807
23 1993 7 205.924 1933.14 332.699 98.6114 14.9967
13 1993 3 900.602 2072.25 4168.9 1515.96 210.875
23 1993 8 285.977 4053.81 1718.87 343.766 22.9704
13 1993 4 0 23.3968 5.16552 0 0.607708
23 1993 9 580.443 3047.89 942.142 175.808 7.36125
13 1993 5 0 115.798 9.43742 25.9429 5.92199
13 1993 6 916.714 3854.28 2018.28 114.888 35.1204
13 1993 7 180.693 1866.96 475.659 26.3479 35.7138
13 1993 8 148.964 4399.62 1458.83 376.33 116.082
13 1993 9 691.844 3076.64 787.778 165.324 16.8875
90 1993 1 89.8205 661.093 1579.25 619.717 60.7467
90 1993 2 317.888 664.954 2003.42 410.966 131.805
90 1993 3 766.491 2682.8 3727.6 1513.36 178.338
90 1993 4 0 0 0 0 0
90 1993 5 0 47.6858 99.3416 9.63618 0.436389
90 1993 6 414.7 3274.15 3069.28 293.385 21.2846
80 1993 1 58.0563 644.731 1688.88 560.845 64.5613
90 1993 7 124.181 1774.8 568.009 90.7422 27.6383
80 1993 2 173.713 1170.04 1641.04 502.44 31.043
90 1993 8 448.194 4450.38 1107.07 453.622 40.5573
80 1993 3 1034.72 2065.98 3770.12 1769.96 227.806
90 1993 9 431.291 3157.71 1018.22 115.917 19.4623
80 1993 4 0 0 0 0 0
80 1993 5 0 12.9492 49.42 76.4229 18.3079
80 1993 6 802.791 2663.8 3341.1 159.759 2.6767
70 1993 1 74.624 757.888 1537.87 588.145 48.6297
80 1993 7 62.3112 1901.29 470.803 103.469 47.4932
70 1993 2 485.706 771.088 1743.22 427.205 54.9678
80 1993 8 232.946 4187.42 1532.72 444.406 102.326
70 1993 3 561.306 2240.17 4053.69 1835.82 177.603
80 1993 9 392.129 3413.69 770.642 85.3552 3.87171
70 1993 4 0 0 0 0 0
70 1993 5 0 91.3732 54.9012 10.8256 0
70 1993 6 470.839 4300.31 2132.21 214.661 39.4741
60 1993 1 56.1414 577.174 1767.16 576.859 31.8241
70 1993 7 96.6399 1792.95 536.919 145.039 13.8184
60 1993 2 289.917 682.559 1986.99 441.827 97.997
70 1993 8 601.725 4342.6 1183.93 353.529 18.0413
60 1993 3 962.874 2199.65 3860.5 1663.46 182.111
70 1993 9 420.17 3198.38 952.061 86.4729 6.85594
60 1993 4 0 15.8151 13.3549 0 0
60 1993 5 0 90.1051 42.2997 23.6042 1.09097
60 1993 6 195.117 4328.08 1974.75 454.096 61.341
50 1993 1 94.588 717.648 1590.7 533.628 60.4679
36 1993 1 57.4511 647.835 1640.91 625.071 38.0363
60 1993 7 87.035 1853.91 525.753 114.074 4.60168
50 1993 2 319.2 676.651 1928 554.329 50.8478
36 1993 2 424.053 844.655 1624.73 516.263 109.471
60 1993 8 214.106 4440.3 1547.43 284.912 13.0672
50 1993 3 1081.91 2005.83 4101.05 1502.76 155.197
36 1993 3 924.375 2193.06 3854.84 1729.3 167.013
60 1993 9 550.876 2916.92 1194.46 88.0816 7.86527
50 1993 4 0 0 0 0 0
4 1993 1 72.2077 658.93 1669.15 562.716 49.3788
36 1993 4 0 0 0 0 0
50 1993 5 1.36017 87.7615 48.3155 19.0677 0.595076
4 1993 2 315.2 1000.81 1771.49 421.478 2.0047
36 1993 5 0 82.3021 57.7027 16.008 1.0872
50 1993 6 341.13 3882.26 2506.87 387.418 39.8188
4 1993 3 895.101 2183.02 3712.56 2055.09 22.8159
26 1993 1 65.0848 704.943 1641.33 533.17 58.8478
36 1993 6 543.899 3885.15 2490.11 181.324 17.4654
50 1993 7 76.6459 1754.62 628.741 108.758 16.6078
4 1993 4 0 15.6789 13.4911 0 0
26 1993 2 215.447 982.346 1743.36 523.704 64.1773
36 1993 7 81.1976 1866.03 506.669 102.135 29.343
50 1993 8 198.694 4292.5 1474.41 476.686 57.5337
4 1993 5 0 0 0 0 0
26 1993 3 661.455 2399.31 3605.34 1930.01 246.536
36 1993 8 477.144 3842.86 1473.98 647.681 58.151
50 1993 9 586.63 2971.58 972.137 123.537 26.3652
4 1993 6 762.146 3634.46 2414.32 221.738 41.6134
26 1993 4 0 0 0 0 0
36 1993 9 616.086 2991.13 998.081 133.543 3.6269
4 1993 7 160.981 1831.18 507.481 78.8697 6.85629
26 1993 5 1.79031 33.9277 61.2582 51.1144 9.00932
4 1993 8 229.864 4230.98 1532.11 482.39 24.4807
16 1993 1 74.7795 783.661 1562.32 524.625 68.8
26 1993 6 902.415 2877.93 3336.97 24.8334 15.3496
4 1993 9 626.938 3495.33 500.808 90.6253 3.45334
16 1993 2 276.312 1040.59 1601.67 518.834 63.1645
26 1993 7 69.5447 1921.36 474.921 117.797 1.752
16 1993 3 449.236 2463.13 3694.44 2002.44 259.345
26 1993 8 607.714 3823.29 1594.9 441.184 32.7373
16 1993 4 0 0 0 0 0
26 1993 9 269.405 3094.98 1124.14 147.98 21.6436
16 1993 5 0 68.7313 87.088 0 1.28071
16 1993 6 766.837 4214.73 2061.51 76.1001 3.06597
16 1993 7 145.447 1980.07 426.821 27.8222 5.21244
16 1993 8 518.518 3668.3 1781.24 502.967 28.7953
16 1993 9 423.692 3432.08 725.556 134.28 7.80311
93 1993 1 125.824 629.859 1662.29 546.207 48.1008
93 1993 2 429.958 920.531 1753.23 392.609 32.7044
93 1993 3 963.771 1817.74 3663.93 2304.51 118.647
93 1993 4 0 21.546 7.62398 0 0
93 1993 5 0 41.2277 67.672 43.6948 4.50557
93 1993 6 601.66 4017.62 2220.99 101.262 0
83 1993 1 66.3952 699.36 1598.68 603.634 49.0052
93 1993 7 107.686 1901.72 519.309 37.3983 19.2609
83 1993 2 395.413 835.832 1893.77 396.948 7.06279
93 1993 8 265.918 4014.39 1664.28 525.337 29.893
83 1993 3 358.082 2000.4 4232.95 2056.2 172.492
93 1993 9 405.247 3184.45 1000.41 110.234 9.63467
83 1993 4 0 16.7194 12.4506 0 0
83 1993 5 0 20.1966 51.9966 69.3948 15.512
83 1993 6 640.574 3785 2463.97 219.149 48.8063
73 1993 1 69.6017 735.584 1639.87 528.018 42.5023
83 1993 7 68.9041 1835.58 492.054 160.888 27.9449
73 1993 2 326.268 583.692 1967.57 448.228 98.705
83 1993 8 219.924 4017.62 1619 624.798 18.4726
73 1993 3 486.059 2330.14 4056.18 1762.57 233.649
83 1993 9 624.058 3077.52 940.142 101.199 1.73352
73 1993 4 0 18.5959 10.2095 0 0.364625
73 1993 5 0 60.258 67.2151 28.645 0.981875
73 1993 6 777.588 4177.37 2009.56 178.745 14.2391
63 1993 1 94.5784 685.771 1690.14 493.01 50.493
73 1993 7 161.088 1937.72 428.196 52.9978 5.36755
63 1993 2 149.219 883.999 1999.81 469.775 26.2219
73 1993 8 131.877 4438.52 1379.98 511.87 37.576
63 1993 3 765.956 2028.52 3611.47 1901.42 505.796
73 1993 9 379.589 3251.99 1000.04 117.624 10.5621
63 1993 4 0 21.1231 8.0469 0 0
63 1993 5 1.13293 29.3668 123.241 3.35905 0
63 1993 6 444.9 3857.16 2579.67 188.482 87.2866
53 1993 1 77.4888 743.444 1603.17 551.09 41.8807
63 1993 7 132.306 1748.25 535.691 163.222 5.89818
53 1993 2 251.238 667.497 2012.65 495.666 101.983
63 1993 8 533.736 4431.77 1344.6 162.124 27.593
53 1993 3 766.154 2508.08 3595.88 1819.7 178.779
63 1993 9 593.472 3322.5 774.65 71.959 1.65454
53 1993 4 0 0 0 0 0
7 1993 1 125.655 742.775 1577.88 485.942 83.1332
53 1993 5 0 67.9239 51.9951 36.2794 0.901578
7 1993 2 431.773 838.765 1702.83 480.862 47.2277
53 1993 6 352.936 4046.13 2289.26 443.335 25.8434
7 1993 3 781.963 2276.07 3722.81 1817.28 251.35
29 1993 1 72.8704 705.708 1580.91 597.215 55.9175
43 1993 1 84.3159 674.546 1677.87 518.687 56.9935
53 1993 7 74.7601 2002.7 430.521 69.1156 8.27535
7 1993 4 0 0 0 0 0
29 1993 2 273.945 812.765 1860.32 470.72 111.283
43 1993 2 439.731 580.922 1904.64 495.608 81.5234
53 1993 8 121.322 3893.05 2028.6 433.249 23.5978
43 1993 3 518.061 2390.3 4151.19 1675.43 133.615
7 1993 5 0 82.6842 46.2062 23.7604 4.4492
29 1993 3 793.961 2139.78 4276.8 1498.36 159.691
53 1993 9 451.032 3080.33 1127.92 106.03 9.68291
43 1993 4 0 0 0 0 0
7 1993 6 584.07 3145.1 2652.04 412.246 6.17026
29 1993 4 0 18.2313 9.81683 0 1.12192
43 1993 5 0.150864 63.4148 72.1142 16.5945 4.82567
7 1993 7 135.194 1811.99 507.165 116.073 14.9437
29 1993 5 0 78.55 78.55 0 0
43 1993 6 384.063 3507.21 3159.4 64.097 42.7313
7 1993 8 438.372 4307.12 1361.85 361.562 30.9198
19 1993 1 65.6905 677.09 1625.95 572.504 71.2182
29 1993 6 649.898 4068.78 2079.55 273.138 8.3356
43 1993 7 72.885 1953.32 472.815 80.1918 6.15485
7 1993 9 658.549 2775.41 1135.8 148.348 11.1182
19 1993 2 184.708 714.237 1967.88 660.254 1.94959
29 1993 7 201.819 1793.94 493.934 87.6255 8.05302
43 1993 8 187.248 4263.25 1470.4 541.571 37.3447
19 1993 3 1124.68 2056.57 3742.03 1525.28 336.937
29 1993 8 158.599 3854.82 1970 489.162 27.2405
43 1993 9 539.838 3168.15 882.84 146.372 20.335
19 1993 4 0 17.9769 10.1756 0 1.01756
29 1993 9 474.864 3311.96 839.642 117.371 4.25363
19 1993 5 0 48.3385 108.762 0 0
19 1993 6 840.81 3717.54 2485.79 73.8158 0
19 1993 7 124.463 1924.99 470.191 48.6773 17.0499
19 1993 8 429.602 4051.84 1416.74 514.415 87.2194
19 1993 9 603.157 3159.41 822.823 163.331 12.0984
86 1993 1 74.8653 630.678 1664.96 586.644 58.4303
86 1993 2 269.851 460.572 2005.38 741.883 51.3402
86 1993 3 1730.29 2433.78 2998.94 1530.27 151.347
86 1993 4 0 0 0 0 0
86 1993 5 0 28.3864 80.5758 48.1378 0
86 1993 6 676.37 3627.69 2633.64 197.143 22.6503
76 1993 1 85.3934 741.149 1585.38 549.806 53.8525
86 1993 7 123.33 1874.37 491.222 75.8035 20.6414
76 1993 2 394.204 821.712 1726.55 521.24 21.2133
86 1993 8 178.999 4135.79 1576.37 483.051 125.614
76 1993 3 111.606 1674.68 5076.62 1949.33 56.3474
86 1993 9 717.846 2978 909.4 162.33 7.41635
76 1993 4 0 0 0 0 0
76 1993 5 0 114.367 32.1977 8.25827 2.27681
76 1993 6 399.161 4139.48 2303.02 266.135 0
66 1993 1 138.797 684.001 1639.84 529.195 20.6969
76 1993 7 161.445 1855.31 434.389 134.228 0
66 1993 2 528.577 585.825 1815.65 528.631 36.5261
76 1993 8 122.909 4252.78 1443.03 648.275 32.824
66 1993 3 976.382 1466.59 4041.98 2255.92 97.8499
76 1993 9 580.405 2849.97 1009.37 177.676 6.22203
66 1993 4 0 0 0 0 0
66 1993 5 0 3.27292 135.826 17.1828 0.818229
66 1993 6 265.618 4190.11 2377.83 104.468 2.58207
56 1993 1 82.9244 711.062 1614.94 535.438 57.563
66 1993 7 120.891 1946.76 466.486 46.8364 4.39689
56 1993 2 311.382 791.036 2022.34 287.438 106.01
66 1993 8 337.641 4409.21 1239.4 472.332 41.2335
56 1993 3 995.431 2003.51 4053.83 1602.92 164.039
66 1993 9 564.475 2803.56 1287.14 117.754 2.05807
56 1993 4 0 0 0 0 0
56 1993 5 4.31255 42.1833 109.245 1.359 0
56 1993 6 223.373 3680.69 2195.93 690 36.5233
46 1993 1 60.4579 696.443 1615.47 558.908 81.1151
56 1993 7 132.538 1981.8 364.614 106.421 0
46 1993 2 419.321 897.833 1715.9 351.024 36.0276
56 1993 8 874.164 3486.77 1689.39 417.272 32.2241
46 1993 3 535.834 1799.75 4395.13 1881.77 256.105
56 1993 9 502.873 3105.94 951.78 152.974 21.1234
46 1993 4 0 0 0 0 0
46 1993 5 0 99.8517 48.9273 8.32097 0
46 1993 6 374.803 3957.12 2222.7 410.435 27.2667
46 1993 7 145.748 1780.56 491.929 146.967 20.1625
46 1993 8 659.376 4052.64 1449.49 280.521 57.7953
46 1993 9 673.295 2899.88 909.999 208.559 17.4899
89 1993 1 96.2126 757.217 1519.67 601.303 42.6629
89 1993 2 369.158 831.084 1674.61 612.5 41.6746
89 1993 3 687.953 2006.57 3992.63 1970.41 211.034
89 1993 4 0 0 0 0 0
89 1993 5 0 40.8175 58.4554 47.9867 9.84033
89 1993 6 574.938 4332 2057.51 141.235 51.8264
79 1993 1 120.927 602.15 1670.01 550.457 64.5348
89 1993 7 118.182 1868.52 480.084 107.205 11.3835
79 1993 2 334.081 1053.09 1807.73 300.81 33.3113
89 1993 8 203.274 4389.29 1394.66 462.394 50.1972
79 1993 3 1147.37 2505.5 3251.24 1683.38 208.805
89 1993 9 718.717 3277.73 690.746 83.2511 4.54814
79 1993 4 0 0 0 0 0
79 1993 5 0 13.1687 43.2293 83.8101 16.8919
79 1993 6 1007.33 3431.39 2501.04 130.601 36.0199
69 1993 1 93.5525 666.721 1588.93 629.381 36.9231
79 1993 7 134.833 1793.97 581.639 65.086 9.84101
69 1993 2 407.72 743.877 1914.58 379.976 82.875
79 1993 8 140.573 3946.75 1440.64 806.145 165.713
69 1993 3 683.048 2417.72 3888.54 1730 99.0445
79 1993 9 470.328 3326.09 720.021 201.617 29.5284
69 1993 4 0 0 0 0 0
69 1993 5 0 110.253 37.7124 8.70813 0.426323
69 1993 6 735.295 4000.57 2163.11 160.928 97.6023
59 1993 1 108.758 696.621 1579.77 551.708 80.2149
69 1993 7 73.0152 1863.82 522.636 121.851 4.0523
59 1993 2 426.813 954.504 1779.71 349.045 18.9566
69 1993 8 584.809 3819.48 1797.14 255.712 42.6836
59 1993 3 688.767 2548.83 3764.68 1669.19 197.119
69 1993 9 576.624 3169.54 825.514 130.243 4.48436
59 1993 4 0 18.2313 8.751 0 2.18775
59 1993 5 0.25733 68.8036 63.4539 20.4026 4.18253
59 1993 6 638.402 4211.74 2038.05 237.942 31.365
49 1993 1 101.065 761.226 1580.25 527.291 47.2406
59 1993 7 157.975 1895.79 421.462 109.167 0.978473
49 1993 2 369.786 916.399 1735.91 478.804 28.1319
59 1993 8 259.954 4214.73 1517.68 457.535 49.9135
49 1993 3 588.048 1694.68 4700.47 1765.28 120.115
59 1993 9 463.892 3202.74 993.91 106.858 7.58569
49 1993 4 0 0 0 0 0
49 1993 5 0 6.04231 81.5712 69.4865 0
49 1993 6 559.649 3069.86 3279.22 183.272 65.4935
39 1993 1 102.263 641.934 1708.99 505.127 56.0314
49 1993 7 124.024 1647.71 581.615 201.544 30.4734
39 1993 2 279.02 606.722 2254.85 349.094 39.3449
49 1993 8 511.758 3435.72 1840.46 684.005 27.8787
39 1993 3 297.892 2427.99 4369.98 1391.69 381.039
49 1993 9 373.863 3169.55 1006.35 173.576 10.2001
39 1993 4 0 0 0 0 0
39 1993 5 0.436389 64.6683 77.0132 13.7547 1.22734
39 1993 6 622.652 3921.95 2590.81 18.4092 3.68184
39 1993 7 132.281 1751.72 604.994 84.9124 11.46
39 1993 8 188.329 4764.01 1166.36 320.76 60.3567
39 1993 9 570.942 2913.93 1093.19 152.306 28.1354
96 1993 1 69.664 607.626 1650.55 650.536 27.733
96 1993 2 503.561 1018.7 1533.47 435.236 24.0898
96 1993 3 974.731 2208.21 3885.23 1650.21 107.367
96 1993 4 0 0 0 0 0
96 1993 5 0 53.2704 83.1524 18.2224 2.45469
96 1993 6 256.959 4184.93 2556.34 159.266 0
96 1993 7 62.0514 2019.96 415.313 83.6986 4.34516
96 1993 8 403.867 4102.35 1604.21 375.545 13.8452
96 1993 9 539.192 3085.2 952.494 139.635 8.10048
99 1993 1 143.524 616.423 1675.01 521.405 52.9296
99 1993 2 339.901 762.122 1948.91 446.655 19.7998
99 1993 3 738.406 2248.84 3554.57 1911.72 345.597
99 1993 4 0 19.4467 9.72333 0 0
99 1993 5 0.385049 44.875 93.9938 16.8417 1.00448
99 1993 6 388.67 3321.86 2974.77 337.283 134.913
99 1993 7 112.084 1806.06 492.881 153.746 20.6001
99 1993 8 579.466 3814.98 1556.8 519.454 29.1228
99 1993 9 421.752 3441.94 697.34 143.079 12.4842
3 1993 1 88.5392 697.86 1598.48 576.08 50.0664
3 1993 2 297.404 746.238 2085.74 385.132 14.5166
3 1993 3 1276.85 2430.5 3079.36 1912.16 145.818
3 1993 4 0 17.8909 10.5012 0 0.777867
3 1993 5 0 51.944 85.0579 20.0981 0
3 1993 6 625.891 3470.58 2827.54 210.931 22.5611
3 1993 7 110.28 1830.56 538.779 96.7242 9.02828
3 1993 8 329.729 4078.11 1408.86 624.861 58.261
3 1993 9 552.607 3202.33 826.788 164.991 14.294
52 1993 1 128.839 681.392 1613.72 529.76 60.3353
52 1993 2 367.571 666.598 2089.55 370.976 34.3346
52 1993 3 878.448 2068.42 3800.06 1987.65 134.017
52 1993 4 0 22.2613 6.52487 0 0.383816
52 1993 5 0 71.628 39.4918 37.1982 8.78199
52 1993 6 457.476 3966.3 2508.66 218.134 6.93322
42 1993 1 70.1712 754.538 1593.7 536.101 58.0404
52 1993 7 75.9398 2058.56 386.999 49.4622 14.4066
42 1993 2 394.62 827.989 1762.31 527.632 16.484
52 1993 8 119.118 4263.6 1629.51 403.935 83.6522
42 1993 3 488.92 2176.26 4113.27 1682.19 248.636
52 1993 9 313.479 3417.5 879.947 120.371 10.8081
42 1993 4 0 16.8639 11.8503 0 0.455781
42 1993 5 0 39.1966 64.7222 48.9719 4.2094
32 1993 1 174.709 578.14 1615.58 587.625 61.0123
42 1993 6 323.593 3748.7 2894.3 187.309 3.59493
32 1993 2 416.251 634.762 1971.73 486.959 19.3273
42 1993 7 135.673 1842.3 495.608 109.369 2.4179
32 1993 3 671.679 2179.89 4451.75 1419.11 146.17
42 1993 8 348.544 4212.62 1425.58 434.922 78.1538
32 1993 4 0 18.2313 9.61284 0 1.32591
42 1993 9 391.927 3192.26 977.661 162.688 11.1818
32 1993 5 0 35.6859 94.7435 21.3225 5.34809
22 1993 1 99.6663 670.298 1648.29 551.616 45.5417
32 1993 6 706.929 3730.83 2292.88 402.248 24.6121
22 1993 2 282.922 939.523 1897.97 367.612 18.9424
32 1993 7 161.609 1742.92 527.863 90.1135 62.8629
22 1993 3 1122.82 2232.77 4069.75 1347.14 96.1136
32 1993 8 193.601 4476.45 1456.8 188.739 184.226
22 1993 4 0 22.0327 6.82702 0 0.310319
32 1993 9 573.549 2948.91 1113.78 91.6725 6.2049
22 1993 5 0 86.5465 46.324 23.131 1.0986
12 1993 1 60.3175 821.355 1608.97 456.947 69.4776
22 1993 6 196.381 3424.31 3315.67 87.5695 6.5157
12 1993 2 564.421 935.686 1633.86 333.916 41.3212
22 1993 7 100.936 2037.49 286.785 154.981 5.17705
12 1993 3 487.008 2262.3 4080.45 1950.69 88.1399
22 1993 8 266.913 4374.41 1442.29 389.664 26.5481
12 1993 4 0 18.2653 10.3594 0 0.545234
22 1993 9 600.506 2887.9 1102.4 99.2554 3.90805
12 1993 5 0 56.8552 80.6843 17.3162 2.24429
12 1993 6 641.337 4366.82 2016.84 126.109 6.40042
12 1993 7 185.034 1728.07 525.719 130.915 15.6309
12 1993 8 71.7174 4406.29 1633.08 313.282 75.4542
12 1993 9 532.173 3168.94 929.35 131.094 13.4288
55 1993 1 136.963 680.546 1628 512.989 57.0484
55 1993 2 331.43 619.025 2140.77 385.542 52.2664
55 1993 3 985.843 2428.07 3899.16 1408.98 146.536
55 1993 4 0 0 0 0 0
55 1993 5 0 0 157.1 0 0
55 1993 6 797.008 3518.89 2592.13 196.532 52.9401
45 1993 1 151.102 695.625 1583.01 509.628 63.975
55 1993 7 166.772 1804.56 546.399 60.0712 7.57155
45 1993 2 325.275 754.133 1771.81 628.083 49.731
55 1993 8 253.928 3901.25 2010.17 302.63 31.8412
45 1993 3 801.363 1980.88 4212.11 1654.41 219.833
55 1993 9 652.016 2981.12 1012.49 116.657 5.39872
45 1993 4 0 22.1946 6.97543 0 0
45 1993 5 0 82.7886 39.9213 27.9449 6.44513
45 1993 6 673.011 3450.3 2529.02 245.382 259.785
35 1993 1 78.8746 760.676 1536.31 593.681 47.5333
45 1993 7 109.874 1855.98 444.347 156.832 18.336
35 1993 2 306.325 705.309 1972.54 475.355 30.8211
45 1993 8 221.766 4804.32 1001.01 416.003 56.7204
35 1993 3 463.574 2061.6 4264.24 1965 114.18
45 1993 9 530.955 2953.08 962.902 170.421 28.0209
35 1993 4 0 0 0 0 0
35 1993 5 0 83.377 70.3031 3.41986 0
25 1993 1 101.757 614.879 1621.6 622.462 53.3447
35 1993 6 485.844 3818.39 2759.44 93.8249 0
25 1993 2 459.04 1159.04 1470.47 326.268 65.0609
35 1993 7 100.009 1765.65 583.546 109.466 26.703
25 1993 3 761.214 2545.65 3760.73 1490.18 285.901
35 1993 8 588.914 4029.77 1479.43 376.971 24.7337
25 1993 4 0 0 0 0 0
35 1993 9 668.126 3211.1 738.667 98.391 1.77861
25 1993 5 0 0 0 157.1 0
15 1993 1 65.4816 750.547 1649.59 491.609 51.6058
25 1993 6 636.035 3459.78 2877.18 87.9685 12.3228
15 1993 2 353.532 533.156 2058.1 430.182 128.855
25 1993 7 68.1499 1770.48 627.973 114.566 4.19899
15 1993 3 561.828 2066.35 4361.63 1677.42 141.97
25 1993 8 314.049 4397.52 1507.85 233.717 46.6802
15 1993 4 0 22.3065 6.86353 0 0
25 1993 9 336.607 3384.31 936.455 96.95 5.16774
15 1993 5 0 43.0828 97.2007 15.2764 1.5402
15 1993 6 248.653 4521.18 2188.58 112.814 3.04488
15 1993 7 121.451 1906.89 468.879 82.804 5.34685
15 1993 8 94.9325 4422.35 1490.47 438.077 53.9999
15 1993 9 545.477 3075.7 876.389 213.569 16.2665
92 1993 1 107.528 710.599 1599.16 558.126 41.6566
92 1993 2 430.522 891.753 1692.02 473.472 41.2675
92 1993 3 503.593 2578.74 3999.7 1641.62 69.7891
92 1993 4 0 23.4981 4.59157 0 1.08037
92 1993 5 0 68.4917 31.8956 48.2108 8.50188
92 1993 6 693.074 3632.31 2545.63 168.429 7.37887
82 1993 1 110.152 604.938 1688.77 563.758 49.4497
92 1993 7 151.302 1862.76 393.071 167.566 10.6704
82 1993 2 279.6 766.472 2027.34 447.385 8.23424
92 1993 8 233.429 4862.95 1049.61 338.339 15.4886
82 1993 3 952.388 1741.43 4217.33 1675.77 281.68
92 1993 9 573.711 3241.79 752.13 143.147 11.5494
82 1993 4 0 19.4467 8.87783 0 0.845507
82 1993 5 0 78.55 60.0346 17.3932 1.12214
82 1993 6 794.927 4090.92 2259.7 11.9522 0
72 1993 1 84.7795 752.959 1585.92 531.727 60.1904
82 1993 7 87.3926 1753 647.244 93.1321 4.59621
72 1993 2 328.261 885.942 1773.48 423.176 33.2441
82 1993 8 529.61 4567.17 933.454 426.865 42.7165
72 1993 3 600.752 2061.33 4227.73 1859.99 118.785
82 1993 9 612.966 2911.23 1048.04 172.507 17.6031
72 1993 4 0 19.3251 8.751 0 1.09387
72 1993 5 0 26.0197 129.607 0 1.47281
72 1993 6 255.067 4396.45 1811.24 584.836 69.9202
62 1993 1 58.543 698.675 1652.39 524.991 73.0887
48 1993 1 71.497 806.977 1565.25 525.131 46.6425
72 1993 7 100.572 1745.16 612.857 123.17 3.6159
62 1993 2 385.861 701.376 2061.3 328.867 51.631
48 1993 2 583.528 692.765 1971.74 229.591 35.5424
72 1993 8 280.81 4485.93 1429.68 238.777 64.6178
62 1993 3 455.723 2205.23 4276.64 1592.17 338.829
48 1993 3 694.423 2322.68 4125.05 1390.72 290.005
72 1993 9 611.818 3067.8 875.468 137.057 6.61576
62 1993 4 0 0 0 0 0
48 1993 4 0 18.8538 10.3162 0 0
62 1993 5 0 69.2404 83.2048 4.65481 0
48 1993 5 0 19.3624 90.3355 45.1243 2.27789
62 1993 6 553.075 4154.55 2244.55 152.057 53.2735
48 1993 6 590.889 3284.27 2476.49 680.436 125.409
38 1993 1 71.7816 717.175 1559.54 591.925 63.1921
62 1993 7 113.857 1823.06 550.549 90.7539 7.14621
48 1993 7 137.651 1778.5 616.911 52.3059 0
38 1993 2 226.921 898.74 1858.71 459.972 84.6865
62 1993 8 354.297 4050.67 1643.66 385.42 65.775
48 1993 8 400.416 4005.68 1662.05 363.179 68.4894
38 1993 3 892.954 2893.33 3402.26 1580.29 54.04
62 1993 9 581.995 3082.77 874.675 130.473 40.4581
48 1993 9 457.425 3142.78 1006.79 80.9396 9.72896
6 1993 1 43.9708 621.436 1702.18 596.152 53.3313
38 1993 4 0 0 0 0 0
6 1993 2 388.116 698.915 1789.11 569.742 83.1467
38 1993 5 1.84102 104.682 43.6247 6.21854 0.734112
6 1993 3 833.1 1960.84 3843.09 2020.39 211.17
28 1993 1 86.4146 690.741 1646.77 543.288 48.2596
38 1993 6 244.94 3563.45 3056.71 130.952 0
6 1993 4 0 0 0 0 0
28 1993 2 405.558 889.711 1881.67 318.502 33.5894
38 1993 7 120.423 1934.51 504.198 15.5085 10.7277
6 1993 5 0 40.9668 47.8551 60.5957 7.68236
28 1993 3 1024.05 2280.67 3501.73 1731.84 330.304
38 1993 8 138.956 4282.95 1494.48 536.505 46.931
6 1993 6 494.525 3494.94 2443.31 320.776 328.21
28 1993 4 0 20.2245 8.55653 0 0.388933
38 1993 9 568.346 3079.58 920.679 165.566 14.9424
6 1993 7 132.391 1915.86 420.764 90.9235 25.4333
28 1993 5 0.823375 84.7788 53.9151 15.0876 2.49501
6 1993 8 87.8148 3996.31 2061.81 315.089 38.8031
18 1993 1 157.991 709.484 1536.87 530.687 68.5753
28 1993 6 456.267 3883.66 2817.57 0 0
6 1993 9 652.685 3120.91 790.757 190.575 12.95
18 1993 2 542.623 641.367 1899.76 275.562 129.617
28 1993 7 129.883 1643.48 662.632 149.115 0.258537
18 1993 3 778.941 2265.78 3468.32 2143.49 212.057
28 1993 8 198.765 4050.43 1626.57 542.033 82.0261
18 1993 4 0 19.9141 8.97538 0 0.280481
28 1993 9 676.157 2973.99 952.729 100.756 9.84929
18 1993 5 0 49.0698 80.3963 26.6988 0.935119
18 1993 6 506.906 3324.02 3138.13 69.881 2.49608
18 1993 7 196.058 1817.57 469.739 99.7909 2.20972
18 1993 8 417.944 3728.71 1854.48 453.717 44.9733
18 1993 9 644.841 3075.2 934.102 92.8178 3.29213
95 1993 1 66.2752 657.053 1659.44 581.678 39.3925
95 1993 2 272.193 841.151 1882.57 513.973 19.1471
95 1993 3 559.777 2506.07 3956.81 1649.38 150.236
95 1993 4 0 0 0 0 0
95 1993 5 0 58.9957 65.5772 30.2523 2.27475
95 1993 6 537.697 4392.26 1897.23 168.557 0
85 1993 1 109.269 651.67 1606.61 598.155 43.2162
95 1993 7 95.448 1657.45 717.37 111.864 3.23593
85 1993 2 222.596 721.747 2025.62 443.167 90.5097
95 1993 8 481.014 4308.71 1397.56 287.972 24.5676
85 1993 3 736.434 2490.15 3646.92 1870.62 124.466
95 1993 9 522.292 3409.1 673.393 101.492 12.5943
85 1993 4 0 21.5604 7.60957 0 0
85 1993 5 0 64.4513 72.88 19.7687 0
85 1993 6 800.66 3387.62 2762.01 37.0961 1.70688
75 1993 1 125.231 598.244 1745.45 491.006 57.1344
85 1993 7 102.688 1894.72 464.102 102.07 21.792
75 1993 2 267.51 754.762 2092.28 390.046 24.4305
85 1993 8 245.606 4299.68 1514.14 399.564 40.8295
75 1993 3 563.926 2231.53 3850.99 2069.41 129.087
85 1993 9 443.864 3224.32 814.168 221.796 8.01226
75 1993 4 0 0 0 0 0
75 1993 5 0 78.55 78.55 0 0
75 1993 6 667.202 3991.82 2386.16 100.334 11.9771
65 1993 1 76.4849 672.309 1750.46 413.706 100.699
75 1993 7 135.314 1800.98 571.641 75.3291 2.10535
65 1993 2 237.494 776.569 1962.97 378.464 173.531
75 1993 8 283.918 4350.96 1424.93 382.088 57.9234
65 1993 3 994.577 2255.13 3668.23 1901.15 49.509
75 1993 9 517.228 2931.44 1107.65 130.501 4.52437
65 1993 4 0 22.837 6.33296 0 0
65 1993 5 4.60366 45.2499 52.916 41.9844 12.346
65 1993 6 497.38 3736.41 2696.09 96.9897 99.2409
65 1993 7 123.983 1926.3 475.965 59.1175 0
65 1993 8 234.557 4379.85 1357 484.442 43.9749
65 1993 9 474.099 3313.01 767.515 130.571 16.5637
9 1993 1 97.6952 786.505 1630.48 427.223 69.0893
9 1993 2 347.89 782.06 1733.56 492.911 80.8136
9 1993 3 659.745 1495.11 4125.25 2362.25 204.549
9 1993 4 0 0 0 0 0
9 1993 5 0 67.9592 57.6114 24.5785 6.95089
9 1993 6 914.372 4228.59 1654.9 170.889 113
9 1993 7 116.399 1993.95 401.859 73.1601 0
9 1993 8 422.266 3738.05 1861.04 430.873 47.5848
9 1993 9 447.245 3071.53 1097.28 152.32 6.61163
98 1993 1 26.9311 770.742 1585 574.572 47.3038
98 1993 2 473.877 776.009 1855.24 307.876 28.4599
98 1993 3 842.202 2259.94 4081.08 1572.53 112.846
98 1993 4 0 18.8538 9.60476 0 0.711463
98 1993 5 1.05148 41.3643 54.6454 55.0802 4.95868
98 1993 6 630.226 3447.04 2949.36 74.0684 56.8056
88 1993 1 82.1356 746.911 1634.37 500.654 40.6561
98 1993 7 112.993 1862.36 499.054 89.1967 21.7637
88 1993 2 339.387 914.445 1778.1 391.684 69.4036
98 1993 8 448.563 3580.48 1956.33 488.171 26.2726
88 1993 3 1023.72 2216.75 3449.77 2157.28 21.0756
98 1993 9 458.604 3281.69 806.47 173.241 9.44903
88 1993 4 0 0 0 0 0
88 1993 5 0.156943 38.196 50.7253 63.8791 4.14264
88 1993 6 279.153 3454.12 3190.47 108.184 0
78 1993 1 113.401 703.852 1523.82 582.104 72.3302
88 1993 7 162.328 1905.9 391.395 116.025 9.72428
78 1993 2 269.602 999.94 1629.83 483.524 133.019
88 1993 8 531.562 4239.73 1187.73 520.232 20.5605
78 1993 3 1018.19 2094.45 4061.15 1515.79 27.9688
88 1993 9 514.717 3276.02 838.426 99.2325 4.0327
78 1993 4 0 0 0 0 0
78 1993 5 0 12.9425 87.9769 51.692 4.48857
78 1993 6 179.787 4444.3 2080.37 228.372 32.0964
68 1993 1 70.0289 783.28 1570.8 543.502 46.3573
78 1993 7 92.4728 1825.04 502.229 162.777 2.84983
68 1993 2 642.459 1089.99 1521.07 236.197 39.3202
78 1993 8 265.686 4621.82 1194.41 346.514 71.3839
68 1993 3 822.303 2022.03 4086.21 1730.53 163.069
78 1993 9 448.041 3249.51 779.852 198.365 11.2902
68 1993 4 0 15.0998 13.3839 0 0.686353
68 1993 5 0.554471 56.8337 88.1777 11.5342 0
68 1993 6 562.279 3413.72 2924.8 241.296 15.4018
58 1993 1 79.2199 646.834 1719.21 519.601 50.7392
68 1993 7 140.252 1958.41 438.758 46.9911 0.961104
58 1993 2 150.463 783.57 2054.33 526.648 14.0168
68 1993 8 300.293 4115.38 1710.88 364.709 8.55832
58 1993 3 935.043 2018.69 3503.75 2264.85 146.254
100 1993 1 72.2398 694.553 1656.57 542.763 47.9691
68 1993 9 566.952 3267.45 766.251 139.446 15.0727
58 1993 4 0 19.3474 9.82255 0 0
100 1993 2 387.153 754.353 1952.55 403.667 31.3028
58 1993 5 0.258388 55.0302 38.3602 58.4639 4.9873
100 1993 3 710.915 2601.42 4376.41 1060.64 119.2
58 1993 6 893.434 4065.83 2047.69 104.961 45.5892
100 1993 4 0 19.5572 7.95545 0 1.65739
58 1993 7 197.149 1707.5 589.946 87.5754 3.19435
100 1993 5 0 24.4897 44.161 82.788 5.66126
58 1993 8 214.563 4069.8 1540.38 557.76 117.313
100 1993 6 487.14 3590.22 2783.66 199.763 96.7153
58 1993 9 443 3352.16 828.849 132.073 12.2857
100 1993 7 169.259 1678.56 585.593 128.223 23.7344
100 1993 8 213.583 4193.12 1492.3 518.926 81.8963
100 1993 9 672.764 3117.92 767.614 194.566 22.1262
