62 2005 1 256.859 3354.89 8566.83 1704.22 192.682
62 2005 2 141.287 291.73 1386.31 254.405 23.9629
62 2005 3 690.661 3567.04 5604.7 1375.87 102.227
62 2005 4 1072.62 4300.64 2788.88 616.907 64.3712
62 2005 5 86.4642 329.831 289.325 36.0732 2.77612
62 2005 6 223.765 2348.18 1574.02 29.2451 0
52 2005 1 584.151 3430.6 8136.55 1853.56 90.7092
62 2005 7 7961.51 16192.3 1765.69 147.519 12.0237
52 2005 2 138.386 346.208 1308.83 304.555 13.3893
62 2005 8 23.3352 79.628 36.3035 4.64328 0
52 2005 3 1106.57 3160.86 5615.78 1424.21 113.754
62 2005 9 6.48014 102.771 50.3705 7.90134 0.336618
52 2005 4 1111.66 4136.02 2888.84 681.376 48.4575
6 2005 1 577.846 2994.44 8540.38 1872.56 110.413
52 2005 5 105.404 333.669 247.685 56.6917 1.02014
6 2005 2 100.77 263.308 1492.07 204.189 51.0291
52 2005 6 259.737 2508.89 1331.64 72.736 2.21246
6 2005 3 1074.6 3502.47 5203.11 1525.29 78.7491
42 2005 1 340.26 3104.51 8936.01 1603.89 111.096
52 2005 7 8339.01 15957 1680.75 110.288 2.86233
6 2005 4 992.038 3986.32 3086.23 736.33 65.9143
42 2005 2 189.164 366.269 1310.76 200.601 34.676
52 2005 8 19.3175 99.8963 21.1211 3.5752 0
6 2005 5 59.1825 326.785 273.829 76.4704 1.40422
42 2005 3 670.273 3283.41 5718.42 1569.49 125.538
52 2005 9 19.5612 89.1676 54.4591 3.95187 0.720223
6 2005 6 275.269 2555.04 1207.36 127.566 9.97698
42 2005 4 1085.92 4232.29 2793.43 694.36 49.8153
6 2005 7 6388.55 17508.4 2053.48 135.966 6.44811
42 2005 5 86.608 353.284 232.586 69.4568 2.53537
6 2005 8 30.808 73.8039 34.582 4.71601 0
32 2005 1 359.843 3004.21 8694.2 1840.04 154.434
42 2005 6 312.91 2532.44 1286.65 42.0569 1.15846
6 2005 9 15.4745 104.431 43.1308 4.82418 0
32 2005 2 134.848 251.966 1399.66 290.575 23.1206
42 2005 7 6951.16 17257.7 1764.91 79.5166 20.024
32 2005 3 938.359 3456.45 5661.4 1192.96 84.0522
42 2005 8 36.4173 93.651 8.25125 5.02175 0.568697
32 2005 4 1068.26 4179.01 2793.47 703.265 67.5261
42 2005 9 33.3687 99.8145 33.2321 1.4447 0
32 2005 5 110.95 331.881 208.872 83.5834 5.81532
22 2005 1 419.002 3636.79 8101.33 1832.24 100.096
32 2005 6 233.427 2628.23 1103.65 190.334 12.087
22 2005 2 152.661 474.843 1204.91 229.991 48.9632
32 2005 7 7458.48 16712 1657.94 165.036 46.1608
22 2005 3 1075.02 2743.38 5830.73 1647.84 76.9923
32 2005 8 11.0951 98.8089 31.8442 2.07419 0.0876164
22 2005 4 1053.05 4681.3 2434.88 660.308 43.5679
32 2005 9 16.9181 112.91 30.5359 6.70886 0.786844
22 2005 5 89.6939 283.332 298.388 68.602 4.45432
12 2005 1 321.437 3245.69 8817.34 1632.82 78.3048
22 2005 6 219.758 2450.35 1381.79 113.508 9.80251
12 2005 2 163.802 392.81 1252.71 273.933 24.7325
22 2005 7 7705.38 16263 1878.07 230.004 16.0856
12 2005 3 1070.18 3050.58 5925.72 1272.19 48.2479
22 2005 8 29.4011 90.9424 20.2033 3.36315 0
12 2005 4 1135.26 4095.82 2881.35 691.87 46.0759
22 2005 9 8.83749 100.332 53.0691 5.11999 0.501075
12 2005 5 122.316 332.707 160.772 122.189 6.48637
12 2005 6 187.972 2648.86 1240.57 86.8986 10.9103
12 2005 7 7224.42 17274.6 1403.25 178.489 16.4287
12 2005 8 19.8511 89.3581 27.578 5.92749 1.19529
12 2005 9 15.9928 89.2568 54.5556 7.81367 0.241178
55 2005 1 510.092 3269.33 8601.36 1559.23 132.46
55 2005 2 113.212 404.303 1237.3 335.59 2.42028
55 2005 3 997.119 3463.72 5611.15 1251.36 77.9787
55 2005 4 814.827 4407.26 2976.2 616.995 53.8452
55 2005 5 71.5152 359.791 238.601 60.5601 14.003
55 2005 6 193.44 2484.69 1420.04 68.8716 8.16115
45 2005 1 462.684 3257.66 8424.37 1802.67 129.066
55 2005 7 7418.09 16120.3 2454.35 96.3222 1.52086
45 2005 2 137.809 445.941 1241.82 243.907 35.839
55 2005 8 8.67528 106.544 26.3921 2.25034 0.0481627
45 2005 3 1064.06 2982.58 5749.92 1447.47 85.8718
55 2005 9 3.60687 102.24 61.3776 0.635234 0
45 2005 4 1109.86 4298.04 2760.47 618.563 73.9471
45 2005 5 105.912 312.779 232.637 85.3785 7.76336
45 2005 6 222.095 2532.79 1344.84 72.1631 3.32361
35 2005 1 401.952 3337.99 8375.37 1849.71 108.526
45 2005 7 7501.95 16757.9 1625.32 158.272 7.91837
35 2005 2 89.9095 415.991 1312.1 257.931 25.3706
45 2005 8 35.5751 88.4808 18.6863 1.16772 0
35 2005 3 875.687 3236.33 5936.23 1247.1 79.5552
45 2005 9 8.20533 105.922 45.491 8.12016 0.121111
35 2005 4 861.822 4281.45 2916.14 727.101 69.3676
35 2005 5 85.1272 356.72 235.765 57.9326 8.92568
25 2005 1 327.906 3036.63 8961.67 1692.87 60.0594
35 2005 6 207.262 2482.69 1402.29 64.1505 11.2734
25 2005 2 112.407 276.836 1465.13 220.635 28.7127
35 2005 7 7322.67 16668 1846.57 170.781 17.013
25 2005 3 910.763 3209.7 5728.81 1479.12 78.8239
35 2005 8 9.47086 90.7791 42.6729 0.987136 0
25 2005 4 1096.23 4565.15 2557.04 604.931 33.0576
35 2005 9 22.6629 101.924 40.9622 2.31111 0
25 2005 5 73.3965 380.469 237.642 51.3714 1.59178
15 2005 1 333.106 3312.36 8604.55 1732.72 82.178
25 2005 6 226.93 2643.4 1247.16 57.0928 0.628569
15 2005 2 158.343 431.367 1265.1 228.621 24.7746
25 2005 7 7300.64 16522.7 2081.9 151.417 11.9533
15 2005 3 1283.62 3380.66 5227.77 1378.81 76.5511
25 2005 8 26.8801 88.5994 26.5226 1.90794 0
15 2005 4 1108.92 4167.04 2821.77 721.08 42.6036
25 2005 9 19.0518 107.005 36.043 5.76028 0
15 2005 5 90.0289 342.336 227.738 80.8081 3.55871
15 2005 6 321.6 2544 1157.07 147.83 4.70381
15 2005 7 8607.44 15591.3 1691.37 174.683 22.9739
15 2005 8 16.2755 82.2862 33.701 10.6632 0.984085
15 2005 9 36.3408 96.4271 31.6469 3.34589 0.0992667
92 2005 1 212.388 3198 9005.3 1569.35 86.5633
92 2005 2 165.653 383.018 1313.33 236.691 7.10497
92 2005 3 747.176 3037.46 6320.41 1148.1 119.819
92 2005 4 1036.61 4453.72 2697.96 619.305 49.101
92 2005 5 82.3933 350.797 252.373 57.874 1.03298
92 2005 6 218.074 2460.53 1412.52 68.9111 3.33111
82 2005 1 397.001 3090.22 8835.95 1643.23 94.2683
92 2005 7 7276.74 17060.8 1565.88 105.663 7.86854
82 2005 2 175.881 363.077 1294.14 231.946 25.9635
92 2005 8 18.6903 79.1229 44.4919 1.34529 0.259578
82 2005 3 645.425 3406.21 5855.59 1360.06 93.1254
92 2005 9 11.741 82.5982 57.25 16.2708 0
82 2005 4 836.627 4171.67 3127.42 676.767 39.1063
82 2005 5 84.4414 300.476 295.355 61.8836 2.31337
82 2005 6 249.334 2508.55 1287.1 114.105 10.9334
72 2005 1 251.994 3443.92 8335.42 1916.69 98.6329
58 2005 1 367.073 2571.93 9429.58 1559.53 140.05
82 2005 7 7291.72 16879.5 1674.74 183.086 23.7037
72 2005 2 134.414 520.982 1163.52 262.2 21.5067
58 2005 2 124.776 264.641 1404.68 272.341 13.6304
82 2005 8 18.5391 90.9253 31.8612 2.58442 0
72 2005 3 518.266 3486.11 6042 1256.01 57.8972
58 2005 3 1175.41 3606.49 5228.07 1185.3 166.517
82 2005 9 14.1428 106.547 40.3385 6.8318 0
72 2005 4 1087.22 4550.5 2588.73 599.558 39.7134
58 2005 4 1141.48 4403.22 2678.77 587.609 62.0285
72 2005 5 83.4176 326.178 282.321 50.3932 2.16021
58 2005 5 96.1135 329.088 281.284 37.2221 0.762352
72 2005 6 202.079 2630.21 1258.4 80.8106 3.70929
58 2005 6 229.966 2780.09 1109.3 54.3043 1.55591
48 2005 1 388.573 3594.92 8328.05 1604.75 147.581
72 2005 7 7432.76 16525.7 1930.03 184.023 16.4071
58 2005 7 8197.03 15686.1 1989.1 173.981 17.4355
48 2005 2 216.756 305.748 1369.36 181.745 11.5883
72 2005 8 22.5906 77.9045 39.8356 3.57927 0
58 2005 8 25.0517 88.5837 26.6598 3.38881 0.226021
48 2005 3 773.499 3739.85 5099.05 1632.57 111.485
72 2005 9 17.7082 75.1091 60.1396 14.903 0
58 2005 9 21.2612 96.1879 48.1021 1.96999 0.3388
48 2005 4 1218.95 4089.37 2805.15 706.934 42.7529
48 2005 5 102.376 342.204 235.634 61.1037 3.15249
48 2005 6 306.327 2516.14 1235.37 107.326 10.0455
38 2005 1 327.832 3446.63 8357.26 1798.26 139.713
48 2005 7 8353.82 15607.1 1933.61 153.578 14.0862
38 2005 2 151.292 361.856 1187.56 390.766 10.0411
48 2005 8 28.6617 77.2302 30.489 7.18876 0.340347
38 2005 3 791.963 3617.1 5562.94 1315.52 107.564
48 2005 9 39.2093 90.5235 28.9712 8.86533 0.290667
38 2005 4 1083.8 4323.13 2732.97 667.642 65.5646
38 2005 5 64.797 325.799 298.714 52.9962 2.16422
28 2005 1 405.215 3003.76 8883.22 1660.36 135.672
38 2005 6 280.341 2393.31 1475.89 25.6749 0
28 2005 2 186.976 370.095 1273.93 245.56 29.0262
38 2005 7 8283.52 16161.3 1553.74 94.0038 12.6517
28 2005 3 668.872 3539.02 5896.73 1272.58 27.5007
38 2005 8 19.0852 106.367 17.7895 0.668049 0
28 2005 4 1066.37 4069.8 3053.08 630.44 48.9403
38 2005 9 1.63606 75.8973 87.2563 3.03053 0.0397961
28 2005 5 112.033 290.499 281.332 59.0086 1.59667
18 2005 1 424.78 2977.49 8873.51 1657.8 156.095
28 2005 6 271.217 2417.7 1460.1 26.1894 0
18 2005 2 173.906 293.11 1317.23 317.702 9.42462
28 2005 7 7961.41 16048.9 1921.67 139.413 3.51094
18 2005 3 1105.17 3518.74 5392.79 1236.95 122.792
28 2005 8 32.9918 99.4806 10.7366 0.700979 0
18 2005 4 1204.32 4025.15 2897.92 680.707 52.6486
28 2005 9 38.1548 85.5319 40.8335 3.09919 0.240636
18 2005 5 93.5769 339.955 247.879 59.295 3.76441
18 2005 6 250.065 2235 1601.09 74.9269 6.07368
18 2005 7 7490.02 16482 1970.04 134.764 7.93758
18 2005 8 13.6717 98.9955 30.6837 0.559091 0
18 2005 9 17.4935 101.195 44.6249 4.33914 0.207748
95 2005 1 486.121 3188.98 8489.01 1764.92 147.665
95 2005 2 118.333 376.326 1360.56 231.142 21.7025
95 2005 3 551.374 3695.38 5437.86 1548.56 55.142
95 2005 4 926.413 4257.82 2895.05 720.183 73.6383
95 2005 5 67.9324 324.035 281.535 68.6326 2.33506
95 2005 6 272.24 2569.12 1182.54 138.661 12.6463
85 2005 1 500.586 3162.12 8446.93 1849.01 134.075
95 2005 7 7676.46 16277.2 2028.85 93.0601 3.83747
85 2005 2 132.111 418.562 1298.52 218.902 40.5707
95 2005 8 7.36389 113.824 20.7516 1.2258 0.745004
85 2005 3 735.388 3646.04 5555.12 1355.13 67.9278
95 2005 9 13.8067 117 33.8108 3.24215 0
85 2005 4 1016.38 4656.68 2452.75 684.549 60.394
85 2005 5 123.32 339.174 208.514 70.7963 2.66594
85 2005 6 244.182 2589.56 1235.32 93.2356 5.27051
75 2005 1 301.506 3408.89 8569.75 1680.01 116.458
85 2005 7 7075.68 17041.7 1789.34 159.103 14.7203
75 2005 2 83.0768 374.055 1425.68 192.189 28.0355
85 2005 8 15.248 89.1013 29.691 9.51736 0.352289
75 2005 3 1099.77 3369.72 5284.46 1407.65 214.701
85 2005 9 16.6859 118.687 30.7472 1.72129 0.0184138
75 2005 4 999.619 4288.6 2892.66 621.89 65.8907
75 2005 5 56.5206 317.362 297.537 65.9767 7.07403
75 2005 6 255.628 2411.19 1399.45 104.668 4.26574
65 2005 1 358.11 3365.04 8433.54 1748.83 151.544
75 2005 7 8112.38 15905.7 1883.17 156.395 7.34963
65 2005 2 148.55 444.014 1292.08 212.865 10.8763
75 2005 8 30.8788 88.9391 22.082 1.55115 0.458897
65 2005 3 977.014 3275.94 5799.93 1162.94 117.508
75 2005 9 20.1225 112.083 29.5957 5.87801 0.180835
65 2005 4 1022.42 4353.22 2813.64 572.737 53.0037
65 2005 5 74.3151 284.041 305.064 72.5008 4.86359
65 2005 6 206.392 2530.57 1354.58 72.8992 0.478905
65 2005 7 7659.98 16478.2 1761.63 122.158 13.711
65 2005 8 22.7716 76.675 41.8036 2.6598 0
65 2005 9 17.9596 75.992 58.5208 14.7966 0.591056
9 2005 1 353.713 3044.36 8486.76 2068.65 122.129
9 2005 2 140.857 297.154 1367.13 219.151 40.572
9 2005 3 1138.17 3439.61 5318.93 1366.49 86.2553
9 2005 4 1244.88 4142.34 2741.14 670.264 60.3188
9 2005 5 102.147 283.054 277.846 63.1696 10.2202
9 2005 6 273.962 2492.14 1338.91 65.6752 4.51892
9 2005 7 7900.58 16458.1 1597.74 78.806 10.788
9 2005 8 26.6879 76.4596 37.5344 3.22814 0
9 2005 9 28.5584 68.8282 56.7188 12.7395 1.01508
98 2005 1 402.544 3388.01 8015.94 2113.7 156.186
98 2005 2 193.909 288.653 1402.88 177.804 22.1213
98 2005 3 1210.76 3315.28 5406.87 1424.59 39.7072
98 2005 4 997.334 4025.68 2967.29 829.207 53.5981
98 2005 5 78.7603 296.106 278.487 85.9921 5.12416
98 2005 6 229.917 2394.79 1465.93 80.455 4.11829
88 2005 1 237.661 3389.62 8595.72 1785.88 82.3823
98 2005 7 7480.73 16962 1523.58 123.08 6.08406
88 2005 2 166.926 473.913 1263.05 179.135 10.965
98 2005 8 20.6386 90.476 26.2119 6.58356 0
88 2005 3 610.463 3126.33 6355.42 1253.85 32.5983
98 2005 9 17.6227 96.3771 48.2703 5.58995 0
88 2005 4 1006.72 4030.38 3085.41 697.27 33.1389
88 2005 5 86.9477 319.979 275.458 61.5396 0.545523
88 2005 6 250.737 2457.32 1332.34 129.816 2.46197
78 2005 1 716.768 2362.19 9163.58 1644.9 162.847
88 2005 7 8029.64 16269.2 1660.93 85.1383 10.0216
78 2005 2 117.065 331.454 1318.45 330.86 13.5394
88 2005 8 26.4607 94.5725 21.5656 1.31128 0
78 2005 3 594.561 3542 5755.75 1401.66 45.9934
88 2005 9 30.1499 79.8645 47.3539 9.9275 0.564235
78 2005 4 1012.77 4010.39 3057.35 719.411 50.2343
78 2005 5 115.527 357.636 185.735 81.0707 4.50033
78 2005 6 237.753 2329.93 1475.07 104.315 12.9878
68 2005 1 268.842 3222.91 8704.97 1757.99 96.2876
78 2005 7 7337.65 16330.5 2146.67 197.357 21.0682
68 2005 2 98.7606 376.038 1332.04 274.111 17.244
78 2005 8 13.6138 71.8622 50.0353 7.16868 1.23
68 2005 3 889.181 3145.96 5759.87 1465 42.8684
78 2005 9 8.14705 98.7284 50.5486 8.68788 1.74809
68 2005 4 994.664 3853.46 3212.19 759.023 42.6118
68 2005 5 93.0099 303.697 252.692 65.1229 9.07503
68 2005 6 253.833 2562.79 1273.74 83.5571 1.29128
68 2005 7 7732.87 16218.3 1920.33 128.782 15.3334
68 2005 8 34.4956 70.9084 35.3195 2.83546 0.351
100 2005 1 441.606 3104.54 8655.54 1785.98 107.929
68 2005 9 17.7423 101.749 40.9458 6.57501 0.847607
100 2005 2 115.774 448.03 1244.76 295.164 7.6463
100 2005 3 953.591 3663.66 5268.87 1446.71 60.0174
100 2005 4 1066.63 4335.16 2689.59 722.262 59.466
100 2005 5 69.6496 338.508 241.362 82.5269 12.424
100 2005 6 232.011 2630.24 1268.62 43.8409 0.493339
100 2005 7 8067.37 15943.2 1997.94 83.7993 13.1539
100 2005 8 55.6131 69.6639 17.6198 0.787248 0.225918
100 2005 9 9.77504 112.339 32.9441 12.6382 0.1635
21 2005 1 416.971 2981.92 8809.33 1736.84 116.889
21 2005 2 100.858 418.724 1312.77 239.776 23.7978
21 2005 3 681.422 3625.03 5325.7 1679.18 64.931
21 2005 4 1178.82 3963.91 2952.65 705.518 69.9741
21 2005 5 88.7454 292.459 282.181 75.3078 5.77681
11 2005 1 329.686 3420.19 8609.99 1591.79 104.774
21 2005 6 276.589 2266.81 1559.03 67.1732 5.61296
11 2005 2 130.904 311.292 1439.8 189.42 16.1883
21 2005 7 8227.28 15876.2 1807.88 181.665 14.8541
11 2005 3 1050.28 3260.33 5854.49 1142.02 37.2935
21 2005 8 3.24733 103.979 30.6198 5.69624 0.367586
11 2005 4 1055.58 4417.35 2682.09 659.34 47.4761
21 2005 9 7.59222 121.732 34.4399 3.81485 0.281068
11 2005 5 81.2798 371.541 235.979 53.4726 2.19759
11 2005 6 179.539 2581.41 1339.96 67.409 4.24418
11 2005 7 8060.64 15546.8 2183.25 224.845 1.43161
11 2005 8 33.6807 76.2469 21.3749 12.337 0.270496
11 2005 9 20.7405 93.8107 44.0666 8.69884 0.543406
2 2005 1 400.275 2828.91 8702.3 1979.34 153.61
2 2005 2 129.827 276.896 1449.39 225.051 20.9766
2 2005 3 1029 2936.76 5956.96 1363.42 85.4029
24 2005 1 334.544 3741.14 8185.22 1777.33 52.6264
2 2005 4 1122.06 4112.77 2864.54 682.935 59.6191
24 2005 2 131.132 324.635 1328.39 260.148 47.3662
2 2005 5 63.0463 349.015 276.708 48.5471 4.51333
24 2005 3 910.424 3106.69 5843.73 1435.05 81.2316
2 2005 6 218.662 2378.28 1547.54 27.8916 0.236342
24 2005 4 951.562 4625.99 2518.33 681.175 47.0462
2 2005 7 8385.95 15815.5 1657.21 186.181 8.84806
24 2005 5 69.3728 354.623 226.974 86.6768 3.99299
2 2005 8 25.8715 78.9169 36.7716 2.18945 0.16063
14 2005 1 445.859 3001.5 8622.39 1871.6 149.515
24 2005 6 207.088 2672.7 1169.86 96.5381 6.76081
2 2005 9 28.2829 85.3274 51.193 3.05672 0
14 2005 2 109.968 245.399 1433.19 277.783 45.0344
24 2005 7 7893.41 16292.7 1613.48 221.556 4.76452
14 2005 3 395.37 4182.03 5422.93 1278.41 109.022
24 2005 8 48.8258 69.2701 19.237 6.57713 0
14 2005 4 935.092 4354.87 2825.75 685.292 72.1052
24 2005 9 11.5971 113.085 27.9958 15.182 0
14 2005 5 87.8205 327.342 272.358 52.2748 4.67408
14 2005 6 190.528 2569.28 1378.72 35.0804 1.5978
14 2005 7 7511.53 16610.7 1795.5 157.961 21.873
14 2005 8 19.0357 84.8933 33.9033 4.83173 1.24597
14 2005 9 9.74508 106.57 41.0091 10.4271 0.109071
81 2005 1 257.14 3414.87 8583.63 1752.61 57.7766
81 2005 2 109.172 417.633 1342.35 214.829 27.3896
81 2005 3 639.755 3311.3 5556.1 1779.8 84.3125
81 2005 4 1100.35 4216.08 2730.09 761.792 52.3891
81 2005 5 110.653 341.074 218.95 65.94 5.03247
81 2005 6 223.196 2414.52 1371.46 161.715 4.31676
71 2005 1 336.595 3401.53 8609.56 1628.73 101.099
81 2005 7 8154.01 15700.1 2105.8 99.2484 26.0153
71 2005 2 138.697 354.311 1361.75 203.549 37.9371
81 2005 8 19.2381 79.9832 40.2723 4.41638 0
71 2005 3 1027.95 3372.44 5681.81 1261.51 56.8361
81 2005 9 11.9836 102.182 46.1304 7.1431 0.421154
71 2005 4 1008.14 4344.57 2765.86 685.27 62.8573
71 2005 5 70.995 279.998 320.766 70.17 2.5413
71 2005 6 221.123 2659.95 1184.48 97.655 12.0069
61 2005 1 427.51 3417.63 8245.85 1855.79 143.025
71 2005 7 7899.29 16106 1913.76 147.823 8.31537
61 2005 2 138.461 293.234 1407.04 229.739 37.2056
71 2005 8 10.7664 70.8509 59.2371 3.05563 0
61 2005 3 902.088 3772.23 5304.44 1296.73 88.5905
71 2005 9 8.51549 84.5346 63.8384 10.2812 0.690432
61 2005 4 1021.95 4318.3 2692.9 764.199 56.9245
61 2005 5 120.559 328.112 235.32 58.2929 2.18659
61 2005 6 271.552 2489.24 1339.32 69.1635 5.93651
51 2005 1 811.464 2757.86 8777.35 1670.09 70.3705
61 2005 7 8249.03 15821.6 1659.55 337.165 17.2897
51 2005 2 151.504 362.132 1367.54 205.654 14.4216
61 2005 8 28.9891 90.7255 19.7759 4.30042 0.118983
51 2005 3 737.384 3306.8 5947.45 1292.43 79.0261
61 2005 9 20.2851 83.1139 55.1198 9.00614 0.334988
51 2005 4 1054.19 4246.38 2804.3 719.355 35.5504
5 2005 1 498.749 3210.03 8214.79 2041.33 89.4349
51 2005 5 115.438 324.793 228.308 68.1908 7.74054
5 2005 2 127.398 264.98 1497.19 183.291 7.35027
51 2005 6 251.579 2256.48 1591.07 71.9002 4.18434
5 2005 3 952.702 2926.74 6314.55 1058.66 95.8976
41 2005 1 445.351 3217.02 8819.52 1411.89 185.198
51 2005 7 7829.21 16030.4 1916.66 282.957 23.3112
5 2005 4 1054.03 4322.88 2714.75 699.073 55.8634
41 2005 2 132.048 477.727 1208.94 234.164 24.1581
51 2005 8 19.2989 81.9939 33.6626 8.74327 0.21131
5 2005 5 75.0908 386.012 210.022 70.237 3.10752
41 2005 3 1105.93 3547.29 5307.72 1306.3 75.5643
51 2005 9 4.52951 114.56 45.8378 2.78139 0.151134
5 2005 6 225.532 2631.11 1282.24 31.8328 4.49854
41 2005 4 872.725 4063.24 3244.87 641.054 49.1196
5 2005 7 8035.26 16063.6 1724.66 151.35 13.5591
41 2005 5 80.7853 324.862 258.862 76.9787 2.98183
5 2005 8 14.3332 104.873 22.753 1.60665 0.34443
17 2005 1 675.751 3340.11 8468.8 1474.92 130.3
31 2005 1 278.806 3460.37 8269.29 1965.39 108.624
41 2005 6 201.517 2473.83 1333.92 161.272 4.66826
5 2005 9 30.9278 76.8033 57.0284 3.10046 0
17 2005 2 180.552 290.146 1458.25 152.523 29.9022
31 2005 2 153.11 301.447 1311.03 291 42.9516
41 2005 7 7162.4 16674.6 2038.53 177.51 7.56967
17 2005 3 1324.04 2996.07 5514.69 1426.44 62.7851
31 2005 3 873.245 3459.18 5928.4 1039.51 82.9031
41 2005 8 34.5117 98.0834 11.3149 0 0
17 2005 4 1108.73 4492.53 2664.23 543.617 64.0085
31 2005 4 963.214 4724.41 2458.99 673.837 52.6649
41 2005 9 30.1688 102.336 33.0597 2.12568 0.169556
17 2005 5 65.862 334.364 298.929 42.1116 3.20304
31 2005 5 86.9888 326.458 242.884 84.3397 3.79955
17 2005 6 262.811 2512.45 1304.54 87.4441 7.96666
31 2005 6 200.309 2643.92 1236.6 91.5785 0
17 2005 7 7279.66 16815.5 1881.73 64.2059 10.5319
31 2005 7 7190.51 16860.3 1796.47 209.511 7.07504
17 2005 8 17.9723 99.2222 25.8107 0.904723 0
31 2005 8 43.0118 80.6322 18.3343 1.93168 0
17 2005 9 21.0492 107.111 37.2911 2.35341 0.0552899
31 2005 9 7.83788 115.014 39.8512 5.15678 0
74 2005 1 469.257 3513.02 8091.66 1905.55 95.2538
74 2005 2 144.885 251.296 1479.99 182.737 23.4225
74 2005 3 585.6 3952.62 5409.4 1348.34 31.5138
74 2005 4 950.767 4329.68 2807.74 737.276 47.6491
74 2005 5 111.061 338.853 220.552 69.2958 4.70912
74 2005 6 194.796 2565.33 1295.94 115.068 4.07191
64 2005 1 531.139 3304.83 8421.5 1735.89 102.358
74 2005 7 7907.92 16432.2 1522.34 206.199 14.7204
64 2005 2 137.985 323.924 1410.43 211.263 21.4796
74 2005 8 31.7201 82.4672 25.263 4.25056 0.209172
64 2005 3 748.679 3965.79 5380.03 1229.31 53.5285
74 2005 9 22.4535 72.7207 51.295 18.6709 2.71995
64 2005 4 984.514 4451.56 2771.08 615.989 29.1529
64 2005 5 129.803 304.324 240.656 67.473 2.21437
64 2005 6 237.66 2469.28 1416.07 48.3933 3.81106
54 2005 1 306.636 3154.36 8527.93 1935.16 159.31
64 2005 7 8281.39 15929.4 1768.44 86.935 23.1829
54 2005 2 116.511 372.059 1358.72 230.846 4.34618
64 2005 8 32.4885 86.812 17.0921 7.34982 0.167597
54 2005 3 855.214 3260.04 5503.95 1684.84 43.9816
64 2005 9 37.8288 96.497 31.3766 2.15758 0
54 2005 4 990.973 4293.45 2817.44 709.363 59.514
8 2005 1 402.022 3117.66 8769.72 1689.08 118.72
54 2005 5 98.3508 340.428 226.598 76.453 2.64002
8 2005 2 153.708 457.944 1215.39 258.395 25.9285
54 2005 6 253.095 2629.5 1169.44 119.43 3.7406
44 2005 1 499.781 3216.96 8290.14 1928.91 145.755
8 2005 3 734.916 3556.83 5531.54 1469.03 128.867
54 2005 7 7253.93 16996.8 1666.83 151.031 6.32731
44 2005 2 128.21 351.689 1412.19 193.952 19.4543
8 2005 4 1001.78 4515.47 2594.31 693.221 68.324
54 2005 8 20.8075 90.9156 27.0246 4.76197 0.400346
44 2005 3 825.773 3591.15 5591.68 1313.71 87.8469
8 2005 5 90.3477 352.975 235.324 62.7273 3.09641
54 2005 9 7.21945 106.025 45.7589 8.85692 0
44 2005 4 1001.33 4527.02 2554.26 705.061 70.8425
8 2005 6 179.29 2491.74 1413.76 84.8351 5.59136
44 2005 5 91.2362 359.578 237.64 52.6148 3.40089
8 2005 7 7425.92 16773.8 1713.14 163.553 36.4705
44 2005 6 254.541 2464.88 1407.79 46.7574 1.24087
8 2005 8 34.447 89.3135 15.9794 4.16999 0
34 2005 1 322.496 3072.74 8971.84 1588.44 100.456
44 2005 7 7630.45 16208.6 2139.86 90.4554 3.90846
8 2005 9 30.6137 82.8445 40.787 13.514 0.100817
34 2005 2 160.714 334.423 1383.2 213.963 19.066
44 2005 8 34.6311 84.2009 23.7205 1.35754 0
34 2005 3 594.045 3448.85 5956.02 1263.4 95.9936
44 2005 9 13.255 100.859 51.8377 1.9082 0
34 2005 4 902.597 3941.68 3351.45 622.818 52.2616
34 2005 5 52.6406 400.576 206.411 83.6276 1.21474
34 2005 6 229.189 2584.96 1291.81 57.9848 11.2711
34 2005 7 7531.18 16281.6 2114.64 110.727 12.6768
34 2005 8 24.583 73.3535 44.2573 1.49273 0.223463
34 2005 9 15.8675 106.111 43.2112 2.6705 0
91 2005 1 417.714 2999.95 8650.27 1921.08 97.3726
77 2005 1 450.629 2792.5 8814.67 1907.45 131.971
91 2005 2 162.046 349.422 1381.16 186.128 29.1815
77 2005 2 109.372 331.361 1351.72 294.603 17.8352
91 2005 3 528.861 3876.69 5660.77 1287.64 56.3123
77 2005 3 788.198 3679.85 5525.26 1329.57 81.3353
91 2005 4 1106.33 4294.97 2694.18 707.952 50.9549
77 2005 4 1035.93 4293.5 2857.84 607.221 49.1788
91 2005 5 103.155 320.964 236.372 70.362 4.9603
77 2005 5 107.064 282.175 274.47 71.6547 9.10578
91 2005 6 210.785 2679.34 1198.52 79.6142 6.94798
77 2005 6 196.332 2714.83 1162.85 100.241 0.961095
67 2005 1 354.656 3241.73 8631.05 1698.44 148.74
91 2005 7 7632.36 16290 1993.66 170.098 11.5129
77 2005 7 7760.27 16693 1491.48 96.9675 15.8195
67 2005 2 139.18 373.401 1345.35 184.973 44.0952
91 2005 8 11.1108 121.545 10.5249 0.728847 0
77 2005 8 43.4623 75.6002 24.4666 0.380958 0
67 2005 3 943.669 3165.89 5450.92 1771.92 68.2201
91 2005 9 4.02279 104.369 49.5093 9.95925 0
77 2005 9 21.4887 115.766 25.3416 5.19126 0.0725411
67 2005 4 1024.23 4192.7 2933.76 658.103 64.3167
67 2005 5 118.435 327.049 223.546 72.2099 3.22977
67 2005 6 201.075 2613.81 1299.4 59.6251 1.29609
57 2005 1 608.201 3025.15 8804.11 1489.93 158.586
67 2005 7 7504.94 16582 1800.61 203.338 19.5774
57 2005 2 105.481 246.917 1585.45 158.969 8.18889
67 2005 8 13.3491 81.5632 42.7653 5.95156 0.2808
57 2005 3 883.589 3175.69 5916.46 1308.24 115.624
67 2005 9 21.7857 102.288 39.0244 4.61592 0.145628
57 2005 4 1065 4542.76 2616.01 594.233 50.9511
57 2005 5 102.465 349.766 221.072 68.0068 3.16043
57 2005 6 285.541 2616.41 1170.07 95.7705 7.41918
47 2005 1 316.02 2667.28 9017.12 1987.24 104.732
57 2005 7 8057.12 16340.2 1516.32 184.136 12.4423
47 2005 2 141.158 319.08 1357.93 267.542 25.6615
57 2005 8 23.2446 80.021 36.901 2.84905 0.894259
47 2005 3 1165.82 3209.86 5823.35 1074.08 131.809
57 2005 9 18.3739 86.5079 46.2602 16.0067 0.711232
47 2005 4 1224.43 4068.64 2986.03 553.571 38.2608
47 2005 5 88.1163 331.211 252.504 58.8379 5.07638
47 2005 6 181.019 2498.49 1416.92 62.893 2.5949
37 2005 1 292.313 3457.06 8538.94 1665.51 112.055
47 2005 7 7404.72 16387.7 2102.05 189.335 3.40243
37 2005 2 133.622 309.765 1290.3 356.002 12.2242
47 2005 8 22.7817 80.5761 29.9655 9.9306 0.656125
37 2005 3 783.16 3514.19 5707.3 1280.7 101.483
47 2005 9 33.0997 91.253 38.7873 4.44536 0.274623
37 2005 4 1017.61 4474.73 2703.93 627.802 49.0316
37 2005 5 79.6144 348.441 249.396 64.2827 2.73629
27 2005 1 308.698 3093.81 9069.76 1513.87 94.5285
37 2005 6 201.031 2519.09 1388.38 60.1338 6.57243
27 2005 2 139.553 309.387 1344.83 301.328 16.2732
37 2005 7 7898.7 16361 1651.64 169.132 15.0864
27 2005 3 1124.4 3208.11 5637.41 1299.05 76.3079
37 2005 8 19.7656 85.8968 31.211 7.03666 0
27 2005 4 1020.26 4586.28 2564.51 623.636 71.7628
37 2005 9 12.0421 98.6777 49.2046 7.01938 0.916232
27 2005 5 99.7032 358.7 207.412 74.0095 4.6454
27 2005 6 222.034 2297.4 1565.59 70.8035 14.167
27 2005 7 7565.63 16452.3 1873.37 131.192 24.8664
27 2005 8 21.0007 88.1441 31.8565 2.77938 0.129212
27 2005 9 14.7398 102.057 41.7556 9.30739 0
94 2005 1 403.15 3334.45 8481.25 1794.48 80.8841
94 2005 2 174.05 524.821 1195.29 191.908 18.8889
94 2005 3 1323.81 3268.69 5377.9 1305.97 115.611
94 2005 4 1092.62 4279.26 2767.16 689.275 44.8044
94 2005 5 88.5724 358.582 214.579 80.3783 2.35808
94 2005 6 238.843 2528.98 1338.11 59.7605 9.52218
84 2005 1 321.219 3275.32 8829.6 1559.78 99.3278
94 2005 7 7762.61 16252.3 1963.39 96.7934 2.73377
84 2005 2 164.202 370.672 1374.11 187.245 12.035
94 2005 8 15.475 90.9416 31.8878 5.6056 0
84 2005 3 599.185 3670.21 5437.8 1592.1 41.8399
94 2005 9 7.15435 102.191 57.9094 0.605232 0
84 2005 4 1019.91 4055.41 3069.36 664.857 63.5778
84 2005 5 110.444 370.193 195.87 65.0754 2.88763
84 2005 6 214.173 2637.48 1253.98 60.6612 8.91466
84 2005 7 7156.73 16558.5 2140.43 202.276 17.3381
84 2005 8 19.8808 105.903 16.8844 1.24183 0
84 2005 9 27.2254 78.5938 51.7579 10.2046 0.0782564
97 2005 1 321.565 3604.63 8027.36 2006.52 125.919
97 2005 2 122.49 374.688 1343.15 241.574 29.4726
97 2005 3 807.246 3732.84 5597.9 1084.81 55.9788
97 2005 4 951.155 4219.27 2938.47 699.667 64.554
97 2005 5 101.849 322.231 257.29 56.4848 6.61626
97 2005 6 216.571 2681.17 1184.43 75.5554 9.93781
87 2005 1 345.835 3328.22 8238.33 1997.86 159.914
97 2005 7 7580.71 16420.3 1918.37 130.663 6.20697
87 2005 2 163.721 270.492 1426.69 205.666 25.5809
97 2005 8 22.256 94.9054 25.168 1.58067 0
87 2005 3 1022 3293.35 5700.01 1253.73 122.654
97 2005 9 42.9394 97.0298 23.1429 4.74793 0
87 2005 4 1017.36 4103.47 2989.29 692.269 66.1558
87 2005 5 107.987 340.519 230.819 57.5656 7.57873
87 2005 6 241.616 2706.05 1161.05 60.5013 0.856453
87 2005 7 8065.05 15940.3 1944.55 110.437 25.5796
87 2005 8 23.958 97.634 21.0036 1.31435 0
87 2005 9 9.68832 99.1985 56.6243 2.34881 0
40 2005 1 392.976 2914.23 8661.61 1985.13 140.002
40 2005 2 147.268 395.954 1342.02 206.575 19.554
40 2005 3 960.322 3337.91 5455.42 1522.67 91.0399
40 2005 4 888.96 4072.36 3012.2 806.569 83.0628
40 2005 5 83.3189 276.604 253.703 122.303 8.54092
30 2005 1 264.227 3184.49 8683.89 1759.63 179.87
40 2005 6 189.788 2458.07 1465.07 59.2764 3.00203
30 2005 2 171.626 480.126 1187.71 244.303 15.8059
40 2005 7 7784.78 16374.2 1755.4 111.914 19.9743
30 2005 3 749.787 3548.45 5538.13 1375.39 144.947
40 2005 8 25.2992 66.0547 40.416 11.1593 0.980752
30 2005 4 1019.12 4210.99 2918.7 660.006 59.9861
40 2005 9 30.1732 94.3121 27.7435 14.3801 1.25118
30 2005 5 61.8629 344.6 248.053 78.1793 3.59418
20 2005 1 461.187 2923.1 8700.77 1958.31 53.8484
30 2005 6 236.68 2629.05 1257.16 38.3214 5.98621
20 2005 2 121.849 291.722 1311.69 353.951 32.1556
30 2005 7 6834.75 17288.3 1797.07 147.949 7.6437
20 2005 3 1119.45 3131.18 5593.9 1559.46 17.1829
30 2005 8 36.6486 86.8741 18.4141 1.8809 0.09225
20 2005 4 1050.34 4426.41 2656.29 710.091 25.7797
30 2005 9 31.2999 79.9201 54.4101 1.49741 0.73248
20 2005 5 90.332 297.218 251.585 100.08 5.25509
10 2005 1 385.656 2986.86 8701.52 1929.33 67.9452
20 2005 6 256.224 2637.57 1231.46 49.1142 0.849946
10 2005 2 120.043 349.361 1393.89 200.995 28.4242
20 2005 7 7472.74 16470.7 1994.66 149.205 0.463734
10 2005 3 903.539 3364.43 5490.94 1394.69 35.6476
20 2005 8 27.0656 94.515 17.5882 4.48604 0.25516
10 2005 4 1097.28 3885.81 3016.79 780.169 47.4602
20 2005 9 27.2141 110.722 24.2915 5.63234 0
10 2005 5 90.9137 368.731 214.02 66.8712 3.93479
10 2005 6 278.018 2605.16 1261.84 25.04 0
10 2005 7 7642.92 16257.1 1990.48 156.842 16.3031
10 2005 8 21.3389 99.7606 21.5323 1.27825 0
10 2005 9 30.2864 91.6005 37.7851 7.32034 0.867697
43 2005 1 227.882 3064.47 9030.01 1641.19 101.862
43 2005 2 145.573 323.377 1336.62 262.248 29.9536
43 2005 3 1034.51 3179.16 5971.94 1050.56 87.4366
43 2005 4 1040.6 3804.65 3290.73 687.379 49.7543
43 2005 5 93.9115 363.611 250.41 25.6735 3.97087
43 2005 6 185.047 2599.03 1242 137.593 6.43986
33 2005 1 468.623 3267.58 8441.03 1731.7 172.161
43 2005 7 7216.03 16580.5 2113.4 94.5663 24.4884
33 2005 2 123.564 358.663 1284.71 324.088 20.3442
43 2005 8 28.6617 68.4787 41.1793 5.30842 0.281935
33 2005 3 1066.51 3013.03 5592.79 1592.28 124.863
43 2005 9 19.0543 81.4525 65.8058 1.54735 0
1 2005 1 352.588 3401.64 8485.97 1673.59 139.658
33 2005 4 1063.54 3929.73 3083.9 716.748 66.5007
1 2005 2 141.208 272.514 1357.42 311.032 26.3261
33 2005 5 97.3549 307.47 279.586 57.0695 2.98891
1 2005 3 838.928 3419.25 5469.84 1611.99 54.2903
23 2005 1 307.311 3010.01 8981.61 1675.15 101.068
33 2005 6 245.056 2474.92 1384.83 60.5993 9.80808
1 2005 4 1300.02 4002.79 2842.51 669.63 58.161
23 2005 2 125.592 324.754 1378.7 237.636 34.8785
33 2005 7 7472.75 16616.9 1905.63 42.2417 4.26642
1 2005 5 81.5454 347.442 237.326 77.0487 1.10844
23 2005 3 717.359 3502.47 5524.72 1535.73 105.608
33 2005 8 19.6738 95.5978 22.9042 5.53863 0.19553
1 2005 6 274.216 2776.31 1024.45 96.6963 3.53042
23 2005 4 1010.54 4018.49 3113.67 641.99 56.4359
33 2005 9 30.6079 88.3585 44.8384 3.6579 0.397302
1 2005 7 8233.51 16039.3 1684.93 139.937 7.25136
23 2005 5 88.5523 378.288 183.839 84.5431 5.83304
1 2005 8 27.9728 78.3938 29.265 7.666 0.612383
13 2005 1 607.272 3610.78 8029.51 1764.25 80.902
23 2005 6 215.719 2632.26 1223.61 94.5098 9.10883
1 2005 9 10.4516 126.485 26.2577 4.03397 0.632125
13 2005 2 103.779 298.775 1373.83 298.673 36.31
23 2005 7 8461.24 16003.9 1502.49 75.8556 10.3919
13 2005 3 916.861 3266.34 5661.57 1466.64 106.883
23 2005 8 7.94131 102.791 27.0623 5.7511 0.363963
13 2005 4 1051.41 4394.74 2711.81 676.033 39.1193
23 2005 9 20.2914 98.0927 41.5724 7.90349 0
13 2005 5 61.229 397.127 208.059 74.7471 3.30816
13 2005 6 253.877 2725.25 1126.8 64.2378 5.03925
13 2005 7 6871.88 17136.7 2044.09 55.0953 2.51355
13 2005 8 23.3646 92.9317 23.8129 3.80081 0
13 2005 9 16.055 133.619 15.2392 2.94653 0
90 2005 1 234.682 3692.76 8370.21 1685.25 87.6309
90 2005 2 142.571 300.47 1431.86 201.9 26.3898
90 2005 3 908.987 3534.76 5432.56 1393.13 92.9353
90 2005 4 1056.11 4345.16 2758.28 647.965 57.5917
90 2005 5 85.1747 398.541 201.803 53.9091 2.05138
90 2005 6 242.43 2395.77 1424.36 108.407 4.24279
80 2005 1 207.53 3489.59 8664.6 1538.21 192.495
90 2005 7 7703.57 16048.8 2198.23 123.503 1.71956
80 2005 2 158.333 324.085 1405.42 202.26 21.2686
90 2005 8 19.8249 80.3277 42.4254 1.27676 0.055265
80 2005 3 946.242 3242.14 5600.69 1554.78 71.6165
90 2005 9 21.7882 83.8114 55.0933 7.0681 0.0990909
80 2005 4 1016.88 4312.99 2744.45 719.051 69.0478
80 2005 5 129.942 332.109 197.21 82.0913 3.11892
80 2005 6 267.054 2340.62 1479.81 85.4761 2.24914
70 2005 1 240.392 3050.24 9145.81 1538.48 97.9371
80 2005 7 7619.06 16462.4 1757.56 226.686 26.7028
70 2005 2 103.28 336.931 1398.57 234.98 27.8702
80 2005 8 15.0986 105.362 20.0378 3.18639 0.224684
70 2005 3 852.25 3295.66 6052.77 1100.07 65.7698
80 2005 9 17.3245 129.115 15.8773 5.13195 0.41117
70 2005 4 985.991 3929.87 3203.17 642.591 87.2573
70 2005 5 96.6652 292.876 285.492 60.6035 8.83264
70 2005 6 242.178 2528.36 1325.4 61.609 1.23645
60 2005 1 405.49 3474.16 8518.07 1567.92 126.652
70 2005 7 6632.11 17149.5 2075.51 155.746 24.9452
60 2005 2 224.863 399.472 1263.67 154.551 55.756
70 2005 8 21.8908 91.91 21.2746 6.73602 2.09869
60 2005 3 941.037 3447.2 5392.02 1524.33 87.6701
70 2005 9 17.4116 100.028 45.4369 4.98366 0
60 2005 4 1130.91 4089.72 2895.84 686.071 70.566
60 2005 5 86.9585 346.956 234.373 71.9212 4.26184
60 2005 6 304.064 2612.59 1170.48 81.4484 6.62819
50 2005 1 351.308 3192.27 8482.9 1998.23 60.1034
36 2005 1 243.228 3456.17 8648.41 1648.37 70.5197
60 2005 7 8247.06 15973.2 1749.77 106.168 5.58623
50 2005 2 152.299 453.308 1138.14 288.802 75.5854
36 2005 2 132.098 434.321 1247.65 256.76 22.3359
60 2005 8 25.3537 91.7431 19.3396 7.34381 0.129746
50 2005 3 1160.72 3560.55 5316.62 1287.25 78.8584
36 2005 3 737.759 3552.01 5856.16 1166.53 84.9861
60 2005 9 20.7329 105.99 38.8154 2.32162 0
50 2005 4 1038.25 4196.89 2847.67 744.575 39.1577
4 2005 1 331.34 3406.6 8374.22 1833.48 150.006
36 2005 4 1128.2 4065.87 2994.36 631.714 48.7577
50 2005 5 99.9856 340.443 210.607 90.9203 2.51365
4 2005 2 122.466 354.901 1351.67 228.196 40.1928
36 2005 5 121.705 316.064 233.718 69.8138 3.1687
50 2005 6 226.463 2540.09 1364.11 44.5446 0
4 2005 3 1129.61 3748.86 4992.09 1465.02 74.9761
26 2005 1 406.209 3201.61 8771.91 1586.72 129.294
36 2005 6 230.951 2419.51 1446.01 76.2154 2.52446
50 2005 7 7257.26 16896.2 1766.07 148.403 8.70793
4 2005 4 909.006 4494.55 2666.44 742.681 54.1781
26 2005 2 129.935 405.386 1277.85 266.209 31.9888
36 2005 7 7180.85 16853 1916.14 118.933 1.9956
50 2005 8 27.1099 74.3949 38.6673 3.73785 0
4 2005 5 91.5917 306.84 249.609 94.0636 2.36578
26 2005 3 798.894 3563.13 5470.7 1473.47 65.8177
36 2005 8 32.0714 92.0414 18.7975 0.999675 0
50 2005 9 24.424 92.1167 41.7229 8.56169 1.03475
4 2005 6 304.574 2378.22 1417.55 67.5528 7.31426
26 2005 4 1079.41 4060.15 2974.26 693.75 58.1038
36 2005 9 19.5877 98.8736 48.3508 1.04782 0
4 2005 7 7726.06 16430.7 1766.28 173.691 13.3971
26 2005 5 87.3784 316.915 280.314 57.4211 2.441
4 2005 8 18.4345 80.0384 38.0575 7.37955 0
16 2005 1 468.88 3003.14 8884.95 1648.04 79.6697
26 2005 6 231.47 2451.08 1426.82 63.3639 2.47476
4 2005 9 11.9463 78.9689 60.3263 15.0242 1.5943
16 2005 2 147.582 299.158 1405.16 245.245 5.59767
26 2005 7 7997.69 16175.6 1776.52 121.446 10.426
16 2005 3 737.263 3486.93 5843.32 1256.06 38.1912
26 2005 8 28.4405 98.4505 13.7385 3.19826 0.0822343
16 2005 4 1043.49 4196.59 2907.62 677.431 45.7638
26 2005 9 16.1306 105.749 38.6533 7.32676 0
16 2005 5 86.0123 290.756 279.96 81.5982 6.1435
16 2005 6 231.849 2751.46 1039.96 144.262 7.68396
16 2005 7 7678.39 16583 1685 134.978 5.02024
16 2005 8 15.0141 68.6069 50.3959 8.34003 1.55306
16 2005 9 30.795 93.7091 35.6912 7.24 0.424747
93 2005 1 492.186 3233.24 8447.32 1765.19 127.252
93 2005 2 156.195 279.601 1385.43 243.832 39.7139
93 2005 3 1227.88 3201.5 5778.35 1067.48 75.01
93 2005 4 917.326 4261.24 2910.44 718.555 54.4171
93 2005 5 65.6933 330.988 238.228 102.285 7.2751
93 2005 6 207.852 2577.46 1294.36 85.299 10.2384
83 2005 1 421.823 3292.79 8325.86 1974.53 77.5936
93 2005 7 7788.42 16161.6 2064.39 49.1481 1.73428
83 2005 2 166.758 383.194 1268.86 276.786 13.118
93 2005 8 23.9034 84.6645 29.6713 5.52677 0.144054
83 2005 3 1058.36 3573.69 5449.32 1278.96 51.8839
93 2005 9 15.7596 110.074 36.4792 5.25667 0.290594
83 2005 4 1137.61 4005.79 2962.03 703.024 45.463
83 2005 5 109.662 376.096 209.855 47.4843 1.37285
83 2005 6 294.399 2300.11 1454.63 108.813 17.2536
73 2005 1 385.159 2765.91 8761.13 2042.75 124.809
83 2005 7 7419.4 16613.4 1903.2 150.889 20.6115
73 2005 2 98.6667 481.011 1257.25 259.667 14.7785
83 2005 8 24.251 91.6116 27.5444 0.503041 0
73 2005 3 544.404 3731.8 5656.87 1292.87 132.419
83 2005 9 11.7334 107.215 47.9629 0.948362 0
73 2005 4 911.151 4231.1 3014.23 648.276 63.9377
73 2005 5 92.2434 318.484 277.824 52.4769 3.44114
73 2005 6 142.956 2806.32 1120.75 79.5694 25.6134
63 2005 1 432.106 2715.38 8585.09 2292.85 64.334
73 2005 7 7201.01 16671.4 2037.7 152.384 6.69735
63 2005 2 150.574 326.962 1399.23 212.964 18.6395
73 2005 8 11.5955 88.7063 39.7701 2.96303 0.875128
63 2005 3 709.33 3522.85 5805.21 1271.07 92.5736
73 2005 9 12.6885 88.5349 59.0103 7.26031 0.365974
63 2005 4 1023.93 4240.16 2859.01 714.064 33.772
63 2005 5 79.1733 311.635 264.205 88.1363 1.32027
63 2005 6 301.416 2549.64 1243.86 78.039 2.25399
53 2005 1 371.498 3546.68 8377.68 1648.1 134.369
39 2005 1 384.74 3002.15 8951.77 1626.01 115.301
63 2005 7 7563.62 16672.4 1720.45 130.331 8.02966
53 2005 2 92.2167 402.407 1368.82 228.816 19.108
39 2005 2 166.148 296.632 1381.31 245.67 8.18574
63 2005 8 34.6198 92.6848 15.7321 0.779605 0.0936914
53 2005 3 694.389 3084.76 5961.16 1486.55 170.387
39 2005 3 988.45 2912.9 6119.52 1309.06 52.426
63 2005 9 8.53194 78.182 74.154 6.99203 0
53 2005 4 958.176 4304.03 2796.78 713.828 89.2022
7 2005 1 311.571 3273.24 8306.47 1998.39 140.698
39 2005 4 1123.31 4080.6 3002.87 616.039 50.2869
53 2005 5 64.5491 361.076 246.058 63.8069 8.97988
7 2005 2 147.004 397.719 1289.96 194.766 28.1882
39 2005 5 79.9533 290.062 280.468 84.6728 9.31397
53 2005 6 250.418 2522 1303.5 86.4004 12.8937
7 2005 3 693.51 3646.08 5183.76 1716.69 56.6021
29 2005 1 376.652 3350.16 8397.91 1808.33 133.559
39 2005 6 241.062 2594 1282.21 55.1464 2.79441
53 2005 7 7288.74 16912.3 1784.49 82.5953 6.52339
7 2005 4 974.531 3891.5 3038.62 883.993 81.9975
29 2005 2 130.718 344.038 1363.18 216.852 24.979
39 2005 7 8157.06 15993.2 1801.86 146.619 11.6537
53 2005 8 18.3468 85.9885 29.6012 8.53762 1.43591
7 2005 5 107.223 315.463 221.895 94.519 5.36998
29 2005 3 1117.55 2869.99 6114.11 1205.69 35.223
39 2005 8 39.1694 78.9523 24.652 1.1364 0
53 2005 9 22.6161 76.1019 62.4406 5.90216 0.799225
7 2005 6 204.151 2548.01 1296.72 121.795 4.53378
29 2005 4 964.947 4527.59 2612.73 698.077 64.9307
39 2005 9 37.7051 94.0087 32.6611 3.37607 0.109
7 2005 7 7853.87 16421.6 1690.89 67.4876 15.9279
29 2005 5 89.1359 340.907 230.99 70.9852 12.452
7 2005 8 20.3016 68.0916 46.1376 9.37926 0
19 2005 1 326.967 3639.12 8244.49 1723.56 158.206
29 2005 6 219.089 2480.05 1413.17 61.9951 0.904391
7 2005 9 23.2946 75.2301 61.4887 7.84669 0
19 2005 2 170.5 461.646 1225.91 242.622 7.72588
29 2005 7 7263.35 16671.3 1934.12 164.325 13.8279
19 2005 3 1146.48 2878.47 5991.95 1333.7 67.6862
29 2005 8 14.1163 80.2525 39.1061 10.0296 0.405521
19 2005 4 1052.31 4397.11 2653.52 697.048 66.3588
29 2005 9 13.2161 114.193 36.4089 3.89716 0.145082
19 2005 5 78.4814 341.697 251.494 65.6027 7.19465
19 2005 6 193.475 2509.9 1437.83 32.7665 1.23853
19 2005 7 7329.63 16926.8 1728.75 95.0653 2.94215
19 2005 8 26.4747 89.3255 26.791 1.31878 0
19 2005 9 7.72782 107.496 40.3656 10.0949 2.17583
96 2005 1 387.538 3563.94 8364.73 1650.52 119.631
96 2005 2 96.173 497.016 1237.53 227.264 53.3892
96 2005 3 842.846 4051.63 5167.17 1226.42 99.7735
96 2005 4 1134.26 4331.17 2742.43 618.652 44.4183
96 2005 5 111.971 308.11 252.018 68.4249 3.9463
96 2005 6 227.801 2508.05 1383.76 46.026 6.83125
86 2005 1 290.32 2935.37 8733.02 2016.88 92.8437
96 2005 7 7734.37 16236.4 1891.57 175.498 13.6745
86 2005 2 93.7641 278.644 1437.83 272.664 22.5263
96 2005 8 44.7723 77.9081 15.7385 5.37407 0.117
86 2005 3 922.194 3533.56 5489.24 1347.42 45.3826
96 2005 9 18.1235 96.3591 49.0116 4.2359 0.129923
86 2005 4 1000.85 4316.95 2800.04 707.402 47.8689
86 2005 5 69.9157 330.014 264.772 73.1741 6.59361
86 2005 6 274.541 2360.73 1488.39 48.4914 3.05505
76 2005 1 572.063 3723.18 7981.33 1668.06 123.631
86 2005 7 7356.64 16467 2147.31 117.968 9.45603
76 2005 2 113.922 341.807 1383.57 243.88 28.1946
86 2005 8 10.2234 96.728 33.1885 3.77019 0
76 2005 3 976.786 2849.07 5874.52 1521.46 87.7353
86 2005 9 12.4872 98.3968 43.8014 13.1746 0
76 2005 4 958.627 4678.59 2460.74 668.226 63.8205
76 2005 5 57.6933 375.767 212.081 88.2199 1.84591
76 2005 6 254.592 2498.35 1322.03 89.5202 5.65626
66 2005 1 203.827 3641.42 8537.18 1615.02 84.0898
76 2005 7 8189.53 15527.9 2096.59 163.876 5.68006
66 2005 2 104.61 372.143 1445.59 168.263 17.8392
76 2005 8 39.9707 75.3452 23.0108 5.22047 0.362798
66 2005 3 687.393 3389.95 5776.85 1513.67 44.7306
76 2005 9 7.42415 119.996 37.4745 2.59846 0.36664
66 2005 4 837.49 4456.68 2868.4 651.649 32.4448
66 2005 5 87.4529 293.075 312.169 49.9139 1.85939
66 2005 6 186.398 2714.74 1175.83 92.2755 5.96622
56 2005 1 257.726 3354.42 8639.45 1726.37 111.326
66 2005 7 6449.33 17650.5 1804.01 155.357 9.08864
56 2005 2 143.652 377.518 1317.06 228.051 25.1101
66 2005 8 21.7242 96.9177 23.344 1.80757 0.116562
56 2005 3 575.32 3707.09 5805.71 1255.6 51.7319
66 2005 9 13.8797 105.726 41.8453 6.2846 0.124242
56 2005 4 1022.8 4270.17 2872.53 664.186 37.0224
56 2005 5 75.9395 349.844 247.691 67.6106 3.38472
56 2005 6 243.047 2463.47 1391.39 74.0157 3.29273
46 2005 1 328.109 2853.19 8847.42 1896.47 149.913
56 2005 7 7409.71 16554.6 2008.84 103.802 9.70798
46 2005 2 107.637 336.429 1355.15 272.12 18.1723
56 2005 8 16.3583 86.641 36.8333 3.90613 0.171321
46 2005 3 939.456 3622.88 5343.36 1365.26 109.944
56 2005 9 17.1437 115.363 32.4181 2.93483 0
46 2005 4 1086.15 4132.51 2882.99 699.402 60.9253
46 2005 5 89.2094 345.884 239.039 63.4622 4.05529
46 2005 6 189.999 2619.52 1308.99 34.1642 11.5257
46 2005 7 7595.55 16219.2 2073.05 98.741 5.8779
46 2005 8 31.7625 90.4385 20.9191 0.789859 0
46 2005 9 23.6558 103.058 34.4595 6.39172 0.295152
89 2005 1 884.494 2858.62 8520.02 1724.1 109.976
89 2005 2 150.227 405.191 1309.87 240.745 5.34076
89 2005 3 711.815 3566.36 5977.13 1058.37 107.496
89 2005 4 1006.4 4437.28 2752.91 632.212 44.2997
89 2005 5 95.7889 278.344 301.897 65.9855 2.45397
89 2005 6 233.101 2437.75 1464.88 35.7062 3.76387
79 2005 1 258.204 3593.64 8660.97 1401.97 161.592
89 2005 7 8111.59 15944.8 1951.65 92.559 12.2723
79 2005 2 131.029 254.192 1313.83 366.036 28.9763
89 2005 8 28.9373 73.3457 31.2256 8.7934 1.60797
79 2005 3 510.331 3924.67 5443.61 1398.28 104.232
89 2005 9 36.434 82.5304 39.829 8.78118 0.285476
79 2005 4 1090.4 4653.09 2561.28 504.817 49.387
79 2005 5 100.888 307.672 260.61 70.3941 4.90575
79 2005 6 185.786 2437.37 1504.08 44.4708 3.50446
69 2005 1 490.89 3072.2 8653.06 1777.19 99.2958
79 2005 7 7386.75 16626 1973.91 88.411 4.12677
69 2005 2 94.7175 321.053 1437.67 234.207 23.7213
79 2005 8 27.7723 86.7847 27.8721 1.48097 0
69 2005 3 731.373 3168.15 6093.14 1280.95 105.182
79 2005 9 9.53361 109.674 41.8346 6.27551 0.541976
69 2005 4 968.884 4121.35 3026.69 690.924 60.7985
69 2005 5 76.8545 369.905 202.812 88.1527 6.74622
69 2005 6 226.089 2654.42 1238.46 47.3979 8.84233
59 2005 1 393.817 3228.04 8784.57 1521.23 159.772
69 2005 7 7251.91 16959.3 1753.32 114.259 8.38696
59 2005 2 96.1437 382.392 1339.47 267.019 26.3484
69 2005 8 21.2383 76.407 35.1618 10.8849 0.218045
59 2005 3 1222.8 3624.24 5216.93 1223.01 100.239
69 2005 9 13.5854 79.7778 58.7585 14.3863 1.3519
59 2005 4 1104.42 4443.31 2609.31 649.667 64.2708
59 2005 5 97.0104 343.128 250.136 52.7727 1.42319
59 2005 6 227.076 2796.53 1072.47 73.2588 5.88145
49 2005 1 233.708 3522.96 8692.78 1498.69 129.987
59 2005 7 8428.14 15870.7 1682.34 107.387 10.6466
49 2005 2 112.29 327.835 1393.31 261.447 16.4923
59 2005 8 26.1021 79.1832 35.5773 2.98683 0.0605045
49 2005 3 732.258 3325.08 5708.14 1557.31 55.9486
59 2005 9 14.441 109.885 32.258 10.1559 1.12028
49 2005 4 1157.14 4324.95 2580.53 733.077 63.5738
49 2005 5 90.5973 338.921 251.261 57.0085 3.03357
49 2005 6 193.517 2581.36 1275.81 118.161 6.36631
49 2005 7 8006.12 16154.6 1705.68 196.581 14.1698
49 2005 8 40.0798 73.9222 24.5755 5.33255 0
49 2005 9 26.1791 91.6343 37.6069 12.2245 0.215205
99 2005 1 362.495 3005.49 8591.12 1979.87 121.772
99 2005 2 108.155 340.165 1419.06 213.672 30.3151
99 2005 3 716.184 3382.67 5566.09 1536.56 102.447
99 2005 4 1087.19 4364.07 2655.8 713.119 48.4752
99 2005 5 95.4373 349.205 218.296 68.7643 3.18211
99 2005 6 221.272 2434.68 1469.15 37.1261 0.680522
99 2005 7 7387.31 16638.8 1810.68 159.722 17.7002
99 2005 8 27.9384 83.5762 30.1204 1.88736 0.387636
99 2005 9 22.7924 75.711 65.7896 3.56705 0
3 2005 1 474.073 3702.85 8326.26 1425.89 117.271
3 2005 2 120.133 336.209 1306.88 300.075 20.0458
3 2005 3 801.045 3780.59 5248.99 1417.23 107.908
3 2005 4 1172.04 4129.04 2818.88 676.902 67.3084
3 2005 5 95.9094 288.011 233.881 122.858 3.81002
3 2005 6 246.324 2536.3 1303.36 81.9004 7.32176
3 2005 7 8210.67 15957.1 1794.37 87.0219 5.38353
3 2005 8 19.1968 96.3891 26.5447 1.1466 0.632806
3 2005 9 9.79958 115.845 27.9318 12.8426 1.44119
