1	1	2	5	1	68
1	2	1	4	1	60
1	2	2	4	1	62
1	3	1	5	1	71
1	4	1	4	1	54
1	5	2	6	1	81
1	6	2	6	1	81
1	6	2	6	1	89
1	7	2	6	1	73
1	8	2	4	1	55
1	9	2	6	1	65
1	9	2	5	1	67
1	9	1	5	1	74
1	9	1	6	1	81
1	10	2	6	1	78
1	11	1	6	1	100
1	12	1	4	1	59
1	12	2	6	1	83
1	12	2	6	1	82
3	13	1	5	1	76
3	13	1	4	1	77
3	14	1	4	1	66
3	15	1	5	1	76
3	16	2	5	1	83
2	17	1	4	1	76
2	17	2	4	1	75
3	18	2	4	1	61
3	18	2	4	1	62
3	18	2	4	1	64
3	18	2	4	1	65
3	18	1	4	1	65
1	19	1	5	1	79
1	20	1	5	1	68
1	21	2	5	1	62
1	21	2	5	1	71
1	21	1	6	1	77
1	22	1	5	1	53
1	22	1	5	1	68
1	23	2	5	1	72
1	23	2	7	1	93
1	24	1	4	1	53
1	24	2	4	1	57
1	24	1	5	1	66
1	24	2	5	1	68
1	24	1	5	1	70
1	24	1	6	1	84
1	24	1	6	1	78
1	24	2	7	1	92
1	24	2	6	1	94
3	25	2	5	1	73
3	26	2	4	1	85
2	27	1	5	1	80
1	28	1	6	1	80
1	29	1	4	1	40
1	30	1	5	1	67
1	31	1	4	1	49
1	31	2	4	1	61
1	32	1	6	1	79
1	33	1	6	1	87
1	34	2	6	1	66
1	35	1	5	1	68
1	36	2	5	1	60
1	37	2	3	1	47
1	38	2	4	1	43
1	39	2	4	1	40
1	39	2	4	1	54
1	39	2	5	1	61
1	40	1	6	1	75
1	41	2	6	1	84
1	42	1	5	1	68
1	43	1	5	1	60
1	43	1	5	1	71
1	44	2	6	1	92
2	45	2	5	1	71
2	46	1	5	1	67
2	46	1	4	1	72
2	47	1	5	1	72
2	47	1	5	1	73
3	48	1	3	1	36
3	49	1	4	1	68
3	50	1	4	1	76
3	51	2	4	1	61
3	52	1	4	1	68
3	53	1	3	1	51
3	53	2	4	1	58
3	54	2	4	1	59
3	55	1	4	1	62
3	55	2	4	1	67
2	56	1	5	1	71
1	57	1	5	1	67
3	58	1	3	1	59
3	58	1	4	1	64
3	59	1	4	1	65
3	60	1	3	1	59
1	61	2	6	1	73
1	62	2	5	1	68
1	63	1	5	1	73
1	63	2	7	1	81
1	64	2	4	1	57
1	64	1	6	1	62
1	64	2	6	1	65
1	64	1	5	1	70
1	64	2	6	1	73
1	64	1	6	1	74
1	64	2	6	1	80
1	64	2	6	1	84
1	65	2	6	1	85
1	66	2	6	1	84
1	67	1	7	1	64
1	67	2	6	1	74
1	67	1	6	1	84
1	68	1	6	1	66
1	68	2	6	1	79
3	69	1	5	1	85
3	70	1	4	1	64
3	71	2	4	1	65
3	72	2	4	1	59
3	72	1	4	1	64
3	73	1	3	1	51
3	73	2	4	1	58
3	73	1	4	1	61
3	73	1	4	1	72
3	73	1	4	1	74
1	74	2	5	1	64
1	74	2	5	1	61
1	74	1	6	1	80
1	74	2	5	1	73
1	75	1	5	1	65
1	75	1	5	1	78
1	76	2	5	1	64
1	76	1	5	1	71
1	76	2	5	1	78
1	76	2	6	1	88
1	77	2	5	1	69
1	78	1	5	1	78
3	79	2	3	1	49
3	80	1	3	1	56
1	81	2	5	1	58
1	82	2	5	1	67
1	83	1	6	1	71
1	84	1	5	1	66
1	85	2	5	1	67
1	86	2	6	1	76
1	87	1	5	1	77
1	88	2	6	1	82
1	89	2	6	1	81
1	89	2	6	1	87
3	90	1	4	1	62
3	91	2	3	1	56
3	92	1	4	1	67
3	93	2	4	1	63
3	94	2	4	1	64
3	95	2	4	1	65
3	96	1	4	1	75
3	97	1	4	1	65
3	98	2	5	1	84
1	99	2	5	1	72
1	100	1	5	1	77
3	101	2	3	1	56
3	102	1	3	1	46
3	103	2	3	1	48
3	104	2	4	1	66
3	105	1	3	1	48
3	106	2	4	1	54
3	107	1	4	1	55
3	107	2	5	1	66
3	107	1	5	1	67
3	108	2	4	1	58
3	108	2	4	1	60
3	109	2	3	1	50
3	109	1	4	1	64
3	109	1	5	1	91
3	110	2	4	1	66
3	111	2	4	1	68
3	112	2	3	1	54
3	112	2	4	1	69
3	113	1	4	1	54
3	114	2	3	1	53
3	115	2	3	1	50
3	115	1	4	1	68
3	116	1	4	1	61
1	117	1	5	1	64
1	117	2	5	1	67
1	118	2	4	1	53
1	118	2	5	1	72
1	118	1	6	1	87
1	119	1	5	1	66
3	120	1	3	1	53
3	121	2	3	1	48
3	121	1	4	1	62
3	122	1	3	1	47
3	123	1	3	1	41
1	124	1	5	1	65
1	124	1	6	1	95
1	125	2	5	1	68
1	126	1	5	1	65
1	127	1	6	1	80
3	128	1	4	1	70
3	129	1	4	1	64
3	130	1	5	1	89
1	131	2	5	1	64
1	132	1	6	1	75
1	132	2	6	1	76
1	133	2	6	1	78
1	134	2	6	1	79
1	134	2	5	1	82
1	134	1	6	1	90
1	135	2	4	1	57
1	136	2	4	1	51
1	136	1	4	1	64
1	137	2	6	1	83
1	138	1	4	1	56
3	139	1	3	1	53
3	139	1	4	1	65
3	140	1	5	1	98
3	141	1	4	1	68
3	141	2	4	1	74
3	142	2	3	1	42
3	142	1	3	1	49
3	143	1	4	1	64
3	144	1	4	1	61
3	144	2	4	1	62
3	145	2	4	1	56
3	145	1	4	1	65
3	146	2	3	1	50
3	146	1	4	1	68
1	147	2	5	1	63
1	147	2	5	1	66
1	148	2	7	1	68
1	149	2	5	1	67
1	149	1	6	1	72
1	149	2	5	1	73
1	149	1	6	1	81
1	150	1	5	1	67
1	150	2	5	1	71
1	150	1	6	1	83
1	151	2	5	1	67
1	151	1	5	1	65
1	151	2	5	1	69
1	151	1	5	1	70
1	152	2	5	1	67
1	153	2	5	1	69
1	154	2	6	1	72
1	155	2	5	1	65
1	155	2	5	1	68
3	156	2	4	1	61
3	157	1	4	1	63
3	157	1	4	1	64
3	158	1	4	1	61
3	159	1	4	1	66
3	160	2	4	1	59
3	161	1	4	1	65
3	162	2	4	1	68
3	162	1	4	1	69
3	163	2	4	1	60
3	164	1	4	1	69
1	165	2	6	1	84
1	166	1	5	1	73
1	167	2	5	1	62
1	168	2	5	1	62
1	169	2	4	1	55
1	169	2	5	1	58
1	169	2	4	1	60
1	169	2	5	1	65
1	169	2	5	1	61
1	169	1	5	1	62
1	169	1	4	1	63
1	169	2	5	1	65
1	169	2	5	1	66
1	169	2	5	1	68
1	169	1	4	1	66
1	169	1	5	1	68
1	169	2	6	1	68
1	169	1	5	1	73
1	169	2	5	1	72
1	169	1	6	1	85
3	170	1	3	1	55
1	171	1	6	1	90
1	172	2	5	1	68
1	173	2	6	1	75
1	174	2	6	1	85
1	175	1	3	1	31
1	175	1	5	1	54
1	176	1	4	1	47
1	177	1	6	1	83
1	178	2	5	1	61
1	179	1	6	1	72
1	179	1	6	1	82
1	180	2	6	1	84
3	181	2	3	1	48
3	181	1	4	1	61
3	181	1	4	1	64
3	182	2	4	1	63
3	182	1	4	1	65
3	182	2	4	1	68
1	183	2	3	1	33
1	184	2	4	1	57
1	184	2	5	1	63
1	184	1	5	1	61
1	184	2	5	1	68
1	185	2	4	1	60
1	185	2	5	1	60
1	185	1	6	1	90
1	186	2	4	1	49
1	187	2	5	1	61
1	187	1	5	1	71
1	187	2	6	1	75
1	188	2	5	1	61
1	188	2	6	1	74
3	189	2	4	1	60
3	190	1	4	1	69
3	191	2	5	1	59
3	191	2	4	1	63
3	192	2	4	1	62
3	193	2	4	1	70
3	194	2	5	1	72
3	195	2	4	1	58
3	196	2	5	1	77
1	197	2	4	1	53
3	198	2	5	1	66
1	199	2	4	1	50
1	199	2	4	1	51
1	199	2	5	1	72
1	200	1	4	1	56
1	200	1	5	1	68
1	200	2	5	1	71
1	200	1	5	1	73
1	200	1	5	1	74
1	200	2	5	1	66
1	201	2	5	1	61
1	201	1	5	1	65
1	201	2	5	1	68
1	201	2	5	1	70
3	202	2	4	1	67
3	203	2	4	1	57
3	204	2	4	1	68
3	205	1	4	1	61
3	205	2	4	1	61
3	206	2	3	1	50
3	206	1	3	1	53
3	207	2	4	1	58
3	207	1	3	1	60
3	208	1	3	1	52
3	209	2	3	1	53
3	209	2	4	1	68
3	209	2	5	1	82
3	210	2	3	1	45
3	210	1	3	1	50
3	210	2	4	1	62
3	210	1	4	1	70
3	210	2	5	1	87
3	211	2	4	1	67
3	211	1	4	1	69
3	212	1	3	1	46
3	212	1	3	1	57
3	213	1	3	1	46
3	214	1	3	1	47
3	214	1	3	1	49
3	214	2	4	1	58
3	214	2	4	1	61
1	215	2	5	1	61
1	215	1	5	1	68
1	215	1	5	1	70
1	216	2	6	1	83
1	217	1	5	1	57
1	217	2	5	1	68
1	218	1	4	1	51
1	218	2	6	1	76
1	219	1	5	1	65
1	219	2	6	1	70
1	220	2	5	1	71
1	221	2	5	1	71
1	222	1	5	1	63
1	223	2	5	1	70
1	224	2	6	1	89
3	225	1	5	1	69
3	225	1	4	1	71
3	225	2	5	1	71
3	225	2	4	1	71
3	225	2	4	1	76
1	226	2	6	1	74
1	226	2	6	1	78
1	226	2	5	1	71
1	226	2	6	1	81
1	226	2	6	1	83
1	226	1	6	1	82
3	227	2	5	1	79
1	228	1	4	1	55
1	229	1	6	1	80
1	230	1	5	1	77
1	231	2	6	1	56
1	232	2	5	1	70
1	233	2	6	1	88
1	234	2	4	1	53
1	235	2	6	1	64
1	236	1	5	1	73
1	236	1	6	1	79
1	237	2	4	1	52
1	237	2	6	1	61
1	237	2	6	1	94
3	238	1	4	1	64
3	239	2	4	1	57
3	240	2	4	1	67
3	240	1	4	1	79
3	241	2	4	1	61
3	241	1	5	1	76
2	242	1	4	1	70
2	242	1	5	1	78
2	242	2	5	1	91
2	243	2	6	1	86
2	244	2	4	1	71
2	245	2	5	1	77
2	246	1	5	1	74
2	247	2	5	1	71
2	248	2	5	1	77
2	249	1	4	1	66
2	250	1	4	1	65
2	251	2	4	1	63
1	252	1	3	1	30
1	252	2	4	1	41
1	252	2	4	1	47
1	252	1	5	1	72
1	253	2	4	1	53
1	254	1	4	1	50
1	254	2	4	1	53
1	254	2	4	1	56
1	255	2	4	1	54
1	256	2	5	1	62
1	257	1	5	1	65
1	258	2	3	1	35
1	259	1	5	1	62
1	259	2	6	1	76
1	260	2	6	1	92
1	261	2	5	1	63
1	261	1	6	1	74
1	261	2	7	1	87
3	262	2	5	1	76
2	263	2	4	1	61
2	263	1	5	1	68
2	263	2	5	1	75
2	264	1	4	1	61
3	265	2	3	1	49
3	266	2	4	1	62
2	267	1	5	1	70
2	268	2	4	1	68
2	269	2	5	1	77
1	270	1	3	1	44
1	270	2	5	1	65
1	271	2	4	1	57
1	272	2	4	1	69
1	273	1	6	1	75
1	274	2	5	1	72
1	275	2	5	1	49
1	276	1	3	1	25
1	277	2	6	1	88
1	278	1	5	1	68
1	279	1	5	1	68
1	280	1	5	1	62
1	281	2	5	1	62
1	282	2	4	1	48
1	283	2	4	1	63
1	284	1	4	1	54
1	285	1	5	1	70
1	286	1	5	1	68
1	287	1	4	1	52
2	288	1	5	1	74
2	289	1	5	1	93
2	290	1	5	1	71
2	290	2	5	1	76
2	291	2	5	1	80
3	292	1	5	1	80
3	293	2	5	1	83
3	294	1	4	1	54
3	294	2	5	1	77
1	295	2	6	1	65
1	295	2	5	1	68
1	296	2	5	1	70
1	297	2	5	1	58
1	297	1	5	1	61
1	298	2	5	1	68
1	299	2	5	1	60
1	299	2	6	1	74
1	299	2	6	1	80
1	299	2	5	1	81
1	299	2	6	1	89
1	300	2	5	1	65
1	301	1	4	1	56
1	302	2	5	1	67
1	303	2	5	1	70
1	304	2	6	1	69
1	304	2	6	1	88
1	304	1	6	1	96
1	305	1	5	1	75
1	306	2	5	1	69
2	307	2	4	1	62
2	307	2	4	1	65
2	308	2	5	1	88
1	309	2	5	1	66
1	309	1	5	1	67
1	309	1	6	1	84
1	310	2	5	1	60
1	311	1	5	1	64
1	312	1	5	1	68
1	313	1	5	1	70
1	314	2	5	1	57
1	314	2	5	1	62
1	314	2	6	1	81
1	315	2	6	1	79
1	316	2	5	1	67
1	317	2	6	1	79
1	318	1	4	1	59
1	318	1	5	1	73
1	319	2	4	1	58
1	319	1	6	1	83
1	320	2	5	1	67
3	321	2	4	1	73
3	322	2	4	1	68
3	323	2	4	1	62
3	324	1	3	1	47
3	324	1	4	1	67
3	324	2	5	1	84
2	325	2	4	1	60
2	326	1	5	1	73
2	326	2	5	1	91
2	327	2	5	1	71
2	328	1	4	1	64
2	329	2	5	1	80
2	330	1	4	1	71
2	330	2	5	1	85
2	331	1	5	1	71
2	331	2	5	1	86
2	332	2	5	1	84
2	332	2	5	1	86
1	333	2	5	1	58
1	333	2	5	1	60
1	333	2	5	1	62
1	333	1	5	1	63
1	333	1	6	1	83
1	334	2	5	1	53
1	335	2	5	1	63
1	336	1	5	1	68
1	337	1	5	1	55
1	338	2	6	1	74
1	339	2	6	1	70
1	340	2	5	1	62
1	340	1	5	1	67
1	340	1	5	1	71
1	341	1	5	1	55
1	342	1	5	1	62
1	342	1	5	1	65
1	342	2	5	1	69
2	343	2	4	1	61
3	344	1	5	1	70
3	345	1	4	1	60
3	345	1	4	1	64
2	346	2	4	1	64
2	346	1	4	1	65
2	346	2	4	1	65
2	346	2	5	1	73
2	346	1	5	1	73
2	346	1	4	1	75
2	346	1	5	1	83
2	347	2	5	1	79
2	348	1	5	1	72
1	349	1	5	1	75
1	350	2	7	1	94
1	351	2	5	1	57
1	351	2	4	1	57
1	351	2	5	1	59
1	351	2	5	1	63
1	351	2	5	1	67
1	351	2	5	1	66
1	351	1	5	1	72
1	352	1	6	1	78
1	353	1	6	1	85
3	354	2	4	1	60
3	354	1	5	1	72
2	355	1	4	1	77
1	356	2	5	1	65
1	356	1	5	1	64
1	356	2	5	1	65
1	356	2	5	1	69
1	356	1	5	1	68
1	357	2	6	1	73
1	358	2	5	1	66
1	358	1	5	1	69
1	358	2	6	1	86
3	359	2	3	1	49
3	360	1	3	1	55
3	361	2	4	1	70
3	362	1	3	1	46
3	363	1	4	1	52
3	363	1	4	1	52
3	364	2	4	1	59
3	365	2	5	1	79
3	366	1	5	1	78
3	367	1	4	1	61
3	368	1	3	1	61
3	369	2	5	1	84
3	370	1	4	1	72
3	370	2	5	1	79
1	371	2	5	1	68
1	371	1	5	1	69
1	371	1	5	1	69
1	371	1	5	1	74
1	371	2	6	1	78
1	371	1	6	1	80
1	371	2	7	1	85
1	372	1	5	1	56
1	372	2	5	1	68
1	372	2	5	1	71
1	372	2	6	1	73
1	372	1	6	1	75
1	372	1	6	1	77
1	372	1	6	1	74
1	372	2	6	1	83
1	372	2	6	1	89
3	373	2	5	1	79
3	374	2	3	1	56
3	375	2	4	1	63
3	376	1	5	1	87
3	377	1	4	1	77
3	378	1	3	1	51
3	379	2	3	1	51
3	379	1	3	1	51
3	379	1	4	1	63
3	379	2	4	1	70
3	379	2	4	1	71
3	380	2	5	1	77
3	381	2	4	1	60
3	382	2	5	1	88
3	383	1	3	1	49
3	384	1	3	1	53
3	385	1	3	1	49
3	385	1	4	1	62
3	385	1	4	1	61
3	385	2	4	1	63
3	385	2	5	1	79
3	386	1	3	1	51
3	387	2	4	1	58
3	388	2	3	1	51
3	389	1	3	1	47
3	390	2	5	1	87
3	391	2	4	1	66
3	392	2	3	1	45
3	393	1	3	1	43
3	394	1	3	1	46
3	395	2	3	1	47
3	396	1	4	1	72
3	397	2	3	1	50
3	398	2	3	1	52
3	398	1	4	1	57
3	399	2	4	1	60
3	400	2	3	1	54
3	400	1	4	1	62
3	400	2	4	1	75
3	401	2	4	1	50
3	401	2	4	1	57
3	401	2	4	1	63
3	402	1	4	1	61
3	402	2	4	1	62
3	402	2	4	1	68
3	403	2	5	1	77
3	404	1	4	1	65
3	404	2	4	1	70
3	405	1	3	1	52
3	406	2	3	1	56
3	406	1	4	1	70
3	407	2	4	1	63
3	407	2	5	1	83
3	408	1	3	1	48
3	408	2	3	1	50
3	408	2	3	1	50
3	408	1	4	1	54
3	408	2	3	1	51
3	408	2	3	1	54
3	408	1	3	1	55
3	408	2	3	1	57
3	409	2	4	1	66
3	409	2	4	1	68
3	409	1	4	1	68
3	410	2	5	1	72
3	411	1	4	1	50
3	411	1	4	1	56
3	411	2	3	1	58
3	411	1	4	1	66
1	412	2	4	1	45
1	412	2	5	1	61
1	412	2	5	1	75
1	413	1	5	1	60
1	413	1	5	1	61
1	413	2	5	1	65
1	413	2	5	1	68
1	413	2	6	1	84
1	414	2	5	1	63
1	415	1	5	1	63
1	416	1	4	1	69
3	417	1	4	1	60
3	418	2	3	1	47
3	419	2	4	1	63
1	420	2	6	1	88
1	421	1	5	1	64
1	422	2	5	1	68
1	423	1	5	1	76
1	424	2	4	1	50
1	424	2	5	1	70
1	424	2	5	1	70
1	424	1	5	1	74
2	425	1	4	1	66
2	426	2	5	1	89
2	427	1	5	1	80
2	427	2	5	1	90
3	428	2	5	1	78
3	429	2	5	1	81
3	430	1	4	1	60
3	431	1	5	1	84
3	432	2	4	1	65
3	433	1	4	1	61
1	434	2	5	1	62
1	434	2	6	1	67
1	434	2	6	1	78
1	435	2	7	1	94
1	436	2	6	1	85
1	437	1	5	1	66
1	438	2	6	1	80
1	439	2	5	1	71
1	440	2	5	1	60
1	441	1	5	1	64
1	442	2	6	1	82
1	443	1	5	1	81
1	444	1	5	1	80
1	445	2	5	1	67
1	446	1	5	1	68
2	447	1	5	1	90
2	448	1	5	1	90
1	449	1	5	1	82
1	450	2	6	1	72
1	451	2	5	1	68
1	452	2	5	1	76
1	453	2	6	1	82
3	454	1	4	1	66
1	455	2	4	1	54
1	455	1	5	1	60
1	455	2	6	1	82
1	455	2	6	1	85
1	456	2	6	1	86
1	456	1	6	1	86
1	457	1	6	1	86
1	458	1	5	1	68
1	458	2	6	1	75
1	458	2	5	1	75
1	458	1	6	1	85
1	458	1	7	1	91
1	458	2	7	1	97
1	459	1	4	1	54
1	459	1	4	1	58
1	459	2	5	1	65
1	460	1	6	1	82
3	461	1	4	1	61
3	462	1	4	1	62
3	463	1	4	1	60
3	464	1	4	1	67
3	464	1	4	1	70
3	465	1	4	1	65
3	465	1	4	1	63
1	466	1	5	1	68
3	467	1	5	1	94
3	468	2	3	1	40
3	468	1	3	1	52
3	468	1	3	1	53
3	468	2	4	1	60
3	468	1	4	1	58
3	468	2	4	1	61
3	468	1	4	1	62
3	468	2	4	1	66
3	468	1	4	1	67
3	469	1	4	1	64
3	470	2	4	1	66
3	471	2	4	1	66
3	472	2	3	1	51
3	472	2	4	1	64
3	472	2	4	1	71
3	473	1	3	1	57
3	473	1	4	1	62
3	473	1	5	1	88
3	474	1	4	1	65
3	475	2	4	1	61
3	476	1	3	1	49
3	477	2	3	1	53
3	477	1	4	1	64
3	478	2	4	1	64
3	478	1	4	1	66
3	478	2	4	1	68
3	479	2	5	1	76
3	480	1	3	1	45
3	480	2	3	1	54
1	481	2	6	1	74
1	482	2	5	1	64
1	482	1	5	1	64
1	483	2	5	1	63
1	484	1	5	1	62
1	485	2	4	1	47
1	485	2	5	1	70
1	486	1	5	1	64
1	486	2	6	1	85
1	486	2	6	1	91
1	487	1	5	1	72
1	488	2	6	1	85
1	489	1	5	1	75
3	490	1	4	1	56
3	491	1	5	1	80
3	492	1	5	1	75
3	493	1	4	1	58
3	493	1	4	1	65
3	493	1	5	1	74
3	493	1	5	1	88
3	494	2	4	1	57
3	495	1	5	1	63
3	496	2	5	1	77
3	497	2	4	1	56
3	498	2	4	1	57
3	498	2	4	1	66
3	499	2	4	1	54
3	499	2	4	1	70
1	500	2	5	1	63
1	501	1	5	1	68
1	501	1	6	1	87
1	502	1	5	1	72
1	503	1	5	1	71
1	503	1	5	1	78
1	503	2	6	1	83
1	504	1	6	1	74
1	505	1	6	1	84
1	506	2	6	1	92
1	507	1	6	1	72
1	507	1	6	1	80
1	508	2	6	1	80
1	509	1	5	1	74
1	510	1	5	1	67
1	510	2	5	1	81
1	511	1	5	1	66
1	512	1	5	1	67
1	512	1	5	1	71
1	512	2	5	1	73
1	513	2	5	1	67
1	514	1	5	1	93
1	515	2	5	1	63
3	516	1	5	1	88
3	517	2	4	1	54
3	518	1	4	1	66
3	519	2	4	1	69
3	520	2	4	1	61
3	520	2	4	1	75
1	521	2	5	1	67
1	521	1	5	1	70
1	522	2	6	1	77
1	522	1	6	1	81
1	523	1	6	1	85
1	523	2	6	1	84
1	524	2	6	1	81
1	525	2	6	1	81
1	525	1	6	1	84
1	526	2	5	1	62
1	527	2	5	1	59
1	527	2	5	1	81
1	528	2	6	1	78
1	528	1	5	1	69
1	528	2	5	1	70
1	529	2	5	1	66
1	530	2	5	1	58
1	530	1	5	1	67
3	531	2	4	1	65
3	531	1	4	1	70
3	531	1	4	1	88
3	532	1	4	1	61
3	533	2	5	1	96
3	534	2	5	1	81
3	535	2	3	1	54
3	536	1	3	1	68
3	537	2	5	1	70
3	538	2	3	1	47
3	538	2	3	1	56
3	538	1	3	1	57
3	538	1	4	1	75
3	539	2	3	1	53
3	539	1	4	1	61
3	540	2	4	1	67
3	541	2	5	1	77
3	542	2	4	1	67
3	542	2	5	1	80
1	543	2	5	1	72
1	544	1	4	1	62
1	545	1	5	1	70
1	546	2	5	1	62
1	546	2	6	1	71
1	547	2	6	1	72
1	547	2	6	1	74
1	548	2	6	1	81
1	549	1	5	1	86
1	550	2	6	1	70
1	551	2	4	1	52
1	552	2	4	1	54
1	553	1	4	1	46
1	553	1	4	1	62
1	554	1	4	1	54
1	555	1	5	1	73
1	556	1	6	1	73
1	556	1	6	1	78
1	557	1	5	1	69
1	557	1	5	1	75
1	558	2	5	1	65
1	558	1	5	1	68
1	558	1	5	1	72
1	558	2	6	1	75
1	558	2	6	1	79
1	558	2	5	1	77
1	559	2	6	1	75
1	560	2	5	1	62
1	560	2	6	1	85
2	561	2	4	1	71
2	562	1	4	1	76
2	563	2	4	1	68
2	564	2	5	1	77
1	565	2	5	1	64
1	566	1	5	1	68
1	567	2	5	1	67
1	568	1	5	1	61
1	568	2	6	1	90
1	569	2	7	1	84
1	570	2	5	1	67
1	571	1	6	1	81
1	571	1	6	1	89
1	572	2	6	1	97
1	573	2	6	1	84
1	574	2	6	1	76
1	575	2	5	1	65
1	576	1	5	1	58
2	577	1	5	1	86
2	578	1	5	1	74
2	579	2	5	1	75
2	580	2	5	1	78
2	581	2	5	1	84
2	582	2	5	1	83
2	582	2	5	1	86
2	582	2	5	1	91
2	583	2	5	1	73
2	583	1	5	1	73
2	583	2	4	1	69
2	583	2	5	1	87
2	584	2	5	1	75
2	585	2	5	1	78
2	585	1	5	1	81
2	585	2	5	1	84
2	586	2	4	1	62
2	586	2	5	1	80
3	587	2	6	1	85
3	588	1	4	1	65
3	589	1	3	1	47
1	590	1	7	1	82
1	591	2	5	1	71
1	592	2	6	1	76
1	593	1	6	1	82
1	594	2	7	1	97
1	595	2	6	1	85
1	596	1	5	1	62
1	597	1	5	1	66
1	598	2	6	1	85
1	599	2	6	1	79
3	600	2	5	1	66
3	601	1	4	1	70
3	601	1	5	1	81
2	602	2	4	1	68
2	603	2	4	1	58
1	604	1	6	1	93
1	605	1	6	1	83
1	606	1	6	1	90
1	607	2	5	1	71
1	607	2	6	1	86
1	608	2	6	1	85
1	609	2	5	1	69
1	610	2	6	1	69
1	610	1	6	1	73
1	610	2	5	1	76
1	611	1	6	1	82
1	611	1	6	1	90
1	612	2	6	1	79
1	613	2	6	1	89
1	614	2	5	1	70
1	615	1	5	1	71
3	616	2	4	1	71
3	617	1	3	1	58
3	617	2	4	1	70
3	617	2	4	1	73
3	618	2	4	1	70
3	619	2	4	1	63
3	619	2	4	1	65
3	620	2	5	1	72
1	621	1	4	1	55
1	621	1	5	1	62
2	622	1	4	1	53
2	623	1	4	1	60
2	623	2	4	1	64
2	623	2	4	1	68
2	623	1	4	1	66
2	623	1	4	1	72
1	624	2	6	1	63
1	625	2	4	1	52
1	625	2	5	1	63
1	625	2	5	1	72
1	625	2	5	1	70
1	625	1	5	1	71
1	625	1	5	1	73
1	626	1	4	1	55
1	627	2	6	1	73
1	627	2	7	1	95
3	628	1	4	1	71
1	629	1	4	1	61
1	629	2	5	1	65
1	630	1	4	1	55
1	630	2	4	1	58
1	630	1	4	1	58
1	630	2	5	1	72
1	631	1	4	1	59
1	631	1	5	1	65
1	632	1	5	1	70
1	633	1	4	1	49
1	634	1	4	1	54
1	634	2	5	1	64
1	634	1	5	1	62
1	634	2	5	1	64
1	634	2	5	1	70
1	635	2	5	1	76
1	635	1	5	1	78
1	636	1	4	1	61
1	636	2	5	1	69
1	636	2	6	1	81
2	637	2	4	1	62
2	637	1	4	1	63
2	637	2	4	1	64
2	637	1	4	1	71
2	637	2	4	1	72
2	638	2	5	1	78
1	639	2	5	1	68
1	640	2	4	1	68
1	640	1	5	1	72
1	640	1	5	1	71
1	641	2	5	1	67
3	642	2	4	1	65
3	643	1	3	1	47
1	644	2	5	1	63
1	644	1	5	1	71
1	645	1	5	1	68
1	645	2	5	1	67
1	646	2	5	1	67
1	647	1	7	1	107
3	648	1	4	1	64
3	649	2	4	1	62
3	650	2	4	1	59
3	651	1	4	1	59
3	652	2	4	1	57
3	653	2	4	1	59
3	653	2	5	1	78
3	654	2	4	1	62
3	655	1	3	1	45
3	656	1	3	1	44
3	656	2	4	1	60
3	656	1	4	1	64
3	656	2	5	1	78
3	657	2	4	1	61
1	658	2	5	1	65
1	659	1	6	1	78
1	660	2	7	1	88
1	661	2	6	1	73
1	662	2	5	1	65
1	663	2	5	1	72
1	664	1	4	1	58
1	665	1	4	1	53
1	666	1	4	1	55
1	667	1	5	1	67
1	668	1	5	1	60
1	669	2	5	1	76
1	670	2	6	1	77
1	671	1	7	1	77
1	672	1	6	1	72
1	673	2	5	1	70
1	673	1	6	1	92
1	674	1	6	1	72
1	675	2	5	1	70
1	675	2	7	1	90
1	675	2	6	1	90
1	676	1	6	1	83
1	677	1	5	1	75
1	678	2	5	1	61
1	678	2	5	1	78
1	679	2	6	1	79
1	680	2	6	1	82
1	681	1	5	1	68
1	681	2	6	1	76
1	682	2	5	1	68
1	683	2	5	1	70
1	683	1	7	1	93
3	684	1	4	1	65
3	685	1	3	1	45
3	685	1	3	1	57
3	685	2	4	1	67
3	685	1	5	1	95
3	686	1	4	1	62
3	686	1	4	1	70
3	687	1	3	1	43
3	688	1	3	1	51
3	688	2	4	1	58
3	689	1	3	1	45
3	689	1	3	1	46
3	689	2	3	1	50
3	689	1	3	1	54
3	689	2	3	1	55
3	689	2	5	1	87
3	690	2	3	1	51
3	690	1	4	1	69
3	691	2	3	1	52
3	691	2	4	1	62
3	692	1	3	1	55
3	693	1	4	1	62
3	694	1	3	1	52
3	694	2	4	1	66
3	694	2	4	1	69
3	695	2	4	1	64
1	696	2	4	1	46
1	696	2	5	1	60
1	696	2	4	1	62
1	696	2	5	1	64
1	696	2	5	1	66
1	697	1	5	1	57
1	697	1	5	1	73
1	698	2	5	1	66
1	698	1	5	1	70
1	699	2	4	1	45
1	700	1	5	1	63
1	701	2	5	1	55
1	702	1	5	1	68
1	702	1	6	1	85
1	703	2	5	1	69
1	704	1	6	1	74
1	705	2	4	1	51
1	705	2	6	1	75
3	706	2	4	1	59
3	707	2	4	1	53
3	708	1	4	1	59
3	709	1	4	1	67
3	710	1	3	1	48
3	710	1	4	1	63
1	711	1	6	1	75
1	712	2	6	1	67
1	712	2	5	1	86
1	713	2	6	1	83
1	713	2	6	1	84
1	714	2	6	1	79
1	715	1	5	1	77
1	716	2	6	1	90
1	717	2	6	1	63
3	718	2	4	1	69
3	719	2	5	1	73
3	719	2	4	1	69
3	720	2	4	1	61
3	721	1	4	1	62
3	722	2	4	1	72
3	722	2	4	1	72
3	723	1	3	1	49
3	723	1	3	1	50
3	724	1	5	1	84
3	725	2	4	1	65
1	726	1	5	1	72
1	727	1	5	1	62
1	728	1	6	1	89
1	729	1	5	1	66
1	730	2	5	1	79
1	731	2	5	1	68
1	732	1	5	1	68
1	733	2	6	1	83
1	734	1	6	1	67
1	735	1	5	1	80
1	736	1	5	1	67
1	737	2	5	1	80
1	738	2	6	1	78
1	739	2	5	1	64
1	740	1	5	1	69
1	741	1	5	1	70
1	742	1	5	1	70
1	743	2	5	1	83
1	744	2	5	1	65
3	745	2	4	1	63
2	746	2	6	1	90
1	747	1	5	1	66
1	748	2	5	1	57
1	748	2	6	1	75
2	749	2	5	1	71
3	750	2	5	1	80
3	751	2	4	1	79
3	752	1	4	1	63
3	752	2	5	1	69
3	752	1	5	1	79
3	752	2	5	1	78
3	752	2	5	1	82
3	752	2	5	1	81
1	753	1	5	1	66
1	754	1	5	1	73
1	755	2	5	1	61
1	755	2	5	1	66
1	755	2	5	1	66
1	755	1	6	1	88
1	756	1	6	1	87
1	757	1	6	1	88
3	758	1	3	1	39
3	759	2	3	1	50
3	759	2	4	1	55
3	759	1	4	1	63
3	760	2	5	1	64
3	760	2	4	1	62
3	761	2	4	1	62
3	761	1	4	1	70
3	762	2	3	1	53
3	762	1	3	1	53
3	762	1	4	1	73
3	763	1	3	1	46
3	763	1	4	1	66
3	764	1	4	1	57
3	764	2	4	1	65
3	765	1	4	1	61
3	765	1	4	1	70
3	765	2	5	1	67
3	766	1	4	1	60
1	767	1	5	1	95
1	768	1	5	1	63
1	768	2	5	1	70
1	769	2	5	1	79
1	769	1	6	1	81
1	769	2	6	1	87
1	770	2	5	1	65
1	771	1	5	1	61
1	771	2	6	1	71
1	772	1	5	1	62
1	772	2	6	1	75
1	773	1	5	1	68
1	773	2	6	1	72
1	773	2	6	1	75
1	774	1	5	1	70
1	774	1	7	1	85
1	775	1	5	1	68
1	775	1	5	1	73
1	776	2	6	1	80
3	777	1	4	1	59
3	778	1	4	1	62
1	779	2	5	1	67
1	779	2	5	1	68
1	780	2	5	1	74
1	781	2	5	1	68
1	782	2	4	1	50
1	782	2	5	1	55
1	783	1	4	1	53
1	783	2	4	1	58
1	784	2	5	1	65
1	784	1	6	1	85
1	785	2	5	1	62
1	785	2	5	1	66
1	785	1	4	1	65
1	786	2	5	1	64
1	786	1	6	1	81
1	787	2	4	1	63
1	787	2	4	1	64
1	787	1	5	1	74
1	788	1	6	1	83
1	789	2	5	1	65
1	790	1	5	1	68
1	790	1	5	1	77
1	791	1	5	1	71
1	792	2	5	1	71
1	793	1	6	1	83
1	793	1	6	1	90
1	794	2	5	1	65
1	794	2	6	1	75
1	794	2	6	1	85
1	795	1	5	1	71
1	795	1	5	1	69
1	795	1	6	1	75
1	795	1	6	1	81
2	796	2	5	1	76
3	797	1	4	1	73
2	798	1	3	1	41
2	798	1	4	1	61
2	799	1	4	1	60
2	799	2	4	1	68
2	799	1	4	1	66
2	800	2	4	1	69
2	800	2	4	1	71
2	800	1	5	1	76
2	801	1	4	1	67
2	801	2	5	1	76
3	802	2	4	1	73
2	803	1	4	1	70
2	803	1	6	1	89
1	804	1	5	1	65
1	804	1	5	1	71
1	805	1	4	1	51
1	805	2	6	1	76
1	806	2	4	1	55
1	806	2	5	1	60
1	806	2	5	1	64
1	806	2	5	1	68
1	806	2	5	1	70
1	806	2	6	1	77
1	806	2	5	1	78
1	806	2	6	1	86
1	807	1	5	1	80
1	807	2	7	1	82
1	808	2	4	1	52
1	809	1	3	1	26
1	810	1	5	1	57
1	811	1	5	1	67
1	811	2	6	1	79
1	812	2	4	1	58
1	812	2	5	1	61
1	812	1	5	1	63
1	812	2	5	1	70
1	812	1	5	1	76
1	813	1	3	1	32
1	814	2	6	1	79
1	815	2	5	1	59
1	816	2	5	1	68
1	816	2	5	1	70
1	816	2	7	1	80
1	817	1	4	1	53
1	818	1	5	1	63
1	819	2	5	1	77
1	820	1	5	1	71
1	820	2	6	1	81
1	821	2	7	1	87
1	822	2	6	1	70
1	822	2	6	1	93
1	823	2	5	1	71
1	824	1	4	1	52
1	824	2	5	1	57
1	825	2	6	1	76
1	825	1	5	1	76
1	825	2	6	1	89
1	826	1	5	1	69
1	827	1	5	1	60
1	827	1	5	1	68
1	828	2	6	1	89
1	829	2	4	1	51
1	830	1	4	1	43
1	830	1	5	1	60
1	830	1	5	1	70
1	831	2	5	1	67
1	832	2	6	1	76
2	833	1	5	1	84
2	834	1	4	1	75
2	835	1	5	1	70
2	836	1	5	1	67
3	837	2	4	1	61
3	838	2	3	1	50
3	839	2	4	1	85
3	839	1	5	1	91
2	840	2	5	1	74
2	841	2	5	1	72
2	842	1	5	1	71
2	843	2	5	1	70
2	843	2	5	1	86
2	844	2	5	1	74
2	845	1	5	1	78
3	846	1	4	1	63
3	847	1	3	1	50
3	847	1	3	1	52
3	847	1	3	1	58
3	848	1	3	1	55
3	848	1	4	1	59
3	848	2	4	1	64
3	849	1	4	1	62
3	850	1	3	1	46
3	850	1	3	1	49
3	850	2	3	1	55
1	851	1	6	1	82
1	852	2	5	1	77
1	853	2	5	1	63
1	854	1	5	1	67
1	854	2	4	1	63
1	855	1	6	1	75
1	856	1	5	1	78
2	857	2	5	1	77
2	858	1	5	1	71
3	859	1	4	1	55
3	860	2	4	1	63
3	860	2	4	1	65
3	861	2	4	1	61
3	861	1	4	1	65
3	861	2	6	1	84
2	862	1	4	1	59
2	863	2	5	1	86
2	864	2	4	1	57
2	864	1	4	1	60
2	864	2	5	1	81
2	865	1	4	1	61
2	865	1	4	1	62
3	866	2	4	1	61
3	866	2	4	1	60
3	866	2	4	1	62
3	867	2	4	1	58
3	868	1	4	1	58
3	868	1	4	1	59
3	869	2	3	1	52
3	870	1	3	1	53
3	871	2	4	1	63
3	871	2	4	1	65
3	872	1	3	1	52
3	873	2	3	1	51
3	874	2	4	1	58
3	875	2	4	1	56
1	876	1	5	1	78
1	877	2	4	1	61
1	878	2	5	1	67
1	879	2	6	1	83
1	880	1	6	1	78
1	880	2	6	1	85
1	881	1	6	1	86
1	881	2	6	1	88
1	882	1	5	1	77
1	883	2	4	1	51
1	883	1	4	1	55
1	883	2	4	1	56
1	883	2	5	1	59
1	883	2	5	1	68
1	884	1	5	1	62
1	885	1	5	1	75
1	886	2	7	1	82
1	887	1	6	1	77
1	888	1	6	1	84
1	889	2	5	1	75
1	890	2	6	1	68
1	891	1	5	1	64
1	891	2	5	1	67
1	891	2	5	1	73
1	891	2	5	1	74
3	892	2	4	1	72
3	893	2	5	1	84
3	894	1	4	1	80
3	895	2	5	1	72
3	895	1	4	1	71
2	896	1	5	1	77
3	897	2	5	1	77
3	897	2	5	1	81
3	898	1	3	1	42
3	899	1	3	1	51
2	900	1	5	1	80
2	900	2	5	1	82
2	901	1	5	1	76
3	902	1	4	1	63
3	902	2	4	1	72
1	903	1	4	1	50
1	903	2	4	1	51
1	903	1	4	1	51
1	903	2	4	1	53
1	903	1	4	1	55
1	903	1	4	1	56
1	903	1	4	1	56
1	903	2	4	1	57
1	903	2	5	1	69
1	903	2	6	1	79
1	904	1	4	1	57
1	904	1	4	1	59
1	904	1	5	1	65
1	904	1	5	1	68
1	904	1	5	1	76
1	904	2	6	1	79
1	905	2	5	1	66
1	906	1	4	1	60
1	907	1	5	1	69
1	908	2	5	1	66
1	908	1	6	1	73
2	909	2	4	1	61
2	909	1	4	1	67
2	910	1	5	1	85
1	911	2	4	1	48
1	911	1	5	1	51
1	911	2	5	1	45
1	911	1	4	1	63
1	911	1	5	1	68
1	911	2	5	1	73
1	912	2	5	1	59
1	912	1	5	1	63
2	913	2	4	1	67
1	914	1	6	1	69
1	914	1	6	1	85
1	915	2	6	1	93
2	916	2	4	1	61
2	916	1	4	1	65
2	916	2	5	1	72
2	916	2	5	1	80
1	917	2	5	1	79
1	918	1	3	1	22
1	918	1	3	1	25
1	918	1	3	1	25
1	919	2	5	1	65
1	920	2	6	1	78
1	921	1	5	1	69
1	922	2	6	1	78
1	922	2	6	1	95
1	923	2	6	1	62
1	923	1	6	1	86
1	924	2	6	1	75
1	925	1	5	1	63
1	925	2	7	1	82
1	926	2	6	1	83
1	927	1	6	1	87
1	928	1	6	1	79
1	929	1	6	1	80
1	930	2	6	1	96
2	931	1	5	1	87
2	932	2	4	1	60
2	933	2	4	1	67
2	934	2	6	1	96
2	935	2	4	1	68
2	936	2	5	1	87
2	936	2	5	1	88
2	937	1	4	1	62
2	937	1	4	1	66
2	937	2	5	1	78
2	938	1	5	1	78
2	939	1	4	1	69
2	940	2	4	1	71
2	941	1	5	1	87
2	942	1	5	1	82
2	943	2	5	1	75
1	944	2	5	1	71
1	945	2	4	1	52
1	945	2	4	1	57
1	945	2	5	1	71
1	945	1	5	1	78
1	946	2	5	1	66
1	947	2	5	1	61
1	947	2	5	1	67
1	948	2	5	1	69
1	949	2	5	1	64
1	950	1	7	1	82
1	950	2	7	1	86
1	951	1	7	1	67
1	952	2	6	1	70
1	953	2	5	1	63
1	953	1	5	1	66
1	954	1	6	1	80
1	955	2	5	1	62
1	955	1	5	1	71
1	956	2	5	1	70
1	957	1	5	1	60
1	957	1	6	1	74
1	958	2	6	1	68
1	959	2	6	1	79
2	960	2	5	1	74
2	960	1	5	1	84
2	961	2	5	1	81
2	962	2	5	1	80
2	963	2	5	1	73
2	964	1	5	1	85
2	965	1	5	1	74
2	966	2	5	1	86
3	967	1	5	1	77
3	968	1	5	1	80
3	969	1	4	1	64
1	970	2	5	1	64
1	971	2	4	1	57
1	972	2	5	1	66
1	973	2	4	1	43
1	974	2	5	1	62
1	974	2	6	1	76
1	974	2	6	1	75
1	974	1	6	1	81
1	975	2	3	1	31
1	975	1	3	1	34
1	975	1	3	1	44
1	975	1	5	1	59
1	976	2	6	1	79
1	977	2	5	1	53
1	977	1	5	1	69
1	977	2	5	1	79
1	978	2	5	1	71
1	979	2	5	1	59
1	979	2	5	1	70
2	980	1	5	1	73
2	981	1	4	1	78
2	982	1	4	1	70
2	982	2	5	1	80
2	983	1	4	1	64
2	983	1	5	1	74
2	983	2	5	1	79
2	983	2	5	1	83
2	984	1	5	1	70
2	984	2	5	1	79
2	984	1	5	1	80
2	984	1	5	1	82
2	985	1	4	1	60
3	986	1	4	1	67
3	987	1	4	1	57
3	988	1	4	1	61
3	989	1	4	1	67
3	990	2	4	1	65
2	991	1	4	1	70
2	991	1	5	1	76
2	992	2	4	1	68
2	992	1	5	1	74
2	992	2	5	1	72
2	993	2	4	1	59
2	994	1	5	1	72
2	995	1	5	1	77
2	996	2	4	1	65
2	997	1	5	1	63
2	998	1	4	1	66
2	999	2	5	1	74
2	1000	1	4	1	60
2	1001	2	5	1	78
1	1002	1	5	1	67
1	1002	1	6	1	80
1	1003	1	4	1	54
1	1003	1	6	1	79
1	1003	1	6	1	82
1	1004	1	6	1	81
1	1005	2	6	1	82
1	1006	1	6	1	84
1	1007	2	6	1	78
1	1008	2	6	1	73
3	1009	1	4	1	59
3	1010	2	4	1	63
3	1010	1	4	1	68
3	1011	2	3	1	58
3	1011	2	4	1	58
3	1012	1	4	1	63
3	1012	1	5	1	76
1	1013	1	5	1	73
1	1014	2	5	1	63
1	1014	1	5	1	62
1	1015	2	4	1	57
1	1015	2	5	1	69
1	1016	1	5	1	71
1	1017	1	5	1	62
3	1018	1	3	1	54
3	1018	2	4	1	56
3	1018	1	4	1	59
3	1018	2	4	1	61
3	1018	1	4	1	67
3	1019	1	3	1	49
3	1020	2	4	1	66
3	1021	2	3	1	55
3	1022	2	4	1	62
3	1023	2	3	1	51
3	1024	2	4	1	66
3	1025	1	3	1	51
3	1025	2	4	1	63
3	1026	2	3	1	40
3	1026	2	4	1	53
3	1026	2	4	1	55
3	1026	1	4	1	57
3	1026	2	4	1	65
3	1026	1	4	1	58
3	1027	1	5	1	62
3	1027	2	4	1	64
3	1027	1	4	1	64
3	1027	1	5	1	69
1	1028	2	5	1	59
1	1028	2	5	1	74
1	1029	2	5	1	70
1	1030	1	4	1	58
1	1031	2	5	1	68
3	1032	2	4	1	50
3	1033	1	3	1	47
3	1033	2	4	1	61
1	1034	1	5	1	63
1	1034	2	5	1	66
1	1035	2	5	1	62
1	1035	2	5	1	71
1	1035	2	5	1	71
1	1035	1	5	1	75
1	1036	2	5	1	65
1	1036	1	5	1	71
1	1036	2	5	1	73
1	1037	2	5	1	76
3	1038	1	3	1	55
3	1039	2	3	1	42
3	1039	1	3	1	52
3	1039	1	3	1	53
3	1039	2	3	1	53
3	1039	2	4	1	66
3	1039	2	5	1	72
3	1040	2	4	1	62
3	1041	2	3	1	44
3	1041	1	4	1	61
3	1041	2	4	1	66
3	1042	1	3	1	44
1	1043	1	5	1	61
1	1044	1	5	1	72
1	1045	2	3	1	34
1	1045	2	5	1	56
1	1045	2	5	1	74
1	1046	2	5	1	62
1	1046	1	6	1	87
1	1047	2	5	1	61
1	1047	1	5	1	66
1	1048	1	4	1	47
1	1048	1	5	1	60
3	1049	2	4	1	68
3	1050	2	4	1	65
3	1051	1	4	1	65
3	1051	2	5	1	71
1	1052	1	5	1	59
1	1052	2	5	1	59
1	1052	2	5	1	66
1	1052	1	5	1	66
1	1052	2	5	1	70
1	1052	2	6	1	73
1	1052	2	6	1	74
1	1052	1	6	1	80
1	1053	2	5	1	65
1	1053	2	6	1	84
1	1054	2	5	1	66
1	1055	2	5	1	65
2	1056	1	4	1	68
2	1057	2	5	1	78
2	1058	1	5	1	74
2	1059	2	5	1	71
2	1059	2	5	1	75
2	1060	2	5	1	80
1	1061	2	3	1	42
1	1062	1	6	1	81
1	1063	2	3	1	23
1	1064	1	5	1	67
1	1065	2	5	1	62
1	1065	2	5	1	63
1	1065	2	5	1	64
1	1066	1	4	1	47
1	1066	1	5	1	68
1	1066	2	6	1	75
1	1066	2	6	1	90
1	1067	2	6	1	81
1	1068	2	6	1	88
1	1069	2	7	1	91
1	1070	2	6	1	92
1	1071	2	6	1	55
1	1072	1	6	1	85
1	1073	1	6	1	93
1	1074	1	5	1	83
1	1075	2	7	1	82
1	1076	2	5	1	65
1	1076	2	5	1	69
1	1077	1	5	1	67
1	1078	2	5	1	76
1	1079	2	6	1	69
1	1080	2	5	1	73
1	1081	2	6	1	64
1	1081	2	6	1	70
1	1082	2	5	1	71
1	1082	2	5	1	70
1	1083	2	5	1	60
1	1084	2	5	1	60
1	1085	2	6	1	88
1	1086	2	6	1	80
1	1087	2	5	1	72
1	1088	1	5	1	67
1	1088	2	5	1	69
1	1088	1	5	1	70
1	1088	2	5	1	71
2	1089	1	4	1	73
2	1089	2	5	1	80
3	1090	1	3	1	53
3	1091	2	5	1	75
3	1092	2	5	1	80
3	1093	2	4	1	71
3	1094	1	5	1	86
3	1095	2	4	1	65
3	1096	1	4	1	76
1	1097	2	5	1	74
1	1097	1	6	1	88
3	1098	2	5	1	86
3	1099	2	4	1	68
1	1100	1	5	1	76
3	1101	2	3	1	49
1	1102	2	5	1	61
1	1103	1	6	1	75
1	1104	1	5	1	69
1	1105	1	5	1	68
1	1105	2	6	1	82
1	1105	1	6	1	96
2	1106	2	4	1	69
2	1107	1	6	1	89
2	1108	2	4	1	63
3	1109	1	3	1	49
2	1110	2	5	1	78
2	1111	2	5	1	82
2	1112	2	4	1	69
2	1112	1	5	1	73
3	1113	2	3	1	51
3	1114	2	4	1	65
3	1115	2	5	1	90
1	1116	2	5	1	52
1	1116	2	5	1	68
1	1116	1	7	1	76
1	1117	1	5	1	74
1	1117	2	6	1	76
1	1117	2	6	1	86
1	1117	2	6	1	89
1	1118	2	6	1	74
1	1119	2	5	1	70
1	1119	2	6	1	91
1	1120	2	6	1	77
1	1121	2	6	1	91
1	1122	1	5	1	64
1	1122	1	6	1	80
1	1123	1	5	1	56
1	1123	2	6	1	75
1	1123	2	6	1	79
1	1124	2	5	1	78
1	1124	1	5	1	79
1	1124	1	5	1	81
1	1124	1	7	1	81
1	1124	2	6	1	81
1	1124	1	6	1	84
1	1124	2	6	1	87
1	1125	2	4	1	55
1	1125	2	5	1	81
1	1125	1	5	1	82
2	1126	2	4	1	63
2	1127	2	5	1	77
2	1128	2	5	1	78
2	1129	2	4	1	77
2	1130	2	5	1	74
2	1131	2	5	1	81
2	1132	1	4	1	64
2	1133	2	4	1	66
2	1134	1	5	1	76
2	1135	1	4	1	68
2	1136	1	5	1	72
2	1137	1	4	1	70
2	1137	1	4	1	70
3	1138	2	4	1	60
2	1139	1	4	1	62
2	1139	2	4	1	68
2	1139	2	5	1	75
1	1140	2	5	1	69
1	1140	2	5	1	74
1	1140	2	5	1	76
1	1141	2	4	1	52
1	1141	2	5	1	63
1	1141	2	6	1	85
1	1142	1	5	1	69
1	1143	1	5	1	67
1	1144	2	5	1	63
1	1145	1	5	1	80
1	1145	2	6	1	79
1	1146	2	6	1	82
1	1147	1	5	1	69
1	1148	2	5	1	72
1	1149	2	5	1	67
1	1150	2	5	1	63
1	1150	1	5	1	69
1	1150	1	6	1	76
1	1151	1	5	1	67
1	1151	1	5	1	69
1	1152	1	5	1	68
1	1153	2	5	1	66
1	1154	2	5	1	88
1	1155	1	5	1	61
1	1156	2	5	1	66
2	1157	1	4	1	73
3	1158	2	4	1	63
2	1159	1	5	1	69
2	1160	1	5	1	76
2	1161	2	4	1	71
2	1162	2	4	1	70
2	1162	2	5	1	82
2	1163	2	5	1	94
2	1164	2	5	1	83
2	1164	2	5	1	85
2	1165	1	5	1	91
1	1166	2	5	1	65
1	1167	2	5	1	69
1	1167	2	6	1	79
1	1168	2	5	1	66
1	1169	2	5	1	62
1	1170	2	3	1	43
1	1170	2	5	1	67
1	1171	2	5	1	56
1	1172	1	5	1	67
1	1173	1	5	1	84
1	1174	2	6	1	87
1	1175	1	4	1	56
1	1176	1	6	1	75
1	1177	1	6	1	83
1	1178	1	5	1	68
1	1179	2	5	1	78
1	1180	2	5	1	73
2	1181	2	6	1	88
2	1182	2	4	1	63
3	1183	1	5	1	76
2	1184	2	5	1	83
2	1185	2	4	1	61
2	1186	2	4	1	54
2	1186	2	4	1	57
2	1186	1	4	1	64
2	1186	2	5	1	71
3	1187	2	5	1	74
3	1187	2	4	1	70
3	1188	2	5	1	88
2	1189	2	4	1	68
3	1190	2	4	1	65
3	1190	2	5	1	85
3	1191	2	4	1	64
3	1192	2	4	1	57
3	1193	2	5	1	58
3	1193	1	4	1	62
3	1194	2	3	1	44
3	1195	1	4	1	61
3	1196	1	4	1	60
3	1197	2	4	1	61
3	1198	1	4	1	63
3	1199	1	4	1	66
3	1200	2	3	1	57
3	1201	2	4	1	65
3	1202	2	4	1	64
3	1203	1	4	1	65
3	1204	1	4	1	62
3	1205	1	4	1	57
3	1205	1	4	1	63
3	1206	1	4	1	62
3	1207	2	4	1	65
3	1207	1	5	1	76
3	1208	2	4	1	58
3	1209	2	3	1	45
3	1209	1	4	1	55
3	1210	1	4	1	63
1	1211	1	5	1	61
1	1211	2	5	1	68
1	1212	2	5	1	62
1	1213	2	5	1	66
1	1213	2	5	1	68
1	1214	1	5	1	64
1	1214	1	5	1	70
1	1215	2	5	1	61
1	1215	1	5	1	73
1	1215	2	6	1	82
1	1216	2	4	1	48
1	1216	2	5	1	62
1	1216	2	5	1	63
1	1216	2	6	1	79
1	1217	2	6	1	80
3	1218	2	4	1	70
3	1219	1	4	1	66
3	1220	1	5	1	86
3	1221	2	4	1	63
3	1222	2	5	1	74
3	1223	1	3	1	51
3	1223	2	4	1	61
3	1224	2	4	1	73
3	1225	2	5	1	83
3	1226	1	4	1	69
3	1227	2	4	1	65
3	1228	1	3	1	48
3	1228	2	4	1	62
3	1228	2	4	1	66
3	1228	2	5	1	74
3	1229	1	4	1	76
3	1230	1	4	1	73
1	1231	2	5	1	65
1	1232	1	6	1	98
1	1233	2	4	1	52
1	1233	2	4	1	65
1	1233	2	5	1	75
1	1234	1	4	1	59
1	1234	1	5	1	78
1	1234	1	5	1	72
1	1235	1	4	1	47
1	1235	2	5	1	64
1	1235	2	5	1	70
1	1235	1	5	1	73
1	1236	2	5	1	64
1	1237	1	4	1	63
1	1237	2	5	1	78
1	1237	1	6	1	88
1	1238	2	5	1	61
1	1238	2	6	1	79
3	1239	1	3	1	50
3	1239	1	3	1	54
3	1239	2	4	1	61
3	1239	2	4	1	70
3	1240	2	4	1	63
3	1240	2	4	1	69
3	1241	1	4	1	64
3	1242	2	3	1	53
3	1243	2	4	1	71
3	1244	1	3	1	58
3	1245	2	4	1	68
3	1246	1	3	1	58
3	1246	1	4	1	57
3	1247	2	4	1	66
3	1247	2	4	1	70
3	1248	2	3	1	46
3	1248	1	3	1	59
3	1249	1	3	1	51
3	1250	2	4	1	70
1	1251	2	5	1	62
1	1252	2	6	1	84
1	1253	2	4	1	54
3	1254	2	5	1	75
3	1254	2	5	1	79
1	1255	1	6	1	86
3	1256	1	4	1	50
3	1257	2	4	1	46
1	1258	1	7	1	83
1	1259	2	5	1	63
1	1260	2	5	1	69
1	1261	2	5	1	66
1	1262	2	5	1	68
1	1263	1	5	1	74
1	1264	1	6	1	90
3	1265	2	4	1	60
3	1265	1	4	1	67
1	1266	2	6	1	68
1	1266	2	5	1	74
1	1266	1	6	1	97
1	1267	1	4	1	59
1	1267	2	5	1	69
1	1267	2	5	1	70
1	1267	1	6	1	76
1	1268	1	5	1	73
1	1268	1	7	1	75
1	1269	2	5	1	66
1	1269	2	6	1	74
1	1269	2	6	1	74
1	1269	1	6	1	69
1	1269	2	6	1	79
1	1270	2	4	1	58
1	1270	1	5	1	66
1	1270	2	6	1	67
3	1271	2	4	1	59
3	1271	2	4	1	70
3	1272	1	4	1	46
3	1272	1	4	1	69
3	1273	2	3	1	71
3	1274	2	4	1	62
3	1274	2	4	1	67
3	1275	1	4	1	69
3	1275	2	4	1	71
3	1276	1	3	1	49
3	1276	2	4	1	77
3	1277	2	4	1	61
3	1277	1	4	1	62
3	1277	2	4	1	63
3	1277	1	5	1	73
3	1277	1	5	1	72
3	1278	2	4	1	57
3	1278	1	4	1	64
3	1279	1	4	1	68
3	1280	1	4	1	64
3	1281	2	3	1	63
1	1282	2	6	1	69
1	1282	2	5	1	71
1	1282	2	5	1	70
1	1282	1	5	1	68
1	1283	1	6	1	58
1	1283	2	5	1	64
1	1284	2	5	1	61
1	1284	2	6	1	68
1	1285	2	5	1	74
1	1286	2	6	1	72
1	1286	2	5	1	78
1	1287	1	6	1	68
1	1287	2	6	1	72
1	1287	2	6	1	80
1	1288	2	6	1	59
1	1288	1	5	1	74
3	1289	1	5	1	83
3	1290	2	5	1	80
3	1291	2	4	1	63
3	1291	1	5	1	76
3	1292	2	3	1	48
3	1292	2	4	1	61
3	1292	2	5	1	67
3	1293	2	4	1	61
3	1293	2	4	1	68
3	1294	1	4	1	72
3	1295	2	3	1	45
3	1296	2	3	1	49
3	1296	2	4	1	65
3	1297	2	5	1	83
1	1298	2	5	1	59
1	1298	2	5	1	62
1	1298	2	5	1	71
3	1299	2	3	1	46
3	1299	2	4	1	53
3	1300	1	4	1	56
3	1300	2	5	1	69
3	1301	2	5	1	80
3	1301	2	5	1	83
3	1302	1	4	1	63
3	1303	2	5	1	70
3	1304	2	4	1	63
3	1304	1	5	1	77
3	1305	2	4	1	57
3	1305	1	4	1	63
1	1306	2	5	1	61
1	1306	2	4	1	60
1	1306	2	5	1	64
1	1306	2	5	1	69
1	1306	1	7	1	70
1	1306	2	5	1	72
1	1306	2	5	1	72
1	1306	1	6	1	75
1	1306	1	6	1	81
1	1306	1	6	1	80
3	1307	1	5	1	72
3	1308	1	4	1	61
3	1309	2	5	1	75
3	1310	1	3	1	45
3	1311	2	4	1	62
3	1311	2	4	1	65
3	1312	1	4	1	59
3	1312	2	4	1	63
1	1313	2	5	1	66
1	1313	2	5	1	69
1	1313	2	5	1	68
1	1313	2	5	1	68
1	1313	1	6	1	73
1	1313	2	6	1	72
1	1314	1	6	1	70
1	1314	2	6	1	70
1	1314	2	5	1	72
1	1314	2	6	1	74
1	1314	2	6	1	89
1	1315	1	5	1	70
1	1315	2	5	1	62
1	1315	2	7	1	82
1	1315	2	6	1	86
1	1316	2	5	1	65
1	1316	2	5	1	79
1	1316	1	5	1	75
1	1316	2	6	1	85
3	1317	1	5	1	75
3	1318	2	4	1	60
3	1319	1	5	1	88
3	1320	2	3	1	61
3	1320	1	4	1	69
3	1321	1	4	1	66
3	1322	2	4	1	75
3	1323	1	4	1	76
3	1324	1	4	1	66
3	1324	2	4	1	76
3	1325	2	4	1	77
1	1326	2	5	1	65
1	1327	1	4	1	61
1	1328	1	6	1	84
1	1329	1	5	1	65
1	1330	1	5	1	76
1	1331	1	6	1	73
1	1332	1	4	1	63
1	1333	1	5	1	61
1	1334	1	5	1	64
3	1335	2	5	1	78
3	1336	2	5	1	83
3	1337	2	4	1	64
3	1338	1	5	1	67
3	1339	1	5	1	65
3	1340	1	4	1	66
1	1341	1	6	1	82
1	1341	1	6	1	84
1	1341	1	6	1	83
3	1342	1	5	1	65
3	1342	1	4	1	70
3	1343	2	4	1	61
3	1344	1	4	1	65
3	1345	1	4	1	69
3	1345	2	4	1	73
3	1346	2	4	1	66
3	1347	2	4	1	61
3	1348	2	4	1	61
3	1348	2	4	1	62
3	1348	2	4	1	64
3	1349	1	4	1	65
2	1350	2	4	1	65
2	1350	2	4	1	64
3	1351	2	4	1	61
3	1351	1	5	1	75
1	1352	2	5	1	62
1	1352	1	5	1	68
1	1353	2	6	1	59
1	1353	1	5	1	66
1	1353	1	5	1	64
1	1353	1	5	1	72
1	1353	2	5	1	72
1	1354	2	4	1	48
1	1354	2	4	1	52
1	1354	2	5	1	62
1	1354	1	5	1	67
1	1354	2	5	1	71
1	1355	2	5	1	70
1	1355	1	5	1	74
1	1356	1	6	1	87
1	1357	2	5	1	69
1	1358	1	6	1	90
1	1359	1	3	1	31
1	1360	2	5	1	79
1	1361	2	5	1	74
1	1362	1	6	1	71
1	1363	2	5	1	67
1	1364	2	5	1	65
3	1365	1	3	1	52
3	1365	2	4	1	57
3	1365	1	4	1	61
3	1365	2	4	1	65
3	1366	2	4	1	68
3	1367	2	4	1	68
3	1368	1	4	1	63
3	1368	1	5	1	85
3	1369	2	3	1	40
3	1370	2	5	1	78
3	1371	2	4	1	55
3	1371	2	4	1	59
3	1371	1	5	1	72
3	1371	1	5	1	75
3	1372	2	4	1	60
3	1372	2	4	1	63
3	1372	1	4	1	66
3	1372	2	4	1	64
3	1373	2	4	1	62
1	1374	1	4	1	50
1	1374	1	5	1	66
1	1374	2	4	1	63
1	1374	1	5	1	68
1	1374	2	5	1	69
1	1374	2	5	1	71
1	1374	1	6	1	84
1	1374	2	5	1	82
1	1374	1	6	1	88
1	1375	2	6	1	83
1	1376	1	5	1	66
1	1377	2	5	1	73
1	1378	2	6	1	87
1	1379	2	5	1	62
1	1380	2	5	1	63
1	1380	2	5	1	78
3	1381	2	4	1	57
3	1382	2	6	1	80
3	1383	1	3	1	44
3	1384	2	4	1	55
3	1384	2	4	1	57
3	1384	2	4	1	65
3	1385	1	4	1	60
3	1385	2	4	1	63
3	1386	2	5	1	73
3	1387	2	4	1	60
3	1387	2	4	1	62
1	1388	2	7	1	91
1	1389	2	6	1	76
1	1389	2	6	1	77
1	1390	1	5	1	68
1	1391	1	6	1	81
1	1392	1	5	1	64
1	1392	1	5	1	74
1	1393	2	5	1	66
1	1394	1	6	1	80
1	1395	2	6	1	73
2	1396	1	4	1	68
1	1397	2	5	1	57
1	1397	2	5	1	64
1	1398	1	5	1	66
1	1398	2	5	1	74
1	1399	2	5	1	64
1	1400	2	4	1	54
1	1401	2	5	1	66
1	1402	2	5	1	66
1	1403	2	6	1	84
1	1404	1	6	1	86
1	1404	2	6	1	84
1	1405	2	5	1	67
1	1406	2	6	1	77
1	1406	1	6	1	83
1	1407	2	6	1	86
1	1407	2	6	1	86
2	1408	2	5	1	75
2	1409	1	5	1	74
2	1409	1	5	1	76
2	1410	1	5	1	73
3	1411	2	4	1	67
3	1411	2	5	1	78
3	1412	2	3	1	56
1	1413	2	5	1	61
1	1413	2	5	1	63
1	1413	1	5	1	62
1	1414	2	5	1	67
1	1414	1	6	1	76
1	1415	2	5	1	61
1	1415	2	6	1	78
1	1416	1	6	1	79
3	1417	1	4	1	65
3	1418	2	5	1	75
3	1419	1	4	1	64
3	1419	1	4	1	67
1	1420	1	5	1	63
1	1420	2	5	1	63
1	1421	1	5	1	56
1	1422	2	4	1	66
1	1422	2	5	1	71
1	1422	2	6	1	75
1	1423	2	5	1	71
1	1424	1	5	1	65
1	1424	2	5	1	69
1	1424	2	5	1	71
1	1425	2	6	1	80
1	1426	1	6	1	81
1	1426	1	6	1	86
1	1426	1	6	1	87
3	1427	1	4	1	63
3	1428	1	4	1	49
3	1428	2	3	1	50
3	1429	1	4	1	63
3	1430	2	4	1	58
3	1430	2	4	1	73
3	1431	1	4	1	72
3	1432	2	3	1	42
3	1433	2	4	1	64
3	1434	2	5	1	79
3	1435	1	4	1	71
3	1436	1	4	1	67
3	1436	1	4	1	70
1	1437	2	4	1	45
1	1437	1	5	1	74
1	1438	2	5	1	67
1	1438	1	5	1	69
1	1438	2	5	1	69
1	1439	2	7	1	91
1	1440	2	4	1	53
1	1441	2	5	1	67
1	1441	1	5	1	70
1	1441	2	5	1	71
1	1442	2	5	1	70
1	1443	2	5	1	58
1	1443	1	5	1	65
1	1443	2	6	1	84
1	1444	2	5	1	53
1	1444	2	5	1	65
1	1445	2	5	1	70
3	1446	2	5	1	75
3	1446	2	5	1	88
3	1446	1	5	1	89
3	1447	2	4	1	66
3	1447	1	4	1	69
3	1448	2	3	1	46
3	1449	2	4	1	73
3	1450	1	4	1	63
3	1450	2	4	1	65
3	1451	2	4	1	61
3	1451	1	4	1	67
3	1452	1	4	1	62
3	1452	1	5	1	69
3	1453	1	5	1	60
3	1454	1	4	1	53
3	1454	2	4	1	62
3	1455	2	4	1	61
3	1455	2	5	1	69
3	1456	2	4	1	62
3	1457	2	4	1	60
3	1458	1	4	1	64
3	1458	1	4	1	70
3	1459	1	4	1	61
3	1459	2	4	1	66
1	1460	1	6	1	96
3	1461	1	4	1	65
3	1462	2	6	1	98
1	1463	1	6	1	96
1	1464	1	6	1	85
1	1464	2	6	1	91
3	1465	2	5	1	79
2	1466	2	5	1	91
3	1467	1	4	1	66
3	1468	1	3	1	53
3	1469	2	5	1	66
3	1470	1	3	1	54
3	1471	2	4	1	56
3	1471	2	3	1	56
3	1471	2	4	1	62
3	1471	1	4	1	64
3	1472	2	3	1	62
1	1473	2	4	1	52
1	1474	1	6	1	79
1	1475	1	5	1	64
3	1476	1	4	1	62
3	1476	1	4	1	66
1	1477	2	6	1	75
1	1477	2	5	1	73
1	1477	2	5	1	80
1	1478	2	5	1	74
2	1479	2	5	1	88
2	1480	2	5	1	88
2	1481	1	4	1	65
2	1482	1	4	1	63
2	1482	1	4	1	68
1	1483	1	5	1	65
1	1483	1	5	1	69
1	1484	2	5	1	60
1	1484	1	5	1	69
1	1485	1	6	1	85
1	1486	2	6	1	81
1	1487	2	6	1	78
1	1488	1	5	1	77
1	1489	2	5	1	66
1	1490	1	6	1	71
1	1491	2	5	1	66
1	1492	2	6	1	78
1	1493	2	5	1	61
1	1494	2	5	1	65
1	1495	2	5	1	60
1	1496	2	4	1	51
1	1497	2	7	1	85
2	1498	2	5	1	77
2	1498	2	5	1	77
2	1499	2	4	1	65
2	1499	1	5	1	72
2	1500	1	5	1	82
2	1501	2	5	1	72
2	1501	2	5	1	80
2	1501	2	5	1	80
2	1501	2	5	1	87
2	1502	1	5	1	81
1	1503	2	5	1	64
1	1504	2	5	1	66
1	1504	2	5	1	72
1	1505	1	4	1	58
1	1505	2	4	1	58
1	1505	1	5	1	65
1	1506	2	6	1	78
1	1507	2	4	1	55
1	1508	1	5	1	70
1	1509	1	4	1	47
1	1509	2	4	1	52
1	1510	2	5	1	85
1	1511	1	5	1	52
1	1512	1	4	1	42
1	1513	2	4	1	46
1	1513	2	5	1	55
1	1514	2	5	1	78
1	1515	1	5	1	67
2	1516	2	5	1	78
3	1517	1	4	1	63
3	1518	1	4	1	61
3	1519	2	5	1	72
3	1520	1	5	1	92
3	1521	2	4	1	54
3	1521	2	4	1	55
3	1521	2	5	1	68
3	1521	2	4	1	68
3	1522	1	4	1	61
3	1522	2	6	1	79
3	1523	2	4	1	56
1	1524	2	6	1	78
1	1525	1	5	1	70
1	1525	1	6	1	82
1	1526	1	6	1	91
1	1527	2	6	1	71
1	1528	1	6	1	75
1	1528	1	6	1	82
1	1529	2	6	1	87
1	1529	2	6	1	76
1	1530	2	6	1	83
1	1531	1	6	1	72
1	1531	2	6	1	79
1	1531	2	6	1	82
1	1532	1	6	1	83
1	1533	2	6	1	92
1	1534	2	5	1	68
1	1535	2	6	1	89
1	1536	1	6	1	86
1	1537	2	6	1	85
1	1538	2	6	1	86
2	1539	2	4	1	61
2	1539	1	4	1	73
2	1540	2	4	1	73
2	1541	2	4	1	69
3	1542	1	4	1	62
2	1543	2	4	1	64
2	1544	1	5	1	77
2	1544	2	5	1	79
2	1545	1	4	1	70
2	1546	2	5	1	77
2	1547	1	5	1	78
2	1548	2	4	1	62
2	1549	2	4	1	57
1	1550	2	7	1	75
1	1551	2	5	1	70
1	1552	1	5	1	66
1	1552	2	6	1	88
1	1553	1	4	1	50
1	1553	1	6	1	75
1	1553	1	5	1	76
1	1554	1	5	1	70
1	1554	2	5	1	73
1	1555	1	5	1	67
1	1556	2	5	1	70
1	1557	2	5	1	63
1	1557	2	5	1	68
1	1558	2	6	1	84
3	1559	2	5	1	78
3	1560	1	4	1	66
3	1561	1	4	1	68
3	1561	1	5	1	72
1	1562	1	4	1	56
1	1562	2	5	1	68
1	1562	2	6	1	77
1	1562	1	6	1	80
1	1562	2	6	1	82
1	1563	2	4	1	59
1	1563	2	6	1	78
1	1563	2	6	1	82
1	1563	1	6	1	82
1	1563	1	6	1	94
3	1564	2	3	1	48
1	1565	1	6	1	88
1	1566	2	5	1	65
1	1567	2	5	1	68
1	1568	1	6	1	78
3	1569	2	3	1	49
3	1570	1	4	1	64
3	1571	1	3	1	42
3	1571	2	3	1	50
3	1571	1	3	1	55
3	1572	2	3	1	53
1	1573	2	6	1	88
1	1574	2	6	1	82
1	1575	2	5	1	63
1	1576	2	6	1	84
1	1577	1	5	1	69
1	1578	1	5	1	64
1	1578	2	6	1	91
1	1579	1	4	1	39
1	1580	2	6	1	66
1	1580	2	5	1	79
1	1581	1	5	1	69
3	1582	2	4	1	70
3	1583	2	4	1	61
3	1584	1	4	1	55
3	1585	2	4	1	64
3	1586	2	5	1	76
3	1587	2	5	1	79
1	1588	1	5	1	74
3	1589	1	4	1	62
3	1590	2	3	1	53
3	1590	2	4	1	63
3	1590	1	4	1	64
3	1591	1	4	1	58
3	1592	2	4	1	62
3	1592	2	4	1	67
3	1592	1	4	1	71
3	1593	2	4	1	51
3	1593	1	4	1	55
3	1593	2	4	1	64
3	1593	2	5	1	84
3	1594	2	3	1	45
3	1594	2	4	1	59
3	1594	2	4	1	71
3	1595	2	3	1	46
1	1596	2	6	1	73
1	1596	2	6	1	90
1	1596	1	6	1	91
1	1597	2	6	1	76
1	1598	2	4	1	49
3	1599	1	4	1	52
3	1599	2	4	1	65
3	1599	1	4	1	68
3	1600	2	4	1	59
3	1600	1	4	1	59
3	1601	1	4	1	52
3	1601	1	4	1	65
3	1601	2	4	1	73
3	1602	1	4	1	63
3	1602	2	4	1	64
3	1603	1	4	1	75
3	1603	1	4	1	74
3	1604	1	4	1	55
3	1604	2	4	1	62
3	1604	1	4	1	67
1	1605	2	4	1	47
1	1605	1	4	1	59
1	1605	2	5	1	62
1	1605	1	5	1	63
1	1605	1	5	1	66
1	1605	1	5	1	66
1	1605	1	5	1	66
1	1605	2	5	1	64
1	1606	1	4	1	50
1	1607	1	5	1	76
1	1608	2	5	1	64
1	1609	2	4	1	50
1	1609	2	4	1	53
1	1609	1	5	1	65
1	1610	1	4	1	47
1	1610	1	4	1	51
1	1610	1	4	1	55
1	1610	1	5	1	64
3	1611	1	4	1	70
3	1612	2	4	1	74
3	1613	2	4	1	70
3	1614	1	3	1	49
3	1614	2	4	1	62
3	1615	2	4	1	63
3	1616	1	4	1	71
1	1617	1	4	1	54
1	1617	2	5	1	62
1	1617	1	6	1	86
1	1618	1	4	1	54
1	1618	2	4	1	58
1	1618	1	5	1	69
1	1619	2	5	1	64
1	1619	1	5	1	75
1	1620	2	5	1	68
1	1620	1	5	1	71
1	1621	1	6	1	88
1	1622	2	5	1	65
1	1622	1	6	1	93
1	1623	1	4	1	49
1	1623	2	5	1	67
1	1624	1	5	1	67
1	1624	2	6	1	85
1	1625	2	5	1	70
1	1626	2	5	1	66
3	1627	1	5	1	76
3	1628	1	4	1	63
3	1628	1	4	1	64
3	1629	1	4	1	67
1	1630	1	5	1	81
1	1631	2	5	1	71
3	1632	2	4	1	65
3	1632	1	4	1	67
3	1632	2	4	1	73
3	1633	2	3	1	54
3	1633	2	4	1	53
3	1633	2	4	1	63
3	1634	2	3	1	49
3	1635	2	3	1	51
3	1636	2	4	1	61
3	1637	2	4	1	62
3	1637	1	5	1	81
3	1638	2	5	1	73
3	1639	2	5	1	73
3	1640	2	5	1	73
1	1641	1	4	1	63
1	1642	1	4	1	52
1	1643	2	6	1	81
1	1644	2	5	1	62
1	1645	1	5	1	73
1	1645	2	7	1	85
1	1646	1	5	1	56
1	1646	2	6	1	58
1	1646	2	5	1	64
1	1647	2	5	1	59
1	1647	1	6	1	66
1	1648	2	5	1	69
1	1649	1	5	1	72
1	1650	2	5	1	61
1	1650	1	5	1	71
3	1651	2	5	1	80
2	1652	1	5	1	102
1	1653	1	6	1	86
1	1654	1	5	1	70
1	1655	1	5	1	61
1	1656	1	4	1	59
2	1657	2	4	1	64
1	1658	2	4	1	53
1	1658	1	4	1	57
1	1658	2	4	1	56
1	1659	1	4	1	53
1	1660	2	4	1	52
1	1660	2	5	1	59
1	1660	1	5	1	64
1	1660	1	5	1	69
1	1661	1	6	1	82
1	1662	2	4	1	57
1	1663	1	5	1	65
3	1664	1	4	1	68
3	1664	1	4	1	66
3	1664	1	4	1	69
3	1665	1	4	1	62
3	1666	2	4	1	58
3	1666	2	4	1	58
3	1667	1	4	1	71
3	1668	2	3	1	61
3	1668	2	4	1	62
3	1668	1	4	1	67
3	1669	2	4	1	64
1	1670	1	4	1	56
1	1670	1	4	1	57
1	1671	1	6	1	80
1	1672	1	5	1	75
1	1673	2	6	1	72
1	1674	2	5	1	69
1	1675	1	5	1	69
1	1676	2	4	1	50
1	1676	2	5	1	61
1	1676	1	5	1	66
1	1676	1	5	1	67
1	1677	2	5	1	64
1	1677	1	5	1	65
1	1677	2	5	1	68
1	1677	2	5	1	80
1	1678	1	7	1	82
3	1679	1	3	1	42
3	1679	2	3	1	50
3	1679	2	3	1	54
3	1679	1	4	1	64
3	1680	1	3	1	47
3	1680	2	4	1	61
3	1681	2	3	1	53
3	1681	2	3	1	58
1	1682	2	5	1	67
1	1683	2	4	1	50
1	1683	2	5	1	59
1	1683	1	6	1	84
1	1683	1	6	1	85
1	1684	1	5	1	72
1	1685	1	3	1	35
1	1685	2	4	1	50
1	1685	2	5	1	64
1	1685	2	5	1	68
1	1685	2	6	1	85
1	1686	1	5	1	66
3	1687	2	4	1	62
1	1688	1	5	1	60
3	1689	2	4	1	59
3	1689	1	4	1	69
3	1690	1	4	1	63
3	1691	1	4	1	60
3	1691	1	4	1	59
3	1692	2	4	1	59
3	1693	2	3	1	60
3	1694	2	4	1	61
3	1694	1	4	1	61
3	1694	2	4	1	72
3	1695	2	4	1	58
3	1695	2	4	1	68
3	1696	1	4	1	72
3	1697	1	4	1	64
3	1697	1	4	1	65
3	1698	2	4	1	58
3	1698	2	4	1	64
3	1698	2	5	1	70
3	1699	2	4	1	65
3	1700	2	5	1	83
3	1701	1	4	1	62
3	1702	2	3	1	66
3	1703	2	4	1	59
3	1703	2	4	1	62
3	1703	2	4	1	67
3	1704	2	4	1	65
3	1705	2	4	1	72
3	1706	1	3	1	52
3	1707	2	4	1	66
3	1708	1	5	1	65
3	1708	1	4	1	65
3	1708	2	5	1	70
3	1708	2	4	1	73
1	1709	1	5	1	73
1	1710	1	5	1	70
1	1711	1	4	1	51
1	1711	1	5	1	66
1	1712	1	5	1	72
1	1713	1	5	1	68
1	1713	1	5	1	78
1	1713	2	6	1	78
1	1713	2	7	1	83
3	1714	1	4	1	68
3	1715	2	4	1	57
3	1716	2	4	1	61
3	1716	1	4	1	64
3	1717	2	4	1	76
3	1717	1	5	1	82
3	1718	1	4	1	72
3	1719	1	3	1	46
3	1720	2	4	1	61
3	1720	1	4	1	67
1	1721	1	5	1	57
1	1722	2	5	1	60
1	1722	2	5	1	61
1	1722	2	5	1	61
1	1723	2	5	1	60
1	1723	2	5	1	66
1	1723	1	6	1	74
1	1724	2	5	1	66
1	1725	1	5	1	64
1	1726	2	5	1	74
1	1726	2	6	1	80
1	1727	2	5	1	65
1	1727	1	5	1	67
1	1728	1	5	1	59
1	1729	2	6	1	76
1	1730	2	5	1	65
1	1730	1	5	1	63
1	1730	1	5	1	67
1	1730	1	6	1	77
3	1731	1	4	1	63
3	1732	2	4	1	58
3	1733	1	4	1	65
3	1734	1	4	1	57
3	1735	1	5	1	75
3	1736	1	4	1	66
3	1737	2	3	1	55
3	1737	2	4	1	62
3	1737	2	4	1	69
3	1738	1	3	1	54
3	1739	1	3	1	47
3	1739	1	4	1	64
3	1739	2	4	1	70
3	1740	2	3	1	49
3	1740	2	3	1	47
3	1740	1	4	1	62
3	1741	1	3	1	51
3	1741	2	3	1	51
3	1742	1	3	1	60
3	1743	2	4	1	65
3	1744	2	4	1	66
3	1745	1	3	1	45
3	1745	2	3	1	51
3	1745	1	4	1	58
1	1746	2	5	1	69
3	1747	2	4	1	64
3	1747	2	4	1	67
3	1748	2	4	1	77
3	1749	2	4	1	73
3	1749	2	4	1	77
3	1750	1	4	1	71
3	1751	1	3	1	49
3	1752	1	4	1	60
3	1752	2	4	1	65
3	1752	2	4	1	60
3	1753	2	4	1	64
3	1754	2	4	1	59
3	1754	1	4	1	63
3	1754	1	4	1	68
3	1755	2	4	1	69
3	1755	2	4	1	70
1	1756	2	6	1	81
3	1757	1	5	1	67
3	1758	2	4	1	66
3	1759	2	4	1	62
3	1760	2	4	1	61
3	1761	2	3	1	54
3	1762	1	5	1	72
3	1763	2	4	1	62
3	1764	2	3	1	58
3	1765	1	4	1	60
3	1766	2	5	1	84
3	1767	1	3	1	40
3	1768	2	5	1	86
3	1769	1	4	1	66
1	1770	1	5	1	61
1	1770	2	6	1	76
1	1770	1	5	1	72
1	1770	2	6	1	83
1	1771	1	5	1	72
1	1771	1	6	1	86
1	1772	2	5	1	65
1	1772	2	6	1	88
1	1773	2	6	1	71
3	1774	1	4	1	59
3	1774	1	4	1	70
3	1775	2	4	1	74
1	1776	1	5	1	64
1	1777	1	5	1	69
1	1778	1	7	1	96
1	1779	1	4	1	51
1	1780	1	5	1	66
1	1780	2	6	1	77
1	1781	1	5	1	69
1	1781	1	5	1	72
1	1782	1	5	1	67
1	1782	2	5	1	72
1	1782	2	5	1	74
1	1783	2	5	1	66
1	1783	1	5	1	69
1	1783	1	5	1	71
1	1784	1	6	1	91
1	1785	1	5	1	68
3	1786	2	4	1	77
3	1787	2	4	1	68
3	1788	2	4	1	58
3	1789	2	4	1	63
3	1789	1	4	1	68
3	1790	1	4	1	69
3	1791	1	4	1	65
3	1792	2	4	1	61
3	1793	2	3	1	51
3	1793	2	3	1	56
3	1794	1	3	1	44
1	1795	2	5	1	59
1	1796	1	5	1	73
1	1796	2	5	1	74
1	1796	2	6	1	79
1	1796	2	6	1	83
1	1797	1	6	1	82
1	1797	2	6	1	85
3	1798	1	4	1	57
3	1798	2	4	1	58
3	1799	1	5	1	62
3	1800	2	4	1	62
1	1801	1	6	1	83
1	1802	1	6	1	80
1	1803	2	5	1	68
1	1804	2	6	1	87
1	1804	2	6	1	88
1	1805	2	6	1	84
1	1806	2	7	1	80
1	1807	1	5	1	76
1	1808	1	6	1	77
1	1808	2	6	1	81
1	1809	1	4	1	52
1	1810	2	5	1	52
1	1810	2	5	1	73
1	1811	1	6	1	86
1	1812	2	7	1	87
1	1813	2	6	1	73
1	1814	1	6	1	80
1	1815	1	5	1	65
1	1815	2	5	1	68
1	1815	1	5	1	69
1	1815	2	5	1	74
1	1816	1	4	1	66
1	1816	2	6	1	71
3	1817	2	4	1	59
3	1818	2	4	1	68
3	1819	2	4	1	61
3	1819	1	4	1	69
3	1820	1	4	1	60
3	1820	1	4	1	68
3	1820	2	4	1	67
1	1821	1	5	1	65
1	1822	2	6	1	79
1	1823	1	6	1	74
1	1824	2	6	1	73
3	1825	2	4	1	54
3	1826	1	3	1	50
3	1827	1	3	1	55
1	1828	2	4	1	52
1	1829	2	4	1	47
1	1830	2	5	1	61
1	1830	2	5	1	64
1	1830	2	5	1	67
1	1830	1	5	1	73
1	1831	2	5	1	67
1	1831	2	6	1	80
1	1831	1	7	1	98
1	1832	2	5	1	67
1	1833	1	5	1	61
1	1834	1	7	1	92
1	1835	1	7	1	85
1	1836	2	7	1	76
1	1836	2	6	1	82
1	1836	2	6	1	84
3	1837	2	3	1	54
3	1837	1	4	1	63
3	1837	2	4	1	63
3	1837	2	4	1	66
3	1837	1	4	1	67
3	1838	1	3	1	53
3	1838	2	4	1	62
3	1839	2	4	1	61
3	1839	1	3	1	59
3	1839	1	4	1	67
3	1840	2	4	1	62
3	1840	1	4	1	67
3	1841	2	5	1	82
3	1842	1	4	1	74
3	1843	1	3	1	43
3	1843	2	3	1	53
1	1844	2	6	1	82
1	1845	2	5	1	61
1	1846	2	5	1	65
3	1847	2	3	1	55
3	1848	2	4	1	69
3	1849	2	4	1	58
3	1850	2	5	1	75
3	1851	2	5	1	71
3	1852	1	4	1	59
1	1853	1	5	1	75
1	1854	2	4	1	56
1	1854	2	5	1	61
1	1855	1	4	1	53
1	1856	1	5	1	65
3	1857	2	3	1	52
3	1858	1	3	1	57
3	1859	1	4	1	59
3	1860	1	4	1	60
3	1861	2	5	1	83
3	1862	2	4	1	63
3	1863	1	4	1	58
3	1864	2	3	1	53
3	1865	1	3	1	57
3	1866	1	4	1	68
3	1867	1	3	1	44
3	1867	2	4	1	64
3	1868	2	3	1	53
3	1869	2	5	1	61
3	1869	1	4	1	63
3	1869	1	4	1	69
3	1870	1	3	1	43
3	1870	1	4	1	65
3	1870	1	4	1	66
3	1871	2	4	1	61
3	1871	1	4	1	70
3	1872	2	4	1	57
1	1873	2	5	1	67
1	1873	2	5	1	65
1	1874	1	5	1	62
1	1875	1	4	1	46
1	1876	2	6	1	74
1	1877	2	6	1	90
1	1878	2	6	1	79
1	1879	1	5	1	65
3	1880	1	4	1	65
3	1880	2	5	1	83
3	1881	2	4	1	64
3	1882	2	4	1	63
1	1883	2	5	1	62
1	1884	1	6	1	81
1	1885	2	5	1	52
1	1885	1	6	1	84
1	1886	1	5	1	63
1	1887	1	5	1	57
1	1888	1	5	1	57
1	1888	2	5	1	66
1	1889	1	3	1	46
1	1889	2	4	1	55
3	1890	2	5	1	75
3	1891	2	5	1	78
3	1892	1	5	1	79
3	1893	1	4	1	65
3	1894	2	5	1	88
1	1895	1	6	1	88
1	1896	2	6	1	77
1	1897	1	3	1	26
1	1898	1	6	1	83
1	1899	2	5	1	64
1	1899	2	6	1	93
1	1900	1	6	1	80
1	1901	1	4	1	48
1	1901	2	5	1	63
1	1901	1	5	1	79
1	1902	1	3	1	29
1	1902	2	4	1	45
1	1903	1	4	1	40
1	1903	1	4	1	43
1	1904	2	5	1	67
1	1905	1	3	1	38
1	1906	2	5	1	59
2	1907	1	5	1	79
2	1908	2	5	1	71
2	1909	2	5	1	78
1	1910	2	6	1	82
1	1911	2	6	1	84
1	1912	1	5	1	62
1	1912	2	7	1	85
1	1913	2	5	1	55
1	1914	1	5	1	56
3	1915	2	4	1	68
3	1916	2	3	1	43
3	1916	2	5	1	68
3	1916	2	4	1	71
3	1916	1	5	1	91
3	1917	1	4	1	69
3	1918	2	4	1	59
3	1918	1	6	1	82
3	1919	1	4	1	65
3	1920	2	4	1	70
3	1920	2	4	1	61
3	1920	2	4	1	64
3	1920	2	4	1	78
3	1921	2	4	1	59
3	1921	1	4	1	67
3	1922	1	4	1	59
3	1922	1	4	1	67
1	1923	2	6	1	77
1	1923	1	6	1	82
1	1924	2	6	1	75
3	1925	1	4	1	64
3	1926	1	3	1	49
3	1926	2	4	1	61
3	1927	1	4	1	70
3	1928	2	4	1	67
3	1928	2	5	1	86
1	1929	2	6	1	85
1	1930	2	6	1	80
1	1931	2	4	1	54
1	1931	2	5	1	57
1	1931	2	6	1	69
1	1931	2	6	1	72
1	1931	2	5	1	69
1	1931	2	5	1	72
1	1931	1	6	1	81
1	1931	1	6	1	80
1	1931	1	7	1	82
1	1931	1	6	1	92
1	1932	2	6	1	91
1	1933	1	6	1	90
1	1934	2	6	1	77
1	1935	1	5	1	69
1	1936	2	6	1	86
1	1937	2	6	1	77
1	1938	2	5	1	74
1	1939	2	5	1	74
1	1939	2	6	1	77
1	1939	2	6	1	84
1	1940	2	5	1	70
1	1940	2	5	1	72
1	1940	2	6	1	94
1	1941	2	6	1	81
1	1942	1	3	1	53
1	1943	1	4	1	67
1	1944	1	4	1	53
1	1944	1	5	1	58
1	1944	2	4	1	60
1	1945	1	4	1	49
1	1945	2	5	1	71
1	1945	2	6	1	71
1	1946	1	4	1	41
1	1946	2	5	1	69
1	1947	2	5	1	66
1	1948	2	5	1	68
1	1948	2	5	1	70
1	1948	2	5	1	83
1	1949	1	5	1	70
1	1949	1	5	1	74
1	1949	2	6	1	77
1	1949	1	6	1	89
1	1950	2	6	1	78
1	1950	2	6	1	75
1	1950	1	6	1	78
1	1950	1	6	1	80
1	1950	2	6	1	87
3	1951	2	4	1	56
3	1951	2	4	1	63
3	1951	2	4	1	62
3	1952	1	3	1	47
3	1952	1	3	1	55
3	1952	2	4	1	58
3	1952	2	3	1	57
3	1952	2	4	1	61
3	1952	2	4	1	64
3	1952	1	4	1	72
3	1952	1	4	1	68
3	1953	2	4	1	57
3	1954	2	4	1	64
1	1955	2	5	1	55
1	1955	2	5	1	67
1	1955	1	5	1	72
1	1955	2	5	1	75
1	1956	2	5	1	65
1	1956	1	4	1	65
1	1956	2	5	1	71
1	1956	2	5	1	82
1	1956	2	7	1	91
1	1957	2	4	1	50
1	1957	2	5	1	70
1	1957	2	5	1	73
1	1958	1	5	1	69
1	1958	1	5	1	74
1	1959	1	5	1	65
1	1959	2	5	1	68
3	1960	1	4	1	64
3	1960	1	4	1	64
3	1960	2	4	1	66
3	1960	2	4	1	67
3	1961	2	3	1	51
3	1961	2	3	1	56
3	1961	2	4	1	56
3	1961	2	4	1	59
3	1961	2	4	1	63
3	1961	1	3	1	61
3	1961	2	4	1	67
3	1961	1	5	1	70
3	1962	1	4	1	61
3	1963	2	3	1	50
3	1963	1	4	1	59
3	1963	2	4	1	61
3	1963	2	5	1	83
3	1964	2	5	1	74
1	1965	2	6	1	84
1	1966	1	5	1	70
1	1966	2	5	1	76
1	1967	2	5	1	64
1	1968	2	4	1	47
1	1968	2	5	1	64
1	1968	2	6	1	78
3	1969	1	4	1	57
3	1970	2	4	1	58
3	1970	2	5	1	78
3	1971	2	4	1	63
3	1972	2	4	1	67
3	1973	1	4	1	57
3	1973	2	4	1	67
3	1974	2	5	1	85
3	1975	2	3	1	40
3	1975	1	3	1	41
1	1976	1	5	1	87
1	1977	1	5	1	82
1	1978	2	5	1	70
1	1979	1	5	1	72
1	1980	1	5	1	65
1	1980	1	6	1	73
1	1981	1	5	1	79
1	1981	1	6	1	82
1	1982	1	5	1	78
1	1983	2	5	1	61
1	1984	1	5	1	73
1	1984	1	5	1	71
1	1984	1	5	1	78
1	1985	2	6	1	85
1	1985	1	6	1	81
1	1986	1	5	1	76
1	1987	1	5	1	75
1	1987	2	6	1	76
1	1987	2	6	1	79
3	1988	1	4	1	60
3	1989	1	4	1	60
3	1990	2	4	1	63
3	1991	1	5	1	75
3	1992	1	5	1	75
3	1993	1	4	1	73
3	1994	1	4	1	66
3	1994	2	4	1	70
2	1995	2	4	1	63
2	1996	2	5	1	81
2	1997	2	4	1	72
2	1998	2	4	1	73
2	1999	1	4	1	64
2	2000	1	4	1	61
2	2000	2	4	1	66
2	2001	1	4	1	61
2	2001	2	5	1	80
2	2002	1	4	1	70
1	2003	1	5	1	67
1	2003	1	7	1	94
1	2004	2	6	1	82
1	2004	2	6	1	81
1	2005	1	5	1	85
1	2006	1	5	1	66
1	2007	2	5	1	69
1	2007	2	5	1	74
1	2008	1	5	1	76
1	2009	2	6	1	83
1	2010	1	5	1	73
1	2011	2	5	1	68
1	2012	2	6	1	86
1	2013	1	5	1	75
1	2014	1	4	1	48
1	2014	2	5	1	69
3	2015	2	3	1	52
3	2016	1	4	1	72
3	2017	2	4	1	72
3	2018	2	4	1	61
3	2019	1	4	1	56
3	2020	2	4	1	71
3	2021	2	5	1	93
3	2022	2	3	1	42
3	2023	1	5	1	75
3	2024	1	3	1	43
3	2024	1	4	1	63
3	2025	2	5	1	77
3	2026	1	3	1	40
3	2026	1	3	1	43
3	2027	1	3	1	45
1	2028	2	5	1	70
1	2029	2	5	1	58
1	2029	1	6	1	74
1	2030	2	5	1	65
1	2030	2	5	1	66
1	2031	2	5	1	69
1	2032	2	4	1	51
1	2032	2	5	1	62
1	2032	2	4	1	60
1	2032	2	5	1	63
1	2033	2	5	1	66
1	2034	2	5	1	58
1	2034	1	5	1	61
1	2034	2	5	1	69
1	2034	1	5	1	69
1	2035	1	3	1	45
1	2035	1	4	1	49
1	2035	1	5	1	61
1	2035	1	5	1	63
1	2035	1	5	1	74
3	2036	2	5	1	83
3	2037	2	5	1	77
3	2037	1	4	1	80
3	2038	2	4	1	64
3	2039	2	4	1	71
3	2040	1	4	1	65
3	2041	1	5	1	74
3	2042	2	4	1	61
3	2043	2	4	1	62
3	2044	2	5	1	75
3	2045	1	4	1	62
3	2046	1	4	1	56
3	2047	1	4	1	57
3	2048	2	4	1	53
3	2049	2	4	1	65
3	2049	2	4	1	68
3	2050	1	3	1	61
3	2050	2	4	1	61
3	2050	1	4	1	65
3	2051	1	4	1	57
3	2051	2	4	1	59
3	2051	2	4	1	66
3	2052	1	4	1	63
2	2053	2	4	1	60
1	2054	2	6	1	93
1	2055	1	6	1	88
1	2056	2	4	1	55
1	2057	2	5	1	62
1	2058	2	6	1	65
1	2058	2	5	1	69
1	2059	2	5	1	68
1	2060	2	5	1	64
1	2061	2	4	1	53
1	2062	1	4	1	58
1	2063	1	5	1	73
1	2064	2	6	1	90
1	2065	2	4	1	53
2	2066	2	4	1	67
1	2067	2	7	1	89
1	2068	2	5	1	61
1	2068	2	5	1	70
1	2069	2	5	1	62
1	2070	2	5	1	61
1	2070	1	5	1	75
1	2071	1	5	1	61
1	2072	2	4	1	47
1	2072	1	5	1	67
1	2073	2	6	1	87
1	2074	1	5	1	73
2	2075	2	4	1	66
2	2076	2	5	1	68
2	2076	2	5	1	78
2	2076	2	6	1	89
2	2077	2	5	1	71
2	2077	2	5	1	78
2	2077	2	5	1	79
2	2077	2	5	1	78
2	2078	2	5	1	80
2	2079	2	5	1	70
2	2080	1	5	1	86
2	2081	2	6	1	91
2	2082	2	5	1	86
1	2083	2	5	1	66
1	2084	1	5	1	70
1	2085	2	4	1	47
1	2086	2	4	1	60
1	2086	2	5	1	63
1	2087	2	4	1	54
1	2088	1	5	1	66
1	2089	2	6	1	88
1	2090	1	4	1	58
1	2091	1	5	1	61
1	2092	1	5	1	65
1	2093	2	5	1	65
1	2094	1	5	1	65
1	2095	1	4	1	52
1	2096	1	4	1	52
1	2097	1	6	1	84
1	2098	1	4	1	46
2	2099	2	6	1	81
3	2100	1	5	1	64
3	2101	1	4	1	65
3	2102	1	4	1	57
3	2102	1	4	1	61
3	2102	2	5	1	73
2	2103	1	5	1	69
2	2104	2	4	1	61
2	2105	2	5	1	68
2	2106	2	4	1	54
2	2107	2	5	1	79
2	2108	1	4	1	60
2	2108	1	4	1	69
2	2109	1	4	1	63
2	2110	2	4	1	62
2	2111	2	5	1	83
2	2111	1	5	1	83
2	2111	1	5	1	86
2	2112	1	5	1	65
2	2112	2	5	1	75
2	2113	2	4	1	61
2	2113	1	4	1	59
2	2113	2	4	1	61
2	2113	2	4	1	64
2	2113	1	4	1	66
2	2114	2	4	1	66
1	2115	2	6	1	78
3	2116	2	6	1	88
3	2117	2	6	1	95
3	2118	1	5	1	78
3	2119	1	4	1	67
1	2120	1	6	1	97
1	2121	1	6	1	95
3	2122	1	6	1	84
3	2123	1	4	1	65
1	2124	1	5	1	78
1	2125	1	5	1	67
1	2126	2	5	1	58
1	2126	1	5	1	59
1	2126	1	5	1	62
1	2126	1	5	1	66
1	2126	1	5	1	66
1	2127	2	5	1	71
1	2128	2	5	1	62
1	2128	2	5	1	67
1	2129	2	5	1	65
1	2130	1	5	1	65
1	2130	2	5	1	72
1	2131	1	5	1	69
1	2132	2	5	1	70
1	2132	2	5	1	68
1	2132	2	6	1	91
1	2133	1	4	1	52
1	2133	2	5	1	65
1	2133	2	5	1	70
3	2134	2	4	1	60
3	2135	2	4	1	61
3	2135	2	4	1	62
3	2135	1	4	1	65
3	2136	1	4	1	62
3	2136	1	4	1	69
3	2137	2	4	1	64
2	2138	2	4	1	68
2	2139	2	4	1	65
2	2140	1	4	1	77
2	2141	1	4	1	58
2	2141	1	4	1	65
2	2141	2	4	1	64
2	2141	2	4	1	65
2	2141	2	4	1	71
2	2141	2	5	1	84
2	2141	2	5	1	83
3	2142	2	4	1	65
3	2142	2	5	1	80
3	2143	1	3	1	54
3	2144	1	4	1	72
3	2144	2	5	1	73
2	2145	2	5	1	76
2	2146	2	5	1	79
2	2147	2	4	1	68
2	2148	2	5	1	80
2	2149	1	5	1	74
2	2150	2	4	1	83
2	2151	2	5	1	80
1	2152	1	4	1	56
1	2152	2	5	1	69
1	2153	2	6	1	77
1	2154	2	5	1	65
1	2155	1	5	1	65
1	2156	2	4	1	59
1	2156	2	5	1	65
1	2157	2	4	1	52
1	2157	1	5	1	60
1	2157	2	5	1	69
1	2158	1	4	1	59
1	2159	2	5	1	62
1	2159	2	5	1	60
1	2159	2	5	1	68
1	2160	1	4	1	53
1	2160	1	5	1	65
1	2160	2	5	1	65
1	2161	1	5	1	80
2	2162	2	4	1	58
2	2163	2	5	1	81
2	2164	2	5	1	70
2	2165	2	5	1	70
2	2166	2	5	1	67
2	2166	2	5	1	72
2	2167	2	5	1	71
2	2167	1	5	1	69
2	2168	2	5	1	68
2	2168	2	5	1	72
2	2169	1	4	1	62
2	2169	2	4	1	64
2	2170	1	5	1	68
2	2170	2	5	1	75
2	2170	1	5	1	78
2	2170	1	5	1	80
2	2170	2	6	1	89
2	2171	2	5	1	72
2	2172	1	5	1	71
2	2173	2	5	1	109
1	2174	2	5	1	73
1	2175	2	6	1	91
1	2176	1	6	1	83
1	2177	2	6	1	87
1	2178	2	6	1	83
1	2179	1	7	1	94
1	2180	2	7	1	87
1	2181	1	5	1	75
1	2182	2	4	1	58
1	2183	1	4	1	64
3	2184	1	4	1	64
3	2185	2	5	1	77
3	2186	2	3	1	50
3	2186	2	3	1	54
3	2186	2	4	1	60
3	2186	1	4	1	63
3	2186	1	4	1	64
3	2186	1	4	1	62
3	2186	1	4	1	72
3	2187	2	4	1	60
1	2188	2	5	1	72
1	2189	1	5	1	69
1	2189	1	5	1	77
1	2190	2	5	1	71
1	2191	2	5	1	61
3	2192	1	4	1	65
3	2192	1	4	1	60
3	2192	1	4	1	62
3	2192	1	5	1	71
3	2193	2	4	1	60
3	2193	2	5	1	70
3	2193	1	5	1	78
3	2194	1	3	1	55
3	2194	2	3	1	55
3	2195	1	4	1	61
1	2196	2	5	1	61
1	2197	2	6	1	72
1	2198	1	5	1	73
1	2199	1	5	1	72
1	2200	2	5	1	74
1	2200	1	6	1	94
1	2200	2	6	1	90
1	2200	1	7	1	93
1	2201	1	6	1	71
1	2201	2	6	1	85
1	2202	1	6	1	84
3	2203	1	4	1	73
3	2204	2	4	1	55
3	2204	1	4	1	56
3	2204	2	5	1	75
3	2204	2	5	1	81
3	2205	2	4	1	57
3	2205	1	5	1	71
3	2206	1	4	1	65
3	2207	1	4	1	69
3	2208	2	4	1	71
3	2209	2	4	1	66
3	2209	2	4	1	64
3	2209	1	5	1	67
3	2210	1	4	1	53
3	2211	2	5	1	87
3	2212	2	4	1	65
3	2212	2	4	1	72
3	2212	1	4	1	71
3	2212	2	5	1	89
3	2213	2	4	1	70
3	2214	1	3	1	48
1	2215	2	5	1	64
1	2215	2	6	1	77
1	2215	1	6	1	83
1	2216	2	5	1	61
1	2216	2	5	1	64
1	2217	1	5	1	73
1	2218	2	5	1	68
1	2219	2	4	1	48
1	2219	2	5	1	63
1	2219	2	5	1	66
1	2219	1	5	1	72
1	2219	1	5	1	78
1	2220	2	5	1	68
1	2220	1	6	1	78
1	2220	2	6	1	81
1	2221	2	5	1	72
1	2222	2	5	1	64
1	2223	2	6	1	64
1	2223	1	5	1	70
1	2224	1	6	1	73
1	2224	2	6	1	76
1	2224	2	5	1	76
1	2225	2	5	1	51
1	2225	1	4	1	59
1	2226	2	7	1	81
1	2227	2	5	1	67
1	2228	2	6	1	73
3	2229	2	4	1	64
3	2230	1	3	1	52
3	2230	2	4	1	65
3	2231	1	3	1	48
3	2231	2	4	1	55
3	2231	2	4	1	61
3	2232	2	4	1	42
3	2232	1	3	1	45
3	2232	2	4	1	55
3	2232	2	4	1	61
3	2232	1	5	1	70
3	2232	2	4	1	73
3	2233	1	3	1	38
3	2233	2	3	1	56
3	2233	2	4	1	54
3	2233	1	4	1	57
3	2233	1	4	1	61
3	2233	2	5	1	69
3	2234	1	3	1	45
3	2234	2	3	1	46
3	2234	2	4	1	62
3	2234	1	4	1	63
3	2234	2	5	1	81
3	2235	2	4	1	56
3	2235	2	4	1	68
3	2236	2	4	1	58
3	2237	1	4	1	67
3	2238	2	5	1	68
1	2239	2	5	1	69
1	2239	1	5	1	80
1	2240	2	6	1	82
1	2241	2	5	1	72
1	2242	1	6	1	90
1	2243	1	5	1	70
1	2244	2	6	1	77
1	2245	1	5	1	70
1	2246	2	6	1	89
1	2247	2	6	1	81
1	2248	1	5	1	64
1	2249	1	4	1	60
1	2249	2	5	1	64
1	2250	1	6	1	81
1	2251	2	6	1	77
1	2251	2	6	1	85
1	2252	1	6	1	98
1	2253	2	4	1	59
1	2253	2	5	1	66
1	2254	2	6	1	74
3	2255	2	4	1	60
3	2256	2	4	1	57
3	2256	2	4	1	72
2	2257	1	4	1	63
2	2258	2	5	1	87
3	2259	1	4	1	67
2	2260	1	4	1	75
2	2261	2	6	1	87
2	2262	2	4	1	67
2	2263	2	4	1	70
2	2264	1	4	1	68
2	2265	1	5	1	79
2	2266	1	4	1	63
2	2266	2	4	1	73
3	2267	1	4	1	70
3	2268	2	4	1	69
3	2269	2	4	1	69
3	2270	1	4	1	64
3	2271	2	4	1	68
3	2272	1	4	1	62
3	2272	1	4	1	63
1	2273	1	5	1	60
1	2273	2	7	1	80
1	2274	1	5	1	74
1	2274	2	7	1	88
1	2275	1	6	1	84
1	2276	2	6	1	81
3	2277	2	5	1	82
3	2278	1	4	1	67
3	2278	2	4	1	76
3	2278	2	5	1	84
2	2279	2	5	1	78
2	2279	2	5	1	82
3	2280	2	4	1	64
3	2281	2	5	1	91
3	2282	2	4	1	59
3	2283	2	5	1	70
3	2284	1	3	1	53
3	2284	1	4	1	64
3	2285	1	4	1	64
3	2285	1	4	1	77
3	2286	1	4	1	77
3	2287	1	4	1	65
3	2288	2	3	1	46
3	2288	2	5	1	75
3	2289	2	4	1	62
3	2289	1	5	1	66
1	2290	2	6	1	91
1	2291	1	5	1	59
1	2292	2	3	1	24
1	2293	2	6	1	80
1	2294	1	5	1	66
1	2295	2	6	1	76
1	2296	2	6	1	61
1	2297	1	5	1	58
1	2298	2	5	1	73
1	2299	1	5	1	64
1	2300	1	5	1	68
1	2301	1	6	1	84
1	2302	2	5	1	73
1	2303	2	5	1	65
2	2304	1	3	1	57
3	2305	1	4	1	64
3	2305	1	5	1	64
3	2306	1	3	1	56
1	2307	1	6	1	79
1	2308	1	5	1	74
1	2309	2	6	1	87
3	2310	2	4	1	62
3	2311	1	4	1	61
3	2312	1	4	1	75
3	2313	2	4	1	74
1	2314	1	5	1	49
1	2314	2	5	1	66
1	2314	2	4	1	68
1	2314	1	5	1	70
1	2315	2	5	1	66
1	2315	1	5	1	67
1	2316	2	5	1	68
1	2317	2	5	1	66
1	2317	2	5	1	68
1	2318	2	5	1	68
1	2319	2	6	1	87
1	2320	1	5	1	66
1	2321	1	7	1	109
3	2322	1	3	1	55
3	2322	2	4	1	68
3	2323	1	3	1	51
3	2323	1	4	1	68
3	2324	2	3	1	44
3	2324	1	4	1	66
1	2325	2	5	1	65
1	2325	2	6	1	74
1	2326	2	4	1	44
1	2326	2	4	1	46
1	2326	2	5	1	61
1	2326	1	5	1	62
1	2326	2	6	1	73
1	2327	2	5	1	64
1	2328	2	5	1	70
1	2329	2	6	1	83
1	2330	2	5	1	69
1	2331	2	5	1	66
1	2332	2	4	1	55
1	2333	2	6	1	61
1	2334	2	5	1	59
1	2335	2	5	1	39
1	2336	2	5	1	68
1	2336	1	5	1	68
3	2337	1	3	1	49
3	2337	1	4	1	61
3	2337	2	4	1	62
3	2337	2	4	1	63
3	2338	2	4	1	62
1	2339	1	5	1	74
1	2340	2	5	1	65
1	2341	2	5	1	65
1	2341	1	6	1	85
1	2341	2	7	1	84
1	2342	1	4	1	58
1	2342	1	6	1	75
1	2343	1	4	1	52
1	2343	2	5	1	61
1	2343	2	5	1	63
1	2343	1	5	1	65
3	2344	2	4	1	66
3	2344	1	4	1	67
3	2344	1	4	1	69
1	2345	2	6	1	92
1	2346	2	5	1	65
1	2346	1	5	1	70
1	2347	2	5	1	68
1	2348	1	4	1	53
1	2348	1	5	1	62
1	2348	1	6	1	78
1	2349	2	5	1	62
1	2349	2	4	1	62
1	2349	1	5	1	66
1	2349	1	5	1	68
1	2349	1	6	1	87
1	2350	2	4	1	56
1	2350	2	5	1	66
1	2350	2	6	1	71
1	2350	1	6	1	82
3	2351	2	6	1	73
3	2352	1	4	1	56
3	2352	2	4	1	66
3	2352	2	5	1	81
3	2353	2	3	1	46
3	2354	1	5	1	77
3	2355	2	4	1	57
3	2355	2	4	1	63
3	2356	1	4	1	75
3	2357	2	4	1	59
3	2357	2	4	1	58
3	2358	2	4	1	57
3	2358	2	4	1	57
3	2358	2	5	1	71
3	2359	1	4	1	64
3	2360	1	4	1	62
3	2361	2	4	1	58
3	2361	2	4	1	59
3	2362	2	4	1	59
3	2362	2	4	1	65
3	2363	2	5	1	57
3	2364	2	4	1	62
3	2364	1	4	1	63
3	2365	2	4	1	55
3	2365	2	4	1	70
3	2365	2	4	1	69
3	2366	1	4	1	63
1	2367	2	4	1	46
1	2367	2	5	1	69
1	2367	1	6	1	89
1	2368	2	5	1	68
1	2369	2	5	1	68
1	2370	2	4	1	59
1	2370	2	5	1	63
1	2370	2	4	1	69
1	2370	2	5	1	69
1	2370	2	6	1	72
1	2370	2	5	1	68
1	2370	2	5	1	76
1	2370	2	7	1	79
1	2370	2	6	1	82
1	2371	2	4	1	54
1	2371	1	4	1	61
1	2371	1	5	1	68
1	2371	2	5	1	71
1	2371	1	6	1	71
1	2371	1	6	1	82
1	2371	1	6	1	82
1	2372	2	5	1	71
1	2372	1	6	1	83
1	2373	1	5	1	90
1	2373	1	6	1	92
1	2374	1	4	1	67
3	2375	1	4	1	77
3	2376	1	5	1	76
3	2377	1	4	1	63
2	2378	2	5	1	70
2	2379	1	4	1	63
2	2379	2	5	1	78
2	2379	1	5	1	72
2	2379	2	6	1	88
2	2380	1	4	1	60
2	2380	2	4	1	61
2	2380	2	4	1	64
2	2380	1	4	1	68
2	2380	1	5	1	71
2	2380	1	5	1	72
2	2381	1	5	1	85
2	2382	2	4	1	69
2	2382	2	4	1	71
2	2383	1	4	1	69
2	2384	2	4	1	64
2	2385	1	4	1	62
2	2385	1	5	1	83
2	2386	1	5	1	76
2	2387	1	5	1	87
2	2388	1	4	1	62
2	2389	1	5	1	79
2	2390	1	5	1	76
3	2391	1	5	1	74
3	2392	1	3	1	50
3	2393	2	4	1	60
3	2394	1	4	1	63
3	2394	1	4	1	63
3	2395	1	3	1	57
3	2395	1	4	1	70
3	2396	2	3	1	42
3	2396	1	4	1	57
3	2396	1	4	1	64
1	2397	1	5	1	59
1	2398	2	5	1	69
1	2399	2	6	1	90
1	2400	2	3	1	22
1	2401	2	5	1	61
1	2402	2	5	1	61
1	2403	1	4	1	44
1	2403	1	5	1	66
1	2403	1	5	1	68
1	2404	2	6	1	84
1	2405	2	5	1	67
1	2405	2	6	1	75
1	2405	2	6	1	81
1	2406	2	5	1	70
3	2407	1	5	1	60
3	2408	1	4	1	61
3	2408	2	4	1	62
3	2408	1	4	1	63
3	2409	2	4	1	62
3	2410	1	4	1	64
3	2410	1	4	1	66
3	2411	2	4	1	62
3	2412	2	4	1	61
3	2413	1	4	1	54
3	2414	1	4	1	61
2	2415	1	3	1	58
2	2415	2	4	1	63
2	2415	1	4	1	68
2	2416	1	4	1	59
2	2416	2	4	1	62
1	2417	2	5	1	66
1	2417	1	6	1	78
1	2417	1	6	1	85
1	2418	2	6	1	99
1	2419	2	6	1	85
1	2419	1	6	1	91
1	2419	2	6	1	88
1	2420	2	7	1	88
1	2421	2	7	1	82
1	2421	1	6	1	89
1	2422	2	7	1	97
1	2423	1	5	1	67
1	2423	1	5	1	69
1	2423	1	6	1	71
1	2423	1	6	1	84
1	2424	2	6	1	69
1	2424	1	5	1	70
1	2424	1	5	1	69
1	2425	1	5	1	73
1	2425	2	6	1	83
1	2426	2	5	1	59
1	2426	2	5	1	62
1	2427	1	6	1	84
1	2428	2	4	1	52
1	2428	2	5	1	54
1	2428	1	5	1	64
1	2429	2	5	1	70
1	2430	2	4	1	50
1	2431	1	4	1	45
1	2431	2	5	1	64
1	2431	1	5	1	65
1	2431	1	5	1	68
1	2431	2	5	1	70
1	2431	1	5	1	73
1	2431	2	5	1	71
1	2431	2	6	1	75
1	2431	1	6	1	78
1	2432	2	5	1	59
1	2432	2	5	1	62
1	2433	2	6	1	75
1	2434	1	5	1	65
1	2435	2	4	1	55
1	2436	2	6	1	89
1	2437	2	6	1	81
3	2438	2	4	1	59
3	2438	2	4	1	61
3	2438	2	4	1	61
3	2439	2	3	1	47
3	2440	1	4	1	59
3	2441	2	4	1	58
3	2442	1	5	1	78
3	2443	2	4	1	58
3	2444	2	3	1	52
3	2445	2	4	1	55
3	2445	1	4	1	60
3	2445	2	4	1	61
3	2445	1	4	1	62
3	2445	1	4	1	70
3	2445	1	4	1	70
3	2446	2	4	1	65
3	2446	2	4	1	69
3	2447	2	4	1	61
3	2448	1	4	1	60
3	2449	2	4	1	67
3	2450	2	4	1	67
3	2450	1	4	1	82
3	2451	1	4	1	53
3	2452	1	3	1	46
3	2452	2	3	1	50
3	2453	2	4	1	63
3	2453	2	4	1	64
3	2454	2	5	1	64
3	2455	1	4	1	67
1	2456	1	5	1	63
1	2457	2	6	1	75
1	2458	2	5	1	64
1	2459	2	6	1	66
1	2459	1	5	1	74
1	2460	2	5	1	66
1	2461	1	6	1	83
3	2462	1	4	1	49
3	2462	1	4	1	53
3	2462	2	4	1	66
3	2463	2	4	1	68
3	2464	1	3	1	45
3	2464	1	4	1	59
3	2464	1	4	1	64
3	2464	1	4	1	64
3	2465	1	4	1	67
3	2465	1	4	1	69
3	2465	1	4	1	73
3	2466	1	5	1	97
3	2467	2	4	1	63
3	2468	1	4	1	62
3	2468	1	4	1	64
3	2469	1	4	1	73
3	2469	1	4	1	73
3	2470	1	4	1	66
3	2470	1	4	1	68
3	2471	2	4	1	51
3	2472	1	3	1	50
3	2472	1	3	1	52
1	2473	1	5	1	65
3	2474	1	4	1	54
3	2474	2	4	1	59
3	2475	2	4	1	62
3	2475	1	4	1	65
3	2476	1	5	1	72
1	2477	2	5	1	68
1	2478	2	4	1	62
3	2479	2	4	1	70
3	2480	2	3	1	51
3	2481	2	3	1	50
3	2482	2	4	1	54
3	2482	2	4	1	62
3	2483	2	4	1	64
3	2484	2	4	1	63
1	2485	2	5	1	68
3	2486	2	4	1	65
3	2487	2	3	1	45
3	2488	1	4	1	67
3	2489	1	3	1	41
3	2489	1	3	1	48
3	2489	2	4	1	63
3	2490	2	4	1	67
1	2491	2	5	1	69
3	2492	2	4	1	60
3	2492	2	4	1	64
3	2493	1	4	1	51
3	2493	1	4	1	60
3	2493	2	5	1	91
1	2494	1	6	1	84
1	2495	2	5	1	66
3	2496	1	4	1	66
2	2497	2	5	1	70
3	2498	1	3	1	53
3	2499	2	5	1	84
1	2500	2	6	1	78
1	2501	1	5	1	69
1	2502	2	5	1	64
1	2503	1	5	1	74
1	2504	2	5	1	69
1	2505	2	7	1	83
1	2506	2	5	1	65
1	2507	2	7	1	80
3	2508	2	3	1	55
3	2509	2	5	1	70
3	2509	2	4	1	90
3	2510	2	4	1	74
1	2511	2	5	1	67
1	2512	1	5	1	70
1	2512	1	6	1	82
1	2513	2	5	1	71
1	2514	1	6	1	80
1	2515	1	5	1	61
1	2515	1	5	1	71
1	2515	2	5	1	67
1	2516	2	5	1	58
1	2516	2	5	1	65
1	2516	2	6	1	73
1	2516	2	6	1	80
1	2517	1	5	1	62
1	2517	2	5	1	62
1	2517	2	6	1	72
1	2517	1	6	1	90
1	2518	2	5	1	61
1	2518	1	5	1	68
1	2518	1	5	1	72
1	2518	2	6	1	77
1	2518	2	6	1	81
1	2518	2	6	1	85
1	2519	1	5	1	68
1	2519	1	5	1	72
1	2519	1	6	1	80
1	2520	1	6	1	83
3	2521	2	4	1	64
3	2521	2	4	1	66
3	2521	2	5	1	79
3	2522	1	4	1	62
3	2522	2	4	1	66
3	2523	1	4	1	60
3	2523	1	4	1	62
3	2524	1	4	1	75
3	2525	2	3	1	43
3	2525	1	3	1	63
3	2526	1	3	1	45
3	2527	2	5	1	87
3	2528	1	4	1	65
3	2529	1	5	1	80
3	2530	1	3	1	58
3	2531	2	4	1	60
3	2531	2	4	1	63
3	2531	1	4	1	66
1	2532	1	4	1	56
1	2532	1	5	1	58
1	2532	1	5	1	65
1	2532	1	5	1	67
1	2532	1	5	1	63
1	2532	2	5	1	64
1	2532	2	5	1	68
1	2532	2	5	1	73
1	2532	1	6	1	79
1	2532	2	5	1	74
1	2533	2	5	1	71
1	2534	1	5	1	69
1	2534	2	5	1	73
1	2534	1	6	1	84
1	2535	2	5	1	71
1	2535	2	6	1	78
1	2535	1	6	1	88
3	2536	2	4	1	62
3	2537	1	4	1	62
1	2538	2	6	1	75
1	2538	2	5	1	72
1	2538	2	6	1	78
1	2538	2	7	1	80
1	2538	2	6	1	80
1	2539	2	6	1	74
1	2539	2	6	1	81
1	2539	2	6	1	81
1	2540	1	5	1	63
1	2540	2	6	1	67
1	2540	2	5	1	73
1	2540	1	6	1	85
1	2541	2	6	1	81
1	2542	1	5	1	71
1	2542	2	6	1	75
3	2543	1	4	1	61
3	2543	2	4	1	63
3	2543	1	4	1	69
3	2544	1	4	1	54
3	2545	2	4	1	65
3	2545	1	4	1	66
3	2546	2	4	1	67
3	2546	1	4	1	68
3	2547	2	4	1	64
3	2547	1	4	1	61
3	2548	1	4	1	58
3	2549	1	4	1	70
3	2550	2	4	1	59
3	2551	1	4	1	76
3	2552	2	4	1	66
3	2553	1	4	1	66
3	2554	1	4	1	69
3	2555	1	3	1	48
3	2556	2	3	1	47
3	2557	1	5	1	76
1	2558	1	5	1	63
1	2558	1	5	1	71
1	2558	2	5	1	74
1	2559	1	4	1	49
1	2559	1	5	1	64
1	2559	2	5	1	66
1	2559	2	5	1	69
1	2559	2	5	1	68
1	2559	2	7	1	86
3	2560	2	4	1	61
3	2561	2	4	1	67
3	2561	2	4	1	68
3	2562	1	4	1	64
3	2563	2	4	1	66
3	2564	2	4	1	71
3	2565	2	3	1	44
3	2566	1	4	1	67
3	2567	2	4	1	70
3	2568	1	4	1	59
3	2569	2	4	1	68
3	2570	1	3	1	52
3	2571	1	3	1	49
3	2572	1	3	1	49
3	2572	1	3	1	58
3	2573	2	5	1	77
3	2574	2	4	1	61
3	2575	2	4	1	58
3	2575	2	4	1	66
1	2576	2	4	1	45
1	2576	2	4	1	52
1	2576	2	5	1	57
1	2576	1	4	1	64
1	2576	2	6	1	75
1	2577	1	5	1	69
1	2578	2	5	1	56
1	2578	2	6	1	86
1	2579	2	6	1	65
1	2579	1	5	1	64
1	2580	2	6	1	76
1	2580	1	5	1	77
1	2580	2	6	1	78
1	2581	1	4	1	45
1	2581	2	5	1	60
1	2582	1	6	1	78
1	2583	1	5	1	61
1	2583	1	4	1	62
1	2583	1	5	1	73
3	2584	2	4	1	63
3	2584	2	4	1	66
3	2585	2	4	1	60
3	2586	2	4	1	53
3	2587	2	5	1	73
3	2588	1	4	1	62
3	2589	2	4	1	59
3	2590	2	4	1	59
3	2591	1	4	1	56
3	2591	2	4	1	65
3	2592	2	5	1	83
3	2593	1	4	1	66
3	2594	1	4	1	58
3	2595	2	4	1	63
3	2595	2	4	1	77
3	2596	1	5	1	82
3	2597	1	4	1	59
3	2598	2	4	1	71
3	2599	2	4	1	69
3	2600	2	4	1	58
3	2600	1	4	1	67
3	2600	2	4	1	75
1	2601	2	4	1	55
1	2601	2	5	1	68
1	2602	2	5	1	66
1	2602	2	5	1	70
1	2603	2	5	1	65
1	2604	2	5	1	67
1	2605	2	5	1	72
1	2606	2	5	1	70
3	2607	2	4	1	66
3	2608	2	3	1	55
3	2608	2	4	1	67
1	2609	1	4	1	55
1	2609	1	5	1	71
1	2609	2	7	1	83
1	2610	2	5	1	71
1	2610	2	5	1	72
1	2610	2	5	1	72
1	2610	2	6	1	83
3	2611	2	3	1	47
3	2611	1	3	1	48
3	2611	2	3	1	53
3	2611	2	3	1	54
3	2611	2	3	1	54
3	2612	2	3	1	39
3	2612	1	3	1	48
3	2613	1	3	1	51
3	2614	2	4	1	58
1	2615	1	6	1	81
1	2616	2	4	1	42
1	2616	2	4	1	45
1	2616	1	4	1	54
1	2616	1	6	1	79
1	2617	1	4	1	62
1	2618	2	4	1	49
3	2619	1	3	1	44
3	2619	2	4	1	53
3	2620	1	4	1	65
3	2621	1	4	1	65
1	2622	2	5	1	68
3	2623	1	3	1	51
3	2624	1	4	1	66
3	2625	1	4	1	63
3	2626	2	4	1	62
3	2627	1	4	1	63
3	2628	1	3	1	51
3	2629	2	4	1	62
3	2630	1	4	1	68
1	2631	2	5	1	65
1	2632	1	6	1	74
1	2633	2	5	1	68
1	2633	2	6	1	77
3	2634	1	4	1	68
3	2635	1	3	1	48
3	2635	2	3	1	53
3	2635	1	4	1	57
3	2635	2	5	1	74
3	2636	1	4	1	55
3	2636	2	4	1	62
1	2637	1	5	1	68
1	2637	2	6	1	81
1	2638	2	6	1	69
1	2638	2	5	1	72
1	2638	1	6	1	85
1	2639	1	5	1	71
1	2639	1	6	1	82
1	2640	2	7	1	86
1	2641	2	5	1	68
1	2641	1	6	1	72
1	2641	2	6	1	56
1	2641	2	6	1	82
1	2642	2	6	1	83
1	2643	2	7	1	87
3	2644	2	4	1	58
3	2645	2	4	1	62
3	2646	2	4	1	66
3	2647	1	4	1	61
3	2647	1	4	1	61
3	2647	1	4	1	61
3	2647	2	4	1	67
1	2648	2	5	1	69
1	2649	2	5	1	64
3	2650	2	4	1	57
3	2650	1	4	1	58
3	2650	1	4	1	59
3	2650	2	4	1	59
3	2650	1	4	1	60
3	2650	2	4	1	61
3	2650	2	4	1	64
3	2650	1	4	1	62
3	2650	1	4	1	64
3	2650	2	4	1	68
3	2650	2	4	1	69
3	2650	2	4	1	70
3	2650	1	4	1	75
3	2650	1	4	1	82
3	2651	2	4	1	64
3	2652	1	4	1	64
3	2652	2	5	1	88
3	2653	2	5	1	86
3	2654	2	4	1	68
3	2654	2	4	1	75
3	2655	1	5	1	75
3	2656	2	4	1	66
3	2657	1	3	1	55
3	2657	2	3	1	60
3	2657	1	4	1	69
3	2658	2	5	1	68
3	2659	1	4	1	60
3	2660	2	4	1	61
3	2661	1	3	1	49
3	2662	1	4	1	55
3	2662	1	4	1	69
3	2663	1	4	1	63
1	2664	1	5	1	69
1	2664	1	5	1	73
1	2664	1	6	1	100
1	2665	2	5	1	62
1	2666	1	6	1	76
1	2667	1	7	1	89
1	2668	2	6	1	86
1	2669	2	6	1	76
3	2670	1	4	1	50
3	2671	2	3	1	48
3	2671	2	4	1	63
1	2672	2	6	1	69
1	2672	2	6	1	85
1	2672	2	6	1	84
1	2672	2	6	1	85
1	2673	2	6	1	67
1	2673	2	6	1	74
1	2674	1	5	1	59
1	2674	2	6	1	73
1	2674	2	6	1	76
1	2674	2	6	1	80
1	2674	2	6	1	81
1	2675	1	5	1	57
1	2675	1	5	1	76
3	2676	1	3	1	48
3	2676	1	4	1	63
3	2677	2	5	1	71
3	2678	2	4	1	58
1	2679	1	5	1	63
1	2679	1	5	1	64
1	2679	2	5	1	71
1	2680	1	6	1	77
1	2681	2	6	1	84
1	2682	1	5	1	68
1	2682	1	5	1	69
1	2682	2	5	1	70
1	2682	2	5	1	70
1	2682	1	6	1	77
1	2683	1	3	1	37
1	2683	2	5	1	67
1	2683	2	5	1	69
1	2683	2	5	1	68
1	2683	1	5	1	67
1	2683	1	6	1	88
1	2684	2	5	1	70
1	2685	2	6	1	78
3	2686	1	4	1	65
3	2687	2	4	1	64
3	2688	2	4	1	61
3	2688	1	4	1	64
3	2689	1	4	1	61
3	2689	2	5	1	69
3	2690	2	3	1	52
3	2690	1	3	1	53
3	2691	2	4	1	52
3	2692	1	3	1	57
3	2693	2	5	1	77
3	2694	1	4	1	60
3	2695	1	3	1	55
3	2696	1	4	1	62
3	2696	2	4	1	66
3	2697	2	4	1	58
1	2698	1	4	1	65
1	2699	1	6	1	77
1	2700	2	6	1	80
1	2701	2	6	1	75
1	2702	1	4	1	61
1	2703	1	4	1	44
1	2703	1	5	1	67
1	2704	1	6	1	75
1	2704	2	6	1	88
1	2705	2	5	1	62
3	2706	1	3	1	44
3	2707	2	3	1	48
3	2708	2	4	1	65
3	2709	2	4	1	64
3	2710	1	4	1	70
3	2711	2	4	1	56
3	2712	2	3	1	48
3	2713	2	4	1	63
3	2714	2	4	1	59
3	2714	2	4	1	61
3	2715	1	4	1	66
3	2716	2	5	1	71
3	2717	2	4	1	60
3	2717	2	4	1	61
3	2717	1	4	1	61
1	2718	2	5	1	61
1	2718	2	5	1	69
1	2718	2	6	1	79
1	2719	2	7	1	91
1	2720	2	5	1	73
1	2721	1	5	1	67
1	2721	1	5	1	71
1	2721	2	5	1	71
1	2722	2	5	1	68
1	2723	2	5	1	67
1	2724	1	5	1	80
1	2725	2	5	1	64
1	2726	1	5	1	67
1	2726	2	6	1	87
1	2727	2	5	1	66
1	2728	2	5	1	68
1	2728	2	7	1	80
3	2729	1	4	1	67
3	2730	1	3	1	51
3	2731	1	4	1	74
3	2732	1	3	1	43
3	2732	1	3	1	49
3	2732	2	3	1	55
3	2732	2	4	1	55
3	2732	2	3	1	54
3	2732	1	4	1	58
3	2732	1	4	1	64
3	2732	2	4	1	70
3	2732	2	4	1	68
3	2732	2	4	1	56
3	2733	2	5	1	68
3	2734	1	4	1	66
3	2735	2	4	1	63
3	2736	1	4	1	79
3	2737	2	4	1	68
3	2738	1	4	1	71
3	2739	2	3	1	51
3	2740	2	4	1	60
3	2741	1	3	1	36
3	2741	2	4	1	55
3	2742	1	4	1	60
3	2742	2	4	1	63
3	2743	2	4	1	61
3	2744	2	5	1	76
1	2745	2	6	1	81
3	2746	1	3	1	43
3	2746	2	4	1	56
3	2746	1	3	1	63
3	2746	2	4	1	71
3	2746	1	5	1	78
3	2747	1	4	1	68
1	2748	1	5	1	71
1	2749	2	6	1	85
1	2750	1	7	1	81
1	2751	2	6	1	92
1	2752	2	7	1	92
1	2753	2	7	1	93
1	2754	2	5	1	69
3	2755	2	5	1	74
3	2756	2	3	1	47
3	2757	1	3	1	42
3	2758	2	4	1	60
3	2759	1	5	1	78
1	2760	2	4	1	53
1	2760	2	5	1	66
1	2760	2	5	1	69
1	2760	2	6	1	77
1	2760	1	5	1	88
1	2760	1	6	1	83
1	2760	1	7	1	89
3	2761	2	4	1	57
3	2762	2	4	1	61
3	2762	1	4	1	68
3	2763	2	4	1	57
3	2764	1	4	1	63
3	2764	1	4	1	73
3	2765	1	3	1	48
3	2765	1	4	1	67
3	2766	2	4	1	76
3	2766	2	5	1	83
3	2767	1	4	1	63
3	2767	2	4	1	71
3	2768	1	3	1	52
3	2768	1	4	1	59
3	2768	2	3	1	50
3	2768	2	4	1	61
3	2769	1	3	1	52
3	2769	1	3	1	59
3	2769	1	4	1	62
3	2769	1	4	1	65
1	2770	1	6	1	86
1	2771	2	5	1	72
1	2772	1	5	1	70
1	2772	1	6	1	71
1	2772	1	6	1	78
1	2772	1	5	1	92
1	2772	1	6	1	100
