3	1	2	5	1	68
3	2	1	4	1	60
3	2	2	4	1	62
3	3	1	5	1	71
3	4	1	4	1	54
3	5	2	6	1	81
3	6	2	6	1	81
3	6	2	6	1	89
3	7	2	6	1	73
3	8	2	4	1	55
3	9	2	6	1	65
3	9	2	5	1	67
3	9	1	5	1	74
3	9	1	6	1	81
3	10	2	6	1	78
3	11	1	6	1	100
3	12	1	4	1	59
3	12	2	6	1	83
3	12	2	6	1	82
9	13	1	5	1	76
9	13	1	4	1	77
9	14	1	4	1	66
9	15	1	5	1	76
9	16	2	5	1	83
6	17	1	4	1	76
6	17	2	4	1	75
9	18	2	4	1	61
9	18	2	4	1	62
9	18	2	4	1	64
9	18	2	4	1	65
9	18	1	4	1	65
3	19	1	5	1	79
3	20	1	5	1	68
3	21	2	5	1	62
3	21	2	5	1	71
3	21	1	6	1	77
3	22	1	5	1	53
3	22	1	5	1	68
3	23	2	5	1	72
3	23	2	7	1	93
3	24	1	4	1	53
3	24	2	4	1	57
3	24	1	5	1	66
3	24	2	5	1	68
3	24	1	5	1	70
3	24	1	6	1	84
3	24	1	6	1	78
3	24	2	7	1	92
3	24	2	6	1	94
9	25	2	5	1	73
9	26	2	4	1	85
6	27	1	5	1	80
3	28	1	6	1	80
3	29	1	4	1	40
3	30	1	5	1	67
3	31	1	4	1	49
3	31	2	4	1	61
3	32	1	6	1	79
3	33	1	6	1	87
3	34	2	6	1	66
3	35	1	5	1	68
3	36	2	5	1	60
3	37	2	3	1	47
3	38	2	4	1	43
3	39	2	4	1	40
3	39	2	4	1	54
3	39	2	5	1	61
3	40	1	6	1	75
3	41	2	6	1	84
3	42	1	5	1	68
3	43	1	5	1	60
3	43	1	5	1	71
3	44	2	6	1	92
6	45	2	5	1	71
6	46	1	5	1	67
6	46	1	4	1	72
6	47	1	5	1	72
6	47	1	5	1	73
9	48	1	3	1	36
9	49	1	4	1	68
9	50	1	4	1	76
9	51	2	4	1	61
9	52	1	4	1	68
9	53	1	3	1	51
9	53	2	4	1	58
9	54	2	4	1	59
9	55	1	4	1	62
9	55	2	4	1	67
6	56	1	5	1	71
1	57	1	5	1	67
7	58	1	3	1	59
7	58	1	4	1	64
7	59	1	4	1	65
7	60	1	3	1	59
1	61	2	6	1	73
1	62	2	5	1	68
1	63	1	5	1	73
1	63	2	7	1	81
1	64	2	4	1	57
1	64	1	6	1	62
1	64	2	6	1	65
1	64	1	5	1	70
1	64	2	6	1	73
1	64	1	6	1	74
1	64	2	6	1	80
1	64	2	6	1	84
1	65	2	6	1	85
1	66	2	6	1	84
1	67	1	7	1	64
1	67	2	6	1	74
1	67	1	6	1	84
1	68	1	6	1	66
1	68	2	6	1	79
7	69	1	5	1	85
7	70	1	4	1	64
7	71	2	4	1	65
7	72	2	4	1	59
7	72	1	4	1	64
7	73	1	3	1	51
7	73	2	4	1	58
7	73	1	4	1	61
7	73	1	4	1	72
7	73	1	4	1	74
1	74	2	5	1	64
1	74	2	5	1	61
1	74	1	6	1	80
1	74	2	5	1	73
1	75	1	5	1	65
1	75	1	5	1	78
1	76	2	5	1	64
1	76	1	5	1	71
1	76	2	5	1	78
1	76	2	6	1	88
1	77	2	5	1	69
1	78	1	5	1	78
7	79	2	3	1	49
7	80	1	3	1	56
3	81	2	5	1	58
1	82	2	5	1	67
3	83	1	6	1	71
3	84	1	5	1	66
1	85	2	5	1	67
1	86	2	6	1	76
1	87	1	5	1	77
1	88	2	6	1	82
1	89	2	6	1	81
1	89	2	6	1	87
7	90	1	4	1	62
7	91	2	3	1	56
7	92	1	4	1	67
7	93	2	4	1	63
7	94	2	4	1	64
7	95	2	4	1	65
7	96	1	4	1	75
7	97	1	4	1	65
7	98	2	5	1	84
1	99	2	5	1	72
1	100	1	5	1	77
7	101	2	3	1	56
7	102	1	3	1	46
7	103	2	3	1	48
7	104	2	4	1	66
7	105	1	3	1	48
7	106	2	4	1	54
7	107	1	4	1	55
7	107	2	5	1	66
7	107	1	5	1	67
7	108	2	4	1	58
7	108	2	4	1	60
7	109	2	3	1	50
7	109	1	4	1	64
7	109	1	5	1	91
7	110	2	4	1	66
7	111	2	4	1	68
7	112	2	3	1	54
7	112	2	4	1	69
7	113	1	4	1	54
7	114	2	3	1	53
7	115	2	3	1	50
7	115	1	4	1	68
7	116	1	4	1	61
1	117	1	5	1	64
1	117	2	5	1	67
1	118	2	4	1	53
1	118	2	5	1	72
1	118	1	6	1	87
1	119	1	5	1	66
7	120	1	3	1	53
7	121	2	3	1	48
7	121	1	4	1	62
7	122	1	3	1	47
7	123	1	3	1	41
1	124	1	5	1	65
1	124	1	6	1	95
1	125	2	5	1	68
1	126	1	5	1	65
1	127	1	6	1	80
7	128	1	4	1	70
7	129	1	4	1	64
7	130	1	5	1	89
1	131	2	5	1	64
1	132	1	6	1	75
1	132	2	6	1	76
1	133	2	6	1	78
1	134	2	6	1	79
1	134	2	5	1	82
1	134	1	6	1	90
1	135	2	4	1	57
1	136	2	4	1	51
1	136	1	4	1	64
1	137	2	6	1	83
1	138	1	4	1	56
7	139	1	3	1	53
7	139	1	4	1	65
7	140	1	5	1	98
7	141	1	4	1	68
7	141	2	4	1	74
7	142	2	3	1	42
7	142	1	3	1	49
7	143	1	4	1	64
7	144	1	4	1	61
7	144	2	4	1	62
7	145	2	4	1	56
7	145	1	4	1	65
7	146	2	3	1	50
7	146	1	4	1	68
1	147	2	5	1	63
1	147	2	5	1	66
1	148	2	7	1	68
1	149	2	5	1	67
1	149	1	6	1	72
1	149	2	5	1	73
1	149	1	6	1	81
1	150	1	5	1	67
1	150	2	5	1	71
1	150	1	6	1	83
1	151	2	5	1	67
1	151	1	5	1	65
1	151	2	5	1	69
1	151	1	5	1	70
1	152	2	5	1	67
1	153	2	5	1	69
1	154	2	6	1	72
1	155	2	5	1	65
1	155	2	5	1	68
7	156	2	4	1	61
7	157	1	4	1	63
7	157	1	4	1	64
7	158	1	4	1	61
7	159	1	4	1	66
7	160	2	4	1	59
7	161	1	4	1	65
7	162	2	4	1	68
7	162	1	4	1	69
7	163	2	4	1	60
7	164	1	4	1	69
1	165	2	6	1	84
1	166	1	5	1	73
1	167	2	5	1	62
1	168	2	5	1	62
1	169	2	4	1	55
1	169	2	5	1	58
1	169	2	4	1	60
1	169	2	5	1	65
1	169	2	5	1	61
1	169	1	5	1	62
1	169	1	4	1	63
1	169	2	5	1	65
1	169	2	5	1	66
1	169	2	5	1	68
1	169	1	4	1	66
1	169	1	5	1	68
1	169	2	6	1	68
1	169	1	5	1	73
1	169	2	5	1	72
1	169	1	6	1	85
7	170	1	3	1	55
1	171	1	6	1	90
1	172	2	5	1	68
1	173	2	6	1	75
1	174	2	6	1	85
1	175	1	3	1	31
1	175	1	5	1	54
1	176	1	4	1	47
1	177	1	6	1	83
1	178	2	5	1	61
1	179	1	6	1	72
1	179	1	6	1	82
1	180	2	6	1	84
7	181	2	3	1	48
7	181	1	4	1	61
7	181	1	4	1	64
7	182	2	4	1	63
7	182	1	4	1	65
7	182	2	4	1	68
1	183	2	3	1	33
1	184	2	4	1	57
1	184	2	5	1	63
1	184	1	5	1	61
1	184	2	5	1	68
1	185	2	4	1	60
1	185	2	5	1	60
1	185	1	6	1	90
1	186	2	4	1	49
1	187	2	5	1	61
1	187	1	5	1	71
1	187	2	6	1	75
1	188	2	5	1	61
1	188	2	6	1	74
7	189	2	4	1	60
7	190	1	4	1	69
7	191	2	5	1	59
7	191	2	4	1	63
7	192	2	4	1	62
7	193	2	4	1	70
7	194	2	5	1	72
7	195	2	4	1	58
7	196	2	5	1	77
3	197	2	4	1	53
7	198	2	5	1	66
1	199	2	4	1	50
1	199	2	4	1	51
1	199	2	5	1	72
1	200	1	4	1	56
1	200	1	5	1	68
1	200	2	5	1	71
1	200	1	5	1	73
1	200	1	5	1	74
1	200	2	5	1	66
1	201	2	5	1	61
1	201	1	5	1	65
1	201	2	5	1	68
1	201	2	5	1	70
7	202	2	4	1	67
7	203	2	4	1	57
7	204	2	4	1	68
7	205	1	4	1	61
7	205	2	4	1	61
7	206	2	3	1	50
7	206	1	3	1	53
7	207	2	4	1	58
7	207	1	3	1	60
7	208	1	3	1	52
7	209	2	3	1	53
7	209	2	4	1	68
7	209	2	5	1	82
7	210	2	3	1	45
7	210	1	3	1	50
7	210	2	4	1	62
7	210	1	4	1	70
7	210	2	5	1	87
7	211	2	4	1	67
7	211	1	4	1	69
7	212	1	3	1	46
7	212	1	3	1	57
7	213	1	3	1	46
7	214	1	3	1	47
7	214	1	3	1	49
7	214	2	4	1	58
7	214	2	4	1	61
1	215	2	5	1	61
1	215	1	5	1	68
1	215	1	5	1	70
1	216	2	6	1	83
1	217	1	5	1	57
1	217	2	5	1	68
1	218	1	4	1	51
1	218	2	6	1	76
1	219	1	5	1	65
1	219	2	6	1	70
1	220	2	5	1	71
1	221	2	5	1	71
1	222	1	5	1	63
1	223	2	5	1	70
1	224	2	6	1	89
7	225	1	5	1	69
7	225	1	4	1	71
7	225	2	5	1	71
7	225	2	4	1	71
7	225	2	4	1	76
1	226	2	6	1	74
1	226	2	6	1	78
1	226	2	5	1	71
1	226	2	6	1	81
1	226	2	6	1	83
1	226	1	6	1	82
7	227	2	5	1	79
3	228	1	4	1	55
3	229	1	6	1	80
3	230	1	5	1	77
3	231	2	6	1	56
3	232	2	5	1	70
3	233	2	6	1	88
3	234	2	4	1	53
3	235	2	6	1	64
3	236	1	5	1	73
3	236	1	6	1	79
3	237	2	4	1	52
3	237	2	6	1	61
3	237	2	6	1	94
9	238	1	4	1	64
9	239	2	4	1	57
9	240	2	4	1	67
9	240	1	4	1	79
9	241	2	4	1	61
9	241	1	5	1	76
6	242	1	4	1	70
6	242	1	5	1	78
6	242	2	5	1	91
6	243	2	6	1	86
6	244	2	4	1	71
6	245	2	5	1	77
6	246	1	5	1	74
6	247	2	5	1	71
6	248	2	5	1	77
6	249	1	4	1	66
6	250	1	4	1	65
6	251	2	4	1	63
3	252	1	3	1	30
3	252	2	4	1	41
3	252	2	4	1	47
3	252	1	5	1	72
3	253	2	4	1	53
3	254	1	4	1	50
3	254	2	4	1	53
3	254	2	4	1	56
3	255	2	4	1	54
3	256	2	5	1	62
3	257	1	5	1	65
3	258	2	3	1	35
3	259	1	5	1	62
3	259	2	6	1	76
3	260	2	6	1	92
3	261	2	5	1	63
3	261	1	6	1	74
3	261	2	7	1	87
9	262	2	5	1	76
6	263	2	4	1	61
6	263	1	5	1	68
6	263	2	5	1	75
6	264	1	4	1	61
9	265	2	3	1	49
9	266	2	4	1	62
6	267	1	5	1	70
6	268	2	4	1	68
6	269	2	5	1	77
3	270	1	3	1	44
3	270	2	5	1	65
3	271	2	4	1	57
3	272	2	4	1	69
3	273	1	6	1	75
3	274	2	5	1	72
3	275	2	5	1	49
3	276	1	3	1	25
3	277	2	6	1	88
3	278	1	5	1	68
3	279	1	5	1	68
3	280	1	5	1	62
3	281	2	5	1	62
3	282	2	4	1	48
3	283	2	4	1	63
3	284	1	4	1	54
3	285	1	5	1	70
3	286	1	5	1	68
3	287	1	4	1	52
6	288	1	5	1	74
6	289	1	5	1	93
6	290	1	5	1	71
6	290	2	5	1	76
6	291	2	5	1	80
9	292	1	5	1	80
9	293	2	5	1	83
9	294	1	4	1	54
9	294	2	5	1	77
3	295	2	6	1	65
3	295	2	5	1	68
3	296	2	5	1	70
3	297	2	5	1	58
3	297	1	5	1	61
3	298	2	5	1	68
3	299	2	5	1	60
3	299	2	6	1	74
3	299	2	6	1	80
3	299	2	5	1	81
3	299	2	6	1	89
3	300	2	5	1	65
3	301	1	4	1	56
3	302	2	5	1	67
3	303	2	5	1	70
3	304	2	6	1	69
3	304	2	6	1	88
3	304	1	6	1	96
3	305	1	5	1	75
3	306	2	5	1	69
6	307	2	4	1	62
6	307	2	4	1	65
6	308	2	5	1	88
3	309	2	5	1	66
3	309	1	5	1	67
3	309	1	6	1	84
3	310	2	5	1	60
3	311	1	5	1	64
3	312	1	5	1	68
3	313	1	5	1	70
3	314	2	5	1	57
3	314	2	5	1	62
3	314	2	6	1	81
3	315	2	6	1	79
3	316	2	5	1	67
3	317	2	6	1	79
3	318	1	4	1	59
3	318	1	5	1	73
3	319	2	4	1	58
3	319	1	6	1	83
3	320	2	5	1	67
9	321	2	4	1	73
9	322	2	4	1	68
9	323	2	4	1	62
9	324	1	3	1	47
9	324	1	4	1	67
9	324	2	5	1	84
6	325	2	4	1	60
6	326	1	5	1	73
6	326	2	5	1	91
6	327	2	5	1	71
6	328	1	4	1	64
6	329	2	5	1	80
6	330	1	4	1	71
6	330	2	5	1	85
6	331	1	5	1	71
6	331	2	5	1	86
6	332	2	5	1	84
6	332	2	5	1	86
3	333	2	5	1	58
3	333	2	5	1	60
3	333	2	5	1	62
3	333	1	5	1	63
3	333	1	6	1	83
3	334	2	5	1	53
3	335	2	5	1	63
3	336	1	5	1	68
3	337	1	5	1	55
3	338	2	6	1	74
3	339	2	6	1	70
3	340	2	5	1	62
3	340	1	5	1	67
3	340	1	5	1	71
3	341	1	5	1	55
3	342	1	5	1	62
3	342	1	5	1	65
3	342	2	5	1	69
6	343	2	4	1	61
9	344	1	5	1	70
9	345	1	4	1	60
9	345	1	4	1	64
6	346	2	4	1	64
6	346	1	4	1	65
6	346	2	4	1	65
6	346	2	5	1	73
6	346	1	5	1	73
6	346	1	4	1	75
6	346	1	5	1	83
6	347	2	5	1	79
6	348	1	5	1	72
3	349	1	5	1	75
3	350	2	7	1	94
3	351	2	5	1	57
3	351	2	4	1	57
3	351	2	5	1	59
3	351	2	5	1	63
3	351	2	5	1	67
3	351	2	5	1	66
3	351	1	5	1	72
3	352	1	6	1	78
3	353	1	6	1	85
9	354	2	4	1	60
9	354	1	5	1	72
6	355	1	4	1	77
3	356	2	5	1	65
3	356	1	5	1	64
3	356	2	5	1	65
3	356	2	5	1	69
3	356	1	5	1	68
3	357	2	6	1	73
2	358	2	5	1	66
2	358	1	5	1	69
2	358	2	6	1	86
9	359	2	3	1	49
9	360	1	3	1	55
9	361	2	4	1	70
9	362	1	3	1	46
9	363	1	4	1	52
9	363	1	4	1	52
9	364	2	4	1	59
8	365	2	5	1	79
9	366	1	5	1	78
9	367	1	4	1	61
9	368	1	3	1	61
9	369	2	5	1	84
9	370	1	4	1	72
9	370	2	5	1	79
1	371	2	5	1	68
1	371	1	5	1	69
1	371	1	5	1	69
1	371	1	5	1	74
1	371	2	6	1	78
1	371	1	6	1	80
1	371	2	7	1	85
1	372	1	5	1	56
1	372	2	5	1	68
1	372	2	5	1	71
1	372	2	6	1	73
1	372	1	6	1	75
1	372	1	6	1	77
1	372	1	6	1	74
1	372	2	6	1	83
1	372	2	6	1	89
7	373	2	5	1	79
7	374	2	3	1	56
7	375	2	4	1	63
7	376	1	5	1	87
7	377	1	4	1	77
7	378	1	3	1	51
7	379	2	3	1	51
7	379	1	3	1	51
7	379	1	4	1	63
7	379	2	4	1	70
7	379	2	4	1	71
7	380	2	5	1	77
7	381	2	4	1	60
7	382	2	5	1	88
7	383	1	3	1	49
7	384	1	3	1	53
7	385	1	3	1	49
7	385	1	4	1	62
7	385	1	4	1	61
7	385	2	4	1	63
7	385	2	5	1	79
7	386	1	3	1	51
7	387	2	4	1	58
7	388	2	3	1	51
7	389	1	3	1	47
7	390	2	5	1	87
7	391	2	4	1	66
7	392	2	3	1	45
7	393	1	3	1	43
7	394	1	3	1	46
7	395	2	3	1	47
7	396	1	4	1	72
7	397	2	3	1	50
7	398	2	3	1	52
7	398	1	4	1	57
7	399	2	4	1	60
7	400	2	3	1	54
7	400	1	4	1	62
7	400	2	4	1	75
7	401	2	4	1	50
7	401	2	4	1	57
7	401	2	4	1	63
7	402	1	4	1	61
7	402	2	4	1	62
7	402	2	4	1	68
7	403	2	5	1	77
7	404	1	4	1	65
7	404	2	4	1	70
7	405	1	3	1	52
7	406	2	3	1	56
7	406	1	4	1	70
7	407	2	4	1	63
7	407	2	5	1	83
7	408	1	3	1	48
7	408	2	3	1	50
7	408	2	3	1	50
7	408	1	4	1	54
7	408	2	3	1	51
7	408	2	3	1	54
7	408	1	3	1	55
7	408	2	3	1	57
7	409	2	4	1	66
7	409	2	4	1	68
7	409	1	4	1	68
7	410	2	5	1	72
7	411	1	4	1	50
7	411	1	4	1	56
7	411	2	3	1	58
7	411	1	4	1	66
1	412	2	4	1	45
1	412	2	5	1	61
1	412	2	5	1	75
1	413	1	5	1	60
1	413	1	5	1	61
1	413	2	5	1	65
1	413	2	5	1	68
1	413	2	6	1	84
1	414	2	5	1	63
1	415	1	5	1	63
1	416	1	4	1	69
7	417	1	4	1	60
7	418	2	3	1	47
7	419	2	4	1	63
3	420	2	6	1	88
3	421	1	5	1	64
3	422	2	5	1	68
3	423	1	5	1	76
3	424	2	4	1	50
3	424	2	5	1	70
3	424	2	5	1	70
3	424	1	5	1	74
5	425	1	4	1	66
6	426	2	5	1	89
6	427	1	5	1	80
6	427	2	5	1	90
9	428	2	5	1	78
9	429	2	5	1	81
9	430	1	4	1	60
9	431	1	5	1	84
9	432	2	4	1	65
9	433	1	4	1	61
3	434	2	5	1	62
3	434	2	6	1	67
3	434	2	6	1	78
3	435	2	7	1	94
3	436	2	6	1	85
3	437	1	5	1	66
3	438	2	6	1	80
3	439	2	5	1	71
3	440	2	5	1	60
3	441	1	5	1	64
3	442	2	6	1	82
3	443	1	5	1	81
3	444	1	5	1	80
3	445	2	5	1	67
3	446	1	5	1	68
6	447	1	5	1	90
6	448	1	5	1	90
3	449	1	5	1	82
3	450	2	6	1	72
3	451	2	5	1	68
3	452	2	5	1	76
3	453	2	6	1	82
9	454	1	4	1	66
1	455	2	4	1	54
1	455	1	5	1	60
1	455	2	6	1	82
1	455	2	6	1	85
1	456	2	6	1	86
1	456	1	6	1	86
1	457	1	6	1	86
1	458	1	5	1	68
1	458	2	6	1	75
1	458	2	5	1	75
1	458	1	6	1	85
1	458	1	7	1	91
1	458	2	7	1	97
1	459	1	4	1	54
1	459	1	4	1	58
1	459	2	5	1	65
1	460	1	6	1	82
7	461	1	4	1	61
7	462	1	4	1	62
7	463	1	4	1	60
7	464	1	4	1	67
7	464	1	4	1	70
7	465	1	4	1	65
7	465	1	4	1	63
1	466	1	5	1	68
7	467	1	5	1	94
7	468	2	3	1	40
7	468	1	3	1	52
7	468	1	3	1	53
7	468	2	4	1	60
7	468	1	4	1	58
7	468	2	4	1	61
7	468	1	4	1	62
7	468	2	4	1	66
7	468	1	4	1	67
7	469	1	4	1	64
7	470	2	4	1	66
7	471	2	4	1	66
7	472	2	3	1	51
7	472	2	4	1	64
7	472	2	4	1	71
7	473	1	3	1	57
7	473	1	4	1	62
7	473	1	5	1	88
7	474	1	4	1	65
7	475	2	4	1	61
7	476	1	3	1	49
7	477	2	3	1	53
7	477	1	4	1	64
7	478	2	4	1	64
7	478	1	4	1	66
7	478	2	4	1	68
7	479	2	5	1	76
7	480	1	3	1	45
7	480	2	3	1	54
1	481	2	6	1	74
1	482	2	5	1	64
1	482	1	5	1	64
1	483	2	5	1	63
1	484	1	5	1	62
1	485	2	4	1	47
1	485	2	5	1	70
1	486	1	5	1	64
1	486	2	6	1	85
1	486	2	6	1	91
1	487	1	5	1	72
1	488	2	6	1	85
1	489	1	5	1	75
7	490	1	4	1	56
7	491	1	5	1	80
7	492	1	5	1	75
7	493	1	4	1	58
7	493	1	4	1	65
7	493	1	5	1	74
7	493	1	5	1	88
7	494	2	4	1	57
7	495	1	5	1	63
7	496	2	5	1	77
7	497	2	4	1	56
7	498	2	4	1	57
7	498	2	4	1	66
7	499	2	4	1	54
7	499	2	4	1	70
3	500	2	5	1	63
3	501	1	5	1	68
3	501	1	6	1	87
3	502	1	5	1	72
3	503	1	5	1	71
3	503	1	5	1	78
3	503	2	6	1	83
3	504	1	6	1	74
3	505	1	6	1	84
3	506	2	6	1	92
3	507	1	6	1	72
3	507	1	6	1	80
3	508	2	6	1	80
3	509	1	5	1	74
3	510	1	5	1	67
3	510	2	5	1	81
3	511	1	5	1	66
3	512	1	5	1	67
3	512	1	5	1	71
3	512	2	5	1	73
3	513	2	5	1	67
3	514	1	5	1	93
3	515	2	5	1	63
9	516	1	5	1	88
9	517	2	4	1	54
9	518	1	4	1	66
9	519	2	4	1	69
9	520	2	4	1	61
9	520	2	4	1	75
1	521	2	5	1	67
1	521	1	5	1	70
1	522	2	6	1	77
1	522	1	6	1	81
1	523	1	6	1	85
1	523	2	6	1	84
1	524	2	6	1	81
1	525	2	6	1	81
1	525	1	6	1	84
1	526	2	5	1	62
1	527	2	5	1	59
1	527	2	5	1	81
1	528	2	6	1	78
1	528	1	5	1	69
1	528	2	5	1	70
1	529	2	5	1	66
1	530	2	5	1	58
1	530	1	5	1	67
7	531	2	4	1	65
7	531	1	4	1	70
7	531	1	4	1	88
7	532	1	4	1	61
7	533	2	5	1	96
7	534	2	5	1	81
7	535	2	3	1	54
7	536	1	3	1	68
7	537	2	5	1	70
7	538	2	3	1	47
7	538	2	3	1	56
7	538	1	3	1	57
7	538	1	4	1	75
7	539	2	3	1	53
7	539	1	4	1	61
7	540	2	4	1	67
7	541	2	5	1	77
7	542	2	4	1	67
7	542	2	5	1	80
1	543	2	5	1	72
1	544	1	4	1	62
3	545	1	5	1	70
2	546	2	5	1	62
2	546	2	6	1	71
2	547	2	6	1	72
2	547	2	6	1	74
3	548	2	6	1	81
3	549	1	5	1	86
3	550	2	6	1	70
3	551	2	4	1	52
3	552	2	4	1	54
3	553	1	4	1	46
3	553	1	4	1	62
3	554	1	4	1	54
3	555	1	5	1	73
3	556	1	6	1	73
3	556	1	6	1	78
3	557	1	5	1	69
3	557	1	5	1	75
3	558	2	5	1	65
3	558	1	5	1	68
3	558	1	5	1	72
3	558	2	6	1	75
3	558	2	6	1	79
3	558	2	5	1	77
3	559	2	6	1	75
3	560	2	5	1	62
3	560	2	6	1	85
6	561	2	4	1	71
6	562	1	4	1	76
6	563	2	4	1	68
6	564	2	5	1	77
2	565	2	5	1	64
3	566	1	5	1	68
2	567	2	5	1	67
3	568	1	5	1	61
3	568	2	6	1	90
2	569	2	7	1	84
3	570	2	5	1	67
3	571	1	6	1	81
3	571	1	6	1	89
3	572	2	6	1	97
2	573	2	6	1	84
3	574	2	6	1	76
2	575	2	5	1	65
3	576	1	5	1	58
6	577	1	5	1	86
6	578	1	5	1	74
6	579	2	5	1	75
6	580	2	5	1	78
6	581	2	5	1	84
5	582	2	5	1	83
5	582	2	5	1	86
5	582	2	5	1	91
5	583	2	5	1	73
5	583	1	5	1	73
5	583	2	4	1	69
5	583	2	5	1	87
6	584	2	5	1	75
5	585	2	5	1	78
5	585	1	5	1	81
5	585	2	5	1	84
5	586	2	4	1	62
5	586	2	5	1	80
9	587	2	6	1	85
8	588	1	4	1	65
9	589	1	3	1	47
2	590	1	7	1	82
3	591	2	5	1	71
3	592	2	6	1	76
3	593	1	6	1	82
3	594	2	7	1	97
3	595	2	6	1	85
3	596	1	5	1	62
3	597	1	5	1	66
3	598	2	6	1	85
3	599	2	6	1	79
9	600	2	5	1	66
9	601	1	4	1	70
9	601	1	5	1	81
6	602	2	4	1	68
6	603	2	4	1	58
1	604	1	6	1	93
1	605	1	6	1	83
1	606	1	6	1	90
1	607	2	5	1	71
1	607	2	6	1	86
1	608	2	6	1	85
1	609	2	5	1	69
1	610	2	6	1	69
1	610	1	6	1	73
1	610	2	5	1	76
1	611	1	6	1	82
1	611	1	6	1	90
1	612	2	6	1	79
1	613	2	6	1	89
1	614	2	5	1	70
1	615	1	5	1	71
7	616	2	4	1	71
7	617	1	3	1	58
7	617	2	4	1	70
7	617	2	4	1	73
7	618	2	4	1	70
7	619	2	4	1	63
7	619	2	4	1	65
7	620	2	5	1	72
1	621	1	4	1	55
1	621	1	5	1	62
6	622	1	4	1	53
6	623	1	4	1	60
6	623	2	4	1	64
6	623	2	4	1	68
6	623	1	4	1	66
6	623	1	4	1	72
3	624	2	6	1	63
3	625	2	4	1	52
3	625	2	5	1	63
3	625	2	5	1	72
3	625	2	5	1	70
3	625	1	5	1	71
3	625	1	5	1	73
3	626	1	4	1	55
3	627	2	6	1	73
3	627	2	7	1	95
9	628	1	4	1	71
3	629	1	4	1	61
3	629	2	5	1	65
3	630	1	4	1	55
3	630	2	4	1	58
3	630	1	4	1	58
3	630	2	5	1	72
3	631	1	4	1	59
3	631	1	5	1	65
2	632	1	5	1	70
3	633	1	4	1	49
2	634	1	4	1	54
2	634	2	5	1	64
2	634	1	5	1	62
2	634	2	5	1	64
2	634	2	5	1	70
3	635	2	5	1	76
3	635	1	5	1	78
3	636	1	4	1	61
3	636	2	5	1	69
3	636	2	6	1	81
6	637	2	4	1	62
6	637	1	4	1	63
6	637	2	4	1	64
6	637	1	4	1	71
6	637	2	4	1	72
6	638	2	5	1	78
3	639	2	5	1	68
3	640	2	4	1	68
3	640	1	5	1	72
3	640	1	5	1	71
3	641	2	5	1	67
7	642	2	4	1	65
7	643	1	3	1	47
1	644	2	5	1	63
1	644	1	5	1	71
1	645	1	5	1	68
1	645	2	5	1	67
1	646	2	5	1	67
1	647	1	7	1	107
7	648	1	4	1	64
7	649	2	4	1	62
7	650	2	4	1	59
7	651	1	4	1	59
7	652	2	4	1	57
7	653	2	4	1	59
7	653	2	5	1	78
7	654	2	4	1	62
7	655	1	3	1	45
7	656	1	3	1	44
7	656	2	4	1	60
7	656	1	4	1	64
7	656	2	5	1	78
7	657	2	4	1	61
1	658	2	5	1	65
1	659	1	6	1	78
1	660	2	7	1	88
1	661	2	6	1	73
1	662	2	5	1	65
1	663	2	5	1	72
1	664	1	4	1	58
1	665	1	4	1	53
1	666	1	4	1	55
1	667	1	5	1	67
1	668	1	5	1	60
1	669	2	5	1	76
1	670	2	6	1	77
1	671	1	7	1	77
1	672	1	6	1	72
1	673	2	5	1	70
1	673	1	6	1	92
1	674	1	6	1	72
1	675	2	5	1	70
1	675	2	7	1	90
1	675	2	6	1	90
1	676	1	6	1	83
1	677	1	5	1	75
1	678	2	5	1	61
1	678	2	5	1	78
1	679	2	6	1	79
1	680	2	6	1	82
1	681	1	5	1	68
1	681	2	6	1	76
1	682	2	5	1	68
1	683	2	5	1	70
1	683	1	7	1	93
7	684	1	4	1	65
7	685	1	3	1	45
7	685	1	3	1	57
7	685	2	4	1	67
7	685	1	5	1	95
7	686	1	4	1	62
7	686	1	4	1	70
7	687	1	3	1	43
7	688	1	3	1	51
7	688	2	4	1	58
7	689	1	3	1	45
7	689	1	3	1	46
7	689	2	3	1	50
7	689	1	3	1	54
7	689	2	3	1	55
7	689	2	5	1	87
7	690	2	3	1	51
7	690	1	4	1	69
7	691	2	3	1	52
7	691	2	4	1	62
7	692	1	3	1	55
7	693	1	4	1	62
7	694	1	3	1	52
7	694	2	4	1	66
7	694	2	4	1	69
7	695	2	4	1	64
1	696	2	4	1	46
1	696	2	5	1	60
1	696	2	4	1	62
1	696	2	5	1	64
1	696	2	5	1	66
1	697	1	5	1	57
1	697	1	5	1	73
1	698	2	5	1	66
1	698	1	5	1	70
1	699	2	4	1	45
1	700	1	5	1	63
1	701	2	5	1	55
1	702	1	5	1	68
1	702	1	6	1	85
1	703	2	5	1	69
1	704	1	6	1	74
1	705	2	4	1	51
1	705	2	6	1	75
7	706	2	4	1	59
7	707	2	4	1	53
7	708	1	4	1	59
7	709	1	4	1	67
7	710	1	3	1	48
7	710	1	4	1	63
1	711	1	6	1	75
1	712	2	6	1	67
1	712	2	5	1	86
1	713	2	6	1	83
1	713	2	6	1	84
1	714	2	6	1	79
1	715	1	5	1	77
1	716	2	6	1	90
1	717	2	6	1	63
7	718	2	4	1	69
7	719	2	5	1	73
7	719	2	4	1	69
7	720	2	4	1	61
7	721	1	4	1	62
7	722	2	4	1	72
7	722	2	4	1	72
7	723	1	3	1	49
7	723	1	3	1	50
7	724	1	5	1	84
7	725	2	4	1	65
1	726	1	5	1	72
1	727	1	5	1	62
1	728	1	6	1	89
1	729	1	5	1	66
1	730	2	5	1	79
1	731	2	5	1	68
1	732	1	5	1	68
1	733	2	6	1	83
1	734	1	6	1	67
1	735	1	5	1	80
1	736	1	5	1	67
1	737	2	5	1	80
1	738	2	6	1	78
1	739	2	5	1	64
1	740	1	5	1	69
1	741	1	5	1	70
1	742	1	5	1	70
1	743	2	5	1	83
1	744	2	5	1	65
7	745	2	4	1	63
6	746	2	6	1	90
3	747	1	5	1	66
3	748	2	5	1	57
3	748	2	6	1	75
6	749	2	5	1	71
9	750	2	5	1	80
9	751	2	4	1	79
9	752	1	4	1	63
9	752	2	5	1	69
9	752	1	5	1	79
9	752	2	5	1	78
9	752	2	5	1	82
9	752	2	5	1	81
1	753	1	5	1	66
1	754	1	5	1	73
1	755	2	5	1	61
1	755	2	5	1	66
1	755	2	5	1	66
1	755	1	6	1	88
1	756	1	6	1	87
1	757	1	6	1	88
7	758	1	3	1	39
7	759	2	3	1	50
7	759	2	4	1	55
7	759	1	4	1	63
7	760	2	5	1	64
7	760	2	4	1	62
7	761	2	4	1	62
7	761	1	4	1	70
7	762	2	3	1	53
7	762	1	3	1	53
7	762	1	4	1	73
7	763	1	3	1	46
7	763	1	4	1	66
7	764	1	4	1	57
7	764	2	4	1	65
7	765	1	4	1	61
7	765	1	4	1	70
7	765	2	5	1	67
7	766	1	4	1	60
1	767	1	5	1	95
1	768	1	5	1	63
1	768	2	5	1	70
1	769	2	5	1	79
1	769	1	6	1	81
1	769	2	6	1	87
1	770	2	5	1	65
1	771	1	5	1	61
1	771	2	6	1	71
1	772	1	5	1	62
1	772	2	6	1	75
1	773	1	5	1	68
1	773	2	6	1	72
1	773	2	6	1	75
1	774	1	5	1	70
1	774	1	7	1	85
1	775	1	5	1	68
1	775	1	5	1	73
1	776	2	6	1	80
7	777	1	4	1	59
7	778	1	4	1	62
1	779	2	5	1	67
1	779	2	5	1	68
1	780	2	5	1	74
1	781	2	5	1	68
1	782	2	4	1	50
1	782	2	5	1	55
1	783	1	4	1	53
1	783	2	4	1	58
1	784	2	5	1	65
1	784	1	6	1	85
1	785	2	5	1	62
1	785	2	5	1	66
1	785	1	4	1	65
1	786	2	5	1	64
1	786	1	6	1	81
1	787	2	4	1	63
1	787	2	4	1	64
1	787	1	5	1	74
3	788	1	6	1	83
3	789	2	5	1	65
3	790	1	5	1	68
3	790	1	5	1	77
3	791	1	5	1	71
3	792	2	5	1	71
3	793	1	6	1	83
3	793	1	6	1	90
3	794	2	5	1	65
3	794	2	6	1	75
3	794	2	6	1	85
3	795	1	5	1	71
3	795	1	5	1	69
3	795	1	6	1	75
3	795	1	6	1	81
6	796	2	5	1	76
9	797	1	4	1	73
6	798	1	3	1	41
6	798	1	4	1	61
5	799	1	4	1	60
5	799	2	4	1	68
5	799	1	4	1	66
6	800	2	4	1	69
6	800	2	4	1	71
6	800	1	5	1	76
6	801	1	4	1	67
6	801	2	5	1	76
9	802	2	4	1	73
6	803	1	4	1	70
6	803	1	6	1	89
3	804	1	5	1	65
3	804	1	5	1	71
3	805	1	4	1	51
3	805	2	6	1	76
3	806	2	4	1	55
3	806	2	5	1	60
3	806	2	5	1	64
3	806	2	5	1	68
3	806	2	5	1	70
3	806	2	6	1	77
3	806	2	5	1	78
3	806	2	6	1	86
3	807	1	5	1	80
3	807	2	7	1	82
3	808	2	4	1	52
2	809	1	3	1	26
3	810	1	5	1	57
2	811	1	5	1	67
2	811	2	6	1	79
3	812	2	4	1	58
3	812	2	5	1	61
3	812	1	5	1	63
3	812	2	5	1	70
3	812	1	5	1	76
3	813	1	3	1	32
2	814	2	6	1	79
3	815	2	5	1	59
2	816	2	5	1	68
2	816	2	5	1	70
2	816	2	7	1	80
3	817	1	4	1	53
3	818	1	5	1	63
3	819	2	5	1	77
3	820	1	5	1	71
3	820	2	6	1	81
3	821	2	7	1	87
2	822	2	6	1	70
2	822	2	6	1	93
2	823	2	5	1	71
3	824	1	4	1	52
3	824	2	5	1	57
3	825	2	6	1	76
3	825	1	5	1	76
3	825	2	6	1	89
3	826	1	5	1	69
3	827	1	5	1	60
3	827	1	5	1	68
3	828	2	6	1	89
3	829	2	4	1	51
3	830	1	4	1	43
3	830	1	5	1	60
3	830	1	5	1	70
3	831	2	5	1	67
3	832	2	6	1	76
6	833	1	5	1	84
6	834	1	4	1	75
5	835	1	5	1	70
6	836	1	5	1	67
9	837	2	4	1	61
9	838	2	3	1	50
9	839	2	4	1	85
9	839	1	5	1	91
6	840	2	5	1	74
6	841	2	5	1	72
6	842	1	5	1	71
6	843	2	5	1	70
6	843	2	5	1	86
5	844	2	5	1	74
6	845	1	5	1	78
9	846	1	4	1	63
9	847	1	3	1	50
9	847	1	3	1	52
9	847	1	3	1	58
9	848	1	3	1	55
9	848	1	4	1	59
9	848	2	4	1	64
9	849	1	4	1	62
9	850	1	3	1	46
9	850	1	3	1	49
9	850	2	3	1	55
2	851	1	6	1	82
3	852	2	5	1	77
3	853	2	5	1	63
3	854	1	5	1	67
3	854	2	4	1	63
3	855	1	6	1	75
3	856	1	5	1	78
6	857	2	5	1	77
6	858	1	5	1	71
9	859	1	4	1	55
9	860	2	4	1	63
9	860	2	4	1	65
9	861	2	4	1	61
9	861	1	4	1	65
9	861	2	6	1	84
6	862	1	4	1	59
6	863	2	5	1	86
6	864	2	4	1	57
6	864	1	4	1	60
6	864	2	5	1	81
6	865	1	4	1	61
6	865	1	4	1	62
9	866	2	4	1	61
9	866	2	4	1	60
9	866	2	4	1	62
9	867	2	4	1	58
9	868	1	4	1	58
9	868	1	4	1	59
9	869	2	3	1	52
9	870	1	3	1	53
9	871	2	4	1	63
9	871	2	4	1	65
9	872	1	3	1	52
9	873	2	3	1	51
9	874	2	4	1	58
9	875	2	4	1	56
3	876	1	5	1	78
3	877	2	4	1	61
3	878	2	5	1	67
3	879	2	6	1	83
3	880	1	6	1	78
3	880	2	6	1	85
3	881	1	6	1	86
3	881	2	6	1	88
3	882	1	5	1	77
2	883	2	4	1	51
2	883	1	4	1	55
2	883	2	4	1	56
2	883	2	5	1	59
2	883	2	5	1	68
3	884	1	5	1	62
3	885	1	5	1	75
3	886	2	7	1	82
3	887	1	6	1	77
3	888	1	6	1	84
3	889	2	5	1	75
3	890	2	6	1	68
3	891	1	5	1	64
3	891	2	5	1	67
3	891	2	5	1	73
3	891	2	5	1	74
9	892	2	4	1	72
9	893	2	5	1	84
9	894	1	4	1	80
9	895	2	5	1	72
9	895	1	4	1	71
6	896	1	5	1	77
9	897	2	5	1	77
9	897	2	5	1	81
9	898	1	3	1	42
9	899	1	3	1	51
6	900	1	5	1	80
6	900	2	5	1	82
6	901	1	5	1	76
9	902	1	4	1	63
9	902	2	4	1	72
3	903	1	4	1	50
3	903	2	4	1	51
3	903	1	4	1	51
3	903	2	4	1	53
3	903	1	4	1	55
3	903	1	4	1	56
3	903	1	4	1	56
3	903	2	4	1	57
3	903	2	5	1	69
3	903	2	6	1	79
3	904	1	4	1	57
3	904	1	4	1	59
3	904	1	5	1	65
3	904	1	5	1	68
3	904	1	5	1	76
3	904	2	6	1	79
3	905	2	5	1	66
3	906	1	4	1	60
3	907	1	5	1	69
3	908	2	5	1	66
3	908	1	6	1	73
6	909	2	4	1	61
6	909	1	4	1	67
6	910	1	5	1	85
3	911	2	4	1	48
3	911	1	5	1	51
3	911	2	5	1	45
3	911	1	4	1	63
3	911	1	5	1	68
3	911	2	5	1	73
3	912	2	5	1	59
3	912	1	5	1	63
6	913	2	4	1	67
3	914	1	6	1	69
3	914	1	6	1	85
3	915	2	6	1	93
6	916	2	4	1	61
6	916	1	4	1	65
6	916	2	5	1	72
6	916	2	5	1	80
3	917	2	5	1	79
3	918	1	3	1	22
3	918	1	3	1	25
3	918	1	3	1	25
3	919	2	5	1	65
3	920	2	6	1	78
3	921	1	5	1	69
3	922	2	6	1	78
3	922	2	6	1	95
3	923	2	6	1	62
3	923	1	6	1	86
3	924	2	6	1	75
3	925	1	5	1	63
3	925	2	7	1	82
3	926	2	6	1	83
3	927	1	6	1	87
3	928	1	6	1	79
3	929	1	6	1	80
3	930	2	6	1	96
6	931	1	5	1	87
6	932	2	4	1	60
6	933	2	4	1	67
6	934	2	6	1	96
6	935	2	4	1	68
6	936	2	5	1	87
6	936	2	5	1	88
6	937	1	4	1	62
6	937	1	4	1	66
6	937	2	5	1	78
6	938	1	5	1	78
6	939	1	4	1	69
5	940	2	4	1	71
5	941	1	5	1	87
6	942	1	5	1	82
6	943	2	5	1	75
3	944	2	5	1	71
2	945	2	4	1	52
2	945	2	4	1	57
2	945	2	5	1	71
2	945	1	5	1	78
3	946	2	5	1	66
3	947	2	5	1	61
3	947	2	5	1	67
3	948	2	5	1	69
3	949	2	5	1	64
3	950	1	7	1	82
3	950	2	7	1	86
3	951	1	7	1	67
3	952	2	6	1	70
3	953	2	5	1	63
3	953	1	5	1	66
3	954	1	6	1	80
3	955	2	5	1	62
3	955	1	5	1	71
3	956	2	5	1	70
3	957	1	5	1	60
3	957	1	6	1	74
3	958	2	6	1	68
3	959	2	6	1	79
6	960	2	5	1	74
6	960	1	5	1	84
6	961	2	5	1	81
6	962	2	5	1	80
6	963	2	5	1	73
6	964	1	5	1	85
6	965	1	5	1	74
6	966	2	5	1	86
9	967	1	5	1	77
9	968	1	5	1	80
9	969	1	4	1	64
3	970	2	5	1	64
3	971	2	4	1	57
3	972	2	5	1	66
3	973	2	4	1	43
3	974	2	5	1	62
3	974	2	6	1	76
3	974	2	6	1	75
3	974	1	6	1	81
3	975	2	3	1	31
3	975	1	3	1	34
3	975	1	3	1	44
3	975	1	5	1	59
3	976	2	6	1	79
3	977	2	5	1	53
3	977	1	5	1	69
3	977	2	5	1	79
3	978	2	5	1	71
3	979	2	5	1	59
3	979	2	5	1	70
6	980	1	5	1	73
6	981	1	4	1	78
6	982	1	4	1	70
6	982	2	5	1	80
6	983	1	4	1	64
6	983	1	5	1	74
6	983	2	5	1	79
6	983	2	5	1	83
6	984	1	5	1	70
6	984	2	5	1	79
6	984	1	5	1	80
6	984	1	5	1	82
6	985	1	4	1	60
9	986	1	4	1	67
9	987	1	4	1	57
9	988	1	4	1	61
9	989	1	4	1	67
9	990	2	4	1	65
6	991	1	4	1	70
6	991	1	5	1	76
6	992	2	4	1	68
6	992	1	5	1	74
6	992	2	5	1	72
6	993	2	4	1	59
6	994	1	5	1	72
6	995	1	5	1	77
6	996	2	4	1	65
6	997	1	5	1	63
6	998	1	4	1	66
6	999	2	5	1	74
6	1000	1	4	1	60
6	1001	2	5	1	78
1	1002	1	5	1	67
1	1002	1	6	1	80
1	1003	1	4	1	54
1	1003	1	6	1	79
1	1003	1	6	1	82
1	1004	1	6	1	81
1	1005	2	6	1	82
1	1006	1	6	1	84
1	1007	2	6	1	78
1	1008	2	6	1	73
7	1009	1	4	1	59
7	1010	2	4	1	63
7	1010	1	4	1	68
7	1011	2	3	1	58
7	1011	2	4	1	58
7	1012	1	4	1	63
7	1012	1	5	1	76
1	1013	1	5	1	73
1	1014	2	5	1	63
1	1014	1	5	1	62
1	1015	2	4	1	57
1	1015	2	5	1	69
1	1016	1	5	1	71
1	1017	1	5	1	62
7	1018	1	3	1	54
7	1018	2	4	1	56
7	1018	1	4	1	59
7	1018	2	4	1	61
7	1018	1	4	1	67
7	1019	1	3	1	49
7	1020	2	4	1	66
7	1021	2	3	1	55
7	1022	2	4	1	62
7	1023	2	3	1	51
7	1024	2	4	1	66
7	1025	1	3	1	51
7	1025	2	4	1	63
7	1026	2	3	1	40
7	1026	2	4	1	53
7	1026	2	4	1	55
7	1026	1	4	1	57
7	1026	2	4	1	65
7	1026	1	4	1	58
7	1027	1	5	1	62
7	1027	2	4	1	64
7	1027	1	4	1	64
7	1027	1	5	1	69
1	1028	2	5	1	59
1	1028	2	5	1	74
1	1029	2	5	1	70
1	1030	1	4	1	58
1	1031	2	5	1	68
7	1032	2	4	1	50
7	1033	1	3	1	47
7	1033	2	4	1	61
1	1034	1	5	1	63
1	1034	2	5	1	66
1	1035	2	5	1	62
1	1035	2	5	1	71
1	1035	2	5	1	71
1	1035	1	5	1	75
1	1036	2	5	1	65
1	1036	1	5	1	71
1	1036	2	5	1	73
1	1037	2	5	1	76
7	1038	1	3	1	55
7	1039	2	3	1	42
7	1039	1	3	1	52
7	1039	1	3	1	53
7	1039	2	3	1	53
7	1039	2	4	1	66
7	1039	2	5	1	72
7	1040	2	4	1	62
7	1041	2	3	1	44
7	1041	1	4	1	61
7	1041	2	4	1	66
7	1042	1	3	1	44
1	1043	1	5	1	61
1	1044	1	5	1	72
1	1045	2	3	1	34
1	1045	2	5	1	56
1	1045	2	5	1	74
1	1046	2	5	1	62
1	1046	1	6	1	87
1	1047	2	5	1	61
1	1047	1	5	1	66
1	1048	1	4	1	47
1	1048	1	5	1	60
7	1049	2	4	1	68
7	1050	2	4	1	65
7	1051	1	4	1	65
7	1051	2	5	1	71
3	1052	1	5	1	59
3	1052	2	5	1	59
3	1052	2	5	1	66
3	1052	1	5	1	66
3	1052	2	5	1	70
3	1052	2	6	1	73
3	1052	2	6	1	74
3	1052	1	6	1	80
3	1053	2	5	1	65
3	1053	2	6	1	84
3	1054	2	5	1	66
3	1055	2	5	1	65
6	1056	1	4	1	68
6	1057	2	5	1	78
6	1058	1	5	1	74
6	1059	2	5	1	71
6	1059	2	5	1	75
6	1060	2	5	1	80
3	1061	2	3	1	42
3	1062	1	6	1	81
3	1063	2	3	1	23
3	1064	1	5	1	67
3	1065	2	5	1	62
3	1065	2	5	1	63
3	1065	2	5	1	64
3	1066	1	4	1	47
3	1066	1	5	1	68
3	1066	2	6	1	75
3	1066	2	6	1	90
3	1067	2	6	1	81
3	1068	2	6	1	88
3	1069	2	7	1	91
3	1070	2	6	1	92
3	1071	2	6	1	55
3	1072	1	6	1	85
3	1073	1	6	1	93
3	1074	1	5	1	83
2	1075	2	7	1	82
2	1076	2	5	1	65
2	1076	2	5	1	69
3	1077	1	5	1	67
3	1078	2	5	1	76
3	1079	2	6	1	69
3	1080	2	5	1	73
3	1081	2	6	1	64
3	1081	2	6	1	70
3	1082	2	5	1	71
3	1082	2	5	1	70
3	1083	2	5	1	60
3	1084	2	5	1	60
3	1085	2	6	1	88
3	1086	2	6	1	80
3	1087	2	5	1	72
3	1088	1	5	1	67
3	1088	2	5	1	69
3	1088	1	5	1	70
3	1088	2	5	1	71
6	1089	1	4	1	73
6	1089	2	5	1	80
9	1090	1	3	1	53
9	1091	2	5	1	75
9	1092	2	5	1	80
8	1093	2	4	1	71
8	1094	1	5	1	86
9	1095	2	4	1	65
8	1096	1	4	1	76
1	1097	2	5	1	74
1	1097	1	6	1	88
7	1098	2	5	1	86
7	1099	2	4	1	68
1	1100	1	5	1	76
7	1101	2	3	1	49
1	1102	2	5	1	61
2	1103	1	6	1	75
2	1104	1	5	1	69
2	1105	1	5	1	68
2	1105	2	6	1	82
2	1105	1	6	1	96
5	1106	2	4	1	69
5	1107	1	6	1	89
5	1108	2	4	1	63
8	1109	1	3	1	49
5	1110	2	5	1	78
5	1111	2	5	1	82
5	1112	2	4	1	69
5	1112	1	5	1	73
8	1113	2	3	1	51
8	1114	2	4	1	65
8	1115	2	5	1	90
3	1116	2	5	1	52
3	1116	2	5	1	68
3	1116	1	7	1	76
3	1117	1	5	1	74
3	1117	2	6	1	76
3	1117	2	6	1	86
3	1117	2	6	1	89
3	1118	2	6	1	74
2	1119	2	5	1	70
2	1119	2	6	1	91
3	1120	2	6	1	77
3	1121	2	6	1	91
3	1122	1	5	1	64
3	1122	1	6	1	80
3	1123	1	5	1	56
3	1123	2	6	1	75
3	1123	2	6	1	79
3	1124	2	5	1	78
3	1124	1	5	1	79
3	1124	1	5	1	81
3	1124	1	7	1	81
3	1124	2	6	1	81
3	1124	1	6	1	84
3	1124	2	6	1	87
3	1125	2	4	1	55
3	1125	2	5	1	81
3	1125	1	5	1	82
6	1126	2	4	1	63
6	1127	2	5	1	77
5	1128	2	5	1	78
6	1129	2	4	1	77
6	1130	2	5	1	74
5	1131	2	5	1	81
6	1132	1	4	1	64
6	1133	2	4	1	66
5	1134	1	5	1	76
6	1135	1	4	1	68
6	1136	1	5	1	72
6	1137	1	4	1	70
6	1137	1	4	1	70
9	1138	2	4	1	60
6	1139	1	4	1	62
6	1139	2	4	1	68
6	1139	2	5	1	75
3	1140	2	5	1	69
3	1140	2	5	1	74
3	1140	2	5	1	76
3	1141	2	4	1	52
3	1141	2	5	1	63
3	1141	2	6	1	85
3	1142	1	5	1	69
3	1143	1	5	1	67
3	1144	2	5	1	63
3	1145	1	5	1	80
3	1145	2	6	1	79
3	1146	2	6	1	82
3	1147	1	5	1	69
3	1148	2	5	1	72
3	1149	2	5	1	67
3	1150	2	5	1	63
3	1150	1	5	1	69
3	1150	1	6	1	76
3	1151	1	5	1	67
3	1151	1	5	1	69
3	1152	1	5	1	68
3	1153	2	5	1	66
3	1154	2	5	1	88
3	1155	1	5	1	61
3	1156	2	5	1	66
6	1157	1	4	1	73
9	1158	2	4	1	63
5	1159	1	5	1	69
6	1160	1	5	1	76
6	1161	2	4	1	71
6	1162	2	4	1	70
6	1162	2	5	1	82
6	1163	2	5	1	94
6	1164	2	5	1	83
6	1164	2	5	1	85
6	1165	1	5	1	91
2	1166	2	5	1	65
3	1167	2	5	1	69
3	1167	2	6	1	79
3	1168	2	5	1	66
3	1169	2	5	1	62
3	1170	2	3	1	43
3	1170	2	5	1	67
3	1171	2	5	1	56
3	1172	1	5	1	67
3	1173	1	5	1	84
3	1174	2	6	1	87
3	1175	1	4	1	56
3	1176	1	6	1	75
3	1177	1	6	1	83
3	1178	1	5	1	68
3	1179	2	5	1	78
3	1180	2	5	1	73
6	1181	2	6	1	88
6	1182	2	4	1	63
9	1183	1	5	1	76
6	1184	2	5	1	83
6	1185	2	4	1	61
6	1186	2	4	1	54
6	1186	2	4	1	57
6	1186	1	4	1	64
6	1186	2	5	1	71
9	1187	2	5	1	74
9	1187	2	4	1	70
9	1188	2	5	1	88
6	1189	2	4	1	68
9	1190	2	4	1	65
9	1190	2	5	1	85
9	1191	2	4	1	64
9	1192	2	4	1	57
9	1193	2	5	1	58
9	1193	1	4	1	62
7	1194	2	3	1	44
7	1195	1	4	1	61
7	1196	1	4	1	60
7	1197	2	4	1	61
7	1198	1	4	1	63
7	1199	1	4	1	66
7	1200	2	3	1	57
7	1201	2	4	1	65
7	1202	2	4	1	64
7	1203	1	4	1	65
7	1204	1	4	1	62
7	1205	1	4	1	57
7	1205	1	4	1	63
7	1206	1	4	1	62
7	1207	2	4	1	65
7	1207	1	5	1	76
7	1208	2	4	1	58
7	1209	2	3	1	45
7	1209	1	4	1	55
7	1210	1	4	1	63
1	1211	1	5	1	61
1	1211	2	5	1	68
1	1212	2	5	1	62
1	1213	2	5	1	66
1	1213	2	5	1	68
1	1214	1	5	1	64
1	1214	1	5	1	70
1	1215	2	5	1	61
1	1215	1	5	1	73
1	1215	2	6	1	82
1	1216	2	4	1	48
1	1216	2	5	1	62
1	1216	2	5	1	63
1	1216	2	6	1	79
1	1217	2	6	1	80
7	1218	2	4	1	70
7	1219	1	4	1	66
7	1220	1	5	1	86
7	1221	2	4	1	63
7	1222	2	5	1	74
7	1223	1	3	1	51
7	1223	2	4	1	61
7	1224	2	4	1	73
7	1225	2	5	1	83
7	1226	1	4	1	69
7	1227	2	4	1	65
7	1228	1	3	1	48
7	1228	2	4	1	62
7	1228	2	4	1	66
7	1228	2	5	1	74
7	1229	1	4	1	76
7	1230	1	4	1	73
1	1231	2	5	1	65
1	1232	1	6	1	98
1	1233	2	4	1	52
1	1233	2	4	1	65
1	1233	2	5	1	75
1	1234	1	4	1	59
1	1234	1	5	1	78
1	1234	1	5	1	72
1	1235	1	4	1	47
1	1235	2	5	1	64
1	1235	2	5	1	70
1	1235	1	5	1	73
1	1236	2	5	1	64
1	1237	1	4	1	63
1	1237	2	5	1	78
1	1237	1	6	1	88
1	1238	2	5	1	61
1	1238	2	6	1	79
7	1239	1	3	1	50
7	1239	1	3	1	54
7	1239	2	4	1	61
7	1239	2	4	1	70
7	1240	2	4	1	63
7	1240	2	4	1	69
7	1241	1	4	1	64
7	1242	2	3	1	53
7	1243	2	4	1	71
7	1244	1	3	1	58
7	1245	2	4	1	68
7	1246	1	3	1	58
7	1246	1	4	1	57
7	1247	2	4	1	66
7	1247	2	4	1	70
7	1248	2	3	1	46
7	1248	1	3	1	59
7	1249	1	3	1	51
7	1250	2	4	1	70
1	1251	2	5	1	62
1	1252	2	6	1	84
1	1253	2	4	1	54
7	1254	2	5	1	75
7	1254	2	5	1	79
1	1255	1	6	1	86
7	1256	1	4	1	50
7	1257	2	4	1	46
1	1258	1	7	1	83
1	1259	2	5	1	63
1	1260	2	5	1	69
1	1261	2	5	1	66
1	1262	2	5	1	68
1	1263	1	5	1	74
1	1264	1	6	1	90
7	1265	2	4	1	60
7	1265	1	4	1	67
1	1266	2	6	1	68
1	1266	2	5	1	74
1	1266	1	6	1	97
1	1267	1	4	1	59
1	1267	2	5	1	69
1	1267	2	5	1	70
1	1267	1	6	1	76
1	1268	1	5	1	73
1	1268	1	7	1	75
1	1269	2	5	1	66
1	1269	2	6	1	74
1	1269	2	6	1	74
1	1269	1	6	1	69
1	1269	2	6	1	79
1	1270	2	4	1	58
1	1270	1	5	1	66
1	1270	2	6	1	67
7	1271	2	4	1	59
7	1271	2	4	1	70
7	1272	1	4	1	46
7	1272	1	4	1	69
7	1273	2	3	1	71
7	1274	2	4	1	62
7	1274	2	4	1	67
7	1275	1	4	1	69
7	1275	2	4	1	71
7	1276	1	3	1	49
7	1276	2	4	1	77
7	1277	2	4	1	61
7	1277	1	4	1	62
7	1277	2	4	1	63
7	1277	1	5	1	73
7	1277	1	5	1	72
7	1278	2	4	1	57
7	1278	1	4	1	64
7	1279	1	4	1	68
7	1280	1	4	1	64
7	1281	2	3	1	63
1	1282	2	6	1	69
1	1282	2	5	1	71
1	1282	2	5	1	70
1	1282	1	5	1	68
1	1283	1	6	1	58
1	1283	2	5	1	64
1	1284	2	5	1	61
1	1284	2	6	1	68
1	1285	2	5	1	74
1	1286	2	6	1	72
1	1286	2	5	1	78
1	1287	1	6	1	68
1	1287	2	6	1	72
1	1287	2	6	1	80
1	1288	2	6	1	59
1	1288	1	5	1	74
7	1289	1	5	1	83
7	1290	2	5	1	80
7	1291	2	4	1	63
7	1291	1	5	1	76
7	1292	2	3	1	48
7	1292	2	4	1	61
7	1292	2	5	1	67
7	1293	2	4	1	61
7	1293	2	4	1	68
7	1294	1	4	1	72
7	1295	2	3	1	45
7	1296	2	3	1	49
7	1296	2	4	1	65
7	1297	2	5	1	83
1	1298	2	5	1	59
1	1298	2	5	1	62
1	1298	2	5	1	71
7	1299	2	3	1	46
7	1299	2	4	1	53
7	1300	1	4	1	56
7	1300	2	5	1	69
7	1301	2	5	1	80
7	1301	2	5	1	83
7	1302	1	4	1	63
7	1303	2	5	1	70
7	1304	2	4	1	63
7	1304	1	5	1	77
7	1305	2	4	1	57
7	1305	1	4	1	63
1	1306	2	5	1	61
1	1306	2	4	1	60
1	1306	2	5	1	64
1	1306	2	5	1	69
1	1306	1	7	1	70
1	1306	2	5	1	72
1	1306	2	5	1	72
1	1306	1	6	1	75
1	1306	1	6	1	81
1	1306	1	6	1	80
7	1307	1	5	1	72
7	1308	1	4	1	61
7	1309	2	5	1	75
7	1310	1	3	1	45
7	1311	2	4	1	62
7	1311	2	4	1	65
7	1312	1	4	1	59
7	1312	2	4	1	63
1	1313	2	5	1	66
1	1313	2	5	1	69
1	1313	2	5	1	68
1	1313	2	5	1	68
1	1313	1	6	1	73
1	1313	2	6	1	72
1	1314	1	6	1	70
1	1314	2	6	1	70
1	1314	2	5	1	72
1	1314	2	6	1	74
1	1314	2	6	1	89
1	1315	1	5	1	70
1	1315	2	5	1	62
1	1315	2	7	1	82
1	1315	2	6	1	86
1	1316	2	5	1	65
1	1316	2	5	1	79
1	1316	1	5	1	75
1	1316	2	6	1	85
7	1317	1	5	1	75
7	1318	2	4	1	60
7	1319	1	5	1	88
7	1320	2	3	1	61
7	1320	1	4	1	69
7	1321	1	4	1	66
7	1322	2	4	1	75
7	1323	1	4	1	76
7	1324	1	4	1	66
7	1324	2	4	1	76
7	1325	2	4	1	77
1	1326	2	5	1	65
1	1327	1	4	1	61
1	1328	1	6	1	84
1	1329	1	5	1	65
1	1330	1	5	1	76
1	1331	1	6	1	73
1	1332	1	4	1	63
1	1333	1	5	1	61
1	1334	1	5	1	64
7	1335	2	5	1	78
7	1336	2	5	1	83
7	1337	2	4	1	64
7	1338	1	5	1	67
7	1339	1	5	1	65
7	1340	1	4	1	66
1	1341	1	6	1	82
1	1341	1	6	1	84
1	1341	1	6	1	83
7	1342	1	5	1	65
7	1342	1	4	1	70
7	1343	2	4	1	61
7	1344	1	4	1	65
7	1345	1	4	1	69
7	1345	2	4	1	73
7	1346	2	4	1	66
7	1347	2	4	1	61
7	1348	2	4	1	61
7	1348	2	4	1	62
7	1348	2	4	1	64
7	1349	1	4	1	65
4	1350	2	4	1	65
4	1350	2	4	1	64
7	1351	2	4	1	61
7	1351	1	5	1	75
1	1352	2	5	1	62
1	1352	1	5	1	68
1	1353	2	6	1	59
1	1353	1	5	1	66
1	1353	1	5	1	64
1	1353	1	5	1	72
1	1353	2	5	1	72
1	1354	2	4	1	48
1	1354	2	4	1	52
1	1354	2	5	1	62
1	1354	1	5	1	67
1	1354	2	5	1	71
1	1355	2	5	1	70
1	1355	1	5	1	74
1	1356	1	6	1	87
1	1357	2	5	1	69
1	1358	1	6	1	90
1	1359	1	3	1	31
1	1360	2	5	1	79
1	1361	2	5	1	74
1	1362	1	6	1	71
1	1363	2	5	1	67
1	1364	2	5	1	65
7	1365	1	3	1	52
7	1365	2	4	1	57
7	1365	1	4	1	61
7	1365	2	4	1	65
7	1366	2	4	1	68
7	1367	2	4	1	68
7	1368	1	4	1	63
7	1368	1	5	1	85
7	1369	2	3	1	40
7	1370	2	5	1	78
7	1371	2	4	1	55
7	1371	2	4	1	59
7	1371	1	5	1	72
7	1371	1	5	1	75
7	1372	2	4	1	60
7	1372	2	4	1	63
7	1372	1	4	1	66
7	1372	2	4	1	64
7	1373	2	4	1	62
1	1374	1	4	1	50
1	1374	1	5	1	66
1	1374	2	4	1	63
1	1374	1	5	1	68
1	1374	2	5	1	69
1	1374	2	5	1	71
1	1374	1	6	1	84
1	1374	2	5	1	82
1	1374	1	6	1	88
1	1375	2	6	1	83
1	1376	1	5	1	66
1	1377	2	5	1	73
1	1378	2	6	1	87
1	1379	2	5	1	62
1	1380	2	5	1	63
1	1380	2	5	1	78
7	1381	2	4	1	57
7	1382	2	6	1	80
7	1383	1	3	1	44
7	1384	2	4	1	55
7	1384	2	4	1	57
7	1384	2	4	1	65
7	1385	1	4	1	60
7	1385	2	4	1	63
7	1386	2	5	1	73
7	1387	2	4	1	60
7	1387	2	4	1	62
3	1388	2	7	1	91
3	1389	2	6	1	76
3	1389	2	6	1	77
3	1390	1	5	1	68
3	1391	1	6	1	81
3	1392	1	5	1	64
3	1392	1	5	1	74
3	1393	2	5	1	66
3	1394	1	6	1	80
3	1395	2	6	1	73
6	1396	1	4	1	68
3	1397	2	5	1	57
3	1397	2	5	1	64
3	1398	1	5	1	66
3	1398	2	5	1	74
3	1399	2	5	1	64
3	1400	2	4	1	54
3	1401	2	5	1	66
3	1402	2	5	1	66
3	1403	2	6	1	84
3	1404	1	6	1	86
3	1404	2	6	1	84
3	1405	2	5	1	67
3	1406	2	6	1	77
3	1406	1	6	1	83
3	1407	2	6	1	86
3	1407	2	6	1	86
5	1408	2	5	1	75
6	1409	1	5	1	74
6	1409	1	5	1	76
6	1410	1	5	1	73
9	1411	2	4	1	67
9	1411	2	5	1	78
9	1412	2	3	1	56
3	1413	2	5	1	61
3	1413	2	5	1	63
3	1413	1	5	1	62
3	1414	2	5	1	67
3	1414	1	6	1	76
3	1415	2	5	1	61
3	1415	2	6	1	78
3	1416	1	6	1	79
9	1417	1	4	1	65
9	1418	2	5	1	75
9	1419	1	4	1	64
9	1419	1	4	1	67
1	1420	1	5	1	63
1	1420	2	5	1	63
1	1421	1	5	1	56
1	1422	2	4	1	66
1	1422	2	5	1	71
1	1422	2	6	1	75
1	1423	2	5	1	71
1	1424	1	5	1	65
1	1424	2	5	1	69
1	1424	2	5	1	71
1	1425	2	6	1	80
1	1426	1	6	1	81
1	1426	1	6	1	86
1	1426	1	6	1	87
7	1427	1	4	1	63
7	1428	1	4	1	49
7	1428	2	3	1	50
7	1429	1	4	1	63
7	1430	2	4	1	58
7	1430	2	4	1	73
7	1431	1	4	1	72
7	1432	2	3	1	42
7	1433	2	4	1	64
7	1434	2	5	1	79
7	1435	1	4	1	71
7	1436	1	4	1	67
7	1436	1	4	1	70
1	1437	2	4	1	45
1	1437	1	5	1	74
1	1438	2	5	1	67
1	1438	1	5	1	69
1	1438	2	5	1	69
1	1439	2	7	1	91
1	1440	2	4	1	53
1	1441	2	5	1	67
1	1441	1	5	1	70
1	1441	2	5	1	71
1	1442	2	5	1	70
1	1443	2	5	1	58
1	1443	1	5	1	65
1	1443	2	6	1	84
1	1444	2	5	1	53
1	1444	2	5	1	65
1	1445	2	5	1	70
7	1446	2	5	1	75
7	1446	2	5	1	88
7	1446	1	5	1	89
7	1447	2	4	1	66
7	1447	1	4	1	69
7	1448	2	3	1	46
7	1449	2	4	1	73
7	1450	1	4	1	63
7	1450	2	4	1	65
7	1451	2	4	1	61
7	1451	1	4	1	67
7	1452	1	4	1	62
7	1452	1	5	1	69
7	1453	1	5	1	60
7	1454	1	4	1	53
7	1454	2	4	1	62
7	1455	2	4	1	61
7	1455	2	5	1	69
7	1456	2	4	1	62
7	1457	2	4	1	60
7	1458	1	4	1	64
7	1458	1	4	1	70
7	1459	1	4	1	61
7	1459	2	4	1	66
3	1460	1	6	1	96
9	1461	1	4	1	65
9	1462	2	6	1	98
3	1463	1	6	1	96
3	1464	1	6	1	85
3	1464	2	6	1	91
9	1465	2	5	1	79
6	1466	2	5	1	91
7	1467	1	4	1	66
7	1468	1	3	1	53
7	1469	2	5	1	66
7	1470	1	3	1	54
7	1471	2	4	1	56
7	1471	2	3	1	56
7	1471	2	4	1	62
7	1471	1	4	1	64
7	1472	2	3	1	62
1	1473	2	4	1	52
1	1474	1	6	1	79
1	1475	1	5	1	64
7	1476	1	4	1	62
7	1476	1	4	1	66
3	1477	2	6	1	75
3	1477	2	5	1	73
3	1477	2	5	1	80
3	1478	2	5	1	74
6	1479	2	5	1	88
6	1480	2	5	1	88
6	1481	1	4	1	65
6	1482	1	4	1	63
6	1482	1	4	1	68
3	1483	1	5	1	65
3	1483	1	5	1	69
3	1484	2	5	1	60
3	1484	1	5	1	69
3	1485	1	6	1	85
3	1486	2	6	1	81
3	1487	2	6	1	78
3	1488	1	5	1	77
3	1489	2	5	1	66
3	1490	1	6	1	71
3	1491	2	5	1	66
3	1492	2	6	1	78
3	1493	2	5	1	61
3	1494	2	5	1	65
3	1495	2	5	1	60
3	1496	2	4	1	51
3	1497	2	7	1	85
6	1498	2	5	1	77
6	1498	2	5	1	77
6	1499	2	4	1	65
6	1499	1	5	1	72
6	1500	1	5	1	82
6	1501	2	5	1	72
6	1501	2	5	1	80
6	1501	2	5	1	80
6	1501	2	5	1	87
6	1502	1	5	1	81
3	1503	2	5	1	64
3	1504	2	5	1	66
3	1504	2	5	1	72
3	1505	1	4	1	58
3	1505	2	4	1	58
3	1505	1	5	1	65
3	1506	2	6	1	78
3	1507	2	4	1	55
3	1508	1	5	1	70
3	1509	1	4	1	47
3	1509	2	4	1	52
3	1510	2	5	1	85
3	1511	1	5	1	52
3	1512	1	4	1	42
3	1513	2	4	1	46
3	1513	2	5	1	55
3	1514	2	5	1	78
3	1515	1	5	1	67
6	1516	2	5	1	78
9	1517	1	4	1	63
9	1518	1	4	1	61
9	1519	2	5	1	72
9	1520	1	5	1	92
9	1521	2	4	1	54
9	1521	2	4	1	55
9	1521	2	5	1	68
9	1521	2	4	1	68
9	1522	1	4	1	61
9	1522	2	6	1	79
9	1523	2	4	1	56
3	1524	2	6	1	78
3	1525	1	5	1	70
3	1525	1	6	1	82
3	1526	1	6	1	91
3	1527	2	6	1	71
3	1528	1	6	1	75
3	1528	1	6	1	82
3	1529	2	6	1	87
3	1529	2	6	1	76
3	1530	2	6	1	83
3	1531	1	6	1	72
3	1531	2	6	1	79
3	1531	2	6	1	82
3	1532	1	6	1	83
3	1533	2	6	1	92
3	1534	2	5	1	68
3	1535	2	6	1	89
3	1536	1	6	1	86
3	1537	2	6	1	85
3	1538	2	6	1	86
6	1539	2	4	1	61
6	1539	1	4	1	73
6	1540	2	4	1	73
6	1541	2	4	1	69
9	1542	1	4	1	62
6	1543	2	4	1	64
6	1544	1	5	1	77
6	1544	2	5	1	79
6	1545	1	4	1	70
6	1546	2	5	1	77
6	1547	1	5	1	78
6	1548	2	4	1	62
6	1549	2	4	1	57
3	1550	2	7	1	75
3	1551	2	5	1	70
3	1552	1	5	1	66
3	1552	2	6	1	88
3	1553	1	4	1	50
3	1553	1	6	1	75
3	1553	1	5	1	76
3	1554	1	5	1	70
3	1554	2	5	1	73
3	1555	1	5	1	67
3	1556	2	5	1	70
3	1557	2	5	1	63
3	1557	2	5	1	68
3	1558	2	6	1	84
9	1559	2	5	1	78
8	1560	1	4	1	66
9	1561	1	4	1	68
9	1561	1	5	1	72
1	1562	1	4	1	56
1	1562	2	5	1	68
1	1562	2	6	1	77
1	1562	1	6	1	80
1	1562	2	6	1	82
1	1563	2	4	1	59
1	1563	2	6	1	78
1	1563	2	6	1	82
1	1563	1	6	1	82
1	1563	1	6	1	94
7	1564	2	3	1	48
1	1565	1	6	1	88
1	1566	2	5	1	65
1	1567	2	5	1	68
1	1568	1	6	1	78
7	1569	2	3	1	49
7	1570	1	4	1	64
7	1571	1	3	1	42
7	1571	2	3	1	50
7	1571	1	3	1	55
7	1572	2	3	1	53
1	1573	2	6	1	88
1	1574	2	6	1	82
1	1575	2	5	1	63
1	1576	2	6	1	84
1	1577	1	5	1	69
1	1578	1	5	1	64
1	1578	2	6	1	91
1	1579	1	4	1	39
1	1580	2	6	1	66
1	1580	2	5	1	79
1	1581	1	5	1	69
7	1582	2	4	1	70
7	1583	2	4	1	61
7	1584	1	4	1	55
7	1585	2	4	1	64
7	1586	2	5	1	76
7	1587	2	5	1	79
1	1588	1	5	1	74
7	1589	1	4	1	62
7	1590	2	3	1	53
7	1590	2	4	1	63
7	1590	1	4	1	64
7	1591	1	4	1	58
7	1592	2	4	1	62
7	1592	2	4	1	67
7	1592	1	4	1	71
7	1593	2	4	1	51
7	1593	1	4	1	55
7	1593	2	4	1	64
7	1593	2	5	1	84
7	1594	2	3	1	45
7	1594	2	4	1	59
7	1594	2	4	1	71
7	1595	2	3	1	46
1	1596	2	6	1	73
1	1596	2	6	1	90
1	1596	1	6	1	91
1	1597	2	6	1	76
1	1598	2	4	1	49
7	1599	1	4	1	52
7	1599	2	4	1	65
7	1599	1	4	1	68
7	1600	2	4	1	59
7	1600	1	4	1	59
7	1601	1	4	1	52
7	1601	1	4	1	65
7	1601	2	4	1	73
7	1602	1	4	1	63
7	1602	2	4	1	64
7	1603	1	4	1	75
7	1603	1	4	1	74
7	1604	1	4	1	55
7	1604	2	4	1	62
7	1604	1	4	1	67
1	1605	2	4	1	47
1	1605	1	4	1	59
1	1605	2	5	1	62
1	1605	1	5	1	63
1	1605	1	5	1	66
1	1605	1	5	1	66
1	1605	1	5	1	66
1	1605	2	5	1	64
1	1606	1	4	1	50
1	1607	1	5	1	76
1	1608	2	5	1	64
1	1609	2	4	1	50
1	1609	2	4	1	53
1	1609	1	5	1	65
1	1610	1	4	1	47
1	1610	1	4	1	51
1	1610	1	4	1	55
1	1610	1	5	1	64
7	1611	1	4	1	70
7	1612	2	4	1	74
7	1613	2	4	1	70
7	1614	1	3	1	49
7	1614	2	4	1	62
7	1615	2	4	1	63
7	1616	1	4	1	71
1	1617	1	4	1	54
1	1617	2	5	1	62
1	1617	1	6	1	86
1	1618	1	4	1	54
1	1618	2	4	1	58
1	1618	1	5	1	69
1	1619	2	5	1	64
1	1619	1	5	1	75
1	1620	2	5	1	68
1	1620	1	5	1	71
1	1621	1	6	1	88
1	1622	2	5	1	65
1	1622	1	6	1	93
1	1623	1	4	1	49
1	1623	2	5	1	67
1	1624	1	5	1	67
1	1624	2	6	1	85
1	1625	2	5	1	70
1	1626	2	5	1	66
7	1627	1	5	1	76
7	1628	1	4	1	63
7	1628	1	4	1	64
7	1629	1	4	1	67
1	1630	1	5	1	81
1	1631	2	5	1	71
7	1632	2	4	1	65
7	1632	1	4	1	67
7	1632	2	4	1	73
7	1633	2	3	1	54
7	1633	2	4	1	53
7	1633	2	4	1	63
7	1634	2	3	1	49
7	1635	2	3	1	51
7	1636	2	4	1	61
7	1637	2	4	1	62
7	1637	1	5	1	81
7	1638	2	5	1	73
7	1639	2	5	1	73
7	1640	2	5	1	73
3	1641	1	4	1	63
3	1642	1	4	1	52
3	1643	2	6	1	81
3	1644	2	5	1	62
2	1645	1	5	1	73
2	1645	2	7	1	85
3	1646	1	5	1	56
3	1646	2	6	1	58
3	1646	2	5	1	64
3	1647	2	5	1	59
3	1647	1	6	1	66
3	1648	2	5	1	69
3	1649	1	5	1	72
3	1650	2	5	1	61
3	1650	1	5	1	71
9	1651	2	5	1	80
6	1652	1	5	1	102
3	1653	1	6	1	86
3	1654	1	5	1	70
3	1655	1	5	1	61
3	1656	1	4	1	59
6	1657	2	4	1	64
1	1658	2	4	1	53
1	1658	1	4	1	57
1	1658	2	4	1	56
1	1659	1	4	1	53
1	1660	2	4	1	52
1	1660	2	5	1	59
1	1660	1	5	1	64
1	1660	1	5	1	69
1	1661	1	6	1	82
1	1662	2	4	1	57
1	1663	1	5	1	65
7	1664	1	4	1	68
7	1664	1	4	1	66
7	1664	1	4	1	69
7	1665	1	4	1	62
7	1666	2	4	1	58
7	1666	2	4	1	58
7	1667	1	4	1	71
7	1668	2	3	1	61
7	1668	2	4	1	62
7	1668	1	4	1	67
7	1669	2	4	1	64
1	1670	1	4	1	56
1	1670	1	4	1	57
1	1671	1	6	1	80
1	1672	1	5	1	75
1	1673	2	6	1	72
1	1674	2	5	1	69
1	1675	1	5	1	69
1	1676	2	4	1	50
1	1676	2	5	1	61
1	1676	1	5	1	66
1	1676	1	5	1	67
1	1677	2	5	1	64
1	1677	1	5	1	65
1	1677	2	5	1	68
1	1677	2	5	1	80
1	1678	1	7	1	82
7	1679	1	3	1	42
7	1679	2	3	1	50
7	1679	2	3	1	54
7	1679	1	4	1	64
7	1680	1	3	1	47
7	1680	2	4	1	61
7	1681	2	3	1	53
7	1681	2	3	1	58
1	1682	2	5	1	67
1	1683	2	4	1	50
1	1683	2	5	1	59
1	1683	1	6	1	84
1	1683	1	6	1	85
1	1684	1	5	1	72
1	1685	1	3	1	35
1	1685	2	4	1	50
1	1685	2	5	1	64
1	1685	2	5	1	68
1	1685	2	6	1	85
1	1686	1	5	1	66
7	1687	2	4	1	62
1	1688	1	5	1	60
7	1689	2	4	1	59
7	1689	1	4	1	69
7	1690	1	4	1	63
7	1691	1	4	1	60
7	1691	1	4	1	59
7	1692	2	4	1	59
7	1693	2	3	1	60
7	1694	2	4	1	61
7	1694	1	4	1	61
7	1694	2	4	1	72
7	1695	2	4	1	58
7	1695	2	4	1	68
7	1696	1	4	1	72
7	1697	1	4	1	64
7	1697	1	4	1	65
7	1698	2	4	1	58
7	1698	2	4	1	64
7	1698	2	5	1	70
7	1699	2	4	1	65
7	1700	2	5	1	83
7	1701	1	4	1	62
7	1702	2	3	1	66
7	1703	2	4	1	59
7	1703	2	4	1	62
7	1703	2	4	1	67
7	1704	2	4	1	65
7	1705	2	4	1	72
7	1706	1	3	1	52
7	1707	2	4	1	66
7	1708	1	5	1	65
7	1708	1	4	1	65
7	1708	2	5	1	70
7	1708	2	4	1	73
1	1709	1	5	1	73
1	1710	1	5	1	70
1	1711	1	4	1	51
1	1711	1	5	1	66
1	1712	1	5	1	72
1	1713	1	5	1	68
1	1713	1	5	1	78
1	1713	2	6	1	78
1	1713	2	7	1	83
7	1714	1	4	1	68
7	1715	2	4	1	57
7	1716	2	4	1	61
7	1716	1	4	1	64
7	1717	2	4	1	76
7	1717	1	5	1	82
7	1718	1	4	1	72
7	1719	1	3	1	46
7	1720	2	4	1	61
7	1720	1	4	1	67
1	1721	1	5	1	57
1	1722	2	5	1	60
1	1722	2	5	1	61
1	1722	2	5	1	61
1	1723	2	5	1	60
1	1723	2	5	1	66
1	1723	1	6	1	74
1	1724	2	5	1	66
1	1725	1	5	1	64
1	1726	2	5	1	74
1	1726	2	6	1	80
1	1727	2	5	1	65
1	1727	1	5	1	67
1	1728	1	5	1	59
1	1729	2	6	1	76
1	1730	2	5	1	65
1	1730	1	5	1	63
1	1730	1	5	1	67
1	1730	1	6	1	77
7	1731	1	4	1	63
7	1732	2	4	1	58
7	1733	1	4	1	65
7	1734	1	4	1	57
7	1735	1	5	1	75
7	1736	1	4	1	66
7	1737	2	3	1	55
7	1737	2	4	1	62
7	1737	2	4	1	69
7	1738	1	3	1	54
7	1739	1	3	1	47
7	1739	1	4	1	64
7	1739	2	4	1	70
7	1740	2	3	1	49
7	1740	2	3	1	47
7	1740	1	4	1	62
7	1741	1	3	1	51
7	1741	2	3	1	51
7	1742	1	3	1	60
7	1743	2	4	1	65
7	1744	2	4	1	66
7	1745	1	3	1	45
7	1745	2	3	1	51
7	1745	1	4	1	58
1	1746	2	5	1	69
7	1747	2	4	1	64
7	1747	2	4	1	67
7	1748	2	4	1	77
7	1749	2	4	1	73
7	1749	2	4	1	77
7	1750	1	4	1	71
7	1751	1	3	1	49
7	1752	1	4	1	60
7	1752	2	4	1	65
7	1752	2	4	1	60
7	1753	2	4	1	64
7	1754	2	4	1	59
7	1754	1	4	1	63
7	1754	1	4	1	68
7	1755	2	4	1	69
7	1755	2	4	1	70
1	1756	2	6	1	81
7	1757	1	5	1	67
7	1758	2	4	1	66
7	1759	2	4	1	62
7	1760	2	4	1	61
7	1761	2	3	1	54
7	1762	1	5	1	72
7	1763	2	4	1	62
7	1764	2	3	1	58
7	1765	1	4	1	60
7	1766	2	5	1	84
7	1767	1	3	1	40
7	1768	2	5	1	86
7	1769	1	4	1	66
1	1770	1	5	1	61
1	1770	2	6	1	76
1	1770	1	5	1	72
1	1770	2	6	1	83
1	1771	1	5	1	72
1	1771	1	6	1	86
1	1772	2	5	1	65
1	1772	2	6	1	88
1	1773	2	6	1	71
7	1774	1	4	1	59
7	1774	1	4	1	70
7	1775	2	4	1	74
1	1776	1	5	1	64
1	1777	1	5	1	69
1	1778	1	7	1	96
1	1779	1	4	1	51
1	1780	1	5	1	66
1	1780	2	6	1	77
1	1781	1	5	1	69
1	1781	1	5	1	72
1	1782	1	5	1	67
1	1782	2	5	1	72
1	1782	2	5	1	74
1	1783	2	5	1	66
1	1783	1	5	1	69
1	1783	1	5	1	71
1	1784	1	6	1	91
1	1785	1	5	1	68
7	1786	2	4	1	77
7	1787	2	4	1	68
7	1788	2	4	1	58
7	1789	2	4	1	63
7	1789	1	4	1	68
7	1790	1	4	1	69
7	1791	1	4	1	65
7	1792	2	4	1	61
7	1793	2	3	1	51
7	1793	2	3	1	56
7	1794	1	3	1	44
1	1795	2	5	1	59
1	1796	1	5	1	73
1	1796	2	5	1	74
1	1796	2	6	1	79
1	1796	2	6	1	83
1	1797	1	6	1	82
1	1797	2	6	1	85
7	1798	1	4	1	57
7	1798	2	4	1	58
7	1799	1	5	1	62
7	1800	2	4	1	62
1	1801	1	6	1	83
1	1802	1	6	1	80
1	1803	2	5	1	68
1	1804	2	6	1	87
1	1804	2	6	1	88
1	1805	2	6	1	84
1	1806	2	7	1	80
1	1807	1	5	1	76
1	1808	1	6	1	77
1	1808	2	6	1	81
1	1809	1	4	1	52
1	1810	2	5	1	52
1	1810	2	5	1	73
1	1811	1	6	1	86
1	1812	2	7	1	87
1	1813	2	6	1	73
1	1814	1	6	1	80
1	1815	1	5	1	65
1	1815	2	5	1	68
1	1815	1	5	1	69
1	1815	2	5	1	74
1	1816	1	4	1	66
1	1816	2	6	1	71
7	1817	2	4	1	59
7	1818	2	4	1	68
7	1819	2	4	1	61
7	1819	1	4	1	69
7	1820	1	4	1	60
7	1820	1	4	1	68
7	1820	2	4	1	67
1	1821	1	5	1	65
1	1822	2	6	1	79
1	1823	1	6	1	74
1	1824	2	6	1	73
7	1825	2	4	1	54
7	1826	1	3	1	50
7	1827	1	3	1	55
1	1828	2	4	1	52
1	1829	2	4	1	47
1	1830	2	5	1	61
1	1830	2	5	1	64
1	1830	2	5	1	67
1	1830	1	5	1	73
1	1831	2	5	1	67
1	1831	2	6	1	80
1	1831	1	7	1	98
1	1832	2	5	1	67
1	1833	1	5	1	61
1	1834	1	7	1	92
1	1835	1	7	1	85
1	1836	2	7	1	76
1	1836	2	6	1	82
1	1836	2	6	1	84
7	1837	2	3	1	54
7	1837	1	4	1	63
7	1837	2	4	1	63
7	1837	2	4	1	66
7	1837	1	4	1	67
7	1838	1	3	1	53
7	1838	2	4	1	62
7	1839	2	4	1	61
7	1839	1	3	1	59
7	1839	1	4	1	67
7	1840	2	4	1	62
7	1840	1	4	1	67
7	1841	2	5	1	82
7	1842	1	4	1	74
7	1843	1	3	1	43
7	1843	2	3	1	53
1	1844	2	6	1	82
1	1845	2	5	1	61
1	1846	2	5	1	65
7	1847	2	3	1	55
7	1848	2	4	1	69
7	1849	2	4	1	58
7	1850	2	5	1	75
7	1851	2	5	1	71
7	1852	1	4	1	59
1	1853	1	5	1	75
1	1854	2	4	1	56
1	1854	2	5	1	61
1	1855	1	4	1	53
1	1856	1	5	1	65
7	1857	2	3	1	52
7	1858	1	3	1	57
7	1859	1	4	1	59
7	1860	1	4	1	60
7	1861	2	5	1	83
7	1862	2	4	1	63
7	1863	1	4	1	58
7	1864	2	3	1	53
7	1865	1	3	1	57
7	1866	1	4	1	68
7	1867	1	3	1	44
7	1867	2	4	1	64
7	1868	2	3	1	53
7	1869	2	5	1	61
7	1869	1	4	1	63
7	1869	1	4	1	69
7	1870	1	3	1	43
7	1870	1	4	1	65
7	1870	1	4	1	66
7	1871	2	4	1	61
7	1871	1	4	1	70
7	1872	2	4	1	57
1	1873	2	5	1	67
1	1873	2	5	1	65
1	1874	1	5	1	62
1	1875	1	4	1	46
1	1876	2	6	1	74
1	1877	2	6	1	90
1	1878	2	6	1	79
1	1879	1	5	1	65
7	1880	1	4	1	65
7	1880	2	5	1	83
7	1881	2	4	1	64
7	1882	2	4	1	63
3	1883	2	5	1	62
3	1884	1	6	1	81
3	1885	2	5	1	52
3	1885	1	6	1	84
3	1886	1	5	1	63
3	1887	1	5	1	57
3	1888	1	5	1	57
3	1888	2	5	1	66
3	1889	1	3	1	46
3	1889	2	4	1	55
9	1890	2	5	1	75
9	1891	2	5	1	78
9	1892	1	5	1	79
9	1893	1	4	1	65
9	1894	2	5	1	88
3	1895	1	6	1	88
3	1896	2	6	1	77
3	1897	1	3	1	26
3	1898	1	6	1	83
3	1899	2	5	1	64
3	1899	2	6	1	93
3	1900	1	6	1	80
3	1901	1	4	1	48
3	1901	2	5	1	63
3	1901	1	5	1	79
3	1902	1	3	1	29
3	1902	2	4	1	45
3	1903	1	4	1	40
3	1903	1	4	1	43
3	1904	2	5	1	67
3	1905	1	3	1	38
3	1906	2	5	1	59
6	1907	1	5	1	79
6	1908	2	5	1	71
6	1909	2	5	1	78
3	1910	2	6	1	82
1	1911	2	6	1	84
1	1912	1	5	1	62
1	1912	2	7	1	85
1	1913	2	5	1	55
1	1914	1	5	1	56
7	1915	2	4	1	68
7	1916	2	3	1	43
7	1916	2	5	1	68
7	1916	2	4	1	71
7	1916	1	5	1	91
7	1917	1	4	1	69
7	1918	2	4	1	59
7	1918	1	6	1	82
7	1919	1	4	1	65
7	1920	2	4	1	70
7	1920	2	4	1	61
7	1920	2	4	1	64
7	1920	2	4	1	78
7	1921	2	4	1	59
7	1921	1	4	1	67
7	1922	1	4	1	59
7	1922	1	4	1	67
1	1923	2	6	1	77
1	1923	1	6	1	82
1	1924	2	6	1	75
7	1925	1	4	1	64
7	1926	1	3	1	49
7	1926	2	4	1	61
7	1927	1	4	1	70
7	1928	2	4	1	67
7	1928	2	5	1	86
1	1929	2	6	1	85
1	1930	2	6	1	80
1	1931	2	4	1	54
1	1931	2	5	1	57
1	1931	2	6	1	69
1	1931	2	6	1	72
1	1931	2	5	1	69
1	1931	2	5	1	72
1	1931	1	6	1	81
1	1931	1	6	1	80
1	1931	1	7	1	82
1	1931	1	6	1	92
1	1932	2	6	1	91
1	1933	1	6	1	90
1	1934	2	6	1	77
1	1935	1	5	1	69
1	1936	2	6	1	86
1	1937	2	6	1	77
1	1938	2	5	1	74
1	1939	2	5	1	74
1	1939	2	6	1	77
1	1939	2	6	1	84
1	1940	2	5	1	70
1	1940	2	5	1	72
1	1940	2	6	1	94
1	1941	2	6	1	81
1	1942	1	3	1	53
1	1943	1	4	1	67
1	1944	1	4	1	53
1	1944	1	5	1	58
1	1944	2	4	1	60
1	1945	1	4	1	49
1	1945	2	5	1	71
1	1945	2	6	1	71
1	1946	1	4	1	41
1	1946	2	5	1	69
1	1947	2	5	1	66
1	1948	2	5	1	68
1	1948	2	5	1	70
1	1948	2	5	1	83
1	1949	1	5	1	70
1	1949	1	5	1	74
1	1949	2	6	1	77
1	1949	1	6	1	89
1	1950	2	6	1	78
1	1950	2	6	1	75
1	1950	1	6	1	78
1	1950	1	6	1	80
1	1950	2	6	1	87
7	1951	2	4	1	56
7	1951	2	4	1	63
7	1951	2	4	1	62
7	1952	1	3	1	47
7	1952	1	3	1	55
7	1952	2	4	1	58
7	1952	2	3	1	57
7	1952	2	4	1	61
7	1952	2	4	1	64
7	1952	1	4	1	72
7	1952	1	4	1	68
7	1953	2	4	1	57
7	1954	2	4	1	64
1	1955	2	5	1	55
1	1955	2	5	1	67
1	1955	1	5	1	72
1	1955	2	5	1	75
1	1956	2	5	1	65
1	1956	1	4	1	65
1	1956	2	5	1	71
1	1956	2	5	1	82
1	1956	2	7	1	91
1	1957	2	4	1	50
1	1957	2	5	1	70
1	1957	2	5	1	73
1	1958	1	5	1	69
1	1958	1	5	1	74
1	1959	1	5	1	65
1	1959	2	5	1	68
7	1960	1	4	1	64
7	1960	1	4	1	64
7	1960	2	4	1	66
7	1960	2	4	1	67
7	1961	2	3	1	51
7	1961	2	3	1	56
7	1961	2	4	1	56
7	1961	2	4	1	59
7	1961	2	4	1	63
7	1961	1	3	1	61
7	1961	2	4	1	67
7	1961	1	5	1	70
7	1962	1	4	1	61
7	1963	2	3	1	50
7	1963	1	4	1	59
7	1963	2	4	1	61
7	1963	2	5	1	83
7	1964	2	5	1	74
1	1965	2	6	1	84
1	1966	1	5	1	70
1	1966	2	5	1	76
1	1967	2	5	1	64
1	1968	2	4	1	47
1	1968	2	5	1	64
1	1968	2	6	1	78
7	1969	1	4	1	57
7	1970	2	4	1	58
7	1970	2	5	1	78
7	1971	2	4	1	63
7	1972	2	4	1	67
7	1973	1	4	1	57
7	1973	2	4	1	67
7	1974	2	5	1	85
7	1975	2	3	1	40
7	1975	1	3	1	41
2	1976	1	5	1	87
2	1977	1	5	1	82
2	1978	2	5	1	70
2	1979	1	5	1	72
2	1980	1	5	1	65
2	1980	1	6	1	73
2	1981	1	5	1	79
2	1981	1	6	1	82
2	1982	1	5	1	78
2	1983	2	5	1	61
2	1984	1	5	1	73
2	1984	1	5	1	71
2	1984	1	5	1	78
2	1985	2	6	1	85
2	1985	1	6	1	81
2	1986	1	5	1	76
2	1987	1	5	1	75
2	1987	2	6	1	76
2	1987	2	6	1	79
8	1988	1	4	1	60
8	1989	1	4	1	60
8	1990	2	4	1	63
8	1991	1	5	1	75
8	1992	1	5	1	75
8	1993	1	4	1	73
8	1994	1	4	1	66
8	1994	2	4	1	70
5	1995	2	4	1	63
5	1996	2	5	1	81
5	1997	2	4	1	72
5	1998	2	4	1	73
5	1999	1	4	1	64
5	2000	1	4	1	61
5	2000	2	4	1	66
5	2001	1	4	1	61
5	2001	2	5	1	80
5	2002	1	4	1	70
2	2003	1	5	1	67
2	2003	1	7	1	94
2	2004	2	6	1	82
2	2004	2	6	1	81
2	2005	1	5	1	85
2	2006	1	5	1	66
2	2007	2	5	1	69
2	2007	2	5	1	74
2	2008	1	5	1	76
2	2009	2	6	1	83
2	2010	1	5	1	73
2	2011	2	5	1	68
2	2012	2	6	1	86
2	2013	1	5	1	75
2	2014	1	4	1	48
2	2014	2	5	1	69
8	2015	2	3	1	52
8	2016	1	4	1	72
8	2017	2	4	1	72
8	2018	2	4	1	61
8	2019	1	4	1	56
8	2020	2	4	1	71
8	2021	2	5	1	93
8	2022	2	3	1	42
8	2023	1	5	1	75
8	2024	1	3	1	43
8	2024	1	4	1	63
8	2025	2	5	1	77
8	2026	1	3	1	40
8	2026	1	3	1	43
8	2027	1	3	1	45
2	2028	2	5	1	70
2	2029	2	5	1	58
2	2029	1	6	1	74
2	2030	2	5	1	65
2	2030	2	5	1	66
2	2031	2	5	1	69
2	2032	2	4	1	51
2	2032	2	5	1	62
2	2032	2	4	1	60
2	2032	2	5	1	63
2	2033	2	5	1	66
2	2034	2	5	1	58
2	2034	1	5	1	61
2	2034	2	5	1	69
2	2034	1	5	1	69
2	2035	1	3	1	45
2	2035	1	4	1	49
2	2035	1	5	1	61
2	2035	1	5	1	63
2	2035	1	5	1	74
8	2036	2	5	1	83
8	2037	2	5	1	77
8	2037	1	4	1	80
8	2038	2	4	1	64
8	2039	2	4	1	71
8	2040	1	4	1	65
8	2041	1	5	1	74
8	2042	2	4	1	61
8	2043	2	4	1	62
8	2044	2	5	1	75
8	2045	1	4	1	62
8	2046	1	4	1	56
8	2047	1	4	1	57
8	2048	2	4	1	53
8	2049	2	4	1	65
8	2049	2	4	1	68
8	2050	1	3	1	61
8	2050	2	4	1	61
8	2050	1	4	1	65
8	2051	1	4	1	57
8	2051	2	4	1	59
8	2051	2	4	1	66
8	2052	1	4	1	63
5	2053	2	4	1	60
3	2054	2	6	1	93
3	2055	1	6	1	88
3	2056	2	4	1	55
3	2057	2	5	1	62
3	2058	2	6	1	65
3	2058	2	5	1	69
3	2059	2	5	1	68
3	2060	2	5	1	64
3	2061	2	4	1	53
3	2062	1	4	1	58
3	2063	1	5	1	73
3	2064	2	6	1	90
3	2065	2	4	1	53
6	2066	2	4	1	67
3	2067	2	7	1	89
3	2068	2	5	1	61
3	2068	2	5	1	70
3	2069	2	5	1	62
3	2070	2	5	1	61
3	2070	1	5	1	75
3	2071	1	5	1	61
3	2072	2	4	1	47
3	2072	1	5	1	67
3	2073	2	6	1	87
3	2074	1	5	1	73
6	2075	2	4	1	66
6	2076	2	5	1	68
6	2076	2	5	1	78
6	2076	2	6	1	89
6	2077	2	5	1	71
6	2077	2	5	1	78
6	2077	2	5	1	79
6	2077	2	5	1	78
6	2078	2	5	1	80
6	2079	2	5	1	70
6	2080	1	5	1	86
6	2081	2	6	1	91
6	2082	2	5	1	86
3	2083	2	5	1	66
3	2084	1	5	1	70
3	2085	2	4	1	47
3	2086	2	4	1	60
3	2086	2	5	1	63
3	2087	2	4	1	54
3	2088	1	5	1	66
3	2089	2	6	1	88
3	2090	1	4	1	58
3	2091	1	5	1	61
3	2092	1	5	1	65
3	2093	2	5	1	65
3	2094	1	5	1	65
3	2095	1	4	1	52
3	2096	1	4	1	52
3	2097	1	6	1	84
3	2098	1	4	1	46
6	2099	2	6	1	81
9	2100	1	5	1	64
9	2101	1	4	1	65
9	2102	1	4	1	57
9	2102	1	4	1	61
9	2102	2	5	1	73
6	2103	1	5	1	69
6	2104	2	4	1	61
6	2105	2	5	1	68
6	2106	2	4	1	54
6	2107	2	5	1	79
6	2108	1	4	1	60
6	2108	1	4	1	69
6	2109	1	4	1	63
6	2110	2	4	1	62
6	2111	2	5	1	83
6	2111	1	5	1	83
6	2111	1	5	1	86
6	2112	1	5	1	65
6	2112	2	5	1	75
6	2113	2	4	1	61
6	2113	1	4	1	59
6	2113	2	4	1	61
6	2113	2	4	1	64
6	2113	1	4	1	66
6	2114	2	4	1	66
3	2115	2	6	1	78
9	2116	2	6	1	88
9	2117	2	6	1	95
9	2118	1	5	1	78
9	2119	1	4	1	67
3	2120	1	6	1	97
3	2121	1	6	1	95
9	2122	1	6	1	84
7	2123	1	4	1	65
1	2124	1	5	1	78
1	2125	1	5	1	67
1	2126	2	5	1	58
1	2126	1	5	1	59
1	2126	1	5	1	62
1	2126	1	5	1	66
1	2126	1	5	1	66
1	2127	2	5	1	71
1	2128	2	5	1	62
1	2128	2	5	1	67
1	2129	2	5	1	65
1	2130	1	5	1	65
1	2130	2	5	1	72
1	2131	1	5	1	69
1	2132	2	5	1	70
1	2132	2	5	1	68
1	2132	2	6	1	91
1	2133	1	4	1	52
1	2133	2	5	1	65
1	2133	2	5	1	70
7	2134	2	4	1	60
7	2135	2	4	1	61
7	2135	2	4	1	62
7	2135	1	4	1	65
7	2136	1	4	1	62
7	2136	1	4	1	69
7	2137	2	4	1	64
6	2138	2	4	1	68
6	2139	2	4	1	65
6	2140	1	4	1	77
6	2141	1	4	1	58
6	2141	1	4	1	65
6	2141	2	4	1	64
6	2141	2	4	1	65
6	2141	2	4	1	71
6	2141	2	5	1	84
6	2141	2	5	1	83
9	2142	2	4	1	65
9	2142	2	5	1	80
9	2143	1	3	1	54
9	2144	1	4	1	72
9	2144	2	5	1	73
6	2145	2	5	1	76
6	2146	2	5	1	79
6	2147	2	4	1	68
6	2148	2	5	1	80
6	2149	1	5	1	74
6	2150	2	4	1	83
6	2151	2	5	1	80
3	2152	1	4	1	56
3	2152	2	5	1	69
3	2153	2	6	1	77
3	2154	2	5	1	65
3	2155	1	5	1	65
3	2156	2	4	1	59
3	2156	2	5	1	65
3	2157	2	4	1	52
3	2157	1	5	1	60
3	2157	2	5	1	69
3	2158	1	4	1	59
3	2159	2	5	1	62
3	2159	2	5	1	60
3	2159	2	5	1	68
3	2160	1	4	1	53
3	2160	1	5	1	65
3	2160	2	5	1	65
3	2161	1	5	1	80
6	2162	2	4	1	58
6	2163	2	5	1	81
6	2164	2	5	1	70
6	2165	2	5	1	70
6	2166	2	5	1	67
6	2166	2	5	1	72
6	2167	2	5	1	71
6	2167	1	5	1	69
6	2168	2	5	1	68
6	2168	2	5	1	72
6	2169	1	4	1	62
6	2169	2	4	1	64
6	2170	1	5	1	68
6	2170	2	5	1	75
6	2170	1	5	1	78
6	2170	1	5	1	80
6	2170	2	6	1	89
6	2171	2	5	1	72
6	2172	1	5	1	71
6	2173	2	5	1	109
3	2174	2	5	1	73
3	2175	2	6	1	91
3	2176	1	6	1	83
3	2177	2	6	1	87
3	2178	2	6	1	83
3	2179	1	7	1	94
3	2180	2	7	1	87
3	2181	1	5	1	75
3	2182	2	4	1	58
3	2183	1	4	1	64
7	2184	1	4	1	64
7	2185	2	5	1	77
7	2186	2	3	1	50
7	2186	2	3	1	54
7	2186	2	4	1	60
7	2186	1	4	1	63
7	2186	1	4	1	64
7	2186	1	4	1	62
7	2186	1	4	1	72
7	2187	2	4	1	60
1	2188	2	5	1	72
1	2189	1	5	1	69
1	2189	1	5	1	77
1	2190	2	5	1	71
1	2191	2	5	1	61
7	2192	1	4	1	65
7	2192	1	4	1	60
7	2192	1	4	1	62
7	2192	1	5	1	71
7	2193	2	4	1	60
7	2193	2	5	1	70
7	2193	1	5	1	78
7	2194	1	3	1	55
7	2194	2	3	1	55
7	2195	1	4	1	61
1	2196	2	5	1	61
1	2197	2	6	1	72
1	2198	1	5	1	73
1	2199	1	5	1	72
1	2200	2	5	1	74
1	2200	1	6	1	94
1	2200	2	6	1	90
1	2200	1	7	1	93
1	2201	1	6	1	71
1	2201	2	6	1	85
1	2202	1	6	1	84
7	2203	1	4	1	73
7	2204	2	4	1	55
7	2204	1	4	1	56
7	2204	2	5	1	75
7	2204	2	5	1	81
7	2205	2	4	1	57
7	2205	1	5	1	71
7	2206	1	4	1	65
7	2207	1	4	1	69
7	2208	2	4	1	71
7	2209	2	4	1	66
7	2209	2	4	1	64
7	2209	1	5	1	67
7	2210	1	4	1	53
7	2211	2	5	1	87
7	2212	2	4	1	65
7	2212	2	4	1	72
7	2212	1	4	1	71
7	2212	2	5	1	89
7	2213	2	4	1	70
7	2214	1	3	1	48
1	2215	2	5	1	64
1	2215	2	6	1	77
1	2215	1	6	1	83
1	2216	2	5	1	61
1	2216	2	5	1	64
1	2217	1	5	1	73
1	2218	2	5	1	68
1	2219	2	4	1	48
1	2219	2	5	1	63
1	2219	2	5	1	66
1	2219	1	5	1	72
1	2219	1	5	1	78
1	2220	2	5	1	68
1	2220	1	6	1	78
1	2220	2	6	1	81
1	2221	2	5	1	72
1	2222	2	5	1	64
1	2223	2	6	1	64
1	2223	1	5	1	70
1	2224	1	6	1	73
1	2224	2	6	1	76
1	2224	2	5	1	76
1	2225	2	5	1	51
1	2225	1	4	1	59
1	2226	2	7	1	81
1	2227	2	5	1	67
1	2228	2	6	1	73
7	2229	2	4	1	64
7	2230	1	3	1	52
7	2230	2	4	1	65
7	2231	1	3	1	48
7	2231	2	4	1	55
7	2231	2	4	1	61
7	2232	2	4	1	42
7	2232	1	3	1	45
7	2232	2	4	1	55
7	2232	2	4	1	61
7	2232	1	5	1	70
7	2232	2	4	1	73
7	2233	1	3	1	38
7	2233	2	3	1	56
7	2233	2	4	1	54
7	2233	1	4	1	57
7	2233	1	4	1	61
7	2233	2	5	1	69
7	2234	1	3	1	45
7	2234	2	3	1	46
7	2234	2	4	1	62
7	2234	1	4	1	63
7	2234	2	5	1	81
7	2235	2	4	1	56
7	2235	2	4	1	68
7	2236	2	4	1	58
7	2237	1	4	1	67
7	2238	2	5	1	68
2	2239	2	5	1	69
2	2239	1	5	1	80
2	2240	2	6	1	82
2	2241	2	5	1	72
2	2242	1	6	1	90
2	2243	1	5	1	70
2	2244	2	6	1	77
2	2245	1	5	1	70
2	2246	2	6	1	89
2	2247	2	6	1	81
2	2248	1	5	1	64
2	2249	1	4	1	60
2	2249	2	5	1	64
2	2250	1	6	1	81
2	2251	2	6	1	77
2	2251	2	6	1	85
2	2252	1	6	1	98
2	2253	2	4	1	59
2	2253	2	5	1	66
2	2254	2	6	1	74
8	2255	2	4	1	60
8	2256	2	4	1	57
8	2256	2	4	1	72
5	2257	1	4	1	63
5	2258	2	5	1	87
8	2259	1	4	1	67
5	2260	1	4	1	75
5	2261	2	6	1	87
5	2262	2	4	1	67
5	2263	2	4	1	70
5	2264	1	4	1	68
5	2265	1	5	1	79
5	2266	1	4	1	63
5	2266	2	4	1	73
8	2267	1	4	1	70
8	2268	2	4	1	69
8	2269	2	4	1	69
8	2270	1	4	1	64
8	2271	2	4	1	68
8	2272	1	4	1	62
8	2272	1	4	1	63
2	2273	1	5	1	60
2	2273	2	7	1	80
2	2274	1	5	1	74
2	2274	2	7	1	88
2	2275	1	6	1	84
2	2276	2	6	1	81
8	2277	2	5	1	82
8	2278	1	4	1	67
8	2278	2	4	1	76
8	2278	2	5	1	84
5	2279	2	5	1	78
5	2279	2	5	1	82
8	2280	2	4	1	64
8	2281	2	5	1	91
8	2282	2	4	1	59
8	2283	2	5	1	70
8	2284	1	3	1	53
8	2284	1	4	1	64
8	2285	1	4	1	64
8	2285	1	4	1	77
8	2286	1	4	1	77
8	2287	1	4	1	65
8	2288	2	3	1	46
8	2288	2	5	1	75
8	2289	2	4	1	62
8	2289	1	5	1	66
2	2290	2	6	1	91
2	2291	1	5	1	59
2	2292	2	3	1	24
2	2293	2	6	1	80
2	2294	1	5	1	66
2	2295	2	6	1	76
2	2296	2	6	1	61
2	2297	1	5	1	58
2	2298	2	5	1	73
2	2299	1	5	1	64
2	2300	1	5	1	68
2	2301	1	6	1	84
2	2302	2	5	1	73
2	2303	2	5	1	65
5	2304	1	3	1	57
8	2305	1	4	1	64
8	2305	1	5	1	64
8	2306	1	3	1	56
1	2307	1	6	1	79
1	2308	1	5	1	74
1	2309	2	6	1	87
7	2310	2	4	1	62
7	2311	1	4	1	61
7	2312	1	4	1	75
7	2313	2	4	1	74
1	2314	1	5	1	49
1	2314	2	5	1	66
1	2314	2	4	1	68
1	2314	1	5	1	70
1	2315	2	5	1	66
1	2315	1	5	1	67
1	2316	2	5	1	68
1	2317	2	5	1	66
1	2317	2	5	1	68
1	2318	2	5	1	68
1	2319	2	6	1	87
1	2320	1	5	1	66
1	2321	1	7	1	109
7	2322	1	3	1	55
7	2322	2	4	1	68
7	2323	1	3	1	51
7	2323	1	4	1	68
7	2324	2	3	1	44
7	2324	1	4	1	66
1	2325	2	5	1	65
1	2325	2	6	1	74
1	2326	2	4	1	44
1	2326	2	4	1	46
1	2326	2	5	1	61
1	2326	1	5	1	62
1	2326	2	6	1	73
1	2327	2	5	1	64
1	2328	2	5	1	70
1	2329	2	6	1	83
1	2330	2	5	1	69
1	2331	2	5	1	66
1	2332	2	4	1	55
1	2333	2	6	1	61
1	2334	2	5	1	59
1	2335	2	5	1	39
1	2336	2	5	1	68
1	2336	1	5	1	68
7	2337	1	3	1	49
7	2337	1	4	1	61
7	2337	2	4	1	62
7	2337	2	4	1	63
7	2338	2	4	1	62
1	2339	1	5	1	74
1	2340	2	5	1	65
1	2341	2	5	1	65
1	2341	1	6	1	85
1	2341	2	7	1	84
1	2342	1	4	1	58
1	2342	1	6	1	75
1	2343	1	4	1	52
1	2343	2	5	1	61
1	2343	2	5	1	63
1	2343	1	5	1	65
7	2344	2	4	1	66
7	2344	1	4	1	67
7	2344	1	4	1	69
1	2345	2	6	1	92
1	2346	2	5	1	65
1	2346	1	5	1	70
1	2347	2	5	1	68
1	2348	1	4	1	53
1	2348	1	5	1	62
1	2348	1	6	1	78
1	2349	2	5	1	62
1	2349	2	4	1	62
1	2349	1	5	1	66
1	2349	1	5	1	68
1	2349	1	6	1	87
1	2350	2	4	1	56
1	2350	2	5	1	66
1	2350	2	6	1	71
1	2350	1	6	1	82
7	2351	2	6	1	73
7	2352	1	4	1	56
7	2352	2	4	1	66
7	2352	2	5	1	81
7	2353	2	3	1	46
7	2354	1	5	1	77
7	2355	2	4	1	57
7	2355	2	4	1	63
7	2356	1	4	1	75
7	2357	2	4	1	59
7	2357	2	4	1	58
7	2358	2	4	1	57
7	2358	2	4	1	57
7	2358	2	5	1	71
7	2359	1	4	1	64
7	2360	1	4	1	62
7	2361	2	4	1	58
7	2361	2	4	1	59
7	2362	2	4	1	59
7	2362	2	4	1	65
7	2363	2	5	1	57
7	2364	2	4	1	62
7	2364	1	4	1	63
7	2365	2	4	1	55
7	2365	2	4	1	70
7	2365	2	4	1	69
7	2366	1	4	1	63
1	2367	2	4	1	46
1	2367	2	5	1	69
1	2367	1	6	1	89
1	2368	2	5	1	68
1	2369	2	5	1	68
1	2370	2	4	1	59
1	2370	2	5	1	63
1	2370	2	4	1	69
1	2370	2	5	1	69
1	2370	2	6	1	72
1	2370	2	5	1	68
1	2370	2	5	1	76
1	2370	2	7	1	79
1	2370	2	6	1	82
1	2371	2	4	1	54
1	2371	1	4	1	61
1	2371	1	5	1	68
1	2371	2	5	1	71
1	2371	1	6	1	71
1	2371	1	6	1	82
1	2371	1	6	1	82
1	2372	2	5	1	71
1	2372	1	6	1	83
3	2373	1	5	1	90
3	2373	1	6	1	92
3	2374	1	4	1	67
9	2375	1	4	1	77
9	2376	1	5	1	76
9	2377	1	4	1	63
6	2378	2	5	1	70
6	2379	1	4	1	63
6	2379	2	5	1	78
6	2379	1	5	1	72
6	2379	2	6	1	88
6	2380	1	4	1	60
6	2380	2	4	1	61
6	2380	2	4	1	64
6	2380	1	4	1	68
6	2380	1	5	1	71
6	2380	1	5	1	72
6	2381	1	5	1	85
6	2382	2	4	1	69
6	2382	2	4	1	71
6	2383	1	4	1	69
6	2384	2	4	1	64
6	2385	1	4	1	62
6	2385	1	5	1	83
6	2386	1	5	1	76
6	2387	1	5	1	87
6	2388	1	4	1	62
6	2389	1	5	1	79
6	2390	1	5	1	76
9	2391	1	5	1	74
9	2392	1	3	1	50
9	2393	2	4	1	60
9	2394	1	4	1	63
9	2394	1	4	1	63
9	2395	1	3	1	57
9	2395	1	4	1	70
9	2396	2	3	1	42
9	2396	1	4	1	57
9	2396	1	4	1	64
3	2397	1	5	1	59
3	2398	2	5	1	69
3	2399	2	6	1	90
3	2400	2	3	1	22
3	2401	2	5	1	61
3	2402	2	5	1	61
3	2403	1	4	1	44
3	2403	1	5	1	66
3	2403	1	5	1	68
3	2404	2	6	1	84
3	2405	2	5	1	67
3	2405	2	6	1	75
3	2405	2	6	1	81
3	2406	2	5	1	70
9	2407	1	5	1	60
9	2408	1	4	1	61
9	2408	2	4	1	62
9	2408	1	4	1	63
9	2409	2	4	1	62
9	2410	1	4	1	64
9	2410	1	4	1	66
9	2411	2	4	1	62
9	2412	2	4	1	61
9	2413	1	4	1	54
9	2414	1	4	1	61
6	2415	1	3	1	58
6	2415	2	4	1	63
6	2415	1	4	1	68
6	2416	1	4	1	59
6	2416	2	4	1	62
1	2417	2	5	1	66
1	2417	1	6	1	78
1	2417	1	6	1	85
1	2418	2	6	1	99
1	2419	2	6	1	85
1	2419	1	6	1	91
1	2419	2	6	1	88
1	2420	2	7	1	88
1	2421	2	7	1	82
1	2421	1	6	1	89
1	2422	2	7	1	97
1	2423	1	5	1	67
1	2423	1	5	1	69
1	2423	1	6	1	71
1	2423	1	6	1	84
1	2424	2	6	1	69
1	2424	1	5	1	70
1	2424	1	5	1	69
1	2425	1	5	1	73
1	2425	2	6	1	83
1	2426	2	5	1	59
1	2426	2	5	1	62
1	2427	1	6	1	84
1	2428	2	4	1	52
1	2428	2	5	1	54
1	2428	1	5	1	64
1	2429	2	5	1	70
1	2430	2	4	1	50
1	2431	1	4	1	45
1	2431	2	5	1	64
1	2431	1	5	1	65
1	2431	1	5	1	68
1	2431	2	5	1	70
1	2431	1	5	1	73
1	2431	2	5	1	71
1	2431	2	6	1	75
1	2431	1	6	1	78
1	2432	2	5	1	59
1	2432	2	5	1	62
1	2433	2	6	1	75
1	2434	1	5	1	65
1	2435	2	4	1	55
1	2436	2	6	1	89
1	2437	2	6	1	81
7	2438	2	4	1	59
7	2438	2	4	1	61
7	2438	2	4	1	61
7	2439	2	3	1	47
7	2440	1	4	1	59
7	2441	2	4	1	58
7	2442	1	5	1	78
7	2443	2	4	1	58
7	2444	2	3	1	52
7	2445	2	4	1	55
7	2445	1	4	1	60
7	2445	2	4	1	61
7	2445	1	4	1	62
7	2445	1	4	1	70
7	2445	1	4	1	70
7	2446	2	4	1	65
7	2446	2	4	1	69
7	2447	2	4	1	61
7	2448	1	4	1	60
7	2449	2	4	1	67
7	2450	2	4	1	67
7	2450	1	4	1	82
7	2451	1	4	1	53
7	2452	1	3	1	46
7	2452	2	3	1	50
7	2453	2	4	1	63
7	2453	2	4	1	64
7	2454	2	5	1	64
7	2455	1	4	1	67
1	2456	1	5	1	63
1	2457	2	6	1	75
1	2458	2	5	1	64
1	2459	2	6	1	66
1	2459	1	5	1	74
1	2460	2	5	1	66
1	2461	1	6	1	83
7	2462	1	4	1	49
7	2462	1	4	1	53
7	2462	2	4	1	66
7	2463	2	4	1	68
7	2464	1	3	1	45
7	2464	1	4	1	59
7	2464	1	4	1	64
7	2464	1	4	1	64
7	2465	1	4	1	67
7	2465	1	4	1	69
7	2465	1	4	1	73
7	2466	1	5	1	97
7	2467	2	4	1	63
7	2468	1	4	1	62
7	2468	1	4	1	64
7	2469	1	4	1	73
7	2469	1	4	1	73
7	2470	1	4	1	66
7	2470	1	4	1	68
7	2471	2	4	1	51
7	2472	1	3	1	50
7	2472	1	3	1	52
1	2473	1	5	1	65
7	2474	1	4	1	54
7	2474	2	4	1	59
7	2475	2	4	1	62
7	2475	1	4	1	65
7	2476	1	5	1	72
1	2477	2	5	1	68
1	2478	2	4	1	62
7	2479	2	4	1	70
7	2480	2	3	1	51
7	2481	2	3	1	50
7	2482	2	4	1	54
7	2482	2	4	1	62
7	2483	2	4	1	64
7	2484	2	4	1	63
1	2485	2	5	1	68
7	2486	2	4	1	65
7	2487	2	3	1	45
7	2488	1	4	1	67
7	2489	1	3	1	41
7	2489	1	3	1	48
7	2489	2	4	1	63
7	2490	2	4	1	67
1	2491	2	5	1	69
7	2492	2	4	1	60
7	2492	2	4	1	64
7	2493	1	4	1	51
7	2493	1	4	1	60
7	2493	2	5	1	91
1	2494	1	6	1	84
1	2495	2	5	1	66
9	2496	1	4	1	66
6	2497	2	5	1	70
7	2498	1	3	1	53
7	2499	2	5	1	84
1	2500	2	6	1	78
1	2501	1	5	1	69
1	2502	2	5	1	64
1	2503	1	5	1	74
1	2504	2	5	1	69
1	2505	2	7	1	83
1	2506	2	5	1	65
1	2507	2	7	1	80
7	2508	2	3	1	55
7	2509	2	5	1	70
7	2509	2	4	1	90
7	2510	2	4	1	74
1	2511	2	5	1	67
1	2512	1	5	1	70
1	2512	1	6	1	82
1	2513	2	5	1	71
1	2514	1	6	1	80
1	2515	1	5	1	61
1	2515	1	5	1	71
1	2515	2	5	1	67
1	2516	2	5	1	58
1	2516	2	5	1	65
1	2516	2	6	1	73
1	2516	2	6	1	80
1	2517	1	5	1	62
1	2517	2	5	1	62
1	2517	2	6	1	72
1	2517	1	6	1	90
1	2518	2	5	1	61
1	2518	1	5	1	68
1	2518	1	5	1	72
1	2518	2	6	1	77
1	2518	2	6	1	81
1	2518	2	6	1	85
1	2519	1	5	1	68
1	2519	1	5	1	72
1	2519	1	6	1	80
1	2520	1	6	1	83
7	2521	2	4	1	64
7	2521	2	4	1	66
7	2521	2	5	1	79
7	2522	1	4	1	62
7	2522	2	4	1	66
7	2523	1	4	1	60
7	2523	1	4	1	62
7	2524	1	4	1	75
7	2525	2	3	1	43
7	2525	1	3	1	63
7	2526	1	3	1	45
7	2527	2	5	1	87
7	2528	1	4	1	65
7	2529	1	5	1	80
7	2530	1	3	1	58
7	2531	2	4	1	60
7	2531	2	4	1	63
7	2531	1	4	1	66
1	2532	1	4	1	56
1	2532	1	5	1	58
1	2532	1	5	1	65
1	2532	1	5	1	67
1	2532	1	5	1	63
1	2532	2	5	1	64
1	2532	2	5	1	68
1	2532	2	5	1	73
1	2532	1	6	1	79
1	2532	2	5	1	74
1	2533	2	5	1	71
1	2534	1	5	1	69
1	2534	2	5	1	73
1	2534	1	6	1	84
1	2535	2	5	1	71
1	2535	2	6	1	78
1	2535	1	6	1	88
7	2536	2	4	1	62
7	2537	1	4	1	62
1	2538	2	6	1	75
1	2538	2	5	1	72
1	2538	2	6	1	78
1	2538	2	7	1	80
1	2538	2	6	1	80
1	2539	2	6	1	74
1	2539	2	6	1	81
1	2539	2	6	1	81
1	2540	1	5	1	63
1	2540	2	6	1	67
1	2540	2	5	1	73
1	2540	1	6	1	85
1	2541	2	6	1	81
1	2542	1	5	1	71
1	2542	2	6	1	75
7	2543	1	4	1	61
7	2543	2	4	1	63
7	2543	1	4	1	69
7	2544	1	4	1	54
7	2545	2	4	1	65
7	2545	1	4	1	66
7	2546	2	4	1	67
7	2546	1	4	1	68
7	2547	2	4	1	64
7	2547	1	4	1	61
7	2548	1	4	1	58
7	2549	1	4	1	70
7	2550	2	4	1	59
7	2551	1	4	1	76
7	2552	2	4	1	66
7	2553	1	4	1	66
7	2554	1	4	1	69
7	2555	1	3	1	48
7	2556	2	3	1	47
7	2557	1	5	1	76
1	2558	1	5	1	63
1	2558	1	5	1	71
1	2558	2	5	1	74
1	2559	1	4	1	49
1	2559	1	5	1	64
1	2559	2	5	1	66
1	2559	2	5	1	69
1	2559	2	5	1	68
1	2559	2	7	1	86
7	2560	2	4	1	61
7	2561	2	4	1	67
7	2561	2	4	1	68
7	2562	1	4	1	64
7	2563	2	4	1	66
7	2564	2	4	1	71
7	2565	2	3	1	44
7	2566	1	4	1	67
7	2567	2	4	1	70
7	2568	1	4	1	59
7	2569	2	4	1	68
7	2570	1	3	1	52
7	2571	1	3	1	49
7	2572	1	3	1	49
7	2572	1	3	1	58
7	2573	2	5	1	77
7	2574	2	4	1	61
7	2575	2	4	1	58
7	2575	2	4	1	66
1	2576	2	4	1	45
1	2576	2	4	1	52
1	2576	2	5	1	57
1	2576	1	4	1	64
1	2576	2	6	1	75
1	2577	1	5	1	69
1	2578	2	5	1	56
1	2578	2	6	1	86
1	2579	2	6	1	65
1	2579	1	5	1	64
1	2580	2	6	1	76
1	2580	1	5	1	77
1	2580	2	6	1	78
1	2581	1	4	1	45
1	2581	2	5	1	60
1	2582	1	6	1	78
1	2583	1	5	1	61
1	2583	1	4	1	62
1	2583	1	5	1	73
7	2584	2	4	1	63
7	2584	2	4	1	66
7	2585	2	4	1	60
7	2586	2	4	1	53
7	2587	2	5	1	73
7	2588	1	4	1	62
7	2589	2	4	1	59
7	2590	2	4	1	59
7	2591	1	4	1	56
7	2591	2	4	1	65
7	2592	2	5	1	83
7	2593	1	4	1	66
7	2594	1	4	1	58
7	2595	2	4	1	63
7	2595	2	4	1	77
7	2596	1	5	1	82
7	2597	1	4	1	59
7	2598	2	4	1	71
7	2599	2	4	1	69
7	2600	2	4	1	58
7	2600	1	4	1	67
7	2600	2	4	1	75
1	2601	2	4	1	55
1	2601	2	5	1	68
1	2602	2	5	1	66
1	2602	2	5	1	70
1	2603	2	5	1	65
1	2604	2	5	1	67
1	2605	2	5	1	72
1	2606	2	5	1	70
7	2607	2	4	1	66
7	2608	2	3	1	55
7	2608	2	4	1	67
1	2609	1	4	1	55
1	2609	1	5	1	71
1	2609	2	7	1	83
1	2610	2	5	1	71
1	2610	2	5	1	72
1	2610	2	5	1	72
1	2610	2	6	1	83
7	2611	2	3	1	47
7	2611	1	3	1	48
7	2611	2	3	1	53
7	2611	2	3	1	54
7	2611	2	3	1	54
7	2612	2	3	1	39
7	2612	1	3	1	48
7	2613	1	3	1	51
7	2614	2	4	1	58
1	2615	1	6	1	81
1	2616	2	4	1	42
1	2616	2	4	1	45
1	2616	1	4	1	54
1	2616	1	6	1	79
1	2617	1	4	1	62
1	2618	2	4	1	49
7	2619	1	3	1	44
7	2619	2	4	1	53
7	2620	1	4	1	65
7	2621	1	4	1	65
1	2622	2	5	1	68
7	2623	1	3	1	51
7	2624	1	4	1	66
7	2625	1	4	1	63
7	2626	2	4	1	62
7	2627	1	4	1	63
7	2628	1	3	1	51
7	2629	2	4	1	62
7	2630	1	4	1	68
1	2631	2	5	1	65
1	2632	1	6	1	74
1	2633	2	5	1	68
1	2633	2	6	1	77
7	2634	1	4	1	68
7	2635	1	3	1	48
7	2635	2	3	1	53
7	2635	1	4	1	57
7	2635	2	5	1	74
7	2636	1	4	1	55
7	2636	2	4	1	62
1	2637	1	5	1	68
1	2637	2	6	1	81
1	2638	2	6	1	69
1	2638	2	5	1	72
1	2638	1	6	1	85
1	2639	1	5	1	71
1	2639	1	6	1	82
1	2640	2	7	1	86
1	2641	2	5	1	68
1	2641	1	6	1	72
1	2641	2	6	1	56
1	2641	2	6	1	82
3	2642	2	6	1	83
1	2643	2	7	1	87
7	2644	2	4	1	58
7	2645	2	4	1	62
7	2646	2	4	1	66
7	2647	1	4	1	61
7	2647	1	4	1	61
7	2647	1	4	1	61
7	2647	2	4	1	67
1	2648	2	5	1	69
1	2649	2	5	1	64
7	2650	2	4	1	57
7	2650	1	4	1	58
7	2650	1	4	1	59
7	2650	2	4	1	59
7	2650	1	4	1	60
7	2650	2	4	1	61
7	2650	2	4	1	64
7	2650	1	4	1	62
7	2650	1	4	1	64
7	2650	2	4	1	68
7	2650	2	4	1	69
7	2650	2	4	1	70
7	2650	1	4	1	75
7	2650	1	4	1	82
7	2651	2	4	1	64
7	2652	1	4	1	64
7	2652	2	5	1	88
7	2653	2	5	1	86
7	2654	2	4	1	68
7	2654	2	4	1	75
7	2655	1	5	1	75
7	2656	2	4	1	66
7	2657	1	3	1	55
7	2657	2	3	1	60
7	2657	1	4	1	69
7	2658	2	5	1	68
7	2659	1	4	1	60
7	2660	2	4	1	61
7	2661	1	3	1	49
7	2662	1	4	1	55
7	2662	1	4	1	69
7	2663	1	4	1	63
1	2664	1	5	1	69
1	2664	1	5	1	73
1	2664	1	6	1	100
1	2665	2	5	1	62
1	2666	1	6	1	76
1	2667	1	7	1	89
1	2668	2	6	1	86
1	2669	2	6	1	76
7	2670	1	4	1	50
7	2671	2	3	1	48
7	2671	2	4	1	63
1	2672	2	6	1	69
1	2672	2	6	1	85
1	2672	2	6	1	84
1	2672	2	6	1	85
1	2673	2	6	1	67
1	2673	2	6	1	74
1	2674	1	5	1	59
1	2674	2	6	1	73
1	2674	2	6	1	76
1	2674	2	6	1	80
1	2674	2	6	1	81
1	2675	1	5	1	57
1	2675	1	5	1	76
7	2676	1	3	1	48
7	2676	1	4	1	63
7	2677	2	5	1	71
7	2678	2	4	1	58
1	2679	1	5	1	63
1	2679	1	5	1	64
1	2679	2	5	1	71
1	2680	1	6	1	77
1	2681	2	6	1	84
1	2682	1	5	1	68
1	2682	1	5	1	69
1	2682	2	5	1	70
1	2682	2	5	1	70
1	2682	1	6	1	77
1	2683	1	3	1	37
1	2683	2	5	1	67
1	2683	2	5	1	69
1	2683	2	5	1	68
1	2683	1	5	1	67
1	2683	1	6	1	88
1	2684	2	5	1	70
1	2685	2	6	1	78
7	2686	1	4	1	65
7	2687	2	4	1	64
7	2688	2	4	1	61
7	2688	1	4	1	64
7	2689	1	4	1	61
7	2689	2	5	1	69
7	2690	2	3	1	52
7	2690	1	3	1	53
7	2691	2	4	1	52
7	2692	1	3	1	57
7	2693	2	5	1	77
7	2694	1	4	1	60
7	2695	1	3	1	55
7	2696	1	4	1	62
7	2696	2	4	1	66
7	2697	2	4	1	58
1	2698	1	4	1	65
1	2699	1	6	1	77
1	2700	2	6	1	80
1	2701	2	6	1	75
1	2702	1	4	1	61
1	2703	1	4	1	44
1	2703	1	5	1	67
1	2704	1	6	1	75
1	2704	2	6	1	88
1	2705	2	5	1	62
7	2706	1	3	1	44
7	2707	2	3	1	48
7	2708	2	4	1	65
7	2709	2	4	1	64
7	2710	1	4	1	70
7	2711	2	4	1	56
7	2712	2	3	1	48
7	2713	2	4	1	63
7	2714	2	4	1	59
7	2714	2	4	1	61
7	2715	1	4	1	66
9	2716	2	5	1	71
7	2717	2	4	1	60
7	2717	2	4	1	61
7	2717	1	4	1	61
1	2718	2	5	1	61
1	2718	2	5	1	69
1	2718	2	6	1	79
1	2719	2	7	1	91
1	2720	2	5	1	73
1	2721	1	5	1	67
1	2721	1	5	1	71
1	2721	2	5	1	71
1	2722	2	5	1	68
1	2723	2	5	1	67
1	2724	1	5	1	80
1	2725	2	5	1	64
1	2726	1	5	1	67
1	2726	2	6	1	87
1	2727	2	5	1	66
1	2728	2	5	1	68
1	2728	2	7	1	80
7	2729	1	4	1	67
7	2730	1	3	1	51
7	2731	1	4	1	74
7	2732	1	3	1	43
7	2732	1	3	1	49
7	2732	2	3	1	55
7	2732	2	4	1	55
7	2732	2	3	1	54
7	2732	1	4	1	58
7	2732	1	4	1	64
7	2732	2	4	1	70
7	2732	2	4	1	68
7	2732	2	4	1	56
7	2733	2	5	1	68
7	2734	1	4	1	66
7	2735	2	4	1	63
7	2736	1	4	1	79
7	2737	2	4	1	68
7	2738	1	4	1	71
7	2739	2	3	1	51
7	2740	2	4	1	60
7	2741	1	3	1	36
7	2741	2	4	1	55
7	2742	1	4	1	60
7	2742	2	4	1	63
7	2743	2	4	1	61
7	2744	2	5	1	76
1	2745	2	6	1	81
7	2746	1	3	1	43
7	2746	2	4	1	56
7	2746	1	3	1	63
7	2746	2	4	1	71
7	2746	1	5	1	78
7	2747	1	4	1	68
1	2748	1	5	1	71
3	2749	2	6	1	85
3	2750	1	7	1	81
3	2751	2	6	1	92
3	2752	2	7	1	92
3	2753	2	7	1	93
3	2754	2	5	1	69
7	2755	2	5	1	74
7	2756	2	3	1	47
7	2757	1	3	1	42
7	2758	2	4	1	60
7	2759	1	5	1	78
1	2760	2	4	1	53
1	2760	2	5	1	66
1	2760	2	5	1	69
1	2760	2	6	1	77
1	2760	1	5	1	88
1	2760	1	6	1	83
1	2760	1	7	1	89
7	2761	2	4	1	57
7	2762	2	4	1	61
7	2762	1	4	1	68
7	2763	2	4	1	57
7	2764	1	4	1	63
7	2764	1	4	1	73
7	2765	1	3	1	48
7	2765	1	4	1	67
7	2766	2	4	1	76
7	2766	2	5	1	83
7	2767	1	4	1	63
7	2767	2	4	1	71
7	2768	1	3	1	52
7	2768	1	4	1	59
7	2768	2	3	1	50
7	2768	2	4	1	61
7	2769	1	3	1	52
7	2769	1	3	1	59
7	2769	1	4	1	62
7	2769	1	4	1	65
1	2770	1	6	1	86
1	2771	2	5	1	72
1	2772	1	5	1	70
1	2772	1	6	1	71
1	2772	1	6	1	78
1	2772	1	5	1	92
1	2772	1	6	1	100