7 1 1 50 1
7 1 1 51 1
7 1 1 51 1
7 1 1 60 1
7 1 1 60 2
7 1 1 62 1
7 1 1 65 1
7 1 1 65 2
1 1 1 67 1
7 1 1 67 1
7 1 1 68 1
7 1 1 68 1
7 1 1 69 1
7 1 1 70 1
7 1 1 70 1
7 1 1 71 1
1 1 1 72 1
7 1 1 75 1
7 1 1 75 1
1 1 1 87 1
7 1 2 47 1
1 1 2 47 1
7 1 2 61 1
7 1 2 63 1
1 1 2 64 1
7 1 2 64 1
7 1 2 65 1
7 1 2 65 2
7 1 2 66 1
7 1 2 66 1
7 1 2 66 1
7 1 2 66 2
7 1 2 69 1
7 1 2 69 1
1 1 2 69 1
7 1 2 70 1
1 1 2 71 1
1 1 2 72 1
1 1 2 73 1
7 1 2 73 1
1 1 2 73 1
7 1 2 74 1
7 1 2 74 1
7 1 2 75 1
7 1 2 75 1
1 1 2 76 1
1 1 2 77 1
1 1 2 77 1
1 1 2 77 1
1 1 2 79 1
7 1 2 81 1
7 1 2 82 1
7 1 2 84 1
1 1 2 84 1
1 1 2 87 1
7 1 2 89 1
7 1 2 92 1
7 1 3 68 1
7 1 3 69 1
7 1 3 71 1
7 1 3 74 1
3 2 1 48 1
3 2 2 54 1
3 2 2 64 1
3 3 1 50 1
3 3 1 51 1
3 3 1 52 1
3 3 1 57 1
3 3 1 59 1
3 3 2 53 1
3 3 2 61 1
3 3 2 75 1
9 4 1 78 1
3 5 1 50 1
3 5 1 51 1
3 5 2 49 1
3 6 1 44 1
3 6 1 51 1
3 6 2 54 1
3 7 2 57 1
9 8 1 56 1
9 8 2 61 1
3 9 1 53 1
9 10 2 63 1
9 11 2 61 1
9 12 2 66 1
3 13 1 64 1
9 14 1 56 1
9 14 1 66 1
9 15 1 64 1
3 16 1 68 1
3 16 1 73 1
3 16 2 58 1
3 17 2 81 1
9 18 2 63 1
3 19 2 74 1
9 20 2 57 1
9 20 2 61 1
9 20 2 70 1
3 21 1 88 1
9 22 1 80 1
9 23 1 64 1
9 24 2 61 2
9 25 1 66 1
9 25 2 75 1
9 26 2 81 1
3 27 1 75 1
3 28 1 85 1
3 29 1 56 1
3 30 2 82 1
2 31 1 87 1
9 32 2 65 1
9 32 2 69 1
3 33 2 62 1
3 34 1 76 1
3 35 2 85 1
3 36 2 93 1
3 37 2 86 1
3 38 1 91 1
3 39 1 85 1
3 40 1 78 1
3 40 2 75 1
3 40 2 79 1
3 40 2 80 1
3 40 2 86 1
3 41 1 84 1
3 41 1 86 1
3 42 2 51 1
3 43 1 74 1
3 43 1 78 1
3 44 1 79 1
9 45 1 70 1
1 46 1 50 1
1 46 2 81 1
1 47 1 81 1
1 48 2 76 1
1 49 2 86 1
1 50 2 82 1
1 51 1 83 1
1 52 2 82 1
1 52 2 83 1
1 52 2 84 1
1 53 1 76 1
1 54 1 76 2
1 55 2 70 1
1 55 2 78 1
1 56 2 76 1
7 57 2 82 1
1 58 1 79 1
1 58 1 80 1
1 59 3 60 1
1 59 3 74 1
1 59 3 85 1
1 60 2 78 1
1 60 2 81 1
1 61 1 77 1
1 62 1 77 1
1 63 1 73 1
1 63 1 93 1
7 64 3 82 1
7 65 3 49 1
7 66 3 88 1
7 67 3 68 1
7 68 3 66 1
7 68 3 75 1
7 69 3 64 1
7 69 3 65 1
7 69 3 74 1
7 70 3 65 1
1 71 2 75 1
1 72 2 69 1
7 73 1 69 1
7 74 2 88 1
7 75 1 64 1
7 76 2 95 1
7 77 2 67 1
7 78 1 60 1
7 78 1 66 1
7 78 2 66 1
7 78 2 71 1
7 78 2 85 1
7 79 1 66 1
7 79 2 66 1
7 79 2 74 1
7 80 1 95 1
7 80 2 72 1
7 81 1 75 1
7 82 2 84 1
7 83 1 61 1
7 83 1 71 1
7 84 2 65 1
9 85 1 82 1
9 85 1 90 1
9 85 2 74 1
9 86 1 68 1
9 86 2 58 1
9 87 2 55 1
9 88 1 70 1
1 89 1 78 1
1 90 2 49 1
1 90 2 78 1
1 90 2 95 1
1 91 1 66 1
1 91 2 91 1
1 92 1 55 1
1 93 2 70 1
1 94 1 78 1
1 95 3 80 1
1 96 2 72 1
1 97 1 75 1
1 98 2 62 1
1 99 2 77 1
1 100 1 64 1
1 101 2 75 1
1 102 1 73 1
1 102 1 75 1
7 103 2 65 1
1 104 2 85 1
1 105 1 72 1
7 106 1 66 1
7 107 2 67 1
7 108 2 79 1
7 109 1 62 1
7 109 2 63 1
7 109 2 80 1
7 110 2 66 1
1 111 1 78 1
1 111 2 66 1
7 112 2 63 1
7 113 1 73 1
1 114 2 64 1
1 114 2 73 1
1 115 1 50 1
1 116 1 81 1
1 117 1 72 1
1 118 1 67 1
1 119 1 44 1
1 119 1 68 1
1 119 2 61 1
1 119 2 71 1
1 120 1 74 2
1 121 1 80 1
1 121 2 78 1
1 122 2 71 1
1 123 2 45 1
1 124 2 58 1
1 124 2 65 1
1 125 2 86 1
3 126 2 77 1
3 127 1 63 1
3 128 2 84 1
3 129 2 63 1
3 129 2 72 1
3 129 2 79 1
3 130 1 89 1
3 130 2 44 1
3 131 2 52 1
3 132 2 77 1
3 132 2 81 1
3 133 2 56 1
3 134 2 71 1
3 135 1 66 1
3 135 1 70 1
3 136 1 87 1
3 137 1 68 1
3 138 1 66 1
3 138 2 93 1
3 139 1 68 1
3 139 1 71 1
3 139 1 76 1
3 139 2 74 1
3 140 1 84 1
9 141 2 79 1
3 142 1 85 1
9 143 1 66 1
9 143 1 96 1
3 144 2 60 1
3 144 2 96 1
3 145 2 80 1
3 146 2 66 1
3 147 1 68 1
7 148 2 58 1
7 149 1 64 1
7 149 1 65 1
7 149 2 68 1
7 150 2 59 1
7 150 2 68 1
7 150 2 77 1
7 151 1 54 1
7 152 1 65 1
7 153 1 62 1
1 154 2 87 1
7 155 1 74 1
1 156 1 82 1
1 157 1 98 1
1 158 2 70 1
1 158 2 74 1
1 159 1 58 1
1 159 1 87 1
1 159 2 74 1
1 160 1 73 1
1 160 1 76 1
1 160 2 75 1
1 161 2 85 1
3 162 1 89 1
3 162 2 86 1
9 163 1 97 1
3 164 2 71 1
3 164 2 72 1
3 165 1 87 1
3 165 2 73 1
3 166 1 62 1
3 167 2 61 1
3 168 1 79 1
3 168 2 65 1
3 168 2 67 1
3 168 2 72 1
3 168 2 75 1
3 168 2 82 1
3 169 2 82 1
9 170 1 69 1
9 170 2 74 1
9 171 1 65 1
9 171 1 66 1
9 171 1 69 1
9 171 2 66 1
9 171 2 72 1
9 172 2 63 1
9 173 2 65 1
9 174 2 64 1
9 174 2 68 1
9 174 2 78 1
9 175 1 64 1
9 175 2 67 1
3 176 2 77 1
3 177 1 81 1
3 177 2 77 1
3 178 1 83 1
3 178 2 88 1
3 179 2 47 1
9 180 1 64 1
9 181 2 84 1
9 182 2 67 1
3 183 2 77 1
9 184 1 62 1
9 185 1 64 1
9 185 2 58 1
9 185 2 59 2
9 185 2 62 1
9 186 2 66 1
9 187 2 62 1
9 187 2 63 1
9 188 2 65 1
9 189 1 55 1
9 189 1 61 2
9 189 1 63 2
9 189 1 65 1
9 189 1 66 3
9 189 1 67 1
9 189 1 69 2
9 189 2 60 3
9 189 2 61 7
9 189 2 62 2
9 189 2 63 1
9 189 2 64 3
9 189 2 65 5
9 189 2 66 1
9 189 2 67 2
9 189 2 68 3
9 189 2 69 1
9 189 2 71 1
9 189 2 78 2
9 190 1 62 1
9 190 1 65 1
9 190 1 67 1
9 190 1 72 1
3 191 1 95 1
9 192 2 69 1
9 193 3 101 1
9 194 1 67 1
9 194 2 83 1
9 195 1 59 1
3 196 1 75 1
3 196 2 73 1
3 196 2 85 1
3 197 1 50 1
3 197 2 79 1
3 198 2 72 1
3 199 2 78 1
3 200 1 70 1
3 201 1 75 1
3 202 1 38 1
3 202 1 61 1
3 202 1 62 1
3 203 1 78 1
3 204 1 64 1
3 205 1 76 1
3 205 2 66 1
3 206 2 71 1
3 207 3 61 1
3 208 2 79 1
3 209 1 38 1
3 210 2 75 1
3 211 1 71 1
3 212 2 96 1
3 213 2 56 1
3 214 2 88 1
7 215 1 60 1
7 216 1 75 1
3 217 1 66 1
3 217 2 65 1
3 218 2 54 1
9 219 2 63 1
9 219 2 71 1
9 220 1 61 1
9 221 1 63 1
9 221 2 60 1
9 221 2 62 1
9 222 1 65 1
9 223 1 66 1
9 224 2 36 1
9 225 1 69 1
9 225 2 104 1
9 226 1 70 1
9 226 1 74 1
9 227 1 66 1
9 228 1 75 1
9 229 1 63 2
9 229 1 71 1
9 229 2 58 1
9 230 1 61 1
9 231 1 53 1
9 231 2 48 1
9 232 1 57 1
9 232 1 64 1
9 232 1 69 1
9 232 2 53 1
9 232 2 56 2
9 232 2 57 1
9 232 2 58 3
9 232 2 61 1
9 232 2 64 1
3 233 1 78 1
3 233 1 86 1
3 233 2 71 1
3 234 2 72 1
3 235 1 59 1
3 235 2 69 1
6 236 2 59 1
3 237 2 59 1
3 238 2 88 1
3 239 2 69 1
3 239 2 73 1
6 240 3 61 1
3 241 1 85 1
3 242 2 85 1
9 243 2 59 1
9 243 2 61 1
9 244 1 60 1
3 245 3 56 1
3 245 3 98 1
3 246 3 80 1
3 246 3 95 1
3 247 3 87 1
3 248 3 70 1
3 249 3 76 1
3 249 3 94 1
3 250 3 58 1
3 250 3 72 1
3 250 3 75 1
3 251 3 71 1
3 252 3 85 1
3 253 3 74 1
9 254 2 84 1
9 255 1 64 1
3 256 3 66 1
1 257 2 80 1
1 257 2 85 1
1 258 2 78 1
1 259 2 68 1
1 259 2 71 1
1 260 1 59 1
1 260 2 81 1
1 261 2 54 1
1 261 2 62 1
1 261 2 77 1
1 262 1 57 1
1 262 1 60 1
1 262 1 77 1
1 263 1 63 1
1 263 2 67 1
1 263 2 71 1
1 264 1 67 1
1 265 2 72 1
1 266 2 87 1
1 267 1 60 1
1 267 2 73 1
1 267 2 75 1
1 267 2 77 1
1 267 2 79 1
1 268 1 69 1
1 268 1 74 1
1 268 1 82 1
1 268 2 60 1
1 268 2 73 1
1 268 2 79 1
1 268 2 88 1
1 269 2 71 1
1 270 1 72 1
1 271 1 73 1
1 271 1 83 1
1 271 2 64 1
1 272 1 81 1
1 272 1 91 1
1 272 2 67 1
1 273 2 85 1
1 273 2 86 1
1 273 2 93 1
1 274 1 61 1
1 275 1 60 1
1 276 2 69 1
1 277 2 70 1
1 277 2 75 1
7 278 2 90 1
7 279 1 74 1
7 280 2 87 1
7 281 3 72 1
7 282 1 70 1
7 283 1 67 1
7 283 1 70 1
3 284 1 43 1
3 285 1 52 1
3 286 2 65 1
9 287 2 75 1
9 288 2 85 1
9 289 2 71 1
9 290 2 54 1
9 290 2 59 1
9 290 2 64 1
9 290 2 66 1
9 290 2 67 1
9 291 2 49 1
9 291 2 59 1
9 291 2 65 1
9 292 1 57 1
9 292 1 59 1
9 292 1 65 1
9 292 1 67 1
9 292 1 69 1
9 292 1 75 1
9 292 2 57 1
9 292 2 58 1
9 292 2 59 1
9 292 2 60 1
9 292 2 65 1
9 292 2 68 1
9 292 2 69 1
3 293 1 54 1
3 293 2 72 1
3 293 2 89 1
1 294 2 76 1
1 294 3 83 1
1 295 1 72 1
1 295 2 65 1
1 295 2 67 1
1 295 2 68 1
1 296 2 53 1
1 296 2 60 1
1 297 1 66 1
1 297 1 67 1
1 297 1 82 1
7 298 2 67 1
1 299 2 81 1
7 300 1 77 1
1 301 1 66 1
1 302 2 60 1
1 302 2 76 1
1 302 2 79 1
1 302 2 82 1
7 303 1 65 1
7 303 1 67 1
1 304 2 68 1
1 305 1 80 1
1 306 1 90 1
1 307 1 62 1
1 307 2 76 1
1 308 1 84 1
1 308 2 71 1
1 308 2 73 1
1 308 2 87 1
7 309 2 70 1
1 310 1 64 1
1 310 1 68 1
1 310 2 62 1
1 310 2 68 1
1 310 2 75 1
1 311 2 61 1
1 311 2 71 1
1 312 1 64 1
1 312 1 69 1
1 312 1 86 1
1 313 2 49 1
1 313 2 57 1
3 314 3 98 1
3 315 1 84 1
3 316 1 56 1
3 316 1 68 1
3 316 1 69 1
3 316 1 73 1
3 317 1 62 1
3 318 1 64 1
3 318 1 73 1
3 318 2 65 1
3 318 3 85 1
3 319 2 65 1
3 320 2 69 1
3 321 2 62 1
3 322 1 69 1
3 323 1 95 1
3 324 1 62 1
3 325 1 45 1
3 326 1 81 1
3 327 1 71 1
3 327 1 74 1
3 327 1 75 1
3 327 1 78 1
3 327 1 80 1
3 328 1 83 1
3 328 2 82 1
3 329 1 69 1
3 329 1 76 1
3 329 2 72 1
3 330 1 73 1
3 330 2 75 2
3 331 1 64 1
3 331 2 58 1
3 332 1 30 1
3 332 1 65 1
3 332 1 68 1
3 333 2 56 1
3 334 1 90 1
3 335 1 64 1
3 336 1 51 1
3 336 1 64 1
3 336 1 67 1
3 336 2 60 1
3 336 2 75 1
3 337 1 28 1
1 338 2 73 1
7 339 3 83 1
7 340 2 47 1
7 340 2 51 1
1 341 1 54 1
1 342 1 64 1
7 343 2 71 1
1 344 1 60 1
1 344 1 74 1
1 344 1 84 1
1 344 2 54 1
1 344 2 66 1
1 345 2 76 1
1 345 2 80 1
7 346 1 51 1
7 346 1 52 1
7 346 2 43 1
1 347 1 82 1
1 348 1 89 1
1 349 2 83 1
1 350 2 70 1
1 350 2 86 1
1 351 1 80 1
1 351 2 72 1
1 352 1 55 1
1 352 1 89 1
3 353 2 73 1
2 354 2 79 1
6 355 1 61 1
6 355 1 63 1
6 355 1 68 1
6 355 1 84 1
6 356 2 56 1
5 357 2 55 1
5 357 2 60 1
5 358 1 63 1
3 359 1 85 1
3 359 2 68 1
3 359 2 73 1
2 360 2 67 1
3 361 1 73 1
2 362 2 62 1
2 362 2 80 1
8 363 2 76 1
8 363 2 84 1
3 364 2 78 1
2 365 2 76 1
3 366 1 60 1
3 367 1 53 1
3 367 1 90 1
2 368 2 43 1
2 369 2 71 1
3 370 1 66 1
3 370 1 78 1
3 371 2 73 1
2 372 2 62 1
2 373 2 62 1
2 374 1 49 1
3 375 2 68 1
3 376 1 55 1
2 377 1 56 1
2 377 1 72 1
3 378 1 73 1
2 379 1 72 1
5 380 1 80 1
1 381 1 82 1
1 382 1 81 1
1 383 3 74 1
7 384 2 74 1
7 385 2 75 1
7 386 1 70 1
1 387 3 87 1
7 388 1 65 1
7 388 1 84 1
7 388 2 61 1
7 389 2 76 1
7 390 2 61 1
1 391 3 85 1
7 392 1 58 1
7 393 1 63 1
7 393 2 57 1
7 393 2 80 1
1 394 3 85 1
1 395 3 72 1
1 396 3 75 1
1 397 3 73 1
1 398 2 73 1
1 399 2 76 1
1 400 2 86 1
1 401 1 86 1
1 401 2 75 1
1 401 2 84 1
1 402 2 87 1
1 403 2 75 1
1 404 1 76 1
3 405 2 81 1
3 406 2 76 1
3 407 2 78 1
3 408 2 80 1
3 409 2 77 1
3 410 2 60 1
3 410 2 75 1
3 411 1 86 1
3 411 2 76 1
3 411 2 78 1
3 412 3 79 1
2 413 3 79 1
3 414 2 96 1
3 415 1 63 1
3 415 2 39 1
3 415 2 43 1
3 416 2 75 1
3 417 2 70 1
3 418 1 73 1
3 419 2 62 1
3 420 2 85 1
2 421 1 60 1
2 421 1 82 1
3 422 2 89 1
3 423 2 52 1
3 424 2 68 1
3 425 2 87 1
1 426 2 76 1
1 427 1 72 1
1 427 2 83 1
1 427 2 93 1
1 428 2 62 1
1 429 2 68 1
1 429 2 90 1
1 430 2 60 1
1 431 2 83 1
1 432 2 81 1
1 433 1 92 1
1 434 2 63 1
1 434 2 77 1
1 434 2 81 1
1 435 1 63 1
1 436 1 56 1
1 436 1 64 1
1 436 2 76 1
1 437 1 66 1
1 437 2 58 1
1 438 1 70 1
1 439 1 81 1
1 439 2 72 1
1 440 1 62 1
1 441 2 50 1
1 442 2 76 1
1 442 2 77 1
1 442 2 81 1
7 443 2 97 1
1 444 1 53 1
1 445 1 63 1
1 445 1 70 1
1 445 2 49 1
1 445 2 66 1
1 446 1 87 1
1 446 1 93 1
1 446 2 77 1
1 446 2 83 1
1 447 1 84 1
7 448 1 67 1
7 448 2 67 1
1 449 2 73 1
1 450 2 76 1
1 450 2 78 1
1 451 1 76 1
1 452 1 53 1
7 453 2 52 1
7 453 2 73 1
1 454 2 76 1
1 455 1 50 1
1 455 2 83 1
1 456 2 47 1
1 457 2 72 1
7 458 1 61 1
7 458 1 70 1
1 459 1 76 1
1 460 2 79 1
1 461 2 78 1
1 462 2 76 1
1 462 2 89 1
1 463 2 85 1
1 463 2 88 1
1 464 1 87 1
3 465 1 59 1
3 465 1 64 1
3 465 1 65 1
2 466 2 69 1
3 467 1 51 1
3 467 1 64 1
2 468 2 70 1
3 469 1 82 1
3 470 1 67 1
3 471 2 85 1
3 472 1 78 1
3 472 2 75 1
3 472 2 80 1
3 473 2 81 1
2 474 1 50 1
3 475 2 73 1
3 476 2 60 1
1 477 2 87 1
1 478 1 77 1
1 478 2 67 1
1 479 1 77 1
1 480 1 77 1
1 481 1 77 1
1 482 1 81 1
1 483 2 84 1
1 484 1 79 1
1 484 1 84 1
7 485 1 52 1
7 486 2 90 1
1 487 1 86 1
1 488 2 51 1
1 489 1 72 1
1 489 1 81 1
1 490 2 75 1
1 490 2 80 1
1 491 2 54 1
1 492 1 81 1
1 493 1 76 1
1 493 2 75 1
1 494 1 70 1
1 494 1 83 1
7 495 2 72 1
1 496 2 64 1
7 497 1 59 1
7 498 1 61 1
7 499 2 95 1
7 500 2 73 1
7 501 2 67 1
7 502 2 58 1
7 503 1 76 1
7 504 1 67 1
7 504 2 63 1
7 505 2 58 1
7 506 1 71 1
7 507 2 59 1
1 508 1 78 1
1 509 2 73 1
1 510 1 75 1
1 510 1 87 1
1 511 2 68 1
3 512 2 81 1
2 513 1 66 1
3 514 1 50 1
3 514 1 80 1
3 515 1 72 1
9 516 1 74 1
8 517 2 79 1
2 518 2 71 1
8 519 2 72 1
2 520 1 85 1
3 521 2 77 1
3 522 1 74 1
3 522 1 95 1
2 523 1 45 1
2 524 1 80 1
3 525 2 69 1
3 526 2 79 1
2 527 2 72 1
3 528 1 78 1
3 528 1 80 1
3 529 2 63 1
2 530 1 60 1
2 531 2 66 1
5 532 2 86 1
3 533 1 70 1
3 534 1 79 1
7 535 2 60 1
7 535 2 65 1
1 536 1 80 1
7 537 2 66 1
3 538 2 81 1
3 538 3 64 1
3 538 3 76 1
3 539 2 72 1
3 540 2 73 1
3 540 2 82 1
3 541 1 70 1
3 541 1 80 1
3 542 2 69 1
3 543 2 82 1
2 544 2 70 1
2 544 2 76 1
3 545 2 71 1
3 546 2 62 1
3 546 2 87 1
3 547 1 70 1
3 548 2 88 1
9 549 2 70 1
3 550 2 80 1
3 551 2 71 1
3 552 2 68 1
3 553 2 72 1
3 553 2 74 1
3 553 2 88 1
3 553 2 96 1
2 554 2 74 1
3 555 1 77 1
3 556 1 63 1
3 557 3 48 1
3 558 2 77 1
3 559 2 77 1
3 560 1 64 1
3 561 1 68 1
3 562 2 57 1
3 563 2 81 1
3 564 2 77 1
3 565 1 76 1
3 565 2 81 1
3 566 2 74 1
3 567 1 67 1
3 567 1 73 1
3 567 2 48 1
3 567 2 82 1
2 568 1 103 1
2 568 2 78 1
2 569 2 71 1
2 569 2 77 1
3 570 1 87 1
3 570 1 90 1
3 571 1 77 1
3 571 2 72 1
3 571 2 75 1
3 572 1 99 1
3 573 2 69 1
3 574 1 97 1
3 575 1 84 1
3 576 1 81 1
2 577 2 79 1
2 577 2 89 1
3 578 1 86 1
3 579 1 86 1
3 579 2 78 1
9 580 1 89 1
3 581 1 50 1
3 581 1 58 1
3 581 1 71 1
3 582 2 66 1
3 583 1 65 1
3 584 2 69 1
3 585 2 73 1
3 586 2 65 1
3 586 2 68 1
3 587 2 96 1
3 588 2 54 1
3 589 1 60 1
3 589 1 72 1
3 590 2 75 1
3 591 2 67 1
3 591 2 76 1
3 592 2 52 1
3 593 2 66 1
3 594 2 68 1
3 595 1 71 1
9 596 2 79 1
3 597 1 62 1
3 597 1 66 1
3 597 1 67 2
3 597 1 77 1
3 597 2 47 1
3 597 2 66 1
3 597 2 68 1
3 597 2 70 2
3 597 2 75 1
8 598 1 68 1
3 599 1 41 1
3 599 1 62 1
3 599 1 70 1
3 599 2 76 1
3 599 2 78 1
8 600 1 85 1
8 601 1 63 1
9 602 2 55 1
8 603 2 59 1
9 604 1 83 1
8 605 1 73 1
3 606 2 71 1
8 607 2 71 1
8 608 2 56 1
8 608 2 70 1
9 609 2 64 1
9 609 2 74 1
9 610 2 95 1
9 611 1 63 1
9 612 1 63 1
9 612 2 50 1
9 612 2 68 1
9 613 1 65 1
9 613 2 61 1
9 614 1 64 1
9 615 1 82 1
9 615 2 67 1
9 616 2 54 1
9 616 2 65 1
9 616 2 68 1
9 617 1 64 1
9 617 1 68 1
9 618 1 62 1
9 619 1 64 1
9 619 1 78 1
9 620 1 65 1
9 621 1 59 1
9 621 1 60 1
9 621 1 69 1
9 621 2 69 1
9 622 2 59 1
9 623 2 77 1
9 624 1 69 1
9 625 2 63 1
9 626 2 57 1
9 627 2 62 1
9 627 2 73 1
9 628 1 73 1
9 628 2 80 1
9 629 1 64 1
9 629 2 58 1
9 629 2 64 1
9 629 2 73 1
9 630 1 56 1
9 630 2 72 1
9 631 1 58 1
9 631 1 69 1
9 631 2 62 1
9 632 1 71 1
9 632 2 57 1
9 633 2 55 1
9 634 2 64 1
9 635 1 63 1
9 635 2 62 1
9 636 2 54 1
9 636 2 60 1
9 636 2 71 1
9 637 2 58 1
9 638 2 63 1
3 639 2 83 1
3 640 1 52 1
3 641 2 80 1
3 642 2 81 1
3 643 2 75 1
3 644 2 43 1
3 645 2 70 1
3 646 1 67 1
3 647 1 58 1
6 648 1 55 1
6 649 2 60 1
6 649 2 65 1
6 649 2 78 1
6 649 2 84 1
6 649 2 85 1
6 649 2 87 1
6 649 2 94 1
3 650 1 85 1
3 651 2 84 1
3 652 2 81 1
3 653 2 70 1
3 654 1 70 1
7 655 2 88 1
3 656 1 50 1
3 657 1 90 1
3 657 2 80 1
3 657 2 82 1
3 658 2 41 1
3 659 1 90 1
3 659 2 79 1
3 660 3 62 1
3 661 1 80 1
3 661 2 52 1
3 662 3 59 1
3 662 3 67 1
9 663 1 65 1
9 663 2 62 1
9 664 1 63 1
9 664 1 70 1
9 665 1 60 1
9 666 1 70 1
9 666 2 75 1
9 667 1 62 1
9 667 1 63 1
9 667 2 58 1
9 668 2 59 1
9 669 1 61 1
9 669 1 65 1
9 669 2 57 1
9 670 1 60 1
9 671 1 61 1
9 671 2 73 1
3 672 2 56 1
9 673 1 64 1
9 674 2 64 1
9 675 1 61 1
9 675 1 63 2
9 675 1 64 1
9 675 1 69 1
9 675 2 64 1
9 676 1 89 1
9 677 1 62 1
9 678 1 59 2
9 678 1 63 1
3 679 1 65 1
3 679 2 43 1
3 679 2 66 1
3 680 2 74 1
3 681 2 47 1
3 682 1 52 1
3 683 2 66 1
3 684 2 81 1
3 685 2 85 1
3 686 1 65 1
3 687 2 51 1
3 687 2 69 1
3 688 1 85 1
3 689 1 65 1
3 689 2 52 1
3 689 2 64 2
6 690 1 62 1
6 690 1 67 1
6 691 1 74 1
3 692 2 78 1
3 693 1 56 1
3 693 2 68 1
3 693 2 79 1
3 694 2 77 1
3 695 1 62 1
3 695 2 69 1
3 696 1 79 1
6 697 1 75 1
1 698 3 85 1
7 699 1 75 1
7 699 2 69 1
7 699 2 87 1
7 700 1 78 1
7 700 2 72 1
7 701 2 80 1
7 702 2 70 1
1 703 2 76 1
3 704 1 69 1
3 705 2 75 1
3 706 2 77 1
2 707 1 72 1
3 708 1 72 1
6 709 2 93 1
6 710 1 79 1
6 711 2 80 1
6 712 2 94 1
9 713 1 86 1
9 713 2 79 1
9 714 1 70 1
8 715 1 102 1
3 716 1 75 1
3 717 2 85 1
3 718 2 59 1
3 718 2 85 1
3 719 2 52 1
3 719 2 82 1
2 720 1 69 1
2 720 2 69 1
2 720 2 88 1
3 721 1 70 1
3 721 1 81 1
3 722 1 49 1
3 722 1 73 1
3 723 1 82 1
2 724 1 85 1
2 724 2 44 1
2 724 2 68 1
2 724 2 72 1
3 725 2 86 1
2 726 1 57 1
2 726 1 83 1
2 726 2 83 1
3 727 1 85 1
3 728 2 41 1
2 729 1 51 1
3 730 1 76 1
3 730 1 84 1
3 731 2 79 1
3 732 1 64 1
2 733 1 56 1
2 733 1 71 1
2 733 1 82 1
9 734 1 78 1
2 735 1 90 1
3 736 1 49 1
3 736 1 85 1
3 737 1 72 1
2 738 1 72 1
2 738 1 73 1
2 738 2 64 1
2 738 2 81 1
3 739 1 64 1
3 739 2 76 1
3 740 2 82 1
3 741 2 71 1
3 741 2 75 1
3 741 2 82 1
3 742 2 93 1
3 743 2 83 1
3 743 2 88 1
9 744 2 65 1
3 745 1 82 1
3 745 1 91 1
3 745 2 78 1
3 745 2 84 1
3 745 2 92 1
3 746 2 89 1
3 747 2 88 1
3 747 2 90 1
3 747 2 91 1
3 747 2 93 1
3 748 1 76 1
3 748 2 64 1
3 748 2 72 1
3 749 2 78 1
3 750 2 90 1
3 751 2 85 1
2 752 2 83 1
3 753 1 78 1
3 753 1 79 1
3 753 2 78 1
3 754 2 79 1
3 755 1 81 1
3 755 2 85 1
2 756 1 74 1
2 756 2 62 1
2 756 2 84 1
2 756 2 94 1
3 757 2 74 1
2 758 2 78 1
2 758 2 79 1
2 758 2 86 1
3 759 1 82 1
3 759 2 77 1
3 759 2 82 1
2 760 2 78 1
2 760 2 79 1
3 761 2 49 1
3 762 2 67 1
3 762 2 74 1
3 763 2 75 1
3 763 2 81 1
3 764 2 52 1
3 764 2 74 1
3 764 2 83 1
3 765 1 84 1
3 765 2 80 1
3 766 2 69 1
3 767 2 49 1
3 768 2 75 1
3 769 2 61 1
2 770 2 53 1
3 771 1 67 1
3 771 1 74 1
3 772 2 72 1
3 773 2 77 1
2 774 1 62 1
3 775 2 73 1
3 776 2 72 1
2 777 1 75 1
2 777 2 70 1
2 777 2 80 1
3 778 2 74 1
3 779 2 54 1
7 780 1 80 1
7 780 1 81 1
7 781 1 64 1
7 781 1 74 1
7 781 2 62 1
7 782 1 60 1
7 783 1 60 1
7 784 2 58 1
7 784 2 62 1
7 785 1 72 1
1 786 2 75 1
1 787 2 76 1
1 788 2 76 1
1 789 1 71 1
1 790 2 72 1
1 791 2 80 1
1 792 1 80 1
1 793 1 62 1
1 793 2 53 1
1 793 2 69 1
7 794 2 87 1
1 795 1 72 1
1 795 2 76 1
1 796 1 46 1
1 797 1 55 1
1 798 1 63 1
7 799 1 63 1
1 800 1 80 1
7 801 1 61 1
1 802 2 53 1
1 803 1 51 1
1 804 2 59 1
1 805 1 81 1
1 806 2 73 1
1 807 2 76 1
1 808 1 95 1
1 809 2 73 1
2 810 2 71 1
5 811 1 71 1
5 811 2 51 1
5 812 2 61 1
8 813 2 49 1
8 814 2 70 1
8 815 2 58 1
8 816 1 58 1
8 817 2 51 1
8 818 1 43 1
8 819 1 66 1
8 820 1 63 1
8 820 1 68 1
8 820 2 76 1
8 821 1 43 1
8 822 2 63 1
8 823 2 76 1
8 824 1 69 1
8 825 1 65 1
8 826 1 60 1
8 826 2 64 1
8 827 1 59 1
8 828 2 59 1
8 828 2 62 1
8 829 2 63 1
8 829 2 67 1
8 830 1 59 1
8 831 1 59 1
8 832 1 63 1
8 832 2 62 1
8 833 2 60 1
8 833 2 61 1
8 833 2 62 1
8 833 2 63 1
8 834 1 67 1
8 834 2 64 1
8 834 2 81 1
8 835 1 57 1
8 835 1 64 1
8 836 2 59 1
8 836 2 60 1
8 837 1 52 1
8 837 1 61 2
8 837 1 64 1
8 837 1 71 1
8 837 2 64 1
8 837 2 71 1
8 838 1 76 1
8 839 1 68 1
8 839 2 63 1
8 840 1 63 1
8 840 2 68 1
8 841 2 54 1
8 842 1 61 1
8 843 1 58 1
8 843 1 62 1
8 843 1 66 1
8 843 2 58 1
8 843 2 60 1
8 843 2 69 1
8 844 1 68 1
8 844 2 60 1
8 845 1 72 1
8 846 1 67 1
8 847 2 61 1
8 848 2 59 1
8 849 2 61 1
8 850 1 65 1
8 850 2 86 1
8 851 1 68 1
8 851 2 64 1
8 852 1 102 1
8 853 1 65 1
8 854 1 57 1
8 854 2 60 1
8 855 1 63 1
8 855 1 79 1
8 855 2 50 1
8 855 2 85 1
8 856 1 53 1
8 856 1 61 1
8 856 1 63 1
8 856 2 60 1
8 857 2 65 1
8 858 2 65 1
8 858 2 67 1
8 859 1 67 1
8 859 2 62 1
8 860 1 59 1
8 861 1 57 1
8 861 2 61 1
8 861 2 64 1
8 862 1 58 1
8 862 1 62 1
8 862 2 66 1
8 862 2 76 1
8 863 1 77 1
8 864 2 62 1
8 865 2 69 1
8 865 2 73 1
8 865 2 85 1
8 866 1 58 1
8 867 1 62 1
3 868 1 57 1
3 869 2 72 1
3 870 2 67 1
3 871 2 87 1
8 872 2 62 1
9 873 1 56 1
3 874 2 50 1
9 875 1 57 1
3 876 1 53 1
3 876 1 65 1
3 877 1 49 1
3 877 2 55 1
8 878 1 71 1
3 879 1 46 1
3 880 2 79 1
3 881 2 75 1
8 882 2 61 1
3 883 1 60 1
3 883 2 69 1
3 884 1 68 1
3 884 1 71 1
3 884 2 89 1
3 885 1 80 1
3 885 1 87 1
3 885 2 84 1
3 886 2 70 1
3 886 2 83 1
3 886 2 85 1
3 886 2 92 1
3 887 1 67 1
3 887 1 70 1
3 887 1 73 1
3 888 1 88 1
3 889 1 53 1
3 889 1 76 1
3 889 2 69 1
3 889 2 73 1
3 890 2 80 1
3 891 2 65 1
3 892 2 93 1
9 893 2 83 1
8 894 1 82 1
9 895 1 65 1
9 895 2 68 1
3 896 1 74 1
3 896 2 50 1
9 897 1 94 1
9 898 2 61 1
3 899 1 85 2
3 899 1 91 1
9 900 1 69 1
9 901 1 60 1
9 902 1 86 1
9 903 1 80 1
9 904 1 62 1
9 905 1 64 1
9 906 2 60 1
3 907 2 71 1
3 908 1 69 1
3 908 2 83 1
3 909 1 76 1
3 909 2 79 1
3 910 2 71 1
3 911 2 73 1
3 911 2 80 1
3 911 2 98 1
3 912 1 80 1
3 913 1 68 1
3 913 2 72 1
3 914 2 53 1
3 915 2 47 1
3 915 2 69 1
3 915 2 75 1
3 916 1 80 1
3 917 1 79 1
3 917 2 53 1
3 917 2 76 1
3 918 2 50 1
3 919 1 53 1
3 920 1 53 1
3 920 1 76 1
3 921 1 72 1
3 921 2 73 1
9 922 1 89 1
3 923 1 64 1
3 923 1 72 1
3 923 2 53 1
3 923 2 60 1
3 923 2 63 1
3 923 2 70 1
3 924 1 47 1
3 924 1 49 1
2 925 2 79 1
3 926 1 76 1
3 926 1 78 1
3 926 2 78 1
3 927 2 53 1
3 927 2 68 1
9 928 1 85 1
3 929 2 77 1
3 929 2 86 1
3 930 2 82 1
3 930 2 95 1
3 931 1 82 1
3 932 1 54 1
3 932 1 55 1
3 933 2 65 1
3 933 2 72 1
3 933 2 83 1
3 933 2 84 1
3 933 2 93 1
3 934 1 108 1
3 934 1 68 1
3 934 1 79 1
3 934 1 80 1
3 934 1 81 1
3 934 1 83 1
3 934 2 69 1
3 934 2 76 1
3 934 2 81 1
3 934 2 84 1
3 935 2 68 1
3 936 1 65 1
3 936 1 72 1
3 937 1 52 1
3 937 2 58 1
3 938 2 81 1
9 939 1 56 1
9 940 1 62 1
9 940 2 71 1
9 941 1 65 1
2 942 1 63 1
3 943 1 55 1
3 944 2 67 1
3 945 2 74 1
1 946 1 71 1
1 946 2 62 1
1 946 2 80 1
1 947 2 78 1
1 948 1 65 1
1 948 2 85 1
7 949 1 68 1
7 950 1 63 1
7 951 2 60 1
7 951 2 70 1
7 952 2 71 1
7 953 2 68 1
7 954 2 82 1
1 955 1 57 1
1 955 1 68 1
1 956 1 63 1
1 956 2 41 1
1 956 2 70 1
1 957 1 73 1
1 957 2 75 1
1 957 2 80 1
1 957 2 87 1
1 958 2 83 1
7 959 2 88 1
1 960 1 61 1
1 960 1 63 1
1 960 1 67 1
1 960 2 88 1
7 961 1 63 1
7 961 2 67 1
7 962 2 72 1
7 963 2 64 1
7 964 2 64 1
7 965 1 68 1
7 966 2 68 1
1 967 2 69 1
1 968 1 84 1
1 968 2 71 1
1 969 2 44 1
1 970 2 44 1
1 971 2 72 1
1 972 1 99 1
1 973 2 78 1
1 974 1 75 1
1 975 2 67 1
1 976 2 85 1
1 976 2 88 1
1 977 3 75 1
1 978 1 70 1
7 979 1 64 1
1 980 1 74 1
1 980 1 77 1
1 981 1 50 1
1 981 2 71 1
1 982 1 62 2
1 983 2 52 1
1 983 2 77 1
1 984 1 65 1
1 984 1 76 1
1 984 2 67 1
1 985 1 65 1
1 986 1 66 1
1 987 2 67 1
1 987 2 86 1
1 988 2 80 1
1 989 2 74 1
1 989 2 75 1
1 990 1 55 1
1 990 1 56 1
1 991 2 58 1
1 992 1 73 1
1 992 2 67 1
1 992 2 69 1
1 992 2 72 1
1 993 2 83 1
1 994 2 56 1
1 994 2 75 2
1 995 1 63 1
1 995 1 80 1
1 995 1 81 1
1 995 2 90 1
1 996 1 45 1
1 996 1 62 1
1 997 1 68 1
1 997 2 44 1
1 997 2 77 1
1 997 2 95 1
1 998 2 58 1
1 998 2 64 1
1 998 2 71 1
1 999 1 71 1
1 999 2 58 1
1 999 2 63 1
1 999 2 66 1
1 1000 1 82 1
1 1000 1 91 1
1 1001 1 44 1
1 1001 1 64 1
1 1001 1 83 1
1 1002 2 76 1
1 1002 2 82 1
7 1003 2 83 1
3 1004 1 76 1
3 1005 1 78 1
7 1006 2 85 1
7 1007 2 79 1
7 1008 2 65 1
7 1009 2 87 1
7 1010 1 63 1
7 1011 2 50 1
3 1012 1 90 1
3 1013 2 74 1
3 1013 2 96 1
3 1014 2 75 1
3 1014 2 81 1
3 1015 1 81 1
3 1015 2 85 1
3 1016 2 78 1
3 1016 2 79 1
3 1016 2 80 1
3 1017 1 75 1
3 1017 1 78 1
3 1017 2 76 1
3 1017 2 82 1
3 1018 1 80 1
3 1018 2 75 1
3 1018 2 88 1
3 1019 2 77 1
3 1020 2 97 1
3 1021 1 85 1
3 1021 2 81 1
3 1022 1 86 1
3 1022 3 75 1
3 1023 1 75 1
3 1023 2 63 1
3 1023 2 84 1
3 1024 3 89 1
3 1025 1 74 1
3 1026 2 79 1
3 1027 1 66 1
3 1027 1 76 1
3 1027 1 84 1
3 1027 2 75 1
3 1027 2 84 1
3 1027 2 92 1
3 1028 2 77 1
3 1029 1 84 1
3 1030 1 94 1
3 1031 2 84 1
3 1032 1 87 1
3 1032 2 74 1
3 1032 2 78 1
3 1032 2 81 1
3 1032 2 84 1
3 1032 3 89 1
3 1033 1 84 1
3 1033 1 93 1
7 1034 1 51 1
7 1035 1 52 1
7 1036 1 61 1
1 1037 1 81 1
7 1038 2 57 1
7 1039 1 64 1
7 1040 2 49 1
1 1041 2 61 1
7 1042 2 65 1
1 1043 1 66 1
1 1044 1 81 1
7 1045 2 81 1
1 1046 2 82 1
1 1047 1 77 1
1 1048 2 43 1
1 1049 2 71 2
1 1050 2 82 1
1 1051 2 70 1
1 1052 1 50 1
1 1052 2 53 1
1 1053 1 81 1
1 1053 2 81 1
1 1054 2 66 1
1 1054 2 82 1
1 1055 2 71 1
1 1055 2 82 1
1 1056 1 75 1
1 1056 2 74 1
1 1057 2 51 1
1 1058 2 60 1
1 1059 1 80 1
1 1060 1 82 1
1 1060 1 91 1
1 1060 2 47 1
1 1060 2 82 1
1 1061 1 79 1
1 1062 1 81 1
1 1063 2 84 1
1 1064 2 83 1
1 1065 2 61 1
1 1066 1 58 1
1 1067 1 62 1
1 1068 1 43 1
1 1068 1 62 1
1 1068 3 61 1
1 1069 1 60 1
1 1069 1 75 1
1 1069 2 66 1
1 1070 1 71 1
1 1070 2 50 1
1 1071 1 70 1
1 1071 2 77 1
1 1072 2 68 1
1 1072 2 87 1
1 1072 2 92 1
1 1073 2 64 1
1 1074 1 69 1
1 1074 1 82 1
1 1075 1 73 1
1 1076 2 79 1
3 1077 2 70 1
3 1078 1 83 1
3 1079 2 52 1
3 1080 1 91 1
3 1081 2 74 1
9 1082 2 63 1
3 1083 2 89 1
3 1084 2 65 1
3 1085 2 56 1
3 1086 2 69 1
3 1086 2 79 1
3 1087 2 60 1
3 1087 2 81 1
3 1088 1 80 1
1 1089 1 75 1
1 1089 2 58 1
1 1090 1 65 1
1 1090 2 50 1
1 1090 2 87 1
1 1091 1 57 1
1 1091 1 77 1
1 1091 2 62 1
1 1091 2 68 1
1 1091 2 79 1
1 1092 1 48 1
1 1092 1 74 1
1 1093 1 46 1
1 1093 2 72 1
1 1094 1 48 1
1 1094 2 64 1
1 1094 2 74 1
1 1095 1 71 1
1 1095 1 72 1
1 1095 1 73 1
1 1095 1 84 1
1 1095 2 61 1
1 1096 1 52 1
1 1096 1 81 2
1 1096 1 92 1
1 1096 2 75 1
1 1096 2 84 1
1 1097 1 70 1
1 1097 1 79 1
1 1097 2 82 1
1 1098 1 58 1
1 1098 1 81 1
1 1099 1 73 1
1 1099 2 77 1
1 1100 1 87 1
1 1100 2 85 1
1 1101 1 66 1
1 1101 2 87 1
1 1102 1 63 1
1 1102 2 48 1
1 1103 2 70 1
1 1104 1 68 1
1 1104 2 67 1
3 1105 1 71 1
3 1105 2 85 1
3 1106 2 77 1
7 1107 2 64 1
7 1108 2 57 1
7 1109 2 64 1
7 1110 2 56 1
7 1111 2 86 1
1 1112 2 57 1
7 1113 2 73 1
7 1114 1 66 1
7 1115 2 64 1
7 1116 2 63 2
7 1117 1 56 1
7 1117 2 62 1
7 1118 2 72 1
1 1119 2 77 1
6 1120 2 77 1
3 1121 2 73 1
3 1122 2 68 1
3 1122 2 85 1
6 1123 1 68 1
3 1124 2 85 1
3 1125 1 64 1
3 1125 2 65 1
3 1125 2 69 1
3 1125 2 80 1
3 1125 2 81 1
3 1125 2 83 1
3 1126 1 65 1
3 1127 1 45 1
3 1128 2 74 1
3 1129 2 71 1
3 1129 2 77 1
3 1130 1 77 1
3 1130 2 77 1
3 1130 2 79 1
3 1131 2 46 1
3 1131 2 77 1
3 1132 2 80 1
3 1133 3 79 1
3 1134 1 73 1
3 1135 1 86 1
3 1136 2 80 1
3 1137 1 78 1
3 1138 2 87 1
9 1139 3 86 1
9 1139 3 89 1
3 1140 2 83 1
3 1141 2 79 1
3 1142 2 75 1
3 1143 2 82 1
8 1144 1 72 1
3 1145 1 66 1
1 1146 2 84 1
1 1147 1 74 1
1 1148 2 76 1
1 1149 2 63 1
1 1150 1 69 1
1 1150 1 78 1
1 1150 2 46 1
1 1150 2 69 1
1 1150 2 70 1
1 1150 2 83 1
1 1151 1 54 1
1 1151 1 67 1
1 1151 1 76 1
1 1152 1 87 1
1 1152 2 72 1
1 1152 2 90 1
1 1153 1 77 1
1 1154 1 68 1
1 1155 2 74 1
1 1156 1 60 1
1 1156 1 70 1
1 1157 2 67 1
1 1158 2 68 1
1 1158 2 75 1
1 1158 2 80 1
1 1159 2 71 1
1 1160 1 93 1
7 1161 1 66 1
7 1162 2 65 1
7 1163 1 68 1
7 1164 1 65 1
7 1164 1 67 2
7 1164 2 67 1
7 1165 2 61 1
7 1165 3 64 1
7 1166 1 61 1
7 1166 1 87 1
1 1167 2 79 1
7 1168 1 60 1
7 1168 1 63 1
7 1168 1 85 1
1 1169 1 81 1
7 1170 1 74 1
7 1170 2 73 1
7 1171 2 64 1
7 1172 2 75 1
1 1173 2 72 1
1 1173 2 76 1
1 1173 2 78 1
1 1174 2 79 1
1 1175 2 54 1
1 1175 2 76 1
7 1176 1 73 1
7 1177 2 86 1
1 1178 1 78 1
1 1179 2 77 1
7 1180 2 68 1
1 1181 1 72 1
7 1182 1 77 1
7 1182 2 60 2
7 1182 2 70 1
1 1183 2 76 1
1 1183 2 88 1
1 1184 2 68 1
1 1185 2 77 1
1 1186 1 76 1
1 1187 2 77 1
1 1188 2 74 1
1 1188 2 83 1
1 1189 2 70 1
1 1189 2 77 1
1 1190 1 80 1
1 1190 2 68 1
1 1190 2 87 1
1 1191 1 83 1
1 1192 1 75 1
1 1192 2 62 1
1 1192 2 97 1
1 1193 2 71 1
1 1193 2 77 1
1 1194 1 66 1
1 1194 1 69 1
1 1194 1 74 1
1 1194 1 97 1
1 1194 2 67 1
1 1194 2 74 1
1 1194 2 77 3
1 1195 1 69 1
1 1195 1 77 1
1 1195 1 97 1
1 1195 2 70 1
1 1195 2 72 1
1 1196 1 70 1
1 1196 2 76 1
1 1197 2 89 1
1 1198 2 64 1
1 1199 2 62 1
1 1200 1 75 1
1 1201 2 87 1
1 1202 2 67 1
1 1203 1 78 1
1 1204 2 84 1
1 1205 2 71 1
1 1205 2 73 1
1 1206 1 68 1
1 1206 2 75 1
1 1207 2 41 1
1 1207 2 53 1
1 1208 1 73 1
1 1208 2 72 1
1 1209 2 53 1
1 1210 1 79 2
1 1211 2 62 1
1 1211 2 70 1
1 1212 2 70 1
1 1213 1 71 1
1 1213 1 81 1
1 1213 2 52 1
1 1213 2 67 1
1 1213 2 84 1
1 1214 1 69 1
1 1214 2 85 1
1 1215 1 52 1
7 1216 1 97 1
1 1217 1 85 1
1 1218 2 80 1
1 1219 1 80 1
1 1220 3 84 1
7 1221 1 67 1
1 1222 2 83 1
1 1222 2 90 1
1 1223 2 72 1
1 1223 3 85 1
1 1224 1 54 1
1 1224 2 84 1
1 1225 2 79 1
1 1225 2 81 1
7 1226 1 71 1
7 1227 1 64 1
7 1228 2 66 1
7 1229 2 63 1
7 1229 2 68 1
7 1230 1 65 1
1 1231 2 59 1
1 1232 1 58 1
1 1232 2 59 1
1 1233 2 57 1
1 1234 2 52 1
1 1235 2 61 1
1 1235 2 89 1
1 1236 1 47 1
1 1237 2 58 1
1 1238 2 66 1
1 1238 2 68 1
7 1239 1 75 1
1 1240 2 73 1
1 1240 2 75 1
7 1241 1 46 1
1 1242 1 70 1
7 1243 1 75 1
1 1244 1 70 1
1 1244 2 53 1
1 1245 1 38 1
1 1245 1 70 1
1 1245 1 78 1
1 1246 1 69 1
1 1246 1 70 1
1 1247 2 60 1
1 1247 2 66 1
1 1248 1 81 1
1 1249 2 75 1
1 1250 3 82 1
7 1251 2 62 1
7 1252 2 69 1
7 1253 2 79 1
7 1254 2 61 1
7 1254 2 68 1
7 1254 2 69 1
1 1255 2 78 1
7 1256 2 49 1
7 1256 2 50 1
7 1256 2 67 1
1 1257 1 54 1
1 1257 2 70 1
7 1258 1 65 1
7 1258 1 66 1
7 1258 1 68 1
7 1258 2 61 1
7 1258 2 62 1
1 1259 2 70 1
7 1260 1 76 1
1 1261 1 82 1
1 1262 1 77 1
7 1263 2 62 1
1 1264 1 76 1
1 1264 1 81 1
1 1264 2 62 1
1 1264 2 76 1
7 1265 2 47 1
1 1266 1 66 1
1 1266 1 81 1
1 1266 1 89 1
1 1266 2 50 1
1 1266 2 71 1
1 1267 1 75 1
1 1267 1 79 1
1 1267 1 94 1
1 1267 2 63 1
7 1268 2 46 1
1 1269 2 49 1
1 1269 2 81 1
7 1270 1 58 1
1 1271 1 82 1
1 1272 2 61 1
1 1272 2 64 1
1 1273 1 80 1
1 1274 2 56 1
1 1274 2 68 1
1 1275 1 81 1
1 1276 1 63 1
1 1276 1 75 1
1 1277 2 75 1
1 1278 2 89 1
1 1279 3 65 1
1 1279 3 70 1
1 1280 2 76 1
1 1281 1 80 1
1 1281 1 82 1
7 1282 1 80 1
1 1283 1 84 1
7 1284 2 73 1
7 1285 2 56 1
1 1286 1 66 1
7 1287 1 100 1
7 1287 1 56 1
7 1287 1 61 1
7 1288 2 66 1
7 1288 2 68 1
7 1288 2 75 1
7 1289 1 63 1
7 1289 2 62 1
1 1290 1 59 1
1 1290 2 68 1
7 1291 1 61 1
7 1291 2 58 1
7 1291 2 79 1
7 1292 1 65 1
7 1292 1 66 1
7 1292 2 63 1
7 1292 2 66 1
7 1293 1 77 1
1 1294 1 53 1
1 1295 2 81 1
1 1296 1 70 1
7 1297 1 66 1
7 1297 1 68 1
7 1297 2 73 1
7 1298 1 64 1
7 1298 1 68 1
7 1298 2 50 1
7 1299 1 85 1
7 1299 2 83 1
7 1300 1 85 1
7 1301 2 72 1
7 1302 1 68 1
1 1303 2 78 1
1 1304 2 46 1
1 1305 1 79 1
1 1306 2 62 1
1 1307 1 40 1
1 1308 2 78 1
1 1309 3 23 1
1 1310 1 85 1
1 1310 2 77 1
1 1311 1 86 1
1 1312 2 76 1
1 1312 2 78 1
1 1313 2 89 1
1 1314 2 70 1
7 1315 1 66 1
1 1316 2 51 1
1 1317 2 97 1
1 1318 1 55 1
1 1319 2 88 1
1 1320 2 70 1
1 1321 1 85 1
1 1322 1 49 1
1 1323 1 60 1
1 1323 2 78 1
1 1324 2 78 1
1 1324 2 80 1
1 1325 2 78 1
1 1326 1 73 1
7 1327 2 60 1
1 1328 1 82 1
1 1329 2 84 1
1 1329 3 89 1
1 1330 1 83 1
1 1331 2 79 1
1 1332 2 75 1
1 1332 2 76 1
1 1333 2 70 1
1 1333 2 75 1
7 1334 2 62 1
1 1335 1 69 1
1 1335 1 74 1
1 1336 1 75 1
1 1336 1 79 1
1 1336 2 75 1
1 1336 2 90 1
1 1337 2 64 1
1 1337 2 70 1
1 1338 1 65 1
1 1338 2 71 1
7 1339 1 69 1
1 1340 1 54 1
1 1341 2 80 1
1 1341 2 85 1
7 1342 2 59 1
1 1343 1 73 1
1 1343 2 77 1
7 1344 1 49 1
7 1344 2 48 1
1 1345 2 65 1
7 1346 1 64 1
7 1347 2 41 1
7 1347 2 74 1
7 1348 1 66 1
7 1349 1 76 1
7 1349 2 63 1
7 1350 1 56 1
7 1351 2 62 1
7 1352 1 52 1
7 1352 1 57 1
7 1352 1 59 1
7 1352 1 74 1
7 1352 2 67 1
7 1353 2 59 1
7 1353 2 62 1
7 1353 2 67 1
1 1354 2 69 1
1 1354 2 74 1
7 1355 2 61 1
7 1355 2 72 1
7 1355 2 81 1
7 1355 2 83 1
1 1356 1 71 1
1 1357 2 66 1
1 1358 1 75 1
1 1359 2 74 1
1 1360 2 60 1
1 1361 2 71 1
1 1361 2 78 2
1 1362 1 66 1
1 1363 1 68 1
1 1363 1 77 1
1 1364 2 78 1
1 1364 2 88 1
1 1365 2 80 1
1 1366 1 62 1
1 1366 1 73 1
1 1366 1 83 1
1 1366 2 65 1
1 1367 1 69 1
1 1367 1 81 1
1 1367 1 84 1
1 1367 2 45 1
1 1368 2 68 1
1 1369 2 71 1
1 1370 2 66 1
1 1371 2 58 1
1 1371 2 72 1
1 1372 2 66 1
1 1373 1 59 1
1 1374 1 77 1
1 1375 2 63 1
1 1376 2 49 1
1 1377 1 67 1
1 1378 2 77 1
1 1379 1 57 1
1 1380 1 70 1
1 1381 2 73 1
1 1381 2 74 1
1 1382 1 89 1
1 1383 1 65 1
1 1384 2 77 1
1 1385 1 60 1
1 1385 1 71 1
1 1385 1 80 1
1 1385 2 59 1
1 1385 2 69 1
1 1386 1 45 1
1 1386 1 64 1
1 1386 1 81 1
1 1386 2 67 1
1 1386 2 77 1
1 1387 2 76 1
1 1388 1 68 1
7 1389 2 63 1
7 1389 2 73 1
7 1390 1 75 1
7 1391 1 64 1
1 1392 1 73 1
1 1392 2 54 1
1 1393 1 81 1
1 1394 2 88 1
1 1395 1 67 1
1 1396 1 63 1
1 1397 2 51 1
1 1398 2 82 1
1 1399 1 66 1
7 1400 3 85 1
7 1401 1 77 1
7 1402 2 70 1
1 1403 1 105 1
1 1404 2 67 1
1 1405 2 75 1
1 1405 2 98 1
1 1406 1 74 1
1 1406 2 82 1
7 1407 2 56 1
7 1408 2 61 1
7 1409 1 64 1
3 1410 1 64 1
3 1410 1 72 1
3 1410 2 70 1
3 1411 2 64 1
1 1412 2 75 1
3 1413 1 65 1
1 1414 1 76 2
1 1414 1 79 1
1 1414 2 93 1
1 1415 1 79 1
1 1415 1 80 1
1 1415 2 79 1
1 1416 2 70 1
1 1417 2 63 1
3 1418 2 72 1
3 1419 2 79 1
3 1420 2 90 1
3 1421 2 80 1
3 1422 1 84 1
7 1423 1 80 1
7 1423 1 85 1
7 1424 1 60 1
1 1425 1 79 1
1 1426 2 62 1
1 1427 1 53 1
1 1428 2 79 1
7 1429 1 62 1
7 1430 2 61 1
1 1431 1 69 1
1 1431 2 77 1
1 1432 2 69 1
1 1432 2 79 1
1 1433 2 83 1
1 1434 1 80 1
1 1435 1 80 1
1 1436 1 79 1
1 1437 1 76 1
1 1437 2 71 1
1 1437 2 75 1
1 1438 1 92 1
1 1439 1 51 1
1 1439 2 83 1
7 1440 1 62 1
7 1440 2 71 1
1 1441 1 77 1
1 1441 2 58 1
1 1441 2 89 1
7 1442 1 60 1
7 1442 1 63 1
7 1443 1 84 1
7 1443 2 85 1
7 1444 1 64 1
7 1444 2 68 1
1 1445 2 68 1
1 1446 2 80 1
7 1447 2 61 1
7 1448 2 63 1
2 1449 1 75 1
2 1449 2 75 1
2 1450 3 67 1
2 1451 3 83 1
2 1452 2 77 1
2 1453 1 53 1
2 1453 1 72 1
2 1454 2 67 1
2 1454 2 83 1
2 1455 1 71 1
2 1456 2 76 1
2 1457 2 52 1
8 1458 1 84 1
2 1459 1 61 1
2 1459 1 71 1
2 1460 1 74 1
2 1460 1 75 1
2 1460 1 78 1
2 1460 2 73 1
2 1461 1 71 1
2 1461 1 82 1
2 1461 2 72 1
2 1461 2 80 1
8 1462 2 85 1
2 1463 2 70 1
8 1464 1 69 1
8 1464 1 91 1
2 1465 2 70 1
2 1466 1 67 1
8 1467 1 62 1
8 1467 1 80 1
2 1468 2 72 1
2 1469 1 79 1
2 1470 1 84 1
2 1471 1 87 1
2 1472 2 85 1
2 1473 1 69 1
2 1474 2 70 1
2 1475 1 64 2
2 1476 2 75 1
8 1477 2 65 1
2 1478 2 89 1
2 1479 1 76 1
2 1480 1 68 1
2 1480 2 65 1
2 1481 1 83 1
2 1481 1 89 1
2 1482 1 79 1
2 1482 2 65 1
2 1483 1 72 1
2 1484 1 61 1
2 1485 1 49 1
2 1485 1 82 1
8 1486 2 67 1
8 1486 2 72 1
8 1487 2 62 1
8 1487 2 66 1
8 1487 2 81 1
8 1488 1 63 1
8 1489 3 74 1
2 1490 2 84 1
2 1491 1 106 1
8 1492 2 61 1
8 1492 2 62 1
8 1492 2 65 1
2 1493 2 72 1
8 1494 1 64 1
8 1494 3 60 1
8 1495 1 79 1
8 1495 2 63 1
8 1495 2 66 1
8 1495 2 67 1
2 1496 2 75 1
2 1497 1 65 1
2 1497 2 60 1
2 1498 1 85 1
2 1498 2 81 1
2 1498 2 84 1
2 1499 2 65 1
2 1500 2 75 1
8 1501 1 62 1
8 1501 2 57 1
8 1501 2 65 1
2 1502 1 68 1
2 1502 1 83 1
2 1503 1 79 1
2 1503 2 81 1
2 1504 1 65 1
2 1504 2 43 1
2 1504 2 56 1
2 1504 2 84 1
2 1504 3 55 1
2 1505 2 73 1
8 1506 1 76 1
2 1507 1 53 1
2 1507 2 50 1
2 1507 2 74 1
2 1508 2 86 1
2 1509 2 67 1
2 1509 2 71 2
2 1509 2 76 1
2 1510 1 65 1
2 1511 2 81 1
2 1512 2 65 1
2 1512 2 85 1
2 1513 2 101 1
2 1514 1 72 1
2 1515 1 49 1
2 1515 1 51 1
2 1515 1 53 1
2 1515 1 59 1
2 1515 2 65 1
2 1516 1 82 1
2 1517 1 62 1
2 1517 1 81 1
2 1517 2 73 1
2 1517 2 78 1
2 1518 2 81 1
2 1519 2 72 1
2 1520 2 82 1
2 1521 1 76 1
2 1521 1 81 1
2 1522 2 75 1
8 1523 1 65 1
8 1523 2 64 1
2 1524 1 71 1
2 1524 2 73 1
2 1524 2 85 1
2 1525 2 75 1
2 1526 1 84 1
2 1526 2 89 1
2 1526 2 90 1
2 1527 2 67 1
2 1527 2 91 1
2 1528 2 53 1
2 1528 2 61 1
2 1528 2 77 1
2 1528 2 78 1
2 1529 1 49 1
2 1529 2 52 1
2 1530 1 78 1
2 1531 2 71 1
2 1532 2 64 1
2 1533 1 55 1
2 1533 2 63 1
2 1533 2 66 1
2 1534 2 62 1
2 1534 2 70 1
2 1534 2 73 1
2 1535 1 58 1
2 1535 1 67 1
2 1535 1 70 1
2 1535 1 87 1
2 1535 2 81 1
2 1536 1 54 1
2 1536 1 55 1
2 1536 2 75 1
2 1537 2 41 1
2 1538 2 83 1
2 1539 2 75 1
2 1540 1 74 1
2 1541 1 66 1
2 1542 2 76 1
2 1543 2 84 1
2 1544 1 62 1
2 1545 1 77 1
2 1546 2 70 1
2 1547 1 95 1
2 1548 1 75 1
8 1549 1 67 1
8 1549 2 65 1
8 1549 2 83 1
8 1550 2 65 1
8 1551 1 60 1
8 1551 1 63 1
8 1551 1 69 1
8 1551 1 71 1
8 1551 2 51 1
8 1551 2 54 1
8 1551 2 57 1
8 1551 2 61 1
8 1551 2 69 1
8 1552 1 58 1
8 1552 2 60 1
8 1553 1 63 1
8 1553 1 72 1
8 1553 2 35 1
8 1553 2 54 1
8 1553 2 62 1
8 1554 2 89 1
8 1555 1 60 1
8 1555 1 63 1
8 1555 1 66 1
8 1555 2 65 1
3 1556 1 76 1
3 1557 2 95 1
3 1558 2 88 1
3 1559 1 86 1
3 1560 1 62 1
1 1561 1 74 1
1 1562 1 76 1
1 1562 2 70 1
1 1563 1 89 1
1 1564 1 44 1
1 1565 2 47 1
1 1566 1 69 1
1 1566 1 80 1
1 1567 2 77 1
1 1568 1 54 1
1 1569 2 78 1
1 1570 1 85 1
1 1570 1 86 1
1 1570 1 87 1
1 1570 1 88 1
7 1571 3 76 1
7 1572 1 75 1
7 1572 1 82 1
7 1572 2 64 1
7 1572 2 76 1
1 1573 1 75 1
1 1573 2 56 1
1 1573 2 64 1
1 1573 2 73 1
1 1574 2 62 1
1 1575 2 78 1
1 1576 2 64 1
3 1577 2 71 2
3 1578 1 69 1
3 1578 2 74 1
3 1579 1 69 1
3 1579 1 73 1
3 1579 2 61 1
3 1579 2 71 1
3 1579 2 79 1
3 1580 1 79 1
3 1580 2 86 1
3 1581 1 52 1
3 1582 1 74 1
3 1583 1 71 1
3 1583 1 93 1
3 1583 2 87 1
3 1584 1 88 1
3 1584 2 73 1
3 1584 2 80 1
3 1585 1 60 1
3 1586 2 44 1
3 1586 2 75 1
6 1587 1 82 1
6 1587 2 60 1
6 1587 2 68 1
3 1588 1 77 1
3 1588 2 75 1
3 1589 2 72 1
3 1590 1 71 1
3 1591 1 73 1
3 1591 2 69 1
3 1592 1 63 1
3 1592 2 70 1
3 1592 2 77 1
3 1592 2 78 1
3 1592 2 83 1
3 1592 2 88 1
3 1593 1 74 1
3 1593 2 83 1
6 1594 2 74 1
3 1595 2 54 1
3 1596 1 70 1
3 1597 1 42 2
3 1597 1 49 1
3 1597 1 51 1
3 1597 1 83 1
3 1597 2 50 1
3 1597 2 65 2
3 1597 2 67 1
3 1597 2 70 1
3 1597 2 72 1
3 1597 2 74 1
3 1597 2 82 1
3 1598 2 78 1
3 1599 1 65 1
3 1599 1 72 1
3 1599 1 77 1
3 1599 1 95 1
3 1599 2 49 1
3 1599 2 54 1
3 1599 2 66 1
3 1600 1 90 1
9 1601 1 61 1
9 1602 2 62 1
9 1603 1 64 2
9 1604 2 66 1
3 1605 1 81 1
9 1606 2 60 1
9 1606 2 61 1
9 1606 2 66 1
9 1606 2 71 1
9 1607 2 63 1
9 1608 1 70 1
3 1609 1 65 1
3 1610 1 49 1
3 1611 1 63 1
3 1611 2 60 1
3 1612 2 52 1
3 1613 2 76 1
3 1614 1 72 1
3 1614 2 77 1
3 1615 2 52 1
3 1615 2 56 1
3 1615 2 61 1
3 1615 2 85 1
3 1616 2 85 1
3 1617 2 84 1
3 1618 1 77 1
3 1618 1 81 1
6 1619 3 89 1
3 1620 1 83 1
3 1620 2 47 1
3 1621 2 74 1
3 1622 2 88 1
3 1623 2 52 1
3 1623 2 71 1
3 1624 1 56 1
3 1624 1 58 1
3 1624 2 66 1
3 1624 2 70 1
3 1624 2 92 1
3 1625 2 85 1
3 1626 1 71 1
3 1626 2 77 1
3 1627 2 61 1
1 1628 2 70 1
1 1629 2 77 1
1 1630 3 69 1
1 1631 1 78 1
1 1631 2 80 1
7 1632 2 71 1
7 1632 2 74 1
7 1632 2 79 1
7 1633 1 62 1
1 1634 1 58 1
1 1634 2 74 1
1 1634 2 84 1
7 1635 2 51 1
7 1635 2 64 1
7 1636 2 50 1
7 1637 2 67 1
7 1638 2 62 1
7 1638 2 74 1
7 1639 1 62 1
7 1639 2 57 1
7 1639 2 69 1
7 1639 2 75 1
7 1640 1 71 1
1 1641 1 63 1
1 1641 2 86 1
7 1642 1 63 1
7 1642 1 71 1
7 1642 1 82 1
7 1642 2 72 1
2 1643 2 68 1
2 1644 1 70 1
2 1644 1 72 1
2 1644 1 73 1
2 1644 1 75 1
2 1644 1 81 1
2 1644 2 61 1
2 1644 2 73 1
2 1645 2 42 1
2 1646 2 80 1
2 1647 1 77 1
2 1648 2 76 1
2 1649 1 73 1
2 1649 1 75 1
2 1649 1 78 1
2 1649 1 93 1
2 1649 2 57 1
2 1649 2 68 1
2 1649 2 70 2
2 1649 2 81 1
2 1649 2 90 1
2 1650 1 68 1
2 1651 2 61 1
2 1652 2 71 1
2 1653 1 79 1
2 1654 2 44 1
2 1655 2 78 1
2 1656 1 75 1
2 1657 1 73 1
8 1658 1 92 1
8 1659 2 57 1
8 1660 2 83 1
8 1661 1 84 1
8 1662 1 71 1
2 1663 1 81 1
2 1663 2 49 1
2 1663 2 56 1
2 1663 2 65 1
2 1663 2 86 1
8 1664 2 73 1
8 1665 2 69 1
8 1666 2 59 1
2 1667 2 81 1
8 1668 2 54 1
8 1669 2 53 1
8 1670 2 60 1
8 1671 1 41 1
8 1671 1 53 1
8 1671 1 91 1
8 1672 2 79 1
8 1673 2 87 1
8 1674 1 60 1
2 1675 1 61 1
8 1676 2 63 1
8 1677 1 38 1
8 1678 2 44 1
8 1679 1 63 1
8 1679 1 79 1
8 1680 1 78 1
8 1681 2 92 1
8 1682 1 66 1
8 1682 2 57 1
8 1683 1 43 1
8 1683 1 65 1
8 1684 2 51 1
8 1684 2 68 1
8 1684 2 81 1
8 1685 1 62 1
8 1686 2 55 1
8 1687 1 55 1
8 1687 2 62 1
8 1688 1 76 1
2 1689 1 48 1
2 1689 2 73 1
2 1689 2 74 1
8 1690 2 80 1
8 1691 2 62 1
8 1692 2 66 1
8 1693 2 80 1
8 1694 1 64 1
8 1694 2 60 1
8 1695 2 87 1
8 1696 1 67 1
8 1696 1 69 1
8 1697 1 55 1
8 1698 1 52 1
8 1698 1 65 1
8 1699 2 70 1
8 1700 1 67 1
8 1701 2 62 1
8 1702 1 59 1
8 1703 1 63 1
8 1704 1 50 1
8 1704 1 62 1
8 1705 2 60 1
8 1706 2 58 1
8 1707 1 57 1
8 1707 1 71 1
8 1708 1 44 1
8 1708 2 53 1
8 1709 1 61 1
8 1709 2 65 1
8 1710 2 62 1
8 1711 1 56 1
8 1712 1 61 1
8 1712 2 66 1
8 1712 2 82 1
8 1713 1 64 1
8 1713 1 85 1
8 1713 2 50 1
8 1713 2 53 1
8 1713 2 68 1
8 1714 2 54 1
8 1715 1 50 1
2 1716 1 76 1
2 1717 2 88 1
2 1718 2 74 1
2 1719 1 66 1
2 1720 1 50 1
2 1720 1 75 1
2 1720 2 83 1
1 1721 1 73 1
1 1721 1 81 1
1 1721 1 84 1
1 1722 2 50 1
1 1722 2 66 1
1 1722 2 74 1
1 1722 2 79 1
1 1723 1 79 1
1 1723 1 81 1
1 1723 2 78 1
1 1723 2 80 1
1 1724 1 80 1
3 1725 1 77 1
3 1726 2 65 1
3 1727 2 85 1
3 1728 2 77 1
3 1729 1 78 1
3 1730 2 82 1
3 1730 2 92 1
3 1731 2 59 1
3 1732 1 56 1
3 1732 1 65 1
3 1732 2 69 1
3 1732 2 74 2
3 1732 2 85 1
3 1732 3 53 1
3 1733 1 55 1
3 1734 2 87 1
3 1735 1 78 1
3 1736 1 59 1
3 1736 2 63 1
3 1737 1 80 1
3 1738 1 74 1
3 1738 2 62 1
3 1739 1 77 1
3 1739 1 81 1
3 1740 1 66 1
3 1740 1 76 1
3 1741 1 57 1
3 1742 1 89 1
3 1742 2 76 1
3 1743 1 72 1
3 1743 1 89 1
1 1744 1 79 1
1 1745 1 71 1
1 1746 1 66 1
1 1747 1 72 1
1 1747 1 85 1
1 1747 2 58 1
1 1748 1 79 1
1 1748 2 65 1
1 1749 2 47 1
1 1749 2 70 1
1 1749 2 75 1
1 1750 2 77 1
1 1750 2 78 1
1 1751 1 79 1
1 1752 2 75 1
1 1752 2 76 1
1 1753 1 66 1
1 1753 1 72 1
1 1754 2 63 1
1 1755 1 56 1
1 1756 1 64 1
1 1757 2 47 1
1 1758 2 64 1
1 1759 2 77 1
1 1760 1 76 1
7 1761 1 69 1
7 1762 1 90 1
7 1763 2 66 1
7 1764 1 58 1
7 1764 2 59 1
7 1764 2 67 1
1 1765 1 60 1
1 1765 1 75 1
1 1765 2 55 1
1 1766 1 68 1
1 1766 1 77 1
1 1767 2 74 1
1 1768 2 48 1
1 1769 2 51 1
7 1770 1 82 1
1 1771 1 71 1
1 1772 2 52 1
1 1772 2 60 1
1 1773 2 73 1
1 1773 2 75 1
1 1774 1 68 1
1 1774 2 59 1
7 1775 1 62 1
1 1776 2 69 1
1 1776 2 71 1
1 1777 1 91 1
1 1777 2 68 1
7 1778 2 61 1
7 1778 2 67 1
7 1779 2 66 1
7 1779 2 83 1
7 1780 1 55 1
7 1780 1 79 1
7 1781 3 62 1
7 1781 3 67 1
7 1781 3 83 1
7 1782 2 87 1
1 1783 1 75 1
1 1783 1 87 1
1 1783 2 74 1
1 1783 2 85 1
1 1784 1 89 1
1 1785 2 80 1
1 1786 2 65 1
3 1787 1 101 1
3 1788 2 90 1
7 1789 1 87 1
7 1790 2 68 1
1 1791 2 73 1
1 1791 2 89 1
1 1792 1 74 1
1 1792 1 80 1
7 1793 2 67 1
1 1794 1 70 1
1 1794 1 96 1
1 1795 2 69 1
1 1795 2 75 1
1 1795 2 76 1
1 1796 2 79 1
1 1797 1 85 1
1 1797 2 95 1
1 1798 1 75 1
1 1798 2 84 1
1 1799 2 72 1
1 1799 2 76 1
1 1799 2 80 1
7 1800 2 78 1
1 1801 1 79 1
1 1801 2 84 1
1 1801 2 91 1
1 1802 2 73 1
1 1803 1 75 1
1 1803 1 78 1
1 1803 2 64 1
1 1804 2 65 1
1 1804 2 80 1
1 1804 2 86 1
1 1805 2 55 1
1 1805 2 84 1
1 1806 2 79 1
1 1807 3 68 1
1 1807 3 76 1
1 1808 1 72 1
1 1809 1 74 1
7 1810 2 69 1
7 1811 1 67 1
7 1811 2 62 1
7 1811 2 69 1
7 1811 2 73 1
7 1812 2 60 1
1 1813 3 84 1
7 1814 2 85 1
7 1815 2 65 1
7 1816 1 68 1
7 1817 2 107 1
7 1818 1 75 1
6 1819 3 64 1
7 1820 2 65 1
7 1821 2 64 1
7 1822 2 53 1
1 1823 2 93 1
1 1824 1 80 1
1 1825 1 49 1
1 1825 1 52 1
1 1825 1 55 1
1 1825 1 65 1
1 1825 1 71 2
1 1825 1 78 1
1 1825 1 93 1
1 1825 2 56 1
1 1825 2 63 1
1 1825 2 64 1
1 1825 2 76 1
1 1825 2 79 1
1 1825 2 84 1
7 1826 3 83 1
1 1827 1 56 1
1 1827 1 64 1
1 1827 1 69 1
1 1827 1 77 1
1 1827 1 78 1
1 1827 1 85 1
1 1827 2 52 1
1 1827 2 54 1
1 1827 2 74 1
1 1827 2 77 1
1 1828 1 70 1
1 1829 1 50 1
1 1829 2 58 1
1 1829 2 61 1
1 1829 2 67 1
1 1829 2 76 1
1 1829 2 78 2
1 1829 2 85 1
1 1830 1 52 1
1 1830 1 64 1
1 1830 1 72 1
1 1830 2 57 1
1 1830 2 59 1
1 1830 2 60 1
1 1830 2 70 1
1 1830 2 73 1
1 1830 2 75 2
1 1830 2 80 1
1 1830 2 83 1
1 1830 2 89 1
1 1831 1 56 1
1 1831 1 80 1
1 1831 2 68 1
1 1831 2 75 1
1 1831 2 89 1
1 1832 2 50 1
1 1833 1 24 1
1 1833 1 26 1
1 1833 1 33 1
1 1833 2 21 1
1 1833 2 23 1
1 1833 2 25 1
1 1833 2 28 2
1 1833 2 30 2
1 1834 2 45 1
1 1834 2 80 1
1 1835 1 54 1
1 1835 1 93 1
1 1835 2 79 1
1 1836 1 44 1
1 1836 2 63 1
1 1837 2 70 1
1 1837 2 71 2
1 1838 1 51 1
1 1838 1 67 1
1 1838 2 70 1
1 1838 2 90 1
1 1839 1 78 1
1 1839 2 60 1
1 1839 2 67 1
1 1839 2 71 2
1 1840 1 45 1
1 1840 1 48 1
1 1840 1 63 1
1 1841 1 69 1
1 1841 2 61 2
1 1841 2 68 1
1 1841 2 70 1
1 1841 2 74 1
1 1841 2 78 1
1 1841 2 79 1
1 1841 2 83 1
1 1841 2 84 1
1 1842 1 49 1
1 1842 2 80 1
1 1843 1 67 1
1 1843 2 80 1
1 1843 2 82 1
1 1843 2 83 1
1 1843 2 84 1
1 1844 1 69 1
1 1844 1 82 1
1 1844 2 71 2
1 1844 3 68 1
1 1845 1 51 1
1 1845 1 62 1
1 1845 1 64 1
1 1845 1 77 1
1 1845 2 79 1
1 1846 1 62 1
1 1846 1 64 1
1 1846 1 78 2
1 1846 1 79 3
1 1846 1 81 2
1 1846 1 83 1
1 1846 1 84 1
1 1846 2 63 1
1 1846 2 66 1
1 1846 2 77 1
1 1846 2 79 2
1 1846 2 80 1
1 1846 2 81 1
1 1847 1 54 1
1 1847 1 69 1
1 1847 1 71 1
1 1847 1 73 1
1 1848 1 89 1
1 1848 2 69 1
1 1848 2 79 1
1 1849 1 57 1
1 1849 1 59 2
1 1849 1 61 1
1 1849 1 62 1
1 1849 2 72 1
7 1850 1 53 1
7 1850 1 64 1
7 1850 1 74 1
7 1851 1 68 1
7 1851 2 59 1
7 1851 2 69 1
7 1852 1 67 1
7 1852 1 73 1
7 1853 1 51 1
7 1853 1 59 1
7 1853 1 75 1
7 1853 2 61 1
7 1853 2 78 1
7 1853 2 79 1
1 1854 2 74 1
1 1855 1 69 1
1 1856 2 60 1
1 1857 2 52 1
1 1857 2 69 1
1 1858 2 52 1
1 1859 2 82 1
1 1860 2 86 1
1 1861 2 84 1
1 1862 1 88 1
1 1863 1 87 1
1 1863 2 80 1
7 1864 1 58 1
7 1864 1 61 2
7 1864 1 64 1
7 1864 2 62 1
7 1864 2 66 2
7 1864 2 74 1
7 1864 2 78 1
1 1865 1 84 1
1 1865 2 82 1
1 1866 1 85 1
1 1866 2 70 1
1 1867 1 64 1
1 1867 1 85 1
1 1867 1 87 1
1 1867 2 80 1
1 1868 1 102 1
1 1869 2 70 1
1 1870 1 53 1
1 1870 2 62 1
1 1870 2 78 1
1 1871 1 46 1
1 1871 1 58 1
1 1871 2 71 1
1 1871 2 72 1
1 1871 2 82 1
1 1872 1 80 1
1 1872 2 86 1
1 1873 1 83 1
7 1874 1 98 1
1 1875 2 67 2
1 1876 1 68 1
1 1877 1 76 1
1 1877 2 83 1
1 1878 1 77 1
1 1878 2 96 1
1 1879 1 58 1
1 1879 1 60 1
1 1880 1 86 1
1 1880 2 90 1
1 1881 1 76 1
1 1882 1 46 1
1 1882 1 50 1
1 1882 1 67 1
1 1882 1 70 1
1 1882 1 81 1
1 1882 1 84 1
1 1882 2 75 1
1 1882 2 77 1
1 1882 2 78 1
1 1882 2 80 1
1 1882 2 86 2
1 1883 1 79 1
1 1884 2 75 1
1 1885 1 68 1
1 1886 2 55 1
1 1887 2 93 1
7 1888 1 52 1
7 1889 2 56 1
7 1890 1 59 1
7 1891 2 54 1
7 1892 2 54 1
7 1893 3 59 1
1 1894 2 79 1
1 1895 1 76 1
3 1896 3 65 1
3 1897 2 87 1
3 1898 1 54 1
3 1899 3 85 1
3 1900 3 73 1
1 1901 1 84 1
7 1902 2 64 1
1 1903 2 50 1
7 1904 2 73 1
7 1905 1 79 1
1 1906 1 52 1
1 1907 2 49 1
1 1908 1 64 1
1 1909 2 48 1
1 1910 2 49 1
1 1910 2 52 1
1 1911 1 29 1
1 1911 1 57 1
1 1911 2 49 1
1 1912 1 51 1
1 1913 2 64 1
7 1914 3 67 1
7 1914 3 68 1
7 1915 2 78 1
