1 1 1 47 1
1 1 1 47 1
1 1 1 47 2
1 1 1 48 1
1 1 1 48 1
1 1 1 48 1
1 1 1 49 1
1 1 1 49 1
1 1 1 50 1
1 1 1 50 1
1 1 1 51 1
1 1 1 51 1
1 1 1 52 1
1 1 1 52 1
1 1 1 52 1
1 1 1 53 1
1 1 1 54 1
1 1 1 54 1
1 1 1 54 1
1 1 1 54 1
1 1 1 55 1
1 1 1 55 1
1 1 1 55 2
1 1 1 56 1
1 1 1 56 1
1 1 1 57 1
1 1 1 59 1
1 1 1 60 2
1 1 1 60 3
1 1 1 62 1
1 1 1 63 1
7 1 1 64 1
1 1 1 64 2
1 1 1 66 1
7 1 1 66 1
1 1 1 66 1
1 1 1 67 1
1 1 1 68 1
1 1 1 68 1
1 1 1 69 1
1 1 1 69 1
1 1 1 70 1
1 1 1 71 1
7 1 1 71 2
1 1 1 72 1
1 1 1 73 1
1 1 1 75 1
1 1 1 76 1
1 1 1 88 1
1 1 2 45 1
1 1 2 46 1
1 1 2 46 1
1 1 2 47 1
1 1 2 48 1
1 1 2 48 2
1 1 2 49 1
1 1 2 49 1
1 1 2 49 1
1 1 2 50 1
1 1 2 50 1
1 1 2 51 1
1 1 2 51 1
1 1 2 51 2
1 1 2 52 1
1 1 2 52 2
1 1 2 52 2
1 1 2 53 1
1 1 2 53 1
1 1 2 54 1
1 1 2 54 1
1 1 2 54 2
1 1 2 55 1
1 1 2 56 1
1 1 2 56 1
1 1 2 57 1
1 1 2 57 1
7 1 2 58 1
1 1 2 59 1
1 1 2 61 2
7 1 2 61 3
1 1 2 62 1
7 1 2 62 2
1 1 2 62 2
1 1 2 63 1
7 1 2 63 1
1 1 2 64 1
1 1 2 64 2
1 1 2 65 1
1 1 2 65 2
1 1 2 66 1
1 1 2 67 2
1 1 2 68 1
1 1 2 68 1
1 1 2 68 1
1 1 2 69 1
1 1 2 69 1
1 1 2 69 1
1 1 2 70 1
1 1 2 73 1
1 1 2 75 1
1 1 2 81 1
3 2 1 43 1
3 2 1 47 1
3 3 1 45 1
3 3 2 48 1
3 4 1 35 1
3 4 1 49 1
3 5 1 50 1
3 5 1 51 3
3 5 1 54 1
3 5 1 70 1
3 5 2 55 1
3 5 3 45 1
3 6 2 48 1
3 6 2 49 1
3 6 2 51 1
3 7 1 40 1
3 7 1 46 1
3 7 1 49 1
3 7 2 43 1
3 7 2 51 1
3 8 2 63 1
3 9 1 55 1
3 9 2 28 1
3 9 2 42 1
3 9 2 49 2
3 10 1 46 1
3 10 1 48 1
3 11 1 35 1
3 11 2 39 1
3 12 1 43 1
3 12 1 47 1
3 12 1 57 1
3 13 1 41 1
3 13 2 32 1
3 13 2 38 1
3 13 2 39 1
3 13 2 41 1
3 13 2 46 1
3 13 2 47 1
3 13 2 53 1
3 13 2 67 1
3 13 2 69 1
3 14 1 46 1
3 14 1 55 1
3 14 1 60 1
3 14 2 44 1
3 14 2 48 1
3 14 2 50 2
3 14 2 52 1
3 15 1 45 1
3 15 1 53 1
3 15 1 58 1
3 15 2 46 2
3 15 2 47 1
3 15 2 51 1
3 16 1 53 1
3 17 1 50 1
3 17 2 65 1
3 17 2 74 1
3 18 1 30 1
3 18 2 52 1
3 19 1 31 1
3 19 1 34 1
3 19 1 41 1
3 19 1 44 1
3 19 1 47 1
3 19 2 32 1
3 20 1 31 1
3 20 1 43 1
3 20 1 44 1
3 20 2 43 1
3 20 2 45 1
3 20 2 47 1
3 20 2 52 1
3 20 2 70 1
3 21 1 43 1
3 21 2 44 1
3 21 2 47 1
3 22 1 33 1
3 22 1 55 1
3 22 2 33 1
3 22 2 44 1
3 22 2 47 1
3 23 2 31 1
3 23 2 43 1
3 24 1 66 1
3 24 2 66 1
3 25 1 55 1
3 26 2 60 1
3 27 1 63 1
3 28 2 67 1
3 28 2 70 1
3 29 1 55 1
3 30 1 69 1
3 31 1 67 1
3 31 1 69 1
3 31 2 70 1
3 32 2 69 1
3 33 2 73 1
3 34 1 55 1
3 34 1 75 1
3 35 3 45 1
3 35 3 68 2
3 35 3 70 2
3 36 2 69 1
3 37 2 70 1
3 38 1 45 1
3 38 1 47 1
3 38 1 49 1
3 38 1 51 1
3 38 1 53 2
3 38 1 55 1
3 38 1 60 1
3 38 2 45 1
3 38 2 48 1
3 38 2 49 1
3 38 2 50 1
3 38 2 59 1
3 39 1 73 1
3 40 1 54 1
3 40 1 55 1
3 40 1 56 1
3 40 2 38 1
3 41 1 50 1
3 42 1 40 1
3 42 1 49 1
3 43 2 90 1
3 44 2 49 1
3 45 2 48 1
3 46 2 56 1
3 47 2 68 1
3 48 2 55 1
3 49 1 44 2
3 49 1 49 1
3 50 1 52 1
3 51 1 42 1
3 51 1 44 1
3 51 1 45 1
3 51 1 51 1
3 51 1 75 1
3 51 2 32 1
3 51 2 33 1
3 51 2 34 1
3 51 2 42 2
3 51 2 47 1
3 51 2 49 2
3 51 2 50 1
3 51 3 32 1
3 51 3 34 1
3 51 3 45 1
6 52 1 66 1
6 52 2 56 1
6 53 2 62 1
3 54 1 44 1
3 54 1 49 1
3 54 2 49 1
3 55 1 50 1
3 55 2 45 1
3 56 1 47 1
3 56 1 49 1
3 56 1 54 1
3 56 2 41 1
3 56 2 45 1
3 56 2 47 1
3 56 2 48 3
3 56 2 49 1
3 56 3 35 1
3 57 1 45 1
3 57 1 70 1
3 57 2 49 1
3 57 2 68 1
3 58 1 47 1
3 58 1 50 1
3 58 1 52 1
1 59 2 57 1
1 59 2 71 1
1 60 1 90 1
3 61 2 68 1
3 62 2 65 1
3 63 1 60 1
6 64 3 57 1
6 65 2 70 1
3 66 2 65 1
3 67 1 51 1
3 68 1 83 1
3 69 2 85 1
3 70 2 47 1
3 71 2 86 1
1 72 2 71 1
3 73 2 78 1
3 74 2 76 1
3 75 2 68 1
3 76 1 78 1
3 77 1 67 1
3 78 1 52 1
3 79 1 69 2
3 79 2 64 1
3 80 2 73 1
3 81 2 76 1
3 82 1 47 1
3 83 2 67 1
3 84 2 72 1
3 85 1 107 1
3 85 2 53 1
3 86 1 56 1
3 86 1 68 1
3 86 1 78 1
3 86 1 79 1
3 86 2 62 1
3 86 2 68 1
3 86 2 71 1
3 86 2 72 1
3 87 1 33 1
3 88 1 44 1
3 88 2 37 1
3 88 2 46 1
3 88 2 65 1
3 89 2 63 1
3 90 1 57 1
3 90 1 65 1
3 90 1 72 1
3 90 2 54 1
3 91 2 73 1
3 92 1 79 1
3 92 2 56 1
3 92 2 79 1
3 93 2 75 1
3 94 1 72 1
3 95 2 65 1
3 95 2 67 1
1 96 2 79 1
1 97 2 63 1
1 98 1 69 1
1 99 1 66 1
1 99 2 69 1
1 100 1 48 1
1 100 1 63 1
1 100 2 54 1
1 100 2 69 1
1 101 1 53 1
1 101 2 46 1
1 101 2 54 2
1 101 2 60 1
1 101 2 65 1
1 101 2 72 1
1 101 2 77 1
1 102 2 63 1
1 103 2 38 1
1 103 2 52 1
1 103 2 67 1
1 103 2 72 1
1 104 1 56 1
1 104 2 47 1
1 104 2 65 2
1 104 2 72 1
1 104 2 75 1
1 105 1 45 1
1 105 1 66 1
1 105 2 51 1
1 105 2 52 2
1 105 2 54 1
1 105 2 58 1
1 105 2 63 1
1 106 1 52 1
1 106 1 61 1
1 106 2 53 1
1 107 1 49 1
1 107 1 51 1
1 107 1 54 1
1 107 1 76 1
1 107 2 49 1
1 107 2 50 1
1 107 2 51 1
1 107 2 68 2
1 108 2 63 1
1 109 2 88 1
1 110 2 65 1
1 110 2 67 1
1 111 1 52 1
1 112 1 83 1
1 113 2 55 1
1 114 1 59 1
1 115 1 42 1
1 116 2 59 1
1 117 2 79 1
1 118 2 85 1
1 119 1 45 1
1 119 1 50 1
1 119 1 52 2
1 119 1 53 1
1 119 1 56 1
1 119 1 64 1
1 119 1 75 1
1 119 2 59 1
1 119 2 60 1
1 119 2 62 1
1 119 2 68 1
1 119 2 69 1
1 120 1 51 1
1 120 2 51 1
1 120 2 56 1
1 120 2 57 1
1 120 2 59 1
1 120 2 63 2
3 121 1 66 1
3 121 1 71 1
3 121 2 68 1
3 122 1 73 1
3 123 2 60 1
1 124 2 66 1
1 125 3 69 1
1 126 2 69 1
1 127 2 71 1
1 128 2 78 1
1 129 2 62 1
1 129 2 63 1
1 130 1 48 1
1 130 2 47 1
1 130 2 67 1
1 130 2 72 1
1 131 1 50 1
1 131 2 51 1
1 131 2 54 1
1 131 2 60 1
1 132 1 48 1
1 132 1 49 1
1 132 1 53 1
1 132 2 54 1
1 132 2 56 1
1 132 2 66 1
1 133 1 47 1
1 133 1 51 1
1 133 2 50 1
1 134 1 48 1
1 134 1 53 1
1 134 2 49 1
1 134 2 52 1
1 135 2 82 1
2 136 3 66 1
2 137 2 66 1
2 138 1 81 1
2 139 2 72 1
2 140 1 71 1
1 141 3 87 1
1 142 2 73 1
3 143 2 83 1
1 144 2 91 1
1 145 2 83 1
3 146 1 64 1
3 147 1 61 1
3 148 2 66 1
9 149 2 86 1
3 150 1 76 1
3 151 2 67 1
3 152 2 62 1
3 153 1 82 1
3 153 2 65 1
3 154 1 69 1
3 154 2 71 1
3 154 2 74 1
3 155 2 66 1
3 156 1 57 1
3 156 2 48 1
3 157 2 60 2
3 158 3 82 1
3 159 3 70 1
3 160 1 68 1
3 161 1 76 1
3 162 1 69 1
3 163 1 71 1
3 164 2 88 1
3 165 2 81 1
3 166 1 54 1
3 167 1 61 1
3 168 1 60 1
9 169 1 66 1
3 170 1 32 1
3 170 1 44 1
6 171 1 76 1
3 172 1 44 2
3 172 1 45 1
3 172 1 47 1
3 172 1 51 1
3 172 1 52 1
3 172 1 53 1
3 172 1 63 1
3 172 2 46 1
3 172 2 50 1
3 172 2 52 2
3 172 2 59 1
3 172 2 64 1
3 172 2 69 1
3 173 1 67 1
3 173 2 68 1
3 173 2 70 3
3 173 2 72 1
3 173 2 74 1
3 173 3 93 1
3 174 2 48 1
3 175 1 73 1
3 175 2 68 1
3 175 2 69 2
3 176 1 45 1
3 176 1 49 2
3 176 1 55 1
3 176 1 56 1
3 176 1 66 1
3 176 2 30 1
3 176 2 49 1
3 176 2 58 1
3 176 2 62 1
3 176 2 64 1
3 176 2 75 1
3 177 1 42 1
3 177 1 45 1
3 177 1 46 1
3 177 1 47 1
3 177 1 48 2
3 177 1 49 1
3 177 1 50 1
3 177 1 51 2
3 177 1 52 1
3 177 1 53 2
3 177 1 54 2
3 177 1 57 1
3 177 1 59 1
3 177 2 38 1
3 177 2 41 1
3 177 2 44 1
3 177 2 45 1
3 177 2 48 1
3 177 2 49 3
3 177 2 51 1
3 177 2 52 1
3 177 2 53 1
3 177 2 63 2
3 177 3 28 1
3 177 3 33 1
3 178 1 49 1
3 179 1 39 1
3 179 1 41 1
3 179 1 43 1
3 179 1 44 3
3 179 1 47 2
3 179 1 48 3
3 179 1 49 1
3 179 1 50 4
3 179 1 51 7
3 179 1 52 5
3 179 1 53 4
3 179 1 54 2
3 179 1 56 1
3 179 1 59 1
3 179 1 60 1
3 179 1 62 1
3 179 1 65 1
3 179 2 41 1
3 179 2 42 2
3 179 2 44 2
3 179 2 45 2
3 179 2 46 3
3 179 2 47 2
3 179 2 48 3
3 179 2 49 1
3 179 2 50 1
3 179 2 51 3
3 179 2 52 3
3 179 2 53 1
3 179 2 54 1
3 179 2 58 1
3 179 2 59 1
3 179 2 60 1
3 179 2 61 2
3 179 2 62 1
3 179 2 65 1
3 179 2 66 1
3 180 2 24 1
3 181 1 55 1
3 182 2 64 1
3 183 1 71 1
3 184 2 49 1
3 185 2 47 1
3 185 2 65 1
3 186 2 52 1
7 187 3 102 1
7 188 1 59 1
7 189 2 87 1
7 190 1 70 1
7 190 1 90 2
7 190 1 94 1
7 190 2 50 1
7 190 2 60 1
7 190 2 63 1
7 190 2 72 1
7 190 2 74 1
7 190 2 76 1
7 190 2 80 1
7 190 2 87 1
1 191 3 52 2
1 191 3 54 1
1 191 3 56 1
1 191 3 57 1
1 191 3 60 1
1 191 3 68 1
1 192 3 52 2
1 192 3 54 1
1 192 3 56 2
1 192 3 57 1
1 192 3 59 1
1 192 3 71 1
1 193 3 52 1
1 193 3 64 1
1 193 3 67 1
1 194 3 55 2
1 194 3 65 1
1 195 3 50 1
1 196 3 52 1
1 196 3 68 1
3 197 2 65 1
3 197 2 69 1
6 198 2 89 1
6 199 2 81 1
6 200 1 92 1
6 201 2 92 1
6 202 2 74 1
6 203 2 79 1
3 204 1 80 1
3 204 2 70 1
3 204 2 71 1
3 204 3 70 1
3 205 1 65 1
3 205 1 70 1
3 205 1 71 1
3 205 1 82 1
3 205 2 66 1
3 205 2 67 1
3 205 2 69 1
3 205 2 71 1
3 205 2 72 1
3 205 2 92 1
3 205 2 95 1
6 206 1 76 1
3 207 2 67 1
3 207 2 69 1
3 208 1 49 1
3 209 2 69 1
3 210 1 53 1
3 211 1 54 1
3 212 1 65 1
3 212 1 68 1
3 213 2 57 1
3 214 1 54 1
3 214 1 58 1
3 214 1 63 1
3 215 2 70 1
3 216 1 58 1
3 216 2 50 1
3 216 2 58 1
3 217 1 68 1
3 217 1 73 1
3 218 1 73 1
3 218 2 71 1
3 219 2 71 2
6 220 2 69 1
3 221 1 48 1
3 221 1 50 1
3 221 1 52 4
3 221 1 53 1
3 221 1 54 1
3 221 1 55 1
3 221 1 57 1
3 221 2 43 1
3 221 2 45 1
3 221 2 46 2
3 221 2 47 1
3 221 2 48 2
3 221 2 49 1
3 221 2 50 1
3 221 2 53 5
3 221 2 59 2
3 221 2 62 1
3 221 2 63 1
3 221 2 65 2
3 221 2 71 1
3 222 1 32 1
3 222 1 44 1
3 222 1 54 1
3 222 2 49 1
3 222 2 51 1
3 222 2 60 1
3 223 1 46 1
3 223 1 48 1
3 223 1 49 1
3 223 1 56 1
3 223 2 51 1
3 223 2 52 1
3 224 1 47 1
3 224 1 49 1
3 224 1 50 1
3 224 1 58 1
3 224 1 75 1
3 224 1 81 1
3 224 2 41 1
3 224 2 49 1
3 224 2 52 1
3 224 2 70 1
3 225 2 69 1
3 226 1 45 1
3 226 2 45 1
3 226 2 49 1
3 226 3 30 1
3 227 1 62 1
3 227 1 71 1
3 228 1 76 1
3 228 1 80 1
3 228 2 70 1
3 229 1 52 1
3 229 1 53 1
3 229 1 55 1
3 229 1 57 1
3 229 2 50 1
3 229 2 54 1
3 229 2 58 2
3 229 2 62 1
3 229 2 68 2
3 230 1 39 1
3 230 1 52 1
3 230 2 46 1
3 230 2 52 1
3 230 2 60 1
3 231 1 42 1
3 231 1 48 1
3 231 1 49 1
3 231 1 51 1
3 231 1 52 1
3 231 1 53 2
3 231 1 61 1
3 231 2 46 1
3 231 2 48 1
3 231 2 58 1
6 232 1 59 1
3 233 2 53 1
6 234 1 58 1
6 234 2 65 1
6 235 2 73 2
3 236 1 46 1
3 236 1 47 1
3 236 1 50 1
3 236 1 51 1
3 236 1 58 1
3 236 1 74 1
3 236 2 46 1
3 236 2 49 2
3 236 2 53 1
3 237 1 55 1
3 237 2 76 1
3 238 2 76 1
3 239 1 44 1
3 239 1 45 1
3 239 1 48 1
3 239 1 54 1
3 239 1 57 1
3 239 2 30 1
3 239 2 40 1
3 239 2 43 1
3 239 2 44 1
3 239 2 46 1
3 239 2 52 1
3 240 1 42 1
3 240 1 51 1
3 241 2 90 1
3 242 2 88 1
3 243 1 44 1
3 243 1 48 2
3 243 1 51 1
3 243 1 55 1
3 243 2 52 2
3 243 2 54 1
3 243 2 55 2
3 243 2 57 1
3 243 2 58 2
3 243 2 60 1
3 243 2 61 1
3 244 1 62 1
3 244 2 56 1
3 244 2 57 1
3 244 2 58 1
3 245 1 48 1
3 245 1 51 1
3 245 1 55 1
3 245 2 40 1
3 245 2 47 1
3 245 2 49 2
3 245 2 50 1
3 245 2 61 1
3 245 2 62 1
3 245 2 69 1
3 246 1 31 1
3 246 1 55 1
3 246 1 61 1
3 246 1 66 1
3 246 2 42 1
3 247 1 50 1
3 247 1 78 1
3 248 1 32 1
3 248 1 42 2
3 248 1 45 2
3 248 1 47 1
3 248 1 49 1
3 248 1 51 1
3 248 1 52 1
3 248 2 42 1
3 248 2 45 1
3 248 2 47 5
3 248 2 48 1
3 248 2 51 2
3 248 2 52 1
3 248 2 54 1
3 248 2 61 1
3 248 2 64 1
3 249 1 51 1
3 250 1 47 1
3 251 2 55 1
3 252 2 48 1
3 253 1 58 1
3 253 1 63 1
3 254 1 53 1
3 255 2 50 1
3 256 2 44 1
3 257 1 50 1
3 257 2 34 1
3 257 2 52 1
1 258 1 51 1
1 258 1 52 1
1 258 2 55 1
1 258 2 57 1
1 258 2 60 1
1 259 1 49 2
1 259 2 49 1
1 259 2 53 2
1 259 2 55 1
1 259 2 58 1
1 259 2 67 1
1 260 2 51 1
1 261 2 43 1
1 262 2 60 1
1 263 1 51 1
7 264 2 85 1
1 265 1 48 1
1 265 2 51 1
1 265 2 63 1
1 265 2 68 1
7 266 1 68 1
1 267 2 66 1
1 268 1 62 1
1 269 1 52 1
1 269 2 46 1
1 269 2 50 1
1 269 2 51 1
1 269 2 64 1
1 269 2 66 1
1 269 2 67 1
9 270 2 56 1
1 271 1 46 1
1 271 1 56 1
1 271 1 64 1
1 272 2 50 1
1 272 2 70 1
1 272 2 74 1
1 272 2 84 1
1 273 1 57 1
1 273 1 58 1
1 274 2 48 2
1 274 2 54 1
1 274 2 63 1
1 275 1 46 1
1 275 1 51 2
1 275 1 52 2
1 275 1 53 1
1 275 1 54 2
1 275 1 56 1
1 275 1 57 1
1 275 1 58 1
1 275 1 71 1
1 275 1 86 1
1 275 2 47 1
1 275 2 48 1
1 275 2 50 1
1 275 2 51 1
1 275 2 52 2
1 275 2 61 1
1 275 2 62 1
1 275 2 66 2
1 275 2 74 1
1 275 2 82 1
1 276 1 71 1
1 276 1 73 1
1 276 2 54 1
1 277 1 70 1
1 277 1 71 1
1 277 2 52 1
1 277 2 58 1
1 277 2 64 1
1 278 1 55 1
1 279 1 49 1
1 279 1 61 1
1 279 1 62 1
1 279 2 41 1
1 279 2 58 1
1 279 2 60 1
1 279 2 66 1
1 280 1 52 1
1 280 1 70 1
1 280 2 49 1
1 280 2 59 1
1 280 2 65 1
1 281 2 51 1
1 282 1 52 1
1 282 2 50 1
1 283 1 48 1
1 283 1 57 1
1 283 1 63 1
1 284 1 31 1
1 284 1 49 1
1 284 1 50 2
1 284 1 52 2
1 284 1 65 2
1 284 1 70 1
1 284 1 73 1
1 284 2 44 2
1 284 2 60 1
1 284 2 63 1
1 284 2 65 1
1 284 2 70 1
1 284 2 73 1
1 284 2 76 1
1 285 2 56 1
1 286 1 52 1
1 287 1 73 1
1 287 2 65 1
1 288 1 54 1
1 289 1 74 1
1 290 2 62 1
1 290 2 64 1
1 291 1 49 1
1 291 1 65 1
1 291 2 54 1
1 291 2 55 1
1 291 2 56 1
1 291 2 63 1
1 291 2 67 2
1 291 2 68 1
1 292 1 42 1
1 292 1 43 1
1 292 1 46 1
1 292 1 48 2
1 292 1 51 1
1 292 1 52 1
1 292 1 56 2
1 292 1 57 1
1 292 1 66 1
1 292 1 70 1
1 292 1 71 1
1 292 2 52 1
1 292 2 54 2
1 292 2 55 1
1 293 1 50 1
1 293 2 48 1
1 293 2 64 1
1 293 2 65 1
1 294 1 54 1
1 294 2 44 1
1 294 2 51 2
1 294 2 56 1
3 295 1 50 1
3 295 1 52 1
3 295 1 53 1
3 295 2 40 1
3 295 2 51 1
3 296 2 43 1
3 297 1 39 1
3 297 1 41 1
3 297 1 44 1
3 297 1 46 3
3 297 1 48 1
3 297 1 49 1
3 297 1 51 1
3 297 2 42 1
3 297 2 44 1
3 297 2 46 1
3 297 2 47 1
3 297 2 48 1
3 297 2 49 1
3 298 1 52 1
3 299 1 46 1
3 300 1 54 1
3 300 1 56 1
3 300 2 45 1
3 300 2 47 1
3 301 1 46 1
3 301 2 47 1
3 301 2 48 1
3 301 2 51 1
3 302 1 42 1
3 302 2 46 1
3 302 2 47 1
3 302 2 49 1
3 303 2 34 1
3 304 1 75 1
3 305 1 50 1
3 305 2 51 1
3 306 1 45 1
3 306 1 46 1
3 307 2 46 1
3 308 1 29 1
3 308 1 34 1
3 308 2 52 1
3 308 2 58 1
3 309 1 55 1
3 309 1 86 1
3 310 2 45 1
3 310 2 50 1
3 310 2 72 1
3 311 2 53 1
3 312 1 52 1
3 313 1 54 1
3 313 1 74 1
3 314 2 52 1
3 314 2 62 1
3 315 1 47 1
3 315 1 50 1
3 315 1 71 1
3 315 2 57 1
3 315 2 66 1
3 316 1 64 1
3 316 1 65 1
3 316 1 91 1
3 316 2 51 1
3 316 2 64 1
3 316 2 67 1
3 317 3 54 1
3 317 3 61 1
3 317 3 71 1
3 318 1 63 1
3 318 1 71 1
3 319 1 75 1
3 319 2 78 1
3 319 2 93 1
3 320 1 64 1
3 320 1 74 1
3 321 1 64 1
3 321 1 79 1
3 322 1 57 1
3 322 2 77 1
3 323 1 74 1
3 323 1 79 1
3 323 2 61 1
3 324 3 58 1
3 324 3 91 1
3 325 2 66 1
3 325 2 70 1
3 325 2 71 1
3 326 1 71 1
3 326 1 76 1
3 327 2 90 1
3 328 1 50 1
3 328 1 53 1
3 329 2 83 1
3 330 2 51 1
6 331 2 59 1
3 332 1 57 1
3 332 2 45 1
3 333 1 54 1
3 333 2 52 1
3 333 2 53 1
3 333 2 56 1
3 334 1 55 1
3 334 2 46 1
3 334 2 48 1
3 335 1 50 1
3 335 1 52 2
3 335 1 53 1
3 335 1 55 1
3 335 2 47 1
3 335 2 49 1
3 335 2 50 1
3 335 2 51 1
3 335 2 52 1
3 335 2 53 1
3 335 2 55 1
6 336 1 88 1
3 337 2 57 1
3 338 2 46 1
3 339 1 47 1
3 339 2 49 1
3 340 1 48 1
3 340 1 49 1
3 340 1 50 1
3 340 2 46 1
3 340 2 48 1
3 340 2 49 1
3 341 1 75 1
3 342 1 45 1
3 342 1 47 1
3 342 1 48 2
3 342 1 49 4
3 342 1 50 4
3 342 1 51 4
3 342 1 52 2
3 342 1 53 1
3 342 1 54 2
3 342 1 57 1
3 342 1 61 1
3 342 1 69 1
3 342 2 40 2
3 342 2 44 1
3 342 2 45 1
3 342 2 46 1
3 342 2 47 3
3 342 2 48 3
3 342 2 49 2
3 342 2 50 3
3 342 2 51 5
3 342 2 52 4
3 342 2 58 1
3 342 2 60 1
3 342 2 64 1
3 342 2 66 1
3 342 2 68 1
3 342 2 73 1
3 343 1 62 1
3 343 1 63 1
3 343 1 79 1
3 343 2 63 1
3 344 1 74 1
3 344 1 78 1
3 344 1 82 1
3 344 1 84 1
3 344 2 94 2
2 345 2 86 1
2 346 2 71 1
6 347 1 72 1
6 348 2 63 1
6 348 2 72 1
6 349 2 78 1
6 350 1 74 1
3 351 1 63 1
3 352 2 72 1
2 353 2 65 1
3 354 2 78 1
3 355 1 82 1
3 356 1 58 1
3 356 2 62 1
1 357 1 31 1
1 357 1 44 1
1 357 2 64 1
1 358 2 87 1
1 359 1 72 1
1 359 2 45 1
1 360 2 55 1
7 361 1 93 1
7 362 2 75 1
7 363 2 70 1
7 363 2 98 1
1 364 2 75 1
1 365 1 47 1
1 365 1 59 1
1 365 1 62 1
7 366 2 66 1
1 367 1 47 1
1 367 1 54 1
7 368 2 61 1
7 369 2 60 1
1 370 1 68 1
1 371 1 48 1
1 371 1 73 1
1 372 1 63 1
1 373 1 39 1
1 373 1 56 1
1 373 2 66 1
7 374 1 77 1
1 375 1 63 1
7 376 2 77 1
1 377 1 51 1
1 377 1 52 2
1 377 1 54 3
1 377 1 55 1
1 377 1 65 1
1 377 1 76 1
1 377 2 42 1
1 377 2 46 1
1 377 2 49 1
1 377 2 52 1
1 377 2 59 1
1 377 2 62 1
1 377 2 78 1
1 378 1 51 1
1 378 2 48 1
1 378 2 49 1
1 378 2 51 1
1 378 2 52 1
1 378 2 54 1
1 379 2 50 1
1 379 2 65 1
1 379 2 72 1
1 380 1 50 1
1 380 1 51 1
1 380 1 52 2
1 380 1 53 1
1 380 1 54 1
1 380 1 55 1
1 380 1 61 1
1 380 2 50 3
1 380 2 52 2
1 380 2 53 1
1 380 2 55 1
1 380 2 58 1
1 380 2 69 1
1 381 1 44 1
1 381 1 75 1
1 381 2 54 1
1 382 1 54 1
1 382 2 80 1
1 383 1 51 1
1 383 2 45 1
1 383 2 50 1
1 384 1 49 1
1 385 2 47 1
1 385 2 51 1
1 386 1 46 1
1 386 2 48 1
7 387 2 66 1
1 388 1 46 1
1 388 1 51 2
1 388 1 56 1
1 388 1 61 1
1 388 1 63 1
1 388 1 65 1
1 388 1 69 1
1 388 2 48 1
1 388 2 50 1
1 388 2 54 2
1 388 2 64 1
1 388 2 68 1
1 388 2 69 1
1 388 2 82 1
7 389 1 89 1
1 390 1 55 1
1 390 2 48 1
1 390 2 52 1
1 390 2 58 1
1 390 2 68 1
7 391 2 94 1
1 392 1 46 1
7 393 2 79 1
7 394 1 84 1
1 395 1 49 1
1 395 2 48 1
1 395 2 67 1
3 396 2 48 1
3 396 2 51 1
3 397 1 51 1
3 397 2 44 1
3 398 1 77 1
3 398 2 51 1
3 399 2 45 1
3 399 2 59 1
3 400 1 53 2
3 400 1 54 1
3 400 1 55 1
3 400 1 65 1
3 400 2 53 1
3 400 2 56 1
3 400 2 62 1
3 400 2 66 1
3 400 2 67 1
3 400 2 68 1
3 401 2 44 1
3 401 2 47 1
3 401 2 52 1
3 402 2 47 1
3 403 2 46 1
3 404 2 67 1
3 405 2 57 1
3 406 1 51 1
3 406 2 66 1
3 407 1 35 1
3 407 1 40 1
3 407 2 53 1
3 408 1 51 2
3 409 1 45 1
3 410 2 55 1
3 411 2 50 1
3 412 1 74 1
3 413 1 62 1
3 413 1 69 1
3 413 1 72 1
3 413 2 47 1
3 413 2 59 1
3 413 2 62 1
3 413 2 65 1
3 413 2 70 1
3 413 2 78 1
3 414 1 48 1
3 414 1 52 2
3 414 1 69 1
3 414 2 42 1
3 414 2 46 1
3 414 2 47 2
3 414 2 48 1
3 414 2 50 1
3 414 2 51 1
3 414 2 55 3
3 414 2 56 1
3 414 2 57 1
3 414 2 58 1
3 415 1 50 1
3 415 1 56 1
3 415 1 57 1
3 415 1 59 1
3 415 1 60 1
3 415 1 65 1
3 415 2 45 1
3 415 2 46 1
3 415 2 48 1
3 415 2 51 2
3 415 2 55 1
3 415 2 58 2
3 415 2 60 1
3 415 2 62 1
3 415 2 64 1
3 415 2 65 1
3 415 2 67 1
3 415 2 72 1
3 415 2 73 1
3 416 1 72 1
3 417 1 51 1
3 417 2 56 1
3 417 2 73 1
3 418 2 66 1
3 419 1 62 1
3 420 1 52 2
3 420 1 53 1
3 420 1 68 1
3 420 2 68 1
3 421 2 50 1
3 422 1 72 1
3 423 2 45 1
3 424 1 51 1
3 424 1 58 1
3 424 2 51 1
3 424 2 54 1
3 424 2 60 1
3 424 2 68 1
3 425 1 53 1
3 426 1 44 1
3 426 1 51 1
3 426 1 52 1
3 426 1 53 1
3 426 1 57 1
3 426 1 62 1
3 426 1 68 1
3 426 2 48 1
3 426 2 55 1
3 426 2 62 1
3 426 2 68 1
3 426 2 69 1
3 427 1 31 1
3 427 1 55 1
3 427 2 49 1
3 428 2 36 1
3 429 1 59 1
3 429 1 68 1
3 430 1 93 1
3 431 3 46 1
3 431 3 47 1
3 431 3 48 1
3 431 3 49 3
3 431 3 50 1
3 431 3 52 1
3 431 3 53 2
3 431 3 54 2
3 431 3 55 1
3 431 3 56 1
3 431 3 57 1
3 431 3 62 2
3 431 3 66 2
3 431 3 68 1
3 432 3 41 1
3 432 3 51 1
3 432 3 52 2
3 432 3 54 1
3 432 3 68 1
3 433 3 31 1
3 433 3 39 1
3 433 3 40 1
3 433 3 46 1
3 433 3 47 1
3 433 3 48 2
3 433 3 49 2
3 433 3 50 1
3 433 3 51 2
3 433 3 52 3
3 433 3 54 2
3 433 3 55 1
3 433 3 66 1
9 434 2 95 1
9 435 1 92 1
9 435 2 48 1
6 436 2 48 1
3 437 3 38 1
3 437 3 52 1
3 437 3 53 1
3 437 3 55 1
1 438 2 67 1
1 439 1 49 1
1 440 2 65 1
1 441 1 31 1
1 441 1 64 1
1 441 2 64 1
1 442 2 65 1
1 443 1 30 1
1 443 1 39 1
1 443 1 43 1
1 443 1 49 4
1 443 1 50 2
1 443 1 51 1
1 443 1 53 1
1 443 1 54 1
1 443 1 56 1
1 443 1 59 2
1 443 2 44 1
1 443 2 45 1
1 443 2 46 1
1 443 2 47 1
1 443 2 48 1
1 443 2 49 2
1 443 2 51 1
1 443 2 54 3
1 443 2 61 1
1 443 2 62 1
1 444 1 33 1
1 444 1 42 1
1 444 1 44 1
1 444 1 47 3
1 444 1 52 2
1 444 1 54 2
1 444 2 32 1
1 444 2 47 1
1 444 2 48 2
1 444 2 49 3
1 444 2 53 1
1 444 2 60 1
1 444 2 66 1
1 445 1 48 4
1 445 1 49 1
1 445 1 51 2
1 445 1 52 1
1 445 1 60 1
1 445 1 62 1
1 445 1 63 1
1 445 2 31 1
1 445 2 45 2
1 445 2 48 1
1 445 2 53 1
1 445 2 57 1
1 446 1 52 1
1 446 1 56 1
1 446 1 58 2
1 446 2 45 3
1 446 2 56 1
1 446 2 58 1
1 446 2 60 1
1 447 1 43 1
6 448 2 44 1
3 449 2 52 1
3 450 1 52 2
3 450 1 67 1
3 451 2 56 1
6 452 3 37 1
6 453 2 35 2
6 454 1 46 1
3 455 1 48 1
3 455 1 50 1
6 456 2 63 1
3 457 1 42 1
3 457 1 56 1
3 457 2 52 1
3 457 2 53 1
3 458 1 72 1
3 459 1 42 1
3 459 1 52 1
3 460 2 45 1
3 461 2 47 1
3 461 2 70 1
3 462 1 45 1
3 463 2 46 1
3 464 1 53 1
3 465 1 49 1
3 465 2 40 1
3 465 2 47 1
3 465 2 50 1
3 466 1 41 1
3 466 1 42 1
3 466 1 51 1
3 466 2 37 1
3 466 2 46 1
3 466 2 48 1
3 467 1 46 1
3 467 1 49 1
3 467 1 54 1
3 467 2 44 1
3 467 2 45 1
3 467 2 46 2
3 467 2 47 1
3 467 2 54 1
3 468 1 54 1
3 468 2 44 1
3 468 2 48 1
3 468 2 60 1
3 469 1 52 1
3 469 2 50 1
3 469 2 54 1
6 470 1 71 1
3 471 1 51 1
3 471 1 60 1
3 471 2 47 1
3 471 3 33 1
3 471 3 34 1
3 472 2 42 1
3 473 2 113 1
3 473 2 52 1
3 474 1 39 1
3 474 1 51 1
3 475 2 59 1
3 476 1 52 1
3 477 1 52 1
3 478 1 52 1
3 478 2 48 1
3 478 2 49 1
3 478 2 52 1
3 478 3 33 1
3 479 1 32 1
3 479 1 49 1
3 479 2 40 1
3 479 2 70 1
3 480 2 67 1
3 481 2 49 1
3 482 2 45 1
3 483 1 47 1
3 484 2 100 1
3 484 2 45 1
3 484 2 47 1
3 484 3 31 1
3 485 1 47 1
3 486 1 102 1
3 486 1 44 1
3 486 1 52 1
3 486 2 45 1
3 486 2 48 1
3 486 2 51 1
3 486 2 54 1
3 486 2 96 1
3 487 1 53 1
3 488 1 42 1
3 488 1 48 1
3 488 1 50 1
3 488 1 51 1
3 488 1 53 1
3 488 2 41 1
3 488 2 46 1
3 488 2 47 1
3 488 2 54 1
3 489 2 73 1
3 490 1 49 1
3 490 1 50 1
3 490 2 51 1
3 490 3 28 1
3 491 1 84 1
3 492 1 48 1
3 492 2 42 1
3 492 2 45 1
3 492 2 53 1
3 492 3 31 1
3 493 1 55 1
3 493 1 56 1
3 494 1 43 1
3 494 1 46 2
3 494 1 49 2
3 494 1 57 1
3 494 2 48 1
3 494 2 49 5
3 494 2 50 1
3 494 2 52 1
3 494 2 53 1
3 494 2 56 1
3 494 2 58 1
3 494 2 66 1
3 495 1 46 1
3 495 2 44 1
3 495 3 33 1
3 496 1 42 1
3 496 2 52 1
3 497 2 48 1
3 498 1 49 1
3 498 1 51 1
3 499 1 50 1
3 499 1 52 1
3 499 2 49 1
3 500 1 43 1
3 500 1 47 2
3 500 2 46 1
3 500 2 52 1
3 500 2 69 1
3 501 1 48 1
3 501 1 56 1
3 501 2 45 1
3 501 2 56 1
3 501 2 58 1
3 502 2 51 1
3 503 1 42 1
3 503 1 43 1
3 503 1 44 1
3 503 1 46 1
3 503 1 47 1
3 503 1 51 1
3 503 2 45 1
3 503 2 48 1
3 504 1 39 1
3 504 1 48 1
3 504 1 49 1
3 504 1 56 1
3 504 1 70 1
3 504 2 44 1
3 504 2 47 3
3 504 2 48 1
3 504 2 50 1
3 504 2 51 1
3 504 2 53 1
3 504 2 65 1
3 505 1 47 1
3 505 1 49 1
3 505 1 50 1
3 505 1 77 1
3 505 2 44 1
3 505 2 45 1
3 505 2 48 1
3 505 2 50 2
3 506 2 52 1
3 507 1 44 2
3 507 1 47 1
3 507 1 51 4
3 507 1 53 1
3 507 2 53 1
3 508 1 56 1
3 508 2 47 1
3 508 2 49 1
3 509 1 47 1
3 509 2 47 1
3 510 1 44 1
3 510 1 55 1
3 510 2 42 1
3 510 2 46 1
3 510 2 47 1
3 510 2 48 1
3 510 2 51 1
3 511 1 43 1
3 511 1 46 1
3 511 1 51 1
3 511 1 52 1
3 511 1 55 2
3 511 2 45 1
3 511 2 48 1
3 512 2 49 1
3 513 1 33 1
3 513 1 43 1
3 513 1 46 1
3 513 1 49 1
3 513 1 65 1
3 513 2 43 1
3 513 2 45 1
3 513 2 47 2
3 513 2 48 1
3 513 2 49 1
3 513 2 50 2
3 513 2 51 1
3 513 2 52 1
3 513 2 64 1
3 513 3 28 1
3 513 3 29 1
3 513 3 30 1
3 514 1 53 1
3 514 2 34 1
3 514 2 43 1
3 514 2 50 1
3 514 2 51 1
3 514 2 52 1
3 515 1 39 1
3 515 1 45 1
3 515 1 51 1
3 515 1 52 1
3 515 2 48 1
3 515 2 50 1
3 515 2 51 1
3 515 2 62 1
3 515 3 31 1
3 515 3 33 1
3 515 3 34 1
3 516 1 53 1
3 517 1 46 1
3 517 1 50 1
3 517 1 51 2
3 517 1 54 1
3 517 1 64 1
3 517 2 44 1
3 517 2 45 1
3 517 2 46 1
3 517 2 47 2
3 517 2 50 2
3 517 2 52 1
3 517 2 54 1
3 517 3 32 1
3 517 3 73 1
3 518 1 71 1
3 519 2 49 1
3 519 2 50 1
3 519 2 52 1
3 520 1 39 1
3 520 1 51 1
3 520 1 52 1
3 520 1 72 1
3 520 2 48 1
3 520 2 49 1
3 520 2 50 1
3 520 2 52 1
3 521 1 56 1
3 521 2 70 1
3 521 3 32 1
3 522 1 71 1
3 523 1 51 1
3 523 1 54 1
3 524 1 55 1
3 525 1 30 1
3 525 2 48 1
3 526 1 49 1
3 527 1 69 1
3 527 1 70 1
3 527 1 72 1
3 527 2 70 2
3 527 2 85 1
3 528 1 93 1
9 529 3 49 1
3 530 2 68 1
3 531 1 32 1
3 531 1 46 1
3 531 1 49 1
3 532 1 47 1
3 532 2 51 1
3 533 2 53 1
3 534 1 45 1
3 534 1 56 1
3 535 1 38 1
3 535 1 51 1
3 536 1 31 1
3 536 1 47 1
3 536 1 50 1
3 536 2 39 1
3 536 2 42 1
3 536 2 43 1
3 536 2 44 1
3 537 1 32 1
3 537 1 51 1
3 538 1 46 1
3 538 2 46 1
1 539 2 55 1
1 540 2 82 1
1 541 1 70 1
1 542 1 65 1
1 543 2 58 1
1 544 1 49 1
1 544 1 53 2
1 544 1 58 1
1 544 1 62 1
1 544 1 75 1
1 545 1 57 1
1 545 1 67 1
1 545 1 83 1
1 546 3 69 1
1 546 3 75 1
1 547 1 91 1
1 548 1 54 1
1 548 2 81 1
1 549 1 73 1
1 549 2 79 1
1 550 2 59 1
1 551 2 78 1
1 552 1 72 1
1 553 2 74 1
1 554 2 72 1
6 555 2 67 1
3 556 3 68 1
3 556 3 82 1
3 556 3 85 1
3 557 3 67 1
3 558 1 63 1
3 558 1 98 1
3 559 1 58 1
3 560 1 104 1
3 561 1 100 1
3 562 2 69 1
3 562 2 82 1
3 563 1 100 1
3 564 1 48 1
3 564 1 50 1
3 564 1 53 1
3 564 1 55 1
3 564 2 50 1
3 564 2 53 1
3 564 2 55 1
3 565 2 70 1
3 566 1 66 1
3 566 1 80 1
3 566 1 86 1
3 566 2 70 2
3 566 2 71 1
3 566 2 73 1
3 566 2 85 1
3 567 1 80 1
3 568 2 73 1
3 569 2 70 1
3 569 2 73 1
3 569 2 80 1
3 570 1 69 1
3 571 2 84 1
3 572 2 81 1
3 573 1 53 1
3 574 3 74 1
3 574 3 79 1
3 575 2 100 1
3 576 1 53 1
3 577 2 74 1
3 577 2 76 1
3 577 2 81 1
3 577 2 84 1
3 577 2 86 1
3 577 2 89 1
6 578 1 59 1
3 579 2 67 1
6 580 2 76 1
3 581 1 55 1
3 581 2 48 1
3 582 1 53 1
3 582 1 56 1
3 582 2 49 1
3 582 2 65 1
3 582 2 77 1
3 583 1 54 2
3 583 1 56 1
3 583 1 57 1
3 583 1 59 2
3 583 1 61 1
3 583 1 62 1
3 583 1 75 1
3 583 1 90 1
3 583 2 48 1
3 583 2 50 1
3 583 2 63 3
3 583 2 72 1
3 584 2 43 1
3 585 2 54 1
3 586 1 31 1
3 586 1 38 1
3 586 1 47 1
3 586 1 48 1
3 586 1 50 2
3 586 1 51 2
3 586 1 52 2
3 586 1 53 1
3 586 1 55 1
3 586 1 58 1
3 586 1 63 1
3 586 1 72 1
3 586 2 29 1
3 586 2 43 2
3 586 2 46 1
3 586 2 49 3
3 586 2 50 4
3 586 2 51 1
3 586 2 52 1
3 586 2 54 1
3 586 2 58 1
3 586 2 61 1
3 586 2 62 1
3 586 2 67 2
3 587 3 52 1
3 588 1 48 1
3 588 1 49 1
3 588 1 51 1
3 588 1 54 1
3 588 1 56 1
3 588 1 57 1
3 588 1 61 1
3 588 1 66 1
3 588 2 50 1
3 588 2 52 2
3 588 2 53 1
3 588 2 56 1
3 588 2 57 1
3 588 2 60 1
3 588 2 61 2
3 589 1 45 1
3 589 1 49 1
3 589 1 50 1
3 589 1 51 1
3 589 1 53 1
3 589 1 55 1
3 589 1 57 1
3 589 1 65 1
3 589 1 67 1
3 589 1 70 1
3 589 1 76 1
3 589 1 78 1
3 589 2 43 1
3 589 2 47 1
3 589 2 48 1
3 589 2 50 3
3 589 2 51 3
3 589 2 56 1
3 589 2 57 1
3 589 2 59 1
3 589 2 64 1
3 589 2 66 1
3 590 1 34 1
3 590 1 40 1
3 590 1 46 1
3 590 1 47 3
3 590 1 48 2
3 590 1 49 1
3 590 1 51 2
3 590 1 52 1
3 590 1 61 1
3 590 1 70 1
3 590 2 39 1
3 590 2 40 1
3 590 2 42 1
3 590 2 45 1
3 590 2 46 3
3 590 2 47 3
3 590 2 48 3
3 590 2 49 1
3 590 2 50 1
3 590 2 52 3
3 590 2 53 2
3 590 2 55 1
3 590 2 57 1
3 590 2 59 3
3 590 2 60 2
3 590 2 61 4
3 590 2 63 1
3 590 2 69 2
3 590 2 77 1
3 591 1 31 1
3 591 1 40 1
3 591 1 44 1
3 591 1 48 1
3 591 1 49 1
3 591 1 50 3
3 591 1 51 3
3 591 1 52 2
3 591 1 53 1
3 591 1 54 1
3 591 1 55 1
3 591 1 56 1
3 591 1 58 1
3 591 1 60 1
3 591 2 43 1
3 591 2 46 1
3 591 2 48 3
3 591 2 50 1
3 591 2 51 2
3 591 2 52 1
3 591 2 53 3
3 591 2 54 1
3 591 2 56 1
3 591 2 57 1
3 591 2 59 1
3 591 2 60 1
3 591 2 65 1
3 591 2 66 1
3 591 2 74 1
6 592 2 94 1
3 593 1 85 1
3 594 2 69 1
3 595 1 49 1
3 596 2 73 1
3 597 2 52 1
3 597 2 73 1
3 598 2 64 1
3 599 2 40 1
3 599 2 62 1
3 600 2 70 1
3 601 1 50 1
3 602 1 59 1
3 602 2 49 1
9 603 2 80 1
3 604 2 40 1
3 604 2 54 2
3 604 2 62 1
3 604 2 64 1
3 604 2 67 1
3 605 1 71 1
3 606 2 70 1
6 607 2 87 1
6 608 2 76 1
1 609 1 45 1
1 609 1 50 1
1 609 1 51 1
1 609 2 47 1
1 609 2 51 1
1 609 2 53 1
1 609 2 54 1
1 610 1 49 1
1 611 1 51 1
1 611 2 52 1
1 612 1 51 1
1 612 2 54 1
1 613 1 52 1
1 613 1 53 1
1 613 2 54 1
1 613 2 55 1
1 613 2 63 1
1 614 2 52 1
1 615 2 46 1
7 616 1 75 1
7 616 2 79 1
1 617 3 55 1
1 617 3 66 1
1 618 1 52 1
1 618 1 53 1
1 618 1 58 1
1 618 1 64 1
1 618 2 52 1
1 618 2 65 2
1 619 1 65 1
1 619 2 76 1
7 620 3 80 1
1 621 1 58 1
1 621 1 74 1
1 621 2 51 1
1 621 2 62 1
1 621 2 66 1
1 622 1 49 1
1 622 1 55 1
1 622 2 52 1
1 622 2 60 1
1 622 2 65 1
1 622 2 69 1
1 622 3 36 1
1 622 3 47 1
1 622 3 48 1
1 622 3 50 2
1 622 3 52 1
1 622 3 54 1
1 622 3 63 2
1 622 3 65 2
1 622 3 66 2
1 622 3 69 1
7 623 2 96 1
7 624 2 98 1
7 625 1 60 1
7 625 2 54 1
7 626 2 64 1
1 627 3 30 1
1 628 1 52 1
1 628 1 53 1
1 628 2 44 1
1 628 2 48 1
1 628 2 51 2
1 628 2 56 1
1 628 2 64 1
1 628 2 67 1
1 628 2 68 1
1 629 1 57 1
1 629 2 41 1
1 629 2 48 1
1 629 2 49 1
1 629 2 50 2
1 629 2 51 1
1 629 2 65 1
1 630 2 53 1
1 631 2 83 1
1 632 1 47 1
1 632 1 56 1
1 632 1 66 1
1 632 2 48 1
1 632 2 51 1
1 632 2 52 1
1 632 2 54 1
1 632 2 84 1
1 633 2 66 1
1 634 2 70 1
1 635 2 70 1
1 636 1 50 1
7 637 2 87 1
7 638 1 53 1
9 639 1 52 1
9 639 1 53 1
9 640 1 69 1
1 641 1 42 1
1 641 2 48 1
1 642 2 54 1
1 642 2 59 1
1 643 2 45 1
1 643 2 52 1
1 644 1 67 2
1 644 2 65 1
1 645 1 56 1
1 645 1 66 1
1 645 3 55 1
1 646 3 52 1
1 646 3 77 1
1 647 1 66 1
1 648 1 50 1
1 648 2 43 1
1 648 2 49 1
1 648 2 51 3
1 648 2 54 1
1 649 1 52 2
1 649 1 54 1
1 649 1 55 1
1 649 1 57 1
1 649 1 68 1
1 649 2 30 1
1 649 2 49 1
1 649 2 50 1
1 649 2 52 1
1 649 2 54 1
1 649 2 62 1
1 649 2 67 1
1 650 1 28 1
1 650 1 39 1
1 650 1 46 1
1 650 1 51 1
1 650 1 52 1
1 650 1 53 1
1 650 1 55 1
1 650 2 67 1
1 650 2 70 1
1 650 3 59 1
1 651 1 52 1
1 651 2 53 1
1 652 1 28 1
1 652 1 47 1
1 652 1 48 1
1 652 1 50 1
1 652 1 51 2
1 652 1 52 2
1 652 1 53 1
1 652 1 60 1
1 652 1 70 1
1 652 2 46 1
1 652 2 47 1
1 652 2 48 1
1 652 2 49 1
1 652 2 50 2
1 652 2 51 2
1 652 2 52 2
1 652 2 55 1
1 652 2 56 1
1 652 2 67 1
1 653 1 41 1
1 653 1 60 1
1 653 1 67 1
1 653 2 51 1
1 653 2 56 1
9 654 2 78 1
1 655 1 50 2
1 655 1 52 3
1 655 1 53 2
1 655 1 54 2
1 655 1 55 1
1 655 1 56 1
1 655 1 57 1
1 655 2 42 1
1 655 2 47 2
1 655 2 49 1
1 655 2 50 2
1 655 2 51 1
1 655 2 52 2
1 655 2 53 2
1 655 2 57 2
1 655 2 62 1
1 655 2 63 1
1 655 2 70 1
1 656 2 49 1
1 657 1 74 1
1 658 1 51 1
1 658 2 55 1
1 658 2 67 1
9 659 1 61 1
9 659 1 64 1
9 659 1 74 1
9 659 2 55 1
9 659 2 58 1
9 659 2 60 1
9 659 2 72 1
1 660 2 54 1
1 660 2 55 1
1 660 2 57 1
9 661 1 68 1
1 662 1 47 1
1 662 1 66 1
1 662 2 55 1
9 663 1 51 1
1 664 1 52 1
1 664 1 80 1
1 664 2 36 1
9 665 1 70 1
1 666 1 54 1
1 666 2 49 1
9 667 1 67 1
1 668 2 43 1
1 668 2 49 1
1 668 2 53 1
1 668 3 48 1
1 668 3 59 1
1 668 3 66 1
9 669 1 23 1
9 669 2 20 1
1 670 1 49 1
1 670 1 51 1
1 670 1 56 1
1 670 1 57 1
1 670 1 58 1
1 670 1 65 1
1 670 2 47 1
1 670 2 49 1
1 670 2 51 1
1 670 2 71 1
1 670 3 46 1
1 670 3 56 1
1 671 1 41 1
1 671 1 44 1
1 671 1 46 1
1 671 1 50 1
1 671 1 54 1
1 671 2 47 1
1 671 2 50 1
1 671 2 52 1
1 671 2 53 1
1 671 2 58 1
1 671 3 60 1
7 672 2 75 1
1 673 1 46 1
1 673 1 48 1
1 673 1 55 1
1 673 1 66 2
1 673 1 68 1
1 673 2 46 1
1 673 2 48 1
1 673 3 49 1
1 674 1 67 1
1 675 2 90 1
3 676 1 93 1
3 677 2 90 1
3 678 2 48 1
3 679 2 76 1
3 680 2 65 1
3 680 2 87 1
3 681 2 85 1
9 682 1 81 1
3 683 2 64 1
1 684 3 61 1
1 685 2 75 1
1 686 1 50 1
1 686 1 51 1
1 686 1 53 1
1 686 1 56 1
1 686 1 80 1
1 686 2 51 1
1 686 2 64 1
1 686 2 70 1
1 686 2 74 1
1 687 1 46 1
1 687 1 59 1
1 687 1 71 1
1 687 2 53 2
1 687 2 69 1
1 687 2 70 1
1 687 2 80 1
1 687 2 82 1
1 688 1 92 1
1 689 1 49 1
1 689 1 67 1
1 689 2 52 2
1 689 2 54 1
1 689 2 67 2
7 690 1 74 1
1 691 1 53 1
1 691 1 59 1
1 691 2 37 1
1 691 2 47 1
1 691 2 48 1
1 691 2 51 1
1 691 2 55 1
1 692 1 45 1
1 692 2 54 1
1 693 1 52 1
1 693 1 55 1
1 693 1 56 1
1 693 1 57 2
1 693 1 61 1
1 693 1 68 1
1 693 2 47 1
1 693 2 50 1
1 693 2 53 1
1 693 2 55 1
1 693 2 57 2
1 693 2 63 1
1 693 2 64 2
1 693 2 65 1
1 693 2 69 1
1 693 2 77 1
1 694 1 48 1
1 694 1 49 1
1 694 1 50 1
1 694 1 52 2
1 694 1 53 1
1 694 1 54 1
1 694 1 55 2
1 694 1 57 1
1 694 1 63 1
1 694 2 47 1
1 694 2 48 1
1 694 2 49 2
1 694 2 50 3
1 694 2 51 1
1 695 1 57 1
1 695 1 65 1
1 695 2 51 1
1 695 2 52 3
1 695 2 54 1
1 695 2 56 1
1 696 1 66 1
1 696 1 70 1
1 696 2 63 1
1 696 2 74 1
1 697 2 68 1
3 698 1 59 1
3 699 1 42 1
3 699 1 47 1
3 699 1 49 1
3 699 1 50 1
3 699 2 48 1
3 699 2 52 1
3 699 2 63 1
3 699 2 70 1
3 700 1 65 1
3 701 2 94 1
3 702 1 75 1
3 702 1 79 2
3 703 1 56 1
3 704 1 55 1
3 704 1 72 1
3 705 1 67 1
3 705 1 73 1
3 706 1 58 1
3 706 1 59 1
3 707 1 60 2
3 707 1 61 1
3 707 2 58 1
3 708 1 42 1
3 708 1 54 1
3 708 1 56 1
3 708 1 58 1
3 708 1 63 1
3 708 1 67 1
3 708 1 82 1
3 708 1 85 1
3 709 2 59 1
3 709 2 60 1
6 710 1 63 1
3 711 1 48 2
3 711 1 60 4
3 711 1 61 2
3 711 1 62 2
3 711 1 63 4
3 711 1 68 2
3 711 1 72 2
3 711 1 87 2
3 711 2 57 2
3 711 2 58 6
3 711 2 61 2
3 711 2 62 2
3 711 2 63 2
3 711 2 64 2
3 711 2 65 2
3 711 2 67 2
3 711 2 68 4
3 711 2 70 2
3 711 2 72 6
3 711 2 73 2
3 712 1 49 2
3 712 1 51 2
3 712 1 62 3
3 712 1 68 1
3 712 2 56 2
3 712 2 59 3
3 712 2 60 2
3 712 2 61 1
3 712 2 63 2
3 712 2 64 1
3 712 2 70 2
3 712 2 80 1
3 712 3 58 1
3 713 1 65 1
3 713 1 76 1
3 713 2 59 1
3 713 2 68 1
6 714 1 61 1
6 714 1 63 1
3 715 1 43 1
3 715 1 54 1
3 715 1 59 1
3 715 1 62 1
3 715 1 63 1
3 715 1 69 1
3 715 1 75 1
3 715 1 81 1
3 715 2 47 1
3 715 2 48 1
3 715 2 57 1
3 715 2 64 1
3 715 2 70 1
3 715 2 72 1
6 716 2 83 1
3 717 2 70 1
3 718 1 57 1
3 719 3 65 1
3 720 1 69 1
3 721 1 72 1
3 722 1 47 1
3 722 1 60 1
3 722 1 69 1
3 723 3 61 1
3 724 1 62 1
3 724 2 70 1
3 725 1 74 1
3 725 2 94 1
3 726 1 75 1
3 727 1 70 1
3 727 2 63 1
3 728 2 53 1
3 728 2 61 1
3 729 2 68 1
3 730 3 54 1
3 731 3 65 1
3 732 3 43 1
3 732 3 51 1
3 732 3 56 1
3 733 3 70 1
3 734 1 70 1
3 734 2 67 1
3 734 2 86 1
3 735 2 70 1
3 735 2 71 1
3 735 2 75 1
3 735 2 79 1
3 735 2 86 1
3 735 2 87 1
3 736 3 72 1
3 737 1 64 1
3 737 1 67 1
3 737 1 73 1
3 737 1 80 1
3 737 2 69 1
3 738 1 47 1
3 739 2 64 1
3 740 1 68 1
3 741 2 67 1
3 742 1 75 1
3 742 2 83 1
3 743 1 72 1
3 744 3 62 1
3 745 2 56 1
3 746 1 78 1
3 747 2 65 1
3 747 2 68 1
3 748 2 68 1
3 748 2 69 1
3 749 1 66 1
3 749 2 69 1
3 750 1 54 2
3 750 1 66 1
3 751 1 72 1
3 751 2 53 2
3 752 1 54 1
3 752 2 48 1
3 752 2 54 2
3 752 2 74 1
3 753 3 61 1
3 753 3 69 1
3 754 2 72 1
3 755 2 67 1
3 755 2 69 1
3 756 1 61 1
3 757 1 56 1
3 757 1 73 1
3 757 1 77 1
3 757 2 66 1
3 758 3 66 1
6 759 2 69 1
3 760 3 51 1
3 760 3 53 1
3 761 2 48 2
3 762 1 49 1
3 762 1 50 1
3 762 1 53 1
3 762 1 73 1
3 762 2 63 1
3 763 1 47 1
3 763 1 57 1
3 763 2 65 1
3 763 3 51 1
3 764 2 68 1
3 764 2 69 1
3 765 2 95 1
3 766 2 58 1
3 767 2 74 1
3 768 2 51 1
9 769 2 91 1
3 770 3 50 1
3 771 1 50 1
3 771 1 81 1
3 772 1 52 1
3 772 1 55 1
3 773 1 48 1
3 774 1 46 1
3 774 2 45 1
3 775 1 39 1
3 775 1 52 1
3 775 2 46 1
3 776 1 53 1
3 776 2 40 1
3 776 2 47 1
3 776 2 48 1
3 777 1 66 1
3 777 1 76 1
3 778 2 48 1
3 778 2 82 1
3 779 1 74 1
3 780 2 66 1
3 781 3 80 1
3 782 2 60 1
3 782 2 70 1
3 782 3 48 1
3 783 1 80 1
3 783 2 82 1
3 784 1 73 1
3 785 1 50 1
3 785 1 52 1
3 785 1 62 1
3 785 2 68 1
3 785 2 69 1
6 786 1 78 1
6 787 1 70 1
3 788 1 73 1
3 788 1 77 1
3 788 1 86 1
3 789 1 69 1
3 790 2 72 1
3 791 1 60 1
3 792 2 75 1
9 793 2 62 1
3 794 2 70 1
3 794 2 72 1
3 795 1 74 1
3 795 2 73 1
3 796 2 66 1
3 797 1 54 1
3 798 1 82 1
3 799 2 67 1
3 799 2 77 1
3 799 2 78 1
3 799 3 86 1
3 800 1 59 1
3 801 2 62 1
3 802 2 67 1
3 803 1 54 1
3 803 1 69 1
3 803 2 65 2
3 803 2 68 1
3 803 2 69 1
3 804 1 75 1
3 805 2 70 1
3 806 1 74 1
3 806 2 68 1
3 807 1 72 1
3 808 1 51 1
3 808 1 70 1
3 808 3 63 1
3 809 1 55 1
3 810 2 71 1
3 811 2 65 1
3 812 2 67 1
3 812 2 70 1
3 813 2 66 1
3 813 3 53 1
3 814 2 72 1
3 815 2 68 1
3 816 2 64 1
3 817 1 64 1
3 818 1 79 1
3 819 3 98 1
3 820 3 75 1
3 821 2 50 1
3 822 1 49 1
3 822 1 61 1
3 822 2 49 1
3 822 2 53 2
3 822 2 57 1
3 822 2 60 1
3 822 2 61 1
3 822 2 64 1
3 822 2 68 1
3 823 1 64 1
3 823 2 50 1
3 824 1 54 1
3 825 2 49 1
3 826 2 55 1
3 827 2 65 1
3 828 1 48 1
3 828 1 57 1
3 828 2 50 1
6 829 3 72 1
6 830 3 63 1
6 830 3 67 1
6 830 3 84 1
6 830 3 95 1
9 831 2 53 1
6 832 2 54 1
6 833 2 55 1
1 834 3 90 1
1 835 2 68 1
7 836 1 64 1
7 836 1 67 1
1 837 2 68 1
7 838 1 91 1
7 839 1 67 1
7 839 1 98 1
1 840 1 70 1
7 841 2 85 1
1 842 2 65 1
1 843 1 75 1
1 843 2 67 1
1 844 2 51 1
1 844 2 96 1
1 845 1 54 2
1 845 1 55 1
1 845 1 58 1
1 845 1 60 2
1 845 1 67 1
1 845 1 70 1
1 845 2 51 1
1 845 2 53 2
1 845 2 72 1
1 845 2 74 1
7 846 1 68 1
1 847 1 49 1
1 847 1 52 1
1 847 1 56 1
1 847 1 62 1
1 847 1 65 1
1 847 1 73 1
1 847 1 78 1
1 847 2 56 1
1 847 2 60 1
1 847 2 62 1
1 847 2 68 1
1 847 2 69 1
1 847 2 70 1
3 848 2 89 1
3 849 1 40 1
3 849 1 41 1
3 849 1 45 1
3 849 1 48 1
3 849 1 50 2
3 849 1 51 1
3 849 1 55 2
3 849 1 56 1
3 849 1 57 1
3 849 1 59 1
3 849 1 60 1
3 849 1 64 1
3 849 1 69 1
3 849 2 52 3
3 849 2 54 1
3 849 2 55 1
3 849 2 58 1
3 849 2 59 1
3 849 2 65 1
3 849 2 70 1
3 850 2 50 1
3 851 1 50 1
3 852 3 53 1
3 853 1 66 1
3 854 2 84 1
3 855 1 69 1
3 855 2 84 1
3 855 2 90 1
6 856 2 74 1
6 857 1 78 1
3 858 2 56 1
3 859 2 65 1
3 860 2 53 1
3 861 1 67 1
3 861 2 85 1
3 862 1 73 1
6 863 1 84 1
6 864 2 74 1
3 865 1 72 1
3 866 1 91 1
3 867 1 59 1
3 868 1 59 1
3 869 1 57 1
3 869 1 63 1
3 869 1 75 1
3 870 2 61 1
1 871 2 58 1
7 872 1 57 1
7 873 1 72 1
1 874 1 59 1
1 874 2 54 1
1 875 1 60 1
1 876 2 54 1
1 877 1 40 1
1 877 1 54 1
1 877 2 72 1
1 878 2 45 2
1 878 3 51 1
1 879 2 54 1
1 880 1 50 1
3 881 3 73 1
3 882 2 75 1
3 883 2 74 1
2 884 1 42 1
2 884 1 48 1
2 884 1 50 1
2 884 1 55 1
2 884 1 58 1
2 884 2 45 1
2 884 2 46 1
2 884 2 52 2
2 884 2 63 1
2 885 1 57 1
2 885 2 63 1
2 886 1 51 1
2 886 2 52 1
2 886 2 64 1
2 886 2 69 1
2 887 1 46 1
2 887 2 69 1
2 887 2 87 1
2 888 1 64 1
2 889 1 45 1
2 889 1 52 1
2 889 1 55 1
2 889 1 70 1
2 890 2 67 1
5 891 2 89 1
5 892 2 65 1
2 893 2 56 1
2 894 3 63 1
5 895 1 75 1
5 895 1 76 1
2 896 1 53 1
2 897 1 31 1
2 897 1 33 1
2 897 1 42 1
2 897 1 45 1
2 897 1 48 2
2 897 1 49 3
2 897 1 50 1
2 897 1 51 1
2 897 1 52 2
2 897 1 53 1
2 897 1 54 2
2 897 1 55 1
2 897 1 56 1
2 897 1 57 1
2 897 1 60 1
2 897 2 45 1
2 897 2 48 2
2 897 2 49 2
2 897 2 50 3
2 897 2 52 1
2 897 2 53 1
2 897 2 54 1
2 897 2 55 2
2 897 2 57 1
2 898 1 52 1
2 898 1 53 1
2 898 2 52 1
2 899 2 52 1
2 900 2 50 1
5 901 2 56 1
2 902 1 78 1
2 902 1 82 1
2 902 2 68 1
2 903 2 72 1
5 904 2 71 1
5 905 1 78 1
5 906 1 84 1
5 907 2 79 1
5 908 2 86 1
8 909 1 71 1
8 909 2 68 1
8 910 2 69 1
8 911 1 49 1
3 912 2 58 1
3 913 2 45 1
3 914 2 48 1
3 915 1 50 1
3 916 2 44 1
3 917 1 48 1
3 917 1 51 1
3 917 1 54 1
3 917 1 77 1
3 917 2 50 1
3 917 2 53 1
3 917 2 70 1
3 917 2 72 1
3 918 1 47 1
3 919 1 74 1
3 920 2 48 1
3 921 1 48 1
3 922 1 32 1
3 922 1 36 1
3 923 1 67 1
3 924 2 29 1
3 925 2 68 1
3 926 2 50 1
3 926 2 69 1
3 927 2 70 1
3 928 1 60 1
3 928 2 90 1
3 929 2 66 1
3 930 1 47 1
3 930 1 50 1
3 930 2 42 1
3 930 2 55 1
3 931 1 62 1
3 931 2 72 1
3 931 2 73 1
3 931 2 80 1
3 931 2 85 1
3 932 2 47 1
3 932 2 56 1
3 933 1 71 1
3 933 1 72 2
3 934 1 70 1
3 934 2 46 1
3 934 2 49 1
3 934 2 51 1
3 934 2 52 2
3 934 2 81 1
3 935 3 45 1
3 935 3 46 1
3 935 3 47 2
3 935 3 49 1
3 935 3 53 2
3 935 3 54 1
3 935 3 58 1
3 935 3 59 1
3 935 3 64 1
3 936 1 71 1
3 936 2 86 1
3 937 1 47 1
3 937 1 48 1
3 937 1 49 1
3 937 1 50 1
3 937 1 56 1
3 938 3 73 1
7 939 1 67 1
7 940 1 80 1
7 941 1 77 1
7 942 2 78 1
1 943 1 48 1
1 943 1 51 1
1 943 1 56 1
1 943 2 53 1
1 944 1 55 1
1 944 1 57 1
1 944 1 61 1
1 944 2 57 1
1 945 1 49 1
1 945 1 52 2
1 945 1 53 1
1 945 1 55 2
1 945 1 56 1
1 945 1 57 2
1 945 1 60 1
1 945 2 51 1
1 945 2 52 1
1 945 2 54 2
1 945 2 55 2
1 945 2 59 1
1 946 1 54 2
1 946 1 58 1
1 946 1 59 1
1 946 1 61 1
1 946 1 62 1
1 946 2 54 1
1 946 2 56 2
7 947 2 46 1
1 948 1 54 1
1 948 1 58 1
1 948 2 56 1
1 949 1 55 1
1 949 2 53 1
7 950 1 63 1
1 951 1 52 1
1 951 1 53 3
1 951 1 56 1
1 951 1 57 1
1 951 1 59 1
1 951 2 41 1
1 951 2 46 2
1 951 2 50 1
1 951 2 53 1
7 952 1 53 1
7 952 1 71 1
1 953 2 56 1
7 954 3 64 1
1 955 2 54 1
7 956 2 78 1
7 957 1 65 1
7 957 2 71 1
1 958 1 52 1
1 959 1 47 1
1 960 1 57 1
1 960 2 60 1
1 961 1 54 1
1 962 2 48 1
7 963 2 71 1
1 964 1 64 1
1 965 1 47 2
1 965 1 49 1
1 965 1 50 3
1 965 1 51 2
1 965 1 53 1
1 965 1 58 1
1 965 2 39 1
1 965 2 42 1
1 965 2 49 2
1 965 2 50 1
1 965 2 56 1
1 966 2 52 1
1 967 2 66 1
1 968 1 46 1
1 968 1 47 1
1 968 2 51 1
1 968 2 55 1
1 969 1 47 1
1 969 2 68 1
1 970 1 50 1
1 970 2 57 1
1 971 1 48 1
1 971 2 69 1
1 972 1 38 1
1 972 1 46 1
1 972 1 48 1
1 972 2 46 1
1 972 2 50 1
1 972 2 52 1
1 972 2 53 1
1 972 2 56 1
1 973 1 48 1
1 973 1 50 1
1 973 1 52 1
1 973 1 55 1
1 973 2 56 1
1 973 2 57 1
1 973 2 60 1
1 973 2 63 2
1 973 2 64 2
1 974 1 55 1
1 974 1 56 1
1 974 1 64 1
1 974 1 65 1
1 974 2 65 1
1 974 2 66 1
1 974 2 67 1
1 974 2 68 2
1 974 2 71 1
1 974 2 72 1
1 975 1 60 1
1 975 2 55 1
1 975 2 62 1
1 976 1 47 1
1 976 1 50 1
1 976 1 51 2
1 976 1 52 1
1 976 1 57 1
1 976 1 59 1
1 976 1 66 1
1 976 2 48 1
1 976 2 51 3
1 976 2 52 1
1 976 2 53 2
1 976 2 58 1
1 976 2 61 1
1 977 1 72 1
1 977 2 79 1
1 978 1 41 1
1 978 1 45 1
1 978 1 50 1
1 978 1 54 1
1 978 1 60 1
1 978 2 42 1
1 978 2 49 1
1 978 2 51 1
1 978 2 52 1
1 978 2 61 1
1 979 1 52 1
1 979 1 58 1
1 979 1 63 1
1 979 1 76 1
1 979 2 51 1
1 979 2 52 1
1 979 2 63 1
1 979 2 70 1
1 980 1 45 1
1 980 1 67 1
1 980 1 72 1
1 980 2 54 1
1 980 2 58 1
1 980 2 75 1
1 981 2 55 1
1 982 2 74 1
1 983 1 54 1
1 984 1 55 1
1 985 1 49 1
1 985 1 53 1
1 985 2 46 1
1 985 2 49 1
1 985 2 52 1
1 985 2 55 1
1 986 2 53 1
1 987 2 56 1
1 988 1 49 1
1 988 2 46 1
1 988 2 48 1
7 989 1 56 1
7 989 2 67 1
1 990 1 47 1
1 990 1 48 1
1 990 1 50 2
1 990 1 51 1
1 990 1 54 1
1 990 2 43 1
1 990 2 46 1
1 990 2 49 2
1 990 2 50 2
1 990 2 51 1
1 990 2 53 1
1 990 2 54 2
1 990 2 55 1
1 991 1 47 1
1 991 1 49 1
1 991 1 50 1
1 991 1 51 2
1 991 1 52 2
1 991 2 41 1
1 991 2 46 2
1 991 2 47 2
1 991 2 48 3
1 991 2 49 1
1 991 2 51 3
1 991 2 52 1
1 991 2 61 1
7 992 2 77 1
7 993 2 64 1
1 994 1 45 1
1 994 1 48 1
1 994 1 49 1
1 994 1 50 1
1 994 1 53 1
1 994 1 54 1
1 994 1 55 1
1 994 1 64 1
1 994 1 71 1
1 994 2 44 3
1 994 2 45 1
1 994 2 48 2
1 994 2 50 1
1 994 2 51 2
1 994 2 52 3
1 994 2 54 1
1 994 2 55 1
1 994 2 58 2
1 994 2 61 1
1 995 1 48 1
1 995 1 49 1
1 995 1 54 1
1 995 2 44 2
1 995 2 50 1
1 995 2 52 1
1 995 2 54 1
1 995 2 58 1
1 996 1 50 1
1 996 1 52 1
1 996 1 53 1
1 996 1 54 1
1 996 1 55 1
1 996 1 57 1
1 996 1 66 1
1 996 1 68 2
1 996 2 51 1
1 996 2 52 2
1 996 2 62 1
1 996 2 65 1
1 996 2 66 2
1 996 2 67 1
1 997 1 31 1
1 998 2 48 1
1 999 2 82 1
1 1000 1 48 1
1 1001 1 59 1
1 1002 2 68 1
1 1003 1 69 1
1 1004 2 52 1
1 1005 2 56 1
1 1006 2 64 1
1 1007 1 60 1
1 1008 2 52 1
7 1009 2 57 1
7 1010 2 67 1
7 1011 2 70 1
7 1012 1 60 1
7 1012 1 65 1
7 1013 1 61 1
7 1013 2 56 1
7 1014 2 76 1
7 1015 2 66 1
7 1016 2 52 1
7 1017 2 86 1
1 1018 2 76 1
7 1019 1 56 1
1 1020 2 78 1
7 1021 2 69 1
7 1022 2 64 1
1 1023 1 47 1
1 1023 2 40 1
7 1024 2 83 1
3 1025 1 21 1
3 1025 1 29 1
3 1025 1 31 1
3 1025 1 48 1
3 1025 1 49 1
3 1025 1 50 2
3 1025 1 51 1
3 1025 1 52 2
3 1025 1 53 2
3 1025 1 54 3
3 1025 1 55 2
3 1025 1 58 1
3 1025 1 62 1
3 1025 1 73 1
3 1025 1 81 1
3 1025 2 45 1
3 1025 2 47 1
3 1025 2 48 2
3 1025 2 50 3
3 1025 2 51 1
3 1025 2 54 1
3 1025 2 56 2
3 1025 2 58 1
3 1025 2 60 2
3 1025 2 61 1
3 1025 2 62 1
3 1025 2 72 1
3 1025 2 82 1
3 1025 2 88 1
7 1026 2 65 1
7 1027 1 69 1
7 1028 2 56 1
3 1029 1 90 1
3 1030 1 52 1
3 1031 1 72 1
3 1031 1 74 1
3 1032 1 65 1
3 1033 1 51 1
3 1034 1 87 1
1 1035 1 49 1
1 1035 1 54 2
1 1035 2 53 1
1 1035 2 56 1
1 1036 1 67 1
1 1036 2 63 1
1 1036 2 74 1
1 1037 1 50 1
1 1037 1 51 1
1 1037 2 42 1
1 1037 2 46 1
1 1037 2 47 1
1 1037 2 57 1
1 1037 2 64 1
1 1038 1 49 1
1 1038 1 50 2
1 1038 1 53 1
1 1038 1 60 1
1 1038 1 96 1
1 1038 2 41 1
1 1038 2 43 1
1 1038 2 51 1
1 1038 2 66 1
7 1039 2 86 1
7 1040 1 76 1
1 1041 1 44 2
1 1041 1 48 1
1 1041 1 49 1
1 1041 2 51 1
1 1041 2 56 1
1 1041 2 69 1
1 1041 2 72 1
1 1042 2 45 1
1 1042 2 58 1
1 1042 2 70 1
1 1043 1 46 1
1 1043 1 48 1
1 1043 1 50 2
1 1043 2 45 1
1 1043 2 46 2
1 1043 2 48 2
1 1043 2 49 1
1 1043 2 50 1
1 1043 2 53 2
1 1043 2 57 1
1 1043 2 68 2
1 1044 1 47 1
1 1044 2 60 1
1 1045 2 95 1
1 1046 1 73 1
7 1047 1 64 1
1 1048 1 47 1
1 1048 1 51 1
1 1049 1 52 1
1 1050 1 50 1
1 1050 1 56 1
1 1050 1 71 1
1 1051 1 51 2
1 1051 1 52 1
1 1051 1 56 2
1 1051 2 47 1
1 1051 2 49 1
1 1051 2 56 1
1 1051 2 57 1
1 1051 2 67 1
1 1051 2 71 1
7 1052 2 55 1
1 1053 1 79 1
1 1054 2 51 1
1 1055 1 50 1
1 1055 2 74 1
1 1056 1 44 1
1 1056 2 59 1
7 1057 2 67 1
1 1058 2 41 1
1 1058 2 70 1
7 1059 1 60 1
1 1060 1 68 1
1 1060 2 63 1
1 1061 1 47 1
1 1061 1 48 1
1 1061 1 51 1
1 1061 1 52 3
1 1061 1 53 1
1 1061 1 54 1
1 1061 1 55 1
1 1061 1 57 1
1 1061 1 62 1
1 1061 1 64 1
1 1061 2 46 4
1 1061 2 47 1
1 1061 2 48 1
1 1061 2 49 1
1 1061 2 50 1
1 1061 2 51 2
1 1061 2 52 3
1 1061 2 53 2
1 1061 2 54 1
1 1061 2 55 2
1 1061 2 56 2
1 1061 2 57 1
1 1061 2 60 1
1 1061 2 63 1
1 1061 2 71 1
1 1062 1 65 1
1 1063 1 47 1
1 1063 1 51 1
1 1063 1 53 1
1 1063 1 54 1
1 1063 1 70 1
1 1063 1 74 1
1 1063 2 46 1
1 1063 2 51 2
1 1063 2 56 1
1 1063 2 57 1
7 1064 1 87 1
1 1065 1 51 1
1 1065 2 62 1
1 1065 2 65 1
1 1066 1 71 1
1 1066 2 70 1
7 1067 1 78 1
1 1068 1 51 1
1 1068 2 53 1
1 1068 2 66 1
7 1069 2 82 1
1 1070 1 69 1
1 1070 2 61 1
1 1070 2 69 1
1 1070 2 70 1
1 1071 1 54 1
1 1071 2 49 1
1 1071 2 52 3
1 1071 2 54 1
1 1071 2 55 1
1 1071 2 60 1
1 1072 1 64 1
1 1073 1 51 1
1 1073 1 58 1
1 1073 2 47 1
1 1073 2 48 1
1 1073 2 53 1
7 1074 2 74 1
7 1074 2 80 1
9 1075 1 75 1
9 1075 1 77 1
9 1075 2 77 1
3 1076 2 61 1
3 1077 2 46 1
3 1078 1 46 1
3 1078 1 47 1
3 1078 1 49 1
3 1078 2 30 1
3 1078 2 40 1
3 1078 2 46 1
3 1078 2 48 2
3 1078 2 50 1
3 1078 2 52 1
3 1078 2 53 1
3 1078 2 58 1
6 1079 2 45 1
6 1080 2 63 1
6 1081 2 65 1
6 1082 1 44 1
6 1082 2 67 1
6 1083 1 72 1
6 1084 2 69 1
6 1085 1 58 1
6 1086 1 69 1
3 1087 1 50 1
3 1087 2 72 1
3 1088 1 29 2
3 1088 1 30 1
3 1088 1 31 1
3 1088 1 39 1
3 1088 1 41 2
3 1088 1 47 1
3 1088 1 48 2
3 1088 1 49 2
3 1088 1 50 1
3 1088 1 51 1
3 1088 1 52 1
3 1088 1 53 1
3 1088 1 54 1
3 1088 1 55 3
3 1088 1 59 1
3 1088 1 65 1
3 1088 2 29 1
3 1088 2 36 1
3 1088 2 45 1
3 1088 2 47 1
3 1088 2 48 1
3 1088 2 49 1
3 1088 2 50 2
3 1088 2 51 1
3 1088 2 52 3
3 1088 2 53 1
3 1088 2 54 1
3 1088 2 55 1
3 1088 2 63 1
3 1088 2 79 1
3 1089 1 44 1
3 1089 1 58 1
3 1089 2 52 1
6 1090 1 126 1
3 1091 1 74 1
3 1092 3 96 1
3 1093 3 76 1
3 1094 1 49 1
3 1095 1 71 1
6 1096 2 83 1
6 1097 2 86 1
9 1098 2 59 1
1 1099 2 49 1
6 1100 2 86 1
3 1101 1 44 1
3 1101 2 43 1
3 1101 2 48 1
3 1101 2 50 1
3 1101 2 51 1
3 1101 2 55 1
3 1102 1 50 1
3 1102 1 58 2
3 1102 2 47 1
3 1102 2 49 2
3 1102 2 53 1
3 1102 2 55 1
3 1102 2 66 1
6 1103 1 67 1
3 1104 2 52 1
3 1105 1 42 1
3 1105 1 49 1
3 1105 1 65 1
3 1105 2 52 1
3 1105 2 53 1
3 1105 2 61 1
3 1105 2 62 1
6 1106 2 87 1
3 1107 1 55 1
3 1107 2 45 1
3 1108 1 48 1
3 1109 1 59 1
3 1109 2 48 1
3 1109 2 50 1
3 1110 1 45 1
3 1110 2 47 1
3 1111 1 35 1
3 1112 1 51 1
3 1112 2 78 1
3 1113 1 50 1
3 1114 1 46 1
3 1115 1 52 1
3 1116 2 42 1
3 1117 1 44 1
3 1118 2 32 1
3 1119 1 45 1
3 1119 2 47 1
3 1120 2 48 1
3 1121 1 33 1
3 1121 1 39 1
3 1121 1 49 1
3 1121 2 43 1
3 1122 1 32 1
3 1122 1 46 1
3 1122 1 53 1
3 1122 2 31 1
3 1122 2 44 1
3 1123 1 93 1
3 1124 1 31 1
3 1124 1 34 1
3 1124 1 44 1
1 1125 2 92 1
1 1126 2 90 1
3 1127 1 76 1
3 1128 2 85 1
3 1128 2 86 1
3 1129 1 88 1
3 1130 2 41 1
3 1131 1 50 1
3 1132 2 65 1
3 1133 2 44 1
3 1134 1 54 1
3 1134 2 42 1
3 1134 2 52 1
3 1134 2 59 1
3 1134 3 30 1
3 1134 3 53 1
3 1135 1 43 1
3 1135 1 47 1
3 1135 1 48 1
3 1135 1 49 1
3 1135 2 44 1
3 1135 2 47 1
3 1135 2 49 1
3 1135 2 52 1
3 1135 2 53 1
6 1136 1 63 1
3 1137 2 64 1
3 1138 1 66 1
3 1139 1 76 1
3 1140 1 73 1
3 1141 1 54 1
3 1141 1 68 1
3 1141 2 51 2
3 1141 3 29 1
3 1141 3 64 1
3 1142 2 84 1
3 1143 2 53 1
1 1144 1 59 1
7 1145 2 67 1
7 1146 1 49 1
7 1147 1 56 1
7 1148 2 78 1
3 1149 1 83 1
6 1150 1 83 1
1 1151 1 60 1
1 1152 1 74 1
1 1152 1 81 1
1 1152 2 88 1
1 1153 2 65 1
1 1154 1 63 1
1 1154 1 65 1
1 1154 1 73 1
1 1154 1 74 1
1 1154 1 76 1
1 1154 1 77 2
1 1154 1 93 1
1 1154 2 71 1
1 1154 2 72 1
1 1154 2 73 1
1 1154 2 82 1
1 1155 1 80 1
1 1155 1 90 1
1 1155 2 65 1
1 1155 2 72 1
1 1155 2 76 1
1 1155 3 79 1
1 1156 2 58 1
1 1157 1 73 1
1 1158 2 70 1
1 1158 2 73 1
1 1159 2 55 1
1 1160 2 80 1
1 1161 2 65 1
1 1162 1 65 1
1 1163 1 50 1
1 1164 3 55 1
1 1165 1 63 1
1 1166 1 79 1
1 1166 2 73 1
1 1167 1 60 1
1 1167 1 65 1
1 1168 3 66 1
1 1169 1 59 1
1 1169 2 68 1
1 1169 2 87 1
1 1170 1 65 1
1 1170 2 50 1
7 1171 1 89 1
1 1172 1 52 1
1 1173 2 80 1
1 1173 2 87 1
1 1174 2 82 1
1 1175 2 69 1
1 1176 1 80 1
1 1177 1 73 1
1 1177 2 79 1
1 1178 2 76 1
1 1179 1 81 1
7 1180 2 64 1
7 1181 2 64 1
3 1182 1 71 1
3 1183 2 71 1
3 1184 2 74 1
3 1185 1 51 1
3 1185 1 56 1
3 1185 1 62 1
3 1185 1 69 1
3 1185 1 71 2
3 1185 1 80 1
3 1185 2 66 1
3 1185 2 70 1
3 1186 2 63 1
3 1187 1 67 1
3 1188 2 56 1
3 1188 2 61 1
3 1189 2 74 1
3 1189 2 76 1
3 1190 1 50 1
3 1190 1 66 1
3 1190 1 69 1
3 1190 2 61 1
3 1190 2 94 1
3 1191 1 56 1
3 1191 1 60 1
3 1191 2 59 2
3 1192 1 47 1
3 1192 1 61 1
3 1192 2 45 1
6 1193 1 59 1
3 1194 1 59 1
3 1195 2 45 1
3 1195 3 51 1
3 1196 3 56 1
1 1197 2 62 1
1 1197 2 70 1
1 1198 2 69 1
1 1199 2 67 1
1 1200 2 61 1
1 1201 2 77 1
1 1202 2 70 1
1 1203 1 63 1
1 1204 2 74 1
1 1204 2 75 1
1 1205 2 73 1
1 1205 2 80 1
1 1206 1 77 1
1 1206 2 65 1
1 1206 2 68 1
1 1206 2 69 1
1 1206 2 76 1
1 1206 2 89 1
1 1207 1 79 1
1 1207 2 72 1
1 1208 2 70 1
1 1208 2 71 1
1 1209 2 69 1
1 1210 2 68 1
1 1211 1 67 1
1 1211 1 72 1
1 1211 1 73 1
1 1211 1 77 1
1 1211 1 78 1
1 1211 1 80 1
1 1211 2 67 1
1 1211 2 83 1
1 1211 2 84 1
1 1212 2 78 1
1 1212 2 92 1
1 1213 1 100 1
1 1213 1 74 1
1 1213 1 77 1
1 1213 2 71 1
1 1214 1 76 1
1 1214 1 77 1
1 1214 2 76 1
1 1214 2 77 1
1 1215 1 74 1
1 1216 1 75 1
1 1216 1 77 1
1 1216 1 85 1
1 1216 2 63 1
1 1216 2 76 3
1 1216 2 77 1
1 1217 1 77 1
1 1217 2 71 1
1 1218 1 55 1
1 1219 1 75 1
1 1219 1 76 1
1 1219 2 80 1
1 1219 2 93 1
1 1220 1 79 1
1 1221 2 69 1
1 1222 1 73 1
1 1223 1 66 1
1 1224 1 62 1
1 1224 1 63 1
1 1225 1 51 1
1 1226 1 73 1
1 1227 1 59 1
1 1228 1 56 1
1 1228 1 59 1
1 1228 1 65 1
1 1228 1 66 1
1 1228 2 60 1
1 1228 2 66 1
1 1229 1 64 1
1 1230 1 60 1
1 1230 1 65 1
1 1230 1 66 1
1 1231 2 67 1
1 1232 2 94 1
1 1233 1 85 1
1 1234 1 66 1
1 1234 1 69 1
1 1234 1 71 2
1 1234 2 65 1
1 1234 2 80 1
1 1235 1 71 1
1 1235 1 74 1
1 1235 1 76 1
1 1235 2 86 1
1 1236 1 68 1
1 1236 1 71 1
1 1236 2 70 1
1 1237 2 69 1
7 1238 1 55 1
7 1239 2 65 1
1 1240 2 63 1
1 1241 3 64 1
1 1242 1 51 1
1 1243 1 49 1
1 1243 1 69 1
1 1243 2 62 1
1 1243 2 64 1
1 1243 2 66 1
1 1244 2 72 1
1 1245 1 68 1
1 1246 1 62 1
1 1246 2 73 1
1 1247 1 72 1
1 1247 2 79 1
1 1248 1 62 1
1 1249 2 74 1
1 1250 1 44 1
1 1250 1 50 1
1 1250 1 51 2
1 1250 1 56 3
1 1250 1 63 1
1 1250 2 50 1
1 1250 2 53 1
1 1250 2 54 1
1 1250 2 57 1
1 1250 2 58 1
1 1250 2 65 1
1 1251 1 50 1
1 1251 1 51 1
1 1251 1 67 1
1 1251 1 70 1
1 1252 2 85 1
1 1253 1 50 1
1 1253 1 55 1
1 1253 1 64 1
1 1253 2 54 1
1 1254 1 49 1
1 1254 1 52 1
1 1254 1 55 1
1 1254 1 57 1
1 1254 2 54 1
1 1254 2 95 1
1 1255 2 66 1
1 1256 1 71 1
1 1256 2 70 2
1 1256 2 77 1
1 1256 2 78 1
1 1257 1 52 1
1 1257 1 53 1
1 1257 1 56 2
1 1257 1 57 1
1 1257 1 58 2
1 1257 1 73 1
1 1257 2 47 1
1 1257 2 52 1
1 1257 2 64 1
1 1258 1 54 2
1 1258 1 77 1
1 1258 2 53 1
1 1259 1 52 1
1 1259 1 57 1
1 1259 2 60 1
1 1259 2 64 1
1 1259 2 70 1
1 1260 2 56 1
1 1261 1 61 1
1 1261 2 65 1
1 1261 2 68 1
1 1262 1 73 1
1 1263 1 66 1
1 1264 2 72 1
1 1265 2 67 1
1 1266 1 86 1
1 1266 2 71 1
1 1266 2 72 1
1 1267 1 75 1
1 1267 2 64 1
1 1267 2 72 1
7 1268 2 87 1
1 1269 1 66 1
1 1269 1 69 1
1 1269 1 90 1
1 1269 2 65 1
1 1269 2 68 1
1 1269 2 69 1
1 1270 1 49 1
1 1270 1 50 1
1 1270 2 82 1
7 1271 2 102 1
1 1272 2 47 2
1 1272 2 66 1
1 1273 2 56 1
1 1274 2 57 1
1 1275 1 59 1
1 1276 1 72 1
1 1277 2 69 1
7 1278 3 54 1
9 1279 1 47 1
1 1280 1 66 1
1 1280 2 70 1
1 1281 1 54 1
1 1282 1 77 1
1 1282 1 80 1
1 1282 2 68 1
1 1282 2 70 1
1 1282 2 72 1
1 1283 1 85 1
9 1284 2 65 1
1 1285 3 93 1
1 1286 1 96 1
1 1287 1 86 1
1 1287 2 78 1
1 1288 1 89 1
1 1288 2 75 1
9 1289 2 85 1
3 1290 2 56 1
3 1290 2 62 1
3 1290 2 75 1
7 1291 1 67 1
9 1292 2 85 1
3 1293 1 52 1
3 1293 1 63 1
3 1293 1 68 2
3 1293 1 72 1
3 1293 2 51 1
3 1293 2 85 1
3 1294 2 65 1
3 1294 2 68 1
3 1295 1 64 1
3 1295 2 63 2
1 1296 2 70 1
1 1297 1 55 1
1 1298 2 66 1
1 1299 1 59 1
6 1300 2 75 1
6 1301 2 61 1
6 1302 3 62 1
6 1303 1 80 1
6 1304 3 60 1
6 1305 2 58 1
6 1306 1 74 1
3 1307 1 93 1
1 1308 1 62 1
1 1309 1 58 1
1 1309 2 53 1
1 1310 1 76 1
1 1311 2 52 1
1 1312 1 66 1
1 1313 2 51 1
1 1313 2 74 1
1 1314 1 75 1
1 1315 2 63 1
1 1316 2 63 1
1 1317 1 51 1
1 1317 1 53 1
1 1317 2 33 1
1 1317 2 42 1
1 1317 2 43 1
1 1317 2 48 1
1 1317 2 49 3
1 1317 2 52 1
1 1317 2 54 1
1 1317 2 61 1
1 1317 3 29 1
1 1317 3 34 1
1 1317 3 45 1
1 1317 3 48 2
1 1317 3 50 3
1 1317 3 51 1
1 1317 3 53 2
1 1317 3 54 2
1 1317 3 56 1
1 1317 3 57 1
1 1317 3 58 3
1 1318 1 60 1
1 1318 2 61 1
1 1319 2 48 1
1 1319 2 68 1
1 1320 1 50 2
1 1320 2 44 1
1 1320 2 52 1
1 1320 2 87 1
1 1321 2 46 1
1 1321 2 50 1
1 1321 2 52 1
1 1321 2 58 1
1 1321 2 67 1
1 1322 1 62 1
1 1322 2 49 2
1 1322 2 54 1
1 1322 2 80 1
1 1323 1 90 1
1 1323 2 50 1
1 1323 2 57 1
1 1323 2 69 1
1 1323 2 78 1
1 1324 2 48 1
1 1324 3 50 2
1 1324 3 52 2
1 1324 3 55 1
1 1324 3 56 1
1 1324 3 70 1
1 1324 3 75 1
1 1325 2 67 1
1 1326 1 59 1
1 1326 2 51 1
1 1326 2 52 1
1 1326 2 54 1
1 1326 2 55 1
1 1327 1 48 2
1 1327 1 55 1
1 1327 2 49 1
1 1327 2 50 1
1 1327 2 52 1
1 1327 2 55 1
1 1327 2 63 1
1 1327 3 47 1
1 1327 3 49 1
1 1327 3 52 2
1 1327 3 54 1
1 1327 3 64 1
1 1327 3 65 1
1 1328 2 67 1
1 1329 2 70 1
1 1330 2 68 1
1 1331 2 69 1
1 1332 1 95 1
1 1332 2 61 1
1 1332 2 73 1
1 1333 2 77 1
1 1333 2 81 1
1 1334 1 57 1
1 1335 1 75 1
1 1336 2 76 1
1 1337 2 64 1
1 1337 2 78 1
1 1338 2 63 1
1 1339 1 70 1
1 1340 1 80 1
1 1340 2 60 1
1 1340 2 71 1
7 1341 1 64 1
1 1342 2 93 1
1 1343 2 85 1
1 1343 2 96 1
1 1344 2 62 1
1 1345 2 60 1
1 1346 1 50 1
1 1346 1 63 1
1 1346 2 49 1
1 1346 2 50 1
1 1346 2 51 1
1 1346 2 56 1
1 1346 2 61 1
1 1347 1 46 1
1 1347 1 52 1
1 1347 1 53 2
1 1347 1 58 1
1 1347 1 62 1
1 1347 1 70 1
1 1347 1 73 1
1 1347 2 48 2
1 1347 2 50 1
1 1347 2 52 1
1 1347 2 53 1
1 1347 2 55 1
1 1347 2 59 1
1 1347 2 60 1
1 1347 2 61 1
1 1347 2 62 1
1 1347 2 66 1
1 1347 2 73 1
1 1348 1 85 1
1 1348 2 51 1
1 1348 2 52 1
1 1348 2 54 1
1 1348 2 63 1
1 1349 2 78 1
1 1350 2 66 1
1 1351 1 53 1
1 1351 2 43 1
1 1351 2 46 1
1 1351 2 50 1
1 1352 2 56 1
1 1352 2 62 1
1 1352 2 63 1
1 1352 2 70 1
7 1353 1 47 1
7 1353 1 66 1
1 1354 2 60 1
1 1354 2 63 1
1 1354 2 72 1
7 1355 2 69 1
7 1356 2 67 1
7 1357 2 63 1
1 1358 1 51 1
1 1358 1 62 1
1 1358 2 62 1
1 1358 2 75 1
1 1359 1 55 1
1 1359 1 63 1
1 1360 1 67 1
1 1361 2 67 1
1 1362 2 56 1
1 1363 2 70 1
1 1364 2 82 1
1 1365 1 92 1
1 1366 1 61 1
1 1367 1 73 1
1 1368 1 62 1
1 1368 2 69 1
3 1369 1 48 1
3 1370 1 48 1
3 1370 2 51 1
3 1371 2 47 1
3 1372 1 32 1
3 1372 1 42 1
3 1372 1 47 1
3 1372 2 39 1
3 1372 2 61 1
3 1372 2 66 1
3 1372 2 71 1
3 1373 1 30 1
3 1373 1 47 1
3 1373 1 51 1
3 1373 1 53 1
3 1373 1 68 1
3 1373 2 31 1
3 1373 2 45 1
3 1373 2 46 2
3 1373 2 47 1
3 1373 2 49 1
3 1373 2 50 2
3 1373 2 51 1
3 1373 2 56 2
3 1373 2 73 1
3 1374 2 76 1
3 1375 1 75 1
3 1376 2 66 1
3 1377 1 65 1
3 1377 2 48 1
3 1378 1 118 1
3 1378 1 75 1
3 1379 1 67 1
3 1380 1 70 1
3 1380 2 69 1
3 1381 2 74 1
3 1382 2 68 1
3 1383 2 68 1
3 1384 2 91 1
3 1385 1 80 1
3 1386 1 55 1
3 1387 1 72 1
3 1387 2 83 1
3 1388 1 58 1
1 1389 1 63 1
1 1390 1 48 1
1 1390 1 53 1
1 1390 1 55 1
1 1390 1 56 1
1 1390 2 52 1
1 1390 2 63 1
1 1391 1 51 1
1 1391 1 52 1
1 1391 1 70 1
1 1392 1 52 1
1 1392 1 53 1
1 1392 2 50 1
1 1392 2 56 1
1 1393 1 42 1
1 1393 1 54 1
1 1393 1 60 1
1 1394 1 73 1
1 1395 1 53 1
1 1395 1 54 1
1 1396 1 62 1
7 1397 2 54 1
7 1398 2 74 1
1 1399 1 49 1
1 1400 1 69 1
1 1401 2 90 1
1 1402 1 67 1
1 1403 1 71 1
1 1403 1 76 1
1 1403 2 69 1
1 1404 1 68 1
1 1404 2 73 1
1 1405 1 73 1
1 1405 2 66 1
1 1405 2 71 1
1 1406 1 64 1
1 1406 2 67 1
1 1407 1 54 1
1 1408 1 56 1
1 1409 1 63 1
1 1410 1 57 1
1 1411 2 65 1
1 1411 2 90 1
1 1412 1 66 1
1 1412 2 68 1
1 1413 1 67 1
1 1414 1 71 1
1 1415 1 95 1
1 1416 1 66 1
1 1416 1 72 1
1 1416 1 76 1
1 1416 2 52 1
1 1417 2 63 2
1 1417 2 66 1
1 1418 2 54 1
1 1418 2 63 1
1 1419 1 52 1
1 1419 1 58 1
1 1420 2 49 1
1 1421 2 71 1
1 1422 1 67 1
1 1423 1 72 1
1 1424 2 79 1
1 1425 2 65 1
1 1426 1 68 1
1 1426 2 80 1
1 1427 1 82 1
1 1427 2 75 1
1 1427 2 88 1
1 1428 2 72 1
1 1428 2 78 1
1 1429 2 65 1
1 1430 1 75 1
1 1431 1 67 1
1 1432 1 79 1
1 1432 2 52 1
1 1432 3 85 1
1 1433 1 74 1
1 1434 2 80 1
5 1435 1 71 1
2 1436 2 74 1
2 1437 2 52 1
2 1438 2 52 1
2 1439 2 51 1
2 1439 2 72 1
2 1440 2 61 1
2 1441 1 62 1
2 1441 1 66 1
2 1441 2 79 1
2 1442 2 71 1
2 1443 2 60 1
2 1444 1 66 1
2 1444 1 74 1
2 1444 1 83 1
2 1445 1 76 1
2 1445 2 80 1
2 1446 1 62 1
2 1446 2 51 1
2 1446 2 53 1
2 1446 2 67 1
2 1446 2 68 1
2 1447 2 63 1
2 1448 1 47 1
2 1449 1 63 1
2 1449 2 74 1
5 1450 2 53 1
5 1450 2 79 1
5 1451 2 84 1
2 1452 1 68 2
2 1452 2 49 1
2 1452 2 66 1
2 1453 1 57 1
5 1454 2 78 1
2 1455 1 44 2
2 1455 1 46 1
2 1455 1 48 2
2 1455 1 54 1
2 1455 1 55 1
2 1455 2 50 1
2 1455 2 61 1
2 1455 2 85 1
5 1456 1 58 1
5 1456 2 77 1
5 1457 2 54 1
2 1458 1 64 1
2 1458 1 69 1
5 1459 1 92 1
5 1460 1 86 1
5 1461 2 80 1
2 1462 1 63 1
2 1462 2 59 1
2 1463 2 55 1
5 1464 2 85 1
2 1465 1 72 1
2 1465 1 73 1
2 1465 1 74 1
2 1465 2 80 1
2 1466 1 74 1
2 1466 2 79 1
2 1467 1 52 1
2 1467 1 56 2
2 1467 1 57 2
2 1467 2 36 1
2 1467 2 52 2
2 1467 2 57 1
2 1467 2 58 1
2 1467 2 59 2
2 1467 2 62 1
2 1468 1 52 1
2 1469 2 43 1
2 1470 1 63 1
2 1471 1 47 1
2 1471 2 47 1
2 1471 2 49 1
2 1471 2 59 1
2 1472 1 51 1
2 1472 1 82 1
2 1472 2 53 1
2 1473 2 66 1
2 1473 2 70 1
2 1474 1 89 1
2 1475 2 73 1
2 1476 1 52 1
2 1476 1 53 1
2 1476 2 49 1
2 1476 2 53 1
2 1476 2 54 1
2 1477 2 90 1
2 1478 1 71 1
2 1478 2 70 1
2 1479 1 49 1
2 1479 1 51 1
2 1479 1 60 1
2 1479 2 51 1
2 1479 2 57 1
2 1479 2 67 1
2 1479 2 69 1
2 1480 2 59 1
2 1481 1 47 1
2 1481 1 63 1
2 1481 2 61 1
2 1481 2 64 2
2 1482 2 62 1
2 1482 2 66 1
2 1483 1 73 1
2 1483 2 65 1
2 1483 2 69 1
2 1484 1 29 1
2 1484 1 51 1
2 1484 2 54 1
2 1484 2 65 1
2 1484 2 68 1
2 1484 2 71 1
2 1485 1 46 1
2 1485 1 50 1
2 1485 1 52 1
2 1485 1 54 1
2 1485 1 62 1
2 1485 1 74 1
2 1485 2 45 1
2 1485 2 52 1
2 1485 2 53 1
2 1485 2 54 1
2 1485 2 62 1
2 1485 2 63 1
2 1485 2 66 1
2 1485 2 67 1
2 1486 1 42 1
2 1486 1 47 1
2 1486 1 48 1
2 1486 1 54 1
2 1486 1 56 1
2 1486 1 59 1
2 1486 2 48 1
2 1486 2 51 1
2 1486 2 53 2
2 1486 2 58 1
2 1486 2 61 1
2 1486 2 64 1
2 1486 2 73 1
2 1487 1 48 1
2 1487 1 50 1
2 1487 1 62 1
2 1487 2 51 1
5 1488 2 77 1
8 1489 1 104 1
8 1490 2 80 1
8 1491 2 70 1
8 1492 1 70 1
2 1493 1 54 1
5 1494 1 52 1
5 1494 2 54 1
8 1495 2 60 1
8 1496 1 58 1
2 1497 2 63 1
2 1498 2 55 1
2 1499 1 57 1
2 1499 1 58 1
2 1499 1 59 1
2 1499 2 60 1
2 1500 1 64 1
2 1500 2 65 1
2 1501 1 68 1
2 1501 2 58 1
2 1501 2 63 1
2 1501 2 66 1
2 1502 1 39 1
2 1502 1 48 1
2 1503 1 64 1
2 1503 2 71 1
2 1503 2 73 1
2 1504 1 54 1
3 1505 2 53 1
3 1506 1 28 1
3 1506 2 48 1
3 1506 2 52 1
6 1507 1 38 1
3 1508 2 75 1
3 1509 1 79 1
7 1510 1 61 1
7 1511 1 56 1
1 1512 2 55 1
1 1513 1 68 1
1 1514 2 73 1
1 1515 1 77 1
1 1516 2 50 1
1 1517 2 56 1
1 1518 1 62 1
3 1519 1 50 1
3 1520 2 66 1
3 1521 1 54 1
3 1521 2 85 1
3 1522 1 50 1
3 1522 1 51 1
3 1522 2 44 1
3 1523 1 50 1
3 1524 1 54 1
6 1525 1 76 1
3 1526 1 38 1
3 1526 1 53 1
6 1527 2 80 1
6 1528 2 86 1
1 1529 2 75 1
1 1530 2 52 1
1 1531 2 62 1
1 1532 2 54 1
1 1533 2 67 1
1 1534 1 51 1
1 1534 1 62 1
1 1534 1 68 1
1 1534 2 55 1
1 1535 2 48 1
1 1536 2 54 1
7 1537 1 90 1
1 1538 1 52 1
1 1538 2 60 1
1 1538 2 86 1
1 1539 2 67 1
1 1540 1 53 1
1 1540 1 74 1
1 1541 2 52 1
1 1542 1 51 1
1 1542 1 53 1
1 1542 1 65 1
1 1542 2 50 1
1 1542 2 51 1
1 1542 2 57 1
1 1543 2 52 1
1 1543 2 65 1
7 1544 1 78 1
1 1545 1 65 1
1 1546 1 65 1
7 1547 3 73 1
1 1548 2 67 1
1 1549 1 55 1
1 1550 1 52 1
1 1550 1 59 1
1 1550 2 40 1
1 1550 2 51 1
1 1550 2 58 1
1 1550 2 59 1
1 1550 2 63 2
1 1550 2 64 1
1 1550 2 70 1
1 1550 2 73 1
1 1551 1 52 1
1 1551 1 67 1
1 1551 2 58 1
1 1551 2 64 1
1 1551 2 73 1
1 1552 1 46 1
1 1552 1 50 3
1 1552 1 51 1
1 1552 1 52 2
1 1552 1 53 1
1 1552 1 55 1
1 1552 2 43 1
1 1552 2 45 1
1 1552 2 47 1
1 1552 2 48 3
1 1552 2 51 5
7 1553 1 61 1
7 1553 1 82 1
7 1553 2 59 1
1 1554 1 54 3
1 1554 1 56 1
1 1554 1 61 1
1 1554 1 64 1
1 1554 1 66 1
1 1554 1 69 2
1 1554 2 54 2
1 1554 2 55 1
1 1554 2 57 1
1 1554 2 63 3
1 1554 2 65 1
1 1554 2 66 3
7 1555 2 83 1
1 1556 1 50 2
1 1556 1 52 1
1 1556 1 53 1
1 1556 1 67 1
1 1556 2 48 1
1 1556 2 51 1
1 1556 2 69 2
1 1556 2 71 1
1 1556 2 72 1
1 1556 2 78 1
1 1557 3 84 1
1 1558 1 70 1
1 1559 1 55 1
1 1559 2 47 1
1 1559 2 75 1
1 1560 1 50 1
1 1560 1 56 1
1 1560 1 70 1
1 1560 2 57 1
1 1560 2 58 1
1 1561 1 50 1
1 1561 1 57 1
1 1561 2 62 1
1 1561 2 63 1
1 1562 1 62 1
1 1562 2 62 1
1 1563 1 36 1
1 1563 1 72 1
1 1563 2 49 1
1 1563 2 86 1
1 1564 1 49 2
1 1564 1 51 1
1 1564 1 63 1
1 1564 2 47 1
1 1564 2 54 1
1 1564 2 68 1
1 1565 1 55 1
1 1565 2 50 1
1 1566 1 64 1
1 1566 2 59 1
1 1566 2 61 1
1 1567 3 74 1
1 1568 1 55 1
1 1568 2 71 1
1 1569 1 63 1
1 1569 2 65 1
1 1570 1 54 1
1 1571 2 68 1
1 1572 2 72 1
1 1573 1 50 1
1 1573 1 53 1
1 1573 1 64 1
1 1573 1 65 1
1 1573 2 49 1
1 1573 2 53 1
1 1573 2 55 1
1 1574 1 52 1
1 1574 1 54 1
1 1574 1 58 1
1 1574 1 63 1
1 1574 1 65 1
1 1574 2 44 1
1 1574 2 46 1
1 1574 2 50 1
1 1574 2 52 1
1 1574 2 54 1
1 1574 2 59 1
1 1574 2 68 1
7 1575 3 66 1
7 1575 3 73 1
1 1576 2 79 1
1 1577 1 38 1
1 1577 1 45 1
1 1577 1 46 1
1 1577 1 48 1
1 1577 1 51 1
1 1577 1 52 1
1 1577 1 53 1
1 1577 1 54 4
1 1577 1 55 1
1 1577 1 57 1
1 1577 1 63 1
1 1577 1 71 1
1 1577 1 73 1
1 1577 2 29 1
1 1577 2 44 1
1 1577 2 47 1
1 1577 2 48 2
1 1577 2 49 1
1 1577 2 51 1
1 1577 2 58 1
1 1577 2 60 1
1 1577 2 61 1
1 1577 2 62 1
1 1577 2 64 1
1 1577 2 67 1
1 1577 2 76 1
1 1578 1 57 1
2 1579 2 66 1
2 1580 2 66 1
2 1580 2 73 1
2 1581 2 36 1
2 1582 1 52 1
2 1582 2 36 1
2 1583 1 58 1
2 1583 1 65 1
2 1583 2 62 1
2 1583 2 65 1
2 1584 2 58 1
2 1585 2 74 1
2 1586 1 51 1
2 1586 1 52 1
2 1587 1 83 1
2 1587 2 45 1
2 1587 2 51 1
2 1587 2 59 1
2 1587 2 63 1
2 1587 2 67 1
2 1587 2 76 1
2 1587 2 84 1
2 1587 2 85 1
2 1588 1 47 1
2 1589 1 60 1
2 1590 2 73 1
2 1590 2 85 1
2 1591 2 61 1
2 1592 2 51 1
2 1592 2 54 1
2 1592 2 79 1
2 1593 2 66 1
2 1594 1 52 1
2 1594 1 87 1
2 1595 1 49 1
2 1596 2 62 1
2 1596 2 68 1
2 1596 2 73 1
2 1596 2 78 1
2 1597 1 55 1
2 1597 1 57 1
2 1597 2 47 1
2 1597 2 50 1
2 1597 2 66 1
2 1598 2 48 1
2 1598 2 54 1
2 1599 2 64 1
2 1600 1 49 1
2 1600 2 62 1
2 1600 3 56 1
2 1601 1 64 1
2 1602 1 53 1
2 1602 1 72 1
2 1602 2 64 1
2 1603 1 63 1
2 1603 1 64 1
2 1603 2 52 1
2 1604 2 62 1
2 1605 2 46 1
2 1606 1 64 1
2 1607 1 72 1
2 1608 1 54 1
7 1609 1 57 1
1 1610 3 55 1
1 1611 3 61 1
1 1611 3 64 1
7 1612 2 56 1
7 1612 2 64 1
7 1613 2 88 1
1 1614 3 53 2
1 1614 3 59 1
1 1614 3 79 1
1 1615 3 56 1
1 1615 3 58 1
1 1615 3 69 1
1 1615 3 75 1
1 1616 3 53 1
1 1616 3 54 1
1 1616 3 55 1
1 1617 3 52 1
1 1617 3 55 1
1 1617 3 62 1
7 1618 1 56 1
7 1619 2 68 1
3 1620 1 50 1
3 1620 1 52 1
3 1620 2 49 1
3 1620 2 50 1
3 1621 1 29 1
3 1621 1 30 1
3 1621 1 33 1
3 1621 1 45 1
3 1621 1 47 1
3 1621 1 48 1
3 1621 1 52 1
3 1621 1 54 1
3 1621 1 62 1
3 1621 1 67 1
3 1621 2 43 1
3 1621 2 47 1
3 1621 2 48 1
3 1621 2 49 3
3 1621 2 50 1
3 1621 2 56 1
3 1621 2 59 1
3 1621 2 67 1
3 1622 1 42 1
3 1623 1 30 1
3 1623 1 48 1
3 1623 2 48 1
3 1623 2 50 1
3 1623 2 60 1
3 1623 3 49 1
3 1624 1 40 1
3 1624 1 48 1
3 1624 1 49 1
3 1624 1 50 2
3 1624 1 51 1
3 1624 1 52 1
3 1624 1 53 1
3 1624 1 54 1
3 1624 1 55 2
3 1624 1 56 1
3 1624 1 57 1
3 1624 1 59 1
3 1624 1 62 1
3 1624 1 70 1
3 1624 2 40 1
3 1624 2 43 1
3 1624 2 45 1
3 1624 2 47 1
3 1624 2 48 1
3 1624 2 49 2
3 1624 2 50 1
3 1624 2 51 1
3 1624 2 52 1
3 1624 2 53 2
3 1624 2 54 3
3 1624 2 56 1
3 1624 2 58 2
3 1624 2 59 1
3 1624 2 72 2
3 1625 1 54 2
3 1626 2 65 1
3 1627 1 58 1
3 1628 1 55 1
3 1628 1 56 1
3 1629 1 30 1
3 1629 1 39 1
3 1629 1 51 1
3 1629 1 53 1
3 1629 1 55 1
3 1629 1 60 1
3 1629 2 43 1
3 1629 2 46 2
3 1629 2 49 2
3 1629 2 54 1
3 1629 2 55 3
3 1629 2 57 1
3 1629 2 65 1
3 1629 2 66 1
3 1629 2 69 1
3 1629 2 73 1
3 1630 2 54 1
3 1631 2 73 1
3 1632 1 26 1
3 1632 1 51 1
3 1632 2 52 1
3 1632 2 54 1
3 1633 1 55 1
3 1633 2 48 1
3 1633 2 52 1
3 1634 1 51 1
3 1634 1 55 1
3 1634 1 57 1
3 1634 1 66 1
3 1634 2 42 2
3 1634 2 46 1
3 1634 2 50 2
3 1634 2 52 1
3 1634 2 55 1
3 1634 2 57 1
3 1634 2 59 2
3 1634 2 67 1
3 1634 2 68 1
3 1635 1 63 1
3 1636 2 57 1
1 1637 2 87 1
7 1638 1 72 1
7 1639 2 82 1
7 1640 2 83 1
7 1641 2 56 1
7 1642 2 57 1
1 1643 1 75 1
1 1643 2 76 1
1 1644 1 48 1
1 1644 1 69 1
1 1645 1 72 1
7 1646 1 75 1
1 1647 1 53 1
1 1648 2 58 1
7 1649 2 56 1
7 1650 2 58 1
1 1651 1 55 1
1 1651 2 47 1
1 1651 2 49 1
1 1652 1 60 1
1 1653 2 48 1
1 1653 2 49 1
1 1654 1 67 1
1 1655 2 50 1
1 1656 2 53 1
1 1656 3 51 1
1 1656 3 53 2
1 1656 3 54 2
1 1656 3 55 2
1 1656 3 56 1
1 1656 3 57 1
1 1656 3 69 1
1 1656 3 72 1
1 1656 3 87 1
7 1657 1 88 1
7 1657 2 89 1
7 1658 1 66 1
7 1659 1 67 1
7 1659 1 75 1
7 1660 1 92 1
1 1661 1 73 1
1 1662 1 48 1
1 1662 1 57 1
1 1662 1 58 1
3 1663 1 48 1
3 1663 2 54 1
3 1664 1 68 1
3 1664 1 70 2
3 1664 2 74 1
3 1664 2 78 1
3 1665 1 68 2
3 1666 1 67 1
3 1666 2 69 2
3 1667 1 73 1
3 1667 2 74 1
3 1668 1 79 1
3 1668 2 94 1
3 1669 2 73 1
3 1670 1 46 1
3 1670 1 71 1
3 1670 2 83 1
3 1671 1 79 1
3 1672 1 71 1
3 1673 2 78 1
3 1674 1 73 1
3 1675 2 83 1
3 1676 1 78 1
3 1676 2 86 1
3 1676 2 92 1
3 1677 1 76 1
3 1678 1 74 1
3 1678 1 76 1
3 1678 2 82 1
3 1679 2 76 1
3 1680 1 69 1
9 1681 2 52 1
3 1682 1 75 1
3 1683 3 39 1
3 1684 1 54 1
3 1685 1 49 1
3 1685 1 61 2
3 1685 1 68 1
3 1685 2 70 1
3 1685 2 75 1
3 1685 2 82 1
3 1686 1 45 1
3 1687 2 50 1
3 1688 1 68 1
9 1689 1 44 1
9 1689 1 87 1
9 1690 1 76 1
9 1691 2 64 1
9 1692 2 74 1
9 1693 1 65 1
3 1694 1 51 1
9 1695 1 55 1
3 1696 1 50 1
3 1696 1 57 1
3 1696 2 48 1
3 1696 2 53 1
3 1697 1 58 1
3 1698 2 69 1
3 1699 2 47 1
3 1700 2 65 1
3 1701 1 54 1
3 1702 1 73 1
3 1703 1 60 1
3 1703 2 43 1
3 1704 2 55 1
3 1705 1 65 1
3 1705 1 70 1
3 1705 2 93 1
3 1706 2 52 1
3 1707 1 63 1
3 1708 1 76 1
3 1708 2 48 1
3 1708 2 49 1
3 1709 1 69 1
7 1710 1 77 1
7 1711 2 69 1
1 1712 1 63 1
9 1713 2 41 1
7 1714 1 49 1
7 1714 2 53 1
9 1715 2 55 1
7 1716 1 48 1
7 1716 1 50 1
7 1717 2 56 1
3 1718 3 89 1
3 1719 1 85 1
1 1720 2 76 1
1 1721 2 79 1
1 1722 1 62 1
1 1723 3 53 1
1 1724 3 55 1
3 1725 2 78 1
7 1726 1 98 1
7 1726 2 67 1
7 1727 2 62 1
3 1728 2 77 1
3 1729 1 88 1
7 1730 1 66 1
7 1731 1 62 1
7 1732 1 81 1
7 1733 1 58 1
7 1733 1 81 1
7 1733 2 61 1
7 1733 2 62 1
7 1733 2 71 1
7 1734 2 64 1
7 1735 1 56 2
7 1735 1 59 1
7 1735 1 64 1
7 1735 1 65 1
7 1735 1 67 2
7 1735 1 72 1
7 1735 1 79 2
7 1735 1 85 1
7 1735 2 52 1
7 1735 2 61 1
7 1735 2 62 1
7 1735 2 71 1
7 1735 2 72 1
7 1735 2 76 1
7 1735 2 77 1
7 1736 1 64 1
7 1736 1 70 1
7 1736 2 41 1
7 1736 2 81 1
7 1736 2 82 1
7 1737 1 70 1
7 1737 1 74 1
7 1737 1 77 1
7 1737 2 73 1
7 1737 2 75 2
7 1737 2 76 1
7 1737 2 81 1
7 1738 1 63 1
7 1739 1 72 1
7 1740 3 84 1
7 1741 1 86 1
7 1742 2 64 1
7 1743 1 83 1
7 1744 2 85 1
7 1745 1 68 1
7 1746 1 92 1
7 1747 2 71 1
