1 1 1 65 1
1 1 1 67 1
1 1 1 68 1
1 1 1 68 1
1 1 1 69 1
1 1 1 71 1
1 1 1 72 1
1 1 1 76 2
1 1 1 77 1
1 1 1 84 1
1 1 1 84 1
1 1 1 90 1
1 1 2 61 1
1 1 2 62 1
1 1 2 63 1
1 1 2 64 2
1 1 2 65 1
1 1 2 66 1
1 1 2 66 1
1 1 2 66 1
1 1 2 68 1
1 1 2 73 1
1 1 2 74 1
1 1 2 75 2
1 1 2 77 1
1 1 2 80 1
1 1 2 81 1
1 1 2 90 1
3 2 2 63 1
3 3 2 46 1
3 3 2 60 1
3 4 1 59 1
3 5 1 70 1
3 6 2 69 1
9 7 1 48 1
9 7 1 49 2
9 7 1 52 1
9 7 1 53 1
9 7 1 59 1
9 7 1 63 1
9 7 2 44 1
9 7 2 47 2
9 7 2 49 1
9 7 2 53 2
9 7 2 54 1
9 7 2 56 1
9 7 2 64 1
9 7 2 65 1
9 8 2 51 1
9 8 2 60 1
9 8 2 61 1
9 8 2 65 1
9 9 1 48 1
9 9 1 49 2
9 9 1 52 1
9 9 1 54 1
9 9 1 55 1
9 9 2 46 2
9 9 2 48 2
9 9 2 49 2
9 9 2 52 1
9 9 2 53 1
9 9 2 56 1
9 9 2 58 1
9 9 2 61 1
9 9 2 63 1
9 9 2 67 1
9 10 1 50 1
9 11 1 43 1
9 11 1 49 1
9 11 1 50 1
9 11 1 52 1
9 11 1 56 1
9 11 1 63 1
9 11 1 74 1
9 11 2 45 1
9 11 2 48 1
9 11 2 49 1
9 11 2 53 3
9 11 2 56 1
9 11 2 58 1
9 11 2 61 1
9 11 2 63 2
9 11 2 65 1
9 11 2 69 1
9 12 1 47 1
9 12 1 59 1
9 12 2 55 1
9 13 2 59 1
9 13 2 62 1
9 13 2 67 1
9 14 2 63 1
9 15 1 49 1
9 15 1 61 1
9 16 2 42 1
9 16 2 66 1
9 17 2 63 1
9 18 1 49 1
9 18 1 66 1
9 18 2 44 1
9 18 2 51 1
9 19 1 67 1
9 19 2 48 1
9 20 2 48 1
9 21 1 59 1
9 21 2 51 2
9 21 2 62 1
9 21 2 71 1
9 22 1 46 1
9 22 1 48 1
9 22 2 48 1
9 23 1 48 1
9 23 2 48 1
9 24 1 50 1
9 24 2 49 1
9 24 2 50 1
9 25 2 39 1
9 25 2 53 1
9 26 2 28 1
9 26 2 40 1
9 26 2 49 1
9 27 1 77 1
9 28 2 46 1
9 28 3 30 1
9 29 1 42 1
9 29 1 46 1
9 29 1 50 1
9 29 1 52 1
9 29 2 43 1
9 29 2 44 1
9 29 2 47 1
9 29 2 49 2
9 29 2 51 1
9 29 2 60 1
9 30 1 49 3
9 30 1 51 2
9 30 1 52 1
9 30 1 53 3
9 30 1 54 1
9 30 2 47 2
9 30 2 48 2
9 30 2 49 1
9 30 2 50 3
9 30 2 51 1
9 30 2 52 2
9 30 2 59 1
9 30 2 69 1
9 30 2 78 1
9 31 1 27 1
9 31 1 29 1
9 31 1 44 1
9 31 1 50 2
9 31 1 52 1
9 31 2 27 1
9 31 2 46 1
9 31 2 49 1
9 31 2 50 3
9 31 2 51 1
9 31 2 52 1
9 31 2 60 1
9 32 1 46 1
9 32 1 51 1
9 32 1 52 1
9 32 1 55 1
9 32 1 68 1
9 32 2 52 2
9 32 2 64 1
9 32 2 72 1
9 33 1 29 1
9 33 1 47 2
9 33 1 49 1
9 33 1 50 1
9 33 1 51 2
9 33 1 52 2
9 33 1 53 1
9 33 1 54 1
9 33 1 60 2
9 33 1 64 1
9 33 2 45 1
9 33 2 48 1
9 33 2 49 2
9 33 2 50 1
9 33 2 51 4
9 33 2 53 1
9 33 2 54 1
9 33 2 61 1
9 33 2 63 1
9 34 1 27 1
9 34 1 48 2
9 34 1 50 1
9 34 1 51 1
9 34 1 55 1
9 34 2 45 1
9 34 2 47 2
9 34 2 48 1
9 34 2 51 1
9 34 2 61 1
9 35 1 51 1
9 35 2 47 1
9 35 2 54 1
9 35 2 66 1
9 36 1 45 1
9 36 1 49 1
9 36 1 52 1
9 36 1 58 1
9 36 2 45 2
9 36 2 46 1
9 36 2 48 1
9 36 2 50 1
9 36 2 51 1
9 36 2 52 1
9 37 1 50 1
9 37 2 47 1
9 37 2 55 1
9 38 1 46 1
9 38 1 49 1
9 38 1 50 1
9 38 1 52 1
9 38 1 53 1
9 38 2 45 1
9 38 2 47 1
9 38 2 49 1
9 38 2 50 1
9 38 2 52 1
9 39 1 55 1
9 39 2 67 1
9 39 2 70 1
9 40 1 51 1
9 40 1 53 1
9 40 1 55 1
9 40 1 64 1
9 40 2 68 1
9 40 2 76 1
9 41 1 64 1
9 41 1 67 1
9 41 2 47 1
9 42 2 53 1
9 42 2 63 1
9 43 1 46 1
9 43 2 50 1
9 44 1 49 1
9 44 1 50 1
9 44 2 52 1
9 44 2 57 1
9 45 1 47 1
9 45 1 51 2
9 45 2 30 1
9 45 2 45 1
9 45 2 49 1
9 45 2 60 1
9 45 2 64 1
9 45 2 68 1
9 45 2 70 1
1 46 2 62 1
1 47 2 73 1
1 48 2 58 1
1 49 2 51 1
1 49 2 59 1
3 50 1 54 1
3 50 1 61 1
3 50 2 52 1
3 50 2 56 1
3 50 2 61 1
3 50 2 62 1
3 50 2 63 1
3 51 1 81 1
3 52 2 87 1
3 53 2 61 1
3 54 2 68 1
3 55 1 69 1
7 56 2 86 1
7 57 2 69 1
7 58 1 62 1
7 59 2 72 1
3 60 1 66 1
3 61 1 57 1
3 62 1 61 1
7 63 2 82 1
1 64 1 57 1
1 64 1 65 1
1 64 1 69 1
1 64 1 73 1
1 64 1 81 1
1 64 1 84 1
1 64 2 61 2
1 64 2 62 1
1 64 2 67 2
1 64 2 69 1
1 65 2 60 1
1 65 2 62 1
1 65 2 68 1
1 65 2 70 1
1 66 1 50 1
1 66 2 68 1
1 66 2 75 1
1 66 2 77 1
1 67 1 57 1
1 67 1 69 1
1 67 1 71 1
1 67 2 56 1
1 67 2 61 2
1 67 2 93 1
1 67 3 52 1
1 67 3 84 1
1 68 1 52 1
1 68 1 64 1
1 68 1 69 1
1 68 1 70 1
1 68 1 86 1
1 68 2 65 1
1 68 2 67 1
1 69 1 75 1
1 69 2 66 1
1 69 2 69 1
1 70 1 64 1
1 70 1 76 1
1 70 2 60 1
1 71 1 73 1
1 71 2 56 1
1 71 2 64 1
1 71 2 67 1
1 72 1 69 1
1 72 2 61 1
1 72 2 63 1
1 72 2 69 1
1 72 2 70 1
1 72 2 73 1
1 73 2 62 1
7 74 2 64 1
7 74 2 71 1
7 75 2 71 1
7 76 1 58 1
7 76 2 64 1
7 77 1 60 1
7 77 1 72 1
7 77 2 64 2
7 78 1 62 1
7 78 1 65 1
7 78 2 50 1
7 78 2 72 1
1 79 2 63 1
7 80 2 52 2
7 80 2 62 1
7 80 2 64 1
7 81 1 47 1
7 81 1 55 1
7 81 2 59 1
7 82 1 52 1
7 82 2 51 1
7 82 2 54 1
7 83 2 53 1
1 84 2 58 1
1 85 2 64 1
1 86 2 82 1
1 87 1 76 1
1 87 2 69 1
1 88 1 75 1
1 88 2 57 1
7 89 1 67 1
7 90 1 48 1
7 90 1 69 1
1 91 1 73 1
1 91 2 72 1
1 92 1 65 1
1 92 2 85 1
1 93 2 65 2
7 94 1 88 1
1 95 2 74 1
1 95 2 78 2
1 95 2 83 1
7 96 1 71 1
1 97 1 55 1
1 98 1 72 1
1 98 2 88 1
1 99 1 56 1
1 99 1 60 1
1 99 2 73 1
7 100 1 62 1
1 101 2 63 1
1 102 2 65 1
1 102 2 68 1
1 103 1 101 1
1 103 2 66 1
1 103 2 67 1
1 104 2 62 1
1 105 2 66 1
1 106 1 51 1
1 106 1 65 1
1 106 1 68 1
1 106 2 62 1
1 106 2 63 2
7 107 1 57 1
7 107 2 53 1
1 108 1 54 1
1 109 2 55 1
1 110 1 59 1
1 110 1 69 1
1 110 2 65 1
1 110 2 66 1
1 110 2 67 1
7 111 1 54 1
7 111 1 55 1
7 111 1 63 1
1 112 1 45 1
1 113 1 47 1
1 114 2 44 1
1 115 1 65 1
1 115 2 61 1
1 115 2 65 1
1 115 2 66 1
1 115 2 67 1
1 115 2 70 1
7 116 1 53 1
7 116 2 59 1
1 117 1 65 1
1 117 2 59 1
1 118 1 66 1
1 118 1 69 1
1 118 1 81 1
1 118 2 63 1
1 119 1 67 1
1 119 1 72 1
1 119 2 65 1
1 119 2 70 1
1 119 2 74 1
1 120 2 45 1
7 121 1 67 1
7 122 1 60 1
3 123 2 42 1
3 124 2 55 1
3 125 1 64 1
3 126 2 51 1
6 127 1 73 1
7 128 1 42 1
7 128 2 62 1
7 128 3 72 1
7 129 2 62 1
7 130 2 62 1
1 131 1 59 1
1 131 1 65 1
1 131 2 52 1
1 132 2 61 1
1 133 1 57 1
2 134 1 63 1
2 134 1 65 1
2 135 1 64 1
2 136 2 73 1
2 137 1 61 1
3 138 3 98 1
3 139 3 83 1
3 140 1 53 1
3 141 2 68 1
3 142 2 62 1
3 142 2 65 1
3 143 2 100 1
3 144 2 64 1
3 144 2 67 1
3 144 2 73 1
3 145 1 95 1
3 145 2 67 1
3 145 2 94 1
3 146 1 56 1
3 147 2 66 1
3 148 2 112 1
3 148 2 68 1
3 149 1 65 1
3 149 1 71 1
3 149 2 58 2
3 149 2 61 1
3 149 2 63 1
3 149 2 66 2
1 150 1 65 1
1 151 2 80 1
1 152 1 54 1
1 153 1 57 1
1 153 1 65 1
1 153 2 54 1
1 153 2 56 1
1 153 2 58 1
1 154 1 50 1
1 154 1 53 1
1 154 1 55 2
1 154 2 54 1
1 154 2 62 1
1 154 2 74 1
1 154 2 76 1
1 154 2 81 1
1 155 1 47 1
1 155 1 50 1
1 155 1 61 1
1 155 2 51 1
1 155 2 52 1
1 155 2 54 1
1 155 2 62 1
1 155 2 64 1
1 155 2 67 1
1 155 2 74 1
1 156 1 35 1
1 156 1 37 1
1 156 1 44 1
1 156 1 47 1
1 156 2 30 1
1 156 2 35 1
1 156 2 37 1
1 156 2 46 1
1 156 2 48 1
1 156 2 50 1
1 156 2 62 1
1 156 2 70 1
1 156 2 71 1
7 157 2 69 1
1 158 2 54 1
1 158 2 57 2
1 158 2 61 1
1 159 1 50 1
1 159 1 54 1
1 159 1 62 1
1 159 1 66 1
1 159 2 42 1
1 159 2 51 2
1 159 2 55 1
1 159 2 57 1
1 159 2 61 1
1 159 2 70 1
1 159 2 77 1
1 160 1 49 1
1 160 2 46 1
1 160 2 54 1
1 160 2 62 1
1 160 2 66 1
7 161 1 67 1
3 162 2 37 1
3 162 2 43 1
7 163 1 51 1
7 163 1 62 1
7 164 1 72 1
7 164 1 84 1
1 165 3 52 2
1 166 2 84 1
3 167 1 103 1
3 167 2 64 1
3 167 2 69 1
3 167 2 82 1
3 168 1 69 1
3 169 2 88 1
6 170 2 73 1
6 171 2 74 1
6 172 2 72 1
9 173 3 64 1
3 174 1 62 1
3 174 1 81 1
9 175 1 47 1
3 176 2 68 1
3 177 1 66 1
9 178 1 53 1
9 178 2 45 1
9 178 2 46 1
9 178 2 49 1
9 178 2 50 1
9 178 2 55 1
9 178 2 57 1
9 178 2 58 1
9 179 2 53 1
9 180 1 51 1
9 180 1 68 1
9 180 2 37 1
9 180 2 39 1
9 180 2 53 1
9 181 1 47 1
9 181 1 68 1
9 182 1 46 1
9 182 2 58 1
9 183 1 55 1
9 183 1 62 1
9 183 1 65 1
9 184 1 48 1
9 184 2 40 1
9 185 1 51 1
9 185 1 56 1
9 185 2 47 1
9 185 2 54 1
9 185 2 73 1
9 185 2 74 1
9 186 1 50 1
9 186 2 64 1
9 187 1 54 1
9 187 2 48 1
9 187 2 49 1
9 188 1 42 1
9 188 1 46 1
9 188 1 48 2
9 188 1 51 1
9 188 1 52 1
9 188 1 54 1
9 188 1 55 1
9 188 1 58 2
9 188 1 61 1
9 188 1 68 1
9 188 2 48 1
9 188 2 50 1
9 188 2 51 1
9 188 2 52 1
9 189 1 48 1
9 189 1 49 1
9 189 1 50 1
9 189 1 51 1
9 189 2 30 1
9 189 2 46 1
9 189 2 48 1
9 189 2 49 1
9 189 2 55 1
9 189 2 56 1
9 189 2 62 1
9 189 2 63 1
9 189 2 64 1
9 189 2 65 1
9 190 1 50 1
9 190 2 65 1
9 191 2 48 1
9 191 2 64 1
9 192 2 58 1
9 193 2 50 1
9 193 2 60 1
9 194 2 52 1
9 195 1 54 1
9 196 1 52 1
9 197 1 53 1
9 197 1 60 1
9 197 1 63 1
9 197 2 60 1
9 198 1 49 1
9 198 1 52 1
9 198 1 56 2
9 198 2 63 1
9 198 2 65 1
9 198 2 69 1
9 199 1 52 1
9 199 1 60 1
9 200 1 53 1
9 201 1 45 1
9 201 2 56 1
9 201 2 57 1
3 202 2 82 1
3 202 2 88 1
3 203 1 67 1
3 203 2 58 1
3 203 2 88 1
3 204 2 68 1
3 205 2 62 1
3 206 2 64 1
3 207 1 50 1
3 207 1 52 1
3 207 1 54 1
3 207 2 56 1
3 208 2 49 1
3 209 2 57 1
3 210 2 52 1
3 211 3 51 1
3 212 1 49 1
3 212 1 63 1
3 212 1 64 1
3 212 2 60 1
3 212 2 64 1
3 212 2 65 1
3 212 2 67 1
3 212 2 84 1
3 213 2 64 1
3 214 1 33 1
3 214 1 68 1
3 214 1 79 1
1 215 3 48 1
3 216 2 67 1
3 217 2 46 1
3 218 1 47 1
3 219 1 51 1
3 219 1 64 1
3 220 2 68 1
3 221 1 52 1
3 222 1 60 1
3 223 1 65 1
3 223 2 62 1
3 224 1 47 1
3 224 1 59 1
3 224 1 62 1
3 224 1 64 1
3 224 1 65 1
3 224 1 66 1
3 224 1 68 1
3 224 1 78 1
3 224 2 51 1
3 224 2 62 1
3 224 2 65 1
3 224 2 72 1
3 224 2 99 1
3 225 1 69 1
3 225 2 61 1
3 226 1 60 1
3 227 1 52 1
3 228 1 64 1
3 228 1 65 1
3 228 1 71 2
3 228 1 74 1
3 228 1 92 1
3 228 2 59 1
3 228 2 67 1
3 229 2 60 1
3 230 1 28 1
3 231 2 75 1
3 232 1 63 1
3 232 1 67 1
3 232 2 73 1
3 232 2 78 1
3 232 2 82 1
3 233 1 67 1
3 233 2 62 1
3 234 2 64 1
3 234 2 67 1
3 235 2 92 1
3 236 2 94 1
3 237 2 69 1
3 238 2 67 1
3 239 1 77 1
3 239 2 83 1
3 240 1 87 1
3 240 2 74 1
3 241 1 72 1
3 241 2 58 1
3 241 2 78 1
3 242 1 60 1
3 242 1 75 1
3 242 1 79 1
3 242 2 64 1
3 243 1 66 1
3 243 2 61 1
3 243 2 66 1
3 244 1 51 1
3 244 2 70 1
3 245 1 66 1
3 246 2 62 1
3 247 2 71 1
3 248 1 69 1
3 248 2 70 2
3 248 2 75 1
3 248 2 77 1
3 249 1 62 1
3 250 1 58 1
3 251 1 68 1
3 252 2 63 1
3 253 1 49 1
3 253 2 51 1
3 253 2 64 2
3 253 2 65 1
3 253 2 66 1
3 254 1 54 1
3 254 1 70 1
3 254 1 81 1
3 254 2 60 1
3 254 2 66 3
3 254 2 70 1
3 254 2 73 1
3 254 2 78 1
3 255 2 61 1
3 256 2 67 1
3 256 2 94 1
3 257 2 62 1
3 258 3 49 1
3 259 1 70 1
3 259 2 62 1
3 259 2 63 1
3 259 2 66 1
3 259 2 67 1
3 259 2 69 1
3 260 2 69 1
3 261 2 67 1
3 261 2 68 1
3 262 1 72 1
3 262 2 65 1
3 262 2 68 1
3 263 1 75 1
3 263 1 90 1
3 263 2 64 1
3 264 1 51 1
3 264 1 54 1
3 264 1 72 1
3 265 2 77 1
3 266 1 56 1
3 267 1 97 1
3 268 1 65 1
3 269 2 60 2
3 269 2 62 1
3 270 1 54 2
3 270 2 56 1
3 270 2 63 1
3 271 2 52 1
9 272 2 63 1
3 273 1 56 1
3 273 1 63 1
3 273 1 64 1
3 273 1 65 1
3 273 1 67 1
3 273 2 50 1
3 273 2 60 1
3 273 2 64 1
3 273 2 68 1
3 274 1 62 1
3 275 1 71 1
3 275 1 72 1
9 276 1 56 1
3 277 1 79 1
3 278 1 59 1
9 279 1 52 1
9 279 1 60 1
9 279 2 57 1
9 279 2 60 1
9 279 2 62 1
9 280 1 44 1
9 280 1 45 1
9 280 1 49 1
9 280 1 51 1
9 280 1 52 1
9 280 1 53 1
9 280 1 54 1
9 280 1 56 1
9 280 1 57 1
9 280 1 65 1
9 280 1 71 1
9 280 2 44 1
9 280 2 45 1
9 280 2 46 1
9 280 2 47 1
9 280 2 49 1
9 280 2 51 1
9 280 2 52 1
9 280 2 55 1
9 280 2 59 1
9 280 2 62 1
9 280 3 53 1
9 280 3 54 1
9 280 3 60 1
7 281 3 67 1
7 282 2 74 1
7 282 2 84 1
7 283 1 61 1
7 284 2 64 1
7 284 2 66 1
7 285 3 62 1
7 286 1 75 1
7 287 1 74 1
7 288 1 68 1
7 288 1 70 1
7 288 1 72 2
7 288 1 74 1
7 289 1 62 1
7 289 1 70 1
7 289 2 61 1
7 289 2 62 1
7 289 2 65 2
7 289 2 70 1
7 289 2 71 2
7 289 2 72 1
7 289 2 73 1
7 290 2 61 1
7 290 2 68 1
7 290 2 69 1
7 290 2 72 1
7 291 1 62 1
7 291 2 58 1
7 291 2 59 1
7 292 1 53 1
7 292 1 54 1
7 292 1 55 1
7 292 2 50 1
7 292 2 62 1
7 293 1 64 1
7 294 2 68 1
7 295 1 67 1
7 296 3 68 1
7 297 2 57 1
7 298 2 57 1
3 299 2 56 1
3 299 2 59 1
3 299 2 60 1
3 300 2 91 1
2 301 1 85 1
2 301 2 79 1
3 302 1 63 1
3 302 1 67 2
3 302 1 73 1
3 302 1 78 1
3 302 2 56 2
3 302 2 57 1
3 302 2 58 1
3 302 2 63 1
3 302 2 68 1
3 302 2 78 1
3 303 1 71 1
2 304 2 55 1
3 305 1 55 1
3 305 2 49 1
3 305 2 50 1
3 306 1 68 1
3 306 2 56 1
3 306 2 61 1
3 307 1 25 1
3 307 1 46 1
3 308 2 65 1
3 309 2 66 1
3 310 1 49 2
3 310 1 50 1
3 310 1 51 1
3 310 1 53 1
3 310 2 48 3
3 310 3 30 1
3 311 1 64 1
3 311 1 65 2
3 311 1 66 1
3 311 2 72 1
3 311 2 78 1
2 312 2 74 1
3 313 2 53 1
2 314 1 62 1
2 314 1 75 1
2 314 2 65 1
2 314 2 72 1
3 315 1 59 1
3 315 2 44 1
3 315 2 60 1
3 315 2 63 1
3 315 2 66 1
3 315 2 67 1
3 315 2 68 1
2 316 2 76 1
2 317 2 59 1
2 317 2 73 1
3 318 1 49 1
3 319 1 54 1
3 319 1 58 1
3 319 1 62 1
3 319 1 66 1
3 319 2 57 1
3 319 2 58 1
3 319 2 66 1
3 320 1 65 1
3 320 1 70 1
2 321 2 60 1
2 321 2 75 1
3 322 1 48 1
3 322 1 66 1
3 322 1 79 1
3 322 2 61 2
3 322 2 64 1
3 322 2 69 1
1 323 1 52 1
1 324 1 66 1
1 325 1 62 1
1 325 2 51 1
1 325 2 55 1
1 326 2 58 1
1 327 2 58 1
1 328 1 51 1
1 328 2 50 1
1 329 1 72 1
1 330 2 65 1
1 331 2 65 1
1 332 2 67 1
7 333 2 66 1
7 334 2 65 1
7 335 2 75 1
7 336 2 70 1
7 337 2 67 1
7 338 1 74 1
7 339 1 65 1
7 339 2 71 1
7 339 2 73 1
3 340 1 77 1
3 341 2 67 1
3 342 2 62 1
3 343 2 97 1
3 344 1 85 1
3 345 1 67 1
3 345 1 72 1
3 345 1 74 1
3 345 2 31 1
3 345 2 59 1
3 345 2 66 1
3 345 2 67 2
3 346 1 62 1
3 346 3 70 1
3 347 2 75 1
3 347 2 90 1
3 348 1 73 1
3 348 2 90 1
3 348 3 85 1
3 348 3 90 1
3 349 1 69 1
3 349 2 69 1
3 350 2 65 1
3 351 1 69 1
3 352 1 69 1
3 353 2 83 1
3 354 3 82 1
3 355 2 94 1
3 356 2 60 1
3 357 3 56 1
3 358 1 62 1
3 358 2 71 1
3 358 2 75 1
3 358 3 91 1
3 359 1 87 1
3 360 1 64 1
3 360 1 68 1
3 360 1 82 1
3 360 1 86 1
3 361 1 49 1
3 361 1 54 1
3 361 1 79 1
3 361 1 83 1
3 361 2 70 1
3 362 2 90 1
3 363 2 68 1
3 364 1 53 1
3 364 1 65 1
3 364 1 66 1
3 364 1 81 1
3 364 2 61 1
3 364 2 63 1
3 364 2 64 1
3 364 2 66 1
3 364 2 69 1
3 364 2 91 1
3 365 2 56 1
3 365 2 65 1
3 366 1 57 1
3 366 1 66 1
3 366 1 87 2
3 366 2 71 1
3 367 1 71 1
3 368 2 85 1
3 369 2 79 1
3 370 1 67 1
3 370 1 79 1
3 371 1 70 1
3 372 1 67 1
7 373 1 43 1
7 373 1 51 1
7 373 1 53 1
7 373 1 64 1
7 373 2 49 1
7 373 2 50 2
7 373 2 52 1
7 373 2 60 1
7 374 1 49 2
7 374 1 58 1
7 374 2 43 1
7 374 2 47 1
7 374 2 53 1
7 374 2 54 1
7 374 3 26 1
7 375 1 57 1
7 376 1 60 1
7 377 1 56 1
7 378 1 56 1
7 379 1 80 1
7 380 1 63 1
7 380 1 83 1
7 381 1 63 1
7 382 1 47 1
7 382 1 48 1
7 382 1 50 1
7 382 1 51 2
7 382 1 56 1
7 382 2 50 1
7 382 2 51 2
7 382 2 54 1
7 382 2 64 1
7 382 2 67 1
7 383 1 44 1
7 383 1 48 1
7 383 1 49 1
7 383 1 50 1
7 383 1 52 1
7 383 2 48 1
7 383 2 49 2
7 383 2 53 1
7 384 1 47 2
7 384 1 49 1
7 384 2 62 1
7 385 1 45 1
7 385 1 48 1
7 385 1 50 1
7 385 1 51 1
7 385 1 52 1
7 385 2 51 1
7 385 2 53 1
7 385 2 54 1
7 385 2 60 1
7 386 1 47 1
7 386 1 50 2
7 386 1 51 1
7 386 1 55 1
7 386 2 48 1
7 386 2 52 1
7 386 2 53 2
7 386 2 78 1
7 387 1 60 1
7 387 2 47 1
7 387 2 48 1
7 387 2 49 1
7 387 2 53 1
7 388 2 60 1
7 388 2 64 1
1 389 1 52 1
7 390 1 61 1
7 390 1 69 2
7 390 2 52 1
7 390 2 64 1
7 390 2 66 1
1 391 2 55 1
7 392 1 53 1
7 392 1 54 1
7 392 1 56 1
7 392 1 61 1
7 392 1 66 1
7 392 1 67 1
7 392 2 51 1
7 392 2 59 1
7 392 2 62 1
7 392 2 64 1
7 393 1 54 1
7 393 1 68 1
7 393 2 63 1
7 393 2 66 1
7 394 1 50 2
7 394 2 34 1
7 394 2 52 1
7 394 2 77 1
7 395 1 59 1
7 395 2 48 1
7 395 2 52 1
7 395 2 53 1
7 395 2 57 2
7 395 2 59 1
7 395 2 60 1
7 395 2 71 1
7 396 1 58 1
7 396 1 59 1
7 396 1 66 1
7 396 1 74 1
7 396 2 49 1
7 396 2 53 1
7 396 2 68 1
1 397 1 56 1
1 397 1 61 1
1 397 2 59 1
1 398 1 61 1
1 398 2 60 1
1 398 2 74 1
7 399 1 65 2
7 399 2 56 1
7 399 2 62 1
7 399 2 67 1
1 400 2 49 1
1 400 2 51 1
1 400 2 79 1
7 401 1 64 1
7 401 2 73 1
1 402 2 58 1
1 402 2 60 1
1 402 2 62 1
7 403 1 67 1
7 403 2 65 1
7 403 2 80 1
7 404 1 63 1
1 405 1 51 1
1 405 2 57 1
1 405 2 62 1
1 406 1 51 1
1 406 2 49 1
1 406 2 60 1
1 407 1 53 1
1 407 1 54 1
1 407 2 50 1
1 407 2 61 1
1 407 2 66 1
7 408 1 60 1
1 409 1 55 1
1 409 1 66 1
1 409 1 76 1
1 409 2 60 1
1 410 1 44 1
1 410 2 64 1
1 410 2 66 1
1 410 2 70 1
1 411 3 65 1
1 411 3 75 1
1 412 1 59 1
1 412 1 63 1
1 412 1 64 1
1 412 1 65 1
1 412 2 60 1
1 412 2 92 1
1 413 1 49 1
1 413 1 58 1
1 413 1 65 1
1 413 1 68 1
1 413 2 64 1
1 414 1 48 1
1 414 1 71 1
1 414 2 63 1
1 414 2 64 1
1 414 2 69 1
1 415 1 50 1
1 415 1 57 1
1 415 2 50 1
1 415 2 70 1
1 416 1 50 1
1 416 1 55 1
1 416 2 49 1
1 416 2 89 1
1 417 2 59 1
1 418 1 62 1
1 418 1 71 1
1 418 2 59 1
1 419 1 62 1
1 419 2 64 1
7 420 1 63 1
7 420 1 67 1
7 420 1 82 1
1 421 1 62 1
1 422 1 66 1
7 423 2 50 1
7 423 2 90 1
1 424 2 61 1
1 424 2 67 1
1 424 2 74 1
1 424 2 76 1
1 424 2 80 1
1 425 2 67 1
1 426 3 75 1
1 427 1 51 1
1 428 1 55 1
1 429 1 60 1
1 429 1 64 1
1 430 1 58 1
1 431 1 46 1
1 431 1 58 1
1 431 1 92 1
1 432 1 56 1
1 433 1 67 1
1 434 2 63 1
1 435 2 67 1
1 435 2 96 1
7 436 2 61 1
1 437 1 55 1
1 437 1 67 1
1 437 2 64 1
7 438 1 56 1
7 438 2 60 1
7 438 2 64 1
7 438 2 66 1
7 438 2 69 1
3 439 1 64 1
3 439 1 74 1
3 439 2 71 1
3 440 1 94 1
3 441 1 65 1
3 442 1 67 1
9 443 1 41 1
9 443 1 52 1
9 443 1 53 1
9 443 1 54 1
9 443 1 55 1
9 443 1 63 1
9 443 1 64 1
9 443 1 66 1
9 443 1 71 1
9 443 2 47 1
9 443 2 48 1
9 443 2 52 1
6 444 1 64 1
6 445 1 83 1
6 445 2 76 1
1 446 1 66 1
1 446 2 60 1
1 446 2 65 1
7 447 1 51 1
7 447 1 57 1
7 447 1 65 1
7 447 2 48 1
7 447 2 49 1
7 447 2 56 1
7 447 2 61 1
7 447 2 63 2
1 448 2 68 1
1 449 1 71 1
7 450 1 45 1
7 450 2 47 1
7 451 1 58 1
7 451 2 44 1
7 452 1 45 1
7 452 1 54 1
7 452 1 63 1
7 452 1 68 1
7 452 2 48 1
7 452 2 51 1
7 452 2 57 1
1 453 2 79 1
7 454 1 44 1
7 454 1 45 1
7 454 1 51 1
7 454 1 52 1
7 454 1 53 1
7 454 2 44 1
7 454 2 47 1
7 454 2 49 1
7 454 2 50 1
7 454 2 58 1
7 454 2 69 1
7 454 2 72 1
1 455 1 69 1
1 455 1 73 1
1 455 1 76 2
1 455 2 68 1
1 455 2 73 1
1 455 2 77 1
1 455 2 85 1
1 456 1 50 1
1 456 1 52 1
1 456 2 55 1
1 456 2 61 1
1 456 2 63 1
1 457 1 62 1
1 457 1 69 1
1 457 2 65 1
1 457 2 66 2
1 458 1 48 1
1 458 1 66 1
1 458 1 67 1
1 458 2 57 1
1 458 2 65 1
7 459 2 68 1
7 460 2 62 1
1 461 2 64 1
1 462 2 61 1
1 463 2 64 1
1 464 1 66 1
1 465 1 77 1
1 466 2 60 1
1 467 2 58 1
1 468 1 61 1
1 468 1 65 1
1 468 1 69 1
1 468 2 66 1
7 469 1 65 1
7 469 2 50 1
7 470 1 57 1
7 470 2 61 1
7 470 2 66 1
1 471 1 51 1
1 472 2 46 1
7 473 1 58 1
1 474 1 70 1
1 474 1 73 1
1 474 1 75 1
1 475 1 64 1
1 475 1 65 1
1 475 2 69 1
1 476 1 66 2
1 476 2 65 1
7 477 1 84 1
7 477 2 64 1
7 477 2 66 1
1 478 1 54 1
1 478 1 63 1
1 478 2 62 1
1 479 1 51 1
1 479 1 54 1
1 479 2 58 1
7 480 1 38 1
7 480 1 53 1
1 481 1 72 1
1 481 2 64 1
7 482 1 77 1
7 483 1 62 1
7 483 2 53 1
7 483 2 66 1
7 483 2 67 1
1 484 1 62 1
7 485 1 63 1
7 485 1 65 1
7 485 2 80 1
1 486 1 49 1
7 487 2 55 1
7 487 2 60 1
7 488 1 63 1
1 489 1 64 1
1 489 1 65 1
1 489 2 63 1
7 490 1 64 1
7 490 2 52 1
7 490 2 54 1
7 490 2 63 1
7 490 2 83 1
1 491 1 55 1
1 491 1 73 1
1 491 2 68 1
1 491 2 71 1
1 491 2 83 1
1 492 1 63 1
1 492 2 66 1
1 492 2 67 1
1 492 2 68 1
1 492 2 69 1
1 493 2 60 1
1 494 2 67 1
1 495 2 74 1
7 496 1 48 1
7 496 1 68 1
7 496 2 60 1
7 496 2 66 1
1 497 1 66 1
1 498 2 48 1
1 499 1 71 1
1 499 2 61 1
1 499 2 67 1
1 500 2 82 1
7 501 1 53 1
7 501 2 44 1
7 501 2 52 1
7 501 2 53 1
1 502 1 63 1
1 502 1 68 1
1 503 2 66 1
1 503 2 68 1
1 504 1 69 1
1 504 2 64 1
1 504 2 67 1
1 505 1 76 1
1 505 2 49 1
1 505 2 63 1
1 506 1 66 1
1 506 2 49 1
1 506 2 54 1
7 507 1 54 1
7 507 1 57 1
7 507 1 63 1
7 507 1 67 1
7 507 2 46 2
7 507 2 52 1
7 507 2 53 1
7 507 2 63 1
7 507 2 69 1
9 508 2 76 1
9 509 2 46 1
9 509 2 63 1
9 510 2 63 1
9 511 2 67 1
9 511 2 70 1
3 512 3 51 1
6 513 2 57 1
3 514 1 85 1
3 515 2 63 1
3 515 2 64 1
9 516 1 44 1
9 516 1 49 1
9 516 1 50 2
9 516 1 51 1
9 516 1 57 1
9 516 1 82 1
9 516 2 46 1
9 516 2 48 1
9 516 2 49 1
9 516 2 50 1
9 516 2 53 1
9 516 2 54 2
9 516 2 58 1
9 516 2 63 2
3 517 1 64 1
9 518 2 50 1
9 519 1 52 1
9 519 2 71 1
9 520 2 48 1
9 520 2 64 1
3 521 1 69 1
9 522 2 53 1
9 522 2 58 1
9 522 2 63 1
9 523 2 52 1
9 523 2 54 1
9 524 1 55 1
9 524 2 64 1
9 524 2 70 1
3 525 2 67 1
3 526 1 76 1
3 527 2 74 1
3 528 2 69 1
3 529 2 63 1
9 530 1 49 1
9 531 2 59 1
9 532 2 57 1
3 533 2 78 1
9 534 2 57 1
3 535 1 50 1
3 536 1 69 1
3 537 2 67 1
3 538 2 64 1
3 539 1 60 1
3 540 2 70 1
3 541 1 59 1
3 541 2 52 1
9 542 3 48 1
9 542 3 58 1
9 542 3 67 1
9 542 3 69 1
3 543 2 80 1
9 544 1 44 1
9 544 1 61 1
9 544 2 52 1
9 544 2 65 1
3 545 2 69 1
3 546 2 89 1
9 547 1 42 1
9 548 1 71 1
6 549 2 72 1
3 550 1 67 1
3 550 2 62 1
3 550 2 68 1
6 551 1 92 1
3 552 2 62 1
3 553 2 124 1
9 554 1 72 1
3 555 1 67 1
9 556 1 54 1
9 556 1 59 1
9 556 1 62 1
9 556 2 51 1
9 557 1 59 1
9 557 2 29 1
9 557 2 30 1
9 557 2 46 1
9 557 2 68 1
3 558 1 67 1
3 558 1 84 1
9 559 1 50 1
9 559 2 47 1
9 559 2 48 1
9 560 1 45 1
9 560 1 49 1
9 560 1 51 1
9 560 1 52 2
9 560 1 55 2
9 560 1 57 2
9 560 1 62 1
9 560 1 64 1
9 560 1 68 1
9 560 2 47 2
9 560 2 48 2
9 560 2 49 3
9 560 2 50 1
9 560 2 51 2
9 560 2 52 4
9 560 2 54 2
9 560 2 59 1
9 560 2 61 1
9 560 2 65 1
9 561 2 53 1
9 562 1 48 1
9 562 1 52 1
9 562 1 69 1
9 562 2 42 1
9 562 2 49 1
9 563 1 71 1
3 564 1 51 1
9 565 1 58 1
3 566 1 54 1
3 566 1 64 1
3 566 1 85 1
3 566 2 65 1
3 566 2 66 1
3 567 2 58 1
9 568 1 54 1
3 569 1 54 1
9 570 1 49 1
9 570 1 51 1
9 571 1 51 1
3 572 1 55 1
3 572 1 65 1
3 572 1 69 1
3 572 2 47 2
3 572 2 62 1
3 572 2 66 1
3 573 1 70 1
3 573 1 82 1
3 573 2 63 1
3 573 2 66 1
9 574 1 49 1
9 574 2 60 1
9 575 1 50 1
9 575 1 53 1
9 575 1 56 1
9 575 1 60 1
9 575 2 46 1
9 575 2 52 1
9 575 2 63 1
9 575 2 67 1
3 576 2 86 1
3 577 1 78 1
3 578 1 79 1
3 578 2 69 1
3 578 2 70 1
3 579 1 57 1
3 579 2 62 2
3 579 2 63 1
3 579 2 64 2
3 580 1 72 1
3 581 2 52 1
3 581 2 64 1
3 581 2 66 1
3 582 1 62 1
3 583 2 62 1
3 584 2 68 1
3 585 1 70 1
9 586 1 61 1
7 587 1 74 1
1 588 1 73 1
1 588 1 79 1
1 589 1 60 1
1 589 2 65 1
1 590 1 55 1
1 590 1 69 1
1 590 2 57 1
1 591 1 51 1
1 591 1 56 2
1 591 1 59 2
1 591 2 57 1
1 591 2 59 1
1 591 2 65 1
7 592 1 72 1
1 593 1 62 1
1 593 2 72 1
1 593 2 74 1
1 593 2 80 1
1 594 1 55 1
1 594 1 58 1
1 594 1 74 1
1 594 2 62 1
1 594 2 70 1
1 594 2 73 1
1 595 1 52 1
1 595 1 65 1
1 595 1 66 1
1 595 1 87 1
1 595 2 71 1
1 595 2 87 1
1 596 1 59 1
1 596 1 64 1
1 596 1 71 1
1 596 1 81 1
1 596 2 64 1
1 596 2 79 1
1 597 1 60 1
1 597 1 62 1
1 597 2 63 1
1 597 2 64 1
1 598 1 69 1
1 598 1 70 1
1 598 1 82 1
1 598 2 66 1
1 598 2 69 1
1 599 1 58 1
1 599 1 70 1
1 599 2 65 1
1 599 2 67 2
1 600 1 55 1
1 600 1 84 1
1 600 2 58 1
1 600 2 61 1
1 600 2 67 1
1 601 1 42 1
1 601 1 46 1
1 601 1 65 1
1 601 1 68 1
1 601 1 69 1
1 601 2 64 1
1 601 2 65 1
1 601 2 72 1
1 601 2 74 1
1 602 1 63 2
1 602 1 67 1
1 602 1 70 1
1 602 2 51 1
1 602 2 53 1
1 602 2 56 1
1 602 2 60 1
1 602 2 69 1
1 603 1 29 1
1 603 1 52 1
1 603 1 63 1
1 603 1 64 1
1 603 2 62 1
1 603 2 67 1
1 604 1 83 1
1 604 1 84 1
7 605 1 45 1
7 605 2 46 1
7 605 2 49 2
7 605 2 60 1
7 605 2 62 1
7 605 2 66 1
7 605 2 67 1
1 606 1 62 1
1 606 1 64 1
1 606 1 67 1
7 607 1 48 1
7 607 1 49 1
7 607 1 56 1
1 608 2 63 1
1 608 2 70 1
1 608 2 72 1
1 608 2 82 1
1 609 1 57 1
1 609 1 68 1
1 609 1 70 1
1 609 1 74 1
1 609 2 57 1
1 609 2 59 1
1 609 2 67 1
7 610 2 86 1
1 611 2 62 1
7 612 2 60 1
1 613 1 63 1
1 614 3 59 1
1 614 3 63 1
7 615 1 38 1
7 615 2 49 1
1 616 1 71 1
1 616 2 68 1
7 617 1 66 2
7 617 2 58 1
7 618 1 72 1
1 619 1 69 1
1 619 1 72 1
7 620 1 60 1
7 620 2 64 1
7 621 1 50 1
7 622 1 67 1
7 623 2 43 1
7 623 2 52 1
7 624 1 67 1
1 625 1 57 1
7 626 1 63 1
7 626 2 64 1
7 627 1 51 1
7 627 1 64 1
7 627 2 66 1
1 628 1 64 1
1 628 1 65 1
1 628 1 70 1
1 628 2 59 1
1 628 2 61 1
1 628 2 62 1
1 628 2 63 1
1 629 1 66 1
7 630 2 91 1
7 631 2 54 1
1 632 2 64 1
7 633 2 66 1
1 634 1 62 1
1 635 1 78 1
1 635 2 67 1
1 635 2 68 1
1 636 1 65 1
1 637 1 57 1
1 637 1 62 1
1 637 1 66 2
1 637 1 73 1
1 637 1 83 1
1 637 2 61 1
1 637 2 63 2
1 637 2 68 1
1 637 2 78 1
1 637 2 87 1
1 638 1 72 1
1 638 1 81 1
1 638 2 58 1
1 638 2 67 1
1 638 2 82 1
7 639 1 69 1
7 639 2 68 1
1 640 1 52 1
1 640 1 58 1
1 640 1 64 1
1 640 2 63 1
1 640 2 69 1
1 641 1 54 1
1 641 1 57 1
1 641 1 64 2
1 641 1 68 1
1 641 2 52 1
1 641 2 60 1
1 641 2 67 1
1 642 1 61 1
1 642 2 60 1
1 642 2 61 1
1 643 2 56 1
1 644 1 64 1
1 644 2 65 1
1 645 1 64 1
1 645 1 65 1
1 645 2 60 1
1 645 2 66 1
1 645 2 69 1
1 646 2 64 1
7 647 2 63 1
7 648 1 52 1
7 649 2 49 1
1 650 2 63 1
1 650 2 64 1
1 651 2 64 1
7 652 2 72 1
3 653 1 76 1
3 654 2 71 1
3 655 1 57 1
3 655 2 60 1
3 656 1 77 1
3 656 1 79 1
3 656 1 81 1
3 656 2 84 1
3 656 2 86 1
3 657 1 63 1
3 657 2 59 1
3 657 2 60 2
3 657 2 64 1
3 658 2 88 1
3 659 2 88 1
3 660 2 69 1
3 661 1 71 1
3 662 1 64 1
3 662 1 65 1
3 662 2 63 1
3 662 2 82 1
3 663 1 62 1
3 664 2 81 1
3 665 1 68 1
3 665 2 68 1
3 666 2 64 1
3 666 2 89 1
3 667 1 68 1
3 667 2 75 1
3 668 1 65 1
3 669 2 56 1
1 670 2 46 1
1 670 2 61 1
1 671 2 92 1
1 672 1 60 1
1 673 2 70 1
1 674 2 64 1
1 675 1 63 1
1 676 1 64 1
1 677 3 68 1
7 678 1 62 1
7 678 2 63 1
1 679 2 61 1
2 680 2 69 1
5 681 1 75 1
2 682 2 59 1
5 683 2 60 1
2 684 1 51 2
2 684 1 62 1
2 684 1 72 1
2 684 2 52 1
2 684 2 57 1
2 684 2 61 1
2 684 2 65 1
2 684 2 67 1
2 684 2 78 1
2 685 1 62 1
2 685 1 71 1
2 685 2 66 1
2 685 2 76 1
2 686 1 50 1
2 686 1 53 1
2 686 1 73 1
2 686 1 75 1
2 686 2 56 1
2 686 2 62 1
2 686 2 67 1
2 687 1 71 1
2 687 1 77 1
2 687 2 81 1
2 688 1 62 1
2 688 1 65 1
2 688 1 67 1
2 688 1 68 1
2 688 1 70 1
2 688 1 77 1
2 688 2 59 1
2 688 2 64 1
2 688 2 68 1
2 688 2 75 1
2 689 1 61 1
2 689 1 74 1
2 689 2 63 1
2 689 2 68 1
2 689 2 70 1
2 689 2 75 1
2 690 1 66 1
2 690 1 68 2
2 690 1 69 1
2 690 1 77 1
2 690 2 59 1
2 690 2 68 1
2 690 2 69 1
2 690 2 71 1
2 690 2 74 1
2 691 1 58 1
2 691 1 64 1
2 691 1 66 1
2 691 2 58 1
2 691 2 64 1
2 691 2 73 1
2 691 2 79 1
2 692 1 57 1
2 692 1 67 1
2 692 1 72 1
2 692 2 62 1
2 692 2 66 1
2 692 2 67 2
2 692 2 70 3
2 692 2 79 1
2 693 1 63 1
2 693 1 66 2
2 693 1 75 1
2 693 1 76 1
2 693 2 64 1
2 693 2 72 3
2 694 1 72 1
2 694 2 76 1
2 695 1 64 2
2 695 1 71 1
2 695 1 72 2
2 695 1 77 1
2 695 2 66 1
2 695 2 67 2
2 695 2 70 2
2 695 2 72 2
2 695 2 73 1
2 695 2 75 1
2 695 2 78 1
2 696 1 61 1
2 696 1 65 1
2 696 1 66 1
2 696 1 67 2
2 696 1 71 1
2 696 2 72 1
2 696 2 77 1
2 697 1 66 1
2 697 1 67 2
2 697 1 68 1
2 697 2 57 1
2 697 2 61 1
2 697 2 66 1
2 698 1 70 1
2 698 2 65 1
2 698 2 68 1
2 699 1 70 1
2 699 1 72 1
2 699 1 73 1
2 699 1 76 1
2 699 1 80 1
2 699 2 59 1
2 699 2 66 1
2 699 2 67 1
2 699 2 69 1
2 700 1 63 1
2 700 2 66 1
2 701 1 65 2
2 701 1 67 1
2 701 2 64 1
2 701 2 65 2
2 701 2 66 2
2 702 1 67 1
2 702 1 74 1
2 702 2 61 1
2 702 2 68 1
2 703 1 64 1
2 703 1 74 1
2 703 1 76 1
2 703 1 80 1
2 703 2 65 2
2 703 2 72 1
2 703 2 76 2
2 703 2 82 1
2 704 2 66 2
2 704 2 72 1
2 704 2 75 1
2 705 1 73 1
2 705 2 67 1
2 705 2 68 1
2 706 2 64 1
2 706 2 66 1
2 706 2 67 1
2 706 2 74 1
2 707 1 63 1
2 707 1 77 1
2 707 2 73 1
2 707 2 75 1
2 708 1 64 1
2 708 2 67 2
2 708 2 71 1
2 709 1 70 1
2 709 2 69 2
2 709 2 70 1
2 710 1 64 1
2 710 1 65 1
2 710 1 82 1
2 711 1 61 1
2 711 2 66 2
2 711 2 75 1
2 711 2 80 1
2 712 1 59 1
2 712 1 60 1
2 712 1 66 1
2 712 1 67 1
2 712 2 65 1
2 712 2 72 1
2 712 2 76 1
2 713 1 64 3
2 713 1 71 1
2 713 1 72 2
2 713 2 57 1
2 713 2 59 1
2 713 2 60 3
2 713 2 61 2
2 713 2 70 1
2 713 2 76 1
2 713 2 79 1
2 714 1 58 1
2 714 1 60 2
2 714 2 59 1
2 714 2 61 1
2 714 2 66 1
2 714 2 67 2
2 714 2 70 1
2 715 2 64 1
2 715 2 66 1
2 716 1 59 1
2 716 1 64 2
2 716 1 68 1
2 716 1 71 1
2 716 2 61 1
2 716 2 66 1
2 716 2 67 1
2 716 2 70 1
2 717 1 61 2
2 717 1 72 1
2 717 1 74 1
2 717 2 64 1
2 717 2 73 1
2 718 1 60 1
2 718 1 63 1
2 718 1 64 2
2 718 1 69 1
2 718 2 60 1
2 718 2 66 2
2 718 2 72 1
2 719 1 60 1
2 719 1 63 1
2 719 1 64 2
2 719 1 70 1
2 719 2 59 1
2 719 2 60 3
2 719 2 61 1
2 719 2 66 2
2 719 2 67 1
2 719 2 69 1
2 719 2 72 2
2 720 1 59 1
2 720 1 65 1
2 720 2 90 1
2 721 1 65 1
2 721 1 72 1
2 721 2 58 1
2 721 2 63 1
2 721 2 66 1
2 721 2 67 1
2 721 2 88 1
2 722 1 66 1
2 722 1 76 1
2 722 2 60 1
2 722 2 61 1
2 722 2 65 1
2 722 2 66 1
2 723 1 74 1
2 723 2 61 1
2 723 2 66 1
2 723 2 67 1
2 724 1 66 1
2 724 2 60 1
2 724 2 69 1
2 725 1 66 2
2 726 2 74 1
2 727 2 68 1
2 728 1 40 1
2 728 2 66 1
2 728 2 68 1
2 728 2 71 1
2 729 2 70 1
2 729 2 72 1
2 730 1 65 1
2 731 2 67 1
2 731 2 84 1
2 732 1 60 1
2 733 1 79 1
2 733 2 82 1
2 734 1 61 1
2 734 2 63 1
2 734 2 67 1
2 735 1 68 1
2 735 1 71 1
2 735 2 78 1
2 735 2 84 1
2 736 1 65 1
2 736 1 78 1
2 737 2 65 1
2 738 1 66 2
2 738 2 83 1
2 739 2 67 1
2 739 2 70 1
2 739 2 83 1
2 740 1 64 1
2 740 1 69 1
2 740 2 57 1
2 741 1 67 1
2 741 1 80 1
2 741 2 63 1
2 742 1 66 1
2 743 1 58 1
2 743 1 64 1
2 743 1 67 1
2 743 1 72 1
2 743 2 57 1
2 743 2 65 1
2 743 2 66 2
2 743 2 67 1
2 743 2 70 1
2 743 2 82 1
2 744 1 67 1
2 744 1 74 1
2 744 2 51 1
2 744 2 63 1
2 745 1 59 1
2 745 1 67 1
2 745 1 71 1
2 745 2 63 1
2 745 2 64 1
2 745 2 72 1
2 746 2 56 1
2 746 2 64 1
2 746 2 67 1
2 746 2 81 1
2 747 1 66 1
2 747 1 67 1
2 747 1 74 1
2 747 2 51 1
2 747 2 63 1
2 748 2 66 1
3 749 2 82 1
9 750 1 91 1
3 751 3 63 1
9 752 2 52 1
9 752 2 62 1
9 753 2 69 1
9 754 2 60 1
9 755 1 78 1
9 756 1 47 1
9 756 1 54 1
9 757 1 29 1
1 758 1 36 1
1 758 2 44 1
1 758 2 46 1
1 759 2 41 1
1 759 2 59 1
1 760 1 75 1
1 761 2 31 1
1 761 2 61 1
1 762 3 48 1
1 762 3 49 1
1 762 3 50 1
1 762 3 54 3
1 763 3 56 1
1 763 3 57 1
1 763 3 58 1
1 763 3 70 3
1 764 3 70 1
1 764 3 71 1
1 764 3 78 1
1 764 3 79 2
1 765 1 66 1
1 765 1 67 1
1 765 2 61 1
1 765 2 63 1
1 765 2 71 2
7 766 1 65 1
7 766 1 67 2
7 766 2 60 1
7 766 2 66 1
7 766 2 69 1
1 767 3 54 1
1 768 3 73 1
7 769 2 69 1
7 770 2 65 1
7 771 1 51 1
7 771 1 61 1
7 771 2 58 1
7 771 2 60 1
7 771 2 61 1
7 771 2 66 1
1 772 3 64 1
7 773 2 66 1
1 774 3 67 1
1 775 3 39 1
7 776 2 62 1
1 777 2 44 1
1 778 1 49 1
1 779 2 70 1
7 780 1 60 1
7 780 1 62 1
7 780 2 53 1
7 780 2 68 1
1 781 1 59 1
1 781 2 65 1
1 782 1 62 2
1 782 1 67 1
1 782 2 46 1
1 782 2 67 1
1 783 1 66 1
1 783 1 68 1
1 783 2 65 1
7 784 2 63 1
1 785 1 42 1
1 785 1 82 1
1 785 2 64 1
1 785 2 70 1
1 785 2 97 1
1 786 3 58 1
1 786 3 61 1
1 786 3 66 2
1 786 3 89 1
1 787 3 60 1
7 788 2 67 1
7 789 1 50 1
7 789 1 52 1
7 789 1 53 1
7 789 1 59 2
7 789 1 65 5
7 789 1 69 2
7 789 1 71 1
1 790 1 20 1
1 790 2 40 1
1 791 2 61 1
7 792 3 64 1
1 793 1 65 1
7 794 2 69 1
7 795 2 58 1
7 796 1 64 1
7 797 1 77 1
7 798 3 64 2
7 798 3 66 1
1 799 1 36 1
1 799 1 42 1
1 799 1 55 1
1 799 1 61 1
1 800 1 30 1
1 800 1 46 1
7 801 1 55 1
7 802 1 53 1
1 803 1 39 1
1 803 1 48 1
7 804 1 70 1
7 805 2 63 1
7 806 1 65 1
7 806 2 65 1
7 807 1 61 1
7 807 1 67 1
7 807 2 91 1
7 808 2 61 1
7 808 2 63 1
1 809 1 59 1
1 809 2 62 1
1 809 2 63 1
1 809 2 68 2
7 810 2 68 1
7 810 2 88 1
1 811 2 64 1
1 811 2 65 1
7 812 1 63 1
7 812 2 59 1
1 813 2 64 1
1 813 2 78 1
7 814 1 64 1
1 815 1 64 1
1 815 2 60 1
1 815 2 63 1
1 815 2 65 1
1 815 2 71 1
1 816 1 52 1
1 816 1 58 2
1 816 2 65 2
1 816 2 68 1
1 817 1 45 1
1 817 2 59 1
1 817 2 60 1
1 817 2 63 1
1 817 2 65 1
1 817 2 67 1
1 817 2 69 1
1 818 1 64 1
1 818 2 49 1
1 818 2 55 1
1 818 2 64 1
1 818 2 70 1
1 818 2 77 1
1 818 2 89 1
1 819 1 51 1
1 819 1 59 1
1 819 1 63 1
1 819 2 46 1
1 819 2 53 1
1 819 2 54 1
1 819 2 66 1
1 820 1 51 1
1 820 1 54 1
1 820 2 61 1
1 821 1 63 1
1 821 2 80 1
1 822 1 61 1
1 822 2 51 1
1 822 2 55 1
1 822 2 56 1
1 822 2 60 1
1 822 2 65 1
1 822 2 66 1
1 823 1 84 1
1 824 1 60 1
1 825 1 52 1
1 826 2 61 1
1 827 2 51 1
7 828 2 71 1
1 829 1 61 1
1 829 2 58 1
1 830 2 59 1
7 831 2 68 1
7 832 1 43 1
7 832 2 88 1
7 833 1 54 1
7 834 1 66 1
7 834 1 68 1
7 834 1 93 1
7 834 2 60 2
7 834 2 63 1
7 834 2 64 2
7 835 1 62 1
7 835 2 46 1
7 835 2 56 1
7 835 2 64 1
7 835 2 81 1
7 835 2 84 1
7 836 1 43 1
7 836 1 55 1
7 836 1 59 1
7 836 1 61 1
7 836 1 67 1
7 836 1 69 1
7 836 2 44 1
7 836 2 57 1
7 836 2 59 1
7 836 2 60 2
7 836 2 61 1
7 836 2 81 1
7 837 1 62 1
7 837 1 63 1
7 837 1 64 1
7 837 1 66 2
7 837 1 68 1
7 837 1 69 3
7 837 2 52 1
7 837 2 56 1
7 837 2 59 1
7 837 2 62 1
7 837 2 63 2
3 838 1 59 1
1 839 1 48 1
1 839 1 61 1
1 839 1 71 1
1 839 2 51 1
1 839 2 60 1
1 839 2 61 1
1 839 2 64 2
1 839 2 78 1
1 839 2 88 1
1 840 1 65 1
1 840 1 66 1
1 840 1 67 1
1 840 1 69 1
1 840 1 78 1
1 840 1 81 1
1 840 2 60 1
1 840 2 62 1
1 840 2 71 1
1 840 2 77 1
1 840 2 80 1
1 840 2 86 1
1 840 2 89 1
1 841 1 68 2
1 842 1 107 1
1 842 1 65 1
1 842 1 72 1
1 842 1 75 1
1 842 1 85 1
1 842 1 90 1
1 842 2 66 1
1 842 2 69 1
1 842 2 75 1
1 843 1 51 1
1 843 1 58 1
1 844 1 53 1
1 844 1 69 1
1 844 1 72 1
1 844 1 95 1
1 844 2 67 1
1 844 2 68 1
1 844 2 76 1
1 844 2 79 1
1 844 2 90 1
1 844 2 99 1
1 845 1 63 2
1 845 2 51 1
1 845 2 61 3
1 846 1 53 1
1 846 1 63 1
1 846 2 45 1
1 846 2 58 1
1 846 2 62 3
1 846 2 63 2
1 846 2 65 2
1 846 2 84 1
1 847 2 60 1
1 847 2 62 1
1 848 2 62 1
1 849 2 61 1
1 850 2 48 1
1 850 2 54 1
1 850 2 62 1
1 851 2 56 1
1 851 2 69 1
1 852 1 54 1
1 853 1 66 1
1 853 1 67 1
1 853 2 62 1
1 854 2 60 1
1 854 2 67 1
3 855 1 56 1
3 856 1 49 1
3 857 2 57 1
3 858 1 66 1
3 859 2 86 1
3 860 1 65 1
3 860 1 70 1
3 860 2 29 1
3 860 2 63 1
3 861 2 68 2
3 861 2 83 2
3 862 1 51 1
3 862 2 81 1
3 862 2 90 1
3 863 2 28 1
3 863 2 65 1
3 864 2 90 1
3 865 1 76 1
3 866 2 92 1
3 867 1 72 1
3 868 1 67 1
3 868 1 76 1
3 869 1 82 1
3 869 2 66 1
3 870 1 50 1
3 870 1 66 1
3 870 2 69 1
3 871 2 51 1
3 871 2 58 1
3 871 2 61 1
3 872 1 58 1
3 872 2 78 1
3 873 1 65 1
3 873 1 67 1
3 873 1 70 1
3 873 2 76 1
3 873 2 85 1
3 873 2 93 1
3 874 1 56 1
3 874 1 57 1
3 874 1 62 2
3 874 1 63 2
3 874 1 75 1
3 874 2 58 1
3 874 2 59 1
3 874 2 60 1
3 874 2 61 3
3 874 2 62 3
3 874 2 63 1
3 875 2 46 1
3 875 2 59 1
3 875 2 67 1
3 875 2 70 1
3 876 2 59 1
3 876 2 64 1
3 877 2 46 1
3 877 2 63 1
3 878 1 54 1
3 878 1 56 1
3 878 1 57 1
3 878 1 58 1
3 878 1 60 1
3 878 1 61 1
3 878 1 62 1
3 878 1 63 2
3 878 1 65 1
3 878 1 66 1
3 878 1 67 1
3 878 1 69 1
3 878 1 71 1
3 878 1 73 1
3 878 1 77 1
3 878 2 45 1
3 878 2 46 1
3 878 2 52 1
3 878 2 60 1
3 878 2 61 1
3 878 2 62 2
3 878 2 65 1
3 878 2 66 1
3 878 2 67 2
3 878 2 72 1
3 878 2 82 1
3 878 2 95 1
3 879 1 50 1
3 879 1 56 1
3 879 1 57 1
3 879 1 61 1
3 879 1 63 1
3 879 1 64 1
3 879 1 65 1
3 879 1 66 1
3 879 1 67 1
3 879 1 80 1
3 879 1 81 1
3 879 2 56 1
3 879 2 61 1
3 879 2 62 1
3 879 2 68 1
3 879 2 70 1
3 880 1 60 1
3 880 1 64 1
3 880 1 70 1
3 880 2 50 1
3 880 2 56 1
3 880 2 63 1
3 881 2 54 1
3 881 2 61 1
3 882 1 49 1
3 883 1 71 1
3 884 1 93 1
3 885 1 52 1
3 885 1 61 1
3 885 1 64 1
3 885 1 71 1
3 885 1 84 1
3 885 2 72 1
3 885 2 83 1
3 885 2 89 1
3 886 1 75 1
3 886 1 78 1
3 886 2 63 1
3 886 2 67 1
3 886 2 75 1
3 887 1 64 1
3 888 1 55 1
3 889 1 46 1
3 890 1 65 1
3 890 2 65 1
3 890 2 91 1
3 891 1 25 1
3 891 1 51 1
3 891 1 67 1
3 891 1 71 1
3 891 2 66 1
3 891 2 67 1
3 892 1 64 1
3 892 2 62 1
3 893 2 91 1
3 893 2 93 1
3 894 2 69 1
3 894 2 95 1
3 895 1 76 1
3 895 2 75 1
3 895 2 95 1
3 896 1 76 1
3 896 2 70 1
3 897 2 69 1
3 898 1 74 1
3 898 2 64 1
3 899 2 66 1
3 899 2 75 1
3 899 2 85 1
3 900 1 73 1
3 900 2 65 1
3 900 2 86 1
1 901 2 61 1
7 902 1 61 1
7 902 1 65 1
7 902 1 68 1
7 902 2 60 1
1 903 1 52 1
1 903 1 56 1
1 903 1 66 1
1 904 2 88 1
1 905 1 41 1
1 905 1 49 1
1 905 1 59 1
1 905 1 67 1
1 905 1 71 1
1 906 1 62 1
1 906 1 66 1
1 906 1 68 1
1 906 1 80 1
1 906 2 52 1
1 906 2 60 1
1 906 2 63 1
1 906 2 82 1
7 907 1 74 1
1 908 1 63 1
1 908 1 66 1
1 908 2 49 1
1 908 2 51 1
1 908 2 60 1
1 908 2 61 1
1 908 2 63 1
7 909 2 71 1
1 910 1 63 2
1 910 1 77 1
1 910 1 90 1
1 910 2 69 1
1 910 2 81 1
1 911 2 44 1
1 911 2 73 1
7 912 2 63 1
1 913 1 45 1
1 914 1 23 1
1 914 1 60 1
1 914 1 61 1
1 914 1 66 1
1 914 1 67 1
1 914 1 76 1
1 914 1 81 1
1 914 2 61 1
1 915 1 54 1
1 915 2 54 1
1 916 1 79 1
1 916 2 56 1
1 916 2 60 1
1 916 2 61 2
7 917 2 40 1
1 918 1 66 1
1 918 1 68 1
1 919 1 51 1
1 919 1 53 1
1 919 1 63 1
1 919 1 64 1
1 919 1 72 1
1 919 1 75 1
1 919 2 40 1
1 919 2 48 1
1 919 2 52 1
1 919 2 57 1
1 919 2 60 2
1 919 2 63 1
1 919 2 68 1
1 919 2 69 1
1 919 2 80 1
1 920 1 85 1
1 920 2 61 1
1 920 2 67 1
1 920 2 68 1
1 921 2 65 1
1 922 1 49 1
1 922 1 53 1
1 922 1 62 1
1 922 1 64 1
1 922 2 63 1
1 923 1 64 2
1 923 1 67 1
1 923 1 73 1
1 923 2 45 1
1 923 2 49 1
1 923 2 51 1
1 923 2 56 1
1 923 2 57 2
1 923 2 63 1
1 923 2 65 1
1 923 2 68 1
1 923 2 71 1
1 923 2 76 1
1 923 2 91 1
1 924 1 59 1
1 924 1 60 1
1 924 1 61 1
1 924 1 63 1
1 924 1 64 2
1 924 1 66 1
1 924 1 69 1
1 924 1 71 2
1 924 1 73 1
1 924 1 76 1
1 924 2 59 1
1 924 2 61 1
1 924 2 64 1
1 924 2 66 2
1 924 2 67 1
1 924 2 69 2
1 924 2 72 2
1 924 2 73 2
1 924 2 74 1
1 924 2 75 1
1 925 2 84 1
7 926 2 77 1
7 927 2 41 1
1 928 1 61 2
1 928 1 69 1
1 928 1 70 1
1 928 1 77 1
1 928 1 82 1
1 928 2 50 1
1 928 2 68 1
1 928 2 70 2
1 928 2 72 1
1 928 2 73 1
1 928 2 75 3
1 928 2 89 2
7 929 2 67 1
7 930 1 38 1
1 931 1 58 1
1 931 1 62 1
1 931 1 69 1
1 931 1 71 1
1 931 1 72 1
1 931 1 73 1
1 931 1 74 1
1 931 1 76 2
1 931 1 79 1
1 931 2 54 1
1 931 2 59 2
1 931 2 64 1
1 931 2 66 1
1 931 2 67 1
1 931 2 68 1
1 931 2 71 1
1 931 2 72 1
1 931 2 73 3
1 931 2 75 1
1 931 2 77 1
1 931 2 78 1
1 931 2 83 1
7 932 2 36 1
1 933 1 62 1
1 933 1 67 1
1 933 1 72 1
1 933 1 75 2
1 933 1 80 2
1 933 2 62 1
1 933 2 67 1
1 933 2 68 1
1 933 2 69 1
1 933 2 70 2
1 933 2 71 1
1 933 2 72 1
1 933 2 73 1
1 933 2 76 1
1 933 2 78 1
7 934 2 79 1
7 935 1 56 1
7 935 1 61 1
7 935 1 62 1
7 935 1 69 1
7 935 1 70 1
7 935 2 62 1
7 935 2 63 1
7 935 2 64 1
7 935 2 71 1
1 936 1 60 1
1 936 2 54 1
1 936 2 59 1
1 936 2 61 1
1 936 2 62 1
1 936 2 66 1
1 937 1 65 1
1 937 1 67 1
7 938 1 65 1
7 938 1 68 1
7 938 2 60 1
7 938 2 63 1
7 938 2 65 1
1 939 1 53 1
1 939 1 58 1
1 939 2 67 1
1 940 1 29 1
1 940 2 60 1
1 940 2 64 1
1 941 1 54 1
1 941 1 59 1
1 941 1 64 1
1 942 2 65 1
1 943 1 67 1
1 943 1 73 1
1 943 1 79 1
7 944 1 51 1
7 944 2 67 2
3 945 2 58 1
1 946 1 81 1
1 946 2 92 1
1 947 2 65 1
1 947 2 76 1
1 948 1 57 1
1 948 1 68 1
1 948 2 80 1
1 949 1 76 1
1 950 2 65 1
1 951 1 65 2
1 951 2 73 1
1 951 2 76 1
1 951 2 85 1
1 952 1 50 1
1 952 1 52 1
1 952 1 53 1
1 952 1 59 1
1 952 1 62 1
1 952 1 64 2
1 952 1 66 1
1 952 1 67 1
1 952 2 55 1
1 952 2 68 1
1 952 2 70 1
1 952 2 85 1
1 953 1 61 1
1 953 1 64 1
1 953 1 66 1
1 953 2 66 1
7 954 2 78 1
7 955 1 68 1
7 956 2 59 1
7 956 2 68 1
7 957 1 44 1
7 957 2 59 1
7 957 2 69 1
9 958 2 57 1
9 958 2 63 1
9 959 2 67 1
9 959 2 69 1
3 960 2 74 1
3 961 2 35 1
9 962 1 49 1
9 962 1 66 1
9 962 2 47 1
9 963 1 55 1
9 963 1 64 1
9 963 1 67 1
9 963 2 52 1
9 963 2 55 1
9 963 2 62 1
9 963 2 66 1
9 964 1 53 1
9 964 2 49 2
9 964 2 66 1
3 965 2 36 1
3 966 2 49 1
9 967 2 52 1
9 967 2 56 1
9 967 2 63 1
9 967 2 69 1
3 968 2 50 1
9 969 1 46 1
9 969 1 49 2
9 969 1 50 2
9 969 1 51 2
9 969 1 53 1
9 969 1 55 1
9 969 1 56 1
9 969 1 58 1
9 969 1 59 2
9 969 1 62 1
9 969 1 72 1
9 969 2 41 1
9 969 2 46 1
9 969 2 47 1
9 969 2 48 2
9 969 2 50 2
9 969 2 51 2
9 969 2 62 2
9 970 1 52 1
9 970 1 64 1
9 970 1 65 1
9 970 2 63 1
9 971 1 59 1
9 971 2 53 1
9 971 2 61 1
9 972 1 46 1
9 972 1 47 1
9 972 1 56 1
9 972 1 63 1
9 972 1 65 1
9 972 1 66 1
9 972 1 71 1
9 972 2 49 1
9 972 2 51 1
9 972 2 53 1
9 972 2 57 1
9 972 2 58 1
9 972 2 66 1
9 972 2 69 1
3 973 2 49 1
3 973 2 51 1
3 973 2 54 2
9 974 1 41 1
9 974 1 48 1
9 974 1 49 1
9 974 2 42 1
9 974 2 45 1
9 974 2 49 2
9 974 2 54 1
9 974 2 63 1
9 974 2 65 1
3 975 2 86 1
9 976 1 52 1
9 976 1 54 1
9 977 1 49 1
9 977 2 56 1
3 978 1 48 1
9 979 1 39 1
9 979 1 50 1
9 979 1 69 1
9 979 2 54 1
9 980 2 65 1
3 981 2 48 1
3 981 2 50 1
9 982 1 53 1
9 982 1 56 1
9 982 2 48 1
9 982 2 54 1
9 982 2 56 1
9 982 2 66 1
3 983 1 54 1
3 983 2 71 1
6 984 1 81 1
3 985 1 49 1
3 985 2 68 1
9 986 1 45 1
9 986 1 46 2
9 986 1 47 1
9 986 1 48 1
9 986 1 49 1
9 986 1 51 1
9 986 1 52 1
9 986 1 53 1
9 986 1 61 1
9 986 2 47 1
9 986 2 49 1
9 986 2 50 1
9 986 2 53 3
9 986 2 66 1
9 986 2 68 1
9 986 2 76 1
9 986 2 89 1
3 987 1 45 1
9 988 2 52 1
9 989 1 52 1
9 989 1 75 1
9 989 2 58 1
9 989 2 60 1
3 990 1 50 1
9 991 1 46 1
9 991 1 59 1
9 992 1 66 1
9 992 2 54 1
9 992 2 63 1
3 993 1 48 1
3 993 1 63 1
3 993 2 64 1
3 994 1 54 1
3 994 2 47 1
3 994 2 58 1
9 995 2 66 1
9 996 2 47 1
9 996 2 49 1
3 997 1 34 1
3 997 1 47 1
3 997 2 42 1
3 997 2 43 1
3 997 2 46 1
9 998 1 46 1
9 998 2 47 1
9 998 2 52 1
9 998 2 53 1
9 998 2 54 1
9 998 2 60 1
9 998 2 68 1
9 998 2 76 1
9 999 2 29 1
9 999 2 60 1
3 1000 1 49 1
3 1001 2 61 1
9 1002 1 52 1
9 1002 1 66 1
9 1002 2 51 1
9 1002 2 59 1
9 1002 2 65 1
3 1003 2 52 1
3 1004 2 50 2
3 1004 2 58 1
3 1005 1 55 1
3 1005 1 65 1
3 1005 1 67 1
3 1005 1 68 1
3 1005 2 50 2
3 1005 2 59 1
3 1005 2 70 1
3 1006 2 66 1
3 1006 2 68 1
9 1007 1 46 1
9 1007 1 54 1
9 1007 1 55 1
9 1007 1 67 1
9 1007 2 50 1
9 1007 2 52 1
9 1007 2 57 1
9 1007 2 65 1
9 1007 2 67 1
9 1007 2 73 1
3 1008 3 67 1
3 1008 3 72 1
3 1009 3 76 1
1 1010 3 90 1
1 1011 1 59 1
1 1011 1 64 2
1 1011 1 67 1
1 1011 1 75 1
1 1011 2 49 1
1 1011 2 61 1
1 1011 2 64 1
1 1011 2 67 2
1 1011 2 69 1
1 1011 2 71 1
1 1012 1 63 1
1 1012 1 69 1
1 1012 1 88 1
1 1012 2 57 1
1 1012 2 62 1
1 1012 2 66 2
1 1013 1 53 1
1 1013 1 62 1
1 1013 1 64 1
1 1013 1 65 1
1 1013 1 74 1
1 1013 2 52 1
1 1013 2 62 1
1 1013 2 64 1
1 1013 2 65 2
1 1013 2 67 1
1 1013 2 69 1
1 1014 1 62 1
1 1014 1 73 1
1 1014 2 50 1
1 1014 2 65 2
1 1014 2 68 1
1 1014 2 74 1
1 1015 1 60 1
1 1015 1 71 1
1 1015 2 64 1
1 1015 2 65 1
1 1015 2 68 1
1 1016 1 60 1
1 1017 3 79 1
1 1018 3 63 1
7 1019 2 63 1
1 1020 1 68 1
7 1021 1 63 1
1 1022 1 60 1
1 1022 1 63 1
1 1023 1 71 1
1 1024 1 53 1
1 1024 2 66 1
1 1025 1 65 1
1 1026 3 65 1
1 1027 2 55 1
1 1028 1 67 1
1 1029 2 79 1
1 1030 1 74 1
1 1031 1 68 1
1 1031 2 56 1
1 1032 2 94 1
1 1033 1 76 1
1 1034 1 67 1
1 1035 2 84 1
1 1036 1 59 1
1 1036 1 71 1
1 1036 1 72 1
1 1036 1 84 1
1 1036 2 69 1
1 1036 2 72 1
1 1036 2 73 1
1 1036 2 74 1
1 1036 2 78 1
1 1036 2 81 1
1 1037 2 75 1
1 1038 2 63 1
1 1039 1 65 1
1 1039 2 58 1
1 1040 3 87 1
1 1041 1 56 1
1 1041 1 79 1
1 1041 1 80 1
1 1041 1 90 1
1 1041 2 64 1
1 1042 1 77 1
1 1042 1 82 1
1 1042 2 66 1
1 1042 2 69 1
1 1042 2 71 1
1 1043 1 70 1
1 1044 1 51 1
1 1044 1 63 1
1 1044 1 69 1
1 1044 2 58 1
1 1044 2 59 1
1 1044 2 66 1
1 1045 1 81 1
1 1045 2 80 1
1 1045 2 90 1
1 1046 1 78 1
1 1046 2 67 1
1 1047 1 75 1
1 1047 2 66 1
7 1048 2 68 1
3 1049 3 67 1
3 1049 3 69 1
3 1049 3 81 1
3 1050 2 65 1
6 1051 2 61 1
3 1052 3 75 1
3 1052 3 77 1
3 1052 3 81 1
3 1053 3 60 1
3 1054 3 61 2
3 1054 3 65 1
3 1054 3 67 1
1 1055 2 65 1
1 1056 2 58 1
1 1057 2 62 1
1 1058 1 48 1
1 1058 2 63 1
7 1059 2 67 1
1 1060 1 56 1
7 1061 2 63 1
1 1062 2 64 1
1 1063 1 63 1
1 1064 2 66 1
1 1064 2 69 1
7 1065 1 65 1
7 1065 2 64 1
1 1066 1 67 1
1 1066 1 70 1
7 1067 2 68 1
7 1068 1 41 1
7 1068 1 43 1
7 1068 1 48 6
7 1068 1 49 2
7 1068 1 50 1
7 1068 1 53 3
7 1068 1 54 1
7 1068 1 55 1
7 1068 1 56 1
7 1068 2 39 1
7 1068 2 44 1
7 1068 2 45 1
7 1068 2 46 1
7 1068 2 48 2
7 1068 2 49 3
7 1068 2 50 1
7 1068 2 51 1
7 1068 2 52 2
7 1068 2 53 2
7 1068 2 62 1
7 1068 2 64 1
7 1068 2 70 3
7 1069 1 56 1
7 1069 1 80 1
7 1069 2 62 1
7 1069 2 78 1
7 1070 1 66 1
7 1071 2 56 1
7 1072 1 80 1
7 1073 1 51 1
7 1073 1 54 1
7 1073 1 72 1
7 1074 1 49 1
7 1074 1 58 1
7 1074 2 77 1
7 1075 1 49 1
7 1075 1 63 1
7 1075 1 67 1
7 1075 2 64 1
7 1075 2 73 1
7 1076 1 71 1
7 1076 1 77 1
7 1076 2 60 1
7 1076 2 66 1
7 1077 2 66 1
7 1078 1 67 1
7 1078 2 62 1
7 1078 2 63 1
7 1078 2 65 1
7 1078 2 66 1
7 1079 2 48 1
7 1079 2 57 1
7 1080 1 83 1
7 1080 2 81 1
7 1081 2 73 1
7 1082 1 63 1
7 1083 1 43 1
7 1083 1 47 2
7 1083 1 48 3
7 1083 1 49 3
7 1083 1 50 6
7 1083 1 51 1
7 1083 1 52 2
7 1083 1 53 3
7 1083 1 54 1
7 1083 1 55 1
7 1083 1 56 1
7 1083 1 57 1
7 1083 1 58 3
7 1083 1 59 1
7 1083 1 61 2
7 1083 1 64 1
7 1083 1 66 1
7 1083 1 67 2
7 1083 1 68 1
7 1083 1 69 2
7 1083 1 70 1
7 1083 1 74 1
7 1083 1 77 1
7 1083 2 46 1
7 1083 2 49 3
7 1083 2 50 3
7 1083 2 51 2
7 1083 2 52 2
7 1083 2 55 1
7 1083 2 56 1
7 1083 2 57 2
7 1083 2 58 2
7 1083 2 60 2
7 1083 2 65 2
7 1083 2 67 1
7 1083 2 68 1
7 1083 2 69 1
7 1083 2 70 1
7 1084 1 37 1
7 1084 1 63 1
7 1084 2 62 1
7 1085 1 62 1
7 1085 1 70 1
7 1085 2 44 1
7 1085 2 58 1
7 1085 2 64 1
1 1086 2 61 1
7 1087 1 72 1
1 1088 2 59 1
1 1088 2 62 1
7 1089 1 75 1
7 1090 2 75 1
1 1091 1 65 1
1 1091 1 74 1
1 1091 2 60 1
1 1091 2 63 1
1 1092 1 59 1
1 1092 1 65 1
1 1092 1 67 1
1 1092 2 61 1
1 1092 2 65 1
1 1092 2 66 2
1 1093 2 64 1
1 1093 2 68 2
1 1094 1 60 1
1 1094 1 64 1
1 1094 1 68 1
1 1094 2 61 1
1 1094 2 64 1
1 1094 2 66 1
1 1094 2 67 1
1 1094 2 74 1
1 1095 2 43 1
1 1095 2 64 1
1 1095 2 67 1
1 1096 1 51 1
1 1096 1 54 2
1 1096 1 67 1
1 1096 2 58 1
1 1096 2 60 1
1 1096 2 71 1
1 1097 1 61 1
1 1097 1 63 1
1 1097 1 70 1
1 1097 1 78 1
1 1097 2 60 1
1 1097 2 65 1
1 1097 2 74 1
1 1098 1 61 1
1 1098 1 68 1
1 1098 2 64 1
1 1098 2 68 1
1 1098 2 69 1
1 1099 1 66 1
1 1099 1 67 1
1 1099 1 74 1
1 1099 2 76 1
1 1100 1 56 1
1 1100 2 62 1
7 1101 2 68 1
1 1102 2 66 1
1 1102 2 70 1
1 1103 2 60 1
1 1104 2 63 1
1 1104 2 64 1
7 1105 2 44 2
7 1105 2 46 1
7 1105 2 48 2
7 1105 2 50 1
7 1105 2 52 1
7 1106 1 43 1
7 1106 1 48 1
7 1106 1 50 1
7 1106 2 44 1
7 1106 2 47 1
7 1106 2 54 1
1 1107 1 72 1
1 1107 2 69 1
7 1108 1 51 1
7 1108 1 54 1
7 1108 1 69 1
7 1108 2 48 1
7 1108 2 53 1
7 1108 2 54 1
7 1108 2 56 1
7 1108 2 57 1
7 1108 2 58 1
1 1109 1 65 1
1 1110 1 80 1
1 1110 1 84 1
1 1110 3 76 1
7 1111 2 51 1
7 1112 2 83 1
7 1113 1 56 1
1 1114 2 75 1
1 1114 2 76 1
7 1115 2 58 1
1 1116 1 60 1
1 1116 1 70 1
7 1117 2 48 1
1 1118 2 68 1
1 1118 2 70 1
7 1119 2 48 1
7 1120 1 57 1
7 1120 2 50 1
7 1120 2 55 1
7 1120 2 56 1
1 1121 2 61 1
1 1121 2 64 1
1 1121 3 70 1
7 1122 1 44 1
7 1122 2 53 1
7 1123 2 68 1
1 1124 1 65 1
1 1124 1 68 1
1 1124 2 64 1
1 1124 2 67 1
7 1125 1 50 1
7 1125 1 53 1
7 1125 1 60 1
7 1125 2 62 1
1 1126 2 60 1
1 1126 2 68 1
1 1126 2 70 1
7 1127 1 59 1
1 1128 1 63 1
1 1128 1 71 1
1 1128 2 46 1
7 1129 1 49 1
7 1129 1 55 1
7 1129 2 63 1
1 1130 1 71 1
1 1130 1 73 1
7 1131 1 64 1
1 1132 1 63 1
1 1132 1 80 1
1 1132 2 64 1
1 1133 2 71 1
1 1133 2 74 1
7 1134 2 50 1
1 1135 2 61 1
1 1135 2 78 1
7 1136 1 58 1
1 1137 2 62 1
1 1137 2 71 1
7 1138 1 56 1
7 1138 2 76 1
1 1139 1 70 1
1 1140 1 64 1
1 1140 1 67 1
1 1140 1 73 1
1 1140 2 64 1
1 1140 2 74 1
7 1141 1 49 1
1 1142 1 78 1
1 1142 2 55 1
1 1142 2 59 1
1 1142 2 78 1
1 1142 2 88 1
7 1143 2 66 1
7 1143 2 68 1
7 1143 2 69 1
1 1144 1 62 1
1 1144 1 66 1
1 1144 1 68 1
1 1144 2 65 1
1 1144 2 66 1
1 1145 1 66 1
1 1146 1 58 1
1 1146 1 65 1
1 1146 2 70 1
1 1147 1 64 1
1 1147 2 70 1
1 1148 1 64 1
1 1148 2 59 1
7 1149 2 49 1
7 1149 2 52 1
7 1149 2 69 1
1 1150 2 68 1
1 1151 1 88 1
1 1152 1 66 1
1 1152 2 55 1
1 1153 2 71 1
1 1154 1 59 1
1 1154 1 81 1
1 1154 1 82 1
1 1154 2 68 1
1 1154 2 73 1
7 1155 1 54 1
7 1155 2 45 1
7 1155 2 48 1
1 1156 1 61 1
1 1157 1 69 1
1 1157 1 78 1
1 1157 1 86 1
1 1157 1 88 1
1 1157 2 63 1
1 1157 2 68 1
1 1158 1 65 1
1 1158 1 70 1
1 1158 1 72 1
1 1158 2 65 1
1 1159 1 51 1
1 1159 1 58 1
1 1159 1 70 1
1 1159 1 72 1
1 1160 1 58 1
1 1160 1 59 1
1 1160 1 66 1
1 1160 1 68 1
1 1161 1 56 1
1 1161 1 80 1
1 1161 2 50 1
1 1161 2 57 1
1 1161 2 67 1
1 1162 1 67 1
1 1162 1 68 1
1 1162 1 73 1
1 1162 1 88 1
1 1162 2 61 2
1 1162 2 67 1
1 1162 2 68 2
1 1162 2 73 1
1 1162 3 89 1
1 1163 1 43 1
1 1163 1 48 1
1 1163 1 49 1
1 1163 1 68 1
1 1163 1 69 2
1 1163 2 53 1
1 1163 2 58 1
1 1163 2 59 1
1 1163 2 63 1
1 1163 2 69 1
1 1163 2 70 2
1 1163 2 72 1
1 1164 1 65 1
1 1164 1 78 1
7 1165 1 48 1
7 1165 1 51 1
7 1165 1 53 1
7 1165 1 54 1
7 1165 1 55 1
7 1165 2 45 1
7 1165 2 47 1
7 1165 2 48 1
7 1165 2 52 1
7 1165 2 56 1
7 1165 2 61 1
1 1166 1 45 1
1 1166 1 55 1
1 1166 1 56 1
1 1166 1 57 1
1 1166 1 60 1
1 1166 1 62 1
1 1166 1 66 1
1 1166 1 70 1
1 1166 2 72 1
1 1166 2 89 1
1 1167 1 76 1
1 1168 1 80 1
1 1169 1 76 1
1 1169 3 72 1
7 1170 1 48 1
7 1170 1 50 1
7 1170 1 52 1
7 1170 1 53 1
7 1170 1 61 1
7 1170 1 65 1
7 1170 2 44 1
7 1170 2 50 1
7 1170 2 53 1
7 1170 2 66 1
1 1171 1 85 1
1 1171 2 75 1
1 1172 1 70 1
1 1172 2 65 1
7 1173 1 50 1
7 1173 1 62 2
7 1173 2 46 1
7 1173 2 49 1
7 1173 2 51 1
7 1173 2 59 1
7 1173 2 64 1
1 1174 1 73 1
1 1174 1 90 1
7 1175 1 48 1
7 1175 1 68 1
7 1175 2 42 1
7 1175 2 46 1
7 1175 2 49 1
7 1175 2 50 1
7 1175 2 51 1
7 1175 2 58 1
7 1175 2 64 1
1 1176 2 70 1
7 1177 1 58 1
7 1177 2 45 1
7 1177 2 47 1
1 1178 1 66 2
1 1178 2 59 1
1 1178 2 65 1
1 1179 2 75 1
1 1180 2 59 1
1 1180 2 69 1
1 1181 1 75 1
1 1182 1 65 1
1 1183 2 59 1
1 1184 1 68 1
1 1185 1 62 1
1 1185 2 65 1
1 1185 2 68 1
7 1186 1 49 1
7 1186 1 67 1
7 1187 1 28 1
7 1187 2 59 1
7 1188 1 54 1
7 1188 1 57 1
7 1189 1 46 1
7 1190 2 53 1
7 1191 2 64 1
7 1192 1 51 1
7 1192 1 53 1
7 1192 1 62 1
7 1192 2 41 1
7 1192 2 48 1
7 1192 2 51 1
7 1192 2 59 1
7 1192 2 61 1
7 1192 2 67 1
7 1192 2 68 1
7 1193 1 47 1
7 1193 1 53 1
7 1193 1 57 1
7 1193 1 58 1
7 1193 2 45 1
7 1193 2 49 1
7 1193 2 50 1
7 1193 2 51 1
7 1193 2 56 1
7 1193 2 58 1
7 1193 2 60 1
7 1193 2 64 1
7 1193 2 67 1
7 1194 1 47 1
7 1194 1 53 1
7 1194 1 62 1
7 1194 1 67 1
7 1194 2 53 1
7 1194 2 54 1
7 1194 2 57 1
7 1194 2 59 1
7 1195 1 52 1
7 1195 1 53 1
7 1195 1 56 1
7 1195 1 58 1
7 1195 1 67 1
7 1195 1 80 1
7 1195 2 50 2
7 1195 2 58 1
7 1195 2 59 1
7 1195 2 62 1
7 1195 2 66 1
7 1196 1 52 1
7 1196 1 68 1
7 1196 2 69 1
7 1197 2 52 1
7 1197 2 60 1
7 1198 1 55 1
7 1198 2 39 1
7 1198 2 45 1
7 1199 1 51 1
7 1199 2 58 1
7 1200 1 42 1
7 1200 1 63 1
7 1200 2 54 1
7 1200 2 68 1
7 1201 1 68 1
7 1202 1 52 1
7 1202 1 54 1
7 1202 1 56 1
7 1202 1 67 1
7 1202 2 49 1
7 1202 2 61 1
7 1202 2 63 1
7 1202 2 64 1
7 1203 1 50 1
7 1203 1 53 1
7 1203 1 60 1
7 1203 1 70 1
7 1203 2 46 1
7 1203 2 47 1
7 1203 2 48 1
7 1203 2 63 1
7 1203 2 65 1
7 1204 1 64 1
7 1204 2 61 1
1 1205 1 72 1
1 1206 2 61 1
1 1207 1 72 1
1 1208 1 52 1
1 1209 1 60 1
1 1210 2 66 1
1 1211 1 60 1
1 1212 2 66 1
1 1213 1 84 1
1 1214 1 66 1
1 1215 1 76 1
1 1216 1 73 1
1 1217 1 83 1
1 1218 1 66 1
1 1219 1 51 1
1 1220 2 64 1
1 1221 2 56 1
1 1222 1 58 1
1 1223 2 50 1
7 1224 1 56 1
7 1224 2 65 1
7 1225 2 63 1
7 1226 1 53 1
7 1226 1 56 1
7 1226 2 49 2
7 1227 1 50 1
7 1227 1 67 1
7 1227 2 64 1
7 1228 1 65 1
7 1228 2 61 1
7 1228 2 68 1
7 1229 1 52 1
7 1230 2 65 1
7 1231 1 64 2
7 1231 1 67 1
7 1231 1 82 1
7 1231 2 67 1
7 1232 1 65 1
7 1232 1 73 1
7 1233 1 65 1
7 1234 1 86 1
7 1235 2 49 1
7 1235 2 73 1
7 1236 1 66 1
7 1236 1 81 1
7 1236 2 63 1
7 1236 2 73 1
7 1237 1 41 1
7 1237 1 54 1
7 1237 1 64 1
7 1237 2 66 1
7 1238 1 70 1
7 1238 2 76 1
7 1238 3 28 1
7 1239 2 49 1
7 1240 1 66 1
7 1241 2 69 1
7 1242 2 70 1
7 1243 1 51 1
7 1243 2 43 1
1 1244 1 54 1
1 1245 1 60 1
1 1245 1 64 1
1 1246 1 63 1
1 1246 1 77 1
1 1247 1 68 1
1 1247 1 75 1
1 1248 1 58 1
1 1249 1 82 1
1 1250 1 75 1
1 1251 2 67 1
1 1252 1 39 1
1 1252 1 49 2
1 1253 1 51 1
1 1253 2 51 2
1 1253 2 58 1
1 1254 1 58 2
1 1254 1 75 1
1 1254 2 58 1
1 1255 1 75 1
1 1255 2 75 1
1 1255 2 84 1
1 1256 1 27 1
1 1257 1 35 1
1 1257 2 40 1
1 1258 1 41 1
1 1258 2 59 1
1 1259 2 74 1
1 1260 1 60 1
1 1261 1 63 2
1 1261 2 60 1
1 1261 2 62 1
1 1262 1 65 1
1 1262 1 69 1
1 1262 2 66 1
1 1262 2 67 1
1 1263 1 70 1
1 1263 2 79 1
7 1264 1 60 1
1 1265 1 49 1
7 1266 2 52 1
1 1267 2 65 1
1 1268 1 62 1
1 1268 1 65 1
1 1268 2 68 1
1 1268 2 76 1
1 1268 3 75 1
1 1269 1 55 1
1 1269 1 64 1
1 1269 1 72 1
1 1269 1 84 1
1 1269 2 65 1
1 1269 2 67 1
1 1269 2 80 1
1 1270 1 64 1
1 1270 1 70 1
1 1270 1 72 1
1 1270 1 76 1
1 1270 2 64 1
1 1270 2 68 1
1 1270 2 70 1
1 1270 2 77 1
1 1271 1 68 1
1 1271 2 66 2
1 1271 2 67 1
3 1272 2 64 1
1 1273 1 59 1
1 1273 1 66 2
1 1273 2 66 1
1 1273 2 67 2
1 1273 2 68 1
1 1273 2 80 1
1 1273 2 82 2
1 1273 2 91 1
1 1274 1 49 1
1 1274 1 50 1
1 1274 1 51 2
1 1274 1 53 1
1 1274 1 54 1
1 1274 1 56 1
1 1274 1 68 1
1 1274 2 49 2
1 1274 2 51 4
1 1274 2 54 1
1 1274 2 63 1
1 1274 2 64 2
1 1274 2 66 1
1 1274 2 70 1
1 1275 1 59 1
1 1275 1 63 1
1 1275 1 65 1
1 1275 1 66 1
1 1275 1 68 1
1 1275 2 53 1
1 1275 2 58 1
1 1275 2 60 1
1 1275 2 62 1
1 1275 2 63 1
1 1275 2 64 3
1 1275 2 65 1
1 1275 2 66 2
1 1275 2 70 1
7 1276 1 41 1
7 1276 1 47 1
7 1276 1 86 1
7 1276 2 45 1
7 1276 2 50 1
7 1276 2 52 1
7 1276 2 56 1
7 1276 2 60 1
7 1276 2 67 1
7 1277 1 37 1
7 1277 1 46 1
7 1277 1 48 1
7 1277 1 54 1
7 1277 2 47 1
7 1277 2 48 2
7 1277 2 49 1
7 1277 2 53 2
7 1277 2 59 1
7 1278 1 47 1
7 1278 1 50 1
7 1278 2 51 1
7 1278 2 57 1
7 1278 2 58 1
7 1278 2 59 2
7 1278 2 67 1
7 1278 2 69 1
7 1279 1 49 1
7 1279 1 50 1
7 1279 1 52 1
7 1279 1 64 1
7 1279 2 38 1
7 1279 2 53 1
7 1280 1 62 1
7 1280 1 64 1
7 1280 2 62 1
7 1280 2 67 2
7 1281 2 51 1
7 1281 2 56 1
7 1281 2 70 1
7 1281 2 75 1
7 1282 1 50 1
7 1282 1 52 2
7 1282 1 55 1
7 1282 1 62 1
7 1282 2 48 1
7 1283 1 53 1
7 1283 2 60 1
7 1283 2 64 1
1 1284 2 63 1
7 1285 1 49 1
7 1285 1 62 1
7 1285 1 72 1
7 1285 2 51 1
7 1286 1 57 1
7 1286 2 69 1
7 1287 1 51 1
7 1287 1 52 1
7 1287 1 54 1
7 1287 1 62 1
7 1287 2 50 1
7 1287 2 54 1
7 1287 2 66 1
7 1288 2 64 1
7 1289 1 53 1
7 1290 1 50 1
7 1290 1 52 2
7 1290 1 53 1
7 1290 1 54 2
7 1290 1 65 1
7 1290 2 47 1
7 1290 2 54 1
7 1290 2 62 1
7 1290 2 68 1
7 1291 1 64 1
7 1291 1 68 1
7 1291 1 70 1
7 1291 2 50 1
7 1292 1 43 1
7 1292 1 46 1
7 1292 1 47 1
7 1292 1 49 1
7 1292 1 52 2
7 1292 2 43 1
7 1292 2 47 2
7 1292 2 48 1
7 1292 2 50 2
7 1292 2 51 3
7 1292 2 54 1
7 1292 2 64 1
7 1293 1 40 1
7 1293 1 48 1
7 1293 1 49 2
7 1293 1 52 1
7 1293 1 58 1
7 1293 2 50 1
7 1293 2 51 4
7 1293 2 52 1
7 1293 2 55 1
7 1293 2 77 1
7 1294 1 38 1
7 1294 1 49 1
7 1294 1 53 1
7 1294 1 62 1
7 1294 2 46 1
7 1294 2 49 1
7 1294 2 50 1
7 1294 2 53 2
7 1294 2 54 2
7 1294 2 61 2
7 1295 2 57 1
7 1295 2 67 1
7 1295 2 68 1
7 1296 1 49 1
7 1296 1 57 2
7 1296 1 58 1
7 1296 1 60 1
7 1296 1 65 1
7 1296 2 48 1
7 1296 2 51 1
7 1296 2 53 1
7 1296 2 56 1
7 1296 2 61 1
7 1296 2 63 1
7 1296 2 65 1
7 1296 2 66 1
1 1297 2 86 1
2 1298 1 67 1
2 1299 1 69 1
2 1300 1 65 1
2 1300 1 87 1
2 1301 2 56 1
2 1302 1 69 1
2 1302 2 63 1
2 1302 2 67 1
8 1303 2 81 1
2 1304 2 68 1
2 1305 1 64 1
2 1305 2 62 1
2 1306 1 70 1
2 1307 2 65 1
2 1307 2 70 1
2 1308 2 68 1
2 1309 2 90 1
2 1310 1 53 1
2 1310 1 60 1
2 1311 1 68 1
2 1311 2 64 1
2 1311 2 65 1
2 1312 1 63 1
2 1312 1 68 1
2 1312 1 89 1
2 1312 1 95 1
2 1312 2 53 1
2 1312 2 64 1
2 1313 1 67 1
2 1313 1 69 1
2 1313 2 64 1
2 1314 1 64 1
2 1315 1 60 1
2 1315 1 65 1
8 1316 2 45 1
8 1316 2 53 1
8 1316 2 65 1
8 1316 2 70 1
2 1317 2 56 1
8 1318 3 63 1
2 1319 1 72 1
8 1320 1 43 1
2 1321 2 50 1
2 1322 2 48 1
2 1323 2 81 1
2 1324 2 60 1
2 1324 2 86 1
2 1325 1 78 1
2 1325 2 73 1
2 1326 1 64 1
2 1326 1 69 1
2 1326 1 74 1
2 1326 2 73 1
2 1327 2 70 1
2 1327 2 71 1
2 1328 1 49 1
2 1328 1 50 1
2 1328 2 68 1
2 1329 2 69 1
2 1330 2 88 1
2 1331 2 88 1
2 1332 1 72 1
2 1333 1 22 1
2 1334 2 70 1
2 1335 2 80 1
2 1336 1 77 1
2 1337 1 68 1
2 1338 1 71 1
2 1338 2 66 1
2 1339 1 54 1
2 1339 2 66 1
2 1340 2 70 1
5 1341 2 59 1
2 1342 2 75 1
2 1343 1 78 1
2 1344 1 70 1
2 1345 1 78 1
2 1346 1 52 1
2 1347 2 89 1
2 1348 1 70 1
2 1349 2 68 1
2 1350 1 69 1
2 1351 1 65 1
2 1352 1 60 1
2 1352 2 66 1
2 1352 2 69 1
2 1353 1 68 1
2 1354 2 67 1
2 1355 1 55 1
2 1356 2 66 1
2 1356 2 67 1
2 1357 1 70 1
2 1357 2 58 1
2 1358 2 68 1
2 1359 2 66 1
8 1360 1 66 1
8 1360 2 44 1
8 1360 2 45 1
8 1360 2 52 2
8 1360 2 55 1
8 1360 2 59 1
2 1361 2 54 1
2 1362 1 74 1
2 1363 2 67 1
2 1364 1 62 1
2 1364 1 65 1
2 1364 2 63 1
2 1364 2 67 1
2 1364 2 74 1
2 1365 1 52 1
2 1365 1 68 1
2 1365 2 54 1
2 1365 2 64 1
5 1366 2 57 1
2 1367 1 61 1
2 1367 1 64 1
2 1367 1 65 1
2 1367 1 68 1
2 1367 2 63 1
2 1367 2 70 1
2 1367 2 73 1
2 1368 1 68 1
2 1368 1 72 1
2 1368 2 69 1
2 1369 1 60 1
2 1369 1 63 2
2 1369 1 68 1
2 1370 2 66 1
2 1370 2 69 1
2 1370 2 83 1
2 1371 1 51 1
2 1371 1 59 1
2 1371 1 72 2
2 1371 1 74 1
2 1371 2 49 1
2 1371 2 57 1
2 1371 2 63 1
2 1371 2 83 1
2 1372 1 60 1
2 1372 1 68 1
2 1372 2 70 1
2 1373 2 71 1
2 1373 2 73 1
2 1374 1 75 1
2 1374 1 76 1
2 1374 2 73 1
2 1375 1 51 1
2 1375 1 55 1
2 1375 1 56 1
2 1375 2 64 1
2 1375 2 69 1
2 1375 2 72 1
2 1376 1 61 1
2 1376 1 68 1
2 1376 2 54 1
2 1376 2 63 1
2 1377 1 61 1
2 1377 1 62 1
2 1377 2 64 1
8 1378 1 63 1
8 1378 2 49 1
8 1379 2 31 1
8 1379 2 68 1
8 1380 2 67 1
8 1381 2 70 1
8 1382 2 52 1
3 1383 1 70 1
3 1384 3 68 1
3 1384 3 70 1
3 1384 3 75 1
3 1385 1 90 1
3 1385 2 92 1
3 1386 2 68 1
6 1387 1 80 1
6 1387 2 79 1
9 1388 2 43 1
3 1389 1 57 1
3 1390 2 68 1
3 1391 1 60 1
3 1391 2 59 1
3 1392 1 69 1
3 1392 2 67 1
3 1393 1 60 1
7 1394 1 45 1
7 1395 2 64 1
7 1395 2 65 1
7 1395 2 66 1
7 1396 1 60 1
7 1396 1 69 1
7 1396 2 67 1
7 1397 1 47 1
7 1397 1 51 1
7 1397 2 62 1
7 1397 2 68 1
7 1398 1 50 1
7 1398 1 59 1
7 1398 1 85 1
7 1399 1 49 1
7 1399 1 51 1
7 1399 1 53 1
7 1399 1 63 1
7 1399 1 64 1
7 1399 1 65 1
7 1400 2 62 1
7 1400 2 82 1
7 1401 1 44 1
7 1401 1 50 1
7 1401 1 51 1
7 1401 1 53 2
7 1401 1 65 1
7 1401 2 49 1
7 1401 2 50 1
7 1401 2 54 1
7 1401 2 56 2
7 1401 2 57 1
7 1401 2 66 1
7 1401 2 70 1
7 1402 2 95 1
7 1403 2 54 1
7 1403 2 58 1
7 1403 2 65 1
7 1404 1 48 1
7 1404 1 51 1
7 1404 2 51 1
7 1404 2 53 1
7 1405 1 65 1
1 1406 2 70 1
1 1407 2 66 1
1 1408 1 52 1
1 1408 2 53 1
1 1408 2 61 1
1 1409 2 56 2
7 1410 1 63 1
7 1410 1 65 1
7 1410 2 60 1
7 1411 1 55 1
7 1411 2 49 1
7 1411 2 50 1
7 1412 1 57 1
3 1413 3 75 1
3 1414 2 64 1
3 1414 2 67 1
3 1415 1 59 1
3 1416 1 77 1
3 1417 2 81 1
3 1418 2 56 1
3 1419 2 73 1
3 1420 1 63 1
1 1421 1 57 1
1 1421 1 65 2
1 1421 1 66 1
1 1421 2 63 1
1 1421 3 70 1
1 1422 2 57 1
1 1422 2 64 1
1 1422 2 68 1
1 1422 2 75 1
1 1422 2 85 1
1 1423 1 75 1
1 1423 2 60 1
1 1424 1 63 1
1 1424 1 69 1
1 1424 2 61 1
1 1424 2 64 2
1 1424 2 65 1
1 1424 2 66 2
1 1424 2 68 1
1 1424 2 69 1
1 1425 1 67 1
1 1425 1 71 1
1 1425 1 74 1
1 1425 2 64 1
1 1426 1 56 1
1 1426 1 69 1
1 1426 2 65 1
1 1427 1 75 1
1 1427 2 59 1
1 1427 2 79 1
1 1427 2 89 1
1 1428 1 58 1
1 1428 2 51 1
1 1428 2 52 2
1 1429 1 57 1
1 1429 1 60 1
1 1429 1 64 1
1 1429 1 75 1
1 1429 2 51 1
1 1429 2 60 1
1 1429 2 61 1
1 1429 2 63 2
1 1429 2 65 1
1 1430 1 69 1
1 1431 1 64 1
1 1431 2 51 1
1 1432 1 59 1
1 1432 1 63 1
1 1432 1 64 1
1 1432 1 75 1
1 1432 2 62 3
1 1432 2 68 2
1 1432 2 82 1
1 1433 1 67 1
1 1433 1 74 1
1 1433 1 76 1
1 1433 1 78 1
1 1433 2 50 1
1 1433 2 55 1
1 1433 2 61 2
1 1433 2 64 1
1 1434 1 46 1
1 1434 1 81 1
1 1434 2 64 1
1 1434 2 89 1
1 1435 1 59 1
1 1435 1 67 1
1 1435 2 58 1
1 1435 2 60 1
1 1435 2 63 1
1 1435 2 66 3
1 1435 2 67 1
1 1435 2 68 1
1 1435 2 71 1
1 1435 2 76 1
1 1435 2 80 1
1 1435 2 82 1
1 1435 3 65 1
1 1435 3 85 1
1 1436 1 55 1
1 1436 1 63 1
1 1436 2 67 1
1 1436 2 69 1
1 1436 2 72 1
1 1436 2 73 1
7 1437 2 65 1
1 1438 1 61 1
1 1438 1 64 1
1 1438 1 66 1
1 1438 1 69 1
1 1438 1 75 1
1 1438 2 58 1
1 1438 2 70 1
1 1439 1 52 1
1 1439 2 64 1
1 1439 2 67 1
1 1439 2 72 1
1 1440 1 51 1
1 1440 1 62 1
1 1440 2 43 1
1 1440 2 52 1
1 1440 2 67 1
1 1441 1 51 1
1 1441 2 67 1
1 1442 1 52 1
1 1442 1 53 1
1 1442 1 60 1
1 1442 1 63 1
1 1442 2 51 1
1 1442 2 56 1
1 1442 2 67 1
1 1443 2 63 1
1 1443 2 69 1
1 1444 1 52 1
1 1444 1 56 1
1 1444 1 57 1
1 1444 2 52 1
1 1444 2 63 1
1 1445 1 52 1
1 1445 1 55 1
1 1445 1 63 1
1 1445 2 50 1
1 1445 2 58 1
1 1445 2 61 1
1 1445 2 65 1
1 1446 1 69 1
1 1446 1 73 1
1 1446 2 63 1
1 1446 2 68 1
1 1446 2 70 1
1 1446 2 79 1
7 1447 1 62 1
7 1447 1 69 1
7 1447 1 73 1
7 1447 1 77 1
7 1447 1 86 1
7 1447 1 98 1
7 1447 2 60 1
7 1447 2 62 1
7 1447 2 64 1
7 1447 2 67 1
7 1447 2 73 1
7 1448 1 63 1
7 1448 1 67 1
7 1448 1 75 1
7 1448 1 93 1
7 1448 2 62 1
7 1448 2 67 1
7 1448 2 69 1
1 1449 1 60 3
1 1449 1 85 1
1 1449 2 50 1
1 1449 2 54 1
1 1449 2 64 1
1 1450 1 54 1
1 1450 1 64 2
1 1450 1 65 1
1 1450 2 52 2
1 1450 2 54 1
1 1450 2 55 1
1 1450 2 58 1
1 1450 2 70 1
1 1451 1 54 1
1 1451 1 62 1
1 1451 1 66 1
1 1451 1 68 1
1 1451 1 73 1
1 1451 2 51 1
1 1451 2 53 1
1 1451 2 55 1
1 1451 2 59 1
1 1451 2 62 3
1 1451 2 64 1
1 1451 2 72 1
1 1451 2 75 1
1 1451 2 76 1
1 1452 1 51 1
1 1452 1 54 1
1 1452 1 61 1
1 1452 1 65 1
1 1452 2 41 1
1 1452 2 51 2
1 1452 2 61 1
1 1452 2 62 1
1 1452 2 65 1
1 1452 2 66 1
1 1452 2 69 1
1 1452 2 81 1
1 1453 1 61 1
1 1453 1 89 1
1 1453 2 66 1
1 1453 2 74 1
1 1453 2 80 1
1 1454 1 53 1
1 1454 1 60 1
1 1454 1 63 1
1 1454 1 66 1
1 1454 1 70 1
1 1454 1 71 1
1 1454 2 60 1
1 1454 2 64 1
1 1454 2 70 1
1 1455 1 54 1
1 1455 1 55 1
1 1455 1 61 1
1 1455 2 48 1
1 1455 2 52 1
1 1455 2 55 1
1 1455 2 56 1
1 1455 2 58 1
1 1455 2 59 1
1 1455 2 64 1
1 1455 2 71 1
1 1456 1 49 1
1 1456 1 55 1
1 1456 1 56 1
1 1456 1 57 1
1 1456 1 70 1
1 1456 1 72 1
1 1456 2 52 1
1 1456 2 58 1
1 1456 2 68 1
1 1457 1 56 1
1 1457 1 64 1
1 1457 2 53 2
1 1457 2 55 1
1 1457 2 57 1
1 1457 2 59 1
1 1457 2 64 1
1 1457 2 70 1
1 1458 1 51 1
1 1458 1 54 1
1 1458 1 56 1
1 1458 1 57 1
1 1458 1 60 1
1 1458 1 67 1
1 1458 1 73 1
1 1458 2 46 1
1 1458 2 49 2
1 1458 2 53 2
1 1458 2 64 1
1 1458 2 68 1
1 1459 1 59 2
1 1459 1 64 2
1 1459 1 65 1
1 1459 1 67 1
1 1459 1 68 1
1 1459 1 70 1
1 1459 1 71 1
1 1459 1 73 1
1 1459 1 74 1
1 1459 1 79 1
1 1459 2 56 1
1 1459 2 60 1
1 1459 2 63 1
1 1459 2 64 1
1 1459 2 67 2
1 1459 2 69 2
1 1459 2 70 2
7 1460 1 60 1
7 1460 1 64 1
7 1460 1 66 1
7 1460 2 57 2
7 1460 2 62 1
7 1460 2 64 2
7 1460 2 66 1
7 1460 2 67 1
7 1460 2 68 1
7 1460 2 69 1
7 1461 1 59 1
7 1461 2 57 1
1 1462 1 50 1
1 1462 2 50 1
1 1462 2 65 1
1 1463 1 48 1
1 1463 2 48 1
1 1463 2 50 1
1 1463 2 62 1
1 1463 2 63 1
1 1463 2 65 1
1 1464 1 47 1
1 1464 1 50 1
1 1464 1 52 1
1 1464 1 53 1
1 1464 1 55 1
1 1464 1 60 1
1 1464 2 51 1
1 1464 2 52 1
1 1464 2 66 1
1 1464 2 69 1
1 1465 1 52 1
1 1465 2 61 1
1 1465 2 63 1
1 1466 1 67 1
1 1467 1 50 1
1 1467 1 51 1
1 1468 1 50 1
1 1468 1 52 1
1 1468 2 56 1
1 1469 1 49 1
1 1469 2 50 1
1 1469 2 64 1
1 1470 2 67 1
7 1471 2 73 1
1 1472 2 67 1
1 1473 1 59 1
1 1473 1 66 1
1 1473 1 68 1
1 1473 1 70 1
1 1473 1 71 1
1 1473 1 73 1
1 1473 2 62 1
1 1473 2 63 1
1 1473 2 65 1
1 1473 2 66 2
1 1473 2 68 1
1 1473 2 69 2
1 1473 2 74 1
7 1474 1 60 1
7 1474 1 63 1
7 1474 1 64 1
7 1474 2 53 1
7 1474 2 60 1
7 1474 2 64 1
7 1474 2 65 1
7 1474 2 69 1
7 1475 2 71 1
1 1476 1 64 1
7 1477 1 76 1
7 1477 1 78 1
1 1478 1 69 1
1 1479 1 53 1
1 1479 2 52 2
1 1479 2 62 1
1 1480 1 49 1
1 1480 1 65 2
1 1480 1 73 1
1 1480 2 68 1
7 1481 1 52 1
7 1481 1 65 1
1 1482 1 46 1
1 1482 1 51 1
1 1482 1 75 1
1 1482 1 80 1
1 1483 1 65 1
1 1484 1 50 1
1 1484 1 69 1
1 1484 2 49 1
1 1485 1 54 1
1 1485 1 74 2
1 1485 2 61 1
1 1485 2 74 2
4 1486 2 87 1
1 1487 1 51 1
1 1487 2 50 1
1 1488 1 60 1
1 1488 1 64 1
1 1489 2 62 1
1 1489 2 64 1
1 1490 1 52 1
1 1490 2 63 1
1 1491 1 61 1
1 1491 2 51 1
1 1492 2 53 1
1 1493 1 62 1
1 1494 2 51 1
1 1495 1 54 1
1 1495 2 57 1
1 1496 1 66 1
1 1496 2 63 1
1 1496 2 67 1
1 1496 2 80 1
1 1497 1 59 1
1 1497 1 63 1
1 1497 1 72 1
1 1497 2 56 1
1 1497 2 61 1
1 1497 2 62 1
1 1497 2 65 1
1 1498 2 64 1
1 1499 2 62 1
7 1500 1 81 1
1 1501 1 51 1
1 1501 1 65 1
1 1501 1 80 1
1 1501 2 64 1
1 1501 2 77 1
1 1501 2 78 1
1 1502 1 65 1
1 1502 1 67 1
1 1502 1 72 1
1 1502 2 87 1
2 1503 2 93 1
2 1504 1 66 1
2 1505 1 71 1
2 1505 1 95 1
2 1505 2 59 1
2 1506 1 44 1
2 1506 1 48 1
2 1506 1 65 1
2 1507 1 59 1
2 1507 2 65 1
2 1508 2 58 1
2 1508 2 61 1
2 1508 2 64 1
2 1508 2 67 1
2 1509 2 47 1
2 1510 1 53 1
2 1510 2 58 1
2 1510 2 71 1
2 1511 1 53 1
2 1511 1 65 1
2 1511 1 66 1
2 1511 1 71 1
2 1511 2 98 1
2 1512 1 59 1
2 1512 1 60 1
2 1512 1 62 1
2 1512 2 53 1
2 1512 2 62 1
2 1512 2 63 1
2 1512 2 64 1
2 1512 2 66 1
2 1513 1 66 1
2 1513 2 55 1
2 1513 2 91 1
2 1514 1 61 1
2 1514 1 68 1
2 1514 1 87 1
2 1514 2 51 1
2 1514 2 58 1
2 1514 2 61 1
2 1514 2 62 1
2 1514 2 64 1
2 1514 2 65 1
2 1514 2 68 1
2 1514 2 71 1
2 1515 1 61 1
2 1515 2 56 1
2 1516 1 45 1
2 1516 2 49 1
2 1517 2 66 1
2 1518 2 59 1
2 1518 2 61 1
2 1518 2 62 1
2 1518 2 93 1
2 1519 1 51 1
2 1519 2 58 1
2 1519 2 61 1
2 1519 2 63 1
2 1519 2 69 1
2 1520 2 55 1
2 1521 2 60 1
2 1522 1 58 1
2 1522 2 55 1
2 1523 1 63 2
2 1523 2 59 1
2 1523 2 64 1
2 1523 2 67 2
2 1524 1 72 1
2 1525 1 51 1
2 1525 1 56 1
2 1526 1 50 1
2 1527 2 50 1
2 1527 2 59 1
2 1528 1 51 1
2 1528 2 52 1
2 1528 2 60 1
2 1529 1 31 1
2 1530 2 70 1
2 1531 1 66 1
2 1531 2 59 1
2 1532 1 58 1
2 1533 1 47 1
2 1533 1 48 1
2 1533 2 60 1
2 1533 2 65 1
2 1533 2 67 1
2 1534 2 58 1
2 1535 1 49 1
2 1536 1 56 1
2 1537 2 60 1
2 1537 2 63 1
2 1538 2 53 1
2 1539 1 75 1
2 1539 2 65 1
2 1539 2 66 1
2 1540 1 67 1
2 1541 1 78 1
2 1542 2 63 1
2 1543 1 64 1
2 1543 2 68 1
2 1543 2 70 1
2 1543 2 73 1
2 1544 1 75 1
2 1544 2 60 1
2 1545 1 71 1
2 1546 1 45 1
2 1546 1 51 1
2 1546 1 65 1
2 1546 1 69 1
2 1546 1 71 1
2 1546 1 85 1
2 1546 2 63 1
2 1546 2 65 1
2 1547 1 93 1
2 1548 1 49 1
2 1548 1 70 1
2 1548 2 63 1
2 1549 1 51 1
2 1549 1 57 1
2 1549 1 67 1
2 1549 1 72 1
2 1549 1 79 1
2 1549 2 58 1
2 1549 2 62 1
2 1549 2 67 1
2 1549 2 68 1
2 1550 1 53 1
2 1550 1 57 1
2 1550 1 63 1
2 1550 1 64 1
2 1550 1 65 1
2 1551 1 56 1
2 1551 2 64 1
2 1551 2 67 1
2 1551 2 74 1
2 1552 1 70 1
2 1552 2 52 1
2 1552 2 61 1
2 1552 2 63 1
2 1552 2 64 1
2 1553 1 60 1
2 1554 1 70 1
2 1554 2 53 1
2 1554 2 70 1
2 1554 2 72 1
2 1555 1 53 1
2 1555 1 54 1
2 1555 1 66 2
2 1555 1 70 1
2 1555 2 44 1
2 1555 2 62 1
2 1555 2 66 1
2 1556 1 69 1
2 1556 1 70 1
2 1556 1 72 1
2 1556 2 61 1
2 1556 2 68 1
2 1556 2 74 1
2 1556 2 78 2
2 1557 1 54 1
2 1557 1 57 1
2 1557 1 63 1
2 1557 1 64 1
2 1557 1 74 2
2 1557 2 43 1
2 1557 2 61 1
2 1557 2 62 1
2 1558 2 63 1
2 1558 2 67 1
2 1558 2 70 1
2 1558 2 71 1
2 1559 1 48 1
2 1559 1 51 1
2 1559 1 56 1
2 1559 1 59 1
2 1559 1 78 1
2 1559 2 57 1
2 1559 2 68 1
2 1559 2 69 1
2 1559 2 71 1
2 1560 1 59 1
2 1560 1 67 1
2 1560 2 57 1
2 1560 2 64 1
2 1560 2 68 1
2 1560 2 70 1
2 1560 2 81 1
2 1560 2 84 1
2 1561 2 64 1
2 1561 2 67 1
2 1562 1 49 1
2 1562 1 53 1
2 1562 1 66 1
2 1562 1 72 1
2 1562 2 65 1
2 1563 2 74 1
2 1564 1 27 1
2 1564 1 62 1
2 1564 1 73 1
2 1565 1 43 1
2 1565 2 44 1
2 1565 2 67 1
2 1566 1 48 1
2 1566 2 45 1
2 1566 2 65 1
2 1566 2 67 1
2 1566 2 76 1
2 1567 1 64 1
2 1568 2 68 1
2 1568 2 69 1
1 1569 2 61 1
1 1569 2 64 1
1 1569 3 22 1
7 1570 1 63 1
7 1571 1 52 1
7 1571 1 53 1
7 1571 2 54 1
7 1571 2 55 1
7 1572 1 57 1
7 1572 1 65 1
7 1572 2 61 1
7 1572 2 62 1
7 1572 2 64 2
7 1573 1 65 1
7 1573 1 68 1
7 1573 2 67 1
7 1573 2 69 1
7 1573 2 70 1
7 1573 2 72 1
7 1574 1 60 1
7 1574 1 61 1
7 1574 1 64 1
7 1574 1 65 1
7 1574 1 70 1
7 1574 2 64 1
7 1575 2 49 1
7 1575 2 59 1
7 1575 2 62 1
7 1575 2 65 1
7 1576 2 58 1
7 1576 2 65 1
3 1577 1 64 1
3 1578 1 64 1
3 1579 2 86 1
3 1580 2 67 1
3 1581 2 82 1
3 1582 1 62 1
3 1582 1 67 1
3 1582 1 87 1
3 1583 2 98 1
3 1584 1 52 1
3 1585 3 67 1
1 1586 1 47 1
1 1586 1 69 1
1 1586 2 46 1
1 1586 2 47 1
1 1586 2 55 1
1 1587 1 53 1
1 1587 1 55 1
1 1587 1 63 1
1 1587 1 65 1
1 1587 1 69 1
1 1587 1 70 1
1 1587 2 52 1
1 1587 2 53 1
1 1587 2 56 1
1 1587 2 62 1
1 1587 2 65 2
1 1587 2 82 1
7 1588 1 65 1
1 1589 1 50 1
1 1589 2 68 1
7 1590 1 65 1
7 1590 2 66 1
7 1590 2 96 1
1 1591 2 63 1
1 1591 2 65 1
1 1591 2 72 1
1 1592 1 61 1
1 1592 1 62 1
1 1592 1 65 1
1 1592 2 57 1
1 1592 2 60 1
1 1592 2 61 1
1 1593 1 63 1
1 1593 1 64 1
1 1593 2 54 1
1 1593 2 59 1
1 1593 2 61 1
1 1593 2 64 1
1 1593 2 69 1
1 1593 2 70 1
1 1593 2 83 1
1 1594 1 52 1
1 1594 1 53 1
1 1594 1 57 1
1 1594 1 64 1
1 1594 1 65 1
1 1594 2 55 1
1 1594 2 65 2
1 1594 2 66 1
1 1595 2 57 1
1 1595 2 67 1
1 1596 1 49 1
1 1596 1 50 1
1 1596 1 66 1
1 1596 1 67 1
1 1597 1 51 1
1 1597 1 62 1
1 1597 1 72 1
1 1597 2 49 2
1 1597 2 64 1
1 1598 1 60 1
1 1598 2 54 1
1 1598 2 55 1
1 1598 2 57 1
1 1599 2 39 1
1 1599 2 57 1
1 1600 1 50 1
1 1600 1 70 1
1 1600 2 42 1
1 1601 1 51 1
1 1601 1 53 1
1 1602 1 64 1
1 1602 2 62 1
1 1603 2 48 1
1 1603 2 56 1
1 1604 1 55 1
1 1605 2 55 1
7 1606 1 80 1
1 1607 2 53 1
7 1608 1 68 1
7 1608 2 62 1
7 1608 2 66 1
1 1609 1 65 1
7 1610 1 61 2
7 1610 2 63 1
1 1611 1 64 1
1 1611 2 49 1
1 1611 2 63 1
1 1612 1 53 1
1 1612 1 64 1
1 1612 2 48 1
1 1612 2 63 1
1 1612 2 67 1
1 1613 1 51 1
1 1613 1 52 1
1 1613 1 66 1
1 1613 2 54 1
1 1613 2 59 1
1 1613 2 61 1
1 1614 1 70 1
1 1615 2 53 1
1 1616 2 49 1
1 1617 2 53 1
1 1618 1 68 1
1 1619 2 63 1
1 1620 2 64 1
1 1620 2 80 1
1 1621 2 59 1
1 1622 1 62 1
1 1622 1 64 1
1 1622 2 76 1
7 1623 1 68 1
1 1624 2 55 1
1 1625 2 49 1
1 1625 2 55 1
1 1625 2 61 2
1 1626 2 52 1
1 1627 1 52 1
1 1627 1 57 1
1 1627 1 62 1
1 1627 2 69 1
7 1628 1 65 1
7 1628 1 68 1
1 1629 1 66 1
1 1629 2 68 1
1 1630 2 52 1
7 1631 1 63 1
7 1631 1 65 1
1 1632 1 51 1
1 1632 2 56 1
1 1632 2 65 1
1 1632 2 72 1
1 1633 2 64 1
7 1634 2 66 1
7 1634 2 74 1
7 1635 1 82 1
2 1636 2 64 1
2 1637 1 60 1
2 1637 2 53 1
2 1637 2 57 1
2 1638 1 60 1
2 1638 1 74 1
2 1639 2 67 1
2 1639 2 85 1
1 1640 1 66 2
1 1640 2 65 1
1 1640 2 70 1
1 1641 1 67 1
1 1642 2 56 1
1 1642 2 77 1
7 1643 1 52 1
7 1643 1 56 1
7 1643 1 70 1
7 1643 2 56 1
7 1643 2 61 1
7 1643 2 62 1
7 1643 2 71 1
7 1644 1 66 1
1 1645 1 62 1
7 1646 2 67 1
1 1647 1 84 1
1 1647 1 86 1
1 1647 2 69 1
1 1647 2 71 1
1 1647 3 70 1
1 1648 2 92 1
7 1649 1 58 1
7 1649 1 76 1
7 1649 2 68 1
7 1649 2 70 1
7 1650 2 63 1
7 1650 2 64 2
7 1650 3 29 1
1 1651 3 68 1
7 1652 1 64 1
7 1652 2 49 1
7 1652 2 50 1
7 1652 2 60 1
1 1653 3 66 1
7 1654 2 63 1
7 1655 1 57 1
7 1655 2 54 1
7 1655 2 64 1
7 1655 2 68 1
1 1656 2 59 1
1 1656 2 64 1
7 1657 1 57 1
7 1657 1 60 1
7 1657 1 65 1
7 1657 1 68 1
7 1657 2 41 1
7 1657 2 60 1
7 1657 2 63 1
7 1658 2 59 2
1 1659 1 68 1
1 1659 1 69 1
1 1659 1 70 1
1 1659 2 66 1
1 1659 2 70 1
1 1659 2 84 1
7 1660 2 44 1
7 1660 2 71 1
1 1661 1 69 1
1 1661 1 74 1
1 1661 1 92 1
1 1661 2 65 1
1 1661 2 67 1
1 1661 2 71 1
1 1661 2 74 1
1 1662 1 71 1
1 1662 2 60 1
1 1662 2 68 1
1 1662 2 69 1
1 1662 2 82 1
1 1663 1 66 1
1 1663 2 63 1
7 1664 1 47 1
7 1664 1 50 1
7 1664 2 54 1
7 1664 2 66 1
7 1665 1 49 1
7 1665 1 54 2
7 1665 1 60 1
7 1665 2 49 1
7 1665 2 52 1
7 1665 2 66 1
7 1666 2 92 1
3 1667 1 90 1
3 1668 1 92 1
3 1669 2 73 1
3 1670 2 67 1
3 1671 1 28 1
3 1672 2 59 1
3 1673 1 76 1
3 1673 2 64 1
3 1674 1 69 1
3 1674 1 70 1
3 1674 1 73 3
3 1674 1 77 1
3 1674 2 67 1
3 1674 2 75 1
3 1674 2 77 1
3 1674 2 85 1
3 1675 1 78 1
3 1676 2 89 1
3 1677 2 61 1
3 1677 2 67 1
3 1677 2 68 1
3 1678 1 69 1
3 1678 2 65 1
3 1678 2 87 1
3 1679 2 81 1
3 1680 1 55 1
3 1680 1 71 1
3 1680 2 63 2
3 1680 2 64 1
3 1680 2 67 2
3 1681 1 29 1
3 1682 1 66 1
3 1682 2 64 1
3 1682 2 69 1
3 1682 2 78 1
3 1683 1 66 1
3 1683 2 63 1
3 1683 2 73 1
3 1683 2 87 1
3 1684 1 33 1
3 1684 1 68 1
3 1684 2 63 2
3 1684 2 68 1
3 1684 2 73 1
3 1684 2 84 1
3 1685 1 67 1
3 1685 2 58 1
3 1686 1 72 1
3 1687 1 50 1
3 1687 2 49 1
3 1688 1 64 1
3 1689 2 75 1
3 1690 1 83 1
3 1690 2 58 2
3 1690 2 63 1
3 1690 2 64 1
3 1690 2 72 1
3 1690 2 76 1
3 1691 1 48 1
3 1691 1 56 1
3 1691 1 57 1
3 1691 1 60 1
3 1691 1 63 1
3 1691 1 69 1
3 1691 2 65 1
3 1691 2 78 1
3 1691 2 84 1
3 1692 1 51 1
3 1692 2 58 1
3 1692 2 62 1
3 1692 2 63 1
3 1693 1 42 1
3 1693 1 54 1
3 1693 1 64 1
3 1693 2 44 1
3 1693 2 96 1
3 1694 1 47 1
3 1694 1 48 2
3 1694 1 50 1
3 1694 1 52 1
3 1694 1 55 1
3 1694 1 66 1
3 1694 2 44 1
3 1694 2 46 3
3 1694 2 47 2
3 1694 2 48 1
3 1694 2 50 1
3 1694 2 51 1
3 1694 2 53 1
3 1694 2 54 1
3 1694 2 55 1
3 1695 1 50 1
3 1695 1 57 1
3 1695 1 62 1
3 1695 2 49 2
3 1695 2 51 1
3 1695 2 59 1
3 1695 2 60 1
3 1695 2 63 1
3 1695 2 67 1
3 1696 2 60 1
3 1697 1 80 1
3 1698 1 69 1
3 1699 1 51 1
3 1699 1 54 1
3 1699 1 57 1
3 1699 2 74 1
3 1700 1 50 1
3 1700 1 67 1
3 1700 2 60 1
3 1701 1 64 1
3 1701 1 65 1
3 1701 2 76 1
3 1702 1 59 1
3 1702 1 65 1
3 1702 1 69 1
3 1703 2 65 1
3 1704 2 64 1
3 1705 1 51 1
3 1705 1 59 1
3 1705 2 46 1
3 1705 2 49 1
3 1705 2 55 1
3 1706 1 71 1
3 1707 1 52 1
3 1707 1 62 1
3 1707 1 69 1
3 1708 2 65 1
3 1709 2 64 1
3 1710 1 76 1
3 1710 2 66 1
3 1710 2 78 1
7 1711 1 56 1
7 1711 1 64 1
7 1711 2 53 1
7 1711 2 64 1
7 1711 2 65 2
7 1711 2 68 1
7 1712 1 63 1
7 1712 1 64 1
7 1712 2 59 1
7 1712 2 62 1
7 1712 2 63 2
7 1712 2 65 1
7 1712 2 74 1
7 1713 1 57 1
7 1713 1 65 2
7 1713 1 66 1
7 1713 1 73 1
7 1713 2 63 1
7 1713 2 68 1
7 1714 1 54 1
7 1714 1 63 1
7 1714 1 65 1
7 1714 1 66 1
7 1714 1 68 2
7 1714 1 77 1
7 1714 2 58 1
7 1714 2 68 1
1 1715 1 67 1
1 1716 2 67 1
1 1717 2 66 1
7 1718 1 67 1
7 1718 1 74 1
7 1719 1 77 1
1 1720 1 71 1
1 1720 1 83 1
1 1720 2 59 1
1 1720 2 64 1
1 1721 1 64 1
1 1721 1 73 1
1 1721 2 65 1
1 1721 2 68 1
1 1722 1 56 1
1 1723 1 56 1
1 1723 1 65 1
1 1723 2 65 1
1 1723 2 72 1
1 1724 1 57 1
1 1724 1 64 1
1 1724 1 72 1
1 1724 2 55 1
1 1724 2 66 1
1 1725 1 59 1
1 1725 1 65 1
1 1725 1 66 1
1 1725 2 67 1
1 1726 1 58 1
7 1727 1 63 2
7 1727 1 66 1
1 1728 1 72 1
7 1729 1 60 1
1 1730 1 64 1
1 1731 2 67 1
1 1732 2 61 1
1 1732 2 68 1
1 1733 1 55 1
1 1734 2 64 1
1 1735 1 50 1
1 1736 2 52 1
1 1737 1 50 1
1 1738 2 60 1
1 1739 2 74 1
1 1740 2 63 1
1 1740 2 68 1
1 1741 1 83 1
1 1742 1 85 1
1 1743 1 51 1
1 1743 2 71 1
1 1744 1 52 1
1 1744 2 67 1
1 1745 1 55 1
1 1746 2 62 1
1 1747 2 66 1
1 1747 2 70 1
1 1748 2 58 1
1 1748 2 65 1
1 1749 1 57 1
1 1750 1 72 1
1 1751 1 70 1
1 1752 1 85 1
1 1753 1 65 1
1 1753 2 52 1
1 1754 1 51 1
1 1754 1 63 1
1 1754 1 79 1
1 1754 2 52 1
1 1754 2 64 1
7 1755 3 74 1
1 1756 2 54 1
1 1756 2 72 1
1 1756 2 90 1
1 1757 2 66 1
1 1758 1 70 1
1 1758 1 90 1
1 1758 2 52 2
1 1758 2 66 1
1 1759 1 72 1
1 1759 1 76 1
1 1759 1 86 1
1 1759 2 70 2
1 1759 2 77 1
1 1759 2 86 1
1 1759 2 89 1
1 1760 2 53 1
7 1761 1 66 1
7 1762 2 59 1
1 1763 1 75 1
1 1763 2 59 1
1 1763 2 61 1
1 1763 2 63 1
1 1764 1 59 1
1 1764 1 63 1
1 1764 2 63 1
1 1764 2 66 1
1 1765 1 70 1
1 1765 1 79 1
1 1765 1 82 1
1 1765 2 61 1
1 1765 2 64 1
1 1765 2 65 1
1 1765 2 66 1
1 1765 2 85 1
1 1766 1 71 1
1 1766 2 94 1
7 1767 2 73 1
1 1768 1 60 1
1 1768 2 75 1
1 1769 2 61 1
1 1769 2 65 1
1 1769 2 86 1
1 1770 1 83 1
1 1770 2 63 1
1 1771 1 59 1
1 1771 2 64 1
1 1772 1 70 1
1 1772 2 66 1
1 1773 2 63 1
1 1774 2 60 1
1 1774 2 67 1
1 1775 1 97 1
1 1775 2 79 1
1 1775 2 86 1
1 1776 1 64 1
1 1776 2 61 1
1 1777 1 67 1
1 1777 1 68 1
1 1777 1 80 1
1 1777 2 75 1
1 1778 1 72 1
1 1778 2 74 1
1 1779 1 65 1
1 1779 1 67 1
1 1780 1 76 1
1 1781 2 74 1
1 1782 1 66 1
7 1783 2 72 1
1 1784 1 63 1
1 1784 1 64 1
1 1784 1 75 1
1 1784 2 85 1
1 1785 1 72 1
7 1786 1 67 1
7 1787 2 69 1
7 1787 2 70 1
7 1788 2 70 1
7 1788 2 80 1
7 1789 1 60 1
7 1789 1 65 1
7 1789 2 60 1
1 1790 1 53 1
1 1790 1 66 1
1 1790 1 67 1
1 1790 2 55 1
1 1791 1 67 1
1 1791 1 70 1
1 1792 1 73 1
1 1793 2 52 1
1 1793 2 84 1
1 1794 1 59 2
1 1794 1 63 1
1 1794 1 76 1
1 1794 2 59 1
1 1794 2 62 1
1 1794 2 69 1
1 1795 2 52 1
1 1796 1 81 1
1 1796 2 77 1
1 1797 1 62 1
1 1797 1 74 1
1 1797 2 65 1
1 1797 2 66 1
1 1798 1 60 1
1 1798 2 53 1
1 1798 2 62 1
1 1799 1 61 2
1 1799 1 63 1
1 1799 1 65 1
1 1799 1 66 1
1 1799 1 67 1
1 1799 1 72 1
1 1799 1 86 1
1 1799 2 60 1
1 1799 2 62 1
1 1799 2 73 2
1 1800 1 61 1
1 1800 1 63 1
1 1800 1 74 2
1 1800 2 62 1
1 1800 2 64 1
1 1801 1 69 1
1 1801 1 90 1
1 1801 2 51 1
1 1801 2 59 1
1 1801 2 64 1
1 1801 2 65 2
1 1801 2 66 1
1 1801 2 71 1
1 1802 1 60 2
1 1802 1 63 1
1 1802 1 64 2
1 1802 1 70 1
1 1802 1 75 1
1 1802 2 54 1
1 1802 2 61 1
1 1802 2 62 1
1 1802 2 65 1
1 1802 2 67 1
1 1802 2 69 1
1 1803 2 64 1
1 1804 2 43 1
1 1805 1 57 1
1 1806 2 49 1
1 1807 1 60 1
1 1807 1 61 1
1 1807 2 71 1
4 1808 2 85 1
1 1809 1 68 1
1 1809 2 47 1
1 1809 2 72 1
1 1809 2 79 1
1 1810 1 54 1
1 1810 2 48 1
1 1811 1 54 1
1 1811 2 55 1
1 1812 1 57 1
1 1812 2 52 2
1 1813 1 56 1
1 1813 2 60 1
7 1814 2 57 1
1 1815 1 68 1
1 1815 2 65 1
1 1816 1 50 1
1 1816 2 66 1
1 1817 1 77 1
1 1818 1 54 1
1 1818 2 68 1
1 1819 2 54 1
7 1820 1 66 1
7 1820 1 72 1
7 1821 1 69 1
7 1821 2 67 1
1 1822 2 63 1
1 1823 1 53 1
1 1823 1 81 1
1 1823 2 53 1
1 1823 2 61 1
1 1823 2 63 1
1 1823 2 64 1
7 1824 1 63 1
7 1824 1 66 1
7 1824 2 59 1
7 1824 2 60 1
7 1824 2 61 1
7 1824 2 62 1
7 1824 2 63 1
7 1824 2 66 1
7 1824 2 67 1
1 1825 2 63 1
1 1826 2 66 1
1 1826 2 68 1
1 1826 2 72 1
1 1827 1 62 1
1 1827 2 52 1
1 1827 2 54 1
1 1827 2 60 1
1 1827 2 67 1
1 1828 2 57 1
1 1829 1 54 1
1 1829 2 49 1
1 1829 2 71 1
7 1830 2 62 1
9 1831 2 54 1
7 1832 1 78 1
7 1833 2 75 1
7 1834 1 81 1
7 1835 1 63 1
7 1836 1 45 1
7 1837 2 64 1
