3 1 1 87 1
3 2 1 80 1
6 3 2 71 1
3 4 1 40 1
3 4 2 59 1
3 5 1 62 1
6 6 1 67 1
6 6 1 72 1
3 7 1 67 1
3 7 2 43 1
3 8 1 49 1
3 8 2 48 1
3 8 2 61 1
6 9 1 72 1
6 9 1 73 1
3 10 1 79 1
3 11 1 47 1
3 12 1 87 1
3 13 1 87 1
3 14 1 75 1
3 15 2 67 1
3 16 2 66 1
3 17 1 32 1
3 17 2 86 1
3 18 2 53 1
3 19 1 68 1
9 20 2 73 1
9 21 2 51 1
9 21 2 74 1
9 22 1 36 1
9 22 2 68 1
9 23 1 36 1
9 24 1 68 1
9 24 2 55 1
9 25 1 76 1
9 26 2 61 1
9 27 1 68 1
9 28 1 64 1
3 29 2 47 1
9 30 1 51 1
9 30 2 58 1
9 31 2 59 1
9 31 2 62 1
9 32 1 62 1
9 32 1 82 1
9 32 2 67 1
9 33 2 67 1
9 34 2 62 1
9 35 1 61 1
9 36 2 64 1
9 37 1 53 1
9 37 2 61 1
9 38 1 62 1
9 39 1 59 1
9 40 1 69 1
2 41 2 63 1
9 42 2 70 1
3 43 2 54 1
9 44 2 59 1
3 45 2 67 1
3 46 1 29 1
3 46 2 43 1
3 47 2 40 1
3 47 2 54 1
3 47 2 61 1
3 48 2 60 1
3 49 2 63 1
3 50 2 56 1
3 51 1 57 1
3 51 1 64 1
3 52 2 59 1
3 53 1 48 1
3 53 1 68 1
3 53 2 52 1
3 53 2 61 1
3 53 2 62 1
3 54 1 49 1
3 54 1 75 1
3 54 2 46 1
3 55 2 84 1
3 56 1 68 1
3 57 1 60 1
3 57 1 71 1
6 58 1 71 1
3 59 2 92 1
1 60 2 67 1
7 61 2 54 1
1 62 1 65 1
1 62 1 95 1
7 63 1 63 1
7 64 1 48 1
7 64 1 60 1
7 64 1 61 1
7 64 2 63 1
7 65 1 68 1
1 66 1 41 1
1 66 2 60 1
1 66 2 63 1
1 66 2 67 1
1 66 2 68 1
7 67 1 42 1
1 68 1 61 1
1 68 2 67 1
7 69 1 55 1
7 70 1 64 1
7 70 2 62 1
7 71 1 64 1
1 72 1 60 1
1 72 1 65 1
1 72 1 72 1
1 72 1 74 1
1 72 2 52 1
1 72 2 54 1
1 72 2 55 1
1 72 2 59 1
1 72 2 60 1
1 72 2 61 1
1 72 2 62 2
1 72 2 63 3
1 72 2 64 1
7 73 1 65 1
7 73 2 42 1
7 73 2 61 1
7 74 1 67 1
7 74 2 68 1
1 75 1 36 1
1 76 1 69 1
1 77 1 64 1
1 77 2 76 1
1 78 2 63 1
1 79 1 69 1
1 79 2 77 1
1 80 1 60 1
1 80 2 63 1
1 80 2 81 1
1 80 2 84 1
1 81 1 63 1
1 82 2 64 1
1 82 2 78 1
1 83 2 67 1
1 84 1 72 1
1 84 1 77 1
1 85 2 85 1
1 86 1 69 1
1 86 2 63 1
1 86 2 67 1
1 86 2 73 1
1 87 2 66 1
1 88 2 55 1
1 88 2 60 1
1 89 2 46 1
1 90 1 80 1
1 90 2 68 1
1 90 2 69 1
1 90 2 84 1
1 91 2 71 1
1 92 1 68 1
1 93 2 74 1
1 94 2 62 1
1 95 2 62 1
1 96 1 62 1
1 96 1 63 1
1 96 1 66 1
1 96 1 68 1
1 96 1 73 1
1 96 1 85 1
1 96 2 55 1
1 96 2 58 1
1 96 2 60 1
1 96 2 61 1
1 96 2 65 3
1 96 2 66 1
1 96 2 67 1
1 96 2 68 2
1 96 2 72 1
1 97 1 61 1
1 97 2 57 1
1 97 2 63 1
1 97 2 68 1
1 98 1 90 1
1 98 2 60 1
1 98 2 63 1
1 99 1 30 1
1 99 2 49 1
1 100 1 71 1
1 100 1 76 1
1 100 2 60 1
1 100 2 61 1
1 100 2 75 1
1 101 1 62 1
1 101 2 61 1
1 101 2 63 1
1 101 2 74 1
1 102 1 69 1
7 103 1 67 1
1 104 1 71 1
7 105 2 59 1
7 106 2 60 1
7 107 2 60 1
7 107 2 65 1
7 108 2 42 1
7 108 2 48 1
7 108 2 78 1
7 109 1 69 1
7 110 2 59 1
7 110 2 63 1
7 111 2 59 1
7 112 1 64 1
7 112 2 62 1
7 113 1 60 1
7 114 2 70 1
7 115 2 50 1
7 115 2 52 1
7 116 1 38 1
7 117 2 43 1
7 117 2 65 1
7 118 1 69 1
7 118 2 54 1
7 119 2 70 1
7 120 2 72 1
7 121 1 58 1
7 122 2 58 1
7 123 2 69 1
7 123 2 77 1
3 124 2 53 1
3 124 3 58 1
1 125 1 68 1
1 125 1 70 1
1 125 2 61 1
1 125 2 65 3
1 125 2 66 1
1 125 2 67 1
1 125 2 68 1
1 125 2 69 1
1 125 2 73 1
1 126 1 65 1
1 126 1 66 1
1 126 2 63 1
1 126 2 64 1
1 126 2 66 1
1 126 2 69 1
1 126 2 82 1
1 126 2 83 1
1 127 1 54 1
1 127 1 55 1
1 127 1 89 1
1 127 2 59 1
1 127 2 60 1
1 127 2 62 1
1 127 2 69 1
1 127 2 87 1
1 128 1 49 1
1 128 1 56 1
1 128 1 63 1
1 128 1 64 1
1 128 1 66 1
1 128 1 81 1
1 128 1 82 1
1 128 2 62 1
1 128 2 67 1
1 128 3 65 1
1 128 3 67 1
1 129 1 44 1
1 129 1 57 2
1 129 1 62 1
1 129 1 63 1
1 129 1 67 1
1 129 1 68 1
1 129 1 80 1
1 129 2 43 1
1 129 2 49 1
1 129 2 55 1
1 129 2 56 1
1 129 2 57 1
1 129 2 58 1
1 129 2 62 1
1 129 2 63 3
1 129 2 64 1
1 129 2 68 1
1 129 2 70 1
1 129 2 78 1
1 129 2 79 1
1 129 3 57 1
1 129 3 72 1
1 130 1 51 1
1 130 1 56 1
1 130 1 65 1
1 130 1 84 1
1 130 2 62 1
1 130 2 63 1
1 130 2 64 2
1 130 2 76 1
1 130 2 77 1
1 130 3 82 1
1 131 1 41 1
1 131 1 42 1
1 131 1 50 1
1 131 1 51 1
1 131 1 55 1
1 131 1 58 1
1 131 1 63 1
1 131 1 65 1
1 131 1 69 2
1 131 1 88 1
1 131 2 44 1
1 131 2 48 1
1 131 2 49 1
1 131 2 52 2
1 131 2 59 5
1 131 2 61 1
1 131 2 62 1
1 131 2 63 3
1 131 2 64 2
1 131 2 66 1
1 131 2 69 1
1 131 2 70 1
1 131 2 72 1
1 131 2 73 1
1 131 2 74 1
1 131 2 81 1
1 131 2 85 1
1 132 1 98 1
1 133 1 27 1
1 133 1 53 1
1 133 2 60 1
1 133 2 65 1
7 134 2 58 1
7 135 2 57 1
7 136 2 57 1
7 137 2 62 1
7 138 2 59 1
7 139 2 63 1
7 140 1 60 1
7 141 2 54 1
7 142 2 61 1
7 143 2 62 1
7 144 2 66 1
7 145 2 79 1
7 146 1 51 1
7 146 1 54 1
7 146 2 63 1
3 147 1 95 1
3 148 1 88 1
3 149 1 86 1
3 150 1 85 1
3 150 2 45 1
3 151 2 57 1
3 152 1 44 1
3 152 2 65 1
3 153 1 81 1
3 153 2 84 1
3 154 2 69 1
3 155 1 75 1
3 156 1 66 1
3 157 2 61 1
3 158 1 70 1
3 159 2 80 1
3 160 1 72 1
3 161 2 72 1
3 162 1 25 1
3 163 1 67 1
3 163 2 69 1
3 164 2 88 1
3 165 2 49 1
3 166 1 49 1
3 166 2 50 1
3 167 2 49 1
3 168 1 42 1
3 169 1 68 1
3 170 2 79 1
3 171 1 48 1
3 171 1 60 1
3 171 1 67 1
3 171 2 67 2
3 171 2 69 2
3 171 2 84 1
3 172 1 68 1
3 173 1 74 1
3 173 2 64 1
2 174 1 62 1
2 174 2 87 1
3 175 1 67 1
3 175 2 60 1
3 176 1 86 1
3 177 1 84 1
3 178 1 55 1
3 178 1 65 1
3 178 1 68 1
3 178 2 63 1
3 178 2 65 1
3 179 1 48 1
3 180 1 83 1
3 180 2 80 1
3 181 1 89 1
3 182 1 91 1
6 183 1 74 1
3 184 2 48 1
6 185 1 93 1
6 186 1 71 1
6 186 2 76 1
6 187 1 59 1
6 187 2 80 1
6 188 2 74 1
3 189 2 63 1
9 190 1 80 1
3 191 1 34 1
3 191 1 73 1
9 192 2 83 1
3 193 2 62 1
9 194 2 71 1
3 195 1 81 1
3 195 2 65 1
3 195 2 76 1
9 196 2 69 1
9 197 1 58 1
9 198 1 54 1
9 198 2 77 1
3 199 1 65 1
9 200 2 63 1
9 201 2 63 1
9 202 2 61 1
9 202 2 79 1
9 203 1 67 1
9 204 1 56 1
9 204 2 79 1
9 204 2 85 1
9 205 1 63 1
9 205 2 55 1
9 205 2 60 1
9 205 2 67 1
9 206 1 55 1
9 206 1 57 1
9 206 2 63 1
9 207 1 59 1
9 207 1 65 1
9 207 2 59 1
9 207 2 62 1
9 208 1 56 1
9 208 1 60 1
9 208 1 74 1
9 208 2 63 1
9 208 2 64 1
9 209 1 61 1
9 209 2 75 1
9 210 2 41 1
9 211 1 70 1
9 212 2 60 1
9 212 2 62 1
9 212 2 65 1
9 212 2 72 1
9 213 2 60 1
3 214 1 54 1
3 215 1 70 1
3 216 1 50 1
3 216 2 78 1
3 217 1 68 1
3 217 2 82 1
3 218 1 62 1
3 218 1 67 1
3 218 2 44 1
3 219 2 73 1
3 220 2 59 1
3 220 2 85 1
3 221 1 52 1
3 221 2 79 1
3 222 1 84 1
6 223 2 74 1
6 223 2 80 1
3 224 2 66 1
3 225 2 38 1
3 225 2 56 1
6 226 1 59 1
6 227 1 75 1
6 228 2 69 1
3 229 1 87 1
6 230 2 61 1
3 231 2 67 1
3 232 2 60 1
9 233 1 70 1
9 234 1 70 1
9 235 1 92 1
3 236 1 55 1
3 237 1 65 1
9 238 1 60 1
9 238 1 64 1
9 238 2 58 1
9 238 2 60 1
9 238 2 64 1
9 238 2 79 1
3 239 2 71 1
3 239 2 85 1
9 240 2 61 1
9 241 1 60 1
9 242 2 52 1
9 242 2 62 1
9 243 2 61 1
6 244 1 50 1
6 244 1 70 1
6 245 2 63 1
6 246 1 70 1
6 247 1 56 1
6 247 1 60 1
6 247 1 61 1
6 247 1 66 1
6 247 1 69 1
6 247 1 75 1
6 248 1 64 1
6 248 1 65 1
6 248 1 66 1
6 248 1 68 2
6 248 1 73 1
6 248 1 75 1
6 248 1 83 1
6 248 2 55 1
6 248 2 64 2
6 248 2 65 1
6 248 2 73 1
6 249 1 59 1
6 250 2 65 1
6 251 1 60 1
6 251 1 65 2
6 251 1 67 1
6 251 1 70 1
6 251 1 71 2
6 251 1 72 1
6 251 2 55 1
6 251 2 61 1
6 251 2 62 3
6 251 2 69 1
6 251 2 75 1
6 251 2 76 2
6 252 1 68 1
6 253 2 86 1
6 254 2 63 1
6 255 1 61 1
6 255 1 79 1
6 255 2 55 2
6 255 2 60 1
6 255 2 63 1
6 255 2 64 1
6 255 2 76 1
6 255 2 79 1
6 255 2 80 1
6 256 1 78 1
6 256 2 51 1
6 257 1 57 1
6 257 2 60 1
6 257 2 70 1
6 258 1 69 1
6 258 1 76 1
6 258 1 77 1
6 258 2 61 1
6 258 2 64 1
6 258 2 71 2
6 258 2 78 1
6 259 1 66 1
6 259 1 74 1
6 259 1 77 1
6 259 2 66 1
6 259 2 75 1
6 260 1 54 1
6 260 1 58 1
6 260 1 59 1
6 260 1 61 1
6 260 1 62 3
6 260 1 63 1
6 260 1 66 1
6 260 1 70 2
6 260 1 74 1
6 260 1 75 1
6 260 1 76 1
6 260 1 83 1
6 260 2 59 1
6 260 2 60 3
6 260 2 61 1
6 260 2 62 3
6 260 2 63 2
6 260 2 64 2
6 260 2 65 2
6 260 2 66 2
6 260 2 67 2
6 260 2 72 1
6 260 2 74 1
6 260 2 78 1
6 260 2 79 1
6 260 2 84 2
6 261 2 60 1
6 262 1 60 1
6 262 1 62 1
6 262 1 65 1
6 262 2 58 1
6 262 2 62 2
6 262 2 74 1
6 262 2 75 1
6 263 1 66 1
6 263 1 80 1
6 263 2 74 1
6 264 1 72 1
6 265 1 58 1
6 265 1 63 1
6 265 2 64 1
6 265 2 80 1
6 266 1 74 1
6 266 2 68 1
6 267 1 55 1
6 267 1 57 2
6 267 1 58 2
6 267 1 63 2
6 267 1 64 1
6 267 1 66 1
6 267 1 67 1
6 267 1 70 1
6 267 2 59 1
6 267 2 60 1
6 267 2 61 1
6 267 2 63 1
6 267 2 65 1
6 267 2 73 1
6 268 1 55 1
6 268 1 64 1
9 269 1 74 1
3 270 2 53 1
3 271 1 63 1
3 271 1 83 1
3 271 2 58 1
3 271 2 60 1
3 271 2 62 1
3 272 1 68 1
6 273 2 79 1
3 274 2 63 1
3 275 1 55 1
3 276 2 74 1
3 277 2 53 1
3 277 2 70 1
3 278 1 67 1
3 278 1 71 1
3 278 2 62 1
3 279 2 54 1
3 279 2 58 1
3 280 1 53 2
3 280 1 62 1
3 280 2 61 1
3 281 1 27 1
3 281 1 47 1
3 281 1 70 1
3 281 2 61 1
3 282 1 52 1
3 283 1 53 1
3 284 2 61 1
3 285 1 55 1
3 285 1 57 1
3 285 2 49 1
3 285 2 52 1
3 285 2 53 1
3 285 2 59 1
3 285 2 63 1
3 286 2 58 1
3 286 2 60 1
3 287 1 55 1
3 288 1 62 1
3 288 1 65 1
3 288 2 69 1
3 289 1 24 1
6 290 1 66 1
6 291 1 69 1
3 292 2 67 1
3 293 2 76 1
6 294 1 71 1
3 295 1 84 1
3 296 1 85 1
3 296 2 64 1
1 297 2 28 1
1 298 2 53 1
1 298 2 66 1
1 299 2 69 1
1 299 2 71 1
1 300 2 78 1
7 301 1 65 1
7 302 1 59 2
7 303 2 69 1
1 304 2 63 1
1 305 2 45 1
1 305 2 60 1
1 305 2 61 1
1 305 2 75 1
7 306 1 59 1
7 306 1 61 1
7 306 2 42 1
7 306 2 63 1
7 307 1 60 1
7 308 2 57 1
7 309 1 60 1
7 310 1 61 1
7 310 1 69 1
7 311 2 62 1
7 312 1 54 1
1 313 1 50 1
1 313 1 60 1
1 313 1 61 1
1 313 1 68 1
1 313 2 63 1
1 313 2 64 1
1 313 2 65 1
1 313 2 68 1
1 313 2 84 1
7 314 1 44 1
7 314 1 68 1
7 314 2 43 1
7 314 2 44 1
1 315 1 63 1
7 316 1 49 1
7 316 1 66 1
1 317 2 89 1
7 318 1 66 1
7 319 2 54 1
7 319 2 56 1
1 320 1 69 1
7 321 2 55 1
7 321 2 57 1
7 322 1 53 1
7 322 2 52 1
7 322 2 65 1
7 323 1 67 1
7 323 2 58 1
7 324 2 55 1
7 324 2 67 1
1 325 1 51 1
1 325 1 54 1
1 325 1 85 1
1 325 2 42 1
1 325 2 45 1
1 325 2 56 1
1 325 2 65 1
7 326 1 63 1
7 326 2 50 1
7 326 2 51 1
7 326 2 59 1
1 327 1 54 1
1 327 1 76 2
1 327 2 65 1
1 328 1 46 1
1 328 2 41 1
1 328 2 48 1
1 329 1 50 1
1 329 1 51 1
1 329 1 54 1
1 329 1 56 1
1 329 1 57 1
1 329 1 58 2
1 329 1 59 1
1 329 1 60 2
1 329 1 61 1
1 329 2 54 1
1 329 2 58 1
1 329 2 59 1
7 330 2 47 1
1 331 1 69 1
1 331 1 80 1
1 331 2 70 1
1 331 2 74 1
1 331 2 75 1
9 332 1 66 1
1 333 2 52 1
1 333 2 66 1
7 334 1 58 1
7 334 1 65 1
7 334 1 74 1
7 334 1 88 1
1 335 2 58 1
7 336 1 67 1
7 336 2 53 1
7 336 2 57 1
7 336 2 58 1
7 336 2 64 1
7 337 1 63 1
7 337 1 65 1
7 337 1 67 1
7 338 1 71 1
7 338 2 60 1
7 338 2 71 1
7 338 2 79 1
7 339 1 60 1
7 339 2 42 1
7 339 2 59 1
7 339 2 60 1
7 339 2 61 1
7 340 1 46 1
7 340 1 54 1
7 340 2 61 1
7 340 2 64 1
1 341 2 79 1
1 342 2 73 1
1 343 1 61 1
1 343 2 74 1
7 344 2 49 1
7 345 1 65 1
7 345 2 57 1
7 345 2 60 1
7 345 2 66 1
1 346 2 85 1
1 347 2 79 1
1 348 2 85 1
1 349 2 85 1
1 350 1 76 1
1 351 1 64 1
1 351 2 64 1
1 352 1 72 1
7 353 2 50 1
7 354 1 57 1
7 354 2 58 1
7 354 2 63 1
7 355 2 54 1
7 355 2 58 1
7 355 2 65 1
7 355 2 67 1
7 355 2 70 1
1 356 2 60 1
1 356 2 61 1
1 356 2 63 1
1 357 2 85 1
7 358 2 53 1
1 359 1 62 1
7 360 1 49 1
1 361 2 47 1
1 361 2 61 1
1 361 2 62 1
1 361 2 70 1
7 362 1 56 1
1 363 1 56 1
1 363 1 64 1
1 363 2 59 1
1 363 2 72 1
1 363 2 82 1
1 363 2 85 1
1 363 2 91 1
7 364 1 59 1
7 364 1 62 1
7 364 1 72 1
7 364 2 64 1
7 365 2 77 1
7 366 1 80 1
7 367 1 75 1
1 368 1 43 1
1 368 1 62 1
1 368 1 76 1
1 368 2 47 1
1 368 2 58 1
1 368 2 61 1
1 368 2 65 1
1 368 2 75 2
7 369 1 41 1
7 369 1 65 1
7 369 2 72 1
1 370 1 62 1
1 370 1 85 1
1 370 2 58 2
1 370 2 67 1
1 370 2 68 1
1 370 2 82 1
7 371 1 68 1
7 371 2 66 1
7 372 1 54 1
1 373 2 68 1
7 374 1 66 1
7 374 2 56 1
3 375 2 63 1
9 376 1 58 1
9 376 1 63 1
9 376 1 65 1
9 376 1 66 1
9 376 1 73 1
9 376 1 86 1
9 376 2 46 1
9 376 2 53 1
9 376 2 55 1
9 376 2 61 3
9 376 2 64 2
9 376 2 65 1
9 376 2 70 1
9 377 1 67 1
9 377 1 68 1
9 377 2 65 1
9 377 2 80 1
9 378 1 57 1
9 378 2 63 1
9 379 1 46 1
9 379 2 59 1
9 379 2 62 1
7 380 1 45 1
1 381 2 61 1
7 382 1 63 1
7 383 2 60 1
7 384 1 67 1
7 385 2 60 1
7 386 1 54 1
7 386 2 55 1
7 386 2 57 1
7 386 2 61 1
7 387 1 67 1
7 387 2 60 2
7 387 2 61 1
1 388 2 58 1
7 389 1 56 1
7 390 2 61 1
7 391 1 64 1
7 392 2 59 1
7 393 1 68 1
7 394 2 64 1
7 394 2 81 1
1 395 2 73 1
1 396 2 72 1
1 397 1 62 1
1 398 2 68 1
1 398 2 72 1
1 399 2 112 1
1 400 1 77 1
1 400 2 71 1
1 401 1 66 1
1 402 1 55 1
1 402 1 58 1
1 402 1 67 1
1 402 2 64 1
1 402 2 67 1
1 402 2 81 1
1 402 2 84 1
1 403 1 52 1
1 403 1 61 1
1 403 1 78 1
1 403 2 42 1
1 403 2 57 1
1 404 1 62 1
1 404 1 65 1
1 404 1 71 1
1 404 1 76 1
1 404 2 57 1
1 404 2 60 1
1 404 2 61 1
1 405 2 74 1
1 406 1 61 1
1 406 2 70 1
3 407 2 65 1
2 408 2 28 1
2 409 1 82 1
3 410 2 71 1
3 411 2 74 1
3 412 2 76 1
3 413 2 66 1
6 414 2 60 1
3 415 2 97 1
3 416 1 82 1
3 417 1 34 1
3 418 2 85 1
3 419 2 64 1
3 420 2 78 1
3 421 1 72 1
6 422 1 62 1
6 423 1 66 1
6 424 2 78 1
9 425 2 66 1
9 426 1 78 1
9 427 1 68 1
6 428 1 54 1
6 428 1 60 1
6 429 1 76 1
9 430 1 81 1
9 431 2 79 1
6 432 1 57 1
6 433 1 61 1
6 433 2 59 1
6 433 2 64 1
6 433 2 68 1
6 434 2 57 1
6 435 1 59 1
6 435 1 61 1
6 435 1 68 1
6 436 1 62 1
6 436 2 55 1
6 436 2 60 1
6 437 2 49 1
6 437 2 62 1
6 438 1 77 1
6 439 2 58 1
6 440 1 65 1
6 440 1 72 1
6 440 2 65 1
3 441 1 40 1
3 442 2 56 1
6 443 1 66 1
3 444 1 49 1
3 444 1 62 1
3 445 1 66 1
3 446 2 43 1
3 447 1 50 1
3 448 2 85 1
6 449 1 61 1
6 449 1 72 1
3 450 2 43 1
3 451 2 79 1
3 452 1 52 1
3 453 1 26 1
3 453 1 31 1
1 454 1 55 1
1 454 1 62 1
7 455 1 80 1
7 455 2 59 1
7 456 1 64 1
7 456 1 69 1
7 456 2 62 1
7 456 2 66 1
7 457 1 45 1
7 458 2 59 1
7 459 1 59 1
7 460 2 64 1
7 461 1 66 1
7 461 2 57 1
7 462 1 38 1
7 462 2 59 1
7 462 2 78 1
7 463 1 62 1
7 463 1 67 1
7 463 1 77 1
7 463 2 62 2
7 463 2 76 1
7 464 1 45 1
7 464 1 56 1
7 464 1 68 1
7 464 2 56 1
7 464 2 63 1
7 465 1 44 1
7 465 1 64 1
7 465 2 57 1
7 465 2 60 1
7 465 2 61 1
7 465 2 78 1
7 466 2 61 1
7 467 1 76 1
7 468 2 59 1
1 469 1 57 1
1 469 1 73 1
7 470 1 54 1
7 471 1 42 1
7 472 2 53 1
7 473 2 64 1
1 474 2 70 1
7 475 1 65 1
7 476 2 66 1
7 477 2 69 1
7 478 1 59 1
7 478 1 64 1
7 478 2 57 1
7 479 1 65 1
7 479 1 67 1
7 480 1 48 1
7 480 1 63 1
1 481 1 70 1
1 481 2 66 1
1 482 2 45 1
1 483 1 63 1
1 484 1 49 1
1 485 2 64 1
1 486 1 31 1
1 486 1 34 1
1 486 1 45 1
1 486 2 46 1
1 486 2 60 1
1 486 2 62 1
1 486 2 64 1
1 486 2 66 1
1 487 1 75 1
1 487 2 54 1
1 488 1 47 1
1 488 1 53 1
1 488 1 59 1
1 488 1 65 1
1 489 1 49 1
1 489 2 69 1
1 489 2 70 1
1 490 1 89 1
1 491 1 69 1
1 491 1 71 1
1 491 1 80 1
1 491 2 55 1
1 491 2 61 1
1 491 2 67 1
1 491 2 72 1
1 492 2 63 1
1 493 2 60 1
1 494 1 68 1
1 494 1 85 1
1 494 2 63 2
1 494 2 73 1
1 495 1 45 1
1 495 2 55 1
1 496 1 47 1
1 496 1 60 1
1 496 2 55 1
1 496 2 56 1
1 496 2 69 1
1 497 1 65 1
1 497 2 55 1
1 497 2 66 1
1 497 2 68 1
1 498 1 49 1
1 498 2 39 1
1 498 2 62 1
1 499 1 74 1
1 499 2 71 1
1 500 2 51 1
1 500 2 75 1
1 501 1 85 1
1 501 2 65 1
1 502 1 65 1
1 502 2 62 1
1 502 2 66 1
1 503 1 73 1
1 504 2 74 1
1 505 1 81 1
1 505 2 64 1
1 505 2 70 1
1 506 1 74 1
1 506 2 63 1
1 506 2 64 1
1 507 2 67 1
1 507 2 68 1
1 508 2 73 1
1 508 2 78 1
1 509 1 87 1
1 510 2 77 1
1 510 2 79 1
1 511 2 74 1
1 512 1 93 1
1 512 2 77 1
1 513 2 75 1
1 513 2 77 1
1 514 1 74 1
1 514 2 63 1
1 514 2 68 1
1 515 1 58 1
1 515 1 64 1
1 515 2 70 1
1 516 2 74 1
1 517 2 68 1
1 518 2 50 1
1 518 2 55 1
1 519 1 53 1
1 519 2 58 1
3 520 2 90 1
3 521 2 72 1
2 522 2 24 1
2 523 1 82 1
3 524 2 68 1
6 525 2 77 1
6 526 1 71 1
3 527 2 77 1
6 528 2 61 1
9 529 2 75 1
9 530 2 73 1
9 531 1 69 1
9 531 2 65 1
9 532 2 83 1
9 533 1 63 1
9 533 1 65 1
9 533 1 68 1
9 533 2 65 1
6 534 1 61 1
6 534 2 61 1
6 535 2 58 1
6 536 1 68 1
6 537 1 72 1
6 537 2 85 1
3 538 2 63 1
6 539 1 57 1
6 539 2 72 1
9 540 1 67 1
9 540 2 68 1
9 541 2 60 1
9 541 2 67 1
9 542 1 55 1
9 543 1 52 1
9 543 2 57 1
9 544 2 63 1
9 544 2 65 1
9 545 1 59 1
9 546 1 37 1
9 546 1 40 1
9 546 1 48 1
9 546 1 65 1
9 546 1 71 1
9 546 2 61 1
9 546 2 84 1
9 547 2 63 1
9 547 2 64 1
9 547 2 71 1
6 548 2 68 1
6 549 1 59 1
6 550 2 86 1
6 551 1 60 1
6 551 2 56 1
6 551 2 57 1
6 551 2 61 1
6 551 2 81 1
6 552 2 62 1
6 552 2 69 1
6 552 2 90 1
6 553 2 60 1
6 554 1 90 1
6 554 2 63 1
6 555 1 61 1
6 555 1 62 1
6 555 1 64 1
6 555 1 66 1
6 556 1 67 1
6 556 1 70 1
6 557 2 89 1
6 558 1 63 1
6 558 1 66 1
6 558 1 91 1
6 558 2 53 1
6 558 2 59 1
6 558 2 64 1
6 558 2 71 1
6 558 2 86 1
6 559 2 71 1
6 559 2 76 1
6 560 1 64 1
6 561 1 52 1
6 562 2 79 1
6 562 2 89 1
6 563 1 64 1
6 563 2 56 1
6 563 2 57 1
6 563 2 60 1
6 563 2 61 1
6 564 1 65 1
6 565 1 65 1
6 565 2 63 1
6 565 2 76 1
6 566 1 61 1
6 566 2 58 1
9 567 1 25 1
9 567 1 27 1
9 567 1 66 1
9 567 2 65 1
9 567 2 67 1
9 568 2 53 1
9 568 2 59 1
9 569 1 37 1
9 569 1 46 1
9 569 1 48 1
9 569 1 51 2
9 569 1 52 1
9 569 1 57 1
9 569 1 58 1
9 569 1 65 1
9 569 1 68 1
9 569 1 70 1
9 569 2 45 1
9 569 2 59 1
9 569 2 60 2
9 569 2 61 2
9 569 2 62 1
9 569 2 63 1
9 570 1 41 1
9 570 1 55 1
9 570 1 62 1
9 570 2 49 1
9 570 2 52 1
9 570 2 55 1
9 570 2 56 1
9 570 2 57 1
9 570 2 58 1
9 571 1 49 1
9 571 1 53 1
9 571 1 57 1
9 571 1 64 2
9 571 1 66 1
9 571 1 76 1
9 571 2 54 1
9 571 2 65 1
9 572 1 44 1
9 572 1 48 1
9 572 1 55 1
9 572 1 58 1
9 572 1 59 1
9 572 1 60 1
9 572 1 63 1
9 572 2 49 1
9 572 2 57 1
9 572 2 59 1
9 573 1 45 1
9 573 1 49 1
9 573 1 50 1
9 573 2 43 1
9 573 2 44 1
9 573 2 57 2
9 573 2 59 1
9 573 2 62 2
9 574 1 47 1
9 574 1 48 1
9 574 1 54 1
9 574 1 58 1
9 574 1 63 1
9 574 1 66 1
9 574 1 76 1
9 574 2 54 1
9 574 2 55 1
9 574 2 58 1
9 574 2 60 1
9 574 2 70 1
9 574 2 75 1
9 575 1 57 1
9 575 2 52 1
9 575 2 56 1
9 575 2 69 1
9 576 1 37 1
9 576 1 41 1
9 576 1 47 1
9 576 1 51 1
9 576 1 53 1
9 576 1 56 1
9 576 2 56 1
9 576 2 58 1
9 576 2 60 1
9 577 1 53 1
9 577 2 59 1
9 577 2 62 1
9 577 2 63 1
9 577 2 65 1
9 578 1 52 1
9 578 1 57 1
9 578 1 69 1
9 579 1 46 1
9 579 1 50 1
9 579 1 52 1
9 579 1 60 1
9 579 1 61 1
9 579 1 64 1
9 579 2 47 1
9 579 2 52 1
9 580 1 48 1
9 580 1 61 2
9 580 1 68 1
9 580 2 63 1
9 581 1 47 1
9 581 1 49 1
9 581 1 62 1
9 581 1 68 1
9 581 1 70 1
9 581 2 44 1
9 581 2 60 1
9 582 1 42 1
9 582 1 49 1
9 582 1 50 2
9 582 1 51 1
9 582 1 55 1
9 582 2 42 1
9 582 2 44 1
9 582 2 48 1
9 582 2 51 1
9 582 2 54 1
9 582 2 58 1
9 582 2 59 1
9 582 2 61 1
9 583 1 71 1
9 583 2 60 1
9 584 1 45 1
9 584 1 48 1
9 584 1 51 1
9 584 1 52 1
9 584 1 58 1
9 584 1 64 1
9 584 1 69 1
9 584 2 47 2
9 584 2 49 1
9 584 2 50 2
9 584 2 55 1
9 584 2 56 1
9 584 2 59 2
9 584 2 61 1
9 584 2 62 2
9 584 2 64 1
9 584 2 65 1
9 584 2 69 1
9 584 2 71 1
9 585 1 58 1
9 585 1 62 1
9 585 2 57 1
9 585 2 59 1
9 586 1 19 1
9 586 1 56 1
9 586 1 62 1
9 586 1 66 1
9 586 2 61 1
9 586 2 68 1
9 586 2 84 1
9 587 2 62 1
9 588 1 70 1
9 588 2 42 1
9 589 1 62 1
9 589 1 67 1
9 589 1 81 1
9 589 2 58 1
9 590 1 45 1
9 590 2 65 1
9 591 1 45 1
9 591 1 80 1
9 591 2 61 1
9 591 2 85 1
9 592 1 53 1
9 592 2 46 1
9 592 2 48 1
9 592 2 54 1
9 592 2 61 1
9 592 2 68 1
9 593 1 56 1
9 593 1 70 1
9 593 2 62 2
9 594 1 48 1
9 594 1 50 1
9 594 2 60 1
9 594 2 64 1
9 594 2 69 1
9 594 2 72 1
9 595 1 40 1
9 595 1 42 1
9 595 1 43 1
9 595 1 49 1
9 595 1 57 1
9 595 1 61 1
9 595 1 67 1
9 595 1 68 1
9 595 1 72 1
9 595 2 45 1
9 595 2 48 2
9 595 2 50 1
9 595 2 54 1
9 595 2 56 1
9 595 2 60 1
9 595 2 61 1
9 596 1 25 1
9 596 1 39 1
9 596 1 56 1
9 597 1 75 1
9 598 1 36 1
9 598 2 49 1
9 598 2 60 1
9 599 1 59 1
9 599 1 61 1
9 599 1 62 1
9 599 1 63 1
9 599 1 64 1
9 599 2 44 1
9 599 2 58 1
9 600 1 49 1
9 600 1 50 1
9 600 1 51 1
9 600 2 47 1
9 600 2 60 2
9 600 2 61 1
9 601 1 58 1
9 602 1 44 1
9 602 1 50 1
9 602 2 52 1
9 603 2 59 1
3 604 2 59 1
3 605 1 54 1
3 605 1 56 1
3 605 1 67 1
3 605 2 61 1
3 605 2 63 1
3 605 2 74 1
3 605 2 83 1
3 606 1 75 1
3 607 2 68 1
3 608 1 22 1
3 608 1 25 2
3 609 2 65 1
3 610 2 75 1
3 611 1 88 1
3 612 1 61 1
3 612 1 65 1
3 612 2 61 1
3 612 2 81 1
2 613 1 59 1
3 614 1 55 1
3 615 1 52 1
3 616 2 64 1
3 617 3 24 1
3 617 3 26 1
3 618 1 52 1
3 618 1 61 1
3 618 1 65 1
3 619 1 43 1
3 619 2 58 1
3 620 1 47 1
3 620 1 66 1
3 620 1 67 1
3 621 1 52 1
3 621 2 57 1
3 622 1 70 1
3 623 1 84 1
3 624 1 82 1
3 625 1 67 1
3 625 1 84 1
3 626 1 61 1
3 627 2 57 1
3 628 1 96 1
3 629 2 82 1
3 630 2 77 1
3 631 1 77 1
3 632 1 63 1
3 632 1 65 1
3 632 1 68 1
3 632 1 71 1
3 632 2 46 1
3 632 2 62 1
3 632 2 63 1
3 632 2 74 1
6 633 1 73 1
6 634 1 81 1
6 635 1 78 1
6 636 1 70 1
6 636 2 80 1
6 637 1 64 1
6 637 1 74 1
6 637 2 79 1
6 637 2 83 1
6 638 1 70 1
6 638 1 80 1
6 638 1 82 1
6 638 2 79 1
6 639 1 73 1
6 640 1 60 1
9 641 1 67 1
9 642 1 57 1
9 643 1 61 1
9 644 1 67 1
9 645 2 65 1
6 646 2 66 1
6 647 1 70 1
6 647 1 76 1
6 648 1 71 1
6 648 1 74 1
6 648 2 68 1
6 648 2 72 1
6 649 2 59 1
6 650 1 63 1
6 650 2 54 1
6 650 2 61 1
6 651 1 60 1
6 651 1 68 1
6 651 2 61 1
6 651 2 69 1
6 652 1 61 1
6 652 1 72 1
6 652 1 73 2
6 652 2 57 1
6 652 2 62 1
6 652 2 75 1
6 653 1 77 1
6 653 2 71 1
6 653 2 75 1
6 654 1 59 1
6 654 1 61 1
6 654 1 63 1
6 655 2 66 1
6 656 2 65 1
6 657 1 63 1
6 658 1 66 1
6 659 1 58 1
6 659 1 61 1
6 659 1 72 1
6 659 1 73 1
6 659 2 60 1
6 659 2 74 1
6 660 1 60 1
6 660 2 71 1
6 661 2 78 1
6 662 2 64 1
3 663 2 66 1
3 664 2 76 1
3 665 1 26 1
3 666 2 27 1
3 666 2 90 1
3 667 2 43 1
3 668 1 81 1
3 668 2 62 1
3 668 2 75 1
3 668 2 76 1
3 669 1 34 1
3 669 1 44 1
3 669 1 59 1
3 669 2 31 1
3 670 2 59 1
3 670 2 79 1
3 671 2 55 1
3 672 2 84 1
3 672 3 23 1
3 672 3 24 1
3 673 1 69 1
3 673 2 53 1
3 673 2 59 1
3 673 2 79 1
3 674 1 73 1
3 675 1 73 1
3 676 2 71 1
3 677 2 63 1
3 677 3 23 1
3 678 1 74 1
3 679 2 83 1
3 680 2 58 1
3 680 2 70 1
1 681 1 67 1
1 681 1 69 1
1 681 2 63 1
1 681 2 64 1
1 681 2 65 1
1 682 1 40 1
1 682 1 50 1
1 682 1 51 1
1 682 1 65 1
1 682 1 72 1
1 682 2 72 1
1 683 1 42 1
1 683 2 53 1
1 684 1 33 1
1 684 1 39 1
1 684 1 47 1
1 684 1 49 1
1 684 1 53 2
1 684 1 54 2
1 684 1 57 1
1 684 1 60 1
1 684 1 61 1
1 684 1 63 3
1 684 1 73 1
1 684 2 47 2
1 684 2 53 1
1 684 2 54 1
1 684 2 56 1
1 684 2 58 1
1 684 2 59 2
1 684 2 60 1
1 684 2 61 2
1 684 2 62 1
1 684 2 63 1
1 684 2 64 3
1 684 2 65 2
1 684 2 66 1
1 684 2 67 4
7 685 2 61 1
7 686 1 57 1
7 686 1 58 1
7 686 2 40 1
7 686 2 53 1
7 686 2 55 1
7 686 2 65 1
7 687 1 62 1
7 687 1 64 1
7 687 1 67 1
7 687 1 69 1
7 687 2 58 1
7 687 2 64 2
7 688 1 60 1
7 688 1 65 1
7 689 2 58 1
7 689 2 63 1
7 690 2 68 1
7 691 2 81 1
1 692 1 47 1
1 692 1 52 1
1 692 1 58 1
1 692 1 59 2
1 692 1 62 2
1 692 1 67 1
1 692 1 68 1
1 692 1 74 1
1 692 2 47 1
1 692 2 48 2
1 692 2 50 2
1 692 2 51 2
1 692 2 53 1
1 692 2 54 1
1 692 2 55 2
1 692 2 56 1
1 692 2 58 1
1 692 2 59 2
1 692 2 60 1
1 692 2 62 3
1 692 2 66 2
1 692 2 69 1
7 693 1 41 1
7 694 1 62 1
7 694 2 59 1
7 694 2 61 1
7 695 2 53 1
7 695 2 60 2
7 696 1 60 1
7 696 1 62 1
7 696 2 57 1
7 696 2 58 1
7 697 1 59 1
7 697 2 66 1
7 698 2 56 1
7 699 2 74 1
7 700 2 61 1
1 701 1 46 1
1 701 1 47 1
1 701 1 50 1
1 701 1 59 2
1 701 1 60 1
1 701 1 61 2
1 701 1 62 1
1 701 1 63 1
1 701 1 65 1
1 701 1 66 1
1 701 1 69 1
1 701 1 71 1
1 701 2 48 1
1 701 2 50 1
1 701 2 53 1
1 701 2 59 2
1 701 2 60 1
1 701 2 61 2
1 701 2 62 2
1 701 2 64 2
1 701 2 66 1
1 701 2 69 1
1 701 2 70 1
1 701 2 73 1
1 702 1 72 1
1 703 1 58 1
1 703 1 68 1
1 703 2 62 1
1 703 2 66 1
1 704 1 60 1
1 704 2 50 1
1 704 2 58 1
1 704 2 62 1
1 704 2 66 1
1 705 1 54 1
1 705 1 60 1
1 705 1 62 1
1 705 2 52 1
1 705 2 65 1
1 706 1 68 1
1 707 2 64 1
1 708 1 76 1
1 709 1 47 1
1 710 1 66 1
1 710 2 62 1
1 711 2 70 1
1 711 2 76 1
1 712 2 70 1
1 713 1 56 1
1 713 1 75 1
1 714 1 66 1
1 715 1 72 1
1 716 1 59 1
1 716 2 61 1
1 716 2 62 1
7 717 2 64 1
7 718 1 78 1
7 718 2 68 1
7 719 2 68 1
7 720 1 70 1
7 720 2 65 1
1 721 2 57 1
1 721 2 61 1
7 722 1 65 1
7 722 2 71 1
7 723 1 68 1
7 723 2 64 1
7 724 2 63 1
7 724 2 65 1
7 725 1 56 1
7 726 2 67 1
7 727 1 60 1
7 728 1 59 1
7 729 1 63 1
7 730 2 63 1
1 731 1 66 1
1 731 2 57 1
1 731 2 69 1
7 732 2 59 1
7 733 1 59 1
7 734 2 60 1
7 735 2 60 1
7 735 2 62 1
7 736 1 66 1
7 736 2 67 1
7 737 2 59 1
7 737 2 62 1
7 738 1 56 1
7 738 1 58 1
1 739 1 47 1
1 739 1 50 1
1 739 1 59 1
1 739 1 63 1
1 739 1 72 1
1 739 2 55 1
1 739 2 56 1
1 739 2 64 2
1 740 1 61 1
1 740 1 64 1
1 740 2 45 1
1 740 2 53 1
1 740 2 66 1
1 741 1 62 1
1 741 1 64 1
1 741 2 59 1
1 741 2 61 1
1 742 1 61 1
1 742 1 67 1
1 742 2 50 1
1 742 2 61 1
1 742 2 65 1
1 743 1 45 1
1 743 1 60 1
1 743 2 48 1
1 743 2 58 1
1 744 1 72 1
1 745 1 87 1
1 745 2 62 2
1 745 2 63 1
1 745 2 73 1
1 746 2 61 1
1 746 2 63 1
1 746 2 71 2
1 747 1 65 1
1 747 1 69 1
1 747 2 54 1
1 747 2 60 1
1 747 2 64 1
1 747 2 81 1
1 748 1 70 1
1 748 1 82 1
1 748 2 34 1
1 748 2 56 1
1 748 2 74 1
1 749 1 61 1
1 749 1 66 1
1 749 1 68 1
1 749 2 61 1
1 750 1 44 1
1 750 1 51 1
1 750 1 59 1
1 750 2 63 1
1 750 2 67 1
1 750 2 70 1
1 750 2 75 1
1 750 2 76 1
1 751 1 37 1
1 751 1 44 1
1 751 1 60 1
1 751 1 65 1
1 751 1 69 1
1 751 1 71 1
1 751 2 36 1
1 751 2 56 1
1 751 2 62 1
1 752 1 61 1
1 752 2 64 1
1 752 2 71 1
1 753 1 47 1
1 753 1 54 1
1 753 1 60 2
1 753 1 61 1
1 753 1 72 1
1 753 1 76 1
1 753 2 51 1
1 753 2 56 1
3 754 2 42 1
3 755 1 81 1
3 756 3 26 1
3 757 1 23 1
3 757 1 24 1
3 758 2 77 1
7 759 2 69 1
7 760 2 50 1
7 761 2 64 1
7 762 1 59 1
7 763 2 57 1
7 764 2 62 1
1 765 2 80 1
1 766 2 61 1
7 767 1 57 1
7 768 2 67 1
7 769 1 66 1
3 770 1 18 2
3 770 1 19 1
9 771 1 76 1
2 772 2 44 1
2 772 2 65 1
9 773 1 61 1
9 773 1 62 1
9 773 1 63 1
9 774 1 56 1
9 774 1 59 1
9 775 1 77 1
9 775 2 56 1
9 776 2 63 1
9 777 2 59 1
6 778 2 83 1
9 779 1 57 1
9 779 2 59 1
9 780 2 73 1
9 781 2 36 1
9 781 2 49 1
6 782 1 66 1
6 782 1 77 1
6 782 2 57 1
6 782 2 59 1
6 782 2 69 1
6 782 2 73 1
6 783 1 58 1
6 783 1 66 1
6 783 2 63 1
6 783 2 64 1
6 784 1 57 1
6 785 1 56 1
6 785 1 64 1
6 785 1 67 1
6 785 2 57 1
6 785 2 78 1
6 786 1 62 1
3 787 2 66 1
6 788 1 78 1
6 789 2 65 1
6 790 1 73 1
6 791 2 58 1
6 792 2 43 1
6 792 2 59 1
6 792 2 66 1
6 793 2 74 2
3 794 2 69 1
3 794 2 79 1
6 795 1 67 1
6 795 1 74 1
6 795 2 55 1
6 796 2 61 1
6 796 2 77 1
3 797 1 77 1
6 798 1 87 1
6 799 1 61 1
6 799 1 62 1
6 799 2 58 1
6 799 2 71 1
6 800 2 70 1
6 801 2 59 1
6 802 1 65 1
6 802 2 77 1
3 803 2 62 1
6 804 2 61 1
3 805 1 34 1
6 806 1 75 1
6 807 1 63 1
6 807 1 69 1
3 808 2 43 1
3 808 2 67 1
6 809 2 61 1
6 810 2 57 1
6 811 1 70 1
6 811 2 64 1
6 812 1 59 1
6 812 1 64 1
6 812 1 73 1
6 812 2 65 1
6 812 2 76 1
6 813 2 66 1
6 813 2 69 1
6 814 2 59 1
6 814 2 67 1
6 815 1 73 1
6 816 1 73 1
6 817 2 43 1
6 817 2 76 1
6 818 2 74 1
6 819 2 58 1
6 819 2 66 1
6 820 2 61 1
3 821 2 80 1
3 822 2 84 1
3 823 2 56 1
3 824 1 67 1
6 825 2 63 1
6 826 1 64 1
6 826 2 54 1
6 826 2 57 1
6 826 2 67 1
6 826 2 71 1
3 827 1 84 1
3 828 2 87 1
3 829 2 46 1
3 830 1 30 1
3 831 1 75 1
3 832 1 56 1
6 833 2 88 1
3 834 1 83 1
9 835 2 70 1
9 835 2 74 1
3 836 1 68 1
9 837 2 88 1
3 838 2 73 1
9 839 2 65 1
9 839 2 85 1
3 840 2 78 1
6 841 2 68 1
9 842 1 64 1
9 843 2 64 1
9 844 2 76 1
9 845 1 65 1
9 846 1 62 1
9 847 2 57 1
9 848 1 58 1
9 848 1 62 1
9 848 2 53 1
9 848 2 58 1
9 848 2 62 1
7 849 2 57 1
7 850 2 65 1
7 851 2 76 1
7 852 2 64 1
7 853 1 65 1
7 854 1 62 1
7 855 1 68 1
7 856 1 57 1
7 856 1 63 1
7 857 1 62 1
7 858 2 65 1
7 859 1 55 1
7 859 1 76 1
7 859 2 65 1
7 860 2 54 1
7 860 2 58 1
7 861 1 55 1
7 861 2 45 1
7 862 1 63 1
7 862 2 54 1
7 863 1 50 1
1 864 1 73 1
7 865 1 57 1
1 866 2 54 1
7 867 2 62 1
7 867 2 63 1
7 867 2 70 1
7 868 1 61 1
7 868 1 65 1
7 868 1 83 1
1 869 2 64 1
7 870 1 62 1
7 870 2 62 1
1 871 1 67 1
7 872 1 61 1
7 873 2 59 1
7 874 2 65 1
1 875 2 68 1
7 876 1 63 1
7 876 1 81 1
1 877 1 51 1
7 878 2 60 1
7 878 2 67 1
1 879 2 62 1
1 880 2 84 1
1 881 2 79 1
1 882 2 54 1
1 883 2 51 1
1 883 2 60 1
1 883 2 61 1
1 883 2 66 1
1 883 2 67 1
1 883 2 68 1
1 883 2 69 1
7 884 2 74 1
1 885 1 85 1
1 885 2 56 1
1 885 2 59 1
1 885 2 64 1
1 885 2 72 1
7 886 2 50 1
7 886 2 62 1
1 887 1 67 1
1 888 1 67 1
1 888 1 70 1
1 888 1 76 1
1 888 2 53 1
1 889 1 44 1
1 889 1 50 1
1 889 2 43 1
1 889 2 54 1
1 889 2 59 1
1 889 2 70 1
1 890 1 54 1
1 890 2 66 1
1 890 2 68 1
1 890 2 83 1
1 891 1 51 1
1 891 1 60 1
1 891 1 78 1
1 891 1 96 1
1 891 2 47 1
7 892 2 78 1
7 893 2 60 1
7 893 2 75 1
7 893 2 79 1
1 894 2 72 1
7 895 1 70 1
7 895 2 58 1
7 895 2 75 1
7 896 2 62 1
7 897 2 62 1
7 897 2 70 1
7 898 2 62 1
7 899 1 69 1
7 900 2 65 1
7 901 1 56 1
7 901 2 68 1
7 902 2 66 1
7 903 1 62 1
7 903 1 68 1
7 904 2 51 1
7 904 2 69 1
7 905 1 50 1
7 905 2 62 1
7 906 1 65 1
7 906 2 72 1
7 907 1 52 1
7 907 2 52 1
7 908 1 50 1
7 909 1 62 1
7 909 1 67 1
7 909 2 60 1
7 910 1 57 1
7 910 1 68 1
7 910 2 61 1
7 911 1 49 1
7 912 1 73 1
1 913 2 48 1
7 914 1 56 1
7 914 2 66 1
7 914 2 69 1
7 915 1 59 1
7 915 1 63 1
7 915 2 83 1
7 916 2 56 1
7 917 2 56 1
7 918 2 63 1
7 919 2 65 1
7 920 2 56 1
1 921 2 80 1
7 922 1 36 1
1 923 2 99 1
7 924 1 56 1
7 924 1 65 1
7 925 1 59 1
7 926 2 46 1
7 926 2 53 1
7 927 2 57 1
7 927 2 62 1
7 928 1 62 2
7 929 1 57 1
7 929 2 66 1
7 930 1 61 1
7 930 2 61 1
7 931 1 57 1
7 931 2 50 1
1 932 1 48 1
1 932 1 62 1
1 932 1 64 1
1 932 2 59 1
1 932 2 61 1
1 932 2 62 1
1 932 2 65 1
1 932 2 71 1
1 932 2 73 1
7 933 1 63 1
1 934 1 51 1
1 934 1 82 1
1 934 2 46 1
1 934 2 59 1
1 934 2 70 1
1 934 2 74 1
1 934 2 85 1
7 935 2 70 1
1 936 1 63 1
1 936 2 64 2
1 936 2 65 1
1 936 2 66 1
7 937 1 77 1
7 937 2 63 1
1 938 2 55 1
1 938 2 81 1
7 939 2 55 1
1 940 1 55 1
1 940 2 48 1
1 940 2 58 1
1 940 2 60 1
1 941 2 53 1
1 941 2 55 1
1 942 2 74 1
1 943 2 81 1
7 944 1 57 1
7 944 1 63 1
7 944 2 57 1
7 945 1 41 1
7 946 2 83 1
7 947 2 41 1
7 948 2 64 1
7 949 1 68 1
1 950 2 56 1
7 951 1 65 1
7 952 2 78 1
7 953 2 58 1
7 954 1 52 1
7 954 2 62 1
7 955 1 58 1
7 955 2 62 1
7 955 2 73 1
1 956 1 75 1
7 957 1 58 1
7 957 2 50 1
1 958 2 65 1
7 959 1 63 1
7 959 1 64 1
7 959 2 77 1
1 960 2 55 1
1 961 1 61 1
1 962 1 84 1
1 963 1 65 1
7 964 2 63 1
1 965 1 52 1
1 965 1 54 1
7 966 1 46 1
7 966 2 60 1
7 967 1 67 1
7 968 1 65 1
7 969 1 58 1
7 969 2 58 1
7 970 1 58 1
7 970 2 60 1
7 971 2 59 1
7 971 2 60 1
1 972 1 76 1
7 973 1 57 1
1 974 1 73 1
7 975 1 44 1
1 976 1 63 1
1 977 1 64 1
1 978 1 61 1
1 979 2 76 1
1 980 2 75 1
7 981 1 57 1
1 982 2 62 1
7 983 1 61 1
7 984 1 59 1
7 984 1 63 1
7 984 2 77 1
7 985 2 59 1
7 985 2 65 1
7 986 1 61 1
7 986 2 43 1
7 987 1 50 1
7 987 1 59 1
7 988 1 80 1
7 988 2 63 1
7 988 2 84 1
7 989 1 48 1
7 989 1 63 1
7 989 2 62 1
7 990 1 58 1
7 990 1 62 1
7 990 2 59 1
7 990 2 61 1
1 991 1 33 1
1 991 1 59 1
1 991 1 60 1
1 991 1 75 1
1 991 2 45 1
1 991 2 48 1
1 991 2 55 1
1 991 2 67 1
1 992 1 62 1
1 992 1 68 1
1 992 1 80 1
1 992 1 86 1
1 992 2 39 1
1 992 2 83 1
1 992 2 85 1
1 993 1 64 1
1 993 2 48 1
1 994 2 83 1
1 995 2 83 1
1 996 1 66 1
1 996 2 84 1
1 997 1 45 1
1 997 1 49 1
1 997 1 53 1
1 997 1 63 1
1 997 2 63 1
1 997 2 73 1
1 997 2 79 1
1 997 2 83 1
1 998 1 50 1
1 998 1 57 1
1 998 1 66 1
1 998 1 68 2
1 998 1 72 1
1 998 1 84 1
1 998 1 88 1
1 998 2 44 1
1 998 2 55 1
1 998 2 57 1
1 998 2 58 1
1 998 2 63 2
1 998 2 65 1
1 998 2 67 1
1 998 2 69 2
1 998 2 71 2
1 998 2 73 1
1 998 2 82 1
1 998 2 87 1
7 999 2 46 1
7 999 2 59 1
7 999 2 60 1
7 999 2 62 1
1 1000 1 52 1
1 1000 1 55 1
1 1000 1 74 1
1 1000 1 79 1
1 1000 1 84 1
1 1000 2 49 1
1 1000 2 56 1
1 1000 2 65 1
1 1000 2 84 1
1 1001 1 69 1
1 1001 1 76 1
1 1001 1 78 1
1 1001 2 54 1
1 1001 2 83 1
1 1001 2 93 1
1 1002 1 46 1
1 1002 1 50 1
1 1002 2 66 1
1 1002 2 77 1
1 1003 2 87 1
1 1004 1 73 1
1 1005 1 72 1
1 1006 1 53 1
1 1006 1 59 1
1 1006 1 60 1
1 1006 1 62 1
1 1006 1 63 1
1 1006 1 77 1
1 1006 2 57 2
1 1006 2 58 2
1 1006 2 62 1
1 1006 2 65 2
1 1006 2 66 1
1 1006 2 68 1
1 1006 2 72 1
1 1006 2 78 1
7 1007 1 60 1
7 1007 1 68 1
7 1007 2 47 1
7 1007 2 86 1
1 1008 1 62 1
1 1009 1 42 1
1 1009 1 45 1
1 1009 1 57 1
1 1009 1 60 1
1 1009 1 61 1
1 1009 1 63 1
1 1009 1 68 2
1 1009 1 78 1
1 1009 2 44 1
1 1009 2 58 3
1 1009 2 62 1
1 1009 2 63 3
1 1009 2 64 1
1 1009 2 66 2
1 1009 2 67 1
1 1009 2 68 2
1 1009 2 71 1
1 1009 2 83 1
1 1009 2 88 1
7 1010 1 54 1
7 1010 1 59 1
7 1010 2 42 1
7 1010 2 51 1
1 1011 1 47 1
1 1011 1 54 1
1 1011 1 73 1
1 1011 2 55 1
1 1011 2 56 1
1 1011 2 62 1
1 1011 2 73 1
7 1012 1 52 1
7 1012 2 40 1
7 1012 2 52 1
7 1012 2 61 1
1 1013 1 90 1
1 1013 2 49 1
1 1013 2 56 1
7 1014 1 52 1
7 1014 2 36 1
7 1014 2 52 1
7 1014 2 61 1
7 1015 1 78 1
1 1016 1 31 1
1 1016 1 44 1
1 1016 2 51 1
1 1016 2 52 1
1 1016 2 80 1
1 1016 2 98 1
1 1017 1 65 1
1 1017 1 66 1
1 1017 2 65 2
1 1017 2 76 1
7 1018 2 65 1
7 1019 2 59 1
7 1020 2 57 1
7 1020 2 58 1
1 1021 1 63 1
1 1021 2 66 1
7 1022 1 66 1
7 1023 2 80 1
7 1024 1 44 1
7 1025 1 59 1
7 1026 1 49 1
7 1026 2 55 1
7 1026 2 57 1
7 1026 2 65 1
7 1027 1 60 1
7 1027 2 63 1
7 1027 2 69 1
7 1028 2 50 1
7 1028 2 60 1
7 1028 2 73 1
7 1029 1 63 1
1 1030 1 60 1
1 1030 1 69 1
1 1030 1 74 1
1 1030 1 81 1
1 1030 2 51 1
1 1030 2 63 1
1 1030 2 65 1
1 1030 2 78 1
3 1031 1 68 1
3 1032 1 32 1
3 1033 2 90 1
3 1034 1 35 1
3 1035 1 83 1
3 1036 1 73 1
3 1037 2 69 1
3 1038 1 50 1
3 1039 2 29 1
3 1040 1 26 1
3 1040 1 29 1
3 1040 1 30 1
3 1040 2 71 1
3 1041 1 76 1
3 1041 2 67 1
3 1042 1 45 1
3 1042 2 63 1
3 1042 2 68 1
3 1043 1 62 1
3 1043 1 81 1
3 1043 2 61 2
3 1043 2 63 1
3 1043 2 75 1
3 1043 3 72 1
3 1044 1 52 1
3 1045 1 76 1
3 1046 2 61 1
3 1047 2 61 1
3 1047 2 78 1
9 1048 2 63 1
9 1049 1 65 1
9 1050 2 75 1
9 1051 1 64 1
9 1051 1 67 1
3 1052 2 45 1
3 1053 1 79 1
3 1053 2 60 1
3 1054 1 49 1
3 1055 1 30 1
3 1055 1 34 1
3 1055 1 65 1
3 1055 2 30 1
3 1055 2 31 1
3 1055 2 41 1
3 1055 2 44 1
3 1055 2 63 1
3 1055 2 67 1
3 1055 2 77 1
3 1055 2 80 1
3 1056 2 67 1
3 1057 2 83 1
3 1058 1 77 1
3 1059 1 74 1
3 1059 2 78 1
3 1059 2 81 1
3 1059 2 85 1
3 1060 2 78 1
7 1061 1 62 1
7 1061 1 69 1
7 1062 1 60 1
7 1062 2 62 1
7 1063 1 53 1
7 1063 2 62 1
7 1064 2 61 1
7 1064 2 69 1
7 1065 1 58 1
7 1065 2 64 1
7 1066 2 62 1
7 1067 2 60 1
7 1068 1 64 1
7 1068 1 70 1
7 1069 1 61 1
7 1069 2 66 1
7 1070 1 59 1
7 1070 1 65 1
7 1071 1 59 1
7 1072 2 60 1
7 1073 1 59 1
7 1073 1 63 1
7 1074 1 61 1
7 1074 2 59 1
7 1074 2 63 1
1 1075 1 63 1
7 1076 2 44 1
7 1077 2 49 1
7 1078 1 64 1
1 1079 2 56 1
1 1080 1 57 1
1 1080 2 70 1
1 1081 1 81 1
1 1082 2 70 1
1 1083 1 45 1
1 1083 2 65 1
1 1083 2 68 1
1 1083 2 70 1
1 1083 2 78 1
1 1084 2 70 1
1 1085 2 71 1
1 1086 2 61 1
1 1086 2 83 1
1 1087 2 59 1
1 1088 1 88 1
1 1088 2 69 1
1 1088 2 89 1
1 1089 1 46 1
1 1089 1 67 1
1 1089 1 78 1
1 1089 2 56 1
1 1089 2 64 1
1 1089 2 66 1
1 1090 1 72 1
1 1091 2 72 1
1 1092 2 70 1
1 1093 1 59 1
1 1093 1 62 1
1 1093 1 64 1
1 1093 2 49 1
1 1093 2 71 1
1 1093 2 73 1
1 1094 1 62 1
1 1094 1 65 1
1 1094 1 66 1
1 1094 2 70 1
1 1095 1 61 1
1 1095 1 69 2
1 1095 1 77 1
1 1095 2 45 1
1 1095 2 60 1
1 1095 2 66 1
1 1095 2 69 1
1 1095 2 70 1
1 1095 2 79 1
1 1096 1 52 1
1 1096 1 63 1
1 1096 1 66 1
1 1096 2 60 1
1 1096 2 63 2
1 1096 2 66 1
1 1096 2 70 1
1 1097 1 57 1
1 1097 1 62 1
1 1097 1 78 1
1 1097 1 93 1
1 1097 2 41 1
1 1097 2 54 1
1 1097 2 60 2
1 1097 2 61 1
1 1097 2 62 1
1 1097 2 64 1
1 1097 2 82 1
3 1098 2 67 1
9 1099 3 58 1
9 1099 3 69 1
9 1099 3 71 1
9 1099 3 73 1
7 1100 1 69 1
7 1101 2 63 1
1 1102 1 64 1
1 1103 2 79 1
1 1104 2 80 1
7 1105 1 61 1
7 1105 1 62 1
7 1105 1 66 1
7 1105 2 56 1
7 1106 1 53 1
7 1107 1 64 1
7 1107 1 67 1
3 1108 1 46 1
3 1108 1 47 1
3 1108 2 60 1
3 1109 2 46 1
3 1110 2 52 1
3 1111 1 43 1
3 1111 1 50 1
3 1112 1 51 1
3 1112 1 54 1
3 1112 2 51 1
3 1112 2 59 1
3 1113 1 48 1
3 1113 2 65 1
3 1114 1 63 1
3 1115 1 55 1
3 1115 2 35 1
3 1116 1 62 1
3 1117 2 67 1
6 1118 2 78 1
3 1119 2 66 1
3 1119 2 72 1
9 1120 1 63 1
9 1121 1 61 1
9 1122 2 72 1
9 1123 1 92 1
3 1124 2 64 1
9 1125 2 58 1
9 1126 2 54 1
9 1126 2 55 1
9 1126 2 68 2
9 1127 2 66 1
9 1128 1 68 1
9 1129 2 56 1
9 1129 2 77 1
9 1130 1 61 1
9 1130 1 62 1
9 1130 2 57 1
9 1130 2 79 1
9 1131 2 56 1
9 1132 1 62 1
9 1133 1 71 1
3 1134 1 58 1
3 1134 1 65 1
3 1134 2 58 1
9 1135 1 57 1
9 1136 1 57 1
3 1137 1 50 1
3 1138 2 78 1
3 1139 2 55 1
3 1140 1 72 1
3 1141 2 76 1
3 1142 1 70 1
3 1143 1 47 1
3 1143 2 52 1
3 1144 1 52 1
3 1145 1 76 1
3 1145 2 59 1
3 1146 2 85 1
3 1147 2 85 1
3 1148 1 65 1
3 1149 1 42 1
3 1150 1 32 1
3 1150 1 39 1
3 1151 1 60 1
3 1151 1 65 1
3 1151 1 79 1
3 1151 2 60 1
3 1151 2 79 1
3 1152 1 32 1
3 1153 2 46 1
3 1153 2 55 1
3 1154 1 56 1
3 1155 2 78 1
3 1156 1 67 1
3 1157 2 61 1
1 1158 2 88 1
7 1159 1 70 1
7 1159 2 54 1
7 1160 1 40 1
7 1160 2 61 1
7 1161 1 66 1
7 1162 2 56 1
1 1163 2 82 1
1 1164 2 63 1
7 1165 2 60 1
7 1166 1 63 1
1 1167 1 69 1
7 1168 1 56 1
7 1169 1 38 1
7 1169 1 41 1
7 1170 1 44 1
7 1170 1 47 1
7 1170 2 56 1
7 1171 1 56 1
7 1171 1 58 1
7 1171 2 59 1
1 1172 2 84 1
1 1173 1 64 1
1 1173 2 91 1
1 1174 1 39 1
1 1175 2 66 1
1 1175 2 79 1
7 1176 2 64 1
1 1177 1 69 1
7 1178 2 76 1
7 1179 2 79 1
1 1180 1 54 1
1 1180 1 70 1
1 1180 1 86 1
1 1180 2 62 1
1 1181 1 54 1
1 1181 1 69 1
1 1181 2 58 1
1 1182 1 75 1
1 1182 1 80 1
1 1182 2 64 1
1 1183 1 59 1
1 1183 1 71 1
1 1183 2 68 1
1 1184 2 73 1
1 1184 2 78 1
1 1184 2 79 1
1 1185 2 57 1
1 1185 2 61 1
1 1185 2 65 1
1 1186 2 60 1
1 1187 1 57 1
1 1188 1 39 1
1 1188 1 62 1
1 1188 2 56 1
1 1188 2 59 1
1 1188 2 63 1
1 1189 2 58 1
1 1189 2 62 1
1 1190 1 65 1
1 1190 2 52 1
1 1190 2 65 1
1 1191 1 55 1
1 1191 1 62 1
1 1191 2 53 1
1 1191 2 70 1
1 1192 1 57 1
1 1192 1 71 1
1 1192 2 57 1
1 1192 2 58 1
1 1193 1 55 1
1 1193 1 75 1
1 1193 2 53 1
1 1193 2 62 1
1 1194 1 72 1
1 1194 2 73 1
1 1194 2 88 1
7 1195 2 65 1
1 1196 1 48 1
1 1196 2 59 1
1 1196 2 66 1
1 1197 1 88 1
1 1198 1 93 1
1 1198 2 65 1
1 1199 1 49 1
1 1199 2 67 1
1 1200 1 67 1
1 1200 2 37 1
1 1201 2 70 1
7 1202 1 76 1
7 1202 1 81 1
1 1203 1 44 1
1 1203 1 62 1
1 1203 1 78 1
1 1203 2 59 1
1 1203 2 75 1
1 1203 2 76 1
1 1204 2 66 1
7 1205 1 63 1
7 1205 1 64 1
7 1206 1 62 1
7 1207 1 63 1
7 1208 2 69 1
7 1209 1 64 1
7 1209 2 66 1
7 1210 2 51 1
7 1211 2 58 1
7 1212 1 61 1
7 1212 1 67 1
7 1212 2 57 1
7 1212 2 60 1
7 1212 2 67 1
7 1213 1 65 1
7 1213 2 63 1
7 1213 2 67 1
1 1214 1 75 1
1 1214 1 80 1
1 1214 2 65 1
1 1214 2 76 1
7 1215 1 62 1
7 1215 1 68 1
7 1216 1 65 1
7 1217 2 62 1
7 1218 2 59 1
7 1219 2 63 1
7 1219 2 70 1
7 1220 2 56 2
7 1221 1 63 1
7 1221 1 68 1
7 1222 1 44 1
7 1222 1 64 1
1 1223 1 66 1
1 1223 2 29 1
1 1223 2 73 1
1 1224 1 68 1
1 1225 1 55 1
1 1225 2 64 1
1 1225 2 77 1
1 1226 2 73 1
1 1226 2 90 1
1 1227 1 61 1
1 1228 2 63 1
1 1229 1 74 1
1 1229 2 65 1
1 1229 2 69 1
1 1230 1 45 2
1 1230 1 46 1
1 1230 1 48 2
1 1230 1 49 1
1 1230 1 51 1
1 1230 1 52 1
1 1230 1 53 1
1 1230 1 59 1
1 1230 1 70 1
1 1230 2 44 1
1 1230 2 45 1
1 1230 2 46 1
1 1230 2 47 2
1 1230 2 53 1
1 1230 2 54 1
1 1230 2 61 1
1 1230 2 62 1
1 1231 1 74 1
1 1231 2 79 1
1 1232 1 79 1
1 1232 2 65 1
1 1232 2 71 1
7 1233 2 75 1
7 1234 2 62 1
7 1235 2 63 1
7 1235 2 73 1
7 1236 2 61 1
7 1237 2 73 1
7 1238 2 61 1
7 1239 2 73 1
7 1240 2 67 1
3 1241 1 56 1
3 1241 1 58 1
3 1241 1 60 2
3 1241 1 61 1
3 1241 1 64 1
3 1241 1 66 2
3 1241 1 68 1
3 1241 1 72 1
3 1241 2 47 1
3 1241 2 56 1
3 1241 2 58 1
3 1241 2 59 1
3 1241 2 64 1
3 1241 2 66 1
3 1241 2 67 2
3 1241 2 71 1
3 1241 2 86 1
3 1242 1 86 1
3 1243 1 70 1
3 1244 1 61 1
3 1245 1 59 1
6 1246 2 64 1
1 1247 2 67 1
1 1248 2 47 1
7 1249 1 57 1
7 1250 1 63 1
7 1250 1 68 1
7 1250 1 72 1
7 1251 1 60 1
7 1252 1 63 1
7 1252 1 65 1
7 1253 2 67 1
7 1254 1 74 1
7 1255 1 56 1
7 1256 1 58 1
7 1256 2 59 1
7 1256 2 61 1
7 1257 1 70 1
7 1257 2 57 1
7 1257 2 62 1
7 1257 2 63 1
1 1258 1 84 1
1 1258 1 85 1
1 1258 2 50 1
1 1258 2 59 1
7 1259 2 71 1
1 1260 1 35 1
1 1260 2 50 1
1 1260 2 64 1
1 1260 2 68 1
1 1260 2 85 1
1 1260 3 94 1
7 1261 1 63 1
7 1261 2 60 1
7 1262 2 65 1
1 1263 1 66 1
7 1264 1 41 1
1 1265 2 72 1
1 1266 2 92 1
1 1267 1 59 1
1 1267 1 63 1
1 1267 1 71 1
1 1267 2 57 1
1 1267 2 64 1
1 1268 1 62 1
1 1268 2 62 1
1 1268 2 67 1
1 1269 1 60 2
1 1269 2 52 2
1 1270 1 62 1
1 1271 1 57 1
1 1271 2 68 1
1 1272 1 57 1
1 1272 2 52 1
1 1272 2 65 1
1 1273 2 60 1
1 1273 2 61 2
1 1273 2 85 1
1 1274 1 49 1
1 1274 1 59 1
1 1274 2 55 1
1 1274 2 78 1
1 1275 1 73 1
1 1275 1 81 1
1 1275 2 52 1
1 1275 2 76 1
1 1276 1 74 1
1 1276 2 60 1
1 1276 2 66 1
1 1277 2 63 1
1 1277 2 66 1
7 1278 1 66 1
1 1279 1 55 1
1 1279 1 63 1
1 1279 1 64 1
1 1280 1 86 1
1 1280 2 74 1
1 1281 2 74 1
1 1281 2 80 1
1 1282 1 67 1
1 1282 2 65 1
1 1283 2 68 1
1 1284 1 59 1
1 1285 2 48 1
1 1286 2 64 1
1 1286 2 75 1
1 1287 2 76 1
1 1288 1 63 1
1 1288 1 67 1
1 1288 1 74 1
1 1288 1 77 1
1 1288 2 65 1
1 1289 1 67 1
1 1289 1 77 1
1 1289 2 48 1
1 1289 2 66 1
1 1289 2 69 1
1 1290 1 65 1
1 1290 1 74 1
1 1290 2 63 1
1 1290 2 87 1
1 1291 1 67 1
1 1291 1 89 1
1 1291 2 67 1
1 1291 2 75 1
1 1292 1 71 1
7 1293 1 63 1
7 1294 2 63 1
7 1295 2 58 1
7 1296 1 65 1
1 1297 1 68 1
7 1298 1 59 1
7 1298 1 64 1
7 1298 1 65 1
7 1298 2 59 1
7 1298 2 62 1
7 1298 2 65 1
7 1298 2 71 1
7 1298 2 80 1
7 1299 1 65 1
7 1299 1 75 1
7 1299 2 59 2
7 1299 2 60 1
7 1299 2 61 1
7 1299 2 64 1
7 1300 1 61 1
7 1300 1 62 1
7 1300 1 66 1
7 1300 1 71 1
7 1300 2 59 1
7 1300 2 61 1
7 1300 2 63 1
7 1300 2 79 1
7 1301 1 81 1
7 1301 2 56 1
7 1301 2 61 1
7 1301 2 62 1
7 1301 2 64 1
7 1302 2 51 1
7 1302 2 71 1
7 1303 2 61 1
1 1304 2 60 1
1 1304 2 76 1
1 1304 2 83 1
7 1305 1 58 1
7 1305 2 67 1
7 1306 1 60 1
7 1306 1 93 1
7 1307 1 55 1
7 1307 1 83 1
7 1308 1 64 1
7 1308 1 66 1
7 1308 1 69 1
7 1308 1 72 1
7 1309 2 74 1
7 1310 2 59 1
1 1311 1 73 1
1 1311 2 41 1
1 1311 2 66 1
1 1311 2 77 1
1 1311 2 84 1
1 1312 1 65 1
1 1312 1 71 1
1 1312 2 80 1
7 1313 2 61 1
7 1314 2 79 1
1 1315 1 48 1
1 1315 1 71 1
1 1315 2 59 1
1 1315 2 67 1
1 1315 2 80 1
7 1316 2 60 1
7 1317 2 65 1
7 1318 2 52 1
7 1318 2 65 1
7 1319 2 63 1
7 1319 2 65 1
7 1320 1 59 1
7 1320 1 64 1
7 1320 2 56 1
7 1321 1 40 1
7 1321 1 74 1
7 1322 2 74 1
7 1323 1 59 1
7 1323 1 65 1
7 1324 1 59 1
7 1324 1 65 1
7 1325 1 42 1
7 1325 1 47 1
7 1326 1 64 1
7 1327 2 64 1
7 1327 2 67 1
1 1328 2 69 1
7 1329 1 62 1
1 1330 2 67 1
7 1331 1 73 1
7 1332 2 52 1
7 1332 2 86 1
7 1333 1 66 1
7 1334 2 60 1
7 1335 2 68 1
7 1336 2 63 1
7 1337 1 58 1
7 1337 1 59 1
7 1337 1 60 1
7 1337 1 65 1
7 1337 2 57 1
7 1337 2 59 1
7 1338 2 52 1
7 1338 2 58 1
7 1338 2 62 2
7 1338 2 66 1
7 1338 2 70 1
7 1339 1 56 1
7 1339 1 57 1
7 1339 1 64 1
7 1339 1 81 1
7 1339 2 56 1
7 1339 2 60 1
7 1339 2 61 1
7 1339 2 63 1
7 1339 2 70 1
7 1339 2 79 1
7 1340 1 60 1
7 1340 1 62 1
7 1340 1 63 1
7 1340 2 53 1
7 1340 2 54 1
7 1340 2 58 1
7 1340 2 59 1
7 1340 2 60 1
7 1340 2 65 1
7 1340 2 69 1
7 1341 2 57 1
7 1341 2 59 1
7 1341 2 63 1
7 1342 1 61 1
7 1342 1 68 1
7 1343 1 62 1
7 1343 1 63 1
7 1343 2 55 1
7 1344 2 67 1
7 1344 2 83 1
1 1345 2 67 1
1 1346 1 75 1
1 1347 2 82 1
1 1348 2 59 1
1 1349 1 73 1
1 1349 2 74 1
1 1349 2 79 1
1 1349 2 83 1
1 1350 1 51 1
1 1350 1 82 1
1 1350 2 62 1
1 1350 2 70 1
1 1350 2 85 1
1 1351 1 69 1
1 1351 2 49 1
1 1351 2 56 1
7 1352 1 57 1
7 1353 1 60 1
7 1354 2 61 1
7 1355 1 57 1
7 1355 2 58 1
7 1356 2 62 1
7 1356 2 65 1
7 1357 2 69 1
7 1358 2 59 1
7 1359 2 52 1
7 1360 1 52 1
7 1361 1 62 1
7 1362 2 62 1
7 1363 2 59 1
1 1364 2 73 1
7 1365 1 59 1
1 1366 1 80 1
7 1367 1 66 1
1 1368 1 65 1
1 1368 1 69 1
1 1368 2 68 1
1 1368 2 74 1
1 1369 1 66 1
1 1369 2 60 1
1 1369 2 68 1
1 1369 2 70 1
1 1369 2 71 1
7 1370 2 72 1
7 1371 1 63 1
7 1372 2 65 1
7 1373 1 71 1
7 1374 1 65 1
7 1374 2 68 1
7 1375 1 69 1
7 1375 2 61 1
1 1376 2 49 1
7 1377 1 56 1
7 1377 1 59 1
7 1377 1 60 1
7 1377 1 68 1
7 1377 1 70 1
7 1377 2 51 1
7 1377 2 61 1
7 1377 2 67 1
7 1378 2 64 1
7 1378 2 66 1
7 1378 2 68 1
1 1379 1 86 1
1 1380 1 82 1
1 1381 2 86 1
1 1382 2 63 1
1 1383 1 60 1
1 1383 2 64 1
1 1384 1 60 1
1 1384 1 73 1
1 1384 2 61 1
1 1384 2 64 1
1 1384 2 67 1
1 1384 2 82 1
1 1385 1 98 1
1 1385 2 67 1
1 1385 2 80 1
1 1386 1 55 1
1 1386 2 69 1
1 1387 1 74 1
1 1387 2 59 1
1 1387 2 68 1
1 1388 1 84 1
1 1388 2 68 1
1 1389 1 73 1
7 1390 1 65 1
7 1391 1 51 1
7 1392 1 52 1
7 1392 1 61 1
7 1393 1 65 1
7 1393 2 62 1
7 1394 1 67 1
1 1395 2 74 1
7 1396 1 61 1
7 1397 1 41 1
7 1397 1 68 1
7 1398 1 68 1
7 1399 1 56 1
7 1400 2 54 1
1 1401 3 86 1
7 1402 1 55 1
7 1402 2 70 1
7 1403 1 50 1
7 1403 1 62 1
1 1404 1 69 1
7 1405 1 59 1
7 1405 1 71 1
1 1406 1 61 1
1 1407 2 56 1
1 1408 1 92 1
1 1409 1 66 1
1 1410 2 69 1
1 1411 1 73 1
1 1411 1 87 1
1 1412 2 72 1
1 1413 2 63 1
1 1414 2 67 1
7 1415 2 55 1
7 1415 2 68 1
7 1416 2 69 1
7 1417 2 58 1
7 1418 2 76 1
1 1419 2 82 1
7 1420 1 61 1
7 1420 2 57 1
7 1420 2 61 1
7 1420 2 75 1
7 1421 1 44 1
7 1421 2 71 1
1 1422 2 61 1
7 1423 1 58 1
7 1423 1 59 1
7 1423 2 56 1
1 1424 2 48 1
1 1424 2 68 1
1 1425 2 65 1
7 1426 2 64 1
7 1427 1 68 1
7 1428 1 63 1
7 1428 1 69 1
7 1428 2 61 1
7 1429 1 62 1
7 1429 1 67 1
7 1429 1 69 1
7 1429 1 85 1
7 1429 2 61 1
7 1429 2 64 1
7 1430 2 61 1
7 1431 1 71 1
7 1431 2 92 1
1 1432 2 74 1
1 1433 2 83 1
1 1434 2 90 1
1 1435 1 80 1
1 1435 2 57 1
1 1436 2 79 1
7 1437 2 77 1
7 1438 2 59 1
7 1439 1 65 1
7 1440 2 52 1
7 1440 2 59 1
7 1440 2 61 2
7 1440 2 83 1
7 1441 2 51 1
3 1442 1 88 1
3 1443 2 77 1
3 1444 2 23 1
3 1445 1 26 1
3 1446 1 69 1
9 1447 2 81 1
9 1448 2 68 1
9 1448 2 78 1
9 1449 2 60 1
9 1450 2 60 1
9 1450 2 68 1
3 1451 2 72 1
3 1452 1 83 1
3 1453 2 72 1
3 1454 1 68 1
3 1455 1 28 1
3 1456 1 80 1
3 1457 1 44 1
3 1458 2 64 1
3 1458 2 93 1
6 1459 1 79 1
3 1460 1 48 1
3 1460 1 79 1
3 1460 2 63 1
3 1461 1 58 1
3 1462 1 35 1
3 1463 1 24 1
3 1463 1 29 1
3 1463 2 45 1
3 1464 1 67 1
3 1465 1 40 1
3 1465 1 43 1
3 1466 1 23 1
3 1466 2 67 1
3 1467 1 38 1
3 1468 1 57 1
3 1469 1 69 1
6 1470 2 71 1
3 1471 1 75 1
3 1472 1 83 1
6 1473 2 78 1
3 1474 2 59 1
7 1475 2 79 1
7 1476 2 70 1
7 1476 2 73 1
7 1477 1 59 1
7 1478 2 57 1
7 1479 1 53 1
7 1479 1 55 1
7 1479 1 57 1
7 1479 1 62 1
7 1479 1 74 1
7 1479 2 53 1
7 1479 2 57 1
7 1479 2 59 1
7 1479 2 61 1
7 1479 2 67 1
7 1479 2 86 1
7 1480 1 61 1
7 1480 2 59 1
7 1480 2 68 1
7 1481 1 60 1
7 1481 1 62 1
7 1481 1 66 2
7 1481 2 58 1
7 1481 2 59 1
7 1481 2 62 1
7 1482 1 62 1
7 1482 1 76 1
7 1482 2 56 1
7 1482 2 59 1
1 1483 1 63 1
1 1483 2 63 1
1 1483 2 67 1
1 1484 1 53 1
1 1484 1 70 1
1 1484 2 56 1
1 1484 2 65 2
1 1485 1 60 2
1 1485 1 71 1
1 1485 2 49 1
1 1485 2 50 1
1 1485 2 66 3
1 1486 1 53 1
1 1486 2 56 1
1 1486 2 58 1
1 1486 2 59 1
1 1486 2 63 1
1 1486 2 64 1
1 1486 2 67 1
1 1487 1 60 1
1 1487 1 69 1
1 1487 2 59 1
1 1487 2 73 1
1 1488 2 67 1
1 1488 2 69 1
1 1489 1 54 1
1 1489 2 50 1
1 1490 2 40 1
1 1490 2 81 1
1 1490 2 89 1
7 1491 1 48 1
7 1491 1 61 1
7 1491 1 64 1
7 1491 2 62 1
7 1491 2 76 1
1 1492 1 80 1
1 1492 2 70 1
1 1493 2 79 1
1 1494 1 65 1
1 1494 2 83 1
1 1495 1 60 1
1 1495 2 65 1
1 1496 2 66 1
1 1496 2 73 1
1 1497 1 69 1
1 1497 2 69 1
1 1497 2 78 1
1 1498 2 70 1
1 1498 2 84 1
7 1499 1 45 1
7 1499 1 56 1
7 1499 2 73 1
1 1500 1 70 1
1 1500 2 48 1
1 1500 2 66 1
1 1500 2 75 1
1 1500 2 76 1
1 1501 1 61 1
1 1501 2 48 1
1 1501 2 63 1
1 1502 1 73 1
1 1502 1 80 1
1 1502 1 90 1
1 1502 2 63 1
1 1503 2 63 1
1 1504 2 61 1
7 1505 1 57 1
1 1506 2 61 1
7 1507 2 58 1
7 1507 2 78 1
1 1508 2 64 1
1 1508 2 77 1
7 1509 2 63 1
1 1510 1 76 1
1 1510 2 61 1
7 1511 1 40 1
7 1511 1 54 1
7 1511 1 57 1
7 1511 2 85 1
1 1512 2 54 1
7 1513 2 67 1
7 1514 1 57 1
7 1514 2 67 1
7 1515 1 61 1
7 1515 1 63 1
7 1516 1 72 1
7 1516 2 61 1
7 1517 1 53 1
1 1518 2 26 1
7 1519 1 62 1
7 1519 2 50 1
7 1520 2 62 1
7 1521 1 64 1
7 1521 1 71 1
7 1521 1 72 1
7 1521 2 63 1
7 1522 1 67 1
7 1522 2 60 1
7 1522 2 62 1
7 1522 2 63 1
7 1523 1 62 1
7 1523 1 69 1
7 1523 2 61 1
7 1523 2 65 1
1 1524 1 67 1
1 1524 1 68 1
1 1524 2 47 1
1 1524 2 51 1
1 1524 2 64 2
1 1524 2 67 1
1 1524 2 78 1
7 1525 1 54 1
7 1525 2 40 1
7 1525 2 58 1
7 1526 1 61 1
7 1526 1 67 1
7 1526 2 62 1
7 1527 2 55 1
7 1528 2 63 1
7 1529 1 62 1
7 1530 1 63 1
7 1531 2 57 1
7 1532 1 73 1
7 1533 1 55 1
7 1533 1 60 1
7 1534 1 39 1
1 1535 1 45 1
1 1535 2 60 1
1 1535 2 63 1
1 1535 2 64 1
1 1535 2 68 1
1 1535 2 69 1
1 1535 2 72 1
1 1535 2 88 1
7 1536 1 41 1
7 1536 2 40 1
7 1536 2 68 1
7 1537 2 58 1
7 1538 1 65 1
1 1539 1 33 1
1 1539 1 44 1
1 1539 1 62 1
1 1539 1 80 1
1 1539 1 84 1
1 1539 2 59 2
1 1539 2 77 1
1 1540 1 44 1
1 1540 1 49 1
1 1540 1 68 1
1 1540 2 59 2
1 1540 2 64 1
1 1540 2 68 1
1 1540 2 69 1
1 1540 2 73 1
2 1541 2 63 1
2 1541 2 70 1
2 1542 2 59 1
8 1543 2 53 1
2 1544 2 59 1
2 1545 1 63 1
2 1546 1 49 1
2 1546 1 66 1
2 1546 2 66 1
2 1546 2 82 1
2 1547 1 77 1
2 1548 1 49 1
2 1548 1 68 1
2 1548 1 76 1
2 1548 2 51 1
2 1548 2 56 1
2 1548 2 61 1
2 1549 2 58 1
2 1550 2 65 1
2 1551 2 62 1
8 1552 1 80 1
8 1552 2 77 1
2 1553 2 56 1
8 1554 2 64 1
2 1555 2 60 1
2 1556 2 65 1
2 1557 1 74 1
2 1557 2 58 1
2 1558 1 81 1
8 1559 1 65 1
2 1560 1 61 1
2 1561 2 49 1
2 1562 1 76 1
2 1563 2 88 1
8 1564 2 61 1
8 1565 2 62 1
8 1566 2 75 1
2 1567 1 63 1
8 1568 1 57 1
8 1569 2 59 1
8 1570 2 65 1
8 1570 2 68 1
8 1571 1 61 1
8 1571 1 65 1
8 1571 2 61 1
8 1572 1 57 1
8 1572 1 62 1
8 1572 2 59 1
8 1572 2 66 1
8 1573 1 58 1
8 1573 1 63 2
8 1573 2 58 1
8 1573 2 60 1
8 1573 2 61 1
8 1574 2 61 1
8 1575 1 67 1
8 1575 1 70 1
8 1575 2 55 1
8 1575 2 57 1
8 1576 1 81 1
8 1577 1 60 1
8 1577 2 60 1
2 1578 1 66 1
8 1579 1 77 1
8 1579 2 56 1
8 1580 2 85 1
8 1581 1 34 1
8 1582 1 56 1
8 1582 1 58 1
2 1583 2 58 1
8 1584 1 67 1
8 1584 1 69 1
8 1584 2 62 1
8 1585 1 65 1
8 1585 2 63 1
8 1586 1 62 1
8 1586 2 62 1
8 1586 2 63 1
8 1587 1 54 1
8 1587 1 71 1
8 1587 2 55 1
8 1587 2 56 1
8 1587 2 61 1
8 1588 1 39 1
8 1588 2 56 1
2 1589 2 31 1
8 1590 1 64 1
8 1591 2 62 1
8 1592 2 60 1
8 1593 1 60 1
2 1594 2 65 1
2 1594 2 66 1
8 1595 1 78 1
8 1596 1 52 1
8 1596 2 45 1
8 1596 2 57 1
8 1597 1 57 1
8 1597 1 62 1
8 1597 1 73 1
8 1598 2 58 1
8 1599 1 62 1
8 1599 2 59 1
8 1600 1 58 1
8 1601 2 55 1
8 1602 1 58 1
8 1602 1 72 1
8 1602 2 36 1
8 1602 2 50 1
8 1603 1 65 1
8 1603 1 72 1
8 1604 1 43 1
8 1605 2 62 1
8 1606 1 47 1
8 1606 1 48 1
8 1607 1 53 1
8 1607 2 28 1
8 1607 2 49 1
8 1607 2 55 1
8 1608 1 57 1
8 1608 2 52 1
8 1608 2 61 1
8 1609 1 47 2
8 1609 2 59 1
2 1610 2 65 1
2 1611 1 57 1
2 1612 1 36 1
2 1612 2 60 1
2 1612 2 66 1
2 1613 1 22 1
2 1614 1 40 1
2 1614 1 41 3
2 1614 1 42 1
2 1614 1 43 4
2 1614 1 44 3
2 1614 1 45 1
2 1614 1 46 1
2 1614 1 47 1
2 1614 2 40 1
2 1614 2 42 1
2 1614 2 45 1
2 1614 2 46 1
2 1614 2 48 1
2 1614 2 88 1
2 1615 2 57 1
2 1615 2 68 1
2 1616 2 67 1
2 1617 2 69 1
2 1618 1 65 1
2 1619 2 51 1
2 1619 2 60 2
2 1619 2 62 1
2 1619 2 63 1
2 1620 2 44 1
2 1621 2 65 1
2 1622 2 66 1
2 1623 1 61 1
2 1623 1 69 1
2 1623 2 58 1
2 1623 2 69 1
5 1624 2 60 1
2 1625 1 45 1
2 1625 1 49 1
2 1625 1 61 1
2 1625 1 63 1
2 1625 1 74 1
6 1626 1 67 1
6 1626 2 79 1
3 1627 2 43 1
6 1628 1 63 2
6 1628 1 77 1
3 1629 2 65 1
3 1630 1 70 1
3 1630 1 86 1
3 1631 2 66 1
3 1632 2 45 1
3 1632 2 47 1
3 1633 2 54 1
3 1634 2 60 1
3 1634 2 63 1
6 1635 2 81 1
3 1636 1 66 1
3 1637 1 65 1
3 1638 2 60 1
3 1639 1 63 1
9 1640 1 57 1
3 1641 2 54 1
3 1642 1 56 1
9 1643 1 65 1
3 1644 2 88 1
3 1645 1 44 1
3 1645 1 55 1
3 1645 2 57 1
3 1646 1 51 1
3 1646 2 52 1
3 1646 2 54 1
9 1647 1 64 1
9 1648 1 57 1
3 1649 1 54 1
3 1650 1 51 1
9 1651 2 60 1
3 1652 1 58 1
3 1653 1 52 1
3 1654 1 49 1
3 1654 1 58 1
3 1654 1 83 1
3 1654 2 49 1
3 1655 1 48 1
9 1656 1 62 1
9 1656 1 65 1
9 1657 1 57 1
9 1657 1 61 1
9 1657 2 73 1
6 1658 1 65 1
6 1659 1 66 1
6 1659 2 68 1
6 1660 1 62 1
6 1660 2 65 1
6 1661 1 69 1
6 1662 2 61 1
6 1663 2 64 1
6 1664 2 68 1
6 1665 2 54 1
6 1666 1 73 1
6 1667 1 64 1
6 1667 1 69 1
6 1667 2 67 1
6 1667 2 70 1
6 1668 2 79 1
6 1669 1 60 1
6 1669 1 62 1
6 1669 1 69 1
6 1669 2 56 1
6 1669 2 81 1
6 1670 1 63 1
6 1670 2 63 1
6 1671 2 62 1
6 1672 1 58 1
6 1672 2 62 1
6 1672 2 68 1
3 1673 1 61 1
3 1674 1 65 1
3 1675 2 65 1
3 1676 1 65 1
3 1677 1 53 1
3 1677 1 54 1
3 1678 2 28 1
3 1679 1 52 1
3 1680 1 47 1
3 1680 2 48 1
3 1681 1 47 1
3 1681 1 51 1
3 1681 1 52 1
3 1682 2 49 1
3 1682 2 65 1
3 1683 2 57 1
3 1684 2 50 1
3 1685 2 58 1
3 1686 1 49 1
3 1687 1 51 1
3 1688 1 54 1
6 1689 1 77 1
3 1690 2 61 1
3 1691 2 67 1
6 1692 1 56 1
6 1692 1 68 1
3 1693 1 50 1
6 1694 1 59 1
3 1695 1 55 1
3 1696 1 65 1
3 1697 1 47 1
3 1697 1 49 1
3 1697 1 52 1
3 1697 1 54 1
3 1697 2 49 1
3 1697 2 53 1
3 1698 1 51 1
3 1698 1 53 1
3 1698 2 57 1
6 1699 1 83 1
6 1699 1 86 1
6 1699 2 83 1
3 1700 2 50 1
3 1700 2 56 1
6 1701 1 65 1
6 1701 2 75 1
3 1702 2 44 1
3 1703 1 46 1
3 1703 1 49 1
3 1703 1 51 1
3 1703 1 54 1
3 1703 2 42 1
3 1703 2 47 1
3 1703 2 48 1
3 1703 2 51 1
6 1704 1 59 1
6 1704 1 66 1
6 1704 2 61 2
6 1704 2 64 1
6 1704 2 87 1
6 1705 2 59 1
6 1705 2 66 1
3 1706 1 50 1
3 1706 1 51 1
3 1706 1 54 1
3 1706 2 49 1
3 1706 2 52 1
6 1707 1 61 1
6 1707 1 74 1
3 1708 1 84 1
3 1708 2 58 1
1 1709 2 71 1
1 1710 1 47 1
1 1711 2 62 1
1 1711 2 67 1
1 1712 2 65 1
1 1712 2 68 1
1 1713 1 65 1
7 1714 1 55 1
7 1714 1 59 1
1 1715 2 72 1
7 1716 2 63 1
1 1717 1 59 1
1 1717 1 62 1
1 1717 1 66 2
1 1717 2 58 1
1 1717 2 60 1
7 1718 1 60 1
7 1718 1 65 1
7 1718 2 61 1
7 1718 2 62 1
7 1718 3 69 1
1 1719 1 42 1
1 1719 1 65 1
1 1719 1 67 1
1 1719 2 44 1
1 1719 2 59 1
1 1719 2 64 1
1 1719 2 65 1
7 1720 1 55 1
7 1720 1 62 1
7 1720 1 69 1
7 1720 2 66 1
1 1721 2 84 1
1 1722 1 55 1
1 1722 1 69 1
1 1722 1 72 1
1 1722 2 64 1
1 1722 2 66 1
7 1723 2 60 1
7 1724 2 64 1
1 1725 1 52 1
1 1725 1 55 1
1 1725 1 68 1
1 1725 1 78 1
1 1725 2 64 1
1 1725 2 65 1
1 1725 2 69 1
1 1725 2 70 1
1 1725 2 91 1
7 1726 1 60 1
7 1726 1 61 1
1 1727 1 52 1
1 1727 1 56 1
1 1727 1 62 1
1 1727 1 77 1
1 1727 1 84 1
1 1727 2 59 1
1 1727 2 65 2
1 1727 2 70 1
7 1728 1 61 1
7 1728 1 63 1
1 1729 1 45 1
1 1729 1 55 1
1 1729 1 67 1
1 1729 2 60 1
1 1729 2 68 1
6 1730 2 58 1
3 1731 2 62 1
3 1732 1 51 1
6 1733 2 81 1
6 1734 1 70 1
6 1734 2 70 1
6 1734 2 75 1
3 1735 1 55 1
6 1736 2 65 1
6 1737 2 70 1
6 1738 2 67 1
6 1738 2 72 1
3 1739 1 43 1
3 1739 1 58 1
3 1739 1 75 1
3 1739 1 78 1
3 1739 2 45 1
3 1739 2 48 1
3 1739 2 52 1
3 1739 2 60 1
3 1739 2 61 1
3 1739 2 62 1
3 1739 2 65 4
3 1739 2 69 1
3 1739 2 73 1
3 1740 1 71 1
3 1740 2 68 1
6 1741 1 69 1
6 1741 2 71 1
3 1742 1 52 1
3 1742 1 62 1
3 1742 2 54 1
3 1742 2 63 1
3 1742 2 77 1
6 1743 2 68 1
6 1743 2 72 1
3 1744 1 50 2
3 1744 1 63 1
3 1745 1 48 1
3 1745 1 51 1
3 1745 1 53 1
3 1745 1 58 1
3 1745 2 40 1
3 1745 2 47 1
3 1745 2 52 1
3 1745 2 61 1
3 1745 2 65 1
3 1745 2 71 1
3 1746 1 57 1
3 1746 1 67 1
3 1746 1 68 1
3 1746 2 58 1
3 1746 2 60 1
3 1746 2 63 1
3 1746 2 64 1
3 1746 2 87 1
3 1747 1 55 1
3 1747 1 56 1
3 1748 1 46 1
3 1748 1 49 1
3 1748 1 51 1
3 1748 1 52 1
3 1748 1 53 2
3 1748 1 54 1
3 1748 1 55 1
3 1748 1 56 3
3 1748 1 57 1
3 1748 1 58 2
3 1748 1 60 1
3 1748 1 63 1
3 1748 1 65 2
3 1748 1 66 1
3 1748 1 67 1
3 1748 1 71 1
3 1748 1 72 1
3 1748 1 78 1
3 1748 2 48 1
3 1748 2 50 2
3 1748 2 54 1
3 1748 2 58 6
3 1748 2 59 1
3 1748 2 60 2
3 1748 2 61 2
3 1748 2 62 7
3 1748 2 63 3
3 1748 2 65 1
3 1748 2 66 1
3 1748 2 68 2
3 1748 2 69 2
3 1748 2 72 1
3 1749 2 76 1
3 1750 1 45 1
3 1751 1 66 1
6 1752 1 62 1
6 1752 2 64 1
6 1753 1 68 1
6 1753 1 70 1
6 1753 1 78 1
6 1753 1 80 1
6 1753 2 64 1
6 1753 2 65 1
6 1753 2 75 2
6 1753 2 89 1
3 1754 2 53 1
6 1755 1 67 2
6 1755 2 64 1
6 1755 2 68 1
6 1755 2 69 1
6 1755 2 73 1
6 1755 2 75 1
6 1755 2 76 1
6 1755 2 87 1
6 1756 1 65 1
6 1756 2 63 1
6 1756 2 66 1
6 1756 2 68 1
6 1756 2 70 1
6 1756 2 72 1
6 1756 2 76 1
6 1756 2 77 1
6 1756 2 87 1
3 1757 2 71 1
3 1757 2 82 1
6 1758 2 78 1
3 1759 2 49 1
3 1759 2 51 1
3 1759 2 52 1
3 1759 2 62 1
6 1760 2 82 1
3 1761 1 30 1
3 1761 1 41 1
3 1761 1 47 1
3 1761 1 48 1
3 1761 1 51 1
3 1761 1 52 1
3 1761 1 53 1
3 1761 1 54 1
3 1761 1 56 1
3 1761 1 57 1
3 1761 1 62 1
3 1761 1 63 3
3 1761 1 64 2
3 1761 1 65 2
3 1761 1 67 1
3 1761 1 68 1
3 1761 1 75 2
3 1761 1 89 1
3 1761 2 30 1
3 1761 2 47 2
3 1761 2 50 1
3 1761 2 51 1
3 1761 2 53 2
3 1761 2 57 2
3 1761 2 59 2
3 1761 2 60 2
3 1761 2 61 2
3 1761 2 65 3
3 1761 2 66 1
3 1761 2 70 1
3 1761 2 72 1
3 1761 2 75 2
3 1761 2 78 2
3 1762 2 50 1
3 1763 1 42 1
3 1763 2 49 1
3 1764 1 73 1
3 1765 2 42 1
3 1766 2 55 1
3 1766 2 62 1
3 1766 2 79 1
3 1767 1 54 1
3 1768 1 72 1
3 1768 2 77 1
3 1769 1 52 1
3 1769 1 55 1
3 1769 1 56 2
3 1769 1 61 2
3 1769 1 63 1
3 1769 1 64 2
3 1769 1 66 1
3 1769 1 68 2
3 1769 1 69 1
3 1769 1 73 1
3 1769 1 74 1
3 1769 1 75 2
3 1769 1 79 1
3 1769 1 80 1
3 1769 2 45 1
3 1769 2 50 1
3 1769 2 52 1
3 1769 2 53 1
3 1769 2 54 1
3 1769 2 55 3
3 1769 2 58 3
3 1769 2 59 2
3 1769 2 60 1
3 1769 2 61 3
3 1769 2 62 1
3 1769 2 63 2
3 1769 2 64 1
3 1769 2 65 2
3 1769 2 66 1
3 1769 2 67 4
3 1769 2 68 2
3 1769 2 69 1
3 1769 2 70 1
3 1770 1 52 1
3 1771 3 26 1
3 1772 1 49 1
3 1772 2 63 1
3 1773 2 60 1
3 1774 3 60 1
3 1774 3 65 1
3 1774 3 75 1
3 1775 2 47 1
3 1776 1 46 1
3 1776 1 62 1
3 1776 1 67 1
3 1776 2 63 1
3 1777 1 42 1
3 1777 2 80 1
3 1778 1 46 1
3 1778 1 48 1
3 1778 1 49 1
3 1778 2 48 1
3 1778 2 71 1
3 1778 2 85 1
3 1779 1 50 1
3 1780 1 48 1
3 1780 2 54 1
3 1780 2 67 1
3 1781 1 36 1
3 1781 2 52 1
3 1782 1 47 1
9 1783 2 86 1
3 1784 1 51 1
3 1784 2 55 1
3 1784 2 57 1
3 1784 2 59 1
3 1784 2 65 1
3 1785 2 81 1
3 1786 1 58 1
3 1787 1 42 1
9 1788 2 58 1
3 1789 2 56 1
9 1790 1 64 1
9 1790 2 54 1
3 1791 1 42 1
3 1791 1 68 1
9 1792 2 44 1
6 1793 1 59 1
6 1793 2 64 1
6 1793 2 67 1
6 1793 2 69 1
6 1793 2 80 1
6 1794 1 66 1
6 1794 1 73 1
6 1794 2 72 1
6 1795 1 49 1
6 1795 1 63 1
6 1795 2 64 1
3 1796 1 54 1
6 1797 1 64 1
6 1798 1 68 1
6 1798 1 70 1
6 1798 2 58 1
6 1798 2 62 1
6 1799 2 74 1
6 1800 2 58 1
6 1800 2 64 1
3 1801 1 67 1
6 1802 2 57 1
6 1802 2 64 1
6 1803 1 58 1
6 1803 1 60 1
6 1803 2 57 1
6 1803 2 63 1
6 1803 2 64 1
6 1804 1 59 1
6 1805 2 57 1
6 1806 2 65 1
6 1807 1 78 1
6 1808 1 49 1
6 1808 1 65 1
6 1808 1 66 1
6 1808 2 63 1
6 1809 1 65 1
6 1809 2 59 1
6 1810 2 58 1
6 1810 2 83 1
6 1811 1 63 1
6 1812 2 52 1
6 1813 1 68 1
6 1814 1 67 1
6 1815 2 58 1
6 1815 2 62 1
6 1816 2 60 1
6 1817 1 57 1
6 1817 1 61 1
6 1817 1 66 1
6 1817 2 62 1
6 1817 2 65 1
6 1817 2 77 1
6 1818 1 63 1
6 1818 1 76 1
6 1818 2 56 2
6 1818 2 64 1
6 1818 2 73 1
6 1819 1 81 1
6 1820 2 81 1
3 1821 2 65 1
6 1822 2 58 2
6 1823 2 56 1
6 1823 2 61 1
6 1824 1 60 1
6 1824 1 61 1
6 1824 2 63 1
6 1824 2 72 1
6 1824 2 75 1
6 1825 1 75 1
6 1825 1 78 1
6 1825 2 62 1
6 1825 2 66 1
6 1825 2 69 1
6 1826 1 52 1
6 1826 2 62 1
6 1826 2 63 1
6 1826 2 70 1
6 1826 2 81 1
6 1827 1 64 1
6 1828 1 53 1
6 1829 1 57 1
6 1829 1 66 1
6 1829 1 67 1
6 1829 1 70 1
6 1830 1 55 1
6 1830 1 60 1
6 1830 1 66 1
6 1830 1 68 1
6 1830 1 78 1
6 1830 2 56 1
3 1831 2 72 1
3 1832 3 58 1
3 1832 3 60 1
3 1832 3 62 1
3 1832 3 76 1
3 1832 3 77 1
3 1833 1 60 1
3 1833 1 64 1
3 1833 2 52 1
3 1833 2 64 1
3 1834 1 48 1
3 1834 1 49 1
3 1834 1 56 1
3 1834 1 60 1
3 1834 1 65 1
3 1834 2 52 1
3 1834 2 60 1
3 1834 2 63 1
3 1834 2 64 1
3 1834 2 78 1
3 1835 1 56 1
3 1835 1 64 1
3 1835 2 48 1
3 1835 2 54 1
3 1836 2 52 1
3 1836 2 66 1
3 1837 2 66 1
3 1838 2 48 1
3 1838 3 27 1
3 1839 1 64 1
3 1839 1 79 1
3 1839 2 44 1
3 1839 2 48 1
3 1839 2 49 1
3 1839 2 56 1
3 1840 1 46 1
3 1840 1 47 1
3 1840 1 48 1
3 1840 1 50 2
3 1840 1 54 1
3 1840 1 59 1
3 1840 1 62 1
3 1840 2 47 1
3 1840 2 58 1
3 1840 2 60 1
3 1840 2 68 1
3 1840 3 29 1
3 1841 1 48 1
3 1841 1 49 1
3 1841 1 51 1
3 1841 1 58 1
3 1841 1 63 1
3 1841 2 44 1
3 1841 2 46 1
3 1841 2 47 1
3 1841 2 48 1
3 1841 2 50 1
3 1841 2 51 1
3 1841 2 53 1
3 1841 2 59 1
3 1841 2 60 2
3 1841 2 61 1
3 1841 2 62 1
3 1841 2 63 1
3 1841 2 66 1
3 1842 1 72 1
3 1843 1 30 1
3 1843 1 43 2
3 1843 1 48 1
3 1843 1 52 1
3 1843 1 54 1
3 1843 1 55 1
3 1843 1 60 1
3 1843 1 61 1
3 1843 1 63 1
3 1843 1 67 1
3 1843 1 70 1
3 1843 1 73 1
3 1843 1 74 1
3 1843 2 61 2
3 1843 2 63 1
3 1843 2 66 1
3 1843 2 67 1
3 1843 2 70 1
3 1843 2 72 1
3 1844 2 46 1
6 1845 1 79 1
6 1845 2 72 1
3 1846 2 70 1
3 1847 1 60 1
3 1847 1 69 1
3 1847 2 52 2
3 1847 2 69 1
3 1847 2 75 1
3 1848 1 48 1
6 1849 1 71 1
3 1850 1 79 1
3 1850 2 68 1
3 1851 1 69 1
3 1852 2 60 1
3 1852 2 62 1
3 1852 2 68 1
3 1853 1 63 1
3 1853 1 64 1
3 1853 1 77 1
3 1853 2 49 1
3 1853 2 55 1
3 1853 2 56 1
3 1854 1 50 1
3 1854 1 59 1
3 1855 2 65 1
3 1856 2 80 1
3 1857 1 45 1
3 1858 1 67 1
3 1859 1 70 1
3 1860 2 69 1
3 1860 2 79 1
3 1861 2 61 1
3 1862 2 51 1
3 1862 2 71 1
3 1862 2 81 1
3 1863 1 50 2
3 1863 1 51 1
3 1863 1 57 1
3 1863 1 60 1
3 1863 1 64 1
3 1863 1 68 1
3 1863 1 73 1
3 1863 2 56 1
3 1863 2 61 1
3 1863 2 69 1
3 1864 1 62 1
3 1864 1 65 1
3 1864 2 51 1
3 1865 1 69 1
3 1865 2 57 1
3 1866 1 49 4
3 1866 1 61 1
3 1866 2 43 1
3 1866 2 51 1
3 1867 1 65 1
3 1867 1 69 1
3 1867 2 47 1
3 1867 2 48 1
3 1867 2 49 1
3 1867 2 55 1
3 1868 1 51 1
3 1868 1 52 1
3 1868 1 74 1
3 1868 2 59 1
3 1869 1 49 1
3 1869 2 48 1
3 1870 1 43 1
3 1870 1 46 1
3 1870 1 52 1
3 1870 2 45 1
3 1870 2 46 1
3 1870 2 47 1
3 1870 2 48 1
3 1870 2 76 1
3 1871 2 85 1
6 1872 2 109 1
3 1873 1 32 1
3 1873 1 37 1
3 1873 1 46 1
3 1873 1 52 1
3 1873 1 53 1
3 1873 1 64 1
3 1873 1 65 1
3 1873 1 68 1
3 1873 1 73 1
3 1873 2 42 1
3 1873 2 52 1
3 1873 2 63 1
3 1873 2 65 1
3 1873 3 27 1
3 1874 1 73 1
3 1875 1 63 1
3 1876 1 56 1
3 1876 1 58 1
3 1876 2 53 1
3 1876 2 65 1
3 1877 2 71 1
3 1878 1 86 1
3 1879 2 68 1
3 1880 1 83 1
3 1881 2 56 1
3 1881 2 76 1
3 1882 2 63 1
6 1883 2 67 1
3 1884 1 80 1
3 1885 1 65 1
3 1885 1 67 2
3 1885 1 68 1
3 1885 1 74 1
3 1885 1 81 1
3 1885 2 49 1
3 1885 2 53 1
3 1885 2 63 1
3 1885 2 64 1
3 1885 2 68 1
3 1885 2 74 1
3 1885 2 81 1
3 1886 1 64 1
7 1887 1 60 1
7 1887 1 62 1
7 1887 1 65 1
7 1887 1 71 1
7 1888 1 78 1
7 1888 2 60 1
7 1888 2 70 1
7 1889 1 55 1
7 1889 2 55 1
7 1890 2 63 1
7 1891 2 58 1
7 1892 2 56 1
7 1893 2 56 1
7 1894 1 60 1
1 1895 2 72 1
1 1896 1 70 1
1 1896 1 77 1
1 1897 2 71 1
1 1898 2 61 1
7 1899 1 61 1
7 1900 1 53 1
7 1900 2 56 1
7 1900 2 65 1
7 1900 2 68 1
7 1900 2 82 1
7 1901 1 52 1
7 1901 2 65 1
7 1902 1 48 1
7 1902 2 55 1
7 1902 2 56 1
7 1902 2 61 1
1 1903 1 70 1
1 1903 2 64 1
7 1904 1 64 1
7 1905 1 45 1
7 1905 1 70 1
7 1905 2 42 1
7 1905 2 55 1
7 1905 2 61 1
7 1905 2 73 1
7 1906 1 38 1
7 1906 1 57 1
7 1906 1 61 1
7 1906 2 54 1
7 1906 2 56 1
7 1906 2 69 1
7 1907 1 45 1
7 1907 1 55 1
7 1907 1 63 1
7 1907 2 46 1
7 1907 2 62 1
7 1907 2 81 1
1 1908 1 73 1
1 1908 2 76 2
7 1909 2 54 1
7 1909 2 59 1
1 1910 1 59 1
1 1910 2 51 1
1 1910 2 54 1
1 1910 2 76 1
7 1911 2 55 1
7 1911 2 60 1
7 1911 2 63 1
1 1912 1 35 1
1 1912 1 64 1
1 1912 2 51 1
1 1912 2 72 1
7 1913 1 65 1
7 1913 2 61 1
7 1914 2 66 1
1 1915 1 68 1
7 1916 1 60 1
7 1916 1 64 1
7 1917 2 64 1
7 1918 1 68 1
7 1919 1 69 1
1 1920 2 81 1
1 1921 2 59 1
7 1922 1 66 1
1 1923 1 84 1
7 1924 1 61 1
7 1924 2 50 1
7 1924 2 57 1
7 1925 1 48 1
7 1925 1 61 1
7 1925 2 58 1
7 1926 1 56 1
7 1926 1 59 1
7 1926 1 67 1
7 1926 2 52 1
7 1927 1 66 1
7 1927 2 62 1
1 1928 2 67 1
1 1929 2 73 1
1 1930 2 67 1
1 1931 2 63 1
1 1932 1 66 1
1 1932 2 61 1
7 1933 2 62 1
7 1933 2 64 1
7 1933 2 68 1
7 1933 2 72 1
2 1934 2 91 1
2 1935 1 69 1
2 1936 1 59 1
2 1937 1 54 1
2 1938 1 28 1
2 1939 1 26 1
2 1939 2 24 1
2 1940 1 66 1
2 1941 2 80 1
2 1942 2 83 1
2 1943 2 76 1
2 1943 2 79 1
2 1944 2 78 1
2 1945 2 61 1
2 1946 2 73 1
8 1947 1 63 1
8 1948 2 63 1
8 1949 1 63 1
2 1950 1 58 1
2 1950 1 64 1
8 1951 1 56 1
8 1952 1 64 2
8 1953 1 62 1
2 1954 1 64 1
2 1955 2 80 1
2 1956 1 68 1
2 1957 2 43 1
2 1958 2 62 1
2 1959 1 84 1
2 1960 2 73 1
2 1961 2 65 1
2 1962 2 80 1
7 1963 1 60 1
7 1963 1 69 1
7 1964 1 63 1
7 1965 2 62 1
7 1966 1 64 1
7 1966 2 59 1
7 1967 1 44 1
7 1967 2 62 1
7 1968 1 62 1
1 1969 1 58 1
1 1969 1 71 1
1 1969 2 45 1
1 1969 2 47 1
1 1969 2 57 1
1 1969 2 60 1
1 1969 2 63 1
1 1969 2 65 1
1 1969 2 70 1
1 1969 2 74 1
7 1970 1 57 1
7 1971 1 55 1
7 1971 2 52 1
7 1972 1 66 1
7 1972 2 59 1
7 1973 1 61 1
1 1974 1 42 1
1 1974 1 62 1
1 1974 1 64 1
1 1974 2 44 1
1 1974 2 46 1
1 1974 2 61 1
1 1974 2 64 1
1 1974 2 67 1
1 1974 2 73 2
1 1975 2 60 1
1 1975 2 64 2
1 1975 2 68 1
7 1976 2 80 1
7 1977 1 56 1
7 1978 1 47 1
7 1978 1 58 1
1 1979 1 70 1
1 1979 1 84 1
1 1979 2 59 1
1 1979 2 65 1
1 1979 2 68 1
7 1980 1 56 1
7 1980 2 64 1
7 1980 2 66 1
7 1980 2 81 1
1 1981 1 61 1
1 1981 2 68 1
7 1982 1 46 1
7 1982 1 51 2
7 1982 1 65 1
7 1982 1 70 1
1 1983 1 57 1
1 1983 1 58 1
1 1983 1 61 1
1 1983 1 63 1
1 1983 1 69 1
1 1983 1 78 1
1 1983 2 48 1
1 1983 2 51 1
1 1983 2 58 2
1 1983 2 62 1
1 1983 2 64 1
1 1983 2 65 1
1 1983 2 68 1
1 1983 2 69 2
1 1983 2 71 1
7 1984 1 63 1
7 1984 2 40 1
7 1984 2 61 1
1 1985 1 50 1
1 1985 1 57 1
1 1985 1 70 1
1 1985 1 72 1
1 1985 1 82 2
1 1985 2 50 1
1 1985 2 52 1
1 1985 2 59 1
1 1985 2 60 1
1 1985 2 61 1
1 1985 2 62 1
1 1985 2 65 2
1 1985 2 68 1
1 1985 2 73 1
7 1986 1 75 1
7 1986 2 49 1
1 1987 1 45 1
1 1987 1 64 1
1 1987 1 65 1
1 1987 1 70 1
1 1987 2 59 1
1 1987 2 64 3
1 1987 2 73 1
1 1987 2 79 1
7 1988 1 59 1
1 1989 1 53 1
1 1989 1 60 1
1 1989 2 50 1
1 1989 2 61 1
1 1989 2 68 1
1 1989 2 74 1
7 1990 1 61 1
1 1991 1 53 1
1 1991 1 62 1
1 1991 2 53 1
1 1991 2 59 1
7 1992 1 39 1
7 1992 2 56 1
1 1993 1 58 1
1 1993 2 61 1
7 1994 1 38 1
7 1994 1 63 1
7 1994 1 69 1
7 1994 2 62 1
7 1995 1 63 1
7 1995 2 56 1
1 1996 1 60 1
1 1996 1 65 1
1 1996 2 50 1
1 1996 2 60 1
1 1996 2 64 1
7 1997 2 56 1
7 1998 1 58 1
7 1998 2 57 2
7 1998 2 68 2
1 1999 1 53 1
1 1999 1 62 1
1 1999 1 78 1
1 1999 2 62 1
1 1999 2 83 1
7 2000 1 53 1
7 2000 1 58 1
7 2000 1 61 1
7 2000 1 68 1
7 2000 2 62 1
1 2001 1 66 1
1 2001 1 68 1
1 2001 1 87 1
1 2001 2 52 1
1 2001 2 62 2
7 2002 1 61 1
7 2002 1 65 1
7 2002 2 55 1
7 2002 2 60 1
1 2003 1 62 1
1 2003 1 68 1
1 2003 2 58 1
7 2004 1 56 1
7 2004 1 59 1
1 2005 2 92 1
1 2006 1 45 1
1 2006 1 64 1
1 2006 2 55 1
1 2006 2 56 1
1 2006 2 64 1
1 2007 1 62 1
1 2007 1 67 1
1 2007 2 55 1
1 2007 2 61 1
1 2007 2 63 1
1 2007 2 72 1
1 2008 1 66 1
1 2008 2 53 1
1 2008 2 79 1
1 2009 1 30 1
1 2009 1 56 1
1 2009 1 74 1
1 2009 2 66 1
1 2009 2 68 1
1 2009 2 77 1
1 2009 2 80 2
1 2010 1 54 1
1 2010 1 56 1
1 2010 2 51 1
1 2010 2 58 1
1 2010 2 60 1
1 2010 2 66 1
7 2011 1 95 1
1 2012 1 61 1
1 2012 2 66 1
7 2013 1 68 1
7 2014 3 62 1
7 2015 2 73 1
7 2016 1 77 1
7 2017 2 60 1
7 2018 2 57 1
7 2018 2 63 1
1 2019 2 59 1
7 2020 1 75 1
7 2020 2 73 1
1 2021 1 32 1
1 2021 1 82 1
1 2021 2 56 1
1 2021 2 66 1
1 2021 2 71 1
7 2022 1 68 1
7 2022 2 58 1
7 2022 2 59 1
1 2023 1 45 1
1 2024 2 57 1
7 2025 2 57 2
7 2025 2 59 1
7 2025 2 62 2
7 2025 2 70 1
7 2025 2 71 1
7 2025 2 77 1
7 2026 1 58 1
7 2026 1 59 2
7 2026 1 63 2
7 2026 1 64 2
7 2026 1 66 1
7 2026 2 57 1
7 2026 2 59 1
7 2026 2 60 1
7 2026 2 61 1
7 2026 2 62 2
7 2026 2 67 1
7 2027 1 57 1
7 2027 1 58 1
7 2027 1 63 1
7 2027 1 64 1
7 2027 1 65 2
7 2027 2 64 1
7 2028 1 58 2
7 2028 1 66 1
7 2028 2 59 2
7 2028 2 61 1
7 2028 2 62 1
7 2028 2 67 1
7 2029 1 64 1
7 2030 1 62 1
7 2031 2 61 1
7 2032 1 64 1
7 2033 2 61 1
7 2033 2 63 1
7 2034 1 47 1
7 2035 2 58 1
7 2035 2 59 1
7 2035 2 61 1
7 2036 1 60 1
7 2037 1 46 1
7 2037 1 57 1
7 2038 1 66 1
7 2038 2 64 1
7 2039 2 59 1
7 2040 1 71 1
7 2040 2 60 2
7 2041 1 59 1
7 2041 1 62 1
7 2042 2 65 1
7 2043 2 59 1
7 2043 2 65 1
7 2044 1 77 1
7 2044 2 57 1
7 2045 2 56 1
7 2046 1 63 1
7 2046 2 62 1
7 2047 2 55 1
7 2047 2 69 1
7 2047 2 70 1
7 2048 1 58 1
7 2048 1 61 1
7 2048 1 63 1
7 2049 1 59 1
7 2049 1 67 1
1 2050 1 88 1
9 2051 2 69 1
9 2052 1 65 1
9 2053 1 79 1
9 2054 1 60 1
9 2055 1 61 1
9 2055 1 63 1
9 2055 2 62 1
9 2056 2 62 1
9 2057 1 60 1
9 2058 1 64 1
9 2058 1 66 1
9 2058 2 60 1
9 2059 2 60 1
9 2060 2 62 1
9 2061 2 61 1
9 2061 2 63 1
9 2062 1 54 1
9 2063 1 61 1
6 2064 1 58 1
6 2064 1 68 1
6 2064 2 63 1
6 2065 1 59 1
6 2065 1 70 1
6 2065 2 62 1
6 2066 1 70 1
6 2067 1 66 1
6 2068 1 63 1
6 2069 1 69 1
6 2069 2 88 1
6 2070 1 59 1
6 2070 1 62 1
6 2071 1 65 1
6 2072 1 61 1
6 2072 1 79 1
6 2072 2 55 1
6 2072 2 60 1
6 2072 2 62 2
6 2072 2 63 1
6 2072 2 65 1
6 2072 2 67 1
6 2073 2 63 1
6 2074 1 65 1
6 2074 1 76 1
6 2074 2 67 1
6 2075 1 58 1
6 2075 1 74 1
6 2075 2 62 1
6 2075 2 64 1
6 2075 2 78 1
6 2076 2 70 1
6 2077 2 58 1
6 2077 2 63 1
6 2077 2 69 1
6 2077 2 83 1
6 2078 2 52 1
6 2079 2 53 1
6 2079 2 55 1
9 2080 2 59 1
9 2080 2 60 1
9 2080 2 68 1
9 2081 1 61 1
9 2081 1 62 1
9 2081 2 37 1
9 2082 1 66 1
9 2083 1 40 1
9 2083 1 48 1
9 2083 2 51 1
9 2083 2 61 1
3 2084 2 22 1
3 2085 2 61 1
3 2086 2 61 1
3 2087 1 44 1
3 2087 1 66 1
3 2087 1 68 1
3 2088 2 40 1
3 2089 2 84 1
3 2090 2 67 1
3 2090 2 75 1
3 2090 2 81 1
3 2091 2 70 1
3 2092 2 25 1
1 2093 1 45 1
1 2093 1 65 1
1 2093 1 68 1
1 2093 1 73 1
1 2093 1 78 1
1 2093 2 63 1
1 2093 2 64 1
1 2093 2 70 1
1 2093 2 71 1
1 2093 2 75 1
1 2094 1 59 1
1 2094 2 59 1
1 2094 2 62 1
1 2094 2 68 1
1 2095 1 71 1
1 2095 2 46 1
1 2095 2 58 1
1 2095 2 62 1
1 2095 2 65 1
1 2095 2 75 1
1 2096 1 46 1
1 2096 1 77 1
1 2097 1 50 1
1 2097 2 47 1
1 2097 2 52 1
1 2098 1 50 1
1 2098 1 58 1
1 2098 1 66 1
1 2098 2 45 1
1 2099 1 59 1
1 2099 2 60 1
1 2099 2 80 1
1 2100 1 30 1
1 2100 1 45 1
1 2100 1 65 1
1 2100 1 72 1
1 2100 2 60 1
1 2101 2 50 1
1 2101 2 80 1
7 2102 2 59 1
7 2102 2 60 1
7 2102 2 61 2
7 2102 2 68 1
1 2103 1 68 1
1 2104 1 66 1
1 2105 2 55 1
1 2106 2 89 1
1 2107 2 67 1
1 2108 2 69 1
7 2109 1 53 1
7 2109 1 64 1
7 2109 1 65 1
1 2110 2 70 1
1 2111 2 70 1
1 2112 2 81 1
1 2113 1 64 1
7 2114 1 63 1
7 2114 1 68 1
7 2115 2 47 1
7 2116 1 59 1
7 2117 1 68 1
7 2118 2 41 1
7 2119 2 58 1
7 2120 2 54 1
7 2120 2 59 1
7 2120 2 60 1
7 2120 2 65 1
7 2121 1 56 1
7 2121 2 53 1
7 2122 1 78 1
7 2123 2 58 1
7 2123 2 68 1
7 2124 2 49 1
7 2124 2 52 1
7 2125 1 64 1
7 2126 1 60 1
7 2126 1 62 1
7 2126 1 70 2
7 2126 2 55 1
7 2126 2 61 1
7 2127 2 64 1
7 2128 2 57 1
7 2129 1 67 1
7 2130 1 60 1
7 2131 2 57 1
7 2132 2 68 1
7 2133 2 63 1
7 2133 2 71 1
1 2134 1 64 1
1 2134 1 74 1
1 2134 1 79 1
1 2135 1 41 1
1 2135 1 72 1
1 2135 1 88 1
1 2136 1 63 1
1 2136 2 68 1
1 2137 2 71 1
1 2138 2 48 1
1 2139 2 48 1
1 2139 2 60 1
1 2139 2 68 1
1 2140 2 77 1
1 2141 2 82 1
1 2142 1 52 1
1 2143 1 56 1
1 2144 2 63 1
1 2145 1 65 1
1 2145 1 88 1
1 2146 2 23 1
1 2147 2 70 1
1 2148 1 46 1
7 2149 1 71 1
7 2150 1 54 1
7 2150 2 59 1
7 2151 2 62 1
7 2151 3 65 1
7 2152 1 67 1
7 2153 1 56 1
7 2153 1 61 1
7 2153 3 72 1
7 2154 1 69 1
7 2155 2 47 1
7 2156 1 69 1
7 2157 2 68 1
1 2158 2 68 1
7 2159 1 66 1
7 2160 2 70 1
7 2160 2 90 1
7 2161 1 72 1
7 2161 2 58 1
7 2161 2 74 1
7 2162 1 44 1
1 2163 1 53 1
1 2163 1 56 2
1 2163 1 58 1
1 2163 1 60 1
1 2163 1 63 2
1 2163 1 65 2
1 2163 1 67 1
1 2163 1 68 2
1 2163 1 79 1
1 2163 2 64 2
1 2163 2 66 1
1 2163 2 68 2
1 2163 2 73 1
1 2163 2 74 1
1 2163 2 76 1
7 2164 1 37 1
7 2164 1 41 1
7 2164 1 42 1
7 2164 1 44 1
7 2164 1 48 1
7 2164 1 59 1
1 2165 1 59 1
1 2165 1 64 1
1 2165 2 41 1
1 2165 2 56 1
7 2166 1 60 2
7 2166 1 63 2
7 2166 1 64 1
7 2166 1 65 1
7 2166 1 66 1
7 2167 1 69 1
7 2167 1 82 1
7 2167 2 51 1
7 2167 2 53 1
7 2167 2 56 2
7 2168 2 57 2
7 2168 2 58 1
7 2168 2 59 1
1 2169 1 65 1
1 2169 1 75 1
1 2169 2 41 1
1 2169 2 43 1
1 2169 2 57 1
1 2169 2 59 1
1 2169 2 74 1
1 2169 2 77 1
1 2170 1 60 1
1 2170 1 62 1
1 2170 1 69 1
1 2170 2 47 1
1 2170 2 55 1
1 2170 2 56 1
1 2170 2 63 1
1 2170 2 85 1
1 2171 1 40 1
1 2171 1 45 1
1 2171 1 65 2
1 2171 2 42 1
1 2171 2 46 1
1 2171 2 59 1
1 2171 2 62 1
1 2171 2 84 1
1 2172 1 63 1
1 2172 2 47 1
1 2172 2 58 1
1 2172 2 61 1
1 2172 2 66 1
1 2172 2 67 1
1 2172 2 68 1
1 2172 2 78 1
1 2172 2 85 1
1 2173 2 71 1
1 2174 1 48 1
1 2174 1 69 1
1 2174 1 84 1
1 2174 2 73 1
1 2175 1 50 1
1 2175 2 51 1
1 2175 2 65 1
1 2176 2 50 1
1 2176 2 64 1
1 2176 2 79 1
1 2177 1 63 1
1 2177 2 48 1
1 2177 2 63 2
1 2178 1 64 1
1 2178 1 65 1
1 2178 1 76 1
1 2178 2 76 1
1 2178 2 80 1
1 2179 1 67 1
1 2179 1 88 1
1 2179 2 71 1
1 2179 2 73 1
1 2179 2 78 1
1 2180 1 61 1
1 2180 1 66 1
1 2180 2 62 1
1 2180 2 63 1
1 2180 2 76 1
1 2180 2 81 1
1 2181 1 69 1
1 2181 1 75 1
1 2181 1 76 1
1 2181 2 69 1
1 2181 2 83 1
1 2182 1 66 1
1 2183 2 67 1
1 2184 1 84 1
7 2185 2 55 1
7 2186 1 74 1
7 2187 1 70 1
7 2188 2 61 1
7 2189 2 62 1
7 2190 2 62 1
7 2191 1 66 1
7 2192 2 59 1
7 2193 1 52 1
7 2194 2 88 1
7 2195 2 72 1
7 2196 2 67 1
7 2197 1 61 1
7 2198 2 54 1
7 2198 2 62 1
7 2199 1 62 1
7 2200 2 68 1
7 2201 2 62 1
7 2201 2 85 1
7 2202 2 62 1
7 2202 2 65 1
7 2203 1 60 1
7 2204 1 43 1
7 2204 1 56 1
7 2205 1 72 1
7 2206 2 58 1
7 2207 1 54 1
7 2207 1 56 1
7 2207 1 66 1
7 2207 2 55 2
7 2207 2 62 1
7 2208 1 55 1
7 2208 2 58 1
7 2208 2 60 1
7 2209 2 58 1
7 2209 2 60 3
7 2209 2 66 1
7 2210 1 46 1
7 2210 1 62 1
7 2210 1 63 1
7 2210 1 65 1
7 2210 1 75 1
7 2211 2 58 1
7 2211 2 60 2
7 2211 2 65 1
1 2212 1 69 1
1 2212 1 74 1
1 2213 2 56 1
1 2213 2 86 1
7 2214 2 63 1
7 2214 2 66 1
7 2215 1 67 1
7 2215 2 60 1
7 2216 2 53 1
7 2217 2 73 1
7 2218 1 62 1
7 2219 2 59 1
7 2220 2 67 1
1 2221 2 58 1
1 2221 2 64 1
7 2222 1 56 1
7 2222 2 65 1
1 2223 2 91 1
1 2224 1 68 1
1 2225 2 79 1
7 2226 1 66 1
1 2227 2 34 1
1 2228 1 82 1
7 2229 1 58 1
1 2230 1 87 1
1 2230 2 80 1
1 2230 2 88 1
7 2231 2 63 1
7 2231 2 77 1
7 2232 1 82 1
7 2233 1 59 1
7 2234 2 71 1
1 2235 2 62 1
7 2236 2 69 1
7 2237 2 60 1
1 2238 1 45 1
1 2238 2 60 1
1 2239 1 72 1
1 2239 1 74 1
1 2239 1 78 1
1 2240 2 81 1
1 2241 1 80 1
1 2241 2 61 1
1 2242 2 52 1
1 2243 1 65 1
1 2243 1 77 2
1 2243 1 85 1
1 2243 2 56 1
1 2243 2 63 1
1 2243 2 74 1
1 2243 2 76 1
1 2243 2 78 1
7 2244 2 63 1
1 2245 1 30 1
1 2246 1 63 1
1 2246 1 70 1
1 2246 1 73 1
1 2246 1 74 1
1 2246 2 83 1
1 2247 1 52 1
1 2247 1 60 1
1 2247 1 61 1
1 2247 1 69 1
1 2247 1 75 1
1 2247 1 80 1
1 2247 2 53 1
1 2247 2 54 1
1 2248 1 30 1
1 2248 1 43 1
1 2248 1 50 1
1 2248 1 56 1
1 2248 1 58 1
1 2248 1 60 1
1 2248 1 61 1
1 2248 1 64 1
1 2248 1 69 1
1 2248 1 73 1
1 2248 2 36 1
1 2248 2 51 1
1 2248 2 54 1
1 2248 2 56 1
1 2248 2 61 1
1 2248 2 63 1
1 2248 2 64 2
1 2248 2 65 1
1 2248 2 69 1
1 2248 2 71 2
1 2248 2 80 1
1 2249 1 39 1
1 2249 1 54 1
1 2249 1 62 1
1 2249 1 65 1
1 2249 1 67 2
1 2249 1 70 1
1 2249 2 38 1
1 2249 2 43 1
1 2249 2 46 1
1 2249 2 47 2
1 2249 2 54 2
1 2249 2 58 1
1 2249 2 63 1
1 2249 2 75 1
1 2249 2 77 1
7 2250 2 69 1
7 2250 2 83 1
1 2251 1 70 1
1 2251 2 47 1
1 2251 2 56 1
1 2251 2 60 1
1 2251 2 61 1
1 2252 1 43 1
1 2252 1 47 1
1 2252 1 69 1
1 2252 1 71 1
1 2252 2 39 1
1 2252 2 64 1
1 2252 2 86 1
1 2253 3 68 1
1 2254 1 81 1
1 2255 1 54 1
1 2255 1 61 1
1 2255 1 66 1
1 2255 1 79 1
1 2255 2 42 1
1 2255 2 45 1
1 2255 2 74 1
7 2256 1 44 1
7 2256 2 53 1
1 2257 1 47 1
1 2257 1 62 1
1 2257 2 65 1
1 2257 2 83 1
1 2257 2 86 1
7 2258 1 65 1
7 2258 2 57 1
1 2259 1 51 1
1 2259 2 60 1
7 2260 2 59 1
1 2261 2 49 1
1 2262 2 78 1
1 2263 2 68 1
7 2264 1 66 1
7 2265 1 76 1
7 2265 2 65 1
7 2266 1 63 1
7 2267 1 63 1
7 2268 2 58 1
7 2269 1 66 1
1 2270 2 65 1
1 2271 1 74 1
7 2272 2 55 1
7 2273 2 68 1
3 2274 2 66 1
3 2275 2 83 1
1 2276 2 81 1
1 2277 2 53 1
1 2277 2 75 1
1 2278 2 68 1
1 2279 2 64 1
1 2280 2 75 1
1 2281 1 77 1
1 2281 2 74 1
7 2282 1 65 1
7 2283 1 53 1
7 2283 1 61 1
7 2283 1 63 1
7 2283 2 61 1
7 2283 2 70 1
7 2283 3 62 1
7 2284 2 55 1
7 2285 2 57 1
7 2286 1 52 1
7 2286 1 55 1
7 2286 1 63 1
7 2287 2 61 1
7 2288 2 54 1
7 2288 2 57 1
7 2288 2 58 1
7 2288 2 59 1
7 2288 2 61 2
7 2288 2 63 1
7 2289 1 55 1
7 2289 1 57 1
7 2289 1 62 1
7 2289 1 63 2
7 2289 1 65 2
7 2289 1 69 1
7 2289 1 73 1
7 2289 2 65 1
7 2289 2 67 1
7 2289 2 72 1
7 2290 1 58 1
7 2290 2 61 1
7 2290 2 64 1
7 2291 1 58 1
7 2291 1 62 1
7 2291 1 63 2
7 2292 2 57 1
7 2293 1 63 1
7 2293 2 56 1
7 2293 2 60 1
7 2294 2 68 1
7 2295 1 60 1
7 2296 2 61 1
7 2297 1 49 1
7 2298 2 56 1
7 2299 2 63 1
7 2300 2 44 1
7 2301 2 68 1
1 2302 1 77 1
1 2303 2 71 1
1 2304 2 80 1
1 2305 2 75 1
1 2306 2 64 1
7 2307 1 44 1
1 2308 1 97 1
1 2308 2 77 1
1 2309 1 86 1
7 2310 1 66 1
7 2310 2 56 1
7 2310 2 60 1
7 2311 1 57 1
7 2311 1 61 1
7 2311 1 62 1
7 2311 2 57 1
7 2312 1 74 1
7 2313 2 48 1
7 2314 1 46 1
7 2314 2 51 1
7 2314 2 52 1
7 2315 2 65 1
7 2316 2 64 1
7 2317 1 41 1
7 2318 1 70 1
7 2319 2 76 1
7 2320 2 56 1
7 2321 1 61 1
7 2321 1 71 1
7 2321 2 48 1
7 2321 2 58 1
7 2322 2 60 1
7 2322 2 67 1
7 2323 1 56 1
7 2323 1 61 1
7 2323 2 61 1
7 2324 1 57 1
7 2324 2 63 1
7 2324 2 65 1
7 2325 2 57 1
7 2325 2 63 1
7 2325 2 64 1
1 2326 1 44 1
1 2326 1 67 1
7 2327 1 49 1
7 2327 1 65 1
7 2327 2 39 1
7 2327 2 49 1
7 2328 1 55 1
7 2328 2 59 1
7 2328 2 61 1
7 2329 1 61 1
7 2329 1 68 1
7 2329 2 59 1
7 2330 1 62 2
7 2331 1 59 1
1 2332 2 62 1
7 2333 2 53 1
7 2333 2 77 1
7 2334 2 60 1
7 2334 2 61 1
7 2335 1 55 1
7 2335 1 61 1
7 2335 2 61 1
1 2336 1 75 1
1 2336 2 88 1
7 2337 1 57 1
7 2337 1 64 1
7 2337 2 62 1
7 2338 1 62 1
7 2338 2 54 1
7 2338 2 82 1
1 2339 1 55 1
1 2339 1 63 1
1 2339 2 55 1
9 2340 2 71 1
7 2341 1 69 1
7 2342 2 54 1
7 2343 1 71 1
7 2344 1 68 1
7 2345 2 37 1
7 2346 2 51 1
7 2347 1 65 1
7 2348 2 60 1
7 2349 1 36 1
7 2350 1 60 1
7 2350 2 63 1
7 2351 2 61 1
7 2352 1 61 1
7 2353 1 52 1
7 2354 2 54 1
7 2355 2 63 1
7 2356 2 76 1
7 2357 1 77 1
7 2357 2 57 1
7 2358 1 58 1
7 2359 1 71 1
1 2360 3 93 1
1 2361 3 67 1
7 2362 1 46 1
6 2363 2 75 1
