9 1 1 62 1
9 2 1 67 2
9 3 1 70 1
9 3 1 87 1
9 3 2 77 1
9 4 1 79 1
9 5 2 60 1
3 6 1 65 1
3 7 1 77 1
9 8 2 56 1
9 9 1 68 1
3 10 2 78 1
9 11 2 54 1
9 12 1 69 1
9 13 1 74 1
9 13 2 61 1
9 13 2 68 1
9 14 2 95 1
9 15 1 58 1
9 15 2 60 1
9 15 2 63 1
9 15 2 67 1
9 16 2 62 1
9 17 2 54 1
3 18 1 61 1
3 19 3 62 1
3 20 1 72 1
3 20 2 57 1
3 21 1 53 1
3 21 1 65 1
3 21 1 66 2
3 22 1 51 1
3 23 1 109 1
3 24 2 73 1
3 25 2 92 1
3 26 2 63 1
3 27 1 67 1
3 28 1 68 1
3 28 1 73 1
3 29 1 68 1
3 30 1 59 1
3 31 1 72 1
3 31 2 91 1
3 32 2 73 1
3 32 2 77 1
3 33 1 55 1
3 34 1 56 1
3 35 2 60 1
9 36 2 79 1
6 37 2 76 1
6 37 2 80 1
9 38 2 65 1
6 39 2 87 1
6 40 1 59 1
6 41 1 64 1
6 41 1 65 1
6 41 1 66 1
6 41 2 60 1
6 41 2 66 1
6 41 2 70 1
6 41 2 72 2
6 41 2 80 1
6 42 1 62 2
6 42 1 65 1
6 42 2 62 1
6 42 2 67 1
6 43 2 69 1
6 44 2 66 1
6 45 1 59 2
6 45 1 60 1
6 45 1 61 1
6 45 2 59 1
6 45 2 62 1
6 46 2 62 1
6 46 2 64 1
6 47 1 60 1
6 47 1 63 1
6 47 1 71 1
6 47 2 59 1
6 48 2 62 1
6 48 2 64 1
6 48 2 84 1
6 49 1 63 1
9 50 1 63 1
9 51 1 33 1
9 51 1 35 2
9 51 1 36 2
9 51 1 37 1
9 51 2 63 1
9 51 2 65 1
9 51 2 69 1
9 52 1 83 1
6 53 2 75 1
9 54 2 65 1
9 55 2 60 1
9 55 2 65 1
9 56 1 61 1
9 57 2 64 1
9 58 2 58 1
9 58 2 65 1
9 59 2 82 1
3 60 2 85 1
9 61 2 63 1
9 62 2 62 1
9 63 1 66 1
6 64 1 68 1
6 64 2 85 1
6 65 2 69 1
9 66 1 64 1
6 67 1 64 1
3 68 2 68 1
6 69 1 66 1
6 69 1 67 1
6 69 2 61 1
6 69 2 79 1
6 69 2 86 1
1 70 2 67 1
1 71 2 82 1
1 72 1 71 1
1 72 2 49 1
1 73 1 57 1
1 73 1 78 1
1 74 1 69 1
1 74 1 74 1
1 75 1 58 1
7 76 2 67 1
1 77 2 93 1
1 78 2 85 1
1 79 2 70 1
1 80 2 69 1
1 81 2 63 1
1 82 1 53 1
1 83 2 77 1
1 84 2 90 1
1 85 1 84 1
1 85 2 50 1
1 86 2 58 1
1 87 1 67 1
1 87 2 67 1
1 87 2 74 1
1 87 2 76 1
1 87 2 78 2
1 87 2 81 1
1 88 2 73 1
1 89 2 52 1
1 90 1 87 1
1 91 1 48 1
1 91 1 67 1
1 92 1 61 1
1 92 1 70 1
1 92 1 71 1
1 92 2 62 1
1 92 2 69 1
1 93 1 69 1
1 93 2 70 1
1 94 1 57 1
1 95 1 77 1
1 96 1 57 1
1 97 2 70 1
1 98 1 51 1
1 98 1 73 1
1 98 1 86 1
1 99 2 71 1
1 99 2 77 1
1 99 2 81 1
1 100 1 56 1
7 101 3 83 1
1 102 1 64 1
1 103 1 86 1
1 104 2 71 1
1 105 1 65 1
1 106 1 64 1
1 107 1 70 1
1 107 2 69 1
1 108 1 66 1
1 108 2 44 1
1 109 2 78 1
1 110 2 69 1
1 111 1 86 1
1 112 2 73 1
1 113 1 72 1
1 113 2 66 1
1 114 2 70 1
1 114 2 75 1
1 115 1 68 1
1 115 2 65 1
1 116 2 50 1
1 117 2 74 1
1 118 2 83 1
1 119 1 67 1
1 119 1 75 1
1 119 2 67 1
1 119 2 74 1
1 120 2 44 1
1 120 2 75 1
1 121 2 53 1
1 122 2 53 1
1 123 2 46 1
1 124 1 67 1
1 125 1 63 1
1 126 2 75 1
1 127 1 73 1
1 127 2 64 1
1 128 2 91 1
1 129 2 89 1
1 130 2 79 1
1 131 1 63 1
1 132 2 59 1
1 133 1 64 1
1 133 2 61 1
1 134 1 45 1
1 135 2 83 1
1 136 1 76 1
1 137 1 70 1
1 138 1 56 1
1 139 2 59 1
1 140 2 76 1
1 141 1 65 1
1 141 1 68 1
1 141 1 70 1
1 141 1 72 1
1 141 1 73 1
1 141 2 62 1
1 141 2 65 1
1 141 2 66 1
1 141 2 73 1
1 141 2 75 1
1 141 2 78 1
1 141 2 82 1
1 142 1 71 1
1 142 1 74 1
1 142 1 83 1
1 142 2 51 1
1 142 2 60 1
1 142 2 63 1
1 142 2 67 1
1 142 2 73 1
1 142 2 81 1
1 143 1 50 1
1 143 1 59 1
1 143 1 63 1
1 143 2 64 1
1 144 1 61 1
1 144 1 75 1
1 144 2 68 1
1 145 1 48 1
1 145 1 49 1
1 145 2 44 1
1 146 1 63 1
1 147 2 50 1
1 148 1 51 1
1 148 2 60 1
1 148 2 61 1
1 148 2 66 2
1 149 2 74 1
1 150 1 47 1
1 150 1 56 1
1 150 1 65 1
1 150 1 66 1
1 150 2 48 1
1 150 2 66 1
1 151 2 47 1
1 151 2 78 1
1 152 1 64 1
1 153 2 62 1
1 154 2 77 1
1 155 1 76 1
1 155 2 71 1
1 156 2 81 1
3 157 1 52 1
3 157 1 53 1
3 158 2 76 1
3 159 1 50 1
3 159 1 53 1
3 159 1 54 1
3 159 1 56 1
3 159 2 54 1
3 159 2 65 1
3 160 1 58 1
3 161 3 59 1
3 161 3 61 1
7 162 2 71 1
7 162 2 83 1
7 163 2 58 1
1 164 1 78 1
7 165 2 60 1
1 166 1 71 1
1 166 1 85 1
1 166 2 63 2
1 166 2 68 1
1 166 2 75 1
7 167 2 77 1
1 168 1 65 1
1 168 2 49 1
1 168 2 72 2
1 169 1 65 1
1 169 2 49 1
1 169 2 72 2
1 170 1 53 1
1 170 2 83 1
1 170 2 85 1
1 170 2 90 1
1 170 2 91 1
1 171 2 80 1
1 171 2 92 1
1 172 1 62 1
1 172 1 68 1
1 172 1 74 1
1 172 2 73 1
1 173 1 67 1
1 173 2 64 1
1 174 1 58 1
1 174 1 62 1
1 174 2 62 1
1 174 2 64 1
1 175 1 66 1
1 175 2 60 1
1 175 2 61 1
1 175 2 66 1
7 176 2 79 1
7 177 2 77 1
7 178 2 77 1
7 179 1 83 1
7 180 2 78 1
1 181 2 78 1
1 182 1 51 1
1 182 1 52 1
1 182 1 57 2
1 182 1 60 1
1 182 1 67 1
1 182 1 72 1
1 182 2 52 2
1 182 2 53 1
1 182 2 54 1
1 182 2 55 1
1 182 2 60 1
1 182 2 62 1
1 182 2 65 1
1 182 2 66 1
1 182 2 67 1
1 183 1 53 1
1 183 1 54 1
1 183 1 58 1
1 183 1 61 1
1 183 1 62 1
1 183 1 64 1
1 183 2 49 1
1 183 2 51 1
1 183 2 57 1
1 183 2 60 1
1 183 2 61 2
1 183 2 62 1
1 183 2 64 1
1 183 2 68 1
1 183 2 70 1
1 183 2 79 1
1 184 1 52 1
1 184 1 69 1
1 184 2 48 1
1 184 2 52 1
1 184 2 57 1
1 184 2 59 2
1 184 2 60 1
1 184 2 61 2
1 184 2 67 1
3 185 3 60 1
3 185 3 79 1
3 186 3 69 1
3 187 3 82 1
3 188 3 84 1
1 189 1 81 1
1 190 1 68 1
1 190 1 83 1
1 190 2 63 1
1 190 2 69 1
1 191 1 53 1
1 191 1 57 1
1 191 1 67 1
1 191 1 69 1
1 191 2 53 1
1 191 2 61 1
1 191 2 68 1
1 191 2 69 1
1 192 2 71 1
1 192 2 77 1
1 193 1 30 1
1 193 1 66 1
1 193 1 73 1
1 193 2 34 1
1 193 2 60 2
1 193 2 64 1
1 193 2 65 1
1 193 2 67 1
1 193 2 69 1
1 194 1 61 1
1 194 1 77 1
1 194 2 43 1
1 194 2 64 1
7 195 1 52 1
7 196 1 64 1
7 196 1 67 1
7 196 2 64 2
7 197 1 68 1
7 197 2 65 1
1 198 2 68 1
7 199 1 61 1
1 200 1 74 1
1 200 2 46 1
1 201 2 64 1
1 202 1 83 1
1 202 2 53 1
1 202 2 63 1
1 202 2 67 1
1 203 1 73 1
1 204 1 73 1
1 205 2 68 1
1 206 2 53 1
7 207 1 67 1
7 207 1 70 1
7 207 2 69 1
7 208 1 68 1
7 208 1 75 1
7 208 2 61 1
7 208 2 64 1
7 209 1 63 1
7 209 1 66 1
7 209 2 69 1
6 210 2 69 1
6 211 1 71 1
6 212 1 74 1
6 213 1 80 1
6 214 1 64 1
6 214 1 73 1
9 215 1 71 1
9 216 2 77 1
9 217 1 51 1
9 218 1 75 1
9 219 2 77 1
9 220 2 82 1
9 221 2 80 1
9 222 1 66 1
9 223 2 75 1
9 223 2 81 1
7 224 1 96 1
7 225 2 63 1
9 226 1 64 1
9 227 2 62 1
9 228 1 64 2
9 228 2 80 1
9 229 2 59 1
9 229 2 66 1
9 229 2 68 1
9 230 2 59 1
9 231 1 63 1
9 231 1 64 1
6 232 2 65 1
9 233 1 68 1
9 234 1 62 1
9 234 1 68 1
9 234 1 71 1
9 234 2 62 1
9 234 2 64 1
9 234 2 65 1
9 234 2 66 1
9 234 2 70 1
9 234 2 80 1
3 235 2 49 1
3 235 2 73 1
9 236 1 67 1
3 237 1 62 1
9 238 2 71 1
9 238 2 73 1
3 239 1 66 1
3 240 1 75 1
3 241 1 57 1
3 241 1 61 1
6 242 2 47 1
6 242 2 50 1
6 242 2 54 1
3 243 2 65 1
3 244 2 47 1
1 245 1 47 1
3 246 2 47 1
3 247 2 50 1
3 247 2 58 1
3 247 2 63 1
3 247 2 70 1
3 248 1 50 1
3 248 1 53 1
3 248 2 49 1
3 248 2 50 2
3 248 2 59 1
3 249 2 75 1
3 250 1 82 1
3 251 2 49 1
3 252 2 80 1
3 253 1 58 1
3 254 1 46 2
3 254 2 47 1
3 254 2 55 1
3 254 2 66 1
3 255 2 88 1
3 256 2 75 1
1 257 2 65 1
1 257 2 95 1
1 258 1 54 1
1 258 1 65 1
1 258 2 62 1
1 258 2 71 1
1 258 2 72 1
1 259 1 51 1
1 259 1 69 1
1 259 2 62 1
1 260 2 65 1
1 261 1 61 1
1 261 1 69 1
1 261 1 88 1
1 261 2 53 1
1 261 2 61 1
1 261 2 66 2
1 261 2 68 1
1 261 2 69 1
1 261 2 95 1
1 262 1 57 1
1 262 1 58 1
1 262 1 64 1
1 262 1 65 2
1 262 1 70 1
1 262 1 83 1
1 262 2 60 1
1 262 2 62 2
1 262 2 63 1
1 262 2 65 1
1 262 2 66 1
1 262 2 71 2
1 262 2 74 1
1 263 1 65 1
1 263 1 66 1
1 263 1 70 1
1 263 2 69 1
1 263 2 87 1
1 264 1 46 1
1 264 2 86 1
1 265 1 53 1
1 265 1 73 1
1 265 2 55 1
1 265 2 61 1
1 266 1 94 1
1 266 2 80 1
1 267 1 69 1
1 267 2 55 1
7 268 1 65 1
7 268 2 73 1
1 269 1 43 1
1 270 2 40 1
1 271 2 54 1
1 272 1 72 1
1 272 1 83 1
1 272 2 88 1
1 273 2 64 1
3 274 1 66 1
3 275 1 34 1
3 275 1 53 1
3 275 2 61 1
3 275 3 28 1
3 275 3 29 1
3 276 1 68 1
1 277 2 65 1
7 278 1 68 1
7 278 2 81 1
7 279 2 60 1
7 280 2 67 1
1 281 1 58 1
7 282 1 64 1
7 282 1 90 1
7 283 1 62 1
7 283 2 68 1
7 284 2 62 1
1 285 1 67 1
1 285 1 84 1
7 286 1 73 1
7 287 1 54 1
7 287 1 61 1
7 288 1 68 1
7 288 2 64 1
1 289 2 66 1
1 290 2 69 1
1 290 2 90 1
1 291 1 66 1
1 291 2 84 1
1 292 2 63 1
1 292 2 69 1
1 293 1 67 1
1 293 2 47 1
1 294 2 74 1
1 294 2 86 1
1 295 1 84 1
1 295 2 67 1
1 296 1 67 1
1 296 1 74 1
1 296 2 41 1
1 296 2 44 1
1 296 2 46 1
1 296 2 47 1
1 297 2 53 1
1 297 2 55 2
1 297 2 59 1
1 297 2 63 2
1 298 1 51 1
1 298 1 55 3
1 298 1 65 1
1 299 2 66 1
1 299 2 67 2
1 300 1 37 1
1 300 1 47 1
1 300 1 60 1
1 301 1 64 1
1 301 1 67 1
1 302 1 71 1
1 302 2 64 1
1 303 2 64 1
1 303 2 66 1
1 303 2 67 1
1 303 2 70 1
1 304 1 50 1
1 305 2 56 1
1 306 1 69 1
1 307 2 71 1
1 308 1 37 1
1 308 1 45 1
1 309 1 51 1
1 310 1 81 1
1 311 2 61 1
1 312 2 62 1
1 312 2 71 1
1 313 1 58 1
1 313 1 67 1
1 313 1 71 1
1 314 2 63 1
1 314 2 70 1
1 315 2 74 1
1 315 2 88 1
1 316 2 61 1
1 316 2 68 1
1 317 1 70 1
1 317 1 74 1
1 318 2 57 1
1 318 2 71 1
1 319 2 79 1
1 319 2 83 1
1 320 1 62 1
1 321 1 67 1
9 322 1 67 1
9 322 2 69 1
9 322 2 71 1
9 322 2 85 1
8 323 2 64 1
9 324 1 82 1
9 324 2 82 1
8 325 1 82 1
9 326 1 61 1
9 326 2 65 1
9 326 2 69 1
9 326 2 76 1
6 327 1 75 1
9 328 2 61 1
6 329 2 65 1
6 330 2 68 1
3 331 1 62 1
2 332 1 76 1
3 333 2 57 1
2 334 1 72 1
6 335 2 62 1
3 336 2 85 1
3 336 2 87 1
2 337 1 53 1
6 338 2 79 1
6 338 3 29 2
9 339 1 30 1
9 339 1 70 2
9 339 1 73 1
9 339 2 64 2
9 339 2 73 1
9 339 3 28 1
5 340 2 76 1
3 341 1 76 1
6 342 2 73 1
6 342 2 85 1
6 343 2 64 1
9 344 1 72 1
9 344 2 67 2
9 344 2 74 1
6 345 1 87 1
9 346 1 91 1
3 347 2 74 1
3 348 1 67 1
1 349 2 83 1
1 350 1 64 1
1 350 1 69 1
1 350 1 73 1
1 350 2 66 1
1 350 2 67 1
1 350 2 72 1
1 351 2 71 1
7 352 1 84 1
1 353 1 95 1
7 354 2 75 1
1 355 1 109 1
7 356 2 60 1
7 356 2 74 1
1 357 1 87 1
7 358 1 68 1
1 359 1 55 1
7 360 1 71 1
7 360 1 96 1
7 361 2 72 1
7 362 1 72 1
1 363 2 89 1
1 364 2 62 1
1 365 2 77 1
1 366 2 80 1
1 367 1 83 1
3 368 1 47 1
3 368 2 48 1
3 369 1 63 1
3 370 3 90 1
6 371 2 63 1
9 372 1 67 1
9 372 2 68 1
9 372 2 80 1
9 373 1 82 1
9 373 2 72 1
6 374 1 82 1
6 374 2 79 1
6 375 1 84 1
6 376 2 75 1
6 376 2 79 1
6 376 2 80 1
5 377 1 64 1
5 377 1 72 1
5 377 2 71 1
6 378 1 68 1
6 378 2 84 1
6 379 2 79 1
6 380 1 58 1
6 381 2 76 1
8 382 2 69 1
6 383 1 65 1
6 383 2 63 1
6 384 3 80 1
7 385 2 57 1
7 385 2 76 1
1 386 2 76 1
1 387 2 74 1
1 388 2 63 1
1 388 2 67 1
1 389 1 62 1
1 389 1 71 1
1 389 1 75 1
1 389 1 76 1
1 390 2 70 1
1 391 1 52 1
1 391 2 69 1
1 392 1 66 1
1 392 2 77 1
1 393 2 88 1
1 394 2 74 1
1 395 1 64 1
1 395 1 65 1
1 395 1 68 1
1 396 1 79 1
1 397 2 69 1
7 398 1 68 1
1 399 2 87 1
7 400 2 67 1
7 401 1 66 1
7 402 3 66 1
1 403 2 80 1
1 404 1 75 1
1 404 1 78 1
1 404 2 79 1
1 405 3 74 1
1 406 2 74 1
1 407 1 73 1
1 408 1 71 1
1 409 1 73 1
1 410 1 58 1
1 410 1 76 1
1 411 2 71 1
3 412 1 53 1
6 413 1 70 1
6 414 1 49 1
6 414 1 57 1
6 414 1 85 1
6 414 2 69 1
6 415 1 64 1
9 416 1 61 1
6 417 1 66 1
6 417 1 75 1
6 417 2 67 1
6 417 2 68 1
6 418 1 46 1
6 418 1 71 1
6 419 1 65 1
6 419 1 68 1
6 419 2 70 1
9 420 2 68 1
9 421 1 87 1
6 422 2 53 1
9 423 1 58 1
9 423 1 63 1
9 423 1 67 1
9 423 1 71 1
9 423 1 75 1
9 423 2 59 1
9 423 2 61 1
9 423 2 63 1
9 423 2 66 1
9 423 2 68 1
9 423 2 69 1
3 424 1 61 1
3 425 2 81 1
6 426 1 54 1
6 426 1 66 1
6 426 2 61 1
6 426 2 65 1
6 426 2 66 1
6 426 2 67 1
6 426 2 68 1
6 426 2 84 1
9 427 1 63 1
9 427 1 65 1
9 427 2 62 1
9 428 1 64 1
3 429 2 90 1
1 430 1 60 1
1 431 2 68 1
7 432 1 46 1
7 433 1 91 1
1 434 1 53 1
1 435 2 67 1
1 435 2 73 1
7 436 1 62 1
7 436 2 58 1
7 437 1 90 1
7 438 1 68 1
7 439 1 45 1
7 440 1 85 1
7 440 2 68 1
7 440 2 70 1
7 441 1 73 1
7 441 2 71 1
1 442 1 64 1
1 442 2 71 1
1 442 2 73 1
1 443 1 89 1
1 443 2 62 1
1 443 2 66 1
1 443 2 71 1
1 443 2 76 1
1 443 2 94 1
1 444 1 54 1
1 444 1 62 1
1 444 1 67 1
1 444 1 71 1
1 444 2 54 1
1 444 2 71 1
1 445 1 68 1
1 445 1 70 1
1 445 2 70 1
1 445 2 76 1
1 445 2 77 1
1 445 2 82 1
1 446 1 70 1
1 446 1 78 1
1 446 1 88 1
1 447 1 56 1
1 447 2 68 1
1 447 2 72 1
1 447 2 90 1
1 448 2 83 1
1 449 2 61 1
1 449 2 78 1
1 450 1 63 1
1 451 1 55 1
1 451 1 57 1
1 451 1 59 1
1 451 1 61 1
1 451 1 63 1
1 451 1 64 1
1 451 1 71 1
1 452 2 59 1
1 452 2 63 1
1 452 2 87 1
1 453 1 62 1
1 453 1 68 1
1 453 2 59 2
1 453 2 63 2
1 453 2 67 1
1 453 2 71 1
3 454 3 61 1
1 455 2 64 1
9 456 2 71 1
9 457 2 82 1
6 458 2 66 1
6 458 2 69 1
6 458 2 70 1
6 458 2 75 1
6 459 1 30 1
6 459 2 29 1
6 459 2 31 1
6 459 2 67 1
9 460 2 70 1
6 461 1 62 1
6 461 2 84 1
9 462 1 61 1
6 463 1 93 1
6 463 2 63 1
6 464 2 83 1
6 465 1 70 1
6 465 1 93 1
6 465 2 28 1
6 465 2 60 1
6 465 2 67 1
6 465 2 71 1
6 466 1 63 1
6 466 2 66 2
6 466 2 68 1
9 467 1 57 1
9 467 1 63 1
9 468 2 58 1
9 468 2 68 1
9 468 2 69 1
6 469 1 64 1
6 469 1 70 2
9 470 1 64 1
9 470 1 65 1
9 470 2 51 1
9 470 2 63 3
9 470 2 65 1
9 470 2 70 1
6 471 1 69 1
6 472 1 37 1
6 473 2 74 1
9 474 1 55 1
9 474 1 60 1
9 474 1 62 1
9 474 1 66 1
9 474 2 29 1
9 474 2 58 1
9 474 2 61 1
9 474 2 65 2
9 474 2 66 1
9 474 2 67 1
9 475 1 60 1
9 475 1 61 1
9 475 1 65 1
9 475 2 59 1
9 475 2 61 1
9 475 2 70 1
9 476 2 41 1
9 476 2 59 1
9 476 2 63 1
9 477 1 54 1
9 477 1 59 1
9 477 1 61 1
9 477 1 63 1
9 477 1 65 1
9 477 1 66 1
9 477 2 64 2
9 477 2 66 1
9 477 2 69 1
9 477 2 73 1
9 477 2 75 1
9 478 2 61 1
9 478 2 63 1
9 479 1 59 1
9 479 1 61 1
9 479 1 62 1
9 479 1 63 1
9 479 1 64 1
9 479 1 65 3
9 479 1 66 1
9 479 1 69 1
9 479 1 72 1
9 479 2 53 1
9 479 2 54 1
9 479 2 56 1
9 479 2 58 1
9 479 2 59 1
9 479 2 65 2
9 479 2 66 2
9 479 2 67 1
9 479 2 68 1
9 479 2 84 1
9 480 1 49 1
9 480 1 50 1
9 480 1 51 1
9 480 1 52 1
9 480 1 53 1
9 480 1 55 1
9 480 1 59 1
9 480 1 60 1
9 480 1 63 1
9 480 1 70 1
9 480 2 42 1
9 480 2 50 2
9 480 2 61 1
9 480 2 62 1
9 480 2 63 4
9 480 2 65 1
9 480 2 66 1
9 480 2 67 1
9 480 2 68 1
9 480 2 72 1
9 481 1 65 1
9 481 1 67 1
9 481 2 63 1
9 481 2 65 1
9 482 1 71 1
9 482 2 59 1
9 482 2 65 1
9 483 1 56 1
9 483 1 58 1
9 483 1 62 2
9 483 1 67 1
9 483 2 59 1
9 483 2 62 2
9 483 2 68 1
3 484 1 61 1
3 484 1 65 1
3 484 2 53 1
3 484 2 76 1
9 485 1 61 1
9 485 1 67 1
9 486 1 50 1
9 486 2 65 1
9 487 2 65 1
3 488 2 83 1
9 489 1 61 1
9 489 1 63 1
9 489 1 66 1
9 489 1 74 1
9 489 1 75 1
9 489 2 60 1
9 489 2 63 1
9 489 2 65 2
9 490 1 28 1
9 490 1 32 1
9 490 1 53 1
9 490 1 55 1
9 490 1 61 2
9 490 1 63 1
9 490 1 64 1
9 490 1 65 1
9 490 1 68 1
9 490 2 46 1
9 490 2 49 1
9 490 2 50 1
9 490 2 55 2
9 490 2 59 1
9 490 2 60 2
9 490 2 61 2
9 490 2 62 2
9 490 2 63 5
9 490 2 66 2
9 490 2 67 2
9 490 2 68 3
9 490 2 69 2
9 491 2 68 1
9 491 2 85 1
9 492 1 65 1
9 492 1 67 1
9 492 2 57 1
9 493 1 56 1
9 494 2 52 1
9 494 2 70 2
9 495 1 56 1
9 495 1 57 1
9 495 1 67 1
9 495 2 65 1
9 495 2 69 1
9 496 1 71 1
9 496 2 60 1
9 497 1 52 1
9 497 1 53 1
9 497 1 68 1
9 497 1 70 1
9 497 1 74 1
9 497 2 53 1
9 497 2 57 2
9 497 2 62 1
9 497 2 63 1
9 497 2 64 2
9 497 2 68 2
9 497 2 69 1
9 497 2 72 1
9 497 2 74 1
9 497 2 85 1
9 498 1 56 1
9 498 1 64 1
9 498 1 68 1
9 498 2 62 1
9 498 2 65 2
9 498 2 68 2
9 498 2 70 1
9 499 1 48 1
9 499 1 55 1
9 499 1 59 1
9 499 2 57 1
9 499 2 59 1
9 499 2 61 1
9 499 2 64 1
9 499 2 68 1
9 499 2 84 1
9 500 1 62 1
9 500 1 64 1
9 500 2 66 1
9 501 1 65 1
9 501 1 68 1
9 501 1 69 1
9 501 2 54 1
9 501 2 59 1
9 501 2 61 1
9 501 2 67 1
9 501 2 81 1
6 502 1 73 1
9 503 1 55 1
9 503 1 67 1
9 503 2 61 1
9 503 2 71 1
6 504 2 68 1
9 505 2 63 1
9 506 2 75 1
9 507 1 68 1
9 507 2 64 1
9 508 1 61 1
9 509 1 77 1
9 509 2 66 1
9 510 1 62 1
9 510 2 59 1
9 511 1 75 1
9 511 2 53 1
9 511 2 63 1
9 511 2 67 1
9 512 1 61 1
9 512 2 64 1
9 512 2 65 1
9 512 2 66 1
9 512 2 67 1
9 512 2 68 2
9 512 2 69 1
9 512 2 71 1
9 513 3 87 1
9 514 1 62 1
9 515 1 67 1
9 515 2 58 1
9 516 2 48 1
6 517 2 51 1
9 518 1 45 1
9 518 1 48 1
9 518 1 59 2
9 518 1 62 1
9 518 1 65 1
9 518 1 67 1
9 518 1 72 1
9 518 2 47 1
9 518 2 51 1
9 518 2 55 1
9 518 2 56 1
9 518 2 58 1
9 518 2 60 2
9 518 2 64 1
9 518 2 66 1
9 519 1 67 1
6 520 1 79 1
6 520 2 37 1
9 521 1 55 1
9 522 1 52 1
9 522 2 60 1
9 523 2 32 1
9 524 1 68 1
9 525 1 66 1
9 525 2 60 1
9 526 1 61 1
9 526 1 67 1
9 526 2 71 1
9 527 1 65 1
9 527 2 68 1
9 528 2 66 1
9 528 2 68 1
9 529 1 31 1
9 529 1 39 1
9 529 1 59 1
9 529 2 46 1
9 529 2 48 1
9 529 2 68 1
9 530 1 31 1
9 530 1 48 1
9 530 1 60 1
9 530 2 61 1
9 530 2 63 2
9 531 1 35 1
9 531 1 61 1
9 532 1 30 1
9 532 1 64 1
9 532 2 64 1
9 533 1 68 1
9 534 1 30 1
9 535 1 31 1
9 535 1 35 1
9 536 1 31 1
9 536 1 63 1
9 537 1 30 1
9 538 1 33 1
9 538 2 29 1
9 538 2 61 1
9 539 2 30 1
9 540 1 28 1
9 540 2 29 1
9 540 2 65 1
9 540 2 74 1
9 540 2 78 1
9 541 1 75 1
9 541 2 65 2
9 541 2 68 1
9 542 2 62 1
9 543 2 62 2
9 544 2 66 1
9 545 1 66 1
9 545 2 65 1
9 545 2 74 1
9 546 1 65 1
9 546 2 62 1
9 547 1 64 1
9 547 1 65 2
9 547 2 60 1
9 547 2 61 1
9 547 2 65 1
9 547 2 66 2
9 547 2 67 1
9 548 1 66 1
9 548 1 74 1
9 548 2 62 1
9 548 2 64 1
9 548 2 65 2
9 548 2 66 1
9 548 2 67 1
9 549 2 62 1
6 550 1 52 1
6 551 1 72 1
6 552 1 58 1
6 552 1 61 1
6 552 1 67 1
6 553 1 61 1
6 554 1 75 1
9 555 2 69 1
9 556 1 67 1
6 557 2 53 1
6 558 2 52 1
6 559 1 74 1
9 560 1 57 1
9 560 1 59 1
9 560 1 70 1
3 561 2 86 1
3 562 1 75 1
3 562 2 83 1
3 563 1 83 1
3 563 1 86 1
3 563 2 81 1
3 564 2 72 1
3 565 1 52 1
3 565 1 54 1
3 565 1 56 1
3 565 1 65 1
3 565 1 80 1
3 565 2 49 1
3 565 2 52 1
3 565 2 66 1
3 565 2 78 1
3 566 1 69 1
3 566 1 78 1
3 566 1 80 1
3 567 2 72 1
3 567 2 80 1
3 568 2 51 1
3 569 1 62 1
3 570 2 56 1
3 571 1 48 1
3 571 1 50 1
3 572 1 67 1
3 573 1 55 2
3 573 1 57 1
3 573 1 67 1
3 573 2 56 1
3 573 2 69 1
3 574 1 54 1
3 574 1 56 1
3 574 1 64 1
3 574 1 66 1
3 574 1 68 1
3 574 2 64 1
3 574 2 66 1
3 574 2 67 1
3 574 2 70 1
3 574 3 29 1
3 575 1 72 1
3 575 1 75 1
9 576 3 62 1
9 577 3 58 1
9 578 3 62 1
9 578 3 87 1
9 579 3 83 1
9 580 3 68 1
9 580 3 80 1
1 581 2 82 1
1 582 1 73 1
1 582 2 44 1
1 582 2 55 1
1 582 2 59 1
1 582 2 62 1
1 582 2 70 1
1 582 2 86 1
1 583 1 52 1
1 583 1 56 1
1 583 1 60 1
1 583 2 47 1
1 583 2 49 1
1 583 2 58 1
1 583 2 66 1
1 584 2 67 1
1 585 2 67 1
1 585 2 89 1
1 586 1 75 1
1 587 2 63 1
1 587 2 67 1
1 588 1 50 1
1 588 1 93 1
1 588 2 50 1
1 588 2 69 1
1 588 2 70 1
1 588 2 77 1
1 589 1 70 1
1 590 1 55 1
1 590 1 67 1
1 590 2 82 1
1 591 2 49 1
1 591 2 67 1
1 591 2 68 1
7 592 1 67 1
1 593 1 47 1
1 593 1 48 1
1 593 2 55 1
1 593 2 68 1
1 593 2 70 1
1 593 2 89 1
1 594 1 81 1
1 595 1 54 1
1 595 1 70 1
1 595 2 51 1
3 596 2 70 1
3 597 1 65 1
3 598 1 22 1
3 598 1 26 1
3 598 1 30 1
3 599 1 77 1
3 600 1 57 1
9 601 2 60 1
3 602 1 71 1
3 602 2 62 1
3 603 1 64 1
3 603 2 60 1
3 604 2 62 1
1 605 1 67 1
1 605 2 52 1
1 605 2 54 1
1 605 2 66 1
1 606 1 91 1
1 606 2 66 1
1 606 2 69 1
1 606 2 73 1
2 607 1 76 1
2 608 2 70 1
2 609 1 65 1
2 609 1 80 1
2 610 2 64 1
2 611 2 70 1
2 612 1 69 1
2 613 1 69 1
2 613 2 63 1
2 614 1 70 1
2 614 2 73 1
2 615 1 85 1
2 616 1 80 1
2 617 2 70 1
2 618 1 61 1
2 618 1 65 1
2 618 1 91 1
2 619 1 55 1
2 620 1 93 1
2 620 2 62 1
2 621 1 87 1
2 621 2 67 1
2 622 1 71 1
2 622 2 68 1
2 623 1 67 1
2 623 1 72 1
2 623 1 86 1
2 624 1 71 2
2 624 2 45 1
2 624 2 67 1
2 625 1 64 1
2 625 1 68 1
2 625 2 48 1
2 625 2 63 1
2 625 2 68 1
2 625 2 70 1
2 625 2 71 1
2 626 1 70 1
2 626 2 70 1
2 626 2 89 1
2 627 2 59 1
2 628 2 69 2
2 629 1 72 1
2 629 1 77 1
2 629 1 83 1
2 629 2 57 1
2 630 2 69 1
2 631 2 53 1
2 632 2 65 1
2 633 2 57 1
2 634 2 61 1
2 635 1 60 1
2 635 2 70 1
2 635 2 78 1
2 636 1 76 1
2 636 2 58 1
2 636 2 81 1
2 636 2 92 1
2 637 1 67 1
2 637 1 73 1
2 637 1 77 1
2 637 2 82 1
2 638 1 52 1
2 638 1 61 1
2 638 1 74 1
2 639 2 65 1
2 639 2 75 1
2 640 1 65 1
2 641 1 61 1
2 642 2 70 1
2 643 2 70 1
2 644 2 82 1
2 645 1 71 1
2 646 2 42 1
2 646 2 64 1
2 647 2 58 1
2 647 2 64 1
2 648 2 65 1
2 649 2 67 1
2 649 2 77 1
2 649 2 81 1
2 650 1 73 1
2 650 2 57 1
2 650 2 69 1
2 650 2 77 1
2 651 2 60 1
2 651 2 63 1
2 651 2 68 1
2 652 2 85 1
2 652 2 88 1
2 653 1 62 1
2 653 1 70 1
2 653 1 78 1
2 653 1 82 1
2 653 2 60 1
2 653 2 68 1
2 653 2 77 1
2 653 2 90 1
2 654 1 47 1
2 654 1 57 1
2 654 1 67 2
2 654 1 86 1
2 655 1 61 1
2 655 2 61 1
2 655 2 67 1
2 655 2 73 1
2 655 2 77 1
2 656 1 62 1
2 656 2 57 1
2 657 2 60 1
2 657 2 66 1
2 658 1 67 1
2 658 2 61 1
2 659 2 64 1
2 659 2 91 1
2 659 2 96 1
2 660 1 65 1
2 660 1 66 1
2 660 1 68 1
2 660 2 45 1
2 660 2 67 1
2 660 2 68 1
2 660 2 71 1
2 661 2 68 1
2 662 1 60 1
2 662 2 68 1
2 662 2 75 1
2 663 1 51 1
2 663 1 60 1
2 663 1 65 1
2 663 2 51 1
2 663 2 56 1
2 663 2 63 1
2 663 2 71 1
2 663 2 75 1
2 664 1 52 1
2 664 1 63 1
2 664 1 64 1
2 664 2 62 1
2 664 2 80 1
2 664 2 83 1
2 665 1 75 1
2 665 2 78 1
2 666 2 59 1
2 666 2 63 1
2 666 2 64 1
2 666 2 67 2
2 666 2 70 1
2 666 2 76 1
2 667 2 64 1
2 668 1 65 1
2 668 1 71 1
2 668 1 86 1
2 668 2 59 1
2 668 2 63 1
2 668 2 65 1
2 668 2 67 1
2 668 2 69 1
2 668 2 75 2
2 669 1 62 1
2 669 1 87 1
2 669 2 77 1
2 669 2 79 1
2 670 2 60 1
2 670 2 62 1
2 670 2 64 2
2 670 2 66 1
2 670 2 69 1
2 671 1 37 1
2 672 1 65 1
2 672 2 64 1
2 672 2 66 2
2 672 2 68 1
5 673 2 85 1
5 674 1 81 1
5 675 2 86 1
8 676 1 73 1
8 676 2 86 1
8 677 2 75 1
8 678 2 69 1
8 679 2 67 1
8 680 2 78 1
8 681 1 86 1
8 682 2 66 1
8 683 1 51 1
8 684 1 86 1
8 684 2 89 1
8 685 2 67 1
8 686 1 73 1
8 687 1 48 1
8 688 2 86 1
8 688 2 90 1
8 689 1 66 1
8 690 1 77 1
8 691 2 72 1
8 692 1 96 1
8 692 2 78 1
8 693 2 74 1
8 694 1 83 1
8 695 2 70 1
8 696 1 73 1
8 696 1 77 1
8 697 1 64 1
8 698 1 48 1
8 698 2 71 1
8 699 1 65 1
8 700 2 73 1
8 701 2 66 1
8 702 1 70 1
8 703 2 82 1
8 704 1 68 1
8 704 1 77 1
8 705 1 68 1
8 705 1 70 1
8 706 1 63 1
8 706 2 66 1
8 707 2 71 1
8 708 2 68 1
8 709 2 70 1
8 710 1 69 1
8 710 1 72 1
8 711 2 65 1
8 712 2 72 1
8 713 1 72 1
8 713 2 68 1
8 713 2 72 1
8 714 1 98 1
9 715 1 42 1
3 716 3 46 1
6 717 1 56 1
6 717 1 83 1
6 717 1 86 1
9 718 2 53 1
8 719 1 65 1
9 720 2 59 1
9 721 2 63 1
9 721 2 67 1
9 722 1 62 1
9 722 1 70 1
9 722 1 71 1
9 722 1 76 1
9 722 2 68 1
9 722 2 69 1
9 722 2 70 1
9 722 2 78 1
3 723 3 62 1
8 724 1 70 1
9 725 1 56 1
9 725 2 50 1
9 725 2 63 1
9 726 2 60 1
9 726 2 65 1
9 727 1 64 1
8 728 2 69 1
9 729 2 56 1
9 730 1 60 1
9 730 1 63 1
9 730 1 71 1
9 730 2 61 1
3 731 2 93 1
9 732 2 60 1
3 733 1 63 1
9 734 1 66 1
8 735 2 65 1
9 736 1 72 1
9 736 2 56 1
9 736 2 65 1
9 736 2 66 1
9 736 2 68 1
9 736 2 69 1
9 737 1 38 1
9 737 2 52 1
9 737 2 66 1
3 738 1 83 1
3 738 1 87 1
3 738 3 105 1
9 739 1 32 1
9 740 2 53 1
9 740 2 62 1
9 740 2 70 1
9 741 1 64 1
9 741 2 56 1
3 742 3 54 1
3 743 1 81 1
3 744 2 68 1
3 744 3 74 1
9 745 1 71 1
9 746 1 51 1
9 746 1 63 1
9 746 1 67 1
9 746 2 61 1
9 746 2 64 1
9 746 2 68 1
9 747 2 50 1
9 747 2 57 1
9 747 2 61 1
9 747 2 63 2
9 747 2 70 2
3 748 1 77 1
3 749 3 82 1
9 750 2 78 1
3 751 2 74 1
9 752 2 58 1
9 752 2 62 1
9 753 2 62 1
9 754 2 70 1
3 755 1 86 1
3 755 2 72 1
9 756 1 72 1
9 757 1 67 1
9 757 1 69 1
9 757 2 59 1
9 757 2 66 1
3 758 1 65 1
3 758 2 85 1
9 759 1 47 1
9 759 1 63 1
9 759 2 61 1
9 759 2 63 1
9 760 1 60 1
9 760 2 57 1
9 760 2 61 1
9 760 2 66 1
9 761 2 52 1
9 761 2 60 1
9 762 1 56 1
9 762 1 67 1
9 762 2 60 1
9 763 1 51 1
9 763 1 54 1
9 763 1 55 1
9 763 1 69 1
9 763 2 62 1
9 764 1 52 1
9 765 1 61 1
9 765 1 65 1
9 765 2 50 1
9 765 2 51 1
9 765 2 54 1
9 765 2 63 1
9 765 2 68 1
3 766 3 86 1
9 767 1 74 1
9 768 1 65 1
9 768 2 47 1
9 768 2 62 1
9 768 2 65 1
9 768 2 77 1
9 769 1 54 1
9 770 2 64 1
9 771 2 64 1
9 771 2 66 1
3 772 2 83 1
9 773 1 68 1
9 773 1 69 1
9 774 1 51 1
9 774 1 52 1
9 774 1 61 1
9 775 1 63 1
9 775 2 46 1
9 775 2 66 1
9 776 1 29 1
9 776 1 50 1
9 777 1 31 1
9 777 1 33 1
9 777 2 69 1
9 778 2 64 1
9 778 2 65 2
9 778 2 67 1
9 779 1 61 1
9 779 1 66 1
9 779 2 58 1
9 779 2 62 2
9 779 2 70 1
9 780 1 59 1
9 780 1 60 1
9 780 2 63 1
3 781 3 67 1
9 782 2 66 1
6 783 2 62 1
6 784 2 72 1
9 785 2 59 1
9 785 2 68 1
1 786 1 70 1
1 787 1 76 1
1 788 1 69 1
1 788 2 55 1
1 789 2 76 1
1 790 2 75 1
1 791 2 69 1
1 792 1 55 1
1 792 1 69 1
1 792 1 83 1
1 792 2 47 1
1 792 2 66 1
1 792 2 72 1
1 792 2 74 1
1 793 1 55 1
1 793 1 76 1
1 793 2 48 1
1 794 1 49 1
1 794 2 83 1
1 795 1 62 1
1 796 1 82 1
1 796 2 92 1
1 797 2 49 1
1 797 2 63 1
1 797 2 84 1
1 798 2 56 1
1 798 2 89 1
7 799 2 63 1
7 799 2 65 1
7 799 2 78 1
1 800 1 47 1
1 800 1 51 1
1 800 1 53 1
1 800 2 52 1
1 801 1 68 1
1 801 2 76 1
1 802 1 73 1
1 802 2 68 1
1 803 1 68 1
1 804 2 65 1
1 805 1 61 1
1 805 2 50 1
1 805 2 51 2
1 805 2 53 1
1 805 2 59 2
1 805 2 64 1
1 805 2 67 1
7 806 1 67 1
7 806 2 65 1
1 807 1 69 1
1 807 2 70 1
1 807 2 87 1
7 808 1 65 1
1 809 1 73 1
7 810 1 74 1
7 810 2 71 1
7 810 2 73 1
7 810 2 78 2
1 811 1 56 1
1 811 1 62 1
1 811 1 64 1
1 811 1 67 1
1 811 2 52 1
1 811 2 54 1
1 811 2 62 1
1 811 2 68 1
1 811 2 70 1
1 812 1 58 2
1 812 1 66 1
1 812 2 48 1
1 812 2 52 1
1 812 2 54 2
1 812 2 57 3
1 812 2 59 1
1 812 2 67 1
1 813 1 66 1
1 813 2 64 1
1 813 2 75 1
1 814 1 42 1
1 814 1 48 1
1 814 1 63 1
1 814 1 64 1
1 814 2 47 1
1 814 2 48 1
1 814 2 52 1
1 814 2 57 2
1 814 2 67 1
1 815 1 32 1
1 815 1 53 1
1 815 2 50 1
1 815 2 60 1
1 815 2 65 1
1 816 1 52 1
1 816 1 65 1
1 816 1 69 1
1 816 2 42 1
1 816 2 46 1
1 816 2 63 1
1 816 2 64 1
1 816 2 73 1
7 817 1 67 1
1 818 1 12 1
1 818 1 55 1
1 818 1 65 1
1 818 2 62 1
1 818 2 69 1
1 818 2 73 1
1 819 2 53 1
1 819 2 64 1
1 820 1 45 1
1 821 2 52 1
1 822 1 62 1
1 823 2 54 1
1 824 1 89 1
1 825 1 53 1
1 826 2 82 1
1 826 2 83 1
1 827 1 70 1
1 827 2 74 1
1 828 1 68 1
1 828 2 71 1
1 829 1 71 1
1 830 1 50 1
1 830 2 68 1
1 830 2 86 1
1 831 1 77 1
1 832 1 69 1
1 833 1 68 1
1 834 2 70 1
1 835 2 53 1
1 835 2 59 1
1 835 2 62 1
1 835 2 64 1
1 835 2 65 1
1 836 1 74 1
1 837 1 77 1
1 838 1 62 1
1 839 2 56 1
1 840 1 69 1
1 841 2 84 1
1 842 2 67 1
1 843 1 69 1
1 844 2 51 1
1 844 2 69 1
1 845 1 70 1
1 845 1 79 1
1 845 2 65 1
1 845 2 88 1
1 846 1 69 1
1 846 2 50 1
1 846 2 65 1
1 847 3 68 1
1 848 1 61 1
1 849 2 60 1
1 850 2 81 1
1 851 1 58 1
1 852 1 41 1
1 852 2 64 1
1 853 1 48 1
7 854 1 67 1
1 855 1 61 1
1 856 1 50 1
1 856 1 59 2
1 856 2 49 1
1 856 2 61 1
1 857 1 45 1
1 857 1 46 2
1 857 1 48 1
1 857 2 47 1
1 857 2 78 1
1 858 1 50 1
7 859 1 67 1
1 860 1 56 1
1 860 1 60 1
1 860 1 63 1
1 860 1 68 1
1 860 1 72 1
1 860 2 57 1
1 860 2 59 2
1 860 2 62 1
1 860 2 67 1
1 860 2 70 1
7 861 2 64 1
7 861 2 67 1
7 862 1 72 1
7 862 2 62 1
1 863 1 54 1
1 863 1 57 1
1 863 1 63 1
1 863 1 66 2
1 863 2 56 1
1 863 2 64 1
1 863 2 66 1
1 863 2 67 1
1 863 2 69 1
7 864 2 55 1
7 864 2 64 1
1 865 1 70 1
1 865 2 66 1
1 865 2 69 1
1 866 1 66 1
1 866 1 72 1
1 867 1 81 1
1 868 1 82 1
1 868 2 67 1
1 868 2 73 1
1 869 2 64 1
1 869 2 73 1
1 870 2 76 1
1 871 1 54 1
1 872 1 65 1
1 873 1 69 1
1 874 1 61 1
1 875 1 55 1
1 875 2 63 1
1 876 1 56 1
1 876 1 67 1
1 876 1 73 1
1 876 2 72 1
7 877 2 62 1
7 877 2 90 1
1 878 1 70 1
1 879 1 49 1
1 879 2 78 1
7 880 2 80 1
1 881 1 79 1
1 881 1 81 1
1 882 1 71 1
1 882 2 66 1
1 883 1 72 1
1 884 1 49 1
7 885 1 58 1
7 885 1 59 1
7 885 1 86 1
7 885 2 65 1
1 886 1 56 1
7 887 1 63 1
7 887 1 67 1
7 887 1 68 1
7 887 2 58 1
7 887 2 65 1
7 887 2 67 1
7 888 2 61 1
7 889 2 76 1
7 890 2 59 1
1 891 2 79 1
7 892 2 50 1
7 892 2 57 1
7 892 2 68 1
1 893 2 78 1
1 894 2 66 1
1 894 2 84 1
1 895 1 63 1
7 896 1 60 1
7 897 1 78 1
1 898 1 62 1
7 899 1 65 1
7 899 2 63 1
7 900 1 64 1
7 900 2 56 1
7 901 1 61 1
1 902 1 59 1
7 903 2 52 1
7 904 2 60 1
7 905 2 65 1
7 906 2 60 1
7 907 2 65 1
3 908 2 68 1
3 909 1 92 1
3 910 1 65 1
3 910 2 55 1
3 910 2 67 1
3 911 2 65 1
3 912 1 57 1
3 912 1 72 1
6 913 1 63 1
3 914 2 72 1
3 915 1 56 1
9 916 2 61 1
6 917 1 64 1
3 918 1 31 1
3 918 1 63 1
3 918 1 65 1
3 918 2 75 1
6 919 1 65 1
9 920 1 65 1
9 920 1 74 1
9 920 2 77 1
9 920 2 79 1
3 921 1 70 1
3 921 1 82 1
3 921 2 65 1
9 922 1 74 1
9 923 1 102 1
1 924 1 66 1
3 925 2 62 1
3 926 1 51 1
3 926 1 54 1
3 926 1 57 1
3 926 2 65 1
3 927 1 68 1
3 927 2 77 1
3 928 2 73 1
3 929 1 85 1
3 929 2 70 1
3 930 1 74 1
3 930 2 67 1
3 930 2 68 1
3 930 2 76 1
3 931 2 53 1
1 932 1 64 1
7 933 2 83 1
3 934 1 49 1
3 934 1 71 1
3 934 2 44 1
3 934 2 88 1
3 935 1 73 1
9 936 2 63 1
3 937 1 63 1
3 937 1 75 1
3 938 2 86 1
3 939 2 85 1
9 940 1 77 1
9 941 1 50 1
9 941 2 59 1
3 942 2 83 1
3 943 2 72 1
3 943 2 73 1
9 944 1 67 1
9 945 1 54 1
6 946 1 89 1
9 947 2 49 1
9 947 2 72 1
3 948 2 70 1
3 948 2 82 1
9 949 1 63 1
3 950 1 55 1
3 951 1 45 1
3 952 1 50 1
3 952 1 52 1
3 953 1 57 1
3 954 1 50 1
3 955 1 53 1
3 955 2 65 1
3 956 1 66 1
3 957 2 41 1
3 957 2 62 1
6 958 1 83 1
2 959 1 35 2
2 959 1 38 1
2 959 1 40 4
2 959 1 45 1
2 959 2 37 1
2 959 2 39 1
3 960 1 49 1
3 960 1 50 1
3 960 1 51 1
3 960 2 44 1
3 960 2 50 1
3 961 1 51 1
3 961 1 53 1
3 961 1 56 1
3 961 1 62 1
3 961 1 75 1
3 961 2 52 1
3 961 2 64 1
3 961 2 67 1
3 961 2 73 1
3 962 1 54 1
3 962 1 59 1
3 962 1 64 1
3 962 2 54 1
2 963 1 51 1
2 963 1 59 1
2 963 2 27 1
2 963 2 57 1
2 964 1 57 1
3 965 1 58 1
3 966 1 39 1
3 966 1 48 1
3 966 1 67 1
3 966 2 49 1
3 966 2 50 1
2 967 1 54 1
2 967 1 60 1
2 967 2 71 1
2 968 1 58 1
2 968 1 64 1
9 969 1 68 2
3 970 1 45 1
3 970 1 65 1
3 970 2 49 1
3 970 2 53 1
3 970 2 63 1
3 970 2 64 1
3 970 2 65 1
9 971 2 70 1
9 971 2 73 1
9 971 2 74 1
9 972 1 73 1
9 973 1 67 1
3 974 1 53 1
9 975 1 62 1
3 976 2 82 1
3 977 1 65 1
3 977 1 74 1
3 978 1 44 1
3 978 1 56 1
3 978 2 26 1
3 978 2 55 1
3 978 3 28 1
3 979 1 51 1
3 979 1 69 1
3 979 1 76 1
3 979 2 46 1
3 979 2 82 1
9 980 1 68 1
3 981 1 52 1
3 981 1 64 1
3 982 1 59 1
3 982 1 85 1
3 983 1 27 1
3 983 1 38 1
3 983 1 40 1
3 983 1 45 1
3 983 1 46 1
3 983 1 52 1
3 983 2 43 1
3 983 2 46 1
3 983 2 47 1
3 983 2 48 1
3 983 2 49 2
3 983 2 52 1
3 984 2 75 1
3 985 1 65 1
3 985 2 63 1
3 986 3 81 1
3 987 3 72 1
1 988 2 66 1
7 989 2 88 1
7 990 1 58 1
1 991 2 56 1
1 992 2 51 1
1 993 1 52 1
1 993 1 65 1
1 993 1 67 1
1 993 1 68 1
1 993 2 45 1
1 993 2 55 2
1 993 2 65 1
1 993 2 67 1
1 993 2 70 2
7 994 1 69 1
7 995 1 65 1
7 996 1 61 1
1 997 1 87 1
1 998 2 77 1
7 999 1 59 1
1 1000 3 63 1
1 1001 1 73 1
1 1001 2 81 1
1 1002 2 85 1
1 1002 2 88 1
1 1003 2 81 1
1 1004 1 86 1
1 1005 2 88 1
1 1005 3 80 1
1 1006 2 80 1
1 1007 1 86 1
1 1008 2 92 1
4 1009 1 64 1
7 1010 1 70 1
1 1011 3 56 1
1 1011 3 58 1
1 1012 1 57 1
1 1013 2 60 1
1 1014 1 81 1
1 1015 2 76 2
1 1016 2 65 1
1 1017 1 84 1
1 1018 3 64 1
1 1019 2 53 1
1 1019 2 55 1
1 1019 2 56 1
9 1020 1 72 1
6 1021 2 85 1
6 1022 2 83 1
1 1023 1 43 1
1 1023 1 53 2
1 1023 2 56 1
1 1023 2 62 1
1 1023 2 65 2
1 1024 1 55 1
1 1024 2 50 1
1 1024 2 72 1
1 1025 1 56 1
1 1025 1 63 1
1 1025 1 67 1
1 1025 2 54 1
1 1025 2 63 1
1 1025 2 65 1
1 1025 2 72 1
1 1026 1 54 1
1 1026 2 81 1
1 1027 2 73 1
1 1028 1 51 1
1 1028 2 62 1
1 1028 2 79 1
1 1029 2 46 1
1 1029 2 67 1
1 1029 2 82 1
1 1030 1 77 1
1 1031 1 73 1
1 1032 2 68 1
1 1033 2 66 2
1 1033 2 69 2
1 1033 2 70 1
1 1034 1 72 1
1 1034 2 51 1
1 1034 2 61 1
1 1034 2 68 1
7 1035 1 70 1
1 1036 1 49 1
1 1036 1 58 1
1 1036 2 57 1
7 1037 1 79 1
1 1038 1 50 1
1 1038 1 51 1
1 1038 1 55 1
1 1038 1 57 1
1 1038 1 62 1
1 1038 2 53 1
1 1038 2 55 1
1 1038 2 59 1
1 1039 1 65 1
1 1039 2 71 1
1 1040 1 69 1
1 1040 2 63 1
1 1041 2 63 1
1 1042 2 65 1
1 1043 1 52 1
1 1044 1 70 1
1 1045 1 65 1
1 1046 2 68 1
1 1047 2 67 1
1 1047 2 83 1
1 1048 2 60 1
1 1049 1 48 1
1 1049 1 74 1
1 1050 1 50 1
1 1050 2 81 1
1 1051 1 82 1
1 1051 2 46 1
1 1052 1 50 1
1 1052 2 50 1
1 1053 1 69 1
1 1053 2 54 1
1 1053 2 85 1
1 1054 1 76 1
1 1055 2 68 1
1 1056 1 67 1
1 1057 1 65 1
1 1058 1 68 1
1 1059 2 69 1
1 1060 2 90 1
7 1061 1 60 1
7 1061 1 66 1
7 1061 1 68 2
7 1061 1 72 1
7 1061 2 62 1
7 1061 2 83 1
1 1062 2 62 1
1 1062 2 68 1
1 1063 2 80 1
1 1064 2 68 1
7 1065 1 62 1
7 1065 1 67 1
7 1065 1 68 1
7 1065 1 70 1
7 1065 2 71 1
1 1066 2 88 1
1 1067 1 78 1
1 1068 2 66 1
1 1069 2 68 1
1 1070 1 71 1
1 1071 1 55 1
1 1072 2 67 1
1 1073 2 65 1
7 1074 2 84 1
1 1075 1 55 1
1 1075 2 68 1
1 1076 1 70 1
1 1077 2 64 1
1 1078 1 58 1
1 1078 2 64 1
1 1079 1 98 1
7 1080 1 69 1
7 1080 1 72 1
7 1080 1 74 1
7 1080 1 88 1
7 1080 2 62 1
7 1080 2 64 1
7 1080 2 68 1
7 1080 2 72 2
7 1080 2 84 1
1 1081 1 71 1
1 1082 1 69 1
1 1083 1 48 1
1 1084 1 53 1
7 1085 2 64 1
1 1086 2 69 1
1 1087 1 69 1
1 1088 1 65 1
1 1088 2 67 1
1 1089 1 65 1
1 1089 2 67 1
1 1089 2 69 1
1 1090 1 55 1
1 1090 1 62 1
1 1090 1 69 1
1 1090 2 49 1
1 1090 2 51 1
1 1090 2 60 1
1 1090 2 63 2
1 1090 2 67 1
1 1090 2 70 1
1 1091 1 62 1
1 1091 2 62 1
7 1092 1 71 1
7 1093 1 84 1
1 1094 2 72 1
1 1095 2 58 1
1 1096 2 93 1
1 1097 1 73 1
1 1097 1 76 1
1 1097 1 88 1
1 1097 2 80 1
1 1098 1 73 1
1 1098 1 76 1
1 1098 1 92 1
1 1098 1 93 1
1 1098 2 68 1
1 1099 1 62 1
1 1099 1 63 1
1 1099 1 66 1
1 1099 1 74 1
1 1099 2 78 1
1 1099 2 85 1
7 1100 2 65 1
7 1101 2 61 1
7 1101 2 62 1
7 1102 2 61 1
1 1103 1 60 1
1 1103 1 61 1
1 1103 1 63 1
1 1103 1 70 1
1 1103 1 71 1
1 1103 1 74 1
1 1103 2 67 1
1 1104 2 65 1
1 1104 2 83 1
1 1105 1 50 1
1 1105 1 53 1
1 1105 1 68 1
1 1105 1 69 1
1 1105 1 74 1
1 1105 2 46 1
1 1105 2 64 1
1 1106 1 61 1
1 1106 1 68 2
1 1106 1 73 1
1 1106 1 84 1
1 1106 1 94 2
1 1106 2 66 1
1 1106 2 68 3
1 1106 2 76 1
1 1106 2 80 1
1 1106 2 92 1
1 1107 3 72 1
1 1108 1 60 1
1 1108 1 83 1
1 1109 2 71 1
1 1109 2 72 1
1 1110 2 53 1
1 1110 2 55 1
1 1110 2 56 1
1 1111 1 52 1
1 1111 1 57 1
1 1111 1 65 1
1 1111 1 66 1
1 1111 1 67 1
1 1111 2 63 1
1 1111 2 67 1
1 1111 2 69 1
1 1111 2 70 1
1 1111 2 71 1
1 1112 1 66 1
7 1113 2 85 1
7 1114 2 71 1
7 1115 2 72 1
1 1116 1 53 1
7 1117 2 57 1
7 1117 2 67 1
1 1118 1 75 1
1 1119 2 81 1
7 1120 1 66 1
7 1121 2 56 1
7 1122 2 68 1
7 1123 1 77 1
7 1124 2 66 1
7 1125 1 62 1
7 1126 1 58 1
7 1127 2 68 1
7 1128 1 66 1
7 1129 2 70 1
1 1130 1 78 1
1 1130 2 45 1
1 1130 2 53 1
1 1130 2 86 1
1 1131 1 57 1
1 1131 1 65 1
1 1131 1 69 1
1 1131 1 70 1
1 1131 2 48 1
1 1131 2 50 1
1 1131 2 63 1
1 1131 2 68 1
1 1131 2 78 1
1 1132 1 59 1
1 1132 1 67 1
1 1132 2 52 1
1 1132 2 64 1
1 1132 2 84 1
1 1133 1 45 1
1 1133 2 67 1
1 1134 1 55 1
1 1134 1 64 1
1 1134 2 66 1
1 1134 2 69 1
1 1134 2 96 1
1 1135 1 69 1
1 1136 1 51 1
1 1136 1 62 1
1 1136 1 73 1
1 1136 2 68 1
1 1136 2 76 1
1 1137 1 56 1
1 1137 1 71 1
1 1137 1 75 1
1 1137 2 63 1
1 1137 2 80 1
7 1138 2 89 1
1 1139 1 68 1
1 1139 2 70 1
7 1140 1 93 1
1 1141 1 54 1
1 1141 2 63 1
1 1142 1 57 1
1 1142 1 60 1
1 1142 2 65 1
1 1142 2 67 1
1 1143 1 52 1
1 1143 2 72 1
1 1144 1 68 1
1 1144 2 79 1
1 1145 1 68 1
1 1145 2 58 1
7 1146 2 73 1
1 1147 1 66 1
1 1148 1 69 1
1 1148 1 72 1
1 1148 2 62 1
1 1149 3 88 1
1 1150 1 59 1
1 1151 1 84 1
1 1151 2 84 1
1 1152 1 71 1
1 1152 2 71 1
1 1152 3 92 1
1 1153 2 52 1
1 1154 2 67 1
1 1155 2 72 1
1 1156 2 57 1
1 1157 2 79 1
1 1158 2 85 1
1 1159 2 80 1
1 1160 2 70 1
1 1160 2 95 1
1 1161 1 88 1
1 1162 1 56 1
1 1163 1 54 1
1 1163 1 87 1
1 1163 2 63 1
7 1164 1 68 1
1 1165 1 64 1
1 1165 2 80 1
1 1166 1 65 1
1 1166 1 67 1
1 1166 2 50 1
1 1167 1 56 1
1 1167 2 55 1
1 1167 2 60 1
1 1168 1 48 1
1 1168 1 52 1
1 1168 1 57 1
1 1168 2 68 2
1 1169 1 65 2
1 1169 1 70 1
1 1169 2 51 1
1 1169 2 58 1
1 1169 2 71 1
1 1170 2 64 1
1 1171 2 90 1
1 1172 2 74 1
7 1173 1 68 1
7 1173 2 62 1
1 1174 2 53 1
7 1175 1 69 1
7 1176 2 59 1
1 1177 2 93 1
6 1178 3 76 1
6 1179 3 84 1
1 1180 1 49 1
1 1180 2 54 1
1 1180 2 68 1
1 1181 2 65 1
7 1182 1 77 1
7 1183 1 68 1
1 1184 2 68 1
1 1185 2 68 1
1 1186 1 52 1
1 1186 1 60 1
1 1187 2 50 1
1 1188 2 60 1
1 1189 1 55 1
1 1189 1 57 1
1 1190 1 59 1
1 1191 1 58 1
1 1192 2 63 1
7 1193 2 75 1
1 1194 1 57 1
1 1195 1 59 1
1 1196 2 52 1
1 1197 1 69 1
1 1197 1 71 1
1 1197 1 74 1
1 1198 1 49 1
1 1199 2 75 1
1 1200 1 43 1
1 1201 1 60 1
1 1202 2 61 1
1 1203 1 70 1
1 1204 2 55 1
1 1205 1 79 1
7 1206 1 75 1
1 1207 2 72 1
1 1208 2 62 1
1 1209 1 55 1
1 1209 1 63 1
1 1210 2 58 1
7 1211 1 47 1
7 1211 2 58 1
1 1212 2 68 1
1 1213 1 75 1
1 1214 1 50 1
1 1215 1 53 1
1 1216 1 50 1
1 1217 1 65 1
1 1218 2 48 1
1 1219 2 53 1
1 1220 1 68 1
1 1220 1 73 1
7 1221 2 60 1
7 1222 2 53 1
1 1223 2 76 1
7 1224 2 90 1
1 1225 1 50 1
7 1226 1 72 1
7 1226 2 64 1
1 1227 2 68 1
7 1228 1 72 1
7 1228 1 74 2
7 1228 1 94 1
7 1228 2 66 1
7 1228 2 67 1
1 1229 2 58 1
1 1230 1 76 1
1 1231 2 69 1
2 1232 1 63 1
2 1232 1 70 1
2 1233 1 66 1
2 1234 2 77 1
2 1234 2 94 1
8 1235 2 69 1
2 1236 1 78 1
8 1237 1 74 1
8 1237 2 79 1
8 1238 1 67 1
8 1238 2 60 1
8 1238 2 65 1
8 1238 2 78 1
2 1239 2 66 1
2 1240 1 77 1
8 1241 2 62 1
2 1242 1 71 1
2 1243 1 72 1
8 1244 1 66 1
8 1244 1 74 1
8 1245 2 66 1
2 1246 2 69 1
8 1247 1 61 1
8 1248 1 64 1
8 1248 2 55 1
8 1248 2 56 1
8 1248 2 64 1
8 1248 2 65 1
8 1248 2 70 1
8 1249 2 62 1
8 1250 2 90 1
8 1251 1 63 1
8 1251 1 65 1
8 1251 2 59 1
8 1251 2 62 1
8 1251 2 63 1
8 1252 2 62 1
8 1253 2 62 1
8 1254 2 67 1
8 1254 3 75 1
8 1255 1 70 1
8 1256 2 87 1
8 1257 1 63 1
8 1258 1 60 1
8 1258 2 71 2
2 1259 2 65 1
2 1260 2 69 1
2 1260 3 73 1
2 1261 1 52 1
2 1261 1 85 1
2 1262 1 55 1
2 1262 1 65 1
2 1262 1 75 1
2 1262 2 61 1
2 1262 2 62 1
2 1263 2 75 1
2 1264 2 67 1
2 1265 1 74 1
2 1266 2 68 1
8 1267 2 78 1
8 1268 2 80 1
8 1269 2 80 1
8 1270 2 61 1
8 1271 2 61 1
8 1271 2 64 1
8 1272 2 59 1
8 1272 2 62 1
8 1273 1 63 1
8 1273 1 64 1
8 1273 1 67 1
8 1273 1 68 2
8 1273 1 72 2
8 1273 2 62 1
8 1273 2 65 1
8 1273 2 67 1
8 1274 1 61 1
8 1274 2 61 2
8 1274 2 62 1
8 1275 1 65 1
8 1275 2 48 1
8 1275 2 64 1
8 1276 1 61 1
8 1276 2 64 1
8 1276 2 65 1
8 1277 1 57 1
8 1277 1 60 1
8 1277 1 63 2
8 1277 1 64 1
8 1277 1 65 1
8 1277 2 58 1
8 1277 2 62 1
8 1277 2 63 1
8 1277 2 66 1
8 1277 2 70 1
8 1278 1 63 1
8 1279 2 58 1
8 1280 1 49 1
8 1280 1 51 1
8 1280 1 57 1
8 1280 1 58 1
8 1280 1 59 1
8 1280 1 60 1
8 1280 1 64 1
8 1280 1 66 2
8 1280 2 61 1
8 1280 2 62 1
8 1280 2 63 1
8 1280 2 64 1
8 1280 2 66 1
8 1280 2 70 1
8 1281 1 61 1
8 1281 2 67 1
8 1281 2 72 1
8 1282 1 60 1
8 1282 1 61 2
8 1282 1 62 2
8 1282 1 67 1
8 1282 1 68 1
8 1282 1 73 1
8 1282 2 58 1
8 1282 2 62 3
8 1282 2 64 2
8 1282 2 65 2
8 1282 2 66 1
8 1283 1 62 1
8 1283 1 64 1
8 1283 2 61 1
8 1284 2 54 1
8 1285 1 53 1
8 1285 1 63 1
8 1285 1 64 1
8 1285 1 66 1
8 1285 1 85 1
8 1286 1 62 1
8 1286 1 64 1
8 1286 1 70 1
8 1287 1 61 1
8 1287 1 65 1
8 1287 2 66 1
8 1288 1 67 1
8 1288 2 55 1
8 1288 2 62 1
8 1289 1 63 1
8 1289 1 64 1
8 1289 1 67 1
8 1289 2 67 1
8 1290 2 67 1
8 1290 2 69 1
8 1291 1 55 1
8 1291 2 65 1
8 1292 1 58 1
8 1292 1 61 1
8 1292 2 62 1
8 1292 2 63 1
8 1293 2 58 1
8 1293 2 64 1
8 1294 1 65 1
8 1295 1 69 1
8 1295 2 66 1
8 1296 1 61 1
8 1296 2 65 1
8 1296 2 83 1
8 1297 1 60 1
8 1297 2 56 1
8 1297 2 74 1
8 1298 1 63 1
8 1298 1 65 1
8 1298 1 67 1
8 1299 2 66 1
8 1300 2 65 1
8 1300 2 78 1
8 1301 1 63 1
8 1302 1 59 1
8 1302 1 62 2
8 1302 2 60 1
8 1302 2 62 1
8 1302 2 64 1
8 1303 2 63 1
8 1304 2 71 1
8 1305 1 66 1
8 1305 2 65 1
8 1306 1 62 1
8 1306 2 66 1
8 1307 2 65 1
8 1308 2 60 1
8 1308 2 61 2
8 1308 2 63 1
8 1308 2 65 1
8 1308 2 67 1
8 1309 1 66 1
8 1309 2 50 1
8 1309 2 63 1
8 1309 2 82 1
5 1310 1 60 1
5 1310 2 62 1
5 1310 2 67 1
5 1310 2 80 1
8 1311 2 61 1
8 1312 1 61 1
8 1312 1 63 1
8 1313 2 62 1
8 1314 1 69 1
8 1314 2 65 1
8 1315 1 61 1
8 1315 1 64 1
8 1315 2 78 1
1 1316 1 61 1
1 1316 1 67 1
1 1316 1 73 1
1 1316 2 70 1
1 1317 1 73 1
1 1317 1 76 1
1 1318 1 72 1
1 1318 1 79 1
1 1319 2 79 1
1 1320 2 52 1
1 1321 3 69 1
1 1321 3 70 1
1 1322 3 64 1
1 1322 3 67 1
1 1323 3 74 1
1 1323 3 79 1
1 1324 3 71 1
1 1324 3 72 1
1 1325 1 67 1
1 1325 1 70 1
1 1325 1 74 1
1 1325 2 60 1
1 1325 2 67 1
1 1325 2 70 1
1 1326 1 57 1
1 1326 1 68 1
1 1326 2 69 1
7 1327 1 73 1
7 1327 2 80 1
1 1328 1 73 1
1 1328 2 71 1
1 1329 1 68 1
1 1329 1 70 1
1 1329 2 63 1
1 1329 2 74 1
1 1330 1 67 1
1 1330 1 71 1
1 1330 2 66 1
1 1330 2 72 1
3 1331 2 52 1
3 1332 2 43 1
3 1332 2 64 1
3 1332 2 70 1
9 1333 1 59 1
9 1334 2 82 1
9 1335 1 60 1
9 1336 2 48 1
9 1336 2 72 1
9 1337 1 65 1
9 1338 1 68 1
9 1338 2 60 1
9 1338 2 66 1
9 1339 2 68 1
9 1340 2 45 1
9 1341 2 75 1
3 1342 1 62 1
9 1343 2 73 1
9 1344 1 60 1
9 1345 1 82 1
6 1346 1 72 1
3 1347 2 62 1
6 1348 1 85 1
6 1349 1 73 1
6 1350 2 77 1
9 1351 1 71 1
3 1352 1 50 1
3 1352 2 78 1
9 1353 2 75 1
9 1354 1 66 1
9 1354 2 68 1
9 1355 2 71 2
9 1356 1 73 1
9 1357 1 70 1
3 1358 1 63 1
3 1359 1 51 1
1 1360 1 52 1
1 1360 2 46 1
1 1360 2 47 1
1 1360 2 60 1
7 1361 1 75 1
1 1362 1 76 1
1 1362 2 61 1
1 1362 2 74 1
1 1363 2 63 1
1 1363 2 89 1
1 1364 2 54 1
1 1364 2 72 1
1 1364 2 90 1
1 1365 2 47 1
1 1365 2 74 1
1 1365 2 91 1
1 1366 1 53 1
1 1366 1 68 1
1 1366 2 75 1
1 1367 2 88 1
1 1368 1 39 1
1 1368 1 80 1
1 1369 2 66 1
1 1369 2 79 1
1 1370 1 70 1
1 1371 2 69 1
1 1372 1 67 1
1 1373 2 60 1
1 1373 2 69 1
1 1373 2 79 1
1 1374 2 85 1
1 1375 1 52 1
1 1375 1 85 1
1 1375 2 65 1
1 1375 2 66 1
1 1375 2 71 1
1 1375 3 66 1
1 1376 1 65 1
1 1377 1 47 1
1 1377 1 68 1
7 1378 2 63 1
7 1378 2 66 1
1 1379 2 72 1
1 1380 1 73 1
1 1380 1 74 1
1 1381 1 94 1
1 1382 1 69 1
1 1383 1 68 1
1 1383 2 63 1
1 1383 2 65 1
1 1383 2 66 1
7 1384 2 67 1
1 1385 1 66 1
1 1386 1 56 1
1 1386 1 68 1
1 1386 2 68 2
1 1387 1 64 1
1 1387 2 50 1
1 1387 2 77 1
1 1388 1 67 1
1 1388 2 60 1
1 1388 2 64 1
1 1388 2 66 1
1 1388 2 69 1
1 1389 1 45 1
1 1389 1 63 2
1 1389 1 65 1
1 1389 2 58 1
1 1389 2 64 1
1 1389 2 66 1
1 1389 2 86 1
1 1390 1 54 2
1 1390 1 59 1
1 1390 1 63 1
1 1390 1 71 1
1 1390 2 28 1
1 1390 2 57 1
1 1390 2 64 1
1 1391 1 54 1
1 1391 1 64 1
1 1391 2 68 1
1 1392 1 77 1
1 1392 2 69 1
1 1392 2 75 1
1 1393 3 67 1
1 1394 1 55 1
1 1394 1 57 1
1 1394 1 67 2
1 1394 1 75 1
1 1394 1 94 1
1 1394 2 79 1
1 1395 1 63 2
1 1395 2 69 1
1 1396 2 79 1
1 1397 2 86 1
7 1398 2 67 1
7 1398 2 77 1
1 1399 1 87 1
1 1399 2 74 1
1 1399 2 87 1
1 1400 1 70 1
1 1400 1 73 1
1 1401 1 68 1
1 1401 2 67 1
1 1402 2 64 1
1 1402 2 66 1
1 1403 2 63 1
1 1403 2 66 1
7 1404 1 60 1
7 1405 1 60 1
1 1406 1 74 1
1 1407 1 69 1
1 1407 2 41 1
1 1407 2 61 1
1 1408 1 70 1
1 1408 2 61 1
1 1408 2 69 1
1 1409 2 64 1
1 1410 1 77 1
1 1410 1 86 1
1 1410 2 63 1
1 1410 2 80 1
1 1410 2 84 1
2 1411 1 56 1
2 1411 2 95 1
2 1412 1 56 1
2 1412 1 66 1
2 1412 2 52 1
2 1412 2 72 1
2 1413 1 68 1
2 1413 2 49 1
2 1414 1 66 1
2 1415 1 66 1
2 1416 1 59 1
2 1417 2 63 1
2 1418 1 55 1
2 1418 1 57 1
2 1418 1 73 1
2 1418 2 46 1
2 1419 1 64 1
2 1419 2 65 1
2 1420 2 77 1
2 1421 1 68 1
2 1422 2 39 1
2 1422 2 50 1
2 1423 1 49 1
2 1423 1 59 1
2 1423 1 64 1
2 1423 2 66 2
2 1423 2 68 1
2 1424 1 69 1
2 1424 2 57 1
2 1424 2 65 1
2 1424 2 85 1
2 1425 2 54 1
2 1426 2 47 1
2 1426 2 54 1
2 1427 1 68 1
2 1427 2 64 1
2 1427 2 70 1
2 1428 1 78 1
2 1429 2 55 1
2 1429 2 64 1
2 1429 2 69 1
2 1430 2 65 2
2 1431 2 45 1
2 1431 2 63 1
2 1432 2 89 1
2 1433 1 60 1
2 1433 2 69 1
2 1434 1 61 1
2 1435 1 59 1
2 1435 1 75 1
2 1435 2 64 1
2 1436 2 73 1
2 1437 1 43 1
2 1438 2 67 1
2 1439 2 59 1
2 1440 2 67 1
2 1441 1 64 1
2 1442 2 44 1
2 1443 1 70 1
8 1444 1 71 1
2 1445 1 45 1
2 1445 1 47 1
2 1445 1 54 1
2 1445 2 48 1
2 1445 2 49 2
2 1445 2 51 1
2 1445 2 54 1
2 1445 2 55 1
2 1445 2 57 1
2 1445 2 59 2
2 1445 2 62 1
8 1446 1 70 1
8 1447 1 84 1
2 1448 1 40 1
2 1448 1 47 1
2 1448 1 48 3
2 1448 1 49 1
2 1448 1 50 1
2 1448 1 54 1
2 1448 1 56 2
2 1448 1 57 2
2 1448 1 59 1
2 1448 1 65 1
2 1448 2 46 1
2 1448 2 47 1
2 1448 2 52 1
2 1448 2 54 1
2 1448 2 57 1
2 1448 2 62 2
2 1448 2 64 2
2 1448 2 69 3
8 1449 1 67 1
2 1450 2 70 1
8 1451 1 76 1
8 1452 1 81 1
2 1453 1 58 1
2 1453 1 62 1
2 1453 1 69 1
2 1454 1 83 1
2 1454 2 70 1
2 1455 1 50 1
2 1455 1 53 1
2 1456 1 62 1
2 1457 2 57 1
2 1458 2 55 1
2 1459 2 59 1
2 1460 1 61 1
2 1460 1 68 1
2 1460 2 57 1
2 1460 2 65 1
2 1460 2 66 1
2 1460 2 88 1
2 1461 2 86 1
1 1462 2 70 1
1 1463 2 39 1
1 1464 2 49 1
3 1465 3 76 1
3 1466 2 63 1
3 1467 1 60 1
3 1468 2 55 1
6 1469 1 61 1
9 1470 2 66 1
6 1471 1 65 1
1 1472 2 66 1
1 1473 1 54 1
1 1473 1 57 1
1 1473 1 62 1
1 1473 1 63 1
1 1473 1 69 1
1 1473 2 75 1
1 1474 1 67 1
1 1474 2 58 1
1 1474 2 60 1
1 1474 2 62 1
1 1475 1 68 1
1 1475 1 69 1
1 1475 2 56 1
1 1475 2 66 1
1 1476 2 76 1
1 1477 1 71 1
1 1477 1 95 1
1 1478 2 67 1
7 1479 2 63 1
1 1480 2 67 1
1 1480 2 94 1
1 1481 1 48 1
1 1481 1 50 1
1 1481 1 51 1
1 1481 1 56 1
1 1481 1 69 1
1 1481 2 51 1
1 1481 2 52 2
1 1481 2 56 1
1 1481 2 57 2
1 1482 1 50 1
1 1482 2 64 1
1 1482 2 65 1
1 1482 2 67 1
1 1483 2 64 1
1 1483 2 65 1
1 1483 2 68 1
1 1483 2 72 1
1 1484 1 78 1
1 1484 2 52 1
1 1484 2 56 1
1 1484 2 62 1
1 1485 2 68 1
1 1485 2 74 1
1 1486 1 47 1
1 1486 1 55 1
1 1486 1 58 1
1 1486 1 89 1
1 1486 2 68 1
1 1486 2 69 1
1 1487 1 49 1
1 1487 1 51 1
1 1487 1 59 1
1 1487 1 65 1
1 1487 2 59 1
1 1487 2 60 1
1 1487 2 66 1
1 1487 2 71 1
1 1487 2 81 1
1 1488 1 66 1
1 1488 2 80 1
1 1489 2 68 1
7 1490 1 80 1
7 1491 1 82 1
1 1492 1 53 1
1 1492 1 63 1
1 1492 2 48 1
1 1493 1 48 1
1 1493 1 52 1
1 1493 1 62 1
1 1493 1 63 1
1 1493 2 50 1
1 1493 2 51 1
1 1493 2 53 1
1 1493 2 56 1
1 1493 2 60 1
1 1493 2 65 1
1 1493 2 66 1
1 1493 2 68 1
1 1494 1 58 1
1 1495 1 65 1
1 1495 2 52 1
1 1495 2 83 1
1 1496 1 64 1
1 1496 2 59 1
1 1496 2 66 1
1 1496 2 72 1
1 1496 2 87 1
1 1497 2 79 1
1 1498 1 71 1
1 1498 2 61 1
1 1498 2 67 1
1 1499 2 64 1
1 1500 1 66 1
1 1500 1 91 1
1 1500 2 66 1
1 1500 3 29 1
1 1501 1 52 1
1 1501 1 82 1
1 1501 2 67 1
1 1502 1 69 1
1 1502 2 50 1
1 1503 1 51 1
1 1503 1 68 1
1 1503 2 27 1
1 1503 2 54 1
1 1503 2 57 1
1 1503 2 72 1
1 1503 2 73 1
1 1504 2 60 1
1 1504 2 78 1
1 1505 1 76 1
1 1505 2 48 1
1 1505 2 53 1
7 1506 1 63 1
1 1507 1 57 1
1 1508 1 68 1
1 1508 2 38 1
7 1509 1 59 1
7 1510 2 61 1
7 1511 1 64 1
7 1512 2 66 1
7 1513 2 67 1
1 1514 2 66 1
1 1515 2 50 1
1 1516 1 66 1
1 1517 2 69 1
1 1518 1 63 1
1 1518 1 64 1
2 1519 1 86 1
2 1519 2 85 1
3 1520 2 84 1
3 1521 2 62 1
3 1522 2 87 1
3 1523 2 83 1
3 1524 2 72 1
3 1525 2 81 1
3 1526 1 51 2
3 1526 1 52 1
3 1526 1 62 1
3 1526 1 64 1
3 1526 1 67 1
3 1526 1 77 1
3 1526 2 53 1
3 1526 2 59 1
3 1526 2 65 1
3 1526 2 66 1
3 1526 2 70 1
3 1527 1 74 2
3 1527 2 62 1
3 1528 1 64 1
3 1529 1 73 1
3 1530 2 86 1
3 1531 1 66 1
6 1532 1 66 1
6 1532 2 56 1
3 1533 1 87 1
9 1534 1 72 1
3 1535 1 67 1
3 1536 2 90 1
3 1536 3 48 1
1 1537 3 57 1
1 1538 3 53 1
1 1539 2 69 1
1 1540 1 52 1
1 1540 1 67 1
1 1540 2 60 1
1 1541 2 70 1
1 1542 1 61 1
1 1542 1 65 1
1 1542 2 63 1
1 1543 1 55 1
1 1543 1 73 1
1 1544 1 62 1
1 1544 2 62 1
7 1545 1 62 1
1 1546 1 74 1
1 1547 2 64 1
1 1548 1 57 1
1 1549 2 68 1
1 1550 1 56 1
1 1550 1 66 1
1 1551 2 56 1
1 1551 2 67 1
1 1552 1 66 1
1 1552 2 70 1
1 1553 1 57 1
1 1554 1 73 1
1 1555 1 78 1
7 1556 2 75 1
1 1557 3 50 1
1 1557 3 56 1
1 1558 2 69 1
1 1559 2 71 1
1 1560 2 48 1
1 1561 1 65 1
1 1561 2 66 1
1 1561 2 67 1
1 1561 3 54 1
1 1561 3 66 1
1 1562 2 50 1
1 1563 1 62 1
1 1564 1 68 1
1 1564 1 74 1
1 1564 2 52 1
1 1564 2 66 1
1 1565 1 60 1
1 1565 1 76 1
1 1565 2 68 1
1 1566 1 58 1
1 1566 1 60 1
1 1566 1 69 1
1 1566 2 49 1
1 1567 1 56 1
1 1567 1 63 1
1 1567 2 64 1
1 1568 1 56 1
1 1568 2 65 1
1 1569 1 66 2
1 1570 2 66 1
1 1571 2 64 1
1 1572 2 66 1
1 1573 1 71 1
1 1574 1 66 1
1 1575 1 85 1
1 1576 2 59 1
1 1577 1 67 1
1 1577 2 58 1
1 1577 2 64 1
1 1578 1 68 1
1 1578 1 71 1
1 1578 1 77 1
1 1578 2 60 1
1 1579 1 64 1
1 1579 2 66 1
1 1579 2 67 1
1 1579 2 69 1
1 1579 2 78 1
1 1580 1 57 1
1 1580 1 59 1
7 1581 2 72 1
7 1582 1 77 1
7 1583 1 64 2
7 1583 1 66 1
7 1583 1 68 1
7 1583 2 70 1
7 1584 1 66 1
7 1584 1 70 1
7 1584 2 63 1
7 1584 2 66 1
7 1584 2 71 1
7 1585 2 74 1
7 1586 2 67 1
7 1587 1 62 1
7 1588 1 64 1
7 1588 1 67 1
7 1588 2 59 1
7 1588 2 65 1
7 1589 1 65 1
7 1589 2 66 1
7 1589 2 68 1
7 1590 1 63 1
7 1590 1 74 1
7 1590 2 62 1
7 1590 2 65 1
7 1591 1 63 1
7 1591 1 64 1
7 1591 1 65 1
7 1592 2 59 1
7 1592 2 64 1
7 1592 2 74 1
1 1593 2 66 1
1 1594 1 78 1
1 1594 1 81 1
1 1594 1 98 1
1 1594 2 69 1
1 1594 2 70 1
1 1595 1 68 1
1 1596 1 69 1
1 1596 2 71 1
1 1597 2 72 1
1 1598 1 65 1
1 1599 1 53 1
1 1599 1 65 1
1 1599 2 43 1
1 1599 2 66 2
1 1599 2 67 1
1 1599 2 68 1
1 1599 2 71 1
1 1599 2 73 1
1 1599 2 76 1
1 1599 2 90 1
1 1600 1 65 1
1 1600 2 68 1
1 1601 2 71 1
1 1601 3 45 1
1 1601 3 52 1
1 1602 1 54 2
1 1602 1 56 1
1 1602 1 66 1
1 1602 1 68 2
1 1602 1 71 1
1 1602 1 75 1
1 1602 1 84 1
1 1602 2 52 1
1 1602 2 62 1
1 1602 2 63 1
1 1602 2 64 1
1 1602 2 66 2
1 1602 2 68 2
1 1602 2 70 1
1 1602 2 91 1
1 1602 3 45 1
1 1602 3 46 1
1 1603 1 61 1
1 1603 1 64 1
1 1603 1 75 1
1 1603 2 65 1
1 1603 3 46 1
1 1604 1 68 1
1 1605 1 66 1
1 1605 1 67 1
1 1605 1 68 1
1 1605 2 48 1
1 1605 2 54 1
1 1605 2 62 1
1 1605 2 63 1
1 1605 2 65 1
1 1605 2 67 1
1 1605 2 70 1
1 1605 2 74 1
1 1606 1 67 1
1 1606 1 70 1
1 1606 1 74 1
1 1606 2 59 1
1 1606 2 60 1
1 1606 2 63 1
1 1606 2 67 1
1 1606 2 69 1
1 1606 2 71 1
1 1606 2 74 1
1 1607 1 67 1
1 1607 2 53 1
1 1607 2 62 1
1 1607 2 69 1
1 1608 1 48 1
1 1608 1 75 1
1 1608 1 81 1
1 1608 2 62 1
1 1608 2 73 1
1 1608 2 77 1
1 1608 2 87 1
1 1609 1 56 1
1 1609 1 58 1
1 1609 1 62 1
1 1609 1 63 1
1 1609 1 67 1
1 1609 1 74 1
1 1609 2 61 1
1 1609 2 64 1
1 1609 2 67 1
1 1609 2 70 1
1 1609 2 74 1
1 1609 2 81 1
1 1610 1 59 1
1 1610 1 61 1
1 1610 1 62 1
1 1610 1 66 1
1 1610 1 67 1
1 1610 1 70 1
1 1610 1 73 1
1 1610 1 75 1
1 1610 1 77 1
1 1610 2 68 1
1 1611 1 74 1
1 1611 2 70 1
1 1611 2 73 1
1 1612 2 68 1
1 1613 1 77 1
1 1614 1 52 1
1 1614 1 56 1
1 1614 1 62 1
1 1614 1 64 1
1 1614 1 69 1
1 1614 1 73 1
1 1614 1 76 1
1 1614 1 77 1
1 1614 1 80 1
1 1614 2 51 1
1 1614 2 61 1
1 1614 2 63 3
1 1614 2 65 1
1 1614 2 66 1
1 1614 2 68 1
1 1614 2 75 1
1 1614 2 79 2
1 1614 2 81 1
1 1615 1 68 1
1 1615 1 70 1
1 1615 1 71 1
1 1615 1 80 1
1 1615 1 99 1
1 1615 2 60 1
1 1615 2 61 1
1 1615 2 67 1
1 1615 2 73 1
1 1616 1 53 1
1 1616 1 60 1
1 1616 1 64 1
1 1616 2 62 1
1 1616 2 65 1
1 1616 2 68 1
1 1616 2 69 1
1 1616 2 71 1
1 1617 1 49 1
1 1617 1 51 1
1 1617 1 55 1
1 1617 1 61 1
1 1617 2 52 3
1 1617 2 54 1
1 1617 2 55 1
1 1617 2 56 1
1 1617 2 58 1
1 1617 2 59 1
1 1617 2 60 1
1 1617 2 61 1
1 1617 2 63 1
1 1617 2 64 1
1 1617 2 65 1
1 1617 2 66 1
1 1617 2 68 1
1 1617 2 69 1
7 1618 2 68 1
7 1619 1 70 1
7 1620 1 86 1
7 1621 2 60 1
1 1622 1 62 1
1 1622 2 90 1
7 1623 1 66 1
7 1624 1 63 1
7 1624 1 65 1
7 1624 1 66 1
7 1624 2 78 1
7 1625 1 70 1
1 1626 1 84 1
1 1626 2 65 1
1 1627 2 63 1
1 1628 1 58 1
1 1628 1 68 1
1 1628 2 49 1
1 1628 2 74 1
1 1628 2 87 1
7 1629 1 75 1
7 1629 2 82 1
1 1630 1 62 1
1 1630 1 65 1
1 1630 1 72 1
1 1630 1 86 1
1 1630 2 52 1
1 1630 2 74 1
1 1630 2 87 1
1 1631 1 63 1
1 1631 1 70 1
1 1631 2 62 1
1 1631 2 64 1
1 1631 2 71 2
1 1631 2 73 1
1 1632 2 80 1
1 1633 2 67 1
1 1634 3 49 1
1 1634 3 55 1
9 1635 1 83 1
1 1636 1 57 1
1 1636 2 62 1
1 1636 2 66 1
1 1637 2 51 1
1 1638 2 64 1
1 1638 2 67 1
1 1639 2 64 1
1 1639 2 66 1
1 1639 2 69 1
1 1639 2 83 1
1 1640 1 45 1
1 1640 1 46 1
1 1640 1 52 2
1 1640 1 58 1
1 1640 2 43 1
1 1640 2 44 1
1 1640 2 49 2
1 1640 2 50 1
1 1640 2 52 1
1 1640 2 53 3
1 1640 2 54 2
1 1640 2 56 1
1 1640 2 58 1
1 1640 2 59 1
1 1640 2 60 1
1 1640 2 67 1
1 1640 2 69 1
1 1640 2 70 1
1 1641 1 46 2
1 1641 1 47 1
1 1641 1 49 2
1 1641 1 56 1
1 1641 2 47 2
1 1641 2 48 1
1 1641 2 53 1
1 1641 2 56 2
1 1641 2 66 1
1 1641 2 67 1
1 1641 2 69 1
1 1642 1 48 1
1 1642 1 52 1
1 1642 2 48 1
1 1642 2 50 2
1 1642 2 66 1
3 1643 2 66 1
3 1644 2 61 1
3 1645 1 60 1
3 1645 1 64 1
3 1645 1 84 1
3 1645 1 91 1
3 1645 2 81 1
3 1646 1 53 1
3 1646 1 68 1
3 1646 2 31 1
3 1646 2 43 1
3 1646 2 48 1
3 1646 2 52 1
3 1647 1 53 1
3 1647 1 54 1
7 1648 1 60 1
7 1648 1 66 1
7 1648 2 63 1
1 1649 1 78 1
1 1650 1 48 1
1 1651 2 61 1
1 1652 1 55 1
1 1652 1 59 1
1 1652 2 48 1
1 1652 2 61 1
1 1653 1 70 1
1 1654 2 72 1
1 1655 3 68 1
3 1656 1 88 1
3 1657 1 77 1
3 1658 2 87 1
1 1659 1 64 1
1 1659 2 64 1
7 1660 2 75 1
7 1661 2 68 1
1 1662 2 70 1
1 1663 1 53 1
1 1663 1 58 1
1 1663 1 59 1
1 1663 1 63 1
1 1663 1 66 1
1 1663 1 68 1
1 1663 2 49 1
1 1663 2 50 1
1 1663 2 52 1
1 1663 2 53 1
1 1663 2 54 1
1 1663 2 60 1
1 1663 2 62 2
1 1663 2 63 1
1 1663 2 66 1
1 1663 2 73 1
1 1663 2 80 1
1 1664 1 53 1
1 1664 2 70 1
1 1665 2 69 1
1 1666 1 57 1
1 1667 1 79 1
1 1668 2 67 1
1 1669 1 47 1
1 1669 1 68 1
1 1669 2 62 1
1 1670 1 66 1
1 1671 1 87 1
1 1672 1 75 1
1 1673 2 81 1
1 1674 1 67 1
7 1675 2 65 1
1 1676 2 75 1
1 1676 2 82 1
7 1677 2 70 1
1 1678 1 55 1
1 1678 1 65 1
1 1679 1 51 1
1 1679 1 71 1
1 1680 1 79 1
1 1680 2 83 1
7 1681 2 81 1
7 1682 2 81 1
7 1683 2 61 1
7 1684 2 65 1
1 1685 1 57 1
1 1686 1 64 1
1 1686 2 82 1
1 1687 2 72 1
1 1688 2 79 1
1 1688 2 88 1
7 1689 1 66 1
7 1689 2 65 1
1 1690 1 46 1
1 1690 1 48 2
1 1690 1 49 1
1 1690 1 50 1
1 1690 1 51 2
1 1690 1 52 1
1 1690 1 53 1
1 1690 1 60 1
1 1690 1 62 1
1 1690 1 73 1
1 1690 2 48 1
1 1690 2 50 2
1 1690 2 51 1
1 1690 2 52 1
1 1690 2 55 1
1 1690 2 61 1
1 1690 2 67 1
1 1690 2 70 1
1 1691 1 61 1
1 1691 1 78 1
1 1691 2 67 1
1 1691 2 68 1
1 1692 2 57 1
1 1693 1 70 1
1 1693 2 72 1
1 1693 2 79 1
1 1694 1 63 1
1 1694 1 65 2
1 1694 1 66 1
1 1694 2 61 1
1 1694 2 66 1
1 1694 2 67 1
1 1694 2 70 1
1 1694 3 63 1
1 1695 1 58 1
1 1695 1 60 1
1 1695 1 67 1
1 1695 2 52 1
1 1695 2 61 1
1 1695 2 64 1
1 1695 2 67 1
1 1695 2 68 3
1 1695 2 72 1
1 1695 2 74 1
7 1696 1 64 1
7 1697 1 82 1
7 1697 2 60 1
7 1698 2 66 1
1 1699 1 50 2
1 1699 1 67 1
1 1699 1 78 1
1 1699 2 51 1
1 1699 2 65 1
1 1699 2 67 1
1 1700 1 49 1
1 1700 1 50 1
1 1700 1 53 1
1 1701 1 80 1
1 1701 2 47 1
7 1702 2 61 1
1 1703 1 50 2
1 1703 1 59 1
1 1703 1 63 1
1 1703 1 70 1
1 1703 2 49 1
1 1703 2 54 1
1 1703 2 60 1
1 1703 2 66 1
1 1703 2 67 1
1 1703 2 88 1
7 1704 2 75 1
1 1705 2 70 1
7 1706 1 64 1
7 1707 1 62 1
7 1707 2 71 1
7 1708 1 76 1
7 1709 2 62 1
7 1709 2 70 1
7 1710 1 67 1
