7 1 1 102 1
7 1 1 45 1
7 1 1 57 1
7 1 1 57 1
7 1 1 62 1
7 1 1 77 1
7 1 1 84 1
7 1 2 52 1
7 1 2 63 1
7 1 2 65 1
7 1 2 68 1
7 1 2 68 1
7 1 2 71 1
7 1 2 78 1
7 1 2 82 1
7 1 2 89 2
3 2 1 56 1
3 2 2 64 1
3 3 1 25 1
3 4 1 25 1
3 4 1 52 1
3 4 1 53 1
3 4 2 44 1
3 4 2 46 1
3 4 2 51 1
3 4 2 55 1
3 5 1 28 1
3 5 1 46 1
3 5 1 47 1
3 5 1 49 1
3 5 1 52 1
3 5 1 68 1
3 5 2 42 1
3 5 2 49 1
3 5 2 55 1
3 5 2 58 1
3 5 2 59 1
3 6 2 45 1
3 7 1 54 1
3 7 2 50 1
3 8 1 48 1
3 9 1 51 1
3 10 1 57 1
3 11 1 60 1
3 12 2 45 1
3 13 1 75 1
3 14 1 52 1
3 14 1 55 1
3 14 2 43 1
3 14 2 48 1
3 14 2 68 1
3 15 2 51 1
3 16 1 50 1
3 17 1 49 1
3 18 1 50 1
3 18 1 52 1
3 19 1 53 1
3 20 1 48 1
3 20 2 66 1
3 21 1 55 1
3 21 2 55 1
3 22 1 65 1
3 22 1 72 1
3 22 2 48 1
3 22 2 60 1
3 23 1 56 1
3 24 1 56 1
3 24 1 58 1
3 24 2 49 1
3 25 1 44 1
3 25 2 50 1
3 26 2 51 1
3 27 1 46 1
3 27 2 47 1
3 27 2 75 1
3 28 2 49 1
3 29 1 48 1
3 29 1 50 1
3 29 1 52 1
3 29 1 53 1
3 29 1 56 1
3 29 1 57 1
3 29 1 58 1
3 29 1 66 1
3 29 1 68 1
3 29 2 45 1
3 29 2 47 1
3 29 2 54 1
3 29 2 57 2
3 29 2 58 1
3 30 1 51 1
3 31 1 72 1
3 32 1 46 1
3 33 2 49 1
3 34 2 52 1
3 35 1 59 1
3 36 1 69 1
3 37 1 72 1
3 38 2 81 1
3 39 1 42 1
3 39 1 49 1
3 39 1 55 1
3 39 1 62 1
3 39 2 48 1
3 39 2 68 1
3 40 2 67 1
3 41 2 45 1
3 42 1 49 2
3 42 2 49 1
3 42 2 52 1
3 43 1 69 1
3 43 2 62 1
3 44 2 75 1
3 45 2 57 1
3 46 2 51 1
3 47 1 36 1
3 47 1 48 1
3 47 2 76 1
6 48 2 74 1
6 49 2 86 1
3 50 2 62 1
6 51 1 77 1
6 52 2 75 1
3 53 1 54 1
3 53 2 44 1
3 53 2 45 1
3 53 2 47 1
6 54 1 72 1
9 55 1 49 1
9 56 1 66 1
9 57 1 46 1
9 58 2 53 1
3 59 1 49 1
3 59 1 65 1
9 60 2 45 1
9 61 2 69 1
3 62 2 63 1
3 63 1 66 1
3 63 2 48 1
3 63 2 53 1
3 63 2 65 1
3 64 1 51 1
3 64 2 65 1
3 65 2 48 1
3 66 1 28 1
3 66 1 41 2
3 66 1 48 1
3 66 1 61 1
3 66 1 74 1
3 66 1 82 1
3 66 2 44 1
3 66 2 45 1
3 66 2 47 1
3 66 2 48 1
3 66 2 50 1
3 67 2 60 1
3 68 1 59 1
3 69 1 61 1
3 70 2 49 1
3 71 2 44 1
3 71 2 45 1
3 71 2 49 1
3 72 1 64 1
3 73 2 55 1
3 74 2 68 1
3 75 1 49 1
3 76 2 48 1
3 76 2 56 1
3 77 1 50 1
3 78 1 48 1
3 78 2 49 1
3 78 2 57 1
3 79 2 60 1
3 80 2 61 1
3 80 2 66 1
3 81 1 52 1
3 81 1 53 1
3 81 2 47 1
3 81 2 48 1
1 82 1 85 1
1 83 1 62 1
1 83 2 76 1
1 84 3 71 1
1 85 1 70 1
1 86 2 57 1
1 86 2 69 1
7 87 1 58 1
1 88 1 46 1
1 88 1 60 1
1 88 2 83 1
1 89 1 67 1
1 89 2 59 1
1 89 2 68 1
1 90 2 74 1
1 91 1 63 1
1 92 1 73 1
7 93 2 88 1
1 94 1 64 1
1 94 1 74 1
1 95 1 63 1
7 96 2 79 1
7 97 1 61 1
7 98 2 78 1
1 99 1 66 1
7 100 2 62 1
7 101 1 46 1
7 102 1 49 1
7 102 2 70 1
7 103 2 57 1
1 104 1 71 1
1 104 2 59 1
1 105 2 58 1
1 105 2 59 1
7 106 3 41 1
7 107 1 65 1
7 108 2 65 1
7 109 1 58 1
7 110 2 73 1
7 111 1 62 1
7 112 2 68 1
7 113 2 79 1
7 114 2 56 1
7 115 1 76 1
7 116 1 51 1
7 117 1 60 1
7 118 1 22 1
7 119 2 53 1
7 120 2 92 1
7 121 1 65 1
7 122 2 60 1
7 122 2 62 1
7 123 2 55 1
7 123 2 62 1
7 124 1 66 1
7 125 1 42 1
7 125 1 44 2
7 125 1 46 1
7 125 1 55 1
7 125 1 63 1
7 125 1 64 1
7 125 2 44 1
7 125 2 48 1
7 125 2 56 1
7 125 2 59 2
7 126 1 66 1
7 127 1 65 1
7 128 1 57 1
7 128 2 49 1
7 128 2 56 1
7 129 1 74 1
7 129 2 66 1
7 130 1 58 1
7 130 2 41 1
7 131 1 57 1
7 131 1 64 1
7 131 1 65 1
7 131 1 69 1
7 131 2 53 1
7 131 2 59 1
7 131 2 60 2
7 132 1 45 1
7 132 1 47 1
7 132 1 60 1
7 132 1 70 1
7 132 1 78 1
7 132 2 57 1
7 132 2 64 1
7 132 2 65 1
3 133 1 55 1
3 134 2 62 1
3 135 1 72 1
3 136 1 49 1
3 136 2 49 1
3 136 2 60 1
3 137 1 48 1
3 137 1 56 2
3 137 1 68 1
3 137 2 49 1
3 137 2 51 1
3 137 2 52 1
3 137 2 59 1
3 137 2 60 1
3 137 2 62 1
3 138 1 56 1
3 138 1 59 1
3 138 2 69 1
3 139 1 48 1
3 139 2 57 1
3 140 1 56 1
3 140 2 49 1
3 140 2 68 1
3 141 1 50 1
3 141 1 55 1
3 142 2 56 1
3 142 2 61 1
3 142 2 63 1
3 143 1 38 1
3 143 1 48 1
3 143 2 46 1
3 143 2 47 1
3 144 1 51 1
3 144 2 46 1
3 145 1 42 1
3 145 1 57 1
3 145 2 48 1
3 145 2 54 1
3 146 1 46 1
3 146 1 49 1
3 147 1 47 1
3 147 1 51 1
3 147 1 56 1
3 147 1 59 1
3 147 1 62 2
3 147 1 63 1
3 147 1 65 1
3 147 2 44 1
3 147 2 47 1
3 147 2 50 1
6 148 1 87 1
3 149 1 60 1
3 149 1 61 1
3 150 2 42 1
3 151 1 64 1
3 152 1 53 1
3 153 1 30 1
3 153 1 48 1
3 153 1 53 1
3 153 1 55 1
3 153 1 57 1
3 153 1 59 1
3 153 1 67 1
3 153 2 46 1
3 153 2 80 1
3 154 2 49 1
3 154 2 55 2
3 155 1 77 1
3 156 2 66 1
3 157 1 74 1
3 158 1 50 1
3 158 1 51 1
3 158 1 52 1
3 158 1 59 1
3 158 1 64 1
3 158 2 27 1
3 158 2 41 1
3 158 2 47 1
3 158 2 57 1
3 158 2 60 1
3 159 1 51 1
3 159 2 53 1
9 160 1 52 1
3 161 2 50 1
3 162 1 43 1
3 162 1 92 1
3 163 1 43 1
3 164 1 62 1
3 165 1 46 1
3 165 1 52 1
3 165 1 61 1
3 165 1 66 1
3 165 1 72 1
3 165 1 89 1
3 165 2 43 1
3 165 2 80 1
3 166 2 42 1
3 166 2 53 1
3 167 1 61 1
3 167 2 48 1
9 168 1 61 1
3 169 1 53 1
3 169 2 60 1
3 169 2 76 1
3 170 1 85 1
3 171 1 74 1
3 172 2 52 1
3 172 2 75 1
9 173 1 68 1
9 173 1 73 1
3 174 1 53 1
3 174 1 54 1
3 174 2 45 1
3 174 2 47 1
3 175 1 62 1
3 176 2 60 1
3 177 1 47 1
3 177 1 49 1
3 177 1 52 2
3 177 1 57 1
3 177 1 59 1
3 177 1 62 1
3 177 2 51 1
3 177 2 52 1
3 177 2 53 1
3 177 2 57 1
3 177 2 58 2
3 178 1 70 1
3 178 1 73 1
3 178 2 60 1
3 178 2 63 1
3 179 1 76 1
3 180 2 68 1
3 180 2 71 1
3 181 2 86 1
3 182 2 76 1
6 183 2 77 1
6 184 1 76 1
6 184 2 77 1
6 185 2 70 1
6 186 2 82 1
6 187 2 73 1
6 188 1 67 1
6 188 1 74 1
3 189 2 60 1
3 190 1 28 1
3 190 1 49 1
3 190 1 63 1
3 190 2 26 1
3 190 2 47 1
3 190 2 57 1
6 191 1 72 1
3 192 1 65 1
3 193 1 29 1
3 193 1 38 1
3 193 2 47 1
3 193 2 62 1
3 194 2 75 1
3 195 1 51 1
3 195 1 53 1
3 195 1 65 1
3 195 1 68 1
3 195 2 63 1
3 196 2 20 1
3 197 1 59 1
3 198 1 49 1
3 198 1 57 1
3 198 1 80 1
3 198 2 48 1
3 199 1 47 1
3 199 1 48 1
3 200 1 25 1
3 201 1 78 1
3 202 2 77 1
3 202 2 80 1
3 203 2 66 1
3 204 1 55 1
3 204 1 65 1
3 204 1 72 1
3 205 2 45 1
3 205 2 64 1
3 206 2 44 1
3 207 1 52 1
3 207 2 45 1
3 208 1 89 1
3 208 2 78 1
3 209 2 47 1
3 210 1 48 1
3 210 1 53 1
3 210 2 47 1
3 210 2 49 1
3 211 2 45 1
3 211 2 65 1
3 212 2 52 1
3 212 2 57 1
3 213 1 61 1
3 213 1 64 1
3 214 2 48 1
3 215 1 56 1
3 216 1 45 1
3 216 1 46 1
3 216 1 47 2
3 216 1 49 2
3 216 1 51 6
3 216 1 53 3
3 216 1 54 2
3 216 1 55 1
3 216 1 57 1
3 216 1 58 3
3 216 2 44 1
3 216 2 46 1
3 216 2 47 2
3 216 2 48 1
3 216 2 49 1
3 216 2 50 2
3 216 2 52 1
3 216 2 57 1
3 216 2 58 1
3 216 2 60 2
3 216 2 61 1
3 216 2 65 1
3 217 1 59 1
3 217 2 46 1
3 217 2 49 1
3 217 2 56 1
3 217 2 60 1
3 217 2 61 1
3 218 1 41 1
3 219 1 54 1
3 219 2 44 1
3 219 2 53 1
3 220 1 51 1
3 220 1 53 1
3 220 1 61 1
3 220 1 63 1
3 220 1 80 1
3 220 2 47 1
3 220 2 48 1
3 220 2 70 1
3 221 1 53 1
3 221 2 39 1
3 221 2 47 1
3 222 1 61 1
3 222 1 72 1
3 222 1 77 1
3 223 1 80 1
3 224 1 67 1
3 225 2 61 1
3 226 2 77 1
3 227 1 70 1
3 227 2 45 1
3 228 1 67 1
3 229 1 86 1
3 230 1 74 1
3 231 2 61 1
3 232 2 98 1
3 233 1 78 1
3 234 1 50 1
3 234 1 51 1
3 234 1 53 1
3 234 2 45 1
3 234 2 49 1
3 234 2 56 1
3 235 1 61 1
6 236 1 63 1
6 237 2 51 1
6 238 1 81 1
6 239 1 71 1
3 240 2 81 1
6 241 2 88 1
6 242 2 63 1
3 243 2 76 1
6 244 1 60 1
6 245 1 78 1
6 246 2 77 1
6 247 2 75 1
9 248 1 40 1
9 248 2 63 1
9 249 2 72 1
9 250 2 77 1
9 251 1 56 1
3 252 1 49 1
3 252 1 51 1
3 252 1 70 1
3 253 1 46 1
3 253 2 59 1
3 254 2 63 1
3 255 1 44 1
3 256 1 69 1
3 256 2 58 1
3 257 1 49 1
3 257 2 50 1
3 257 2 61 1
3 258 1 56 1
3 259 1 50 1
3 259 2 48 1
3 260 1 60 1
3 261 1 47 1
3 261 1 54 1
3 262 1 54 1
3 263 2 89 1
3 264 2 76 1
3 265 1 48 1
3 265 1 49 1
3 266 2 50 1
3 267 2 57 1
3 268 1 49 1
3 268 1 59 1
3 268 2 47 1
3 268 2 51 1
3 269 1 50 1
3 269 2 57 1
3 270 2 49 1
3 271 1 70 1
3 271 2 60 1
3 271 2 62 1
3 272 1 44 1
3 272 1 50 1
3 272 1 53 1
3 272 1 54 1
3 272 1 57 1
3 272 1 60 1
3 272 1 65 1
3 272 1 66 1
3 272 1 87 1
3 272 2 55 1
3 273 1 43 1
3 273 1 61 1
3 273 2 74 1
7 274 2 56 1
7 275 1 61 1
7 276 2 61 1
7 277 2 59 1
7 278 1 75 1
7 279 2 71 1
7 280 2 79 1
7 281 1 68 1
7 282 2 65 1
7 283 1 53 1
7 283 2 62 1
7 284 1 57 1
7 285 2 78 1
7 286 1 59 1
1 287 1 62 1
1 288 1 87 1
1 289 1 66 1
1 290 2 67 1
1 291 2 63 1
1 292 1 77 1
1 293 1 67 1
1 294 2 67 1
1 295 1 67 1
1 295 2 69 1
1 296 1 69 1
1 296 2 47 1
1 296 2 64 1
1 297 2 56 1
1 297 2 74 1
1 298 2 73 1
7 299 1 68 1
7 300 2 64 1
7 301 1 47 1
7 302 1 44 1
7 303 2 53 1
7 304 2 82 1
7 305 2 60 1
7 306 2 50 1
7 307 2 53 1
7 308 1 70 1
7 308 2 59 1
7 309 2 55 1
7 310 2 60 1
7 311 1 57 1
7 312 2 77 1
7 313 1 66 1
7 314 1 67 1
7 314 2 62 1
7 315 1 71 1
7 315 1 77 1
7 315 2 74 1
7 316 1 62 1
7 316 2 61 1
7 317 2 66 1
7 318 1 70 1
7 318 2 69 1
7 318 2 81 1
7 319 1 62 1
7 319 1 87 1
7 320 1 61 1
7 320 2 60 1
7 320 2 71 1
7 320 2 75 1
7 321 2 80 1
7 322 2 80 1
1 323 1 64 1
1 324 1 88 1
1 325 1 66 1
1 326 2 67 1
1 327 1 65 1
1 327 1 81 1
1 327 2 64 1
1 328 1 84 1
1 328 2 77 1
1 329 2 70 2
1 329 2 74 1
1 330 1 70 1
1 330 2 57 1
1 331 2 72 1
7 332 2 81 1
7 333 2 45 1
7 334 1 52 1
7 335 2 66 1
7 336 2 44 1
3 337 2 64 1
3 338 2 70 1
1 339 2 79 1
7 340 2 67 1
1 341 1 66 1
1 342 1 73 1
7 343 1 57 1
7 344 2 64 1
7 345 2 61 1
7 346 1 60 1
7 347 1 61 1
7 348 2 60 1
7 349 1 72 1
7 350 1 64 1
7 351 1 57 1
7 352 1 65 1
3 353 2 74 1
3 354 1 84 1
3 355 1 75 1
3 355 1 80 1
3 356 1 80 1
3 357 1 60 1
3 358 1 78 1
3 358 2 81 1
3 359 1 77 1
3 360 1 88 1
3 361 2 69 1
3 362 1 77 1
3 363 2 67 1
3 364 1 70 1
3 365 1 66 1
3 365 2 61 1
3 365 2 66 1
3 366 2 85 1
3 367 2 71 1
3 368 2 78 1
6 369 2 77 1
9 370 2 73 1
9 371 2 42 1
9 372 1 59 1
9 373 2 55 1
6 374 1 70 1
6 375 2 65 1
6 376 1 65 1
6 377 2 62 1
6 378 2 81 1
6 379 2 57 1
6 379 2 63 1
6 380 2 59 1
6 381 1 74 1
6 382 1 60 1
6 383 1 40 2
6 383 2 64 1
6 384 2 60 2
3 385 2 63 1
3 386 1 89 1
3 387 1 46 1
3 387 1 51 1
3 387 1 52 1
3 387 1 53 1
3 387 1 64 2
3 387 1 69 1
3 388 1 49 1
3 388 1 50 1
3 388 1 55 1
3 388 1 72 1
3 388 1 77 1
3 388 2 48 1
3 388 2 50 1
3 388 2 51 2
3 388 2 55 1
3 388 2 58 1
3 388 2 64 1
3 388 2 65 2
3 389 1 49 1
3 389 2 50 1
3 389 2 66 1
3 390 1 80 1
1 391 2 77 1
1 392 1 70 1
1 393 2 72 1
1 394 1 77 1
1 395 2 59 1
1 396 2 44 1
1 396 2 64 1
7 397 2 66 1
7 398 3 28 1
1 399 1 71 1
1 400 2 70 1
1 401 2 61 1
1 401 2 66 1
1 402 1 71 1
1 403 1 92 1
1 403 2 88 1
7 404 1 57 1
7 405 1 64 1
7 405 2 50 1
7 406 1 67 1
7 407 2 74 1
7 408 1 49 1
7 409 1 74 1
7 409 2 59 1
7 409 2 61 1
7 410 2 81 1
7 411 1 77 1
1 412 2 69 1
7 413 1 44 1
7 414 1 47 1
1 415 1 66 1
7 416 1 49 1
7 417 1 55 1
7 418 2 59 1
7 419 1 52 1
7 420 2 58 1
7 421 2 78 1
7 422 1 61 1
7 423 1 79 1
7 424 2 37 1
7 425 2 67 1
1 426 1 59 1
1 426 2 67 1
1 426 2 72 1
1 427 1 48 1
1 427 2 84 1
1 428 2 51 1
7 429 2 87 1
7 430 2 65 1
1 431 2 76 1
7 432 2 67 1
7 433 1 74 1
7 434 2 60 1
7 435 1 61 1
1 436 1 58 1
7 437 1 26 1
7 438 2 81 1
1 439 2 57 1
1 439 2 70 1
7 440 1 77 1
7 440 2 63 1
7 441 1 69 1
1 442 2 60 1
1 442 2 72 1
7 443 1 63 1
1 444 2 75 1
1 445 2 66 1
1 446 2 71 1
1 446 2 79 1
3 447 2 75 1
3 448 2 75 1
3 449 2 62 1
3 450 1 68 1
3 450 2 63 1
3 451 1 74 1
3 452 1 70 1
3 453 2 58 1
3 454 1 80 1
3 455 2 65 1
3 456 2 70 1
6 457 1 64 1
6 458 1 85 1
3 459 2 67 1
9 460 1 53 1
6 461 1 58 1
6 462 1 74 1
3 463 2 59 1
6 464 2 63 1
9 465 2 71 1
9 466 1 44 1
9 466 1 64 1
9 467 1 42 1
9 468 2 53 1
9 469 1 70 1
9 470 2 59 1
3 471 3 24 1
3 472 2 69 1
3 473 2 75 1
3 473 2 77 1
3 474 1 74 1
3 474 2 65 1
3 475 1 51 1
3 475 2 47 1
3 475 2 64 1
3 476 2 61 2
3 477 1 49 1
3 477 1 51 1
3 477 2 56 1
3 478 1 59 1
3 478 2 48 1
3 478 2 53 1
3 479 1 56 1
3 479 2 48 1
3 480 1 49 1
3 480 2 54 1
3 481 1 53 1
3 481 1 62 1
3 481 2 49 1
3 482 1 67 1
3 482 2 41 1
3 483 2 70 1
3 484 1 66 1
3 485 1 71 1
3 486 1 64 1
3 487 2 73 1
3 488 1 56 1
3 489 1 80 1
3 489 2 70 1
3 489 2 74 1
3 490 1 63 1
3 490 2 62 1
3 490 2 70 1
3 491 1 46 1
3 491 1 72 1
3 491 2 66 1
3 492 1 47 1
3 492 1 53 2
3 492 1 70 1
3 492 1 72 1
3 492 2 60 1
3 493 2 65 1
3 494 1 51 1
3 495 1 52 1
3 495 1 56 1
3 495 2 63 1
3 496 1 38 1
3 496 1 41 1
3 496 1 43 1
3 496 1 49 1
3 496 1 50 2
3 496 1 52 1
3 496 1 55 1
3 496 1 56 1
3 496 1 68 1
3 496 2 46 1
3 496 2 48 2
3 496 2 49 2
3 496 2 51 1
3 496 2 52 1
3 496 2 58 1
3 496 2 62 1
3 496 2 66 1
3 496 2 80 1
3 497 1 58 1
3 498 1 68 1
3 498 2 69 1
3 499 1 57 1
3 499 1 61 1
3 499 1 64 1
3 500 1 48 1
3 501 1 64 1
3 501 2 76 1
3 502 2 83 1
3 503 2 68 1
3 504 2 73 1
3 505 1 41 1
3 505 1 54 1
3 505 1 59 1
3 505 1 60 1
3 505 1 61 1
3 505 1 65 1
3 505 1 72 1
3 505 1 78 1
6 506 2 71 1
3 507 2 53 1
6 508 2 74 1
6 509 2 86 1
6 510 1 61 1
9 511 2 82 1
9 512 2 75 1
3 513 1 58 1
3 513 1 65 1
3 513 2 70 1
9 514 1 72 1
6 515 1 74 1
6 516 1 59 1
6 516 1 68 1
6 516 1 70 1
6 517 1 57 1
6 517 1 71 1
6 517 2 62 1
6 517 2 64 1
6 518 2 65 1
3 519 1 25 1
3 519 1 51 1
3 519 1 58 1
3 519 1 67 1
3 519 2 54 1
3 519 2 56 1
6 520 1 75 1
3 521 2 70 1
3 522 1 60 1
3 523 2 61 1
3 524 1 54 1
3 524 1 66 1
3 524 2 48 1
3 524 2 59 1
3 524 2 70 1
3 525 1 43 1
3 525 1 54 1
3 525 1 59 1
3 525 1 62 1
3 525 2 41 1
3 525 2 43 1
3 525 2 80 1
3 526 1 54 1
3 526 1 68 1
3 526 2 60 1
3 527 1 50 1
3 527 2 62 1
3 528 1 48 2
3 528 1 66 1
3 528 1 67 1
3 528 2 47 1
3 528 2 49 2
3 528 2 51 1
3 528 2 62 1
3 529 1 47 1
3 529 1 49 1
3 529 1 55 1
3 529 1 56 1
3 529 1 57 1
3 529 1 64 1
3 529 2 52 1
3 529 2 55 1
3 529 2 56 1
3 529 2 57 1
3 530 1 42 1
3 530 1 58 1
3 530 2 60 1
3 530 2 65 1
3 530 2 68 1
3 531 1 53 1
3 531 1 75 1
3 531 2 39 1
3 531 2 49 1
3 532 2 57 1
3 532 2 64 1
3 532 2 76 1
3 533 1 77 1
3 533 2 45 1
3 534 2 45 1
3 535 1 45 1
3 535 1 50 1
3 535 2 48 1
3 535 2 52 1
3 536 2 60 1
3 537 1 41 1
3 537 1 57 1
3 537 1 58 1
3 537 2 61 1
3 538 1 52 1
3 538 1 55 1
3 538 2 53 1
7 539 1 62 1
7 540 2 55 1
7 541 2 58 1
1 542 1 66 1
1 543 1 77 1
1 544 2 69 1
1 545 1 84 1
1 546 1 67 1
1 547 2 88 1
7 548 2 76 1
7 549 1 55 1
7 550 2 88 1
7 550 2 93 1
7 551 1 64 1
1 552 2 64 1
1 553 2 64 1
1 554 2 64 1
7 555 1 69 1
7 555 2 59 1
7 556 1 57 1
1 557 1 75 1
1 558 1 64 1
1 559 1 55 1
1 560 2 62 1
1 561 1 82 1
1 562 1 65 1
1 562 2 63 1
1 563 2 78 1
1 564 2 71 1
1 564 2 73 1
7 565 1 74 1
1 566 2 65 1
1 566 2 74 1
1 567 2 64 1
1 568 2 79 1
2 569 1 65 1
2 570 1 75 1
2 571 1 86 1
2 572 1 67 1
5 573 1 70 1
2 574 1 78 1
2 575 1 77 1
3 576 2 77 1
3 577 1 84 1
3 578 2 70 1
3 579 2 75 1
3 580 2 76 1
3 581 1 69 1
3 582 1 63 1
3 583 2 62 1
3 584 1 58 1
3 584 1 78 1
3 585 1 21 1
3 585 2 72 1
3 586 2 66 1
3 586 2 83 1
6 587 1 73 1
6 588 1 73 1
6 589 2 68 1
6 590 1 76 1
6 591 2 64 1
6 592 2 66 1
9 593 1 52 1
9 594 1 60 1
9 595 1 92 1
9 596 2 60 1
9 597 1 52 1
9 597 1 60 1
9 597 2 62 1
9 598 1 89 1
9 599 2 58 1
9 600 2 57 1
9 601 1 45 1
9 601 1 76 1
9 601 2 67 1
9 602 2 64 1
9 603 1 70 1
9 603 1 78 1
9 603 2 70 1
9 604 2 66 1
9 605 1 58 1
6 606 1 54 1
6 607 2 81 1
6 608 2 60 1
6 609 2 58 1
6 610 2 83 1
9 611 2 83 1
3 612 2 72 1
9 613 1 46 1
9 614 1 59 1
9 615 1 60 1
9 616 2 62 1
9 617 2 72 1
9 618 1 42 1
9 619 2 48 1
9 620 1 64 1
9 621 1 72 1
9 622 1 26 1
9 622 2 63 1
3 623 1 84 1
3 623 2 89 1
3 624 2 70 1
3 625 2 70 1
7 626 1 44 1
7 627 1 84 1
7 628 1 75 1
7 629 2 66 1
7 630 2 73 1
7 631 1 48 1
7 632 1 73 1
7 633 2 69 1
7 634 2 77 1
7 635 1 54 1
7 636 2 79 1
7 637 1 49 1
7 638 1 60 1
7 639 1 61 1
7 640 1 52 1
7 641 1 57 1
7 642 1 60 1
7 643 1 76 1
7 644 1 62 1
7 644 1 65 1
7 645 1 60 1
7 646 1 74 1
7 647 1 52 1
7 648 2 82 1
1 649 1 72 1
1 650 1 68 1
1 651 2 63 1
1 652 1 64 1
1 653 1 71 1
1 654 1 57 1
1 654 1 74 1
1 654 2 74 1
7 655 1 44 1
7 656 2 65 1
7 657 1 61 1
7 658 2 79 1
7 659 2 73 1
7 660 2 62 1
7 661 1 58 1
7 662 1 59 1
1 663 2 75 1
7 664 1 59 1
1 665 1 51 1
1 665 1 65 1
1 665 1 78 1
1 665 2 57 1
1 665 2 59 1
1 665 2 61 1
1 665 2 63 1
7 666 1 67 1
7 667 2 68 1
7 668 1 61 1
7 669 1 55 1
7 670 2 67 1
1 671 1 58 2
1 671 1 63 1
1 671 2 56 1
1 671 2 60 1
1 671 2 64 1
1 671 2 66 1
1 671 2 74 1
7 672 2 73 1
1 673 2 70 1
1 674 1 54 1
1 674 1 58 1
1 674 1 59 1
1 674 1 60 1
1 674 1 63 1
1 674 2 44 1
1 674 2 64 2
1 674 2 69 1
1 675 2 63 1
7 676 2 74 1
7 677 1 72 1
7 678 2 65 1
7 679 2 56 1
7 680 1 64 1
7 681 3 66 1
7 682 2 69 1
1 683 1 81 1
1 684 1 54 1
1 684 1 63 1
1 684 1 64 1
1 685 2 68 1
7 686 2 68 1
7 687 2 70 1
7 688 2 76 1
1 689 1 62 1
7 690 1 66 1
7 691 1 83 1
1 692 2 42 1
7 693 2 66 1
7 694 1 60 1
3 695 2 81 1
6 696 1 81 1
3 697 1 69 1
3 697 2 92 1
3 698 1 78 1
9 699 2 82 1
3 700 2 47 1
9 701 2 57 1
3 702 1 79 1
9 703 2 54 1
9 704 1 53 1
9 705 1 58 1
9 705 2 72 1
3 706 2 67 1
9 707 1 76 1
9 707 2 46 1
9 708 1 65 1
3 709 1 74 1
9 710 1 71 1
3 711 2 72 1
3 711 2 75 1
9 712 1 40 1
9 712 1 72 1
9 713 1 62 1
9 714 1 72 1
9 715 2 60 1
3 716 1 64 1
9 717 2 85 1
9 718 1 50 1
3 719 1 68 1
3 720 2 78 1
9 721 2 47 1
9 722 1 78 1
9 723 1 68 1
3 724 2 61 1
9 725 2 42 1
3 726 1 70 1
3 726 1 80 1
3 727 1 43 1
3 728 1 64 1
3 728 2 74 1
6 729 1 67 1
6 729 1 68 1
7 730 2 45 1
7 730 2 68 1
7 731 1 42 1
7 732 1 76 1
7 733 1 86 1
7 734 1 67 1
7 735 1 37 1
7 736 2 75 1
7 737 2 74 1
7 738 1 40 1
7 738 1 41 1
7 739 2 37 1
7 739 2 46 1
7 740 2 52 1
7 741 2 56 1
7 742 1 59 1
7 743 1 68 1
7 744 1 73 1
7 745 2 72 1
1 746 1 81 1
1 747 2 72 1
1 748 1 58 1
1 748 2 80 1
1 749 1 76 1
1 750 1 65 1
1 751 2 73 1
1 752 1 42 1
1 753 1 75 1
1 754 1 61 1
1 754 2 57 1
1 754 2 71 1
1 754 2 82 1
1 755 1 65 1
1 756 1 62 1
1 756 1 67 1
1 756 2 72 1
1 756 2 79 1
1 757 1 54 1
1 757 1 72 1
1 757 2 61 1
1 757 2 63 1
1 758 1 76 1
1 758 2 60 1
1 758 2 66 1
1 758 2 67 1
1 759 1 82 1
1 759 2 68 1
7 760 1 78 1
7 761 2 72 1
9 762 1 55 1
9 763 2 53 1
9 764 2 47 1
9 765 2 71 1
9 766 1 57 1
9 767 1 79 1
3 768 1 84 1
3 768 2 66 1
3 768 2 75 1
3 769 2 49 1
3 770 1 47 1
3 771 1 50 1
3 772 2 65 1
3 773 1 65 1
3 774 1 47 1
3 775 1 53 1
3 776 2 62 1
3 777 1 60 1
3 777 1 68 1
3 778 1 44 1
3 778 1 45 1
3 778 1 47 1
3 778 1 48 1
3 778 1 50 1
3 778 1 51 1
3 778 1 58 1
3 778 2 44 1
3 778 2 46 1
3 778 2 48 1
3 778 2 49 1
3 778 2 51 1
3 778 2 52 1
3 778 2 54 1
3 778 2 59 1
3 779 1 46 2
3 779 1 47 2
3 779 1 51 1
3 779 1 52 1
3 779 1 53 1
3 779 1 54 1
3 779 2 44 1
3 779 2 47 2
3 779 2 48 2
3 779 2 54 1
3 779 2 60 1
3 780 1 55 1
3 780 2 52 1
3 781 1 88 1
3 782 2 92 1
3 783 1 88 1
3 783 2 66 1
3 784 2 76 1
3 785 1 69 1
3 786 1 56 1
3 787 2 47 2
3 788 2 47 1
3 789 1 49 1
3 789 1 52 1
3 790 1 51 1
3 790 1 79 1
3 790 2 59 1
3 791 1 40 1
3 791 1 43 1
3 791 1 46 1
3 791 1 49 3
3 791 1 50 2
3 791 1 51 3
3 791 1 52 1
3 791 1 53 3
3 791 2 45 3
3 791 2 46 2
3 791 2 47 1
3 791 2 49 1
3 791 2 50 1
3 791 2 53 1
3 791 2 55 1
3 791 2 59 1
3 792 2 80 1
3 793 2 48 1
6 794 1 74 1
6 794 2 73 1
6 794 2 76 1
6 794 2 91 1
6 795 1 69 1
6 796 2 72 1
6 797 2 75 1
6 798 1 65 1
6 799 1 82 1
6 800 1 72 1
6 801 1 74 1
6 801 1 78 1
6 801 2 59 1
6 802 1 65 1
6 802 2 72 1
6 802 2 80 1
6 803 1 82 1
6 804 2 63 1
6 805 1 63 1
6 806 2 69 1
6 806 2 76 1
3 807 1 48 1
3 807 1 62 1
3 807 2 64 1
3 808 2 66 1
3 809 2 46 1
3 810 1 25 1
3 811 2 47 1
3 812 1 51 1
3 813 1 51 1
3 814 1 56 1
3 815 2 45 1
3 816 1 49 1
3 817 2 62 1
3 818 2 60 1
3 819 2 68 1
3 820 1 59 1
7 821 2 77 1
7 822 1 70 1
1 823 1 65 1
1 824 1 78 1
1 825 1 44 1
1 825 2 61 1
1 826 2 78 1
1 827 1 67 1
1 828 2 70 1
1 828 2 71 1
1 828 2 76 1
1 829 2 64 2
1 829 2 66 1
1 830 1 65 1
1 830 2 87 1
1 831 2 60 1
1 831 2 75 1
1 832 2 65 1
1 832 2 78 1
1 833 1 61 1
1 833 2 77 1
1 834 2 64 1
1 834 2 85 1
1 835 1 75 1
7 836 1 76 1
1 837 2 63 1
1 838 2 78 1
7 839 1 44 1
7 840 1 35 1
7 840 2 53 1
7 841 1 70 1
7 841 1 92 1
1 842 1 48 1
1 842 1 69 1
1 842 1 70 1
1 842 1 76 1
1 842 2 45 1
1 842 2 54 1
1 842 2 62 1
1 842 2 65 2
1 843 1 51 1
1 843 1 60 1
1 843 1 65 1
1 843 1 84 1
1 843 2 55 1
1 843 2 56 1
1 843 2 64 1
1 843 2 69 1
1 843 3 24 1
1 844 1 42 1
1 844 1 51 1
1 844 1 59 1
1 844 2 59 1
1 844 2 63 1
1 844 2 66 1
1 844 2 68 1
1 844 2 74 1
1 845 1 61 1
1 845 1 69 1
1 845 2 47 1
1 845 2 60 1
1 845 2 62 1
1 845 2 64 1
1 845 2 66 1
7 846 2 53 1
1 847 1 82 1
7 848 1 48 1
1 849 2 75 1
7 850 2 58 1
1 851 1 66 1
7 852 1 61 1
7 852 2 58 1
7 853 2 73 1
1 854 2 73 1
1 855 1 71 1
7 856 2 59 1
7 857 1 46 1
7 858 1 64 1
7 859 2 40 1
7 860 2 50 1
7 861 2 39 1
7 861 2 69 1
1 862 2 46 1
1 862 2 70 1
1 863 2 47 1
1 864 2 53 1
1 865 2 55 1
7 866 2 57 1
7 867 2 69 1
1 868 2 68 1
3 869 2 67 1
3 870 1 70 1
3 870 1 75 1
3 871 1 75 1
3 872 2 66 1
3 873 2 68 1
3 874 2 66 1
3 875 1 76 1
3 876 1 54 1
3 876 1 58 1
3 876 2 45 1
3 876 2 49 2
3 877 1 45 1
3 877 2 48 1
3 878 1 50 1
3 878 1 74 1
3 878 1 89 1
3 879 1 61 1
3 879 1 62 1
6 880 2 88 1
6 881 2 74 1
6 882 1 80 1
6 883 2 79 1
6 884 2 79 1
6 885 1 72 1
6 885 1 88 1
6 885 2 65 1
6 885 2 71 1
6 886 2 69 1
9 887 2 43 1
9 888 1 67 1
9 889 2 75 1
9 890 2 83 1
9 891 1 81 1
9 892 2 60 1
9 893 1 65 1
6 894 2 73 1
3 895 1 64 1
3 896 2 74 1
3 897 2 47 1
3 898 2 65 1
3 899 2 51 1
3 900 1 51 1
1 901 1 84 1
1 902 2 65 1
7 903 1 63 1
7 904 1 58 1
7 905 1 66 1
7 906 1 52 1
7 907 1 71 1
7 907 2 72 1
1 908 1 66 1
1 909 2 64 1
1 910 2 65 1
1 911 2 64 1
1 912 1 74 1
1 913 2 76 1
1 914 2 75 1
1 915 2 64 1
1 915 2 67 1
1 915 2 84 1
1 916 2 68 1
1 916 2 72 1
1 916 2 73 1
1 916 2 75 1
1 917 2 67 1
1 917 2 77 1
1 918 1 65 1
1 918 2 76 1
7 919 2 63 1
1 920 2 62 1
1 920 2 65 1
7 921 1 76 1
1 922 2 66 1
1 922 2 82 1
7 923 2 54 1
7 924 1 62 1
7 924 1 65 1
7 925 1 71 1
7 926 1 64 1
7 926 2 74 1
7 927 2 58 2
1 928 2 47 1
7 929 2 61 1
7 929 2 76 1
7 930 2 81 1
1 931 2 62 1
7 932 1 74 1
1 933 2 73 1
7 934 1 66 1
1 935 2 63 1
7 936 1 58 1
1 937 2 60 1
7 938 1 68 1
1 939 2 68 1
7 940 1 64 1
1 941 1 82 1
1 941 2 60 1
1 941 2 72 1
7 942 2 54 1
7 943 1 67 1
7 944 2 55 1
1 945 2 62 1
7 946 1 66 1
1 947 1 41 1
1 947 2 71 1
7 948 2 74 1
1 949 1 55 1
1 949 2 61 1
1 949 2 67 1
1 949 2 86 1
7 950 2 64 1
1 951 1 74 1
7 952 2 81 1
1 953 2 45 1
7 954 2 71 1
1 955 1 56 1
7 956 1 70 1
1 957 2 73 1
1 957 2 83 1
1 957 2 87 1
1 958 1 54 1
1 958 2 69 1
1 958 2 90 1
7 959 1 61 1
1 960 1 46 2
1 960 1 49 1
1 960 1 50 3
1 960 1 52 1
1 960 1 55 2
1 960 1 56 1
1 960 1 58 1
1 960 1 60 1
1 960 1 68 1
1 960 1 79 1
1 960 2 47 1
1 960 2 50 1
1 960 2 54 1
1 960 2 60 2
1 960 2 66 1
1 960 2 74 1
1 961 2 43 1
1 961 2 59 1
1 962 2 55 1
1 962 2 65 1
1 963 1 63 1
1 963 1 86 1
7 964 1 67 1
1 965 2 60 1
1 965 2 81 1
1 966 2 65 1
1 967 2 79 1
1 968 1 58 1
1 968 2 81 1
1 969 1 59 1
1 970 1 63 1
1 970 1 67 1
1 970 2 76 1
1 970 2 79 1
1 970 2 81 1
1 971 2 89 1
1 972 2 65 1
1 973 1 61 1
1 974 2 67 1
1 975 2 65 1
1 976 1 90 1
1 976 2 60 1
1 977 2 87 1
1 978 1 77 1
1 978 2 68 1
1 979 1 22 1
1 979 1 70 1
1 979 1 72 1
1 979 1 84 1
1 979 2 75 2
1 979 2 77 1
1 979 2 87 1
1 980 1 37 1
1 980 1 46 1
1 980 1 48 1
1 980 1 50 1
1 980 1 51 1
1 980 1 54 1
1 980 1 56 1
1 980 1 57 1
1 980 1 59 2
1 980 1 60 1
1 980 1 62 1
1 980 1 64 1
1 980 1 65 1
1 980 2 41 1
1 980 2 46 1
1 980 2 57 1
1 980 2 60 1
1 980 2 63 1
1 980 2 64 1
1 980 2 65 1
1 980 2 66 1
1 980 2 71 1
1 980 2 72 2
7 981 2 57 1
1 982 1 62 1
1 982 2 54 1
1 982 2 74 1
1 983 2 57 1
1 983 2 58 1
1 984 1 23 1
1 984 1 79 1
1 985 1 47 1
1 986 1 56 1
1 986 1 88 1
7 987 2 59 1
1 988 1 67 1
1 988 1 69 1
7 989 1 60 1
1 990 1 87 1
1 991 1 62 1
7 992 1 59 1
7 993 2 70 1
7 994 2 60 1
7 995 2 65 1
7 996 1 71 1
7 997 2 46 1
7 998 1 64 1
7 999 2 55 1
7 1000 1 44 1
1 1001 1 63 1
1 1002 2 70 1
1 1003 2 78 1
1 1004 1 80 1
1 1005 1 83 1
1 1006 1 66 1
1 1006 1 82 1
7 1007 2 58 1
7 1008 2 66 1
1 1009 2 75 1
7 1010 1 70 1
1 1011 2 69 1
7 1012 2 62 1
1 1013 2 68 1
7 1014 2 72 1
1 1015 1 81 1
1 1016 2 83 1
1 1017 2 64 1
7 1018 2 60 1
1 1019 2 67 1
1 1020 2 62 1
1 1020 2 67 1
1 1021 1 81 1
1 1022 2 60 1
1 1022 2 67 1
1 1022 2 68 1
1 1022 2 73 1
1 1023 2 68 1
1 1024 2 68 1
1 1025 2 67 1
1 1026 1 64 1
1 1027 1 62 1
1 1028 1 62 1
1 1029 1 82 1
1 1030 2 64 1
7 1031 2 84 1
3 1032 1 69 1
3 1033 1 60 1
3 1033 1 61 1
3 1034 1 48 1
3 1034 1 54 1
3 1034 1 82 1
3 1035 1 44 1
3 1035 2 43 1
3 1036 2 63 1
3 1037 2 62 1
3 1038 2 89 1
3 1039 2 73 1
3 1040 1 77 1
6 1041 2 67 1
6 1041 2 77 1
6 1041 2 80 1
6 1042 2 74 1
6 1043 2 74 1
6 1044 1 79 1
6 1045 2 79 1
6 1046 1 79 1
3 1047 2 76 1
6 1048 1 53 1
6 1049 2 91 1
6 1050 2 77 1
6 1051 1 80 1
6 1052 1 78 1
6 1053 1 74 1
6 1053 2 51 1
6 1054 1 57 1
6 1055 2 84 1
6 1056 1 80 1
6 1057 1 73 1
3 1058 2 67 1
6 1059 2 81 1
3 1060 1 60 1
3 1061 1 45 1
3 1061 1 84 1
6 1062 2 78 1
6 1063 2 64 1
6 1063 2 81 1
6 1064 1 58 1
6 1064 1 59 1
6 1064 2 60 2
6 1064 2 63 1
6 1064 2 69 1
6 1065 1 60 1
9 1066 2 56 1
6 1067 1 76 1
6 1068 2 59 1
6 1069 1 73 1
7 1070 1 66 1
7 1071 1 70 1
7 1072 1 58 1
7 1072 1 60 1
7 1073 1 68 1
1 1074 1 62 1
7 1075 2 63 1
7 1076 2 57 1
7 1077 2 62 1
7 1078 2 57 1
7 1079 3 70 1
7 1080 2 68 1
1 1081 2 65 1
1 1081 2 67 1
7 1082 1 62 1
7 1083 1 65 1
7 1084 2 57 1
1 1085 1 89 1
1 1086 2 71 1
1 1087 2 77 1
7 1088 1 58 1
7 1089 1 62 1
7 1090 1 69 1
7 1091 1 70 1
7 1092 2 60 1
7 1093 1 62 1
7 1094 2 56 1
7 1094 2 58 1
7 1095 2 61 1
7 1095 2 77 1
1 1096 2 83 1
1 1097 2 69 1
1 1097 2 72 1
1 1098 1 57 1
1 1098 1 62 1
1 1099 1 55 1
1 1099 1 77 1
1 1099 2 55 1
1 1099 2 62 1
1 1099 2 76 1
1 1100 1 52 1
1 1100 1 73 1
1 1100 2 62 1
1 1100 2 66 1
1 1101 1 43 1
1 1101 2 84 1
1 1102 2 65 1
1 1102 2 66 1
1 1102 2 72 1
1 1103 1 80 1
1 1104 1 88 1
1 1105 2 82 1
1 1106 2 67 1
1 1106 2 79 1
1 1107 3 65 1
1 1108 2 65 1
1 1108 2 75 1
1 1109 1 70 1
1 1110 2 68 1
1 1110 2 77 1
1 1111 1 63 1
1 1111 1 67 1
1 1111 1 79 1
1 1112 2 79 1
7 1113 2 77 1
1 1114 1 74 1
1 1114 2 60 1
7 1115 2 72 1
7 1116 1 73 1
7 1117 2 73 1
1 1118 1 73 1
1 1118 2 44 1
1 1118 2 82 1
1 1119 1 72 1
1 1119 2 44 1
7 1120 2 64 1
7 1121 1 70 1
7 1122 2 63 1
7 1123 1 65 1
1 1124 1 72 1
7 1125 2 73 1
5 1126 2 76 1
5 1126 2 78 1
2 1127 1 59 1
2 1128 1 81 1
2 1128 2 84 1
2 1129 2 82 1
5 1130 1 65 1
5 1131 1 67 1
2 1132 2 70 1
2 1133 2 87 1
2 1134 1 45 1
5 1135 1 75 1
5 1135 2 81 1
5 1136 2 73 1
5 1137 2 81 1
5 1138 1 80 1
5 1139 1 64 1
5 1139 1 76 1
5 1139 2 60 1
5 1140 2 53 1
5 1141 1 82 1
5 1142 2 28 1
5 1143 2 70 1
5 1143 2 85 1
5 1144 1 40 1
5 1145 2 38 1
5 1146 2 80 1
5 1147 1 56 1
5 1148 1 64 1
5 1149 1 82 1
5 1150 1 34 1
5 1151 2 41 1
5 1152 1 55 1
5 1153 1 47 1
5 1153 2 66 1
5 1154 1 37 1
5 1155 1 28 1
5 1155 1 42 1
5 1155 1 43 1
5 1155 1 65 1
5 1155 2 42 1
5 1156 2 69 1
5 1157 2 47 1
5 1158 1 36 1
5 1159 1 56 1
5 1159 2 56 1
8 1160 1 58 1
8 1161 1 29 1
8 1162 2 65 1
3 1163 1 51 1
3 1163 2 64 1
3 1164 1 67 1
3 1164 1 74 1
3 1164 2 37 1
3 1164 2 48 1
3 1164 2 51 1
3 1164 2 55 1
3 1164 2 59 1
3 1164 2 74 1
3 1165 1 64 1
3 1165 2 64 1
3 1166 1 48 1
3 1166 1 50 1
3 1166 1 66 1
3 1166 1 73 2
3 1166 2 59 1
3 1167 1 73 1
3 1167 2 65 1
3 1168 1 48 1
3 1168 2 61 1
3 1168 2 64 1
3 1169 1 48 1
3 1169 2 49 1
3 1169 2 61 1
3 1170 2 51 1
3 1170 2 55 1
3 1171 1 52 1
3 1172 1 50 1
3 1172 1 58 1
3 1172 2 48 1
3 1172 2 75 1
3 1173 1 48 1
3 1173 2 47 2
3 1173 2 50 1
3 1173 2 64 1
3 1174 1 42 1
3 1174 1 48 1
3 1174 1 49 1
3 1174 1 51 1
3 1174 1 57 1
3 1174 1 60 1
3 1174 2 42 1
3 1174 2 47 1
3 1174 2 49 1
3 1174 2 52 1
3 1174 2 63 2
3 1174 2 66 1
3 1175 1 47 1
3 1175 1 52 2
3 1175 2 48 1
3 1175 2 52 1
3 1175 2 62 1
3 1176 1 47 1
3 1176 1 48 1
3 1176 1 51 1
3 1176 1 60 1
3 1176 2 48 1
3 1176 2 51 1
3 1176 2 53 1
3 1176 2 54 1
3 1176 2 63 1
3 1177 1 48 1
3 1177 1 49 1
3 1177 1 50 1
3 1177 1 51 4
3 1177 1 52 1
3 1177 1 53 2
3 1177 1 57 1
3 1177 1 64 1
3 1177 1 65 1
3 1177 2 39 1
3 1177 2 40 1
3 1177 2 48 3
3 1177 2 53 1
3 1177 2 57 1
3 1177 2 60 1
3 1177 3 24 1
3 1178 1 44 1
3 1178 1 53 1
3 1178 2 57 1
3 1179 1 49 1
3 1179 1 54 1
3 1179 2 48 1
3 1180 1 56 1
3 1180 1 58 1
3 1180 2 63 1
3 1180 2 70 1
3 1181 1 26 1
3 1181 1 45 1
3 1181 1 50 1
3 1181 1 57 1
3 1181 2 45 1
3 1181 2 47 1
3 1181 2 49 1
3 1182 1 75 1
3 1182 2 80 1
3 1183 2 50 1
3 1184 1 48 1
3 1184 2 64 1
3 1185 1 51 1
3 1185 1 52 1
3 1185 1 56 1
3 1185 1 58 1
3 1185 1 64 1
3 1185 2 59 1
3 1185 2 70 1
3 1186 2 48 1
3 1187 1 70 1
3 1188 1 67 1
3 1189 1 51 1
3 1189 1 84 1
3 1189 2 51 1
3 1189 2 57 1
3 1189 2 60 1
3 1190 2 61 1
3 1191 1 46 2
3 1191 1 48 2
3 1191 1 49 1
3 1191 1 51 1
3 1191 2 44 1
3 1191 2 50 1
3 1191 2 51 1
3 1191 2 58 1
3 1191 2 63 1
3 1192 1 62 1
3 1192 1 68 1
3 1192 2 48 1
3 1192 2 52 1
3 1193 1 48 1
3 1193 1 52 2
3 1193 1 53 1
3 1193 1 54 1
3 1193 1 68 1
3 1193 2 50 1
3 1194 2 71 1
3 1195 1 47 1
3 1195 1 52 1
3 1195 1 55 1
3 1195 1 62 1
3 1195 2 50 1
3 1195 2 53 1
3 1196 1 50 2
3 1196 1 51 1
3 1196 1 53 1
3 1196 1 56 1
3 1196 2 48 1
3 1196 2 50 1
3 1196 2 57 1
3 1196 2 60 1
3 1196 2 64 1
3 1196 2 65 1
3 1197 1 49 1
3 1197 1 56 1
3 1197 1 62 1
3 1197 2 50 1
3 1198 1 60 1
3 1198 2 45 1
3 1199 1 41 1
3 1199 1 48 2
3 1199 1 51 1
3 1199 1 56 1
3 1199 1 61 1
3 1199 2 48 1
3 1199 2 61 1
3 1200 2 48 1
3 1201 1 48 1
3 1201 1 55 1
3 1201 2 51 1
3 1202 1 60 1
3 1203 2 85 1
3 1204 1 51 1
3 1204 1 59 1
3 1204 2 48 1
3 1204 2 51 1
3 1205 1 62 1
3 1206 1 45 1
3 1206 1 46 2
3 1206 1 47 1
3 1206 1 49 1
3 1206 1 50 1
3 1206 1 52 2
3 1206 1 53 3
3 1206 1 56 2
3 1206 1 58 3
3 1206 1 61 1
3 1206 1 64 1
3 1206 1 68 1
3 1206 1 80 1
3 1206 2 43 1
3 1206 2 45 1
3 1206 2 46 1
3 1206 2 48 3
3 1206 2 49 2
3 1206 2 55 1
3 1206 2 57 2
3 1206 2 58 1
3 1206 2 61 2
3 1206 2 62 1
3 1207 1 58 1
3 1207 2 58 1
3 1207 2 60 1
3 1208 1 82 1
3 1209 1 42 1
3 1209 1 47 1
3 1209 1 50 1
3 1209 1 55 1
3 1209 2 47 1
3 1209 2 50 2
3 1210 1 78 1
6 1211 2 68 1
6 1212 2 72 1
3 1213 1 54 1
3 1213 1 59 1
3 1213 1 68 1
3 1213 2 40 1
3 1213 2 49 1
3 1213 2 54 1
6 1214 2 75 1
6 1214 2 82 1
6 1215 2 89 1
6 1216 2 78 1
6 1217 1 80 1
6 1217 1 83 1
6 1217 2 78 1
6 1217 2 86 1
6 1218 2 74 1
6 1218 2 77 1
9 1219 1 75 1
9 1220 1 75 1
9 1221 2 67 1
9 1222 2 84 1
9 1223 1 56 1
3 1224 1 47 1
3 1224 1 49 1
3 1224 1 51 1
3 1224 1 56 1
3 1224 1 66 1
9 1225 2 68 1
9 1226 1 41 1
6 1227 1 67 1
6 1228 1 68 1
6 1229 1 57 1
6 1230 1 59 1
6 1231 2 56 1
3 1232 2 74 1
3 1233 1 45 1
3 1233 1 69 1
3 1233 2 55 1
3 1233 2 81 1
3 1234 1 54 1
3 1234 1 55 2
3 1234 1 56 1
3 1234 2 48 1
3 1234 2 64 1
3 1235 1 79 1
3 1235 2 47 1
3 1236 1 55 1
3 1236 1 61 1
3 1237 1 52 1
3 1237 1 82 1
3 1237 2 59 2
3 1237 2 62 1
3 1237 2 64 1
3 1237 2 65 1
3 1238 2 49 1
3 1239 1 46 1
3 1240 1 70 1
3 1240 2 46 1
3 1241 2 58 1
3 1242 1 54 1
3 1243 1 47 1
3 1243 2 47 1
3 1243 2 60 1
3 1244 2 47 1
3 1244 2 49 1
3 1245 2 57 1
1 1246 1 73 1
7 1247 2 66 1
7 1247 2 67 1
7 1248 1 62 1
1 1249 1 77 1
3 1250 1 51 1
3 1250 2 52 1
3 1250 2 60 1
3 1251 2 64 1
3 1251 2 68 1
3 1252 1 53 1
3 1252 2 60 1
3 1253 1 57 1
3 1254 1 66 1
3 1254 2 46 1
3 1254 2 53 1
3 1255 1 47 1
3 1255 2 50 1
3 1255 2 61 1
3 1256 2 44 1
3 1256 2 47 1
3 1256 2 49 1
3 1257 1 46 2
3 1257 2 63 1
3 1257 2 73 1
3 1257 2 76 1
3 1258 1 46 1
3 1258 2 47 1
3 1259 1 50 1
3 1259 1 62 1
3 1259 1 69 1
3 1259 2 45 1
3 1259 2 46 1
3 1259 2 52 1
3 1259 2 53 1
3 1259 2 62 1
3 1259 2 67 1
3 1260 1 65 1
3 1261 1 63 1
3 1262 1 60 1
3 1262 2 49 1
3 1262 2 58 1
3 1262 2 77 1
3 1263 1 50 1
3 1263 1 54 1
3 1263 1 57 1
3 1263 1 58 1
3 1263 1 63 1
3 1263 2 58 1
3 1263 2 64 1
3 1263 2 66 1
3 1264 1 73 1
3 1265 1 55 1
3 1266 1 41 1
3 1266 1 53 1
3 1266 2 79 1
3 1267 2 49 1
3 1268 1 52 1
3 1268 1 53 1
3 1268 1 54 1
3 1268 1 63 1
3 1268 2 48 1
3 1268 2 58 1
3 1268 2 63 1
3 1269 1 53 1
3 1270 1 53 1
3 1270 1 54 1
3 1270 1 57 1
3 1270 2 49 1
3 1270 2 53 1
3 1271 2 58 1
3 1271 2 62 1
3 1271 2 81 1
3 1272 1 44 1
3 1272 1 48 1
3 1272 1 49 1
3 1272 1 50 1
3 1272 1 52 1
3 1272 1 54 1
3 1272 1 57 1
3 1272 1 61 1
3 1272 1 72 1
3 1272 2 49 2
3 1272 2 53 1
3 1272 2 59 1
3 1272 2 76 1
3 1273 2 60 1
3 1274 2 48 1
3 1275 1 64 1
3 1275 2 50 1
3 1275 2 52 1
3 1275 2 55 1
3 1276 1 50 1
3 1277 2 49 1
3 1278 1 50 1
3 1278 1 63 1
3 1278 2 48 1
3 1278 2 59 1
6 1279 2 76 1
6 1280 2 72 1
6 1281 2 78 1
6 1281 2 91 1
3 1282 1 49 1
3 1282 1 50 1
3 1282 1 61 1
3 1282 2 51 1
3 1282 2 56 1
6 1283 1 55 1
6 1284 1 78 1
9 1285 1 61 1
9 1286 1 56 1
9 1287 2 67 1
9 1288 2 62 1
6 1289 1 74 1
6 1290 2 71 1
6 1291 1 86 1
6 1292 1 73 1
6 1293 1 62 1
6 1294 2 79 1
6 1295 1 73 1
6 1296 1 63 1
6 1297 2 62 1
3 1298 1 39 1
3 1298 1 41 1
3 1298 1 43 1
3 1298 1 45 1
3 1298 1 48 5
3 1298 1 49 2
3 1298 1 51 4
3 1298 1 52 2
3 1298 1 53 1
3 1298 1 55 1
3 1298 1 58 2
3 1298 1 59 1
3 1298 1 74 1
3 1298 2 43 1
3 1298 2 45 1
3 1298 2 46 1
3 1298 2 47 1
3 1298 2 49 1
3 1298 2 50 2
3 1298 2 52 1
3 1298 2 53 1
3 1298 2 58 1
3 1298 2 59 1
3 1298 2 60 1
3 1298 2 62 1
3 1298 2 69 1
3 1298 2 74 1
3 1298 2 76 1
3 1298 2 78 1
3 1299 1 46 1
3 1299 1 56 1
3 1300 1 52 1
3 1300 2 52 1
3 1300 2 54 1
3 1301 1 45 1
3 1301 1 57 1
3 1301 2 44 2
3 1302 2 46 1
3 1303 1 55 1
3 1304 1 55 1
3 1305 1 49 1
3 1305 1 51 1
3 1305 1 64 1
3 1305 1 65 1
3 1305 1 66 1
3 1305 2 52 1
3 1305 2 58 1
3 1305 2 68 1
3 1306 1 47 1
3 1306 1 68 1
3 1306 2 55 1
3 1306 2 59 1
3 1306 2 62 1
3 1306 2 64 1
3 1306 2 68 1
3 1306 2 69 1
3 1307 1 48 1
3 1307 1 56 1
3 1308 1 86 1
7 1309 2 63 1
4 1310 2 67 1
4 1311 1 52 1
7 1312 2 52 1
1 1313 1 72 1
1 1314 1 40 1
7 1315 2 65 1
7 1316 1 64 1
1 1317 2 67 1
7 1318 1 48 1
7 1319 2 55 1
7 1320 2 58 1
7 1321 1 63 1
7 1322 1 38 1
7 1323 2 60 1
7 1324 2 55 1
7 1325 1 45 1
7 1325 1 65 1
7 1326 2 44 1
7 1327 1 59 1
7 1327 2 67 1
1 1328 2 81 1
7 1329 2 57 1
1 1330 1 75 1
1 1331 1 55 1
1 1332 2 68 1
1 1333 2 72 1
1 1334 1 103 1
1 1335 1 82 1
7 1336 2 65 1
7 1337 2 79 1
2 1338 2 71 1
2 1339 2 74 1
2 1340 2 64 1
2 1341 2 82 1
7 1342 1 58 1
7 1343 1 44 1
7 1344 2 49 1
7 1345 1 46 1
7 1346 2 65 1
7 1347 2 66 1
1 1348 1 74 1
7 1349 2 75 1
1 1350 2 81 1
7 1351 1 79 1
7 1352 1 64 1
1 1353 1 80 1
1 1353 2 83 1
7 1354 2 73 1
7 1355 1 74 1
7 1356 1 76 1
7 1357 2 62 1
7 1358 2 81 1
7 1359 1 55 1
7 1360 1 56 1
7 1361 1 78 1
7 1362 2 63 1
7 1363 2 59 1
7 1364 1 62 1
7 1364 2 65 1
7 1365 2 63 1
7 1366 2 70 1
7 1367 3 28 1
7 1368 3 28 1
7 1369 3 27 1
7 1369 3 28 1
7 1369 3 29 1
7 1370 1 42 1
7 1371 2 40 1
1 1372 1 43 1
1 1372 1 54 1
1 1372 1 60 1
1 1372 1 68 1
1 1372 1 72 1
1 1372 2 44 1
1 1372 2 59 1
1 1372 2 66 1
1 1372 2 73 1
1 1373 1 65 1
1 1373 1 66 1
1 1373 1 72 1
1 1373 2 60 2
1 1373 2 83 1
1 1374 1 40 1
1 1374 1 62 1
1 1374 2 56 1
1 1374 2 60 1
1 1374 2 67 1
1 1375 1 79 1
1 1376 2 72 1
1 1377 1 64 1
1 1377 1 66 1
1 1377 1 69 1
1 1377 1 80 1
1 1377 2 63 1
1 1377 2 64 1
1 1378 1 62 1
1 1379 1 62 1
1 1380 1 67 1
1 1380 1 78 1
1 1380 1 83 1
1 1380 2 66 1
1 1380 2 74 1
1 1381 1 59 1
1 1381 2 60 1
1 1381 2 65 1
1 1382 1 50 1
1 1382 1 66 1
1 1382 1 69 1
1 1382 1 70 1
1 1382 1 72 1
1 1382 1 73 1
1 1382 1 82 1
1 1383 2 53 1
1 1383 2 60 2
1 1383 2 63 1
1 1383 2 66 1
1 1383 2 68 1
1 1383 2 69 1
1 1384 2 72 1
1 1384 2 74 1
1 1385 2 77 1
1 1386 2 67 1
6 1387 3 77 1
7 1388 2 77 1
7 1389 1 88 1
7 1390 1 63 1
7 1391 1 65 1
7 1392 1 43 1
7 1393 2 70 1
7 1394 2 60 1
7 1395 1 44 1
7 1395 2 58 1
7 1396 1 43 1
7 1397 1 81 1
1 1398 2 89 1
1 1399 1 75 1
1 1400 1 72 1
3 1401 1 98 1
3 1402 1 44 1
3 1402 1 46 1
3 1402 1 51 2
3 1402 1 87 1
3 1403 2 80 1
3 1404 2 70 1
3 1405 2 49 1
3 1406 2 80 1
3 1407 2 67 1
6 1408 2 69 1
6 1409 2 79 1
6 1410 2 65 1
6 1411 1 78 1
6 1412 2 79 1
9 1413 1 63 1
9 1414 2 41 1
9 1415 1 90 1
9 1416 2 42 1
6 1417 2 69 1
6 1417 2 70 1
9 1418 2 78 1
9 1419 2 58 1
9 1419 2 62 1
9 1419 2 66 1
9 1420 2 61 1
9 1421 2 76 1
9 1422 2 67 1
9 1423 1 58 1
9 1424 2 76 1
3 1425 1 60 1
3 1425 2 64 1
3 1426 1 62 1
3 1427 2 77 1
3 1428 1 50 1
3 1428 2 91 1
3 1429 1 43 1
3 1429 1 53 1
3 1429 1 71 1
3 1429 2 66 1
3 1429 2 67 1
3 1430 1 51 2
3 1430 1 67 1
3 1430 1 68 1
3 1430 1 71 1
3 1430 2 46 1
3 1430 2 56 1
3 1430 2 62 1
3 1430 2 84 1
3 1431 1 55 1
3 1431 1 60 1
3 1431 2 43 1
3 1432 2 66 1
3 1433 1 60 1
3 1433 2 49 1
3 1434 2 60 1
3 1434 2 63 1
3 1435 1 65 1
3 1436 2 81 1
7 1437 1 59 1
7 1438 2 66 1
7 1438 2 71 1
1 1439 2 92 1
7 1440 2 49 1
7 1441 2 60 1
7 1442 1 45 1
7 1443 1 59 1
7 1443 2 47 1
7 1444 2 54 1
7 1445 2 54 1
7 1446 2 64 1
7 1446 2 76 1
1 1447 2 76 1
7 1448 1 44 1
7 1449 2 61 1
7 1450 2 74 1
1 1451 2 72 1
7 1452 1 63 1
1 1453 1 55 1
7 1454 1 78 1
1 1455 2 61 1
1 1456 2 81 1
1 1457 2 57 1
1 1458 2 56 1
1 1459 2 49 1
1 1460 2 80 1
1 1461 2 86 1
1 1462 2 61 1
1 1463 2 83 1
1 1464 1 71 1
1 1465 1 58 1
1 1466 2 88 1
1 1467 2 78 1
7 1468 2 43 1
1 1469 2 90 1
1 1470 1 76 1
1 1471 2 69 1
1 1472 2 68 1
7 1473 1 77 1
1 1474 2 77 1
7 1475 1 68 1
7 1476 1 66 1
7 1476 1 79 1
7 1477 1 62 1
7 1478 1 64 1
7 1478 2 64 1
7 1479 1 61 1
7 1480 1 51 1
1 1481 2 76 1
7 1482 1 70 1
7 1483 1 63 1
7 1484 1 81 1
7 1485 1 51 1
7 1486 2 63 1
7 1487 1 43 1
1 1488 2 78 1
7 1489 1 46 1
7 1490 1 64 1
7 1491 1 57 1
7 1491 2 59 1
7 1492 1 38 1
7 1492 2 54 1
7 1493 2 56 1
7 1494 1 62 1
7 1494 1 74 1
7 1494 2 65 1
7 1495 1 55 1
7 1496 1 32 1
7 1497 2 56 1
7 1498 1 54 1
7 1499 1 58 1
7 1500 1 31 1
7 1500 1 44 1
7 1501 2 47 1
1 1502 2 83 1
7 1503 2 75 1
7 1504 2 54 1
7 1505 1 52 1
1 1506 2 59 1
1 1507 1 73 1
1 1508 2 67 1
1 1509 1 47 1
1 1509 1 68 1
1 1509 2 58 1
1 1509 2 64 1
7 1510 2 49 1
1 1511 1 79 1
1 1512 1 64 1
1 1512 1 70 1
1 1512 2 51 1
1 1512 2 71 1
1 1512 2 82 1
4 1513 2 66 1
7 1514 2 56 1
7 1514 2 70 1
7 1515 2 83 1
7 1516 1 36 1
7 1517 1 100 1
7 1518 2 62 1
7 1519 1 41 1
7 1520 2 74 1
7 1521 2 61 1
7 1522 1 75 1
7 1523 2 72 1
7 1524 1 58 1
7 1525 2 46 1
7 1526 2 41 1
7 1527 1 72 1
1 1528 2 68 1
7 1529 1 28 1
7 1529 2 85 1
7 1530 2 64 1
7 1531 2 54 1
1 1532 1 65 1
1 1533 2 67 1
7 1534 1 57 1
7 1535 1 62 1
1 1536 2 63 1
1 1537 2 41 1
1 1538 2 45 1
1 1539 1 83 1
1 1540 2 72 1
1 1541 1 62 1
7 1542 1 66 1
1 1543 2 75 1
7 1544 2 51 1
1 1545 2 73 1
7 1546 2 83 1
7 1547 2 61 1
7 1548 2 65 1
7 1549 2 79 1
7 1550 3 75 1
1 1551 1 58 1
3 1552 1 63 1
1 1553 1 56 1
1 1554 2 70 1
7 1555 2 62 1
7 1556 2 44 1
1 1557 1 74 1
7 1558 2 61 1
7 1559 2 59 1
7 1560 1 68 1
7 1561 2 67 1
7 1562 2 56 1
7 1563 1 76 1
7 1564 1 57 1
7 1565 2 63 1
7 1566 2 70 1
7 1567 2 44 1
7 1568 1 54 1
7 1569 2 50 1
7 1570 1 63 1
7 1571 2 62 1
7 1572 2 76 1
7 1573 1 66 1
7 1574 3 26 1
7 1575 2 45 1
7 1576 2 67 1
7 1577 1 65 1
7 1577 1 86 1
7 1577 2 64 1
1 1578 1 74 1
7 1579 2 62 1
7 1580 2 57 1
7 1581 2 89 1
7 1582 1 71 1
7 1583 1 45 1
7 1584 2 58 1
1 1585 2 84 1
1 1586 1 76 1
7 1587 2 67 1
4 1588 2 70 1
7 1589 2 52 1
7 1590 2 67 1
7 1591 2 57 1
7 1592 1 55 1
1 1593 2 70 1
1 1594 1 75 1
1 1595 2 67 1
