3 1 1 53 1
1 1 1 63 1
1 1 1 48 1
1 1 1 54 1
1 1 1 50 1
1 1 2 51 1
1 1 1 47 1
1 1 1 63 1
1 1 1 49 1
1 2 1 71 1
1 2 1 51 1
1 2 2 51 1
1 2 2 50 1
1 2 1 49 1
1 2 2 58 1
1 2 2 64 1
1 2 2 55 1
1 2 2 56 1
1 2 2 67 1
3 2 1 60 1
3 2 2 59 1
1 2 1 55 1
1 2 1 59 1
1 2 2 79 1
1 2 1 65 1
1 3 1 40 1
1 3 1 51 1
1 3 2 57 1
1 3 1 64 1
3 3 2 57 1
1 3 2 57 1
1 3 1 50 1
1 3 2 64 1
1 3 1 54 1
1 3 1 57 1
1 3 1 72 1
1 3 2 59 1
1 3 1 51 1
1 3 2 63 1
1 3 1 50 1
1 3 1 64 1
1 4 2 48 1
3 4 2 66 1
1 4 2 49 1
1 4 1 50 1
1 4 2 59 1
1 4 2 54 1
1 4 1 58 1
1 4 2 59 1
1 4 2 51 1
2 5 1 61 1
1 5 2 59 1
1 5 2 51 1
1 5 1 58 1
2 5 1 60 1
1 5 2 55 1
1 6 2 61 1
1 6 1 38 1
3 6 1 58 1
1 6 2 48 1
1 6 2 75 1
1 6 2 50 1
1 6 1 50 1
1 6 1 61 1
1 6 1 65 1
1 6 2 53 1
1 6 1 49 1
1 6 1 62 1
3 6 2 66 1
1 7 1 66 1
1 7 1 62 1
1 7 2 60 1
1 7 1 56 2
1 7 1 60 1
1 7 1 61 1
1 8 2 51 1
1 8 2 72 1
1 8 2 59 2
1 8 2 31 1
1 8 2 55 1
1 8 1 52 1
1 8 2 76 1
1 8 2 58 1
1 8 2 53 1
1 8 1 50 1
1 8 2 58 1
1 8 2 51 1
1 8 1 50 1
3 8 1 56 1
1 8 1 66 1
1 8 1 52 1
1 8 2 47 1
2 9 1 61 1
1 9 1 50 1
3 9 1 53 1
1 9 2 56 1
1 9 2 60 1
1 10 2 63 1
1 10 2 52 1
1 10 2 66 1
1 10 2 47 1
1 10 1 32 1
1 10 1 63 1
1 10 2 58 1
1 10 2 49 1
1 10 2 56 1
1 10 2 62 1
3 10 1 67 1
1 10 1 52 1
1 11 1 49 1
1 11 1 54 1
1 11 2 51 1
3 11 2 54 1
1 11 2 53 1
1 11 2 50 1
1 11 1 41 1
1 11 2 53 1
1 11 2 50 1
3 11 2 65 1
1 11 1 57 1
1 11 1 58 1
1 11 1 59 1
1 11 2 55 1
1 11 2 34 1
1 11 2 52 1
1 11 1 56 1
1 12 1 67 1
1 12 1 63 1
1 12 1 51 1
1 12 1 53 1
1 12 2 53 1
3 12 2 48 1
1 12 1 81 1
3 12 1 62 1
1 12 1 46 1
3 13 1 58 1
1 13 2 54 1
1 14 2 49 1
1 14 2 57 1
1 14 2 66 1
1 14 1 47 1
3 14 1 69 1
1 14 1 61 1
1 14 2 56 1
1 14 2 58 1
1 14 1 51 1
1 14 2 70 1
1 14 2 55 1
1 14 2 50 1
1 14 1 51 1
1 15 2 49 1
1 15 2 55 1
1 15 1 64 1
1 15 1 64 1
1 15 2 36 1
1 15 1 71 1
1 15 1 56 1
1 16 1 47 1
3 16 2 56 1
1 16 1 74 1
1 16 1 51 1
3 16 1 63 1
3 16 2 59 1
1 16 1 55 1
3 16 1 62 1
1 17 1 45 1
3 17 2 59 1
1 17 1 59 1
1 17 1 62 1
1 17 1 53 1
1 17 2 46 1
1 17 2 54 1
1 17 2 56 1
1 17 2 79 1
2 17 1 62 1
1 17 2 42 1
1 17 1 51 1
1 18 2 69 1
1 18 2 30 1
1 18 1 49 1
3 18 1 59 1
1 18 1 70 1
3 18 1 56 1
1 18 1 87 1
1 19 1 48 1
1 19 1 69 1
3 19 2 57 1
1 20 1 62 1
1 20 1 53 1
3 20 1 56 1
3 20 2 58 1
1 20 1 54 2
1 20 1 53 1
3 20 1 59 1
3 20 2 69 1
1 20 1 44 1
1 21 2 52 1
1 21 2 34 1
3 21 2 56 1
1 21 2 32 1
1 21 1 64 1
1 21 2 56 1
3 21 2 62 1
1 22 1 41 1
1 22 2 52 1
3 22 2 62 1
1 22 1 53 1
3 22 2 64 1
1 23 2 56 1
3 23 1 67 1
3 23 1 50 1
1 23 1 80 1
3 23 2 47 1
1 23 1 48 1
3 23 1 84 1
3 23 1 61 1
1 23 2 57 1
1 24 1 57 1
3 24 1 60 1
3 24 1 49 1
1 24 2 56 1
1 24 1 52 1
3 24 1 56 1
3 25 1 69 1
1 25 1 52 1
3 25 1 49 1
1 25 1 54 1
1 26 2 34 1
3 26 1 60 1
1 26 2 53 1
3 26 1 67 1
1 26 2 50 1
1 26 1 52 1
1 26 1 50 1
3 26 1 57 1
1 27 2 59 1
1 27 2 62 1
1 27 2 62 1
1 28 2 30 1
3 28 1 54 1
1 28 1 57 1
1 28 1 43 1
1 28 2 50 1
1 28 2 62 1
3 28 1 65 1
3 28 2 67 1
3 28 1 60 1
3 28 2 56 1
3 29 1 66 1
1 29 2 54 1
1 29 2 55 1
1 29 2 56 1
3 30 1 57 1
1 30 2 20 1
1 30 2 71 1
1 30 1 56 1
1 30 1 48 1
1 30 1 51 1
3 31 1 66 1
1 31 1 59 1
1 31 1 53 1
1 31 1 50 1
3 31 1 67 1
3 31 1 79 1
1 31 1 60 1
1 31 1 53 1
1 32 1 70 1
3 32 2 56 1
1 32 1 54 1
1 32 2 24 1
1 32 1 31 1
1 32 2 55 1
1 32 2 50 1
1 32 2 21 1
1 33 1 60 1
1 33 1 82 1
1 33 1 82 1
1 33 1 63 1
1 33 1 79 1
1 33 1 61 1
1 33 2 57 1
1 33 1 54 1
1 34 1 52 1
1 34 1 49 1
1 34 2 46 1
3 34 2 61 1
3 34 1 59 1
1 34 1 54 1
1 34 1 65 1
1 34 1 66 1
3 34 2 54 1
1 34 2 32 1
1 35 1 53 1
1 35 2 45 1
1 35 2 59 1
3 35 1 57 1
1 35 1 55 1
1 35 2 55 1
3 35 1 71 1
1 35 1 66 1
1 35 2 58 1
3 36 2 59 1
1 36 2 69 1
1 36 2 51 1
1 36 2 46 1
3 36 1 48 1
3 36 1 70 1
1 37 1 56 1
1 37 2 34 1
1 37 1 52 1
1 37 1 48 1
1 37 2 69 1
1 37 2 57 1
3 38 1 62 1
1 38 2 72 1
3 38 2 58 1
1 38 2 58 1
3 38 2 60 1
1 39 2 34 1
1 39 2 45 1
1 39 2 66 1
3 39 2 60 1
1 39 1 74 1
1 39 2 52 1
1 39 1 60 1
1 40 1 54 1
1 40 1 49 1
1 40 2 57 1
1 40 2 47 1
1 41 1 64 1
1 41 1 51 1
1 41 2 54 1
1 41 1 59 1
3 41 1 74 1
1 41 1 56 1
3 41 2 69 1
3 42 1 67 1
3 42 2 58 1
1 42 2 57 1
3 42 1 67 1
1 42 1 51 1
1 42 2 37 1
3 42 1 67 1
1 43 2 56 1
1 43 2 26 1
1 43 2 51 1
3 43 2 62 1
3 43 2 51 1
1 43 1 49 1
1 43 2 40 1
1 43 2 59 1
3 43 2 66 1
1 43 2 52 1
3 44 2 58 1
3 44 2 53 1
1 44 2 59 1
3 44 1 63 1
1 44 1 52 1
3 44 1 61 1
1 44 1 62 1
1 44 1 54 1
1 44 2 45 1
1 44 2 50 1
1 44 2 52 1
1 44 1 52 1
1 45 1 68 1
3 45 1 76 1
3 45 1 53 1
3 45 1 54 1
3 45 1 51 1
1 45 2 54 1
3 45 1 54 1
1 46 2 65 1
1 46 1 60 1
1 46 2 50 1
1 46 2 71 1
1 46 1 64 1
3 46 2 62 1
1 46 2 55 1
1 47 2 33 1
1 47 2 56 1
1 47 2 49 1
1 47 2 53 1
3 47 1 62 1
3 48 1 56 1
1 48 1 72 1
3 48 2 57 1
1 48 1 51 1
1 48 1 55 1
3 49 2 54 1
1 49 2 66 1
1 49 2 67 1
1 49 1 64 1
1 49 1 54 1
1 49 2 81 1
3 49 1 53 1
3 50 1 65 1
3 50 2 58 1
1 50 1 55 1
1 50 1 50 1
1 50 1 69 1
1 51 2 59 1
3 52 1 49 1
3 52 2 63 1
1 52 2 33 1
1 52 2 54 1
3 52 2 57 1
1 52 2 58 1
3 53 1 45 1
1 53 2 53 1
1 53 1 50 1
1 53 2 55 1
1 53 1 49 1
1 53 2 63 1
1 54 1 32 1
1 54 2 49 1
1 54 1 68 1
1 54 1 51 1
1 54 2 55 1
1 54 2 56 1
1 54 1 53 2
1 54 1 50 1
1 54 1 56 1
1 54 2 49 1
1 54 1 59 1
1 55 1 45 1
3 55 1 47 1
1 55 2 67 1
1 55 1 66 1
3 55 1 53 1
1 55 2 51 1
1 55 1 51 1
1 55 1 49 1
1 55 1 56 1
1 55 1 56 1
1 56 2 55 1
1 56 1 50 1
3 56 1 55 1
1 56 1 53 1
1 56 2 59 1
1 56 2 73 1
1 56 2 53 1
1 56 1 53 1
1 56 2 57 1
1 57 1 67 1
1 57 2 63 1
1 57 1 50 1
1 57 1 55 1
1 57 2 47 1
3 57 2 60 1
1 57 1 66 1
1 57 1 53 1
3 57 1 51 1
1 58 2 65 1
1 58 1 69 1
1 58 2 57 1
1 58 2 51 1
1 58 2 34 1
1 58 2 61 1
3 58 1 61 1
1 58 1 71 1
1 58 1 80 1
1 58 1 52 1
1 58 2 56 1
3 59 1 59 1
1 59 1 62 1
1 59 1 66 1
1 60 2 75 1
1 60 2 64 1
1 60 1 55 1
1 60 1 70 1
1 60 1 65 1
1 60 2 57 1
1 60 1 56 1
3 60 2 60 1
1 60 2 57 1
1 60 1 69 1
3 61 2 60 1
3 61 2 60 1
1 61 1 66 1
1 61 1 35 1
3 61 1 62 1
1 61 2 84 1
1 61 1 58 1
1 61 1 37 1
1 62 1 48 1
1 62 1 62 1
3 62 1 59 1
1 62 2 58 1
1 62 2 58 1
1 62 2 68 1
1 62 1 64 1
1 63 1 64 1
1 63 2 55 1
1 63 1 33 1
1 63 1 67 1
1 63 2 65 1
1 63 1 59 1
1 63 1 56 1
1 63 1 56 1
1 64 2 35 1
3 64 1 62 1
3 64 1 65 1
1 64 2 54 1
1 64 1 56 1
3 65 2 53 1
1 65 1 71 1
1 65 1 52 1
1 65 1 52 1
1 65 1 35 1
3 65 1 64 1
1 65 2 58 1
1 65 2 51 1
1 65 2 70 1
1 66 1 63 1
3 66 2 61 1
1 66 2 56 1
1 66 1 53 1
3 66 1 61 1
1 66 1 67 1
1 66 2 54 1
1 66 2 64 1
1 66 2 59 1
3 66 2 61 1
1 66 1 65 2
1 67 2 52 1
1 67 2 57 1
1 67 2 57 1
1 67 1 49 1
1 67 1 52 1
1 67 1 75 1
1 67 1 68 1
3 67 2 47 1
1 67 2 53 1
1 67 1 54 1
1 67 2 45 1
1 67 2 58 1
1 67 2 56 1
3 67 1 66 1
1 67 2 59 1
1 67 2 39 1
1 67 1 48 1
1 68 2 58 1
1 68 1 62 1
1 68 1 47 1
1 68 2 31 1
1 68 1 78 1
3 68 1 62 1
1 68 2 53 1
1 68 2 62 1
1 68 1 64 1
1 68 1 66 1
1 68 1 55 1
1 68 1 52 1
1 68 2 75 1
1 68 1 64 1
1 68 1 52 1
1 68 1 79 1
1 69 1 55 1
1 69 2 59 1
1 69 2 52 1
3 69 1 61 1
1 69 1 73 1
1 69 1 45 1
3 69 1 67 1
1 69 1 48 1
1 70 1 50 1
1 70 2 53 1
1 70 2 52 1
1 70 2 50 1
3 70 2 70 1
3 70 1 56 1
1 70 1 51 1
1 70 2 59 1
1 70 1 51 1
1 71 2 49 1
1 71 2 56 1
3 71 2 55 1
1 71 2 54 1
1 71 1 64 1
1 71 2 35 1
1 72 1 52 1
3 72 2 63 1
1 72 1 56 1
1 72 2 69 1
1 72 1 81 1
1 72 2 54 1
1 73 2 57 1
1 73 1 57 1
3 73 1 62 1
1 73 2 53 1
1 73 2 48 1
1 73 2 57 1
1 73 2 24 1
1 73 1 63 1
1 73 2 50 1
1 73 1 52 1
2 73 1 56 1
1 73 1 60 1
1 73 1 82 1
1 73 2 51 1
3 74 1 62 1
1 74 1 51 1
1 74 1 83 1
1 74 1 62 1
3 74 1 78 1
1 74 2 63 1
1 74 1 57 1
1 74 2 53 1
1 75 2 54 1
1 75 1 53 1
3 75 1 75 1
1 75 1 70 1
1 75 1 54 1
3 75 1 62 1
1 75 1 49 1
1 75 1 46 1
3 75 1 64 1
1 75 1 48 1
1 75 1 56 1
3 75 2 61 1
1 76 1 54 1
1 76 2 54 1
1 76 1 66 1
1 76 2 50 1
1 76 1 72 1
1 76 1 51 1
1 76 1 77 1
1 76 2 52 1
1 77 2 57 1
1 77 1 55 1
1 77 2 64 1
1 77 1 63 1
1 77 1 68 1
1 77 1 52 2
1 77 1 55 1
3 77 1 60 1
1 77 2 39 1
3 77 1 60 1
1 78 1 77 1
3 78 1 48 1
1 78 1 62 1
1 78 2 61 1
1 78 2 51 1
1 78 2 59 1
1 78 1 47 1
3 78 1 69 1
1 78 1 70 1
3 78 1 58 1
3 78 2 51 1
1 78 2 45 1
3 78 1 59 1
3 78 2 61 1
1 78 1 50 1
1 78 1 52 1
3 78 1 62 1
3 78 1 60 1
1 78 2 36 1
3 79 1 56 1
3 79 2 42 1
1 79 1 76 1
1 79 2 52 1
3 79 1 63 1
1 79 1 47 1
1 79 1 35 1
1 79 1 38 1
3 79 1 64 1
3 79 1 73 1
1 79 2 48 1
3 80 1 59 2
1 80 1 55 1
1 80 2 61 1
3 80 2 48 1
1 80 2 56 1
1 80 1 57 1
1 80 1 54 1
3 80 1 49 1
1 80 1 81 1
3 80 2 61 1
1 80 2 48 1
1 81 1 55 1
1 81 2 59 1
1 81 2 49 1
1 81 1 55 1
1 81 1 57 1
1 81 2 50 1
1 81 1 53 1
1 82 1 97 1
1 82 1 47 1
1 82 1 51 1
3 82 2 67 1
1 82 1 63 1
1 82 1 56 1
3 82 1 59 1
3 82 1 57 1
1 83 1 53 1
3 83 2 41 1
1 83 2 52 1
1 83 1 66 1
1 83 2 69 1
3 83 1 65 1
1 83 2 52 1
3 83 1 61 1
3 83 1 59 1
1 83 2 56 1
1 83 1 53 1
1 83 2 55 1
1 83 2 83 1
1 83 1 52 1
1 84 2 57 1
3 84 1 64 1
1 84 2 72 1
1 84 1 63 1
1 84 2 66 1
1 84 2 85 1
1 85 1 55 1
1 85 2 56 1
1 85 1 50 1
3 85 2 60 1
1 85 1 74 1
3 85 2 64 1
3 85 2 53 1
1 85 1 58 1
1 85 2 49 1
1 85 1 69 1
1 85 2 31 1
1 85 2 63 1
1 86 1 54 1
1 86 1 48 1
1 86 1 49 1
1 86 1 52 1
1 86 1 64 1
1 86 1 92 1
1 86 1 57 1
1 86 2 57 1
1 86 1 56 1
1 86 2 56 1
1 86 2 64 1
3 86 1 67 1
1 87 2 53 1
1 87 1 69 1
1 87 1 53 1
1 87 1 71 1
3 87 2 66 1
1 87 2 70 1
1 87 1 70 1
1 87 1 67 1
1 87 2 65 1
1 87 1 51 1
1 87 2 51 1
1 88 2 53 1
1 88 1 63 1
1 88 2 77 1
1 88 2 54 1
3 88 1 57 1
1 88 1 62 1
1 88 1 63 1
1 88 2 39 1
1 88 1 76 1
3 88 2 57 1
1 88 1 56 1
1 88 1 44 1
1 88 2 69 1
1 89 2 59 1
1 89 1 56 1
1 89 1 74 1
3 89 1 56 2
3 89 1 61 1
3 89 1 58 1
3 89 1 62 1
3 89 1 66 1
1 89 2 56 1
3 90 2 53 1
1 90 2 44 1
1 90 2 50 1
1 90 1 49 1
1 90 1 54 1
1 90 2 52 1
1 90 2 54 1
1 90 2 68 1
1 91 1 69 1
3 91 1 63 1
1 91 1 63 1
1 91 1 65 1
1 91 1 55 1
1 91 1 57 1
1 91 2 58 1
1 91 1 47 1
1 91 1 56 2
1 91 1 54 1
1 91 1 55 1
1 92 2 68 1
3 92 2 54 1
1 92 1 48 1
1 92 2 32 1
3 92 1 50 1
1 92 1 68 1
1 92 2 60 1
1 92 1 48 1
1 92 1 54 1
1 92 2 52 1
3 92 1 59 1
1 92 1 71 1
1 92 1 56 1
1 92 2 69 2
1 92 1 66 1
1 92 2 57 1
1 93 2 52 1
3 93 1 53 1
1 93 1 53 1
1 93 2 55 1
1 93 1 58 1
1 93 1 57 3
1 93 1 56 1
3 93 1 62 1
1 93 2 62 1
1 93 1 64 1
1 93 1 51 1
1 93 1 49 1
1 93 1 53 2
1 93 2 57 1
1 93 1 54 1
1 93 1 52 1
3 93 2 58 1
1 93 2 57 1
1 93 2 48 1
3 93 2 62 1
1 93 2 58 1
1 93 1 63 1
1 94 2 31 1
1 94 2 58 1
1 94 2 33 1
1 94 1 60 1
1 94 2 56 2
1 94 1 32 1
1 94 2 26 1
1 94 2 78 1
1 94 2 35 1
1 94 2 99 1
1 94 2 75 1
1 94 1 46 1
1 94 2 72 1
1 95 1 54 1
3 95 1 64 1
1 95 1 52 1
1 95 1 70 1
1 95 1 63 1
1 95 1 53 1
1 95 2 35 1
1 95 1 72 1
1 95 1 56 1
1 95 1 36 1
1 95 2 63 1
1 95 1 68 1
1 95 2 63 1
1 95 1 54 1
1 96 1 58 1
1 96 1 72 1
3 96 2 53 1
1 96 1 32 1
1 96 1 56 1
1 96 1 54 1
1 96 1 55 1
1 96 2 58 1
1 96 1 50 1
1 96 1 81 1
1 97 1 69 1
1 97 2 55 1
1 97 2 75 1
1 98 1 54 1
1 98 2 81 1
1 98 2 52 1
1 98 1 64 1
1 98 2 31 1
1 98 1 36 1
1 98 1 51 1
1 99 2 58 1
3 99 1 74 1
1 99 1 48 1
1 99 1 77 1
1 99 2 56 1
1 100 2 32 1
1 100 1 95 1
1 100 2 53 1
1 100 1 85 1
1 100 2 55 1
1 100 2 57 1
1 101 2 58 1
1 101 2 65 1
1 101 1 65 1
1 101 2 52 1
1 101 2 55 1
1 101 1 55 1
1 101 1 55 1
3 101 1 60 1
1 101 1 54 1
1 101 2 68 1
1 101 2 74 1
1 102 1 49 1
1 102 2 54 1
1 102 1 52 1
1 102 2 54 1
3 102 1 66 1
1 102 2 56 1
1 102 2 52 1
1 102 1 67 1
3 102 1 61 1
1 102 1 60 1
1 102 1 53 1
1 102 1 51 1
1 103 2 36 1
1 103 1 49 1
3 103 1 62 1
1 103 2 61 1
1 103 2 77 1
3 103 2 59 1
1 103 1 53 2
1 103 1 51 1
3 103 1 56 1
1 103 2 58 1
3 103 2 67 1
1 103 1 45 1
1 103 2 78 1
3 103 2 68 1
1 103 1 53 1
1 104 1 29 1
1 104 1 79 1
1 104 2 32 1
1 104 1 48 1
2 105 1 64 1
1 105 1 67 1
1 105 1 47 1
1 105 1 63 1
1 105 1 60 1
1 105 1 72 1
1 105 1 71 1
1 105 2 33 1
3 105 2 56 1
1 106 1 51 1
1 106 1 67 1
1 106 2 60 1
1 106 2 35 1
1 106 2 57 1
1 106 1 46 1
1 107 2 73 1
1 107 1 54 2
1 107 2 55 1
1 107 1 33 1
1 107 2 57 1
1 107 2 32 1
1 107 2 47 1
3 107 2 80 1
1 107 1 49 1
1 107 1 49 1
1 107 1 56 1
1 107 2 64 1
1 107 1 51 1
1 107 1 62 1
1 107 1 79 1
1 107 2 76 1
1 107 1 30 1
1 107 2 52 2
1 107 1 31 1
1 107 2 30 2
1 107 2 55 1
1 107 2 59 1
1 107 2 58 1
1 107 2 70 1
1 107 1 55 1
1 107 1 86 1
1 107 2 29 2
1 108 1 71 1
3 109 1 61 1
1 109 1 84 1
3 109 2 53 1
1 109 2 67 1
1 109 1 49 1
1 109 2 70 1
3 109 2 55 1
1 109 1 50 1
3 109 1 65 1
1 109 1 34 1
1 110 2 52 1
1 110 1 56 1
1 110 1 44 1
1 110 2 27 1
1 110 1 56 1
3 110 1 62 1
3 110 2 57 1
1 110 2 58 2
1 111 2 32 1
3 111 1 69 1
1 111 2 42 1
1 111 1 47 1
1 111 1 65 1
1 112 1 57 1
3 112 1 59 1
1 112 1 46 1
1 112 1 52 1
3 112 2 50 1
1 112 2 55 1
1 112 2 58 1
1 112 1 46 1
1 112 1 59 1
1 112 1 70 1
1 112 1 45 2
1 112 2 34 1
1 113 1 60 1
1 113 1 67 1
1 113 1 53 1
1 113 1 59 1
1 114 2 32 1
1 114 1 33 1
1 114 1 72 1
1 114 1 57 1
1 115 2 50 1
1 115 2 63 1
1 115 1 54 1
3 115 2 57 1
1 115 1 35 1
1 115 1 58 1
1 115 2 67 1
1 115 1 69 1
1 116 2 35 1
1 116 1 58 1
3 117 2 58 1
1 117 2 70 1
1 117 2 40 1
1 117 2 70 1
1 117 2 57 1
1 118 2 40 1
1 118 1 62 1
1 118 1 52 1
1 119 2 61 1
1 119 1 33 1
1 119 1 72 1
1 119 2 55 1
1 119 1 52 1
1 120 1 65 1
1 120 1 70 1
1 120 1 50 1
1 120 2 48 1
1 120 1 63 1
3 121 2 65 1
1 121 2 64 1
1 121 1 54 1
1 121 2 52 1
1 121 2 58 1
3 121 1 61 1
1 121 1 58 1
3 121 1 59 1
1 122 1 48 1
3 122 2 45 1
1 122 2 56 1
1 122 2 61 1
1 122 2 53 1
1 122 1 84 1
1 122 2 55 1
1 123 2 32 1
1 123 2 66 1
3 123 1 46 1
1 123 1 67 1
3 123 2 47 1
1 123 2 60 1
1 124 1 48 1
3 124 1 59 1
1 124 1 67 1
1 124 2 79 1
1 124 2 65 1
1 124 1 63 1
3 125 1 62 1
1 125 2 34 1
1 125 2 51 1
1 125 2 48 1
1 125 1 56 1
1 125 2 56 1
1 125 1 66 1
1 126 2 70 1
1 126 2 56 1
1 126 2 68 1
3 126 1 51 1
1 126 1 55 1
1 126 1 67 1
1 126 1 75 1
1 127 1 53 1
1 127 2 64 1
1 128 2 58 1
1 128 2 54 1
3 128 2 47 1
1 128 2 82 1
3 128 1 75 1
1 128 2 49 1
1 128 1 78 1
1 128 1 88 1
1 129 1 33 1
1 129 2 57 1
1 129 2 46 1
1 129 2 48 1
1 129 2 59 1
3 129 1 48 1
1 129 1 55 1
1 129 1 51 1
1 129 2 32 1
1 129 2 57 1
1 129 1 58 1
1 129 2 52 1
1 129 1 52 2
1 130 2 70 1
1 130 1 81 1
1 131 2 50 1
3 131 1 57 1
1 131 1 59 1
1 131 2 83 1
1 131 1 56 1
1 131 2 33 1
1 132 1 52 1
1 132 1 48 1
3 132 1 59 1
1 132 1 61 1
1 132 1 70 1
1 132 2 57 1
1 133 1 53 1
1 133 1 65 1
1 133 2 59 1
1 133 2 51 1
1 133 1 51 1
1 134 2 65 1
1 134 2 73 1
1 134 1 66 1
1 134 2 45 1
1 134 1 52 1
1 134 1 54 1
1 135 2 50 1
2 135 2 57 1
1 135 1 52 1
1 135 2 58 1
1 135 1 60 1
3 135 1 51 1
1 135 2 56 1
3 136 1 51 1
1 136 1 66 1
1 136 1 66 1
1 137 1 70 1
1 137 1 56 1
1 137 1 52 1
1 137 2 53 1
1 137 1 50 1
1 137 1 55 1
1 137 1 49 1
1 138 1 63 1
1 138 2 56 1
1 138 1 47 1
1 138 1 57 1
3 138 2 61 1
1 138 2 90 1
1 138 2 53 1
1 138 2 77 1
1 138 2 39 1
1 138 1 76 1
1 138 2 70 1
1 139 1 51 1
3 139 1 63 1
1 139 2 55 1
1 139 1 54 1
1 139 2 70 1
1 139 1 49 1
2 140 1 57 1
3 140 2 56 1
1 140 2 48 1
3 140 2 75 1
1 141 1 28 1
1 141 2 55 1
1 142 2 53 1
1 142 1 49 1
1 142 1 36 1
1 142 2 55 1
1 143 2 43 1
1 143 2 64 1
1 143 1 55 1
1 144 1 65 1
1 144 2 42 1
3 144 1 71 1
1 144 1 52 1
1 144 2 69 1
1 144 1 68 1
1 144 1 49 1
1 145 1 55 1
1 145 2 59 1
1 145 1 60 1
1 145 2 53 1
1 145 2 81 1
1 145 2 62 1
1 145 1 51 1
3 145 2 50 1
1 145 1 47 1
1 146 2 57 1
3 146 2 43 1
1 147 1 66 1
1 147 1 55 1
3 147 1 67 1
3 148 1 66 1
1 148 1 53 1
1 149 2 55 1
1 149 1 71 1
1 149 2 53 1
1 149 2 47 1
3 150 2 65 1
1 150 2 31 1
3 150 2 54 1
1 150 2 64 1
3 151 1 57 1
3 151 2 48 1
3 151 1 64 1
1 151 1 55 1
3 151 1 63 2
3 151 1 62 1
3 151 1 72 1
3 151 1 66 1
3 151 2 51 1
3 151 2 59 1
1 152 1 55 1
1 152 2 59 1
1 152 2 33 1
1 152 2 53 1
1 152 2 76 1
1 152 1 34 1
3 152 1 53 1
1 152 1 54 1
1 152 1 78 1
1 152 2 37 1
1 153 2 55 1
3 153 2 56 2
3 153 1 62 1
3 153 2 66 1
1 153 1 69 1
1 153 1 52 1
3 153 1 49 1
3 153 2 60 1
1 153 2 71 1
3 153 2 54 1
1 154 2 58 1
1 154 1 32 1
1 154 1 78 1
1 154 2 57 1
3 154 2 48 1
1 154 1 65 1
1 154 1 57 1
1 154 1 51 1
1 155 1 53 1
1 155 2 59 1
1 155 1 55 1
1 155 1 66 1
1 155 2 49 1
1 155 1 50 1
3 155 1 69 1
1 155 1 71 1
1 156 1 68 1
1 156 1 52 2
1 156 2 50 1
1 157 2 55 1
1 157 2 55 1
1 157 1 56 1
1 158 2 57 1
1 158 1 54 1
1 158 2 51 1
1 158 2 48 1
3 158 2 38 1
1 158 1 58 1
1 158 1 41 1
1 159 1 66 1
2 159 1 56 1
1 159 2 56 1
1 160 1 63 1
1 160 1 78 1
1 160 1 62 1
3 160 1 58 1
1 160 1 49 1
1 161 2 79 1
1 161 1 56 1
1 161 2 56 1
1 162 1 29 1
1 162 2 31 1
1 162 2 63 1
1 162 2 68 1
1 163 1 27 1
1 164 2 51 1
1 164 1 60 1
1 164 2 60 1
1 164 2 60 1
1 164 2 61 1
1 165 1 50 1
1 165 1 60 1
1 165 1 54 1
1 166 2 44 1
1 166 2 56 1
1 166 2 81 1
1 166 1 52 1
1 166 2 59 1
1 167 1 51 1
1 167 2 63 1
1 167 1 68 1
1 167 2 55 1
1 167 1 48 1
1 167 2 59 1
1 167 1 54 1
1 168 2 57 1
1 168 1 59 1
1 168 1 56 1
3 168 1 58 1
1 168 2 34 1
2 168 2 59 1
1 169 1 64 1
1 169 1 55 1
1 169 2 53 1
1 169 1 59 1
1 169 1 93 1
1 170 2 50 1
1 170 2 82 1
2 170 2 59 1
1 170 1 85 1
2 171 2 68 1
1 171 2 60 1
1 171 1 68 1
1 171 1 67 1
1 171 1 53 1
1 172 2 70 1
1 172 1 75 1
1 172 2 50 1
1 172 2 44 1
1 173 1 67 2
1 173 2 68 1
1 173 1 65 1
1 173 1 57 1
1 173 2 54 1
1 173 2 52 1
1 173 2 59 2
1 173 1 55 1
1 173 2 49 1
1 173 1 82 1
1 173 2 44 1
1 173 2 53 1
1 173 2 60 1
1 174 1 52 1
1 174 2 37 1
1 174 1 77 1
1 174 1 30 1
1 175 1 67 1
1 175 1 52 1
1 175 1 50 1
1 175 1 50 1
1 175 2 75 1
3 176 1 69 1
1 176 1 75 1
3 176 1 67 1
3 176 2 54 1
3 176 1 48 1
1 176 1 65 1
1 177 1 73 1
1 177 2 61 1
1 178 1 58 1
1 178 2 56 1
3 178 1 51 1
3 179 1 59 1
1 179 2 58 1
1 179 1 54 1
3 179 2 63 1
1 179 2 49 1
3 179 2 59 1
1 179 2 54 1
3 179 2 58 1
1 179 1 46 1
1 179 1 63 1
1 180 1 66 1
1 180 2 66 1
1 181 1 51 1
1 181 2 44 1
1 181 1 57 1
1 181 1 59 1
1 182 1 29 1
1 182 1 52 1
1 182 2 45 1
1 182 2 55 1
1 182 2 43 1
1 183 2 49 1
1 183 1 68 1
1 183 1 74 1
1 183 2 67 1
1 183 2 53 1
3 184 2 71 1
1 185 1 51 1
1 185 1 51 1
1 185 2 80 1
1 185 2 50 1
1 185 1 52 1
1 185 1 61 1
1 185 2 49 1
1 186 2 33 1
1 186 2 55 1
1 186 1 62 1
1 186 1 68 1
1 186 1 55 1
1 186 1 32 1
1 186 1 67 1
1 186 1 51 1
1 186 2 65 1
1 186 1 56 2
1 186 1 50 1
1 186 2 54 1
1 186 2 67 1
1 186 2 36 1
1 186 2 31 1
1 186 1 58 1
1 186 1 65 1
1 186 1 50 2
1 186 2 57 1
1 187 1 56 1
1 188 2 70 1
1 188 2 28 1
1 188 2 31 1
1 188 2 34 2
3 188 2 70 1
1 188 1 50 1
1 189 1 52 1
1 189 1 34 1
1 190 1 34 1
1 190 2 35 1
1 191 1 54 1
3 192 2 63 1
1 193 1 62 1
1 194 1 75 1
1 195 2 32 1
1 196 2 29 1
3 196 2 73 1
1 196 1 60 1
1 197 2 48 1
2 198 2 46 1
3 198 1 53 1
2 198 2 40 1
1 198 2 56 1
1 198 1 47 1
1 199 2 69 1
2 199 2 70 1
1 199 2 31 1
1 200 2 29 1
1 201 1 74 1
1 202 1 79 1
1 203 1 60 1
2 203 1 68 1
3 203 1 66 1
1 204 2 55 1
2 204 1 54 1
2 205 2 56 1
2 205 2 40 1
1 206 1 28 1
3 207 1 61 1
1 207 2 58 1
1 208 1 31 1
2 209 2 62 1
1 210 2 48 1
1 210 2 58 1
1 210 2 52 1
1 210 1 64 1
1 210 2 55 1
1 211 2 56 1
2 212 2 63 1
2 212 2 61 1
1 213 2 33 1
1 214 2 31 1
3 214 2 72 1
2 215 1 60 1
3 215 2 62 1
1 216 1 45 1
3 216 1 58 1
3 217 2 55 1
1 217 2 31 1
1 218 2 49 1
2 218 1 72 1
1 218 2 51 1
2 219 2 56 1
1 220 2 58 1
1 220 1 52 1
2 221 1 57 1
3 222 1 54 1
3 222 1 53 1
2 223 1 54 1
1 224 1 54 1
1 225 1 52 1
1 226 1 73 1
2 226 1 65 1
1 226 1 54 1
1 227 1 51 1
1 227 2 50 1
3 227 2 52 1
2 227 2 46 1
2 227 2 59 1
2 228 1 73 1
1 229 1 29 1
3 229 1 56 1
2 230 1 59 1
2 231 2 58 1
1 231 2 50 1
2 231 1 63 1
2 232 1 55 1
2 233 2 66 1
1 233 2 46 1
2 234 2 59 1
2 234 2 64 1
1 235 2 56 1
1 235 2 34 1
3 235 2 54 1
2 236 1 62 1
2 236 2 45 1
1 237 1 50 1
1 238 1 54 1
2 238 2 59 1
2 238 1 67 1
3 238 1 57 1
2 239 1 50 1
1 240 2 49 1
3 240 2 52 1
1 241 2 32 1
1 241 2 75 1
1 242 2 31 1
1 242 2 73 1
3 242 2 70 1
2 243 1 60 1
2 243 2 63 1
1 243 2 33 1
3 244 1 50 1
1 245 2 34 1
1 245 2 28 1
1 245 2 30 1
1 246 1 50 1
2 247 1 56 1
2 247 2 68 1
1 247 1 52 1
2 248 1 56 1
2 248 2 37 1
2 249 1 64 1
2 249 2 69 1
2 250 1 59 1
1 250 1 53 1
1 250 2 52 1
1 251 2 50 1
1 251 1 63 1
3 252 2 43 1
2 252 2 69 1
1 253 2 81 1
2 254 1 56 1
2 255 2 64 1
1 255 2 33 1
3 256 1 69 1
2 256 2 48 1
1 257 1 59 1
2 258 1 45 1
3 259 2 68 1
1 260 1 45 1
2 260 2 52 1
2 260 1 68 1
2 261 2 43 1
2 261 1 67 1
2 262 1 61 1
1 263 2 69 1
2 264 2 64 1
2 264 2 62 1
2 264 2 47 1
2 264 1 59 1
2 264 2 49 1
2 264 2 61 1
1 264 1 93 1
2 265 2 68 1
1 266 1 54 1
2 267 1 49 1
2 268 1 66 1
2 269 1 59 1
2 270 1 62 1
1 271 2 31 1
3 272 1 65 1
2 273 2 68 1
3 274 1 59 1
3 275 2 64 1
2 275 1 61 1
1 276 1 56 1
2 277 1 66 1
2 277 1 74 1
1 278 2 49 1
2 278 1 59 1
1 279 1 48 1
2 279 1 59 1
2 280 2 61 1
3 281 2 55 1
1 282 2 48 1
2 282 1 62 1
2 283 2 60 1
2 283 1 63 1
1 283 1 70 1
2 284 1 47 1
1 284 2 55 1
2 285 1 64 1
2 286 1 58 1
2 286 1 53 1
2 286 1 60 1
2 287 2 61 1
2 288 2 64 1
2 289 1 60 1
2 290 2 59 1
1 291 1 50 1
2 292 2 50 1
2 292 2 74 1
2 293 1 54 1
2 293 2 58 1
2 293 2 66 1
2 293 1 68 1
2 294 2 59 1
2 295 2 62 1
2 296 1 57 1
2 296 2 35 1
2 297 1 62 1
1 297 2 52 1
2 298 1 57 1
2 299 1 60 1
2 299 1 47 1
2 299 2 60 1
2 300 2 49 1
3 301 1 64 1
2 302 2 65 1
1 302 2 62 1
3 303 2 62 1
3 303 2 64 1
2 303 2 67 1
1 303 1 61 1
3 304 1 58 1
3 304 2 57 1
2 305 1 66 1
3 305 2 63 1
2 306 1 59 1
1 306 1 56 1
2 307 1 68 1
3 307 2 61 1
2 307 1 65 1
2 308 2 51 1
3 309 1 64 1
2 309 1 55 1
2 309 2 57 1
2 310 2 57 1
3 310 2 69 1
2 310 2 71 1
2 310 1 63 1
3 311 1 53 1
2 312 1 66 1
1 312 1 57 1
2 313 1 62 1
2 314 1 60 1
2 314 1 47 1
2 315 1 59 1
2 315 1 57 1
3 315 1 67 1
1 316 2 54 1
2 317 1 59 1
2 318 1 59 1
2 319 2 58 1
2 320 1 57 1
2 321 2 77 1
1 321 2 49 1
2 322 2 57 1
2 322 2 69 1
2 323 1 66 1
2 324 1 59 1
2 324 2 60 1
2 324 1 61 1
1 325 1 51 1
2 325 1 60 1
2 326 1 63 1
1 326 2 52 1
1 326 1 53 1
2 326 1 60 1
1 327 1 50 1
1 327 2 58 1
1 328 1 53 1
2 328 1 56 1
1 328 2 55 1
1 328 2 56 1
2 329 2 67 1
1 329 1 51 1
2 330 1 67 1
1 331 2 31 2
1 331 2 34 1
1 331 1 59 1
1 332 1 35 1
1 332 2 36 1
1 332 2 34 1
1 332 1 34 1
1 332 2 53 1
1 332 1 30 1
2 332 1 72 1
2 332 1 61 1
1 333 1 67 1
1 333 2 30 1
2 334 1 76 1
2 335 1 55 1
2 335 2 85 1
2 335 1 63 1
1 336 2 56 1
2 336 1 60 1
2 336 2 70 1
2 336 2 61 1
1 336 2 51 1
2 336 1 70 1
1 337 2 35 1
2 337 2 63 1
2 338 2 83 1
1 338 1 51 1
2 339 1 78 1
2 339 1 85 1
2 340 2 65 1
2 340 1 78 1
2 341 1 65 1
1 341 2 55 1
2 341 1 78 1
2 341 1 67 1
2 341 1 67 1
2 341 2 63 1
2 342 1 63 1
2 342 1 76 1
2 343 2 75 1
1 343 1 50 1
1 344 1 31 1
2 344 1 62 1
2 344 1 58 1
1 344 1 49 1
2 344 2 63 1
1 345 2 33 1
1 345 1 61 1
1 346 2 53 1
2 346 1 63 1
1 347 2 53 1
2 348 2 60 1
2 349 2 57 1
2 350 1 56 1
2 351 1 63 1
1 351 2 63 1
2 352 1 67 1
2 353 2 63 1
1 353 2 51 1
2 354 1 55 1
2 355 2 66 1
2 355 2 64 1
2 356 1 51 1
1 356 1 56 1
1 357 2 58 1
2 357 2 47 1
1 358 2 77 1
1 358 1 76 1
1 358 1 79 1
2 358 1 68 1
2 359 2 58 1
2 359 1 70 1
2 360 2 68 1
1 360 2 61 1
1 361 1 51 1
1 361 1 67 1
1 361 2 37 1
1 361 2 49 1
2 362 2 60 1
2 363 2 65 1
2 363 1 54 1
2 364 1 61 1
1 365 1 54 1
1 365 1 53 1
2 366 1 73 1
2 367 1 56 1
2 367 2 61 1
2 368 1 56 1
1 368 2 52 1
2 368 1 60 1
1 369 2 52 1
2 370 2 70 1
2 370 2 83 1
2 371 1 59 1
2 371 2 55 1
1 372 1 54 1
1 372 1 68 1
1 373 2 55 1
2 374 1 66 1
1 375 1 42 1
2 375 2 61 1
2 376 1 63 1
2 376 1 61 1
3 377 2 50 1
1 377 1 58 1
1 377 1 67 1
1 378 2 50 1
2 378 2 73 1
2 379 1 69 1
1 380 2 59 1
2 381 2 57 1
2 382 2 50 1
2 383 1 64 1
1 384 1 71 1
3 385 2 35 1
1 386 1 66 1
1 386 2 54 1
2 386 2 67 1
2 387 2 68 1
1 388 2 65 1
2 389 2 64 1
2 390 1 65 1
1 391 2 28 1
2 392 1 69 1
2 392 1 62 1
1 392 2 50 1
1 393 2 61 1
1 393 2 53 1
2 394 2 60 1
2 395 2 57 1
1 396 2 81 1
2 397 1 59 1
1 398 1 32 1
1 398 2 32 1
2 399 1 63 1
1 400 2 53 1
2 401 1 60 1
2 402 2 63 1
2 403 1 66 1
2 404 1 63 1
2 405 1 60 1
2 406 1 44 1
3 407 1 56 1
2 408 2 54 1
3 409 1 62 1
2 409 1 68 1
2 410 2 64 1
2 411 2 66 1
2 412 1 57 1
2 413 1 64 1
2 414 2 66 1
2 415 1 65 1
2 416 2 61 1
3 417 1 74 1
2 418 1 45 1
2 419 1 40 1
3 420 1 67 1
2 421 1 55 1
2 422 2 39 1
2 423 1 68 1
2 424 1 49 1
2 425 1 55 1
2 426 2 43 1
3 427 1 61 1
2 428 2 66 1
2 429 2 61 1
2 430 1 75 1
3 431 1 34 1
3 431 2 61 1
3 432 2 41 1
2 433 1 38 1
3 434 1 61 1
3 435 1 65 1
2 436 1 70 1
2 437 1 52 1
2 437 1 52 1
3 438 2 54 1
2 439 1 60 1
2 440 1 61 1
2 441 1 61 1
2 442 2 63 1
2 443 2 68 1
3 444 1 63 1
3 445 2 47 1
3 446 1 59 1
3 447 2 72 1
3 448 1 62 1
3 449 2 44 1
3 450 1 64 1
3 451 1 67 1
3 452 1 52 1
3 453 2 61 1
3 453 1 62 1
3 454 2 62 1
3 455 2 52 1
2 456 1 66 1
2 457 1 59 1
2 458 2 47 1
2 459 2 47 1
2 460 2 61 1
2 461 2 53 1
2 462 1 58 1
3 463 2 70 1
3 464 2 64 1
2 465 1 61 1
2 466 1 57 1
3 467 2 64 1
3 468 1 44 1
3 469 1 44 1
3 470 2 54 1
2 471 2 61 1
2 472 2 63 1
2 473 1 58 1
2 474 2 60 1
2 475 2 58 1
2 476 2 60 1
2 477 1 57 1
2 478 2 39 1
2 479 1 58 1
2 480 2 69 1
3 481 2 63 1
3 482 1 58 1
2 483 2 56 1
2 484 1 71 1
1 485 1 73 1
2 486 2 59 1
3 487 1 45 1
2 488 1 67 1
2 489 1 67 1
2 489 1 61 1
2 490 1 49 1
2 490 2 52 1
2 490 1 65 1
2 490 1 56 1
2 491 1 47 1
2 492 2 53 1
2 493 1 65 1
2 493 1 67 1
2 494 1 54 1
2 495 2 45 1
3 496 1 66 1
1 497 2 74 1
1 498 2 66 1
3 499 2 59 1
1 500 1 51 1
1 501 1 70 1
