3 1 1 39 1
3 1 1 65 1
1 1 2 45 1
3 1 2 64 1
3 1 2 64 1
3 2 1 72 1
3 2 1 62 1
3 2 2 70 1
1 2 1 54 1
1 2 1 63 1
3 2 2 65 1
1 2 1 71 1
1 2 1 51 1
1 2 1 63 1
3 2 1 76 1
3 3 2 67 1
3 3 1 66 1
1 3 2 52 1
1 3 1 65 1
3 3 2 46 1
3 3 1 69 1
1 3 1 61 1
1 3 2 64 1
3 3 1 63 1
1 3 1 55 1
1 3 2 52 1
3 3 1 66 1
1 3 2 67 1
1 4 2 59 1
1 4 2 64 1
3 4 1 57 1
3 4 2 64 1
1 4 1 51 1
1 4 1 57 1
3 4 2 49 1
1 4 1 60 1
3 4 2 59 1
1 4 1 64 1
3 4 1 66 1
3 4 1 71 1
3 4 1 59 1
3 4 2 44 1
1 4 2 25 1
3 4 1 64 1
1 4 1 68 1
3 5 2 57 1
1 5 2 61 1
1 5 2 59 1
1 5 1 77 1
1 5 1 69 1
3 5 2 53 1
1 5 1 57 1
3 5 2 41 1
1 5 2 50 1
1 5 1 63 1
1 5 1 68 1
1 5 1 59 1
1 5 1 67 1
3 6 2 64 1
3 6 1 66 1
1 6 2 65 1
1 6 2 56 1
3 6 1 66 1
1 6 1 46 1
3 7 2 44 1
1 7 2 58 1
1 7 1 58 1
1 7 1 56 1
1 7 2 61 1
3 7 1 62 1
1 7 2 51 1
1 7 1 58 2
1 7 2 54 1
1 7 1 60 1
1 7 1 66 2
3 7 2 64 1
1 7 2 62 1
1 7 2 51 1
3 8 1 66 1
1 8 1 52 1
1 8 1 49 1
3 8 1 61 1
3 8 2 62 1
3 8 1 57 1
1 8 1 50 1
3 8 2 49 1
1 8 1 65 1
3 8 1 50 1
1 8 1 52 1
1 9 1 56 1
3 9 1 58 1
3 9 1 68 1
3 9 1 45 1
3 9 1 59 1
3 10 1 64 1
1 10 2 53 1
1 10 2 54 1
3 10 2 59 1
1 10 2 60 1
1 10 2 78 1
1 10 1 58 1
1 10 1 63 1
3 10 2 65 1
1 10 1 64 1
1 11 1 66 1
3 11 1 61 1
1 11 1 61 1
3 11 2 59 1
3 11 1 84 1
1 11 1 57 1
1 12 1 63 1
3 12 2 63 1
3 13 1 67 1
3 13 1 58 1
3 13 1 60 1
1 13 1 64 1
3 14 1 59 1
3 14 2 51 1
3 14 1 62 1
1 15 1 64 1
1 15 1 64 1
1 15 1 63 1
3 15 1 65 1
3 15 1 49 1
3 15 1 61 1
1 15 1 63 1
3 15 2 57 1
3 15 1 63 1
3 15 2 58 1
3 15 1 69 1
3 15 2 41 1
3 15 2 48 1
1 16 2 28 1
3 16 2 65 1
3 16 1 56 1
1 16 2 56 1
3 16 2 47 1
3 17 2 64 1
3 17 1 57 1
1 17 1 67 1
3 17 2 55 1
1 17 1 63 1
3 17 2 66 1
1 17 1 63 1
1 17 2 25 1
1 17 1 52 1
1 18 2 68 1
1 18 1 61 1
3 18 2 50 1
3 18 1 61 1
1 18 2 33 1
1 19 2 83 1
1 19 2 65 1
3 19 1 67 1
3 20 1 65 1
3 20 2 64 1
1 20 2 49 1
1 20 1 52 1
1 20 2 55 1
1 20 2 54 1
1 20 1 65 1
3 20 1 64 1
1 20 2 47 1
1 21 2 66 1
1 21 1 63 1
1 21 2 71 1
1 22 1 66 1
3 22 1 61 1
1 22 1 76 1
1 22 1 29 1
3 22 1 85 1
1 22 1 66 1
1 22 2 54 1
1 22 1 53 1
1 22 1 64 1
1 23 1 54 1
3 23 2 63 1
1 23 1 66 1
2 23 1 49 1
1 23 2 54 1
1 23 1 67 1
1 23 1 72 1
3 24 1 60 1
1 24 1 58 1
1 24 1 62 1
1 24 1 64 1
1 24 2 67 1
1 24 2 59 1
3 24 1 48 1
3 24 1 64 1
1 25 2 67 1
1 25 1 67 1
3 25 2 70 1
3 25 2 62 1
1 26 2 58 1
1 26 2 62 1
1 26 1 56 1
1 26 2 55 1
1 26 2 71 1
1 26 1 66 1
1 26 1 62 1
3 27 1 62 1
3 27 2 62 1
1 27 1 63 1
3 27 1 66 1
1 27 1 54 1
1 27 2 54 1
1 27 2 63 1
1 27 1 54 1
3 27 1 66 1
1 28 2 53 1
3 28 1 57 1
1 28 1 65 1
3 28 1 58 1
3 28 2 65 1
1 28 1 76 1
1 28 1 67 1
1 28 2 58 1
1 28 1 62 1
1 29 1 54 1
3 29 1 63 1
1 29 1 64 1
1 29 2 60 1
1 29 2 56 1
1 29 1 60 2
3 29 1 54 1
1 29 1 53 1
1 30 2 67 1
1 30 1 67 1
1 30 1 57 1
1 30 2 60 1
1 30 1 58 1
1 30 1 57 1
1 30 1 46 1
3 31 1 59 1
3 31 1 63 1
1 31 1 65 1
1 31 1 69 1
3 31 1 48 1
1 32 1 54 1
1 32 1 47 1
1 32 1 52 2
1 32 2 45 1
1 32 2 66 1
1 32 2 49 1
1 32 2 75 1
1 32 2 53 1
1 32 1 89 1
1 32 2 69 1
1 32 2 57 1
1 32 1 56 1
1 32 1 66 1
1 32 2 65 1
1 32 1 59 1
1 32 1 75 1
1 32 1 68 1
1 32 1 61 1
1 32 2 52 1
1 32 1 61 1
3 33 1 60 1
1 33 2 60 1
1 33 2 51 1
3 33 1 51 1
1 33 2 44 1
1 33 1 67 1
1 33 1 49 1
1 33 1 59 1
1 33 2 56 1
1 34 1 53 1
1 34 2 52 1
1 34 2 35 1
1 34 2 74 1
1 34 1 60 1
1 34 2 46 1
1 34 2 55 1
3 34 2 68 1
1 34 1 58 1
1 34 2 54 1
1 34 2 64 1
3 34 1 58 1
1 34 2 59 2
3 34 1 65 1
1 34 1 61 1
1 35 1 70 1
1 35 2 61 1
1 35 1 53 1
1 36 1 54 1
1 36 1 60 1
1 36 1 51 1
1 36 1 63 1
1 36 2 66 1
1 36 2 54 1
1 36 2 63 1
1 36 2 47 1
1 36 1 61 2
1 36 1 47 1
1 36 1 64 1
1 36 1 67 1
1 36 2 65 1
1 36 1 39 1
1 36 1 53 1
3 36 1 60 1
1 36 2 55 1
1 37 1 65 1
1 37 2 56 1
1 37 2 60 1
3 37 1 58 1
3 37 2 64 1
1 37 1 29 1
1 38 1 69 1
1 38 2 53 1
3 38 2 62 1
3 38 1 68 1
1 39 2 67 1
3 39 1 43 1
3 39 2 56 1
3 39 2 65 1
1 39 1 65 1
1 39 1 64 1
1 39 2 60 1
1 39 1 62 1
1 40 2 54 1
1 40 1 65 1
1 40 1 63 1
1 40 2 31 1
1 40 1 57 1
1 40 1 63 1
1 40 1 67 1
1 41 2 65 1
1 41 1 60 1
1 41 2 51 1
3 41 1 59 1
3 41 1 58 1
1 41 2 50 1
3 41 2 66 1
3 41 1 76 1
1 41 2 56 1
1 41 2 63 1
1 41 2 54 1
1 41 1 63 1
1 41 1 52 1
1 42 2 58 1
1 42 1 62 1
1 42 1 53 1
1 42 2 46 1
3 43 1 52 1
1 43 1 61 1
1 43 1 53 1
3 44 2 57 1
1 44 1 50 1
1 44 2 38 1
3 45 2 50 1
3 45 1 64 1
1 45 1 66 1
3 45 1 67 1
1 45 1 60 1
1 45 1 63 1
2 45 2 54 1
3 45 1 68 1
3 45 1 63 1
3 45 2 50 1
1 46 1 73 1
1 46 1 69 1
1 46 1 63 1
1 46 1 56 1
1 47 1 56 1
1 47 2 49 1
3 47 1 79 1
1 47 2 63 1
1 47 2 68 1
1 47 2 63 1
1 47 1 69 1
1 47 1 66 1
1 47 1 85 1
1 48 2 49 1
1 48 2 55 1
1 48 1 62 1
1 48 1 62 1
1 48 2 61 1
1 48 1 51 1
1 48 1 61 1
1 48 1 71 1
1 48 1 66 1
3 48 2 73 1
3 48 1 56 1
3 48 1 64 1
1 48 2 66 1
1 48 2 88 1
1 48 2 55 1
1 49 1 46 1
1 49 2 66 1
1 49 1 80 1
1 49 1 59 1
3 49 2 63 1
3 49 1 61 1
1 50 1 50 1
1 50 2 70 1
1 50 1 55 1
1 50 1 63 1
3 50 2 61 1
1 50 2 60 1
1 50 2 30 1
3 50 2 65 1
1 50 2 65 1
1 51 2 50 1
3 51 1 58 1
1 51 1 52 1
1 51 1 66 1
1 51 2 80 1
3 51 1 68 1
3 51 1 49 1
1 51 1 57 1
1 51 2 64 1
1 51 1 63 1
1 52 1 62 1
1 52 1 59 1
1 52 1 59 1
1 52 2 66 1
1 52 1 66 1
3 53 2 58 1
1 53 2 52 1
1 53 2 52 1
3 53 1 60 1
3 53 1 63 1
1 53 1 57 1
3 54 1 63 1
3 54 1 68 1
1 54 1 50 1
3 54 1 66 1
1 55 1 58 1
3 55 2 73 1
1 55 2 63 1
1 55 2 67 1
1 55 1 59 1
1 55 2 56 1
1 55 1 60 1
3 55 1 51 1
1 55 2 61 1
1 56 1 68 1
1 56 2 64 1
1 56 1 56 1
1 57 1 64 1
1 57 2 30 1
1 57 1 49 1
1 57 2 62 1
1 57 2 65 1
1 57 2 67 1
1 57 1 63 1
3 57 1 64 1
1 58 2 50 1
1 58 2 87 1
1 58 1 59 1
1 58 1 60 1
1 58 2 31 1
1 58 2 27 1
1 59 2 42 1
1 59 1 50 1
3 59 1 66 1
1 59 1 63 1
1 59 2 66 1
1 59 2 52 1
1 60 2 54 1
3 60 2 68 1
1 60 2 61 1
1 60 2 66 1
3 60 1 70 1
3 60 1 66 1
3 60 1 63 1
1 60 1 68 1
1 61 1 52 1
3 61 1 64 1
1 61 1 62 1
1 61 1 37 1
3 61 2 71 1
1 61 1 29 1
1 61 2 50 1
1 61 1 69 1
1 61 1 66 1
1 62 2 58 1
1 62 1 54 1
1 63 1 48 1
1 64 2 52 1
1 64 2 86 1
3 64 1 60 1
1 64 2 58 1
1 64 1 52 1
1 64 2 67 1
1 64 1 43 1
1 64 1 63 1
1 64 2 59 1
1 64 1 62 1
1 64 2 53 1
1 64 1 81 1
1 64 2 28 1
1 64 2 54 1
1 64 1 58 1
1 65 1 52 1
3 65 2 68 1
1 65 1 60 1
1 65 1 51 1
1 66 2 73 1
1 66 2 48 1
1 66 1 67 1
1 66 1 70 1
1 67 1 53 1
3 67 1 56 1
1 67 1 55 1
3 67 1 70 1
1 67 1 50 1
1 67 1 63 1
1 67 1 59 1
1 67 2 56 1
1 67 1 69 1
3 67 2 52 1
1 67 2 30 1
1 67 2 26 1
1 67 1 54 1
1 68 1 55 1
1 68 1 66 1
1 68 2 66 1
1 68 2 61 1
1 68 1 50 1
1 68 1 52 1
3 69 2 50 1
1 69 1 62 1
1 69 2 55 1
1 69 1 76 1
1 70 2 56 1
1 70 2 31 1
1 70 1 52 1
1 70 1 71 1
1 71 2 61 1
1 71 1 63 1
1 71 1 62 1
1 71 2 70 1
3 72 1 53 1
1 72 2 65 1
1 72 2 54 1
1 72 2 59 1
1 72 1 52 3
1 72 1 43 1
1 72 1 51 1
1 72 1 53 1
1 72 2 77 1
1 72 2 64 1
1 72 2 68 1
1 72 1 56 1
1 72 2 46 1
1 73 1 48 1
1 73 1 61 1
1 73 2 58 1
1 73 2 53 1
1 73 1 50 1
1 73 1 48 1
1 73 1 56 1
1 73 2 60 1
3 74 1 63 1
1 74 1 59 1
3 74 1 62 1
1 74 2 56 1
1 74 1 63 1
1 74 2 70 1
1 75 1 53 1
1 75 2 76 1
1 76 1 68 1
1 76 1 65 1
1 76 1 68 1
1 76 2 50 1
3 76 2 60 1
1 76 2 58 1
1 77 1 58 1
1 77 2 50 1
1 77 1 58 1
1 77 1 53 1
1 78 1 70 1
1 78 2 50 1
2 78 1 63 1
2 78 2 58 1
3 78 1 74 1
1 79 2 60 1
1 79 1 55 1
1 80 2 55 1
1 80 1 64 1
1 81 1 51 1
3 81 2 67 1
1 81 2 50 1
1 81 2 50 1
3 81 2 71 1
1 81 1 56 1
1 81 2 64 1
1 81 1 63 1
1 81 2 56 1
1 81 1 50 1
1 81 1 52 2
1 82 1 48 1
1 82 1 71 1
1 82 2 64 1
1 82 2 56 1
1 82 2 57 1
2 82 1 60 1
1 82 1 51 1
1 82 2 53 1
1 82 1 54 1
1 82 2 64 1
1 82 2 57 1
1 82 1 49 1
1 82 2 58 1
1 82 2 68 1
1 82 2 68 1
1 82 1 59 1
1 82 2 65 1
1 82 2 65 1
1 83 1 63 1
1 83 1 56 1
1 83 1 69 1
1 83 1 61 1
1 83 2 66 1
1 83 1 55 1
1 83 1 73 1
1 83 1 67 1
1 83 1 54 1
1 84 1 64 1
1 84 2 52 1
1 84 1 61 1
1 84 1 66 1
1 84 1 54 1
1 84 1 53 1
1 84 2 72 1
1 84 1 85 1
1 84 2 45 1
1 84 2 49 1
1 84 1 67 1
1 84 1 65 1
1 84 1 61 1
1 84 2 62 1
1 84 1 60 1
1 84 1 50 1
1 84 1 55 1
1 84 1 56 1
1 84 2 57 1
1 84 1 63 1
1 84 1 66 1
1 84 2 57 1
1 84 2 66 1
1 84 1 68 1
1 84 2 78 1
1 85 2 55 1
1 85 1 59 1
1 85 1 55 1
1 85 2 51 1
3 85 1 48 1
1 85 2 62 1
3 85 1 61 1
1 85 1 61 1
1 85 2 50 1
1 85 1 53 1
1 85 1 55 1
1 85 1 65 1
1 85 2 63 1
1 86 1 66 1
1 86 2 56 1
3 86 2 52 1
1 86 2 56 1
1 86 1 59 1
3 86 2 41 1
1 86 1 65 1
1 87 1 29 1
1 87 1 59 1
1 87 1 48 1
1 87 1 53 1
1 87 1 65 1
3 88 1 60 1
1 88 2 63 1
1 88 1 66 1
1 88 1 53 1
3 89 1 55 1
1 89 1 61 1
1 89 2 51 1
1 90 1 65 1
1 90 1 63 1
1 90 1 80 1
3 90 1 55 1
1 90 1 49 1
3 90 1 61 1
1 90 2 74 1
1 90 1 65 1
1 91 1 70 1
1 91 2 51 1
1 91 2 55 1
3 91 1 57 1
1 91 2 62 1
1 91 1 58 1
1 91 2 67 1
1 91 1 56 1
3 92 1 72 1
1 92 2 65 1
1 93 1 60 1
3 93 1 60 1
1 94 1 55 1
1 94 2 62 1
1 94 2 67 1
1 94 1 60 1
1 94 1 63 1
1 94 1 61 1
1 94 2 70 1
1 94 1 61 1
1 94 1 64 1
1 94 1 66 1
3 95 2 45 1
1 96 1 64 1
1 96 1 62 1
3 96 2 58 1
1 96 1 67 1
1 96 1 66 1
1 96 2 63 1
1 96 1 65 1
3 97 2 56 1
1 97 2 59 1
1 97 1 66 1
1 97 1 67 1
1 97 1 55 1
1 97 1 76 1
1 98 2 67 1
1 99 1 61 1
1 99 1 37 1
1 99 2 63 1
1 99 2 54 1
1 99 1 71 1
1 99 1 60 1
3 99 2 69 1
1 100 1 50 1
1 100 1 66 1
1 100 1 66 1
3 100 1 56 1
1 100 2 74 1
1 100 2 57 1
1 100 2 63 1
1 100 1 68 1
1 100 2 53 1
1 100 1 58 1
1 100 1 71 1
1 100 1 48 1
1 100 2 59 1
1 100 1 61 1
1 100 1 69 1
1 100 1 56 1
1 100 2 62 1
1 100 2 66 1
1 100 1 52 1
1 100 2 60 1
1 100 1 57 1
1 100 1 64 1
1 100 1 69 1
1 101 1 67 1
1 101 2 62 1
1 101 1 45 1
1 101 2 64 1
1 101 1 70 1
1 101 1 57 1
1 101 1 59 1
1 101 1 87 1
3 101 2 57 1
3 102 1 50 1
1 102 1 47 1
1 102 1 64 1
1 102 2 66 1
1 102 1 46 1
1 102 1 52 1
1 102 1 65 1
1 102 2 54 1
1 102 1 64 1
1 103 1 57 1
1 103 1 67 1
1 103 1 62 1
1 103 1 61 1
1 103 1 68 1
1 104 2 35 1
1 104 1 33 1
1 104 1 61 1
3 104 1 67 1
1 104 1 59 1
1 104 1 55 1
3 104 2 62 1
1 104 2 50 1
1 104 2 49 1
3 105 1 58 1
1 105 1 71 1
1 106 2 64 1
1 106 2 56 1
1 106 1 64 1
1 106 1 67 1
1 106 2 76 1
3 106 2 73 1
1 106 1 64 1
1 106 1 66 1
1 107 2 58 1
1 107 1 89 1
1 107 2 62 1
1 107 2 68 1
1 107 2 32 1
1 107 2 61 1
1 108 1 63 1
1 108 2 65 1
1 108 2 60 1
1 108 1 66 1
1 108 2 58 1
1 108 1 72 1
1 108 2 58 1
1 108 1 61 1
1 109 2 61 1
1 109 1 65 1
1 109 1 57 1
1 109 1 66 1
1 110 2 49 1
1 110 2 60 1
1 110 1 51 2
3 110 1 71 1
1 110 2 53 1
1 110 1 67 1
1 110 2 46 1
1 110 1 65 1
1 111 1 62 1
1 111 2 74 1
1 111 2 55 1
1 111 1 55 1
1 111 2 50 1
3 112 2 54 1
1 112 2 89 1
1 112 1 67 1
1 113 1 61 1
1 113 2 74 1
1 113 2 55 1
1 114 1 58 1
1 114 1 55 1
1 114 2 61 1
1 114 1 68 1
1 114 1 57 1
1 115 2 68 1
3 116 2 73 1
1 116 1 78 1
1 116 2 66 1
1 116 1 70 1
1 116 1 67 1
1 116 2 50 1
1 116 2 46 1
1 116 1 65 1
1 117 2 65 1
1 117 1 56 1
1 117 2 71 1
1 117 2 77 1
1 117 2 51 1
1 118 2 50 1
1 118 2 60 1
1 118 1 60 1
1 118 2 30 1
1 118 1 55 1
1 119 1 67 1
1 119 1 66 1
1 119 2 49 1
2 119 1 63 1
1 119 2 69 1
1 120 2 61 1
1 120 1 59 1
1 120 1 63 1
3 120 1 51 1
1 120 1 62 1
1 120 1 35 1
1 120 1 48 1
1 120 2 69 1
1 121 1 65 1
3 121 1 58 1
1 121 1 57 1
1 121 1 62 1
2 122 1 66 1
1 122 2 66 1
2 122 2 70 1
2 122 2 65 1
1 122 1 59 1
1 122 1 46 1
1 122 1 58 1
1 122 2 71 1
1 123 2 29 1
1 123 2 69 1
1 123 2 52 1
1 123 1 60 1
1 124 1 64 1
1 124 1 53 1
1 125 1 69 1
1 125 2 65 1
1 125 1 67 1
1 125 1 59 1
1 126 1 61 1
1 126 2 77 1
1 126 2 55 1
1 127 2 64 1
1 127 1 55 1
1 127 1 63 1
1 127 1 69 1
1 127 1 70 1
1 127 1 62 1
1 127 2 31 1
1 128 2 66 1
1 128 1 65 1
1 128 2 61 1
1 128 1 43 1
1 128 2 54 1
1 128 1 48 1
1 129 1 67 1
1 129 2 75 1
1 130 2 68 1
1 130 2 62 1
3 130 1 67 1
1 130 1 64 1
1 130 1 51 1
1 130 1 55 1
1 131 1 83 1
1 131 1 67 1
1 132 1 66 1
1 132 1 50 1
1 132 2 31 1
1 132 2 75 1
1 132 1 60 1
1 132 1 68 1
1 132 2 70 1
3 133 2 50 1
1 133 2 52 1
3 133 2 64 1
3 133 2 62 1
1 133 2 59 1
1 133 1 55 1
3 133 2 58 1
1 133 1 61 1
1 133 2 62 1
1 133 2 53 1
1 134 1 49 1
1 134 1 66 1
1 134 2 59 1
1 134 2 59 1
3 135 1 53 1
1 135 2 30 1
1 135 2 56 1
1 135 1 45 1
1 135 2 70 1
1 136 2 65 1
1 136 1 63 1
1 136 1 56 1
1 136 1 71 1
1 137 2 63 1
1 137 1 53 1
1 137 1 83 1
1 137 2 74 1
1 137 2 73 1
1 138 1 48 1
3 138 2 52 1
1 138 2 65 1
1 138 1 74 1
1 139 2 71 1
3 139 2 63 1
1 139 1 64 1
3 139 1 61 1
3 139 1 66 1
1 140 1 66 1
1 140 2 32 1
1 140 2 56 1
1 141 2 92 1
1 141 1 66 1
1 141 1 53 1
1 141 2 61 1
1 141 2 72 1
1 142 2 45 1
1 142 1 66 1
1 142 1 63 1
1 143 2 47 1
1 143 2 65 1
1 143 1 62 1
1 143 1 76 1
1 144 2 31 1
1 144 2 68 1
1 144 1 30 1
1 144 1 32 1
1 144 1 55 1
1 144 1 31 1
3 144 2 49 1
1 144 2 49 1
3 144 1 61 1
1 145 2 58 1
1 145 1 59 1
1 145 1 60 1
1 145 2 29 1
1 145 1 30 1
1 145 2 57 1
1 145 2 36 1
1 145 2 69 1
1 145 1 31 1
1 145 1 66 1
1 145 1 69 1
1 145 2 34 1
1 146 1 55 1
1 146 1 66 1
1 146 1 52 1
3 146 2 63 1
1 146 2 85 1
1 146 1 64 1
1 147 1 51 1
1 147 1 61 1
1 147 2 70 1
1 147 2 71 1
1 147 2 56 1
1 147 1 60 1
1 148 1 49 1
1 148 2 63 1
1 148 1 51 1
1 148 1 31 1
1 148 2 55 1
3 149 2 43 1
1 149 2 43 1
1 149 2 52 1
1 149 2 63 1
1 149 1 49 1
1 149 2 32 1
1 150 2 31 1
1 150 2 62 1
1 150 2 28 1
1 150 1 44 1
1 150 2 55 1
1 150 1 65 1
1 150 2 55 1
1 150 1 64 1
1 150 2 53 1
1 150 2 67 1
1 150 2 54 1
1 150 1 29 1
1 150 1 64 1
1 151 1 48 1
3 151 2 61 1
1 151 2 31 1
1 151 2 52 1
1 151 2 63 1
1 151 2 54 1
1 151 1 60 1
1 152 2 31 1
1 152 2 51 1
1 152 2 77 1
1 152 1 68 1
1 153 2 70 1
1 153 2 70 1
1 153 1 54 1
1 153 1 69 1
2 154 2 63 1
2 154 1 66 1
1 154 1 65 1
1 154 2 61 1
1 154 2 52 2
1 154 2 66 1
1 154 1 52 1
1 154 2 60 1
1 154 1 50 1
1 155 1 33 1
1 155 2 54 1
1 155 1 61 1
1 155 1 55 2
1 156 1 64 1
3 156 1 61 1
1 156 2 82 1
1 156 2 69 1
1 156 2 29 1
1 156 1 68 1
1 156 2 64 1
1 157 1 49 1
1 157 2 29 1
1 157 2 60 1
1 157 2 33 1
1 157 1 71 1
1 157 2 31 1
1 158 1 69 1
1 158 2 60 1
1 158 1 66 1
3 158 2 67 1
3 158 1 61 1
1 159 2 51 1
1 159 1 67 1
1 159 1 64 1
1 159 1 46 1
1 159 2 54 1
3 159 2 64 1
1 160 2 64 1
1 160 1 52 1
1 160 1 61 1
1 160 2 75 1
1 160 1 30 1
3 160 2 64 1
3 160 2 66 1
1 160 2 68 1
1 160 2 64 1
1 160 1 68 1
1 160 2 55 1
1 161 1 63 1
1 161 1 48 1
1 161 2 75 1
3 161 1 51 1
1 161 2 64 1
1 162 1 65 1
1 162 2 62 1
1 162 2 31 1
1 162 2 58 1
1 162 2 69 1
1 162 2 55 1
1 163 2 53 1
1 163 2 63 1
1 163 1 48 1
1 163 1 55 1
1 164 1 54 1
1 164 1 50 1
1 164 2 72 1
1 164 1 59 1
3 164 1 58 1
1 164 2 31 1
1 164 2 32 1
1 165 2 36 1
1 165 2 60 1
1 165 1 46 1
1 165 2 34 1
1 165 1 51 1
1 165 2 57 1
3 165 1 56 1
1 165 2 69 1
1 165 2 74 1
2 166 1 65 1
1 166 1 58 1
1 166 1 63 1
1 166 1 51 1
1 166 1 56 1
1 166 2 65 1
1 167 2 29 1
1 168 1 60 1
1 168 2 53 1
1 168 2 34 1
1 168 1 66 1
1 169 1 30 1
1 170 2 50 1
1 170 1 68 1
1 170 2 71 1
1 170 2 30 1
1 170 1 91 1
1 170 2 45 1
1 171 2 57 1
1 171 1 64 1
1 171 1 57 1
1 171 2 52 1
3 171 1 61 1
1 171 2 51 1
1 171 2 34 1
1 172 1 59 1
1 172 1 62 1
1 172 1 49 1
1 172 1 52 1
1 172 2 53 1
1 173 1 55 1
1 173 1 43 1
1 173 2 53 1
1 174 1 53 2
1 174 2 62 1
1 174 1 64 1
1 174 2 31 1
1 174 2 52 1
1 174 1 49 1
1 175 2 56 1
1 175 1 35 1
1 175 2 54 1
1 175 2 32 1
1 175 2 52 1
1 175 2 46 1
1 175 2 31 2
1 175 2 52 1
1 175 1 63 1
1 175 1 31 1
1 175 2 47 2
1 175 2 65 1
1 176 2 34 1
2 176 1 60 1
1 176 2 54 1
1 176 1 35 1
1 176 2 31 2
1 176 2 50 1
1 176 1 52 1
1 176 1 53 1
1 176 1 55 1
1 177 2 78 1
1 177 1 52 1
1 177 2 53 1
1 177 1 66 1
1 177 1 49 1
3 177 1 51 1
1 177 2 60 1
1 177 2 61 1
1 177 1 65 1
1 178 1 65 1
1 179 2 60 1
1 179 2 55 1
1 179 2 53 1
1 180 2 54 1
1 180 1 69 1
1 180 1 46 1
1 181 2 54 1
2 181 1 63 1
1 181 2 53 1
3 181 1 54 1
1 182 2 62 1
1 182 1 69 1
1 182 1 66 1
2 182 2 70 1
1 182 1 44 1
1 183 2 50 1
1 183 2 55 1
3 183 2 74 1
1 183 2 63 1
3 183 2 64 1
1 183 1 68 1
1 183 1 54 1
1 183 2 50 1
1 184 2 51 1
3 184 2 54 1
1 185 2 54 1
1 185 2 50 1
1 185 2 48 1
1 185 1 30 1
3 185 1 47 1
1 185 1 49 1
1 185 2 36 1
1 185 2 34 1
1 185 2 33 1
1 185 2 45 1
1 185 1 50 1
1 185 2 31 1
1 185 2 28 1
1 185 2 33 1
1 186 1 67 1
1 186 2 74 1
1 187 2 62 1
1 187 2 63 1
1 187 2 47 1
1 187 2 66 1
1 188 2 34 1
2 188 2 66 1
1 188 1 50 2
1 188 2 66 1
1 189 1 32 1
1 189 1 64 1
1 189 2 32 1
1 189 1 46 1
1 189 2 75 1
1 189 2 27 1
1 189 2 29 1
1 189 2 50 1
3 190 1 60 1
2 190 1 70 1
1 190 2 31 1
1 190 2 55 1
1 191 1 74 1
1 191 2 60 1
3 191 2 65 1
1 191 1 55 1
1 191 2 33 1
1 191 1 66 1
1 191 1 68 1
3 191 1 69 1
1 191 2 64 1
1 192 2 61 1
3 192 2 71 1
1 192 2 75 1
3 192 2 56 1
1 193 1 51 1
3 193 2 46 1
3 193 2 63 1
1 193 1 53 1
3 194 2 60 1
1 194 2 54 1
1 194 2 50 1
1 195 1 52 1
1 195 2 49 1
3 195 2 41 1
1 195 1 72 1
1 195 2 63 1
1 195 2 54 1
3 196 1 72 1
3 196 2 58 1
1 196 1 64 1
1 196 1 51 1
1 196 1 52 1
1 196 1 67 1
3 196 1 68 1
3 196 1 51 1
3 197 1 68 1
1 197 2 62 1
3 197 1 56 1
3 197 2 66 1
1 197 1 57 1
1 197 2 67 1
3 198 1 64 1
3 198 1 69 1
1 199 2 52 1
3 199 2 57 1
3 200 1 66 1
1 200 2 57 1
1 200 1 61 2
1 200 2 55 1
1 200 2 62 1
1 201 1 73 1
1 201 1 57 1
2 201 2 59 1
1 201 1 58 1
1 202 1 57 1
1 202 2 59 1
1 202 2 60 1
3 202 2 51 1
1 202 1 64 1
1 202 1 65 1
1 203 2 39 1
3 204 1 61 1
1 205 1 56 1
1 206 1 54 1
1 206 1 55 1
1 206 1 62 1
1 207 1 67 1
1 207 2 63 1
1 207 2 58 1
1 208 2 55 1
1 208 1 59 1
1 208 2 54 1
1 209 1 63 1
1 210 2 70 1
1 210 1 60 1
1 210 2 53 1
1 211 1 55 1
3 212 1 62 1
1 213 2 57 1
1 214 2 55 1
1 214 2 48 1
1 215 1 62 1
1 216 1 66 1
1 216 2 34 1
1 216 1 31 1
1 217 1 55 1
3 218 1 79 1
1 219 2 74 1
1 220 2 56 1
1 221 1 69 1
1 222 2 51 1
1 222 2 70 1
1 223 1 64 1
3 224 2 70 1
3 225 1 73 1
1 226 2 69 1
1 227 1 46 1
1 227 1 56 1
3 228 2 53 1
3 228 2 59 1
1 229 2 67 1
1 230 1 62 1
1 231 1 56 1
1 231 1 60 1
1 232 1 56 1
1 233 1 64 1
1 234 2 55 1
3 234 1 66 1
1 235 2 45 1
1 236 2 69 1
3 237 1 65 1
2 238 2 76 1
1 239 2 29 1
3 240 2 58 1
3 241 2 57 1
1 242 1 49 1
3 243 2 71 1
1 244 1 47 1
1 244 1 59 1
3 244 2 70 1
2 245 2 73 1
3 246 1 68 1
1 247 1 69 1
1 248 1 62 1
2 248 2 79 1
2 249 1 80 1
1 249 2 57 1
3 249 1 55 1
3 250 1 61 1
3 251 1 60 1
1 252 2 27 1
1 253 1 51 1
3 253 2 56 1
2 254 1 59 1
1 255 2 29 1
2 255 2 70 1
1 256 1 56 1
1 257 2 30 1
1 258 1 59 1
1 258 2 61 1
1 259 1 59 1
1 260 1 61 1
1 261 1 63 1
1 262 1 45 1
2 262 2 53 1
3 263 2 64 1
3 264 2 61 1
2 264 1 62 1
2 265 2 69 1
1 266 1 54 1
1 267 2 64 1
1 268 1 47 1
1 268 2 47 1
1 269 1 57 1
3 270 2 54 1
2 271 2 56 1
3 272 1 64 1
2 273 2 74 1
1 274 1 45 1
2 274 1 44 1
1 275 2 66 1
3 276 2 67 1
1 277 2 61 1
1 277 1 51 1
1 277 1 60 1
1 278 1 83 1
2 278 2 74 1
1 279 2 52 1
1 280 2 71 1
1 281 1 49 1
1 281 1 61 1
1 281 2 57 1
1 282 1 67 1
3 283 2 54 1
2 284 1 61 1
2 285 1 75 1
1 286 2 50 1
1 286 2 73 1
1 286 2 60 1
1 287 2 42 1
3 288 1 61 1
3 289 1 67 1
1 290 1 55 1
2 291 2 51 1
2 292 1 64 1
2 293 2 69 1
2 294 1 72 1
3 294 2 53 1
1 295 1 59 1
3 296 1 50 1
2 297 2 65 1
2 297 2 70 1
2 298 1 75 1
1 298 1 48 1
1 299 2 35 1
1 300 1 64 1
2 301 1 83 1
1 302 2 68 1
3 302 1 69 1
1 303 1 58 1
2 303 1 78 1
3 303 2 55 1
3 304 1 66 1
3 305 1 66 1
2 305 1 78 1
3 306 1 63 1
3 306 2 53 1
2 307 1 70 1
1 307 1 54 1
3 307 1 56 1
1 307 2 48 1
3 308 2 59 1
1 308 1 64 1
3 309 1 59 1
1 310 1 63 1
2 311 2 76 1
1 311 2 63 1
1 312 2 61 1
1 313 1 58 1
1 314 1 76 1
1 314 2 27 1
1 314 1 57 1
3 315 2 55 1
3 316 1 48 1
1 317 2 53 2
1 318 2 66 1
1 318 1 66 1
1 318 2 53 1
1 319 2 72 1
1 319 1 67 1
1 320 2 38 1
2 321 1 81 1
1 321 1 54 1
1 322 1 60 1
1 323 2 64 1
2 324 1 61 1
2 325 2 61 1
2 325 1 58 1
2 326 1 60 1
2 327 2 52 1
2 328 1 79 1
2 329 1 57 1
2 330 1 70 1
2 331 1 49 1
1 332 1 63 1
2 333 2 65 1
1 334 2 62 1
1 335 1 64 1
2 336 2 68 1
1 337 2 59 1
1 338 2 66 1
1 339 2 72 1
2 340 1 61 1
2 341 1 63 1
3 342 2 72 1
3 343 1 68 1
2 344 1 60 1
2 345 2 57 1
2 346 2 46 1
3 347 1 85 1
2 348 1 76 1
2 349 1 68 1
2 350 1 66 1
3 351 2 53 1
3 352 2 67 1
2 353 1 72 1
3 354 1 59 1
3 355 2 67 1
3 356 2 55 1
1 357 2 65 1
2 358 1 57 1
3 359 1 76 1
1 360 2 61 1
1 361 1 62 1
2 362 2 45 1
3 363 2 60 1
3 364 2 70 1
