3 1 2 70 1
3 1 1 58 1
3 1 1 63 1
3 1 2 59 2
1 1 1 59 1
1 1 2 50 2
1 1 1 69 3
1 1 2 77 1
1 1 1 61 6
1 1 1 78 1
1 1 1 56 1
1 1 1 59 1
1 1 2 63 1
1 1 1 73 1
3 1 1 75 1
1 1 1 72 1
3 1 2 74 4
1 1 1 82 1
1 1 2 50 1
1 1 2 63 3
1 1 2 68 4
1 1 2 48 1
3 1 2 52 1
3 1 2 53 2
1 1 2 56 1
1 1 1 50 1
1 1 1 67 1
3 1 2 64 3
3 1 2 58 1
1 1 2 68 1
1 1 1 81 1
1 1 1 68 3
1 1 1 59 1
3 1 1 59 1
3 1 2 69 1
3 1 1 45 1
1 1 2 64 1
1 1 1 64 1
1 1 1 69 1
1 1 1 66 1
3 1 2 61 1
3 1 2 48 1
3 1 2 50 1
3 1 2 67 1
1 1 2 70 1
1 1 2 61 1
1 1 2 69 1
1 1 1 67 1
1 1 1 67 6
1 1 1 56 1
1 1 1 70 2
1 1 2 67 1
1 1 1 66 2
1 1 2 43 1
1 1 1 55 1
1 1 2 65 1
3 1 1 72 1
1 1 1 70 1
1 1 1 80 1
3 1 2 49 1
1 1 1 66 1
3 1 1 70 1
3 1 2 74 1
1 1 1 60 1
1 1 1 67 1
1 1 2 65 1
1 1 1 66 2
1 1 1 62 2
1 1 2 69 1
1 1 1 58 1
3 1 1 81 1
1 1 1 65 2
1 1 1 62 2
1 1 1 50 1
1 1 1 64 2
1 1 2 71 1
1 1 2 73 1
1 1 2 60 1
1 1 1 63 3
1 1 2 68 2
1 1 1 59 2
1 1 1 61 1
1 1 2 70 1
3 1 1 67 2
1 1 2 66 2
1 1 2 69 1
1 1 1 61 1
1 1 2 51 1
1 1 2 70 1
3 1 2 62 1
3 1 1 66 1
1 1 1 62 1
1 1 2 70 1
1 1 2 72 1
1 1 1 59 1
1 1 1 63 3
1 1 2 80 1
1 1 1 77 1
1 1 2 61 1
1 1 2 64 1
3 1 2 57 1
1 1 2 71 1
1 1 1 68 1
1 1 2 71 1
3 1 1 63 1
3 1 1 67 1
3 1 1 61 1
1 1 1 56 1
1 1 2 62 1
1 1 1 77 1
1 1 2 67 2
1 1 2 87 1
1 1 2 66 1
1 1 2 58 1
1 1 1 61 1
1 1 1 57 2
1 1 1 67 1
1 1 2 56 1
1 1 1 61 4
1 1 1 69 1
1 1 1 83 1
3 1 1 72 1
1 1 2 61 1
3 1 1 76 1
1 1 1 71 1
3 1 2 59 2
1 1 1 78 1
1 1 1 69 1
3 1 1 69 1
1 1 2 61 1
1 1 1 72 1
1 1 1 64 3
1 1 2 51 1
1 1 2 68 1
1 1 1 67 1
3 1 2 55 1
3 1 1 65 1
1 1 1 74 1
1 1 2 67 1
1 1 1 59 2
1 1 1 70 1
1 1 2 53 1
1 1 2 70 1
1 1 2 73 1
1 1 2 62 1
1 1 1 62 1
1 1 2 66 1
1 1 1 75 1
3 1 2 65 1
3 1 1 61 1
3 1 2 42 1
3 1 2 61 2
3 1 2 64 3
3 1 2 71 1
3 1 2 71 1
1 1 1 69 1
3 1 2 71 1
3 1 1 75 1
1 1 1 55 1
1 1 1 67 2
1 1 2 62 1
3 1 1 63 1
1 1 1 62 1
1 1 2 67 1
1 1 2 66 1
3 1 1 50 1
3 1 2 59 1
1 1 1 69 1
1 1 1 78 1
1 1 1 59 1
1 1 1 45 2
1 1 1 65 4
1 1 2 66 1
1 1 1 68 2
1 1 2 58 1
1 1 2 66 2
1 1 2 74 1
1 1 1 66 3
1 1 2 70 2
1 1 1 59 1
3 1 2 69 1
3 1 1 49 1
3 1 1 59 1
1 1 2 62 2
1 1 1 68 4
3 1 2 46 1
1 1 1 66 1
1 1 1 72 1
3 1 1 80 1
3 1 1 66 3
1 1 1 59 1
3 1 2 67 1
1 1 1 65 1
1 1 1 64 1
1 1 2 58 1
1 1 1 61 5
1 1 2 65 1
1 1 1 67 1
3 1 2 59 1
3 1 2 55 1
3 1 2 65 1
1 1 2 67 1
1 1 1 69 1
1 1 1 79 1
1 1 1 51 1
1 1 2 68 1
1 1 2 54 1
1 1 2 66 1
1 1 1 61 2
3 1 2 65 1
3 1 1 67 1
1 1 1 63 1
1 1 2 66 2
3 1 1 50 1
3 1 1 68 3
1 1 1 67 2
1 1 2 60 3
1 1 1 62 4
1 1 2 62 2
3 1 2 51 1
3 1 2 61 1
1 1 2 60 1
1 1 2 67 3
1 1 2 64 1
1 1 1 64 1
1 1 1 70 1
1 1 2 65 1
3 1 1 63 2
1 1 1 58 1
3 1 2 61 1
2 1 1 72 1
1 1 1 60 1
1 1 1 70 1
1 1 2 63 2
1 1 1 57 1
1 1 2 72 2
1 1 1 73 2
1 1 2 73 2
1 1 1 68 4
1 1 1 56 1
1 1 1 68 1
1 1 2 66 1
1 1 1 68 1
1 1 1 65 2
1 1 1 67 4
1 1 1 90 1
1 1 2 65 2
3 1 2 66 1
1 1 1 63 1
3 1 1 54 2
3 1 2 67 1
1 1 1 54 1
1 1 2 69 3
1 1 2 65 3
1 1 2 55 1
1 1 1 60 1
1 1 2 57 1
1 1 2 68 1
1 1 1 64 2
1 1 1 57 1
1 1 1 53 1
1 1 2 68 1
1 1 2 70 1
1 1 2 57 1
3 1 1 68 1
3 1 2 66 1
1 1 1 76 1
1 1 1 62 2
1 1 1 50 1
3 1 2 54 1
1 1 1 65 2
1 1 1 63 2
1 1 2 66 1
1 1 2 69 1
1 1 1 76 2
1 1 1 63 1
1 1 1 64 1
1 1 2 63 1
1 1 1 59 1
1 1 1 65 1
3 1 2 56 3
1 1 1 65 3
1 1 1 71 2
1 1 1 67 2
1 1 2 68 1
3 1 1 56 1
3 1 2 62 1
1 1 1 62 1
1 1 1 71 1
1 1 1 59 1
1 1 1 63 1
1 1 1 66 1
1 1 2 71 1
1 1 1 61 2
1 1 2 63 1
1 1 2 70 1
3 1 1 80 1
3 1 2 65 1
3 1 2 49 1
1 1 1 65 1
1 1 1 65 3
1 1 1 66 1
1 1 2 64 3
1 1 2 88 1
1 1 1 56 1
1 1 1 50 1
1 1 1 64 2
1 1 2 69 1
1 1 1 77 1
3 1 1 63 4
1 1 2 55 1
1 1 1 71 1
1 1 1 64 1
1 1 2 68 1
3 1 2 43 1
2 1 1 74 1
3 1 2 75 1
1 1 1 62 3
1 1 2 61 1
3 1 1 64 1
1 1 2 66 1
1 1 1 53 1
3 1 2 62 1
3 1 2 63 3
3 1 1 56 2
1 1 1 63 6
1 1 1 68 1
1 1 2 70 2
1 1 1 54 1
1 1 1 63 3
1 1 1 68 1
1 1 1 65 2
1 1 1 66 1
1 1 2 59 1
1 1 2 64 1
3 1 1 47 1
3 1 2 69 2
1 1 1 70 1
1 1 1 64 2
1 1 1 83 1
1 1 2 48 1
1 1 2 65 2
1 1 2 63 1
1 1 2 61 1
3 1 2 77 1
2 1 2 64 1
1 1 2 67 1
1 1 2 51 1
1 1 1 60 1
1 1 1 68 1
3 1 2 69 1
1 1 2 60 2
1 1 1 61 2
1 1 1 77 2
1 1 2 84 1
3 1 2 73 1
1 1 1 72 1
1 1 1 84 1
3 1 2 80 1
3 1 1 60 2
3 1 2 76 2
1 1 2 76 1
3 1 1 74 1
1 1 1 57 1
1 1 1 77 1
1 1 2 66 1
3 1 2 73 1
1 1 1 69 1
1 1 2 48 1
1 1 1 62 2
1 1 2 68 2
1 1 2 65 3
1 1 1 67 2
1 1 1 55 1
1 1 2 52 1
1 1 1 70 1
1 1 1 59 1
1 1 1 74 1
1 1 2 77 1
1 1 1 72 1
1 1 2 67 1
1 1 1 57 2
1 1 2 74 1
1 1 1 56 2
1 1 2 74 1
3 1 1 92 1
3 1 2 55 2
3 1 2 62 3
1 1 2 71 1
1 1 1 52 1
1 1 1 58 2
1 1 2 64 4
1 1 2 84 1
2 1 2 85 1
1 1 2 62 1
1 1 2 62 3
1 1 1 69 2
1 1 2 68 1
1 1 2 62 2
3 1 2 71 1
1 1 2 69 1
1 1 1 57 1
1 1 1 62 1
1 1 1 76 1
1 1 2 70 1
1 1 2 73 1
1 1 1 72 1
1 1 2 51 1
1 1 2 68 4
1 1 2 59 1
1 1 1 50 1
1 1 1 57 1
1 1 2 60 1
3 1 2 60 1
1 1 1 52 1
1 1 1 62 4
1 1 2 55 1
1 1 2 64 1
1 1 1 58 1
3 1 1 57 1
3 1 2 60 7
2 1 2 83 1
1 1 1 68 4
2 1 1 99 1
1 1 2 62 1
3 1 1 58 1
3 1 2 49 1
1 1 1 52 1
1 1 1 59 1
3 1 2 77 1
3 1 2 46 1
1 1 1 66 1
1 1 1 70 1
1 1 1 63 1
1 1 2 70 1
3 1 1 49 1
1 1 1 57 1
1 1 1 59 1
1 1 2 63 1
1 1 1 63 3
1 1 2 55 2
1 1 2 57 1
1 1 2 65 1
1 1 1 88 1
1 1 2 66 1
1 1 1 53 1
1 1 2 71 1
3 1 1 66 1
1 1 1 55 1
1 1 1 63 2
3 1 1 63 2
1 1 1 72 1
1 1 2 63 1
1 1 1 61 4
1 1 2 61 1
1 1 1 66 4
1 1 1 88 1
3 1 1 57 1
1 1 1 65 1
1 1 2 60 1
3 1 1 56 1
1 1 2 54 1
1 1 2 66 1
1 1 1 66 2
1 1 2 78 1
1 1 1 67 1
1 1 2 73 2
1 1 2 64 1
1 1 1 60 3
1 1 1 64 4
1 1 1 68 2
3 1 1 52 1
3 1 1 65 1
3 1 1 67 1
1 1 1 63 1
3 1 2 68 1
3 1 1 75 1
3 1 1 78 1
1 1 1 78 1
3 1 2 59 4
3 1 2 68 1
1 1 1 64 7
1 1 1 66 4
1 1 2 59 2
1 1 2 61 1
1 1 1 65 1
1 1 1 45 1
3 1 2 66 1
1 1 1 88 2
1 1 1 70 1
1 1 2 66 1
3 1 2 57 1
3 1 2 63 1
3 1 2 51 1
1 1 1 67 2
1 1 2 59 1
1 1 1 63 4
1 1 2 72 2
1 1 1 49 1
1 1 1 60 2
1 1 2 62 5
1 1 1 86 1
1 1 1 62 1
1 1 2 59 1
1 1 1 65 2
1 1 2 62 1
1 1 2 73 1
1 1 1 48 1
1 1 1 68 1
1 1 2 56 1
1 1 2 63 2
1 1 1 61 1
3 1 1 79 1
1 1 2 66 2
3 1 2 50 1
3 1 2 59 2
1 1 2 46 1
1 1 1 49 1
1 1 2 46 1
3 1 2 59 1
1 1 2 68 1
1 1 2 69 1
1 1 1 52 1
1 1 1 59 1
1 1 1 78 1
3 1 1 64 1
3 1 2 67 2
1 1 1 64 1
1 1 1 60 1
3 1 1 58 1
1 1 1 60 1
1 1 1 68 2
1 1 1 67 1
1 1 2 74 1
1 1 2 59 1
1 1 2 63 1
1 1 1 69 1
1 1 2 69 1
1 1 2 73 1
1 1 1 67 1
1 1 1 67 2
2 1 2 66 1
2 1 2 75 1
1 1 2 57 2
3 1 2 66 1
3 1 1 59 4
3 1 1 62 1
3 1 2 51 2
1 1 1 61 2
1 1 1 63 1
1 1 2 69 2
1 1 2 78 1
3 1 1 59 1
3 1 1 82 1
3 1 2 63 3
1 1 1 70 1
1 1 1 82 1
1 1 1 57 1
1 1 1 63 2
1 1 1 71 1
1 1 2 61 1
1 1 2 63 1
1 1 1 64 1
1 1 2 67 1
1 1 1 66 2
1 1 1 69 1
1 1 1 65 3
1 1 1 71 1
3 1 2 68 2
3 1 1 53 1
1 1 2 64 1
1 1 2 64 2
1 1 1 65 2
1 1 1 66 2
1 1 2 57 1
1 1 1 66 2
3 1 1 77 1
2 1 2 79 1
1 1 1 64 1
1 1 2 53 1
1 1 1 66 2
1 1 2 62 1
1 1 2 67 2
3 1 2 56 1
1 1 1 57 1
1 1 1 50 1
1 1 1 73 1
1 1 2 70 1
1 1 2 60 1
1 1 2 79 1
1 1 2 67 1
1 1 2 72 1
3 1 2 39 1
3 1 2 28 1
1 1 2 66 1
1 1 1 60 2
1 1 2 70 3
1 1 1 66 1
1 1 1 60 3
1 1 2 64 1
1 1 1 60 1
1 1 1 88 1
1 1 1 71 1
3 1 2 50 2
1 1 1 72 1
1 1 2 81 1
3 1 1 76 1
2 1 1 80 1
3 1 1 73 1
3 1 2 72 1
1 1 1 64 2
1 1 2 64 2
1 1 1 63 1
1 1 1 62 2
1 1 2 53 1
1 1 1 67 2
1 1 1 64 1
1 1 2 76 1
1 1 2 77 1
3 1 1 52 1
1 1 1 70 2
1 1 1 66 2
1 1 2 71 1
1 1 1 58 1
1 1 2 66 2
1 1 2 65 1
1 1 2 72 1
1 1 2 63 1
1 1 2 67 1
1 1 1 72 1
1 1 2 62 3
3 1 2 52 1
3 1 2 65 3
1 1 2 61 2
1 1 1 62 1
1 1 2 64 2
1 1 2 73 1
1 1 2 69 2
1 1 2 67 1
1 1 1 80 1
2 1 2 61 1
1 1 1 74 1
1 1 2 68 1
1 1 1 60 1
1 1 1 71 1
1 1 1 76 1
1 1 2 63 4
1 1 1 68 2
1 1 1 73 2
1 1 2 63 1
1 1 1 78 1
1 1 2 66 2
1 1 2 69 1
1 1 1 67 2
1 1 1 46 1
1 1 1 73 1
1 1 2 59 1
1 1 2 67 2
2 1 2 72 2
1 1 1 67 2
1 1 1 55 1
1 1 2 68 1
1 1 1 70 1
1 1 1 61 2
3 1 1 70 1
1 1 1 69 1
1 1 1 73 1
1 1 2 49 1
1 1 2 62 1
1 1 1 73 1
1 1 1 76 1
3 1 1 59 1
3 1 1 70 1
1 1 1 58 1
1 1 1 66 1
1 1 2 67 1
1 1 1 70 1
1 1 1 65 1
1 1 1 68 2
3 1 2 60 1
3 1 1 66 1
3 1 2 69 1
1 1 2 68 2
1 1 1 70 3
1 1 1 68 1
1 1 2 61 3
1 1 2 59 1
1 1 1 62 1
1 1 2 71 1
3 1 2 62 1
2 1 2 75 1
1 1 1 47 1
1 1 2 52 1
3 1 1 74 2
3 1 1 78 1
3 1 2 46 2
3 1 2 78 1
1 1 1 61 2
1 1 1 78 1
1 1 1 69 1
1 1 2 77 1
3 1 2 67 2
3 1 1 60 1
1 1 2 61 1
1 1 1 66 1
1 1 1 71 1
1 1 2 71 1
1 1 1 66 1
1 1 1 60 1
1 1 2 63 1
1 1 2 62 1
3 1 1 47 1
3 1 1 61 1
1 1 1 71 3
1 1 2 69 2
1 1 2 113 1
1 1 1 67 1
1 1 1 65 1
1 1 1 69 1
1 1 2 61 1
3 1 2 49 1
1 1 1 52 2
1 1 2 67 3
1 1 1 71 2
1 1 1 72 1
3 1 2 59 1
3 1 1 77 1
3 1 2 49 1
3 1 2 54 3
1 1 1 69 1
1 1 1 66 6
1 1 2 59 1
1 1 1 61 2
1 1 1 74 1
1 1 1 66 4
3 1 2 45 1
1 1 1 65 3
1 1 1 74 1
1 1 1 76 1
1 1 1 76 1
1 1 2 51 1
1 1 2 65 4
1 1 1 69 2
1 1 1 61 2
1 1 1 62 2
1 1 2 65 1
1 1 2 70 1
1 1 1 59 1
1 1 2 79 1
1 1 1 72 1
1 1 2 62 1
1 1 2 63 1
1 1 1 55 1
1 1 1 60 1
1 1 1 63 1
1 1 1 52 1
1 1 1 65 1
1 1 2 66 1
1 1 2 65 2
1 1 1 69 1
1 1 2 54 1
1 1 2 74 1
1 1 1 68 1
1 1 2 73 1
1 1 1 63 1
1 1 1 70 1
3 1 2 52 1
3 1 2 62 1
1 1 2 62 2
1 1 2 77 1
1 1 1 62 1
1 1 2 67 2
1 1 1 62 1
3 1 2 58 1
1 1 1 67 3
3 1 1 58 1
3 1 1 65 1
3 1 2 41 1
1 1 2 68 2
3 1 1 67 1
3 1 2 60 3
3 1 2 51 1
1 1 1 67 1
1 1 2 57 1
1 1 2 59 1
1 1 2 69 1
3 1 1 65 1
1 1 2 49 1
1 1 2 84 1
3 1 1 55 1
1 1 1 75 1
1 1 2 60 1
1 1 1 62 1
1 1 2 47 1
1 1 1 59 1
1 1 1 62 3
1 1 2 84 1
1 1 1 66 1
3 1 2 66 1
1 1 1 62 3
1 1 1 70 1
1 1 1 65 5
1 1 1 68 1
1 1 1 71 1
1 1 2 65 1
3 1 1 64 1
3 1 1 60 2
3 1 1 55 1
3 1 2 53 1
2 1 2 75 1
1 1 2 63 1
1 1 1 67 1
1 1 2 69 1
1 1 1 64 2
1 1 1 75 1
1 1 2 65 1
1 1 1 76 1
3 1 2 58 1
3 1 1 60 1
1 1 1 61 1
1 1 2 68 1
1 1 1 55 1
1 1 1 67 3
1 1 1 73 1
1 1 2 61 2
3 1 1 69 2
1 1 1 60 1
1 1 1 63 8
1 1 2 60 1
1 1 2 82 1
1 1 1 73 1
1 1 2 63 1
1 1 1 61 2
2 1 1 68 1
1 1 1 63 2
1 1 1 57 1
1 1 1 60 1
1 1 2 60 1
3 1 2 65 1
1 1 1 70 1
1 1 1 76 1
1 1 2 59 1
1 1 1 61 3
3 1 2 57 1
3 1 2 63 1
3 1 2 69 1
3 1 1 63 1
3 1 1 66 1
1 1 1 72 1
1 1 1 64 4
1 1 1 62 1
1 1 1 64 7
1 1 2 68 1
1 1 1 66 2
1 1 2 45 1
1 1 1 83 1
1 1 2 65 2
3 1 2 68 1
3 1 1 75 1
1 1 1 64 4
1 1 1 64 1
1 1 2 66 1
3 1 1 72 1
3 1 2 53 1
1 1 2 64 1
1 1 1 82 1
1 1 2 68 3
1 1 2 75 1
1 1 1 81 1
3 1 2 67 1
1 1 1 61 1
1 1 2 63 4
1 1 1 60 1
1 1 1 87 1
1 1 1 73 1
1 1 2 59 1
1 1 1 62 1
1 1 2 78 1
1 1 1 57 1
3 1 1 61 1
3 1 1 65 1
1 1 2 67 1
1 1 1 82 1
1 1 1 75 1
1 1 1 76 1
1 1 1 57 1
1 1 2 86 1
1 1 2 61 1
1 1 1 64 1
1 1 1 69 1
3 1 2 47 1
1 1 1 51 1
1 1 1 58 1
1 1 1 72 1
1 1 1 57 1
1 1 1 61 2
1 1 2 75 3
1 1 1 57 1
3 1 1 77 1
1 1 1 78 1
1 1 1 64 7
1 1 1 59 2
3 1 2 43 1
3 1 1 57 1
1 1 1 64 1
1 1 2 66 1
1 1 2 61 2
1 1 1 66 2
3 1 1 72 1
1 1 1 60 4
1 1 2 62 1
1 1 1 80 1
1 1 2 64 1
1 1 2 67 1
1 1 1 70 1
3 1 2 67 1
3 1 1 64 1
3 1 1 74 1
1 1 2 59 1
1 1 2 72 1
1 1 1 65 2
1 1 2 71 1
3 1 2 45 1
3 1 1 64 2
3 1 2 58 1
2 1 1 76 1
1 1 1 67 2
1 1 2 68 1
1 1 1 87 1
3 1 1 80 1
3 1 1 65 3
3 1 1 76 1
3 1 1 80 1
3 1 1 84 1
1 1 1 63 3
1 1 2 71 1
1 1 2 72 1
1 1 2 59 1
1 1 1 59 1
1 1 1 73 1
1 1 1 66 1
1 1 2 72 1
1 1 2 68 1
3 1 1 64 2
1 1 1 47 1
1 1 1 67 1
1 1 2 70 2
1 1 1 66 1
1 1 1 93 1
1 1 1 104 1
1 1 1 71 1
1 1 2 61 1
1 1 1 50 1
1 1 2 58 1
1 1 2 66 2
1 1 2 62 1
3 1 2 63 1
1 1 2 65 2
1 1 2 58 1
1 1 2 67 2
3 1 1 56 2
1 1 2 66 1
1 1 2 46 1
3 1 1 81 1
1 1 1 64 1
1 1 1 50 1
1 1 1 66 1
1 1 2 82 1
1 1 1 62 3
1 1 1 60 3
1 1 2 65 2
1 1 1 86 1
1 1 2 61 1
1 1 1 63 1
1 1 2 61 1
1 1 1 66 1
1 2 2 69 2
3 2 2 59 2
1 2 1 58 1
1 2 1 60 1
1 2 2 63 1
1 2 2 69 1
1 2 2 71 3
1 2 1 58 2
1 2 1 64 2
1 2 1 73 1
1 2 2 67 3
1 2 1 68 2
1 2 1 59 2
1 2 1 70 1
1 2 1 79 1
1 2 1 80 1
1 2 2 50 2
1 2 1 59 1
1 2 2 72 1
1 2 1 64 5
1 2 1 68 3
1 2 1 66 1
1 2 2 60 2
3 2 1 62 1
3 2 2 47 2
2 2 2 49 1
1 2 1 64 1
1 2 2 71 2
1 2 1 79 1
1 2 1 63 5
1 2 2 46 1
1 2 2 50 1
1 2 1 58 1
1 2 2 65 2
1 2 2 69 1
1 2 1 58 1
1 2 2 55 2
1 2 2 66 1
1 2 1 51 1
1 2 2 57 2
1 2 1 70 2
1 2 2 56 2
3 2 2 52 1
3 2 2 63 1
1 2 2 63 1
1 2 2 60 1
1 2 2 67 1
1 2 1 64 2
1 2 2 68 2
1 2 2 83 1
1 2 2 53 2
1 2 2 67 1
1 2 1 67 1
1 2 1 69 1
1 2 1 56 2
1 2 2 52 1
1 2 2 63 3
1 2 2 54 1
1 2 1 65 1
1 2 1 69 1
3 2 2 64 1
3 2 1 80 1
3 2 2 64 1
1 2 1 66 1
1 2 1 62 2
1 2 1 59 1
1 2 1 70 1
1 2 2 59 4
1 2 2 72 1
1 2 1 70 1
1 2 1 65 5
1 2 1 70 1
1 2 1 61 1
1 2 2 63 2
1 2 2 75 1
1 2 1 63 4
1 2 1 67 1
1 2 1 69 1
1 2 2 73 1
1 2 2 62 1
1 2 1 64 7
1 2 2 59 1
1 2 1 85 1
1 2 1 49 2
1 2 2 80 1
1 2 1 64 1
1 2 2 71 2
1 2 2 58 2
1 2 1 58 1
1 2 1 46 1
1 2 2 57 1
1 2 1 81 1
1 2 1 58 1
3 2 2 46 1
3 2 2 61 2
3 2 1 68 1
1 2 2 47 1
1 2 1 66 1
1 2 1 64 1
1 2 2 65 2
1 2 1 56 1
1 2 2 58 1
1 2 1 58 3
1 2 2 63 2
1 2 2 58 2
1 2 2 64 1
1 2 2 60 2
1 2 2 63 2
3 2 2 52 1
1 2 1 67 1
1 2 1 59 1
1 2 2 69 1
1 2 2 52 1
1 2 2 70 1
1 2 1 66 1
1 2 1 66 1
1 2 2 60 1
1 2 2 66 1
1 2 1 50 1
1 2 1 63 2
1 2 2 63 1
1 2 1 64 6
3 2 2 64 1
1 2 1 64 2
2 2 2 63 1
3 2 2 85 1
1 2 2 77 1
1 2 1 55 2
1 2 1 78 1
1 2 1 80 1
1 2 1 82 2
1 2 2 60 1
1 2 2 70 1
1 2 1 70 1
3 2 1 67 1
3 2 2 59 1
3 2 1 63 1
1 2 1 64 1
3 2 1 79 1
3 2 1 83 1
3 2 2 68 1
3 2 2 69 1
1 2 1 59 5
1 2 1 63 4
1 2 1 76 1
1 2 1 75 1
1 2 1 61 3
1 2 1 65 4
1 2 2 59 2
1 2 2 68 1
1 2 2 54 1
1 2 2 74 1
3 2 2 59 1
3 2 1 54 2
1 2 1 51 1
1 2 1 51 1
1 2 2 62 2
3 2 1 59 1
1 2 1 69 2
1 2 1 67 2
1 2 2 65 1
1 2 2 52 1
1 2 1 67 6
1 2 1 66 1
1 2 1 78 1
1 2 1 57 1
1 2 2 61 1
1 2 1 71 1
1 2 1 75 1
1 2 2 69 2
1 2 1 69 1
3 2 1 76 1
3 2 2 48 1
3 2 2 66 1
3 2 1 64 1
3 2 2 64 1
1 2 2 78 1
1 2 2 68 2
1 2 2 63 1
1 2 1 57 2
1 2 1 61 2
1 2 2 56 1
1 2 2 64 1
1 2 1 65 3
1 2 2 74 1
2 2 2 59 1
3 2 1 82 1
1 2 1 49 1
1 2 1 68 3
1 2 1 53 1
1 2 1 64 3
1 2 2 64 5
1 2 2 53 3
1 2 1 60 2
3 2 1 73 2
1 2 1 56 1
1 2 2 68 1
1 2 2 69 1
1 2 2 63 1
1 2 2 61 2
1 2 1 58 3
1 2 2 53 1
1 2 1 59 1
1 2 1 82 1
3 2 1 69 1
3 2 2 52 2
3 2 1 47 1
1 2 2 62 1
1 2 1 69 3
1 2 2 51 1
1 2 1 65 4
1 2 1 58 2
3 2 1 56 1
3 2 1 57 2
3 2 1 63 2
2 2 1 80 1
1 2 1 75 1
3 2 1 74 1
1 2 2 75 1
1 2 2 69 1
1 2 1 79 1
2 2 1 86 1
1 2 1 56 2
1 2 2 65 1
1 2 2 68 2
1 2 1 77 1
1 2 2 65 1
1 2 2 60 1
1 2 2 69 1
1 2 2 75 1
1 2 1 62 2
1 2 1 54 2
1 2 1 59 2
3 2 1 64 2
3 2 2 53 1
3 2 2 56 1
1 2 2 75 1
3 2 2 78 1
1 2 1 66 4
1 2 2 67 3
1 2 2 89 1
1 2 1 82 3
1 2 2 80 1
1 2 1 62 1
1 2 1 66 3
1 2 2 59 1
1 2 2 62 2
1 2 2 64 3
1 2 1 64 2
1 2 1 69 1
1 2 2 65 1
1 2 1 51 1
1 2 1 63 1
1 2 1 52 1
1 2 2 53 1
1 2 1 72 1
3 2 2 71 1
3 2 1 75 1
3 2 1 55 1
1 2 2 55 1
1 2 1 64 1
1 2 1 86 1
1 2 1 66 1
1 2 1 57 1
1 2 2 62 3
1 2 1 50 1
1 2 1 57 1
1 2 1 65 5
3 2 2 69 1
1 2 1 63 1
1 2 2 69 2
1 2 2 66 1
3 2 1 57 1
3 2 1 61 2
3 2 1 54 1
1 2 2 63 3
1 2 1 54 2
1 2 1 66 1
1 2 2 50 2
1 2 1 88 1
1 2 2 72 1
1 2 1 63 1
1 2 2 61 1
1 2 1 60 1
3 2 1 73 1
3 2 1 65 1
3 2 1 58 1
3 2 1 55 1
3 2 2 65 1
1 2 2 69 1
1 2 2 52 1
1 2 1 79 1
1 2 2 55 1
1 2 1 64 3
1 2 1 71 1
1 2 1 58 1
3 2 1 58 1
3 2 1 68 1
1 2 1 24 1
1 2 2 63 1
3 2 1 64 1
3 2 2 45 1
1 2 2 58 1
1 2 1 68 5
1 2 1 63 1
1 2 2 65 2
1 2 2 71 1
1 2 2 76 1
1 2 2 49 2
1 2 2 73 1
1 2 1 67 3
1 2 2 62 1
1 2 1 66 2
3 2 1 56 1
3 2 1 66 2
1 2 1 69 1
1 2 1 59 1
1 2 1 64 9
3 2 1 62 1
1 2 2 55 1
1 2 2 69 1
1 2 1 55 1
1 2 1 69 2
1 2 2 55 1
1 2 1 69 3
1 2 1 78 1
1 2 1 60 3
1 2 1 64 5
1 2 1 51 1
1 2 2 70 1
3 2 1 47 1
1 2 1 59 1
1 2 1 61 3
1 2 1 53 1
1 2 2 66 2
1 2 2 57 1
3 2 1 60 1
3 2 1 64 1
1 2 1 61 2
1 2 2 64 4
1 2 2 68 2
1 2 2 89 1
1 2 1 64 1
1 2 1 78 1
1 2 2 57 1
1 2 2 65 2
1 2 2 73 2
1 2 1 66 2
3 2 1 69 1
1 2 1 80 1
1 2 1 59 1
1 2 1 72 1
1 2 1 53 3
1 2 1 83 1
1 2 1 69 1
3 2 2 44 1
3 2 2 63 1
3 2 1 65 1
1 2 2 63 1
1 2 2 63 1
1 2 1 60 3
1 2 2 52 1
1 2 2 53 2
1 2 1 53 2
1 2 1 62 3
1 2 2 67 1
1 2 2 25 1
1 2 1 63 2
1 2 2 69 1
3 2 1 64 2
3 2 2 55 1
1 2 2 50 2
1 2 2 71 1
1 2 2 60 1
1 2 2 88 1
3 2 1 73 1
3 2 1 66 1
3 2 2 34 1
1 2 2 66 2
1 2 1 77 1
1 2 1 70 1
1 2 2 66 1
1 2 2 67 3
1 2 2 69 3
1 2 1 52 1
1 2 1 53 1
1 2 2 68 2
1 2 1 58 1
1 2 2 75 1
1 2 1 73 1
1 2 2 58 1
1 2 2 72 1
1 2 1 58 1
1 2 2 73 4
3 2 1 81 1
1 2 1 55 1
3 2 1 68 1
3 2 2 60 2
1 2 2 61 1
1 2 1 54 1
1 2 1 58 1
1 2 1 70 1
1 2 1 60 1
1 2 1 70 1
1 2 2 71 1
3 2 1 68 2
1 2 1 34 1
1 2 1 71 2
1 2 1 67 1
1 2 2 46 1
1 2 1 61 1
3 2 2 49 1
1 2 2 67 1
1 2 1 62 1
1 2 2 69 1
1 2 1 66 1
1 2 2 64 1
1 2 2 60 1
1 2 2 68 1
3 2 1 65 1
3 2 1 68 1
1 2 1 54 1
1 2 1 50 1
1 2 1 62 5
2 2 1 63 1
1 2 2 51 1
1 2 2 64 1
3 2 1 58 1
3 2 2 68 1
3 2 1 77 1
1 2 2 68 1
1 2 1 62 1
1 2 1 75 1
1 2 1 58 1
1 2 2 67 2
1 2 2 71 1
1 2 2 76 1
1 2 1 54 1
1 2 1 57 1
1 2 1 72 2
1 2 2 64 1
1 2 2 58 2
1 2 2 61 3
1 2 1 69 1
1 2 2 61 1
1 2 2 66 3
3 2 1 72 1
3 2 2 70 1
1 2 1 61 3
1 2 1 64 3
1 2 1 67 1
1 2 1 62 1
1 2 1 79 2
1 2 1 66 3
1 2 1 62 1
3 2 2 67 1
3 2 2 76 1
3 2 2 46 1
3 2 1 66 1
1 2 1 59 2
1 2 1 63 4
1 2 2 66 1
1 2 2 71 3
3 2 1 56 1
1 2 1 62 2
1 2 1 63 1
3 2 2 38 2
1 2 2 66 1
1 2 1 61 1
1 2 2 70 1
1 2 2 61 1
1 2 2 62 3
3 2 1 61 2
3 2 1 70 1
3 2 2 66 2
3 2 2 67 2
1 2 1 60 1
1 2 1 66 1
1 2 1 77 1
1 2 2 72 1
1 2 2 44 1
1 2 1 56 1
1 2 1 61 7
1 2 1 67 1
1 2 2 52 1
1 2 1 58 2
1 2 1 54 1
1 2 1 65 3
1 2 1 55 1
1 2 2 48 1
1 2 2 55 1
1 2 2 68 3
1 2 2 65 1
1 2 1 64 2
1 2 1 60 2
1 2 2 52 1
1 2 2 54 1
1 2 2 59 1
1 2 2 70 3
1 2 1 52 2
1 2 1 66 3
1 2 2 60 2
1 2 2 65 6
1 2 1 65 1
1 2 2 72 1
1 2 2 67 1
3 2 1 69 2
3 2 2 51 1
1 2 1 62 4
1 2 1 55 1
1 2 1 68 1
1 2 2 65 3
1 2 2 57 2
1 2 2 63 3
1 2 2 57 1
3 2 2 58 1
1 2 2 58 1
1 2 2 60 2
1 2 2 68 2
1 2 2 72 1
1 2 1 63 2
1 2 2 49 1
3 2 1 63 1
3 2 1 48 1
3 2 1 62 2
1 2 1 59 1
1 2 2 70 1
1 2 2 60 1
1 2 2 81 1
1 2 1 59 1
1 2 2 56 1
1 2 1 65 2
3 2 1 66 1
2 2 1 71 1
1 2 1 51 1
1 2 1 57 2
1 2 1 65 3
1 2 1 88 1
1 2 1 64 1
3 2 2 69 1
3 2 1 59 1
3 2 2 65 1
3 2 1 61 1
1 2 2 64 1
1 2 1 66 3
1 2 1 56 2
1 2 1 60 1
1 2 2 71 1
1 2 2 70 1
1 2 1 88 1
1 2 2 60 1
1 2 2 41 1
1 2 2 56 2
1 2 2 60 4
1 2 2 70 1
1 2 1 48 1
1 2 2 70 2
3 2 1 73 2
1 2 2 64 4
1 2 1 62 3
1 2 1 68 3
1 2 2 73 1
1 2 1 71 1
1 2 1 54 2
1 2 2 67 1
3 2 1 76 1
3 2 2 76 1
1 2 1 67 5
3 2 2 51 1
3 2 1 73 2
1 2 1 70 1
1 2 2 66 1
1 2 1 65 5
1 2 2 57 1
1 2 1 67 2
1 2 2 59 2
1 2 1 63 1
1 2 2 79 1
1 2 2 68 1
3 2 1 60 2
1 2 2 59 3
1 2 1 71 1
1 2 2 53 1
1 2 2 63 3
1 2 2 51 1
1 2 2 59 2
1 2 1 68 2
1 2 2 81 1
3 2 2 64 1
3 2 2 58 1
3 2 1 60 1
1 2 2 53 1
1 2 2 63 1
1 2 2 78 1
1 2 1 60 3
1 2 1 71 1
1 2 2 66 1
1 2 1 66 5
3 2 2 73 1
2 2 1 72 1
1 2 2 56 1
1 2 2 65 1
1 2 2 65 1
3 2 2 50 1
3 2 1 69 2
1 2 2 60 2
1 2 2 50 2
1 2 1 61 1
1 2 2 55 2
1 2 2 67 2
1 2 2 70 2
1 2 2 74 1
1 2 1 52 1
3 2 1 62 2
3 2 2 68 1
1 2 2 52 1
1 2 1 62 4
1 2 1 52 1
1 2 1 63 4
1 2 1 64 7
1 2 2 62 2
1 2 1 69 1
3 2 2 48 1
1 2 1 61 2
1 2 1 75 1
1 2 2 71 2
1 2 2 72 2
1 2 2 68 2
1 2 1 46 1
1 2 2 51 2
1 2 2 60 1
1 2 2 67 2
1 2 1 65 3
3 2 1 59 1
1 2 2 65 6
1 2 2 56 1
1 2 1 69 1
1 2 2 55 2
1 2 2 57 1
3 2 1 76 1
3 2 2 63 1
3 2 1 75 1
1 2 2 53 1
1 2 1 58 1
1 2 2 47 1
1 2 1 57 1
1 2 2 62 2
1 2 1 49 1
1 2 1 76 1
1 2 1 65 4
1 2 2 63 3
3 2 2 72 1
1 2 2 55 1
1 2 2 66 2
1 2 1 66 1
1 2 1 46 1
1 2 1 72 3
1 2 1 56 1
1 2 1 61 1
1 2 1 71 1
1 2 2 66 4
1 2 1 64 1
1 2 1 69 1
1 2 1 56 1
1 2 2 62 2
1 2 2 66 1
1 2 1 68 2
1 2 1 61 1
1 2 1 71 1
1 2 1 57 1
1 2 2 71 1
3 2 2 64 1
3 2 1 64 1
1 2 1 61 1
1 2 1 53 1
1 2 2 66 1
1 2 2 69 1
1 2 1 59 1
1 2 1 59 2
1 2 1 63 5
1 2 2 66 2
1 2 2 65 2
1 2 2 75 1
1 2 1 71 1
1 2 2 53 1
1 2 1 60 3
1 2 2 56 3
1 2 1 65 1
3 2 2 51 1
3 2 1 64 1
3 2 2 62 1
3 2 2 58 1
1 2 1 63 8
1 2 2 75 2
1 2 1 67 2
1 2 1 85 1
1 2 2 55 1
1 2 1 77 1
1 2 2 63 4
1 2 2 64 2
1 2 1 57 1
1 2 1 58 2
1 2 1 60 2
1 2 2 54 3
1 2 2 66 2
1 2 1 59 1
1 2 2 47 2
1 2 2 48 1
1 2 2 68 5
1 2 1 63 2
1 2 2 63 4
1 2 1 77 1
3 2 1 50 1
1 2 2 54 1
3 2 1 64 1
1 2 1 57 2
1 2 1 80 1
1 2 2 70 1
1 2 1 63 2
1 2 2 61 3
1 2 2 68 3
1 2 2 56 4
1 2 1 48 1
1 2 1 70 2
3 2 2 48 1
3 2 1 48 1
3 2 1 56 1
1 2 2 71 1
1 2 1 50 1
1 2 1 70 1
1 2 1 65 2
1 2 1 83 1
1 2 2 66 1
1 2 1 56 1
3 2 1 71 1
1 2 1 82 1
1 2 2 69 1
3 2 1 57 1
1 2 1 56 1
1 2 2 60 1
1 2 2 79 1
1 2 1 67 3
1 2 2 58 1
1 2 2 64 2
1 2 1 67 1
1 2 1 76 1
3 2 1 80 1
1 2 2 57 1
1 2 1 83 1
1 2 2 74 1
1 2 1 59 2
1 2 1 62 4
1 2 2 56 1
1 2 2 50 1
1 2 2 68 3
1 2 2 55 3
1 2 2 54 1
1 2 2 70 1
1 2 1 52 1
1 2 2 77 1
1 2 2 64 1
1 2 2 65 1
1 2 2 60 1
1 2 2 64 2
1 2 1 63 3
1 2 1 64 3
1 2 1 60 1
1 2 2 61 1
1 2 2 64 1
1 2 2 64 2
1 2 2 65 1
1 2 2 52 3
1 2 2 61 6
1 2 2 74 1
1 2 2 56 1
1 2 2 63 1
1 2 1 66 1
1 2 2 62 1
1 2 2 68 1
1 2 1 49 1
1 2 1 60 1
1 2 1 61 4
1 2 1 73 1
1 2 2 69 2
1 2 2 66 2
1 2 2 63 1
1 2 1 59 1
1 2 2 64 4
1 2 1 64 2
1 2 2 66 1
1 2 1 63 2
1 2 2 54 1
1 2 2 48 1
1 2 1 61 1
1 2 1 62 2
1 2 1 55 1
3 2 1 61 1
3 2 1 57 1
3 2 1 63 1
1 2 1 80 1
1 2 1 72 1
1 2 2 64 2
1 2 1 48 2
3 2 2 65 1
1 2 2 70 1
1 2 2 51 1
1 2 2 79 1
1 2 1 51 3
1 2 2 75 1
1 2 2 44 1
1 2 2 64 1
1 2 2 62 2
1 2 1 61 2
1 2 2 59 2
1 2 2 66 1
1 2 2 68 1
3 2 1 56 1
1 2 1 59 2
1 2 2 70 1
1 2 2 59 2
1 2 1 63 1
1 2 2 61 2
1 2 1 61 4
1 2 2 60 1
1 2 1 65 1
1 2 2 48 1
1 2 1 61 3
1 2 1 60 1
1 2 1 66 1
1 2 2 60 1
1 2 2 79 1
1 2 2 65 2
1 2 2 65 2
1 2 2 54 1
1 2 2 69 1
1 2 1 63 1
1 2 1 67 1
1 2 2 60 1
1 2 2 66 1
3 2 2 69 1
3 2 1 62 1
3 2 1 68 1
1 2 1 63 1
1 2 2 61 1
1 2 1 65 1
1 2 1 68 1
1 2 2 68 1
1 2 1 62 1
1 2 1 65 2
1 2 1 50 2
1 2 1 62 4
1 2 1 72 1
1 2 2 66 2
1 2 1 75 1
3 2 1 62 1
3 2 2 51 1
3 2 1 67 1
3 2 1 63 1
1 2 2 56 1
1 2 1 74 2
1 2 1 87 1
1 2 2 66 3
1 2 1 57 1
1 2 1 63 3
1 2 2 73 1
3 2 1 53 1
3 2 1 76 1
3 2 2 61 2
3 2 2 56 1
1 2 2 59 1
1 2 1 70 2
1 2 2 68 1
1 2 1 67 2
1 2 2 67 3
1 2 2 22 1
1 2 2 58 1
1 2 2 65 5
1 2 2 67 1
1 2 2 76 1
3 2 1 77 1
3 2 2 66 1
3 2 1 75 2
1 2 1 60 1
1 2 1 58 1
1 2 1 70 1
1 2 1 56 1
1 2 1 67 1
1 2 1 50 1
1 2 1 70 1
1 2 2 65 1
1 2 1 61 3
1 2 1 64 3
1 2 1 69 3
3 2 1 78 1
1 2 1 62 3
1 2 2 46 1
1 2 1 63 6
1 2 2 50 1
1 2 2 59 1
1 2 2 72 1
1 2 1 61 2
3 2 1 61 1
1 2 2 62 1
1 2 1 67 2
1 2 2 71 1
1 2 2 68 1
1 2 1 69 2
1 2 1 67 1
1 2 2 69 1
1 2 1 79 2
1 2 1 67 1
1 2 1 68 1
1 2 1 86 1
1 2 2 75 1
1 2 2 48 1
1 2 2 55 2
1 2 1 88 1
1 2 2 72 1
3 2 1 62 1
3 2 2 56 2
3 2 1 56 1
3 2 1 67 1
1 2 1 81 1
1 2 1 65 2
1 2 2 68 2
1 2 1 65 3
1 2 1 63 1
1 2 2 67 3
1 2 1 70 1
1 2 1 46 1
2 2 1 74 1
3 2 2 59 1
1 2 1 61 1
3 2 1 74 1
1 2 2 61 2
1 2 2 49 3
1 2 2 53 1
1 2 1 69 1
1 2 2 69 3
1 2 2 73 1
1 2 2 61 2
1 2 2 80 1
1 2 2 53 1
1 2 2 50 1
1 2 1 65 4
1 2 2 67 3
1 2 2 62 1
1 2 1 65 3
1 2 1 54 1
1 2 1 63 1
1 2 1 58 1
1 2 1 65 3
1 2 2 68 2
1 2 2 81 1
1 2 1 57 1
1 2 1 70 1
1 2 1 74 1
1 2 2 65 1
1 2 1 69 1
1 2 1 67 1
1 2 1 50 2
1 2 2 58 4
1 2 2 53 2
1 2 2 69 1
1 2 1 60 1
1 2 1 61 7
1 2 1 75 1
1 2 1 67 1
1 2 2 61 2
1 2 2 59 1
1 2 2 67 1
1 2 1 68 2
1 2 1 67 2
1 2 2 70 1
1 2 1 51 2
1 2 1 62 2
1 2 2 54 2
1 2 2 66 5
1 2 1 52 1
1 2 1 58 1
1 2 1 66 2
1 2 2 24 1
1 2 1 51 1
1 2 1 60 1
1 2 1 65 2
1 2 2 66 1
1 2 1 71 1
1 2 2 65 2
3 2 1 59 1
3 2 1 66 1
3 2 2 75 1
1 2 1 58 3
1 2 1 76 2
1 2 1 79 1
1 2 1 64 2
1 2 1 58 4
1 2 1 74 1
1 2 1 68 1
1 2 2 70 1
3 2 2 62 1
1 2 2 63 3
1 2 2 64 2
1 2 1 68 4
3 2 1 65 1
3 2 2 69 1
3 2 1 68 2
3 2 1 65 1
1 2 1 65 2
1 2 2 59 1
1 2 1 53 2
1 2 1 88 1
1 2 2 52 3
1 2 2 73 1
1 2 2 66 1
1 2 1 69 2
1 2 1 52 1
1 2 1 66 1
1 2 1 69 1
1 2 1 27 1
1 2 1 66 1
1 2 2 56 2
1 2 2 55 2
1 2 2 50 1
1 2 1 65 6
1 2 1 67 4
1 2 1 62 2
1 2 2 48 1
1 2 1 65 2
1 2 1 80 1
1 2 2 74 1
1 2 2 86 1
1 2 1 60 2
1 2 1 60 4
1 2 1 61 3
1 2 1 62 3
1 2 2 60 2
3 2 1 63 1
3 2 2 63 1
2 2 1 73 1
1 2 2 68 1
1 2 2 62 4
3 2 2 79 1
1 2 1 68 1
1 2 1 66 1
3 2 1 68 1
3 2 1 70 1
3 2 2 81 1
1 2 1 64 1
1 2 2 71 1
1 2 2 62 2
1 2 2 65 2
1 2 2 52 1
3 2 2 54 1
1 2 1 68 2
1 2 2 62 1
1 2 1 53 1
1 2 1 64 1
1 2 1 65 1
1 2 1 64 1
1 2 1 72 1
3 2 1 68 1
3 2 2 64 1
3 2 1 68 2
1 2 2 73 1
1 2 1 66 2
1 2 1 86 1
1 2 2 73 1
1 2 1 72 1
1 2 1 47 1
1 2 1 40 1
1 2 2 51 3
1 2 2 58 2
1 2 1 60 3
1 2 2 67 1
1 2 2 45 1
1 2 1 65 2
1 2 1 70 1
1 2 1 83 1
1 2 1 54 1
1 2 1 69 3
1 2 1 70 1
1 2 2 56 1
1 2 2 60 2
3 2 1 63 2
3 2 1 64 1
3 2 2 72 1
1 2 1 60 1
3 2 1 81 1
1 2 2 50 1
1 2 2 67 1
1 2 2 74 2
1 2 1 65 4
1 2 2 60 2
1 2 1 59 3
1 2 2 51 1
1 2 2 61 4
1 2 2 59 1
1 2 1 56 1
1 2 1 64 1
1 2 1 51 1
1 2 1 63 2
1 2 1 62 3
1 2 2 61 2
1 2 2 68 1
3 2 2 62 2
3 2 2 61 1
1 2 1 68 1
1 2 2 67 1
1 2 2 62 1
1 2 1 66 2
1 2 1 68 1
3 2 2 63 1
3 2 2 59 1
1 2 1 66 1
1 2 1 55 1
1 2 1 60 2
1 2 1 68 1
1 2 1 55 1
1 2 1 62 2
1 2 1 68 1
1 2 2 67 1
3 2 2 70 1
3 2 2 62 1
3 2 2 75 2
3 2 1 60 1
3 2 2 63 1
1 2 1 62 1
1 2 1 65 1
1 2 1 71 1
1 2 2 70 1
1 2 1 64 3
1 2 1 48 1
1 2 1 66 5
1 2 2 63 1
1 2 2 89 1
3 2 1 63 1
3 2 2 67 1
3 2 1 61 1
3 2 2 51 3
1 2 2 64 1
1 2 2 61 2
1 2 2 65 1
1 2 1 70 1
1 2 1 65 1
3 2 1 58 2
3 2 2 67 1
3 2 1 61 1
1 2 1 67 6
1 2 2 77 1
1 2 2 73 1
1 2 2 69 1
1 2 2 63 1
1 2 1 65 1
1 2 2 65 2
1 2 1 72 1
1 2 1 78 1
3 2 1 67 1
1 2 1 59 1
3 2 2 68 1
3 2 1 57 1
3 2 2 67 1
1 2 1 64 1
1 2 1 68 2
1 2 1 67 4
1 2 2 62 2
1 2 2 59 2
1 2 1 55 1
1 2 2 48 1
1 2 2 62 1
1 2 2 68 1
1 2 1 68 1
1 2 1 61 1
3 3 1 66 1
1 3 1 66 1
1 3 2 67 1
1 3 1 52 1
1 3 2 52 1
1 3 2 60 1
1 3 2 62 1
1 3 2 73 1
1 3 2 78 1
1 3 2 65 1
3 3 2 91 1
1 3 2 88 1
1 3 2 50 2
1 3 2 57 2
1 3 1 67 1
3 3 2 71 1
1 3 1 63 2
1 3 1 69 2
3 3 2 42 1
1 3 2 76 2
1 3 2 66 2
1 3 1 79 1
3 3 1 57 1
3 3 2 61 1
1 3 1 70 1
1 3 1 65 2
1 3 1 52 1
1 3 1 64 1
2 3 2 73 1
1 3 2 67 1
1 3 2 65 2
1 3 1 85 1
3 3 1 69 1
1 3 1 62 1
1 3 1 77 1
1 3 2 64 2
1 3 1 59 1
3 3 2 66 1
1 3 1 62 1
1 3 1 84 1
1 3 2 66 1
1 3 1 66 1
1 3 1 66 1
1 3 1 72 1
3 3 1 72 1
3 3 2 51 1
1 3 2 74 1
3 3 1 78 1
1 3 1 85 1
1 3 1 65 3
1 3 2 63 2
3 3 2 66 1
1 3 1 48 1
1 3 1 61 3
1 3 1 57 1
1 3 1 69 2
1 3 2 67 1
3 3 1 55 1
3 3 1 61 1
1 3 2 68 1
1 3 2 55 3
1 3 1 60 1
3 3 1 61 1
3 3 2 64 1
1 3 1 65 1
1 3 2 61 1
1 3 2 70 1
1 3 1 64 3
1 3 1 74 1
1 3 1 58 2
1 3 2 62 1
1 3 2 53 1
1 3 1 57 1
1 3 2 69 2
1 3 1 58 2
1 3 2 62 3
1 3 2 53 1
1 3 2 68 1
3 3 2 54 2
1 3 1 84 1
1 3 2 48 1
1 3 2 65 1
2 3 2 70 1
1 3 2 62 1
1 3 1 75 1
1 3 1 55 1
1 3 1 53 1
1 3 1 70 2
3 3 2 73 1
3 3 1 65 1
1 3 2 60 1
1 3 1 61 1
1 3 1 70 1
1 3 2 66 1
1 3 2 76 1
3 3 2 57 1
1 3 2 70 1
1 3 2 72 1
3 3 1 43 1
3 3 1 49 1
1 3 2 54 1
1 3 2 62 1
1 3 2 65 1
1 3 1 60 1
1 3 2 89 1
1 3 1 69 2
3 3 2 45 1
3 3 1 64 2
1 3 1 59 2
1 3 1 68 1
1 3 2 67 1
1 3 1 76 1
1 3 2 64 4
1 3 2 65 2
1 3 1 80 1
1 3 2 52 1
3 3 1 48 1
1 3 1 64 1
1 3 1 65 2
1 3 2 71 1
1 3 1 65 1
3 3 1 66 1
1 3 2 86 1
1 3 1 64 1
1 3 2 76 1
1 3 2 77 1
1 3 2 60 1
1 3 2 63 2
1 3 2 67 1
1 3 2 90 1
1 3 2 75 1
1 3 1 65 3
1 3 2 68 3
1 3 1 61 1
3 3 1 66 7
3 3 1 86 1
1 3 1 57 2
1 3 2 56 1
1 3 1 66 3
1 3 1 63 1
1 3 1 60 3
1 3 1 66 3
1 3 1 71 1
1 3 2 55 1
1 3 1 66 1
1 3 2 66 1
1 3 1 65 1
1 3 1 68 1
1 3 1 74 2
1 3 2 68 1
1 3 1 69 1
1 3 1 65 1
1 3 1 60 1
1 3 1 65 1
1 3 1 52 1
1 3 1 64 1
1 3 2 50 1
3 3 2 66 1
1 3 1 69 1
1 3 2 61 1
3 3 1 65 1
3 3 2 64 4
3 3 2 89 1
3 3 2 74 1
1 3 1 80 1
1 3 1 51 1
1 3 2 56 2
1 3 2 67 1
1 3 1 63 2
1 3 1 65 1
1 3 1 71 1
1 3 1 58 1
1 3 1 51 1
1 3 2 63 3
3 3 1 75 1
3 3 1 66 1
1 3 1 62 1
1 3 1 63 1
1 3 2 63 1
1 3 2 56 1
3 3 1 58 1
3 3 2 49 2
1 3 1 66 2
1 3 2 94 1
1 3 1 76 1
1 3 2 59 2
1 3 2 61 1
1 3 1 83 1
1 3 1 84 1
1 3 1 70 1
1 3 2 62 2
1 3 2 64 1
3 3 1 65 1
1 3 2 68 1
1 3 1 68 1
1 3 1 63 4
1 3 1 86 1
1 3 2 84 1
3 3 2 59 1
1 3 1 58 2
1 3 1 63 3
1 3 1 67 1
1 3 2 69 1
1 3 2 65 1
1 3 1 60 1
1 3 1 70 1
3 3 2 61 1
1 3 1 66 1
1 3 1 58 1
1 3 1 62 1
1 3 1 64 1
1 3 2 56 3
1 3 2 65 1
1 3 2 70 3
1 3 1 47 1
3 3 1 66 1
1 3 2 64 1
1 3 2 68 1
1 3 1 75 2
1 3 1 81 2
1 3 1 63 1
1 3 1 62 3
1 3 2 44 1
3 3 2 53 1
1 3 2 64 1
1 3 1 65 2
1 3 1 62 4
3 3 2 65 1
3 3 1 86 1
1 3 1 53 1
1 3 1 73 2
1 3 1 63 1
1 3 1 54 1
1 3 1 66 1
1 3 2 90 1
1 3 2 67 1
1 3 1 63 1
1 3 1 71 1
1 3 1 59 2
1 3 1 59 2
1 3 2 63 2
1 3 1 49 1
1 3 2 64 1
1 3 1 65 4
1 3 1 66 1
1 3 1 77 2
1 3 1 48 1
3 3 1 59 2
3 3 1 73 1
3 3 1 58 2
1 3 1 61 1
3 3 1 69 1
3 3 2 60 2
1 3 1 68 1
1 3 2 71 1
1 3 1 60 1
1 3 1 62 1
1 3 2 68 1
1 3 1 48 1
3 3 2 68 1
1 3 2 78 1
1 3 1 67 1
1 3 1 71 1
1 3 1 66 1
3 3 1 56 1
3 3 1 60 1
3 3 2 60 1
2 3 1 78 1
1 3 2 59 1
1 3 1 61 3
1 3 2 71 1
1 3 1 59 1
1 3 1 63 3
1 3 2 63 3
3 3 1 87 1
1 3 1 55 1
1 3 2 72 1
3 3 2 49 2
1 3 2 71 1
1 3 1 73 2
1 3 1 66 1
1 3 1 60 1
1 3 1 72 1
1 3 2 66 5
2 3 2 74 1
1 3 1 63 1
1 3 1 46 1
1 3 1 63 3
1 3 1 65 2
1 3 1 65 1
1 3 1 72 1
1 3 2 65 1
1 3 1 58 1
1 3 1 67 3
1 3 1 83 1
1 3 1 63 2
1 3 1 72 1
3 3 1 61 2
1 3 1 60 2
1 3 2 65 3
1 3 2 60 1
1 3 1 65 1
1 3 2 63 1
1 3 1 63 3
1 3 1 71 1
1 3 1 83 1
1 3 1 76 1
1 3 2 64 1
1 3 1 56 2
1 3 1 68 1
3 3 1 66 1
1 3 1 64 1
1 3 1 52 1
1 3 2 54 1
1 3 1 64 3
1 3 2 61 1
1 3 2 55 1
1 3 2 63 2
1 3 1 64 3
1 3 1 60 1
3 3 2 62 3
3 3 2 49 1
1 3 2 62 1
1 3 2 67 1
1 3 2 64 2
1 3 1 60 1
3 3 2 77 1
1 3 1 56 1
1 3 1 67 1
1 3 1 61 1
1 3 1 61 2
1 3 2 70 1
1 3 2 55 2
1 3 2 61 1
3 3 1 70 1
1 3 1 66 1
1 3 1 65 1
1 3 2 63 1
1 3 2 83 1
1 3 2 57 2
1 3 2 61 1
1 3 2 68 1
3 3 2 67 3
3 3 1 63 2
1 3 1 64 1
3 3 2 63 3
1 3 1 64 1
1 3 1 54 2
1 3 1 64 5
1 3 2 65 2
1 3 1 55 2
1 3 1 61 3
1 3 1 52 1
1 3 1 68 3
1 3 2 63 2
1 3 1 59 1
3 3 1 67 1
3 3 1 60 2
3 3 1 49 1
1 3 2 70 2
3 3 1 63 1
3 3 2 57 1
1 3 1 58 2
1 3 1 64 1
1 3 2 53 1
1 3 2 66 2
1 3 1 58 1
1 3 2 61 2
1 3 2 65 2
2 3 2 67 1
1 3 2 81 1
1 3 1 67 2
1 3 1 76 1
1 3 1 72 1
1 3 2 54 2
1 3 2 59 1
1 3 1 56 1
1 3 2 65 1
1 3 1 65 6
3 3 1 50 1
1 3 1 67 3
1 3 1 71 1
3 3 1 54 1
3 3 2 50 3
3 3 1 61 2
1 3 1 52 2
1 3 1 62 4
1 3 1 66 1
2 3 1 76 1
1 3 1 71 1
2 3 2 64 1
3 3 1 63 1
1 3 2 69 1
1 3 1 77 1
1 3 2 72 1
1 3 2 60 1
1 3 2 57 2
1 3 2 76 1
3 3 1 68 4
3 3 1 78 1
3 3 2 50 1
1 3 2 75 1
1 3 1 61 1
1 3 2 62 1
1 3 2 68 1
1 3 2 63 1
1 3 2 71 2
3 3 2 52 1
1 3 1 62 1
1 3 2 83 1
1 3 2 63 1
1 3 1 71 1
1 3 2 78 1
1 3 2 60 1
1 3 1 60 1
1 3 2 66 1
1 3 2 44 1
3 3 2 68 1
3 3 1 62 1
3 3 2 47 2
3 3 2 69 1
1 3 1 78 1
1 3 1 69 1
1 3 1 64 3
1 3 2 57 2
1 3 2 49 1
3 3 1 43 1
1 3 2 78 1
1 3 1 62 1
1 3 2 58 1
1 3 1 65 1
1 3 2 64 2
3 3 1 71 2
1 3 2 70 1
1 3 1 67 3
1 3 1 71 1
1 3 1 68 2
1 3 2 60 4
3 3 1 56 1
3 3 2 56 1
3 3 2 74 1
1 3 1 56 1
3 3 2 63 2
1 3 1 64 2
1 3 2 50 2
1 3 2 74 1
3 3 2 76 1
1 3 2 67 1
3 3 1 54 2
3 3 1 75 2
3 3 1 59 1
3 3 1 51 1
1 3 1 69 1
1 3 1 62 1
1 3 1 68 2
1 3 1 78 1
1 3 1 70 2
1 3 1 73 2
1 3 2 86 1
3 3 1 57 1
3 3 1 54 3
3 3 2 73 2
3 3 1 60 2
1 3 2 71 2
1 3 1 52 1
1 3 2 72 1
1 3 1 60 1
1 3 1 60 1
1 3 1 74 1
1 3 1 63 2
1 3 1 69 1
1 3 1 59 1
1 3 2 64 1
3 3 1 67 1
1 3 1 77 1
1 3 1 64 3
1 3 2 71 1
1 3 1 62 2
3 3 1 66 1
3 3 2 63 2
1 3 2 68 1
3 3 2 55 2
1 3 2 71 1
1 3 1 68 2
1 3 1 78 1
1 3 2 58 1
1 3 1 73 1
1 3 2 68 1
1 3 2 69 1
1 3 1 62 1
1 3 2 31 1
1 3 2 61 1
1 3 1 63 1
1 3 2 68 1
3 3 2 64 1
3 3 2 80 1
1 3 1 64 4
1 3 1 81 1
1 3 1 63 1
1 3 1 58 2
1 3 1 71 1
1 3 2 62 1
1 3 2 51 3
1 3 2 66 1
1 3 2 43 1
3 3 1 65 3
3 3 2 61 6
3 3 2 76 1
1 3 2 64 1
1 3 2 67 1
1 3 2 63 1
1 3 2 65 1
3 3 1 62 1
1 3 2 55 1
1 3 2 64 3
1 3 2 60 1
3 3 2 50 1
1 3 2 63 1
1 3 1 59 1
1 3 1 62 2
1 3 1 60 1
3 3 2 53 1
1 3 2 58 1
1 3 2 66 2
1 3 1 71 1
1 3 1 66 3
1 3 1 50 1
1 3 2 23 1
1 3 2 64 2
1 3 2 65 4
1 3 1 74 1
3 3 1 69 1
3 3 2 65 3
1 3 2 59 2
1 3 1 81 1
3 3 2 62 1
1 3 2 64 1
1 3 1 65 2
1 3 1 55 1
1 3 2 69 1
1 3 1 61 1
1 3 2 59 1
1 3 1 68 1
1 3 1 73 1
1 3 1 78 1
1 3 1 64 1
1 3 2 51 1
1 3 1 51 2
1 3 1 53 1
1 3 2 58 2
1 3 2 53 1
3 3 1 63 1
3 3 2 59 1
1 3 1 59 3
1 3 2 61 3
3 3 2 59 1
3 3 2 68 2
1 3 2 52 1
1 3 1 61 2
1 3 1 74 1
1 3 2 55 2
1 3 2 54 1
1 3 2 66 3
3 3 2 57 1
1 3 2 63 3
1 3 2 67 1
1 3 2 61 1
1 3 2 66 4
1 3 1 61 1
1 3 2 65 2
1 3 1 64 1
1 3 1 49 1
1 3 1 61 1
1 3 2 65 2
1 3 2 70 2
1 3 1 70 1
1 3 2 63 2
1 3 1 68 1
1 3 1 64 1
1 3 1 67 1
1 3 2 48 1
3 3 1 81 1
1 3 1 63 1
1 3 2 69 1
1 3 2 62 1
1 3 1 62 1
1 3 1 89 1
1 3 1 68 2
3 3 1 53 1
1 3 2 52 1
1 3 2 73 1
1 3 1 79 1
3 3 1 65 1
1 3 1 61 1
1 3 1 65 2
1 3 1 60 3
1 3 1 73 1
3 3 2 56 1
3 3 2 75 1
1 3 2 60 1
1 3 1 69 4
1 3 2 70 1
1 3 1 56 1
1 3 1 67 2
1 3 2 63 1
1 3 1 54 1
1 3 2 55 1
1 3 2 54 1
3 3 2 58 2
1 3 1 58 3
1 3 1 64 1
1 3 2 55 1
1 3 2 57 1
1 3 2 67 2
1 3 2 59 1
1 3 2 65 1
1 3 1 67 1
1 3 1 69 1
1 3 2 60 2
1 3 1 59 3
1 3 1 62 6
1 3 1 68 2
3 3 1 62 2
3 3 1 59 2
3 3 2 51 1
3 3 2 55 1
3 3 2 60 1
1 3 2 62 1
1 3 2 58 1
1 3 1 58 1
1 3 2 48 1
1 3 1 72 1
1 3 1 64 3
1 3 2 54 1
1 3 1 57 1
1 3 2 80 1
1 3 1 62 1
1 3 1 70 1
1 3 2 68 1
3 3 2 61 1
3 3 1 69 1
1 3 2 82 1
1 3 1 78 1
1 3 2 71 1
1 3 1 67 1
1 3 1 70 1
3 3 1 72 2
3 3 2 72 1
3 3 2 64 6
3 3 1 54 1
3 3 1 57 1
3 3 2 64 1
1 3 1 63 5
1 3 2 77 1
1 3 2 69 1
1 3 2 63 1
1 3 2 62 1
1 3 1 76 1
1 3 2 63 1
1 3 1 74 1
1 3 2 70 1
1 3 1 65 6
1 3 2 67 1
1 3 1 57 1
1 3 2 52 1
1 3 2 65 6
1 3 1 79 1
3 3 1 60 1
2 3 1 81 1
1 3 1 61 2
1 3 1 69 1
1 3 1 64 2
1 3 2 67 3
1 3 2 56 2
1 3 2 67 1
1 3 2 56 1
3 3 1 68 2
3 3 2 67 1
1 3 1 71 1
1 3 1 61 4
1 3 2 54 1
1 3 1 81 1
1 4 1 64 2
1 4 1 61 4
1 4 2 69 2
1 4 2 71 3
3 4 2 66 1
1 4 1 61 1
1 4 2 62 3
1 4 1 69 1
3 4 1 74 1
3 4 2 59 1
1 4 2 66 1
1 4 1 71 1
3 4 2 64 1
3 4 1 70 1
3 4 2 64 1
3 4 2 67 1
3 4 2 69 1
1 4 1 81 1
1 4 2 61 2
1 4 2 70 2
1 4 2 46 1
1 4 1 61 1
1 4 2 74 1
1 4 2 80 1
1 4 2 72 1
1 4 1 61 1
3 4 2 51 1
3 4 1 76 1
3 4 2 65 2
1 4 2 63 1
1 4 1 46 2
1 4 2 59 3
1 4 1 69 1
1 4 1 78 1
1 4 2 75 1
1 4 1 66 1
1 4 2 64 1
1 4 1 60 1
1 4 2 81 1
1 4 1 82 1
1 4 1 65 1
1 4 2 60 1
1 4 1 55 1
1 4 1 72 1
1 4 1 65 1
1 4 1 67 2
1 4 2 52 1
1 4 2 53 4
1 4 1 63 1
1 4 1 73 1
3 4 1 55 1
3 4 2 70 1
1 4 1 66 1
1 4 2 63 2
1 4 1 54 2
1 4 1 57 1
1 4 2 72 1
1 4 2 65 5
3 4 1 59 1
3 4 1 71 1
3 4 1 66 1
1 4 2 59 1
1 4 1 56 1
1 4 2 64 1
3 4 2 67 2
3 4 2 63 3
1 4 2 64 2
1 4 2 68 1
1 4 1 68 1
1 4 1 66 1
1 4 1 57 2
1 4 2 76 1
3 4 1 79 1
1 4 1 79 2
1 4 1 73 1
1 4 2 80 1
1 4 1 71 1
3 4 1 68 1
3 4 2 60 1
1 4 2 88 1
1 4 1 77 1
1 4 2 72 1
1 4 2 59 1
1 4 1 60 1
1 4 2 54 3
2 4 1 86 1
3 4 2 69 1
3 4 1 46 1
1 4 2 65 1
3 4 1 92 1
1 4 1 65 1
3 4 2 61 1
1 4 1 70 1
3 4 1 58 1
1 4 2 62 3
1 4 1 52 1
1 4 1 86 1
1 4 1 63 1
3 4 2 60 1
2 4 1 55 1
1 4 1 53 2
1 4 2 57 3
1 4 1 79 1
1 4 1 75 1
1 4 2 68 1
3 4 2 55 1
3 4 2 67 1
1 4 1 71 1
1 4 1 65 1
1 4 1 63 3
1 4 1 71 1
1 4 1 70 1
1 4 1 67 3
1 4 1 69 1
1 4 2 46 1
1 4 1 65 1
1 4 1 70 1
1 4 2 55 1
1 4 1 67 5
1 4 1 62 1
3 4 2 71 1
3 4 1 63 2
1 4 2 49 1
1 4 1 65 1
1 4 2 72 2
1 4 1 51 1
1 4 1 84 1
1 4 2 55 1
1 4 2 60 4
1 4 2 64 3
1 4 2 71 1
3 4 1 76 1
3 4 1 77 1
3 4 1 56 1
1 4 2 54 1
1 4 1 66 4
1 4 1 59 1
1 4 1 52 1
1 4 1 65 5
1 4 1 68 1
1 4 1 68 1
3 4 2 63 1
1 4 2 52 1
3 4 2 45 1
1 4 1 69 1
1 4 1 67 1
1 4 2 73 1
1 4 1 62 5
1 4 1 47 1
1 4 1 66 2
1 4 1 79 1
1 4 2 58 4
1 4 2 61 6
1 4 2 68 4
1 4 1 62 1
1 4 1 61 1
1 4 2 76 1
1 4 2 56 1
1 4 2 62 2
1 4 1 57 2
1 4 1 63 2
1 4 1 64 1
1 4 1 82 1
1 4 1 70 1
1 4 2 72 1
3 4 1 61 2
3 4 1 64 1
1 4 1 65 1
1 4 1 45 1
1 4 2 61 1
1 4 2 66 1
1 4 1 62 1
3 4 2 51 1
3 4 2 60 1
1 4 1 49 1
1 4 1 50 1
3 4 1 69 1
1 4 1 71 1
1 4 1 74 1
1 4 2 69 1
1 4 1 71 1
1 4 1 68 1
1 4 2 69 2
1 4 2 54 1
1 4 1 68 4
3 4 1 70 1
3 4 1 52 1
3 4 1 59 1
1 4 2 80 1
3 4 1 60 1
3 4 1 64 1
3 4 1 70 1
1 4 2 69 1
1 4 1 59 2
1 4 1 70 1
1 4 1 61 1
3 4 1 65 1
3 4 1 67 1
3 4 1 85 1
3 4 1 74 1
1 4 2 55 1
1 4 1 66 6
1 4 2 69 1
1 4 2 62 1
1 4 1 64 3
2 4 2 72 1
1 4 2 62 4
1 4 1 84 1
3 4 2 76 1
3 4 1 81 1
1 4 2 68 1
3 4 1 55 1
1 4 2 65 1
1 4 2 88 1
1 4 1 65 2
1 4 2 65 4
1 4 2 84 1
1 4 1 65 1
1 4 2 55 1
1 4 2 70 1
1 4 2 63 1
2 4 2 72 1
1 4 2 82 1
1 4 1 64 1
1 4 1 68 2
1 4 1 67 1
1 4 1 71 1
1 4 1 64 2
1 4 2 64 1
1 4 1 74 1
1 4 2 56 1
1 4 2 73 2
1 4 2 75 1
3 4 2 75 1
1 4 1 57 1
1 4 1 56 1
3 4 2 62 1
3 4 1 61 2
3 4 2 73 1
1 4 1 78 1
1 4 1 66 1
1 4 1 67 1
1 4 2 71 2
1 4 2 66 2
1 4 1 46 1
1 4 1 64 3
1 4 2 76 1
1 4 2 66 1
1 4 1 56 1
1 4 1 72 1
1 4 2 64 1
1 4 2 62 1
3 4 1 62 1
1 4 1 82 1
3 4 2 68 2
1 4 1 75 1
1 4 1 81 1
1 4 2 76 1
1 4 1 66 3
1 4 1 69 1
1 4 2 48 1
1 4 1 62 2
1 4 1 63 1
1 4 1 54 1
1 4 1 61 2
1 4 1 70 2
1 4 2 72 3
1 4 2 81 1
3 4 1 63 1
1 4 2 61 1
1 4 1 46 1
1 4 2 67 2
1 4 1 23 1
1 4 1 62 1
1 4 1 75 1
1 4 1 56 1
1 4 1 63 1
1 4 1 72 1
1 4 2 60 2
1 4 1 50 2
1 4 2 56 2
3 4 1 80 1
1 4 1 63 1
1 4 1 64 1
3 4 1 84 1
3 4 2 66 2
1 4 1 67 1
1 4 1 68 1
1 4 2 73 1
1 4 1 77 1
1 4 2 66 1
1 4 1 87 1
3 4 1 74 1
3 4 1 82 1
1 4 1 60 1
3 4 1 41 1
3 4 1 59 1
3 4 2 49 1
3 4 2 59 1
1 4 2 73 1
1 4 1 53 1
1 4 1 73 1
3 4 2 70 1
2 4 1 84 1
3 4 2 63 1
3 4 2 81 1
3 4 2 68 3
3 4 1 66 1
3 4 2 72 1
1 4 1 70 1
1 4 2 68 1
2 4 1 77 1
1 4 1 56 1
1 4 1 59 2
1 4 2 67 2
1 4 1 79 2
1 4 1 67 1
1 4 1 67 1
1 4 1 79 2
1 4 2 64 3
1 4 2 51 1
1 4 2 85 1
1 4 1 63 7
1 4 1 87 1
3 4 1 60 1
1 4 2 74 1
3 4 1 58 1
1 4 2 67 1
1 4 2 57 1
1 4 1 69 1
1 4 2 63 4
1 4 1 65 1
1 4 2 66 1
3 4 2 90 1
1 4 1 80 1
1 4 2 68 1
1 4 1 60 1
1 4 1 60 2
1 4 2 58 2
1 4 1 57 1
1 4 1 58 4
1 4 1 60 4
1 4 1 62 5
1 4 1 76 1
1 4 1 57 1
1 4 2 77 1
1 5 1 75 1
3 5 2 63 1
1 5 2 80 1
1 5 1 53 1
1 5 2 52 1
1 5 2 70 1
1 5 2 58 1
1 5 1 67 1
1 5 1 77 1
1 5 1 78 1
1 5 2 66 1
1 5 2 86 1
1 5 1 56 2
1 5 1 60 1
1 5 2 61 1
3 5 1 56 1
3 5 1 67 1
1 5 1 55 1
1 5 2 55 1
1 5 1 68 1
1 5 2 54 1
1 5 1 71 1
1 5 1 65 1
1 5 2 57 1
1 5 1 58 1
1 5 1 70 1
1 5 2 90 1
1 5 1 78 1
1 5 1 64 1
1 5 1 53 1
1 5 1 64 4
1 5 1 63 1
1 5 2 53 1
3 5 2 55 1
1 5 2 64 1
1 5 2 65 2
1 5 2 67 2
1 5 2 69 3
1 5 2 74 2
1 5 1 66 1
1 5 2 68 1
3 5 1 81 1
1 5 2 67 2
1 5 1 54 2
1 5 1 69 1
1 5 2 71 1
1 5 2 64 3
1 5 2 64 2
1 5 1 55 1
1 5 2 67 1
1 5 2 68 1
1 5 1 61 1
1 5 2 62 1
1 5 1 59 1
1 5 2 65 1
2 5 1 74 1
3 5 2 78 1
1 5 2 82 1
1 5 1 65 1
3 5 1 61 1
3 5 1 58 1
3 5 2 70 1
1 5 1 67 3
1 5 2 54 1
3 5 1 56 1
1 5 1 60 1
1 5 2 66 1
1 5 2 69 1
1 5 2 62 1
3 5 2 66 1
1 5 1 81 1
1 5 2 63 1
1 5 2 65 1
3 5 2 56 1
1 5 1 66 2
1 5 2 67 1
1 5 1 67 2
1 5 1 71 1
1 5 1 76 2
1 5 2 60 3
1 5 2 69 1
3 5 1 64 1
1 5 1 66 1
1 5 2 68 1
1 5 2 58 1
1 5 2 69 1
1 5 2 75 1
1 5 1 66 1
1 5 2 79 1
1 5 1 70 1
1 5 1 64 1
1 5 1 65 4
3 5 1 70 1
3 5 1 68 2
3 5 1 53 1
1 5 1 74 1
1 5 1 49 1
1 5 2 71 1
1 5 1 62 1
1 5 1 62 1
1 5 2 69 1
3 5 2 59 1
3 5 2 58 1
3 5 2 50 1
1 5 1 81 1
1 5 2 51 3
1 5 2 55 1
1 5 1 70 1
1 5 2 74 1
1 5 1 63 2
1 5 1 63 1
1 5 2 74 2
1 5 1 75 1
1 5 1 66 1
1 5 2 73 1
3 5 2 54 1
1 5 1 68 3
1 5 2 66 1
1 5 2 64 1
1 5 2 77 1
2 5 1 81 1
3 5 1 77 1
3 5 1 78 1
1 5 1 74 1
1 5 2 75 1
1 5 2 63 2
3 5 1 55 1
3 5 2 68 1
1 5 2 64 2
1 5 1 77 1
1 5 2 61 1
3 5 1 59 2
1 5 1 68 2
1 5 1 68 1
1 5 2 70 1
1 5 2 61 1
3 5 2 44 1
1 5 2 46 1
1 5 1 67 2
1 5 1 70 1
3 5 1 66 2
3 5 2 64 2
1 5 1 67 1
1 5 1 50 2
1 5 1 67 1
1 5 1 65 4
3 5 2 70 1
1 5 1 77 1
1 5 2 51 1
1 5 1 75 2
1 5 2 78 1
1 5 2 72 1
1 5 1 68 1
3 5 2 65 1
1 5 2 68 2
1 5 1 75 1
1 5 1 61 4
1 5 2 68 1
1 5 1 69 2
1 5 2 46 1
1 5 1 65 2
1 5 2 64 1
1 5 1 49 1
1 5 1 44 1
3 5 1 61 1
3 5 2 63 2
1 5 2 72 1
1 5 1 66 1
1 5 2 68 1
1 5 2 62 2
3 5 1 82 1
1 5 1 43 1
1 5 1 63 1
1 5 1 81 2
1 5 2 83 1
1 5 1 51 1
1 5 1 76 1
1 5 1 63 6
1 5 1 63 1
1 5 2 50 1
1 5 1 63 2
1 5 1 65 2
1 5 1 60 1
2 5 1 72 1
1 5 1 86 1
3 5 2 81 1
3 5 1 75 1
1 5 1 81 2
1 5 1 82 1
3 5 1 64 1
3 5 2 60 1
1 5 1 64 1
1 5 1 59 1
1 5 1 52 1
1 5 1 74 1
1 5 1 70 1
1 5 1 51 1
3 5 1 66 2
1 5 1 71 1
3 5 2 69 1
1 5 2 69 1
1 5 2 69 1
3 5 1 58 1
1 5 2 75 1
1 5 2 41 1
1 5 1 66 5
1 5 2 62 2
1 5 2 71 1
1 5 2 62 1
1 5 1 69 1
3 5 2 53 1
3 5 2 60 2
1 5 1 73 2
1 5 1 66 2
1 5 1 57 1
1 5 1 81 1
1 5 1 80 1
1 5 1 86 1
1 5 2 67 1
1 5 2 73 1
3 5 2 64 1
3 5 1 79 1
1 5 1 67 1
1 5 2 52 1
1 5 1 70 1
1 5 2 58 3
1 5 2 65 1
1 5 2 47 1
1 5 2 64 1
1 5 1 66 2
1 5 1 65 1
1 5 1 66 1
1 5 1 86 1
3 5 2 56 1
1 5 1 79 1
3 5 2 63 1
1 5 1 63 1
1 5 2 50 3
1 5 2 72 1
3 5 1 60 1
1 5 1 67 3
1 5 2 63 1
1 5 1 64 1
1 5 2 61 1
1 5 2 70 1
1 5 1 69 1
1 5 2 86 1
3 5 1 51 1
1 5 1 59 1
3 5 2 49 1
1 5 1 65 3
1 5 2 65 2
1 5 1 67 1
1 5 1 62 1
1 5 2 52 1
3 5 2 65 1
1 5 1 67 2
1 5 1 62 1
1 5 2 87 1
1 5 1 84 1
1 5 1 85 1
1 5 1 62 1
3 5 2 58 1
1 5 1 68 1
1 5 2 66 1
3 5 1 60 1
3 5 2 67 2
1 5 2 59 1
1 5 2 76 2
1 5 2 68 2
3 5 2 62 2
1 5 1 76 1
1 5 1 77 1
1 5 2 67 1
3 5 1 64 4
3 5 2 64 1
1 5 1 76 1
1 5 2 65 1
1 5 1 65 3
1 5 2 68 1
1 5 1 78 1
1 5 1 78 1
1 5 2 80 1
1 5 2 64 1
1 5 1 67 1
1 5 2 69 1
1 5 2 74 2
1 5 2 75 1
3 5 1 60 1
3 5 1 69 1
3 5 1 62 4
1 5 1 64 2
1 5 2 48 1
1 5 1 67 1
1 5 1 71 2
1 5 2 73 1
1 5 1 61 3
3 5 1 63 1
1 5 1 80 2
3 5 1 77 1
3 5 1 63 1
3 5 2 67 2
3 5 1 61 2
1 5 1 71 1
1 5 2 63 1
1 5 2 66 1
1 5 2 72 1
1 5 2 78 1
2 5 2 68 1
3 5 1 63 1
1 5 2 74 2
2 5 2 86 1
3 5 2 79 1
1 5 2 63 1
1 5 2 45 1
1 5 2 64 3
3 5 2 69 1
1 5 1 55 1
1 5 2 69 2
1 5 1 64 3
1 5 2 69 1
1 5 2 61 1
3 5 2 44 1
1 5 1 70 1
1 5 2 67 1
1 5 2 71 1
1 5 1 79 1
3 5 1 78 1
1 5 1 72 1
1 5 1 63 1
1 5 1 76 1
1 5 2 63 1
1 5 1 54 1
1 5 2 54 1
1 5 1 61 3
1 5 2 66 1
1 5 1 57 1
1 5 1 59 2
1 5 1 70 2
1 5 2 63 2
1 5 2 73 1
1 5 1 62 2
3 5 2 56 1
1 5 2 65 2
1 5 1 66 4
1 5 2 71 1
1 5 2 84 1
1 5 1 63 3
3 5 2 68 1
1 5 2 54 1
1 5 1 63 1
3 5 2 76 1
1 5 2 63 1
1 5 1 64 2
1 5 2 73 1
1 5 1 69 2
1 5 2 56 1
1 5 2 73 1
3 5 1 74 1
1 5 1 66 1
1 5 1 69 1
3 5 2 59 1
1 5 2 69 1
1 5 1 68 2
1 5 1 56 2
3 5 1 61 1
3 5 2 57 1
1 5 2 70 1
1 5 2 58 1
3 5 2 74 1
1 5 1 77 1
3 5 1 69 1
1 5 2 70 2
1 5 1 49 1
1 5 2 72 1
1 5 1 48 1
1 5 2 57 4
3 5 1 62 1
1 5 2 81 1
1 5 1 73 1
3 5 2 78 1
1 5 2 64 1
1 5 1 74 1
1 5 1 62 1
1 5 1 73 1
1 5 1 51 1
1 5 2 66 1
1 5 1 59 3
1 5 1 60 4
1 5 2 75 2
1 5 2 56 1
1 5 2 59 2
1 5 2 54 1
3 5 1 72 1
3 5 2 61 1
1 5 2 85 1
1 5 1 58 1
1 5 1 65 1
1 5 1 63 1
1 5 2 76 1
3 5 1 76 1
3 5 2 63 1
1 5 2 72 1
3 5 2 61 1
3 5 1 50 1
1 5 2 57 2
1 5 2 75 1
3 5 2 35 1
1 5 2 67 1
1 5 2 70 1
3 5 2 74 1
1 5 2 56 1
3 5 2 71 1
3 5 1 63 2
1 5 2 49 1
1 5 2 80 1
1 5 1 61 1
1 5 1 67 2
3 5 2 83 1
1 5 1 69 1
1 5 2 65 2
3 5 2 57 1
1 5 1 62 1
1 5 1 42 1
1 5 2 69 2
1 5 2 68 1
1 5 1 57 1
3 5 2 59 1
1 5 1 65 2
1 5 1 52 1
1 5 1 64 6
1 5 2 68 3
3 5 1 85 1
1 5 1 71 1
1 5 2 96 1
3 5 2 58 1
3 5 1 62 3
3 5 1 59 2
1 5 2 66 1
1 6 2 61 1
3 6 2 74 1
1 6 1 80 1
1 6 1 69 1
1 6 1 43 1
1 6 2 67 1
1 6 1 77 1
1 6 1 70 1
1 6 2 67 1
1 6 1 71 1
1 6 1 60 1
1 6 2 61 2
1 6 1 70 2
3 6 1 63 1
3 6 2 69 1
1 6 1 68 1
1 6 1 78 1
1 6 1 80 1
1 6 2 60 1
1 6 2 72 1
1 6 2 79 1
1 6 1 68 2
1 6 1 67 1
1 6 1 69 1
3 6 1 63 1
3 6 2 52 3
1 6 1 70 1
1 6 1 84 1
3 6 1 71 1
1 6 1 66 1
1 6 1 82 1
1 6 1 69 1
1 6 1 83 1
3 6 1 66 1
3 6 2 61 2
1 6 2 78 1
1 6 1 76 1
1 6 2 66 1
1 6 1 75 1
1 6 2 71 1
1 6 1 66 2
1 6 1 67 1
3 6 2 69 1
1 6 2 74 1
3 6 2 71 1
3 6 2 65 1
1 6 2 68 1
1 6 1 73 3
1 6 1 78 1
3 6 1 46 1
3 6 2 63 1
1 6 2 64 2
1 6 1 61 4
1 6 2 63 7
1 6 2 69 3
1 6 1 66 1
1 6 1 60 1
1 6 2 58 1
1 6 2 70 1
1 6 2 76 1
1 6 1 82 1
1 6 1 65 1
1 6 2 69 1
1 6 2 70 1
1 6 1 60 1
1 6 2 60 1
1 6 2 64 1
1 6 2 77 1
3 6 1 68 1
1 6 2 72 2
1 6 1 63 1
1 6 1 67 1
3 6 1 70 1
1 6 2 64 2
3 6 1 68 1
1 6 2 67 1
1 6 1 66 1
3 6 2 55 1
1 6 1 68 1
1 6 1 76 1
1 6 2 67 1
1 6 1 63 3
1 6 1 65 4
1 6 2 50 1
1 6 1 70 1
3 6 2 73 1
1 6 1 81 1
1 6 1 71 1
3 6 1 79 1
3 6 2 76 1
1 6 2 83 1
1 6 1 59 3
1 6 1 62 4
1 6 2 56 1
1 6 1 65 1
1 6 1 85 2
1 6 1 71 1
3 6 1 65 1
3 6 2 63 2
1 6 1 68 1
3 6 2 76 1
3 6 1 61 3
1 6 1 69 1
1 6 1 70 1
1 6 1 74 1
1 6 1 75 1
1 6 1 63 1
1 6 1 73 1
1 6 2 67 2
3 6 1 80 2
3 6 1 65 1
1 6 1 76 1
3 6 2 62 2
3 6 2 48 1
1 6 2 65 1
1 6 1 66 1
1 6 2 64 1
1 6 1 78 1
1 6 1 63 1
1 6 1 64 1
2 6 1 68 1
1 6 2 69 1
1 6 2 65 1
3 6 1 66 1
1 6 1 62 1
1 6 1 66 2
1 6 1 78 1
3 6 1 67 3
3 6 2 70 1
1 6 1 64 3
2 6 1 74 1
3 6 1 67 1
1 6 2 72 1
1 6 2 63 1
1 6 2 63 1
1 6 1 60 1
1 6 1 70 1
1 6 2 72 1
1 6 2 68 1
1 6 2 83 1
1 6 1 70 1
1 6 1 65 4
1 6 1 66 1
1 6 1 75 1
3 6 2 43 1
1 6 1 53 1
1 6 1 60 1
1 6 2 68 1
1 6 2 57 1
1 6 1 63 1
1 6 2 68 1
3 6 1 88 1
1 6 1 63 2
1 6 1 76 1
1 6 1 76 1
1 6 1 82 1
3 6 1 59 1
1 6 1 82 1
1 6 2 65 1
1 6 1 70 2
1 6 2 75 1
2 6 1 68 1
1 6 1 61 1
1 6 1 72 1
3 6 2 68 1
1 6 2 66 2
3 6 1 80 1
3 6 2 66 1
3 6 2 47 1
1 6 1 62 1
1 6 1 68 3
1 6 2 68 1
1 6 2 70 1
3 6 2 65 1
1 6 2 69 1
1 6 1 63 1
3 6 2 67 3
3 6 2 60 5
1 6 1 69 1
1 6 2 74 1
1 6 2 59 2
1 6 2 60 3
1 6 1 74 1
1 6 1 75 1
1 6 1 67 1
1 6 1 76 1
1 6 1 63 1
1 6 2 70 1
1 6 1 73 1
1 6 1 79 1
1 6 1 85 1
1 6 1 67 1
3 6 2 72 1
1 6 2 64 1
1 6 1 53 1
1 6 1 79 1
1 6 2 63 2
1 6 2 74 2
3 6 2 67 1
3 6 2 71 1
3 6 2 51 1
1 6 1 64 1
1 6 1 69 1
1 6 2 66 1
1 6 1 54 2
1 6 1 64 2
1 6 1 60 1
1 6 1 76 1
3 6 2 63 1
1 6 2 81 1
3 6 1 69 1
1 6 1 66 1
1 6 1 67 1
1 6 1 83 1
1 6 2 67 2
1 6 1 86 1
1 6 1 64 1
3 6 1 78 1
3 6 1 75 1
1 6 1 72 1
1 6 2 64 1
1 6 2 66 1
1 6 2 68 1
1 6 1 66 1
1 6 2 69 2
1 6 2 67 1
1 6 1 63 1
1 6 1 66 9
1 6 2 62 1
1 6 2 63 1
3 6 2 67 1
1 6 1 78 1
3 6 1 72 1
3 6 1 62 2
1 6 2 68 1
1 6 2 67 1
1 6 1 76 1
1 6 1 46 1
1 6 2 67 2
1 6 2 64 1
1 6 2 85 1
1 6 2 67 1
1 6 1 83 1
1 6 1 82 1
1 6 2 77 1
1 6 1 65 1
1 6 1 61 1
3 6 1 77 1
3 6 1 60 2
3 6 2 72 1
1 6 2 62 1
1 6 1 75 1
1 6 1 78 1
1 6 2 64 1
3 6 1 76 1
2 6 1 87 1
1 6 2 69 1
3 6 2 60 2
1 6 1 68 1
1 6 1 84 1
1 6 2 62 1
1 6 1 71 1
3 6 2 77 1
1 6 1 77 1
1 6 2 63 1
1 6 1 65 1
3 6 2 53 1
1 6 1 64 2
1 6 1 73 1
3 6 1 70 1
1 6 1 62 1
1 6 1 67 2
1 6 2 75 1
3 6 1 64 1
1 6 2 64 1
1 6 1 80 1
1 6 2 71 1
3 6 1 64 2
1 6 2 59 1
1 6 1 68 1
1 6 2 65 3
3 6 2 47 1
1 6 2 65 1
1 6 1 66 2
1 6 2 63 1
3 6 2 64 1
1 6 1 68 1
1 6 2 78 1
1 6 1 57 1
1 6 2 64 1
1 6 2 67 1
1 6 1 62 1
1 6 1 65 1
3 6 2 73 1
3 6 1 73 1
1 6 1 73 1
1 6 2 65 1
1 6 1 61 1
1 6 1 77 2
1 6 2 69 1
3 6 2 42 1
3 6 2 59 1
1 6 2 53 1
1 6 2 68 1
1 6 1 61 1
3 6 1 58 1
1 6 2 60 1
1 6 2 76 1
3 6 2 53 1
1 6 1 52 1
1 6 1 70 1
1 6 1 68 1
1 7 1 64 1
1 7 1 68 4
1 7 2 60 1
1 7 2 66 1
3 7 1 72 1
3 7 1 80 1
1 7 1 77 1
3 7 1 51 1
1 7 2 65 1
1 7 2 74 1
1 7 2 68 2
1 7 2 73 1
1 7 2 67 3
2 7 1 67 1
1 7 1 58 1
1 7 2 77 1
1 7 1 58 1
3 7 2 68 2
1 7 1 61 3
1 7 1 72 1
1 7 1 74 3
1 7 1 63 3
1 7 1 66 4
1 7 2 74 2
1 7 1 66 1
3 7 1 64 10
3 7 2 76 1
3 7 2 63 2
1 7 1 52 1
1 7 1 47 1
1 7 1 82 1
1 7 1 70 3
1 7 2 63 1
1 7 2 70 1
1 7 2 65 3
3 7 1 64 1
3 7 1 71 1
3 7 1 60 3
3 7 1 65 3
1 7 1 65 1
1 7 1 66 2
1 7 2 72 1
1 7 2 74 2
1 7 1 74 1
1 7 2 63 2
3 7 1 72 1
3 7 2 51 1
3 7 1 76 1
1 7 1 64 1
1 7 2 67 3
3 7 1 59 1
3 7 1 79 1
1 7 2 67 1
1 7 2 64 1
1 7 1 65 1
1 7 1 68 1
3 7 2 70 1
3 7 1 77 1
1 7 1 64 5
3 7 2 50 2
1 7 1 68 1
1 7 2 66 1
1 7 1 63 1
3 7 1 58 1
3 7 1 79 1
3 7 2 71 1
3 7 2 52 3
1 7 2 69 1
1 7 2 69 1
1 7 2 61 1
1 7 1 81 1
1 7 1 59 1
1 7 2 59 1
3 7 2 68 2
3 7 1 53 2
1 7 2 70 1
3 7 1 63 1
3 7 2 49 2
1 7 1 78 1
1 7 2 73 1
1 7 1 56 2
1 7 2 70 2
3 7 2 54 1
3 7 2 53 1
1 7 1 81 1
1 7 2 76 1
1 7 2 67 2
1 7 1 72 1
1 7 1 65 2
1 7 2 63 1
1 7 1 58 1
1 7 2 64 1
1 7 2 67 2
1 7 2 66 1
1 7 1 67 2
1 7 1 65 3
1 7 1 71 1
1 7 2 58 1
1 7 1 65 3
1 7 2 63 1
3 7 1 50 1
3 7 2 50 2
1 7 1 69 2
1 7 2 59 1
1 7 2 71 2
1 7 2 76 2
1 7 1 69 1
1 7 1 70 1
1 7 2 62 1
1 7 2 57 1
3 7 2 61 1
1 7 1 84 1
3 7 1 48 2
3 7 1 68 2
3 7 2 65 8
3 7 2 58 2
3 7 2 66 2
1 7 2 50 1
1 7 2 58 1
1 7 1 67 5
1 7 1 62 1
1 7 2 71 1
3 7 2 62 2
1 7 1 60 2
1 7 1 59 1
1 7 2 65 2
3 7 2 61 2
1 7 1 73 1
1 7 1 62 3
1 7 2 64 4
1 7 1 70 1
1 7 2 72 3
3 7 2 57 1
1 7 1 64 1
3 7 1 61 6
3 7 1 60 5
1 7 2 65 1
1 7 1 85 1
1 7 1 74 1
1 7 2 64 3
1 7 2 70 1
1 7 1 64 2
3 7 1 56 3
1 7 1 65 2
1 7 2 61 1
1 7 1 84 1
1 7 2 65 3
1 7 2 59 1
1 7 2 63 1
3 7 2 52 3
1 7 1 72 1
3 7 2 65 1
1 7 2 81 1
3 7 2 47 1
1 7 1 67 1
1 7 1 54 1
1 7 1 78 1
1 7 1 63 1
1 7 2 63 1
1 7 2 67 1
1 7 1 63 2
3 7 1 74 1
3 7 2 65 2
1 7 1 67 1
1 7 1 62 1
1 7 1 72 1
1 7 2 62 1
1 7 1 61 2
1 7 1 66 1
1 7 2 61 1
1 7 2 76 1
1 7 2 69 1
1 7 1 63 1
1 7 1 62 5
3 7 2 51 1
3 7 2 66 1
1 7 2 61 1
3 7 1 78 1
3 7 2 73 1
3 7 2 67 3
1 7 2 62 1
1 7 1 68 1
1 7 2 67 3
1 7 1 67 1
2 7 1 71 1
3 7 1 70 1
1 7 1 71 1
1 7 1 70 1
1 7 1 65 1
1 7 2 63 1
1 7 2 62 2
1 7 2 73 1
1 7 2 83 1
1 7 2 70 1
1 7 1 59 1
1 7 1 71 2
3 7 2 66 1
3 7 2 67 1
1 7 2 68 2
3 7 2 64 5
1 7 1 70 1
1 7 2 67 1
1 7 1 81 1
1 7 1 65 2
1 7 2 65 2
3 7 1 72 1
1 7 1 69 1
1 7 1 61 1
1 7 2 59 1
3 7 2 55 3
3 7 2 62 4
1 7 1 60 4
1 7 2 64 1
1 7 1 73 1
1 7 1 76 2
1 7 2 65 1
3 7 1 56 1
3 7 2 64 1
1 7 1 83 1
3 7 2 60 3
1 7 2 65 1
1 7 2 58 2
1 7 2 56 1
1 7 2 62 1
1 7 2 68 2
1 7 2 75 1
1 7 2 66 1
1 7 1 75 1
3 7 1 63 1
1 7 1 67 3
3 7 2 58 1
1 7 1 67 1
3 7 2 56 2
1 7 1 58 1
1 7 1 57 1
1 7 1 62 1
1 7 2 81 1
1 7 1 64 2
1 7 1 68 1
1 7 1 56 1
1 7 1 75 1
1 7 2 79 1
3 7 2 83 1
1 7 1 76 1
3 7 1 63 6
1 7 1 59 2
1 7 2 69 1
1 7 1 75 1
1 7 1 61 3
1 7 1 75 1
1 7 1 68 2
1 7 1 68 3
1 7 1 65 1
1 7 2 83 1
3 7 1 66 2
3 7 2 51 3
1 7 1 66 1
1 7 1 64 2
1 7 1 60 1
1 7 1 67 1
1 7 1 62 2
1 7 1 75 1
3 7 2 72 1
3 7 1 65 3
3 7 1 67 1
1 7 1 71 1
1 7 2 61 2
1 7 2 68 2
1 7 1 77 1
3 7 1 62 4
3 7 2 81 1
1 7 1 64 2
1 7 1 66 1
1 7 2 67 1
1 7 1 73 1
1 7 1 63 8
1 7 1 66 7
1 7 1 71 2
1 7 1 77 1
1 7 1 68 1
1 7 1 62 1
3 7 1 48 1
3 7 2 60 2
3 7 1 45 1
3 7 2 53 2
1 7 1 75 1
1 7 1 77 1
1 7 2 62 2
1 7 2 68 5
1 7 2 69 1
1 7 2 81 1
1 7 2 65 1
1 7 2 59 1
1 7 2 61 1
1 7 2 70 1
3 7 2 68 1
1 7 1 73 1
3 7 1 70 1
3 7 2 59 2
1 7 1 69 1
1 7 2 63 1
1 7 1 65 6
1 7 2 77 1
1 7 1 62 1
1 7 2 55 1
1 7 1 60 1
1 7 2 83 1
3 7 1 58 1
3 7 1 59 4
1 7 1 68 2
1 7 1 65 1
1 7 2 73 1
1 7 1 64 5
1 7 2 62 1
1 7 1 61 1
1 7 2 59 1
3 7 1 73 1
3 7 1 75 1
1 7 1 61 1
3 7 1 57 2
3 7 2 70 1
1 7 1 76 1
1 7 2 60 1
1 7 2 75 1
1 7 2 77 1
1 7 1 55 1
1 7 1 61 5
1 7 2 67 3
1 7 2 69 4
1 7 2 68 2
1 7 1 74 1
1 8 2 71 2
1 8 2 73 1
3 8 1 60 7
3 8 1 72 1
3 8 2 68 2
1 8 1 64 2
1 8 1 62 1
1 8 1 62 3
1 8 2 63 1
1 8 1 56 1
1 8 1 66 1
1 8 2 75 2
1 8 1 76 1
1 8 2 65 1
3 8 1 58 1
1 8 1 75 1
1 8 1 66 2
1 8 1 75 1
1 8 2 74 1
1 8 2 66 3
1 8 2 69 1
1 8 2 61 1
3 8 2 49 1
3 8 1 48 1
3 8 2 32 1
3 8 2 49 1
1 8 2 65 1
1 8 2 64 2
1 8 2 65 1
1 8 1 76 1
1 8 1 59 4
1 8 1 76 1
1 8 2 76 1
3 8 1 61 4
3 8 1 54 1
1 8 1 67 1
3 8 2 72 1
1 8 1 62 2
1 8 2 78 1
1 8 1 83 1
1 8 1 70 1
1 8 1 76 1
1 8 2 93 1
1 8 1 64 1
3 8 1 73 2
3 8 1 69 1
3 8 1 78 1
1 8 2 65 1
1 8 1 73 1
1 8 1 67 2
1 8 2 59 1
1 8 2 76 2
1 8 1 74 1
1 8 1 80 1
1 8 2 67 1
3 8 1 45 1
1 8 1 68 2
3 8 1 64 1
1 8 2 62 2
3 8 2 66 5
1 8 2 68 1
1 8 1 66 3
1 8 1 56 1
1 8 2 69 2
1 8 1 64 1
1 8 1 85 1
3 8 1 71 1
3 8 2 58 2
3 8 2 72 2
1 8 1 76 1
3 8 1 57 1
1 8 1 80 1
1 8 2 80 1
1 8 2 60 1
1 8 1 74 1
1 8 1 81 1
1 8 2 74 1
1 8 1 70 1
1 8 2 66 2
1 8 2 60 1
1 8 1 79 1
1 8 1 60 1
1 8 2 74 1
1 8 2 84 1
3 8 1 74 1
3 8 2 67 4
1 8 1 68 4
1 8 1 63 2
1 8 2 65 1
1 8 1 53 1
1 8 2 70 2
1 8 1 61 1
1 8 1 70 2
3 8 2 64 1
1 8 2 64 3
3 8 2 62 1
3 8 2 60 1
3 8 1 60 1
1 8 2 74 1
1 8 1 60 1
1 8 1 63 1
1 8 1 74 1
1 8 1 65 4
1 8 2 68 2
1 8 2 51 1
1 8 1 63 1
1 8 2 63 2
3 8 1 73 1
1 8 2 68 1
3 8 1 74 1
1 8 2 70 2
1 8 1 63 1
1 8 1 69 3
1 8 2 62 1
1 8 1 58 1
1 8 1 66 1
1 8 2 63 1
1 8 2 66 1
1 8 2 83 1
3 8 1 43 1
3 8 1 69 1
1 8 2 61 2
1 8 2 60 1
1 8 1 65 1
1 8 2 73 1
1 8 1 75 1
1 8 2 64 2
1 8 2 70 3
3 8 1 55 3
3 8 2 56 3
1 8 2 67 7
1 8 1 66 2
1 8 1 64 1
1 8 1 64 1
1 8 1 53 1
1 8 1 68 1
1 8 2 65 1
3 8 2 68 1
3 8 2 69 1
1 8 1 66 2
1 8 2 70 3
1 8 1 75 1
1 8 2 64 1
1 8 1 67 1
1 8 2 77 1
1 8 2 77 2
3 8 1 81 1
3 8 1 84 1
1 8 2 65 1
3 8 2 71 2
1 8 1 75 1
1 8 1 71 1
1 8 1 68 1
1 8 1 71 1
1 8 1 61 1
1 8 2 67 1
1 8 1 71 2
1 8 2 68 1
1 8 1 65 2
1 8 2 66 1
3 8 2 65 1
1 8 1 81 1
1 8 2 64 3
1 8 2 72 2
1 8 1 75 1
1 8 2 56 1
1 8 2 64 1
1 8 2 68 1
3 8 1 73 1
3 8 1 82 1
3 8 1 62 5
3 8 1 65 3
3 8 1 68 2
1 8 2 69 1
1 8 1 64 1
1 8 1 67 3
3 8 1 59 3
3 8 2 64 2
3 8 2 76 1
1 8 2 63 1
1 8 1 65 1
1 8 2 75 1
1 8 1 66 1
1 8 2 67 1
1 8 1 70 1
3 8 1 70 1
1 8 1 57 1
3 8 1 64 4
3 8 2 54 4
3 8 1 79 1
3 8 1 61 1
1 8 1 80 1
1 8 2 69 1
1 8 1 63 1
1 8 1 82 1
1 8 1 93 1
1 8 2 70 1
1 8 2 67 2
3 8 1 52 1
1 8 1 64 1
1 8 1 68 1
1 8 2 64 1
1 8 1 50 1
1 8 2 62 2
1 8 1 55 1
1 8 1 69 1
1 8 1 72 1
3 8 2 59 1
1 8 1 69 1
3 8 1 53 1
1 8 1 60 1
1 8 2 87 1
1 8 2 49 1
1 8 2 66 1
3 8 2 63 6
1 8 2 66 1
1 8 1 77 1
1 8 1 64 1
1 8 1 65 2
1 8 1 63 3
1 8 2 88 1
1 8 1 64 1
1 8 1 77 1
1 8 1 61 2
1 8 1 63 1
1 8 2 61 1
1 8 2 59 1
1 8 2 66 1
3 8 1 66 3
3 8 1 49 1
3 8 2 83 1
1 8 2 73 1
1 8 2 81 1
1 8 1 54 1
1 8 2 63 1
1 8 2 62 1
1 8 2 69 1
1 8 1 70 1
1 8 2 71 1
1 8 2 64 3
1 8 1 76 1
2 8 2 69 1
1 8 1 73 1
3 8 2 61 6
3 8 2 65 4
1 8 1 64 1
1 8 1 74 1
1 8 1 79 1
1 8 2 68 1
1 8 1 72 1
1 8 2 67 1
1 8 2 77 1
3 8 2 51 3
3 8 2 55 3
1 8 1 68 1
1 8 1 48 1
1 8 2 66 2
1 8 2 65 1
1 8 2 68 1
1 8 1 67 3
1 8 2 78 1
3 8 2 52 5
3 8 2 57 1
1 8 2 71 1
1 8 1 70 2
1 8 2 68 1
1 8 2 84 1
3 8 2 53 2
3 8 2 59 2
1 8 1 64 2
1 8 1 84 1
1 8 1 59 1
1 8 2 71 1
1 8 1 65 1
1 8 1 70 1
1 8 1 64 3
1 8 1 66 3
1 8 1 79 1
1 8 2 61 1
3 8 2 50 1
1 8 1 63 4
1 8 2 60 1
1 8 1 78 1
1 8 2 69 1
1 8 1 74 2
1 8 2 52 1
1 8 2 69 1
2 8 1 76 1
1 8 2 48 1
3 8 1 63 7
3 8 1 50 1
3 8 2 42 2
1 8 1 65 1
1 8 1 67 2
1 8 2 76 1
1 8 1 65 1
1 8 1 73 1
1 8 1 62 2
1 8 1 82 1
1 8 2 65 1
1 8 1 83 1
1 8 2 71 1
1 8 1 83 1
3 8 2 58 1
1 8 2 62 1
1 9 1 67 1
1 9 1 64 1
1 9 1 65 1
3 9 1 62 2
3 9 1 65 2
1 9 1 48 1
1 9 1 64 1
3 9 2 68 1
3 9 1 75 1
3 9 1 52 2
1 9 2 56 1
1 9 2 69 2
1 9 1 89 1
1 9 2 85 1
1 9 1 83 1
1 9 2 62 2
3 9 1 62 1
1 9 2 61 1
1 9 1 61 1
1 9 1 72 2
1 9 1 74 1
1 9 1 67 1
3 9 1 84 1
3 9 2 54 6
1 9 1 77 1
3 9 1 61 1
3 9 1 51 1
3 9 1 67 1
1 9 1 84 1
1 9 1 70 1
1 9 2 84 1
1 9 2 63 1
1 9 1 67 1
1 9 2 73 1
3 9 1 55 1
1 9 2 72 1
3 9 1 60 1
3 9 2 48 1
3 9 2 63 1
3 9 2 50 2
3 9 2 61 1
3 9 1 46 1
1 9 2 66 1
3 9 1 67 1
1 9 1 70 1
1 9 2 63 1
1 9 1 75 1
1 9 1 78 1
1 9 1 65 2
3 9 1 61 5
3 9 2 70 1
1 9 1 66 2
1 9 2 63 2
1 9 2 53 1
1 9 1 67 1
1 9 1 89 1
1 9 2 64 1
3 9 1 80 2
1 9 2 76 1
3 9 2 30 1
3 9 2 67 2
3 9 1 61 1
3 9 2 55 1
1 9 2 67 1
1 9 2 62 1
1 9 1 75 1
3 9 1 49 1
1 9 1 80 1
3 9 2 58 3
3 9 2 67 2
1 9 2 63 1
3 9 2 74 1
3 9 2 42 1
3 9 1 69 1
3 9 2 61 1
1 9 2 70 1
1 9 1 78 1
3 9 2 53 5
3 9 2 57 3
3 9 1 56 1
1 9 2 68 2
1 9 2 60 1
1 9 1 69 2
1 9 2 65 1
3 9 2 64 2
3 9 1 45 1
3 9 2 65 1
1 9 1 79 1
2 9 1 85 1
1 9 1 61 1
3 9 1 42 1
1 9 2 62 1
1 9 2 65 2
1 9 1 78 1
1 9 1 65 1
1 9 2 64 1
1 9 2 82 1
1 9 1 63 1
3 9 1 77 1
1 9 2 61 1
3 9 2 50 1
1 9 1 70 1
1 9 2 61 1
1 9 1 73 1
1 9 2 63 1
1 9 1 71 1
1 9 2 60 1
1 9 2 79 1
1 9 1 72 1
1 9 2 72 1
3 9 1 54 1
3 9 1 50 5
3 9 1 55 2
3 9 1 64 2
3 9 2 51 4
1 9 2 73 1
1 9 1 70 1
1 9 1 79 1
3 9 2 69 1
1 9 1 77 1
3 9 1 67 1
3 9 1 72 1
3 9 1 44 2
1 9 1 66 1
1 9 1 67 1
1 9 1 65 2
1 9 1 79 1
1 9 1 64 1
1 9 2 70 1
3 9 1 46 1
3 9 1 61 1
1 9 1 72 1
1 9 1 83 1
3 9 1 72 1
3 9 1 49 1
1 9 2 72 1
1 9 2 72 1
1 9 1 73 1
1 9 1 67 1
3 9 1 72 1
3 9 2 68 1
1 9 1 68 1
1 9 1 67 1
1 9 1 69 1
1 9 2 68 2
1 9 2 67 1
1 9 2 70 1
1 9 2 67 1
1 9 2 74 1
3 9 2 63 1
3 9 2 73 1
1 9 1 64 1
2 9 1 75 1
1 9 1 57 1
1 9 2 66 1
3 9 2 53 1
3 9 2 75 1
3 9 1 82 1
1 9 1 65 1
1 9 1 66 3
1 9 1 86 1
1 9 1 75 1
3 9 2 64 1
1 9 2 63 1
3 9 1 74 1
3 9 1 58 1
1 9 2 72 1
3 9 2 74 1
1 9 1 72 1
1 9 2 74 1
1 9 2 76 1
3 9 1 78 1
3 9 2 59 1
3 9 1 54 1
3 9 2 66 1
1 9 1 60 1
3 9 1 60 1
3 9 1 53 3
3 9 2 52 10
3 9 1 71 1
3 9 1 58 1
1 9 1 70 1
3 9 1 67 1
1 9 1 74 1
1 9 1 63 1
3 9 1 63 5
3 9 1 65 1
2 9 2 67 1
1 9 1 73 1
3 9 1 75 1
1 9 1 68 1
3 9 2 55 4
3 9 2 56 2
3 9 2 48 1
1 9 1 66 1
1 9 1 78 1
3 9 1 68 1
3 9 1 66 1
3 9 1 67 1
3 9 1 58 1
1 9 1 74 1
1 9 1 74 1
1 9 1 68 1
3 9 1 57 2
3 9 2 60 2
3 9 2 62 2
1 9 1 70 1
1 9 2 63 2
3 9 1 54 1
1 9 2 73 1
3 9 1 66 1
3 9 1 68 1
1 9 1 83 1
1 9 2 70 1
1 9 2 71 1
1 9 1 62 1
1 10 2 65 1
3 10 1 78 1
3 10 1 79 1
3 10 2 43 1
3 10 2 61 1
1 10 1 66 2
1 10 1 67 4
2 10 2 65 1
3 10 1 74 1
3 10 1 80 2
3 10 1 61 4
3 10 1 66 1
3 10 2 53 1
1 10 2 66 1
1 10 1 67 3
1 10 2 70 1
1 10 1 61 1
3 10 2 73 1
1 10 2 79 1
1 10 2 64 1
1 10 1 64 1
3 10 1 71 1
3 10 2 59 1
3 10 1 50 1
1 10 1 55 1
1 10 2 65 3
1 10 2 81 1
3 10 2 64 1
1 10 2 62 1
3 10 2 61 1
1 10 1 65 2
1 10 2 66 1
1 10 1 62 1
1 10 1 68 1
1 10 2 66 1
3 10 1 65 2
3 10 1 79 1
1 10 2 73 1
3 10 2 48 1
3 10 1 59 3
3 10 2 67 1
3 10 2 80 1
1 10 2 68 1
1 10 1 84 1
1 10 2 68 2
3 10 1 55 1
3 10 1 76 2
3 10 1 72 1
1 10 1 60 1
1 10 2 64 3
2 10 1 61 1
1 10 2 63 1
3 10 2 57 1
1 10 1 80 1
3 10 2 59 2
1 10 2 63 2
1 10 2 61 1
3 10 2 72 1
1 10 1 45 1
3 10 1 60 1
1 10 1 63 1
1 10 1 70 2
1 10 1 67 1
1 10 2 60 1
1 10 1 64 2
1 10 1 65 2
1 10 1 70 1
1 10 2 54 1
1 10 2 68 1
3 10 1 54 1
3 10 1 68 1
3 10 1 72 1
1 10 2 65 1
1 10 2 70 2
1 10 1 61 1
3 10 1 66 2
1 10 2 66 1
3 10 2 61 1
1 10 1 65 1
3 10 2 52 1
3 10 2 65 3
3 10 1 69 1
3 10 2 61 2
3 10 1 56 2
1 10 1 64 1
1 10 1 66 2
1 10 1 64 2
1 10 1 84 1
1 10 1 67 3
1 10 2 59 1
1 10 2 69 1
1 10 2 57 1
1 10 2 58 1
1 10 2 65 1
3 10 1 65 3
3 10 2 62 2
3 10 2 63 2
3 10 2 66 1
1 10 1 68 1
1 10 2 80 1
1 10 2 60 1
2 10 2 57 1
3 10 1 80 1
3 10 2 79 1
3 10 1 69 1
3 10 1 70 1
3 10 2 47 1
1 10 1 61 1
1 10 2 63 5
3 10 1 62 1
3 10 2 50 1
3 10 1 71 1
3 10 1 73 1
1 10 2 71 1
1 10 1 63 1
3 10 2 68 2
3 10 1 75 2
3 10 1 64 1
3 10 1 80 2
3 10 1 63 1
3 10 2 64 1
1 10 1 78 1
1 10 2 64 1
3 10 1 65 1
3 10 1 67 1
3 10 1 65 1
1 10 1 68 1
1 10 2 70 2
1 10 1 72 1
3 10 1 47 1
3 10 1 63 1
1 10 1 68 2
1 10 1 72 1
1 10 2 67 1
3 10 1 59 1
3 10 2 62 1
3 10 1 78 1
3 10 2 56 1
1 10 1 61 1
1 10 1 61 2
3 10 2 73 1
3 10 2 67 1
3 10 2 54 1
1 10 1 69 3
3 10 1 58 2
3 10 1 69 3
1 10 1 68 3
1 10 2 67 1
1 10 2 71 1
1 10 1 63 1
1 10 1 58 1
1 10 1 73 1
1 10 1 74 1
1 10 1 60 1
1 10 2 66 1
1 10 1 67 1
3 10 2 65 1
3 10 2 71 1
3 10 2 73 1
1 10 2 79 1
1 10 1 62 1
1 10 1 75 3
3 10 1 68 1
3 10 2 46 1
3 10 2 57 1
3 10 2 41 1
1 10 2 73 1
3 10 1 64 1
1 10 2 53 1
1 10 2 62 3
1 10 1 70 1
3 10 1 67 2
1 10 1 73 1
3 10 2 60 1
1 10 1 79 1
1 10 1 64 1
1 10 1 66 1
3 10 1 83 3
1 10 2 69 1
3 10 1 74 1
3 10 1 44 1
3 10 1 60 2
1 10 1 69 1
1 10 1 50 1
1 11 1 64 1
3 11 1 67 1
3 11 1 67 1
3 11 1 61 1
3 11 2 58 1
3 11 2 67 1
3 11 1 63 4
3 11 2 50 2
1 11 2 59 1
1 11 2 67 1
3 11 1 54 1
1 11 1 62 1
3 11 2 42 1
1 11 2 46 1
1 11 2 77 1
2 11 1 67 1
3 11 1 66 3
3 11 2 63 1
1 11 1 70 1
1 11 2 54 1
3 11 1 78 1
3 11 1 76 2
3 11 2 62 4
1 11 1 51 3
1 11 2 52 1
1 11 2 88 1
1 11 1 74 1
3 11 2 53 2
1 11 2 80 1
1 11 1 66 1
3 11 1 87 1
3 11 1 72 1
1 11 1 68 2
3 11 1 59 1
3 11 1 64 3
3 11 2 65 2
1 11 1 78 1
1 11 2 69 1
1 11 2 47 1
1 11 1 75 1
3 11 1 83 1
3 11 2 54 1
1 11 2 97 1
3 11 2 61 1
2 11 2 60 1
1 11 1 48 1
3 11 2 68 1
1 11 2 87 1
1 11 2 69 1
3 11 1 62 4
1 11 1 77 1
2 11 1 77 2
2 11 1 73 1
1 11 2 91 1
1 11 2 45 1
3 11 1 62 2
1 11 2 67 1
3 11 1 44 1
3 11 1 72 1
1 11 1 59 1
1 11 2 69 1
3 11 2 49 1
1 11 1 47 1
3 11 2 43 1
1 11 1 61 1
3 11 2 67 1
1 11 1 64 1
3 11 1 74 1
3 11 1 65 3
3 11 2 47 1
1 11 2 51 1
1 11 1 81 1
1 11 1 67 1
1 11 2 62 1
3 11 2 41 1
1 11 2 62 1
1 11 1 72 1
1 11 2 73 1
3 11 1 68 1
1 11 1 82 1
1 11 1 74 1
1 11 1 79 1
1 11 1 96 1
3 11 1 74 1
1 11 2 77 1
3 11 1 51 1
3 11 1 60 1
3 11 2 57 2
1 11 1 75 1
3 11 2 66 1
1 11 1 52 1
1 11 1 84 1
3 11 1 56 1
3 11 2 59 1
1 11 1 69 1
1 11 2 61 1
1 11 1 78 1
1 11 1 88 1
1 11 1 77 1
3 11 2 71 2
3 11 2 75 1
1 11 1 80 1
1 11 1 89 1
3 11 2 44 2
1 11 1 63 1
1 11 1 63 1
1 11 1 84 1
1 11 2 74 1
3 11 1 57 1
3 11 2 52 1
1 11 2 84 1
1 11 2 68 1
3 11 1 61 3
3 11 2 60 3
1 11 1 67 1
1 11 2 71 1
2 11 1 68 1
1 11 1 49 1
1 11 2 56 1
1 11 2 80 1
1 11 1 63 1
1 11 1 23 1
1 11 1 58 1
1 11 1 61 1
1 11 1 80 2
2 11 1 78 1
1 11 1 59 2
1 11 2 56 1
3 12 1 82 1
3 12 2 61 1
3 12 2 46 2
3 12 2 51 15
2 12 2 74 1
3 12 2 67 1
3 12 1 60 1
3 12 1 61 7
3 12 2 44 1
1 12 1 79 1
3 12 1 78 1
3 12 2 78 1
3 12 1 55 4
3 12 2 41 1
2 12 1 78 1
3 12 1 77 1
3 12 2 69 1
3 12 1 60 3
3 12 2 49 9
3 12 2 66 1
3 12 2 48 6
3 12 2 50 5
3 12 1 64 1
3 12 2 53 3
3 12 2 58 1
3 12 1 45 2
3 12 1 50 3
1 12 2 76 1
1 12 1 64 1
1 12 2 63 1
3 12 1 62 4
3 12 2 59 5
1 12 1 66 1
2 12 2 66 1
3 12 1 48 1
1 12 1 82 1
3 12 1 65 1
3 12 1 81 1
3 12 1 73 1
3 12 2 67 2
3 12 1 81 1
1 12 2 72 1
3 12 1 59 1
3 12 2 62 1
3 12 1 48 4
3 12 1 59 3
3 12 1 72 1
3 12 1 47 3
1 12 2 66 1
3 12 1 79 1
3 12 2 62 1
3 12 1 44 3
2 12 2 59 1
1 12 2 58 1
3 12 1 62 2
3 12 2 63 2
3 12 1 52 1
3 12 2 55 3
2 12 1 67 1
3 12 1 77 1
3 12 1 78 1
3 12 1 65 1
3 12 1 65 1
1 12 1 65 1
3 12 1 61 1
3 12 1 66 2
3 12 2 54 9
1 12 2 66 1
3 12 2 78 1
3 12 2 52 12
3 12 1 83 1
3 12 1 41 1
3 12 1 63 1
3 12 1 46 2
3 12 2 63 2
3 12 1 66 1
1 12 1 69 1
1 12 2 68 1
3 12 2 89 1
3 12 1 51 1
3 12 2 65 1
3 12 1 54 2
1 12 2 76 1
3 12 2 57 1
3 12 2 45 1
3 12 2 72 1
1 12 2 75 1
3 12 1 71 1
3 12 1 56 3
3 12 2 60 2
1 12 2 44 1
3 12 1 63 2
3 12 1 49 4
3 12 1 57 5
3 12 2 47 3
3 12 1 64 1
3 12 2 64 1
2 12 2 60 1
3 12 1 58 3
1 12 2 74 1
1 12 1 88 1
3 12 1 42 1
3 12 2 56 3
3 12 2 64 1
3 12 1 59 1
3 12 1 67 1
1 12 1 66 1
3 12 1 67 1
1 12 1 75 1
1 13 1 74 1
3 13 1 63 2
3 13 2 69 1
1 13 1 67 1
3 13 1 69 1
3 13 1 68 1
3 13 1 68 1
3 13 2 70 1
1 13 1 68 1
3 13 2 76 1
3 13 1 62 1
3 13 1 61 2
3 13 2 54 1
3 13 2 57 5
3 13 2 48 1
3 13 1 58 5
1 13 1 60 1
3 13 1 55 1
3 13 1 66 1
3 13 1 57 1
3 13 1 69 2
3 13 2 55 1
1 13 2 62 1
1 13 2 63 1
1 13 1 69 1
3 13 2 87 1
3 13 1 71 3
3 13 1 62 4
1 13 2 75 1
1 13 1 66 1
1 13 2 66 1
3 13 2 62 3
3 13 1 63 1
3 13 1 60 3
3 13 1 66 2
3 13 2 77 1
3 13 2 59 1
3 13 2 49 1
3 13 2 52 1
3 13 2 56 1
3 13 2 66 3
1 13 1 91 1
3 13 2 62 4
1 13 2 66 1
3 13 2 65 1
3 13 1 54 1
3 13 1 56 1
3 13 1 76 3
3 13 2 63 2
1 13 1 64 1
3 13 2 57 1
3 13 1 68 1
3 13 1 57 1
3 13 1 55 1
1 13 2 68 1
1 13 2 55 1
3 13 2 79 1
3 13 1 59 4
3 13 2 59 1
1 13 1 52 2
3 13 2 74 1
3 13 2 58 1
3 13 2 65 2
3 13 1 69 1
3 13 2 66 1
3 13 1 48 1
1 13 1 68 1
3 13 1 72 1
3 13 1 70 2
3 13 1 73 1
3 13 1 77 1
1 13 2 68 1
3 13 2 62 1
3 13 1 78 1
3 13 2 51 2
1 13 2 61 1
3 13 2 69 1
3 13 2 42 2
3 13 1 77 1
3 13 2 63 2
3 13 2 71 1
3 13 1 64 1
3 13 2 68 2
1 13 1 69 1
1 13 2 75 1
3 13 2 68 1
3 13 1 65 1
3 13 1 67 1
3 13 1 60 1
3 13 2 44 1
3 13 2 57 1
3 13 2 61 2
3 13 2 39 1
3 13 2 78 1
3 13 2 75 1
3 13 1 54 1
1 13 2 72 1
1 13 1 67 1
3 13 1 83 1
3 13 2 72 2
3 13 1 70 1
3 13 2 71 1
3 14 2 45 2
3 14 2 58 1
1 14 1 45 1
3 14 2 70 1
3 14 2 64 1
3 14 2 43 1
3 14 1 46 1
3 14 1 65 1
1 14 1 65 1
3 14 1 55 1
2 14 1 74 1
3 14 1 71 1
3 14 1 62 1
1 14 1 90 1
3 14 1 68 2
3 14 2 47 2
3 14 1 70 3
3 14 1 59 2
1 14 1 57 1
3 14 2 59 2
3 14 2 48 1
3 14 2 41 1
3 14 2 60 1
1 14 2 78 1
3 14 1 64 1
1 14 1 71 1
1 14 2 62 1
1 14 2 49 1
3 14 2 66 1
1 14 2 61 1
1 14 1 61 1
3 14 1 70 1
3 14 2 52 1
2 14 1 73 1
1 14 1 63 1
1 14 1 48 1
1 14 2 49 1
3 14 1 61 1
3 14 2 62 1
3 14 1 83 1
3 14 1 73 1
3 14 1 63 1
2 14 1 78 1
3 14 1 72 1
1 14 2 54 2
3 14 1 72 1
3 14 2 61 1
3 14 2 46 1
1 14 1 73 1
1 14 1 52 1
3 14 1 69 1
3 14 1 58 1
1 14 2 78 1
3 14 1 48 1
1 14 2 63 1
3 14 2 62 2
3 14 2 73 1
2 14 2 69 1
3 14 2 66 1
3 14 1 88 1
1 14 2 66 1
3 14 2 65 1
3 14 1 38 1
3 14 2 60 1
1 14 2 47 1
1 14 1 82 1
3 14 2 63 1
1 14 2 93 1
1 14 2 73 1
3 14 1 63 1
3 14 1 74 1
3 14 2 63 1
1 14 1 66 1
3 14 1 46 1
3 15 2 59 1
3 15 2 72 1
1 15 2 56 1
1 15 1 64 1
1 15 2 74 1
1 15 1 68 1
1 15 2 65 1
1 15 1 66 1
3 15 2 71 1
1 15 2 51 1
1 15 1 62 1
3 15 2 71 1
1 15 1 86 1
3 15 1 70 1
3 15 2 55 2
3 15 2 69 1
1 15 1 48 1
3 15 2 75 1
1 15 2 69 1
3 15 2 67 2
1 15 1 78 1
3 15 2 64 3
1 15 2 62 1
1 15 1 67 1
1 15 1 69 1
3 15 2 65 2
1 15 2 65 1
1 15 2 83 1
3 15 2 78 1
1 15 1 58 1
3 15 1 78 1
1 15 1 52 1
1 15 1 62 1
3 15 1 63 2
3 15 1 66 2
3 15 1 65 2
1 15 2 73 1
1 15 1 52 1
1 15 1 68 1
3 15 1 84 1
3 15 1 55 1
3 15 2 50 1
3 15 2 58 1
1 15 2 76 1
1 15 1 79 1
1 15 1 64 1
1 15 1 67 1
1 15 2 68 1
3 15 2 63 3
1 15 1 68 1
3 16 2 62 1
3 16 2 51 2
1 16 2 48 1
3 16 2 71 2
1 16 1 66 1
1 16 2 50 1
1 16 1 71 1
1 16 1 69 1
3 16 1 47 1
3 16 1 51 1
3 16 1 71 1
3 16 2 50 1
3 16 1 63 3
1 16 1 62 1
3 16 1 68 2
3 16 2 59 4
3 16 2 63 3
3 16 2 42 1
3 16 2 65 1
3 16 2 54 1
3 16 2 49 1
1 16 2 69 1
1 16 1 45 1
3 16 1 64 3
3 16 2 75 1
3 16 1 60 4
2 16 1 67 1
2 16 2 62 1
3 16 1 61 1
3 16 1 65 1
1 16 1 68 1
1 16 2 50 1
3 16 2 60 1
3 16 1 59 2
3 16 1 67 1
1 16 2 49 1
3 16 1 56 1
3 16 2 48 1
1 16 2 54 1
1 16 1 69 1
1 16 1 52 1
3 16 2 59 1
3 16 1 69 1
1 16 2 47 1
1 16 2 52 1
1 16 2 51 1
3 16 1 50 1
3 16 2 53 1
3 16 2 61 1
3 16 1 55 1
3 16 2 55 1
1 17 1 72 1
1 17 1 45 1
1 17 2 62 1
1 17 1 53 1
1 17 1 41 1
1 17 1 48 2
1 17 1 58 1
1 17 2 51 1
1 17 2 49 1
1 17 2 50 1
1 17 1 52 1
1 17 2 51 2
1 17 1 50 1
1 17 2 73 1
1 17 2 67 1
1 17 2 58 1
1 17 2 48 1
1 17 2 82 1
1 17 1 48 1
1 17 2 48 1
1 18 1 61 1
1 18 1 63 1
3 18 1 67 1
3 18 1 91 1
3 18 2 62 1
3 18 1 79 1
1 18 2 66 1
3 18 1 53 1
1 18 1 67 1
1 18 2 28 1
1 18 1 65 1
1 18 1 68 1
1 18 1 81 1
1 18 1 69 1
1 18 1 55 1
1 18 1 62 1
3 18 2 72 1
1 18 2 55 1
1 19 1 48 1
1 19 1 57 1
1 19 2 60 1
1 20 1 54 1
1 20 1 57 1
1 20 2 53 1
1 20 1 54 1
1 20 2 54 1
1 20 1 62 1
1 20 2 64 1
1 20 1 49 1
1 20 1 52 1
1 21 1 67 1
1 21 1 75 1
1 21 1 75 1
1 21 2 62 1
1 21 1 63 1
1 21 1 68 1
1 21 1 81 1
1 21 1 46 1
1 21 1 74 1
1 21 2 43 1
1 21 1 52 1
1 21 2 62 1
1 21 2 52 1
1 21 2 50 1
1 21 2 67 1
1 21 2 49 1
1 21 2 70 1
1 21 2 67 1
1 21 1 65 1
1 21 1 63 1
1 21 1 67 1
1 21 2 56 1
1 22 1 61 1
1 22 1 64 1
1 22 1 64 1
1 22 2 74 1
1 22 1 92 1
1 23 1 68 1
1 23 1 67 1
1 23 2 66 1
1 23 1 71 1
1 23 1 63 1
1 23 2 75 1
1 23 2 65 1
1 23 2 62 1
1 23 2 71 1
1 23 1 63 1
1 23 1 73 1
1 23 1 69 1
1 24 1 86 1
1 24 1 67 1
1 24 2 67 1
1 24 2 69 1
1 24 2 64 1
1 24 1 63 1
1 24 1 79 1
1 24 2 64 1
1 25 1 63 1
1 25 1 66 1
1 25 1 70 1
1 25 2 78 1
1 25 1 63 1
1 25 2 66 1
1 25 2 60 1
1 25 2 68 1
1 25 1 67 1
1 25 1 61 1
1 25 1 60 1
1 25 1 99 1
1 26 1 63 1
1 26 1 70 1
1 26 2 75 1
1 26 1 63 1
1 26 2 67 1
1 26 1 54 1
1 26 1 70 1
1 27 1 64 1
1 27 1 64 1
1 27 1 65 1
1 27 1 68 1
1 27 2 63 1
1 27 2 74 1
1 27 1 70 1
1 28 1 77 1
1 28 1 58 1
1 28 1 64 1
1 28 1 74 1
1 28 2 70 1
1 28 2 73 1
1 28 2 62 1
1 28 1 63 1
1 28 2 51 1
1 29 1 68 1
1 29 2 76 1
1 29 2 75 1
1 29 1 64 1
1 29 2 64 1
1 29 1 71 1
1 29 1 64 1
1 29 2 84 1
1 29 2 67 1
1 29 2 95 1
1 29 1 59 1
1 29 2 68 1
1 30 2 61 1
1 30 1 70 1
1 30 2 80 1
1 30 1 67 1
1 30 1 62 1
1 30 2 53 1
1 31 2 59 1
1 31 2 61 1
1 32 1 67 1
1 32 2 69 1
1 32 1 65 1
1 32 1 91 1
1 32 1 71 1
1 32 1 67 1
1 32 2 66 1
1 32 2 72 1
1 32 1 45 1
1 32 2 67 1
1 33 1 71 1
1 33 1 58 1
1 33 1 74 1
1 33 2 64 1
1 33 2 72 1
1 33 1 70 1
1 33 1 65 1
1 33 1 72 1
1 34 2 80 1
1 34 2 71 1
1 34 1 69 1
1 34 1 64 1
1 34 1 68 1
1 34 1 67 1
1 34 1 70 1
1 34 1 68 1
1 35 2 72 1
1 35 2 77 1
1 35 2 72 1
1 36 1 73 1
1 36 2 78 1
1 36 2 62 1
1 36 1 80 1
1 36 1 66 1
1 37 2 28 1
1 37 2 71 1
1 38 1 82 1
1 38 2 68 1
1 38 1 59 1
1 38 2 70 1
1 38 2 67 1
1 38 1 68 1
1 38 2 76 1
1 38 2 69 1
1 38 1 65 1
1 38 1 64 1
1 39 1 71 1
1 39 2 62 1
1 39 2 24 1
1 39 1 64 1
1 40 1 67 1
1 40 2 70 1
1 40 1 64 1
1 40 1 61 1
1 40 1 64 1
1 40 2 61 1
1 41 1 57 1
1 41 1 74 1
1 41 1 61 1
1 41 1 65 1
1 41 2 56 1
1 41 2 53 1
1 41 1 61 1
1 41 1 77 1
1 42 1 79 1
1 42 2 73 1
1 42 2 65 1
1 42 2 70 1
1 43 2 65 1
1 43 2 64 1
1 43 1 64 1
1 43 2 64 1
1 43 2 51 1
1 43 2 55 1
1 43 2 68 1
1 44 1 48 1
1 44 1 63 1
1 44 1 63 1
1 44 2 72 1
1 45 2 65 1
1 45 1 85 1
1 45 1 60 1
1 45 2 64 1
1 46 2 46 1
1 46 2 70 1
1 46 2 64 1
1 46 2 55 1
1 46 2 49 1
1 46 1 50 1
1 47 2 75 1
1 47 1 47 2
1 47 1 69 1
1 47 2 78 1
1 47 2 77 1
1 47 1 64 1
1 47 1 45 1
1 47 1 79 1
1 47 2 60 1
1 47 1 45 1
1 47 2 51 1
1 47 1 70 1
1 47 2 53 1
1 47 1 69 1
1 47 1 61 1
1 47 2 80 1
1 47 1 75 1
1 47 1 52 1
1 48 1 78 1
1 48 2 56 1
1 48 2 63 1
1 48 2 52 1
1 48 2 50 1
1 48 2 56 1
1 48 2 50 1
1 48 1 47 1
1 48 2 51 1
1 48 1 69 1
1 48 2 53 1
1 48 1 70 1
1 49 2 64 1
1 49 1 62 1
1 49 1 51 1
1 49 1 62 1
1 49 2 53 1
1 49 2 47 1
1 49 1 50 1
1 49 1 52 1
1 49 1 55 2
1 49 1 55 1
1 49 2 53 1
1 49 2 49 1
1 49 1 55 1
1 49 1 55 1
1 49 1 47 1
1 49 1 45 1
1 49 1 45 1
1 49 2 67 1
1 49 1 49 1
1 49 2 51 1
1 49 2 71 1
1 49 2 53 1
1 49 1 66 1
1 49 2 50 2
1 50 2 65 1
1 50 2 49 2
1 50 1 50 1
1 50 1 49 1
1 50 2 51 1
1 50 1 51 1
1 50 2 52 1
1 50 2 49 1
1 50 1 63 1
1 50 1 51 1
1 50 2 52 1
1 50 2 54 1
1 50 1 61 1
1 50 2 50 1
1 50 1 62 1
1 50 2 49 1
1 50 2 51 1
1 50 2 62 1
1 51 2 50 1
1 51 1 44 1
1 51 2 70 1
1 51 1 63 1
1 51 2 73 1
1 51 1 56 1
1 51 1 63 1
1 51 2 63 1
1 51 2 45 1
1 51 1 50 1
1 51 2 68 1
1 51 2 48 1
1 51 1 62 1
1 52 2 62 1
1 52 1 84 1
1 52 2 69 1
1 52 2 74 1
1 52 2 47 1
1 52 1 52 1
1 52 1 74 1
1 52 2 54 1
1 52 1 63 1
1 52 1 50 2
1 52 2 47 1
1 52 2 53 1
1 52 2 49 1
1 52 1 51 1
1 52 2 69 1
1 52 2 64 1
1 52 1 55 1
1 52 2 50 1
1 52 2 72 1
1 53 1 52 1
1 53 1 67 1
1 53 2 55 1
1 53 2 48 1
1 53 2 66 1
1 53 2 59 1
1 53 2 26 1
1 53 2 49 1
1 53 1 64 1
1 53 2 74 1
1 53 1 44 1
1 53 2 50 1
1 53 1 52 1
1 53 1 61 1
1 53 2 59 1
1 53 2 29 1
1 53 2 50 1
1 53 2 53 1
1 53 1 46 1
1 53 2 65 1
1 53 2 46 1
1 53 2 58 1
3 53 1 68 1
1 53 2 55 1
1 53 2 70 1
1 53 2 46 1
1 53 2 66 1
1 54 2 57 1
1 54 1 68 1
1 54 2 51 1
1 54 2 67 1
1 54 2 51 1
1 54 2 48 1
1 54 1 67 1
1 54 2 50 1
1 54 2 55 1
1 54 1 56 1
1 54 1 56 1
1 54 2 53 1
1 54 1 65 1
1 54 1 45 1
1 54 2 65 1
1 54 1 65 1
1 54 2 54 1
1 54 2 69 1
1 54 2 66 1
1 54 1 52 1
1 54 2 53 1
1 55 1 58 1
1 55 1 64 1
1 55 2 46 1
1 55 1 49 1
1 55 2 66 1
1 55 2 62 1
1 55 2 62 1
1 55 1 66 1
1 55 2 56 1
1 55 2 46 1
1 55 2 56 1
1 55 2 52 1
1 55 2 68 1
1 55 1 67 1
1 55 1 51 1
1 55 1 65 1
1 55 2 51 1
1 55 2 54 1
1 55 1 52 1
3 55 2 70 1
1 55 1 61 1
1 55 1 69 1
1 55 2 57 1
1 55 1 71 1
1 55 2 53 1
1 55 1 50 1
1 55 2 55 1
1 55 1 65 1
1 55 2 63 1
1 55 1 65 1
1 56 1 48 1
1 56 2 63 1
1 56 2 48 1
1 56 1 71 1
1 56 2 72 1
1 56 1 49 1
1 56 2 62 1
3 56 2 54 1
1 56 1 79 1
1 56 1 88 1
1 56 1 54 1
1 56 1 73 1
1 57 1 64 1
1 57 1 50 1
1 57 1 60 1
1 57 2 63 1
1 57 2 57 1
1 57 1 65 1
1 57 1 67 1
1 57 1 83 1
1 57 1 72 1
1 57 1 65 1
1 57 1 61 1
1 57 2 65 1
1 57 2 70 1
1 58 2 53 2
1 58 2 45 1
1 58 1 56 1
1 58 2 48 1
1 58 2 52 1
1 58 1 61 1
1 58 1 43 1
1 58 1 46 1
1 58 1 52 1
1 58 1 44 1
1 58 1 52 2
1 58 1 55 1
1 58 1 51 1
1 58 2 54 1
1 58 2 52 1
1 58 1 53 1
1 58 2 64 1
1 58 1 54 1
1 58 1 49 1
1 58 2 56 1
1 58 2 57 1
1 58 2 50 2
1 58 2 51 1
1 58 1 91 1
1 58 2 62 1
1 58 1 68 1
1 58 2 50 1
1 58 1 66 1
1 58 1 54 1
1 59 1 62 1
1 59 2 65 1
1 59 1 63 1
1 59 1 51 1
1 59 2 68 1
1 59 1 72 1
1 59 2 66 1
1 59 1 62 1
1 59 1 77 1
1 59 1 74 1
1 59 1 70 1
1 59 2 53 1
1 59 2 78 1
1 59 2 87 1
1 59 2 64 1
1 60 2 63 1
1 60 2 68 1
1 60 1 65 1
1 60 2 56 1
1 60 1 55 1
1 60 2 68 1
1 60 1 58 1
1 60 2 53 1
1 60 2 69 1
1 60 1 51 1
1 60 2 65 2
1 60 2 79 1
1 60 1 51 1
1 60 1 63 1
1 60 2 67 1
1 60 1 62 1
1 60 1 68 1
1 60 2 72 1
1 60 1 63 1
1 60 2 64 1
1 60 1 43 1
1 60 1 55 1
1 60 1 85 1
1 60 2 48 1
1 60 2 82 1
1 61 2 49 1
1 61 1 45 1
1 61 1 64 1
1 61 2 32 1
1 61 1 45 1
1 61 1 57 1
1 61 2 51 1
1 61 1 68 1
1 61 2 67 1
1 61 1 85 1
1 62 1 85 1
1 62 1 52 1
1 62 1 51 1
1 62 2 62 1
1 62 2 70 1
1 62 1 68 1
1 62 1 71 1
1 62 2 55 1
1 62 1 65 1
1 62 1 62 1
1 62 2 65 1
1 63 1 61 1
1 63 2 55 1
1 63 1 69 1
1 63 2 60 1
1 63 1 66 1
1 63 2 54 1
1 63 2 61 1
1 63 2 47 1
1 63 1 66 1
1 63 2 50 1
1 63 1 75 1
1 64 1 66 1
1 64 1 69 1
1 64 1 64 1
1 64 1 65 1
1 64 1 64 1
1 64 2 63 1
1 64 2 48 1
1 64 2 56 1
1 64 1 46 1
1 64 2 53 2
1 64 1 54 1
1 64 1 52 2
1 64 2 46 1
1 64 1 57 2
1 64 2 63 1
1 64 2 55 1
1 64 2 58 1
1 64 1 67 1
1 64 2 51 1
1 64 2 65 1
1 64 2 50 1
1 64 1 59 1
1 64 1 47 1
1 64 2 81 1
1 65 2 60 1
1 65 2 60 1
1 65 1 59 1
1 65 1 52 1
1 65 2 68 2
1 65 1 74 1
1 65 1 67 1
1 65 1 63 1
1 65 2 53 1
1 65 1 59 1
1 65 1 57 1
1 66 2 61 1
1 66 1 64 1
1 66 2 44 1
1 66 2 53 1
1 66 1 50 1
1 66 2 62 1
1 66 2 49 1
1 66 1 45 1
1 66 2 74 1
1 66 2 52 1
1 66 2 64 1
1 66 1 52 1
1 66 2 62 1
1 66 2 75 1
1 66 1 62 1
1 66 2 67 1
1 67 2 61 1
1 67 2 69 1
1 67 2 61 1
1 67 1 53 1
1 67 1 46 2
1 67 1 60 1
1 67 1 59 1
1 67 1 44 1
1 67 1 66 1
1 67 2 66 1
1 67 1 74 1
1 67 1 78 1
1 67 2 70 1
1 67 1 47 1
1 67 2 79 1
1 67 2 53 1
1 67 2 65 1
1 68 1 70 1
1 68 1 74 1
1 68 2 71 1
1 68 2 69 1
1 68 1 79 1
1 68 1 59 1
1 68 1 68 1
1 68 1 54 1
1 68 2 53 1
1 68 1 71 1
1 68 2 62 1
1 68 2 67 1
1 68 2 49 1
1 68 1 64 1
1 68 1 57 1
1 68 1 66 1
1 68 2 80 1
1 68 1 52 1
1 68 1 50 1
1 68 1 62 1
1 68 2 67 1
1 69 2 64 1
1 69 2 45 1
1 70 1 53 1
1 70 1 27 1
1 70 2 50 1
1 70 2 55 1
1 70 2 55 1
1 70 2 66 1
1 70 1 49 1
1 70 1 75 1
1 70 2 59 1
1 70 2 59 1
1 70 2 86 1
1 71 2 42 1
1 71 1 70 1
1 71 2 63 1
1 71 1 62 1
1 71 2 65 1
1 71 2 50 1
1 71 1 64 1
1 71 2 63 1
1 71 1 63 1
1 71 1 78 1
1 71 1 62 1
1 71 1 80 1
1 71 1 57 1
1 71 2 68 1
1 71 2 76 1
1 71 2 66 1
1 71 1 74 1
1 71 1 66 1
1 71 1 63 1
1 71 2 66 2
1 71 2 56 1
1 72 1 64 1
1 72 2 60 1
1 72 1 64 1
1 72 2 64 1
1 72 2 55 1
1 72 2 51 1
1 72 1 83 1
1 72 2 75 1
1 72 2 26 1
1 72 2 69 1
1 72 1 61 2
1 73 1 83 1
1 73 1 62 1
1 73 2 60 1
1 73 2 70 1
1 73 2 69 1
1 73 2 54 1
1 73 2 62 1
1 73 1 88 1
1 73 1 74 1
1 73 1 61 1
1 74 2 53 1
1 74 2 59 1
1 74 1 67 1
1 74 2 86 1
1 74 1 63 1
1 74 1 64 1
1 74 2 61 1
1 74 1 69 1
1 74 2 57 1
1 74 1 68 1
1 75 1 66 1
1 75 2 49 1
1 75 2 61 1
1 75 1 53 2
1 75 1 67 1
1 75 1 48 1
1 75 2 70 1
1 75 2 53 2
1 75 1 81 1
1 75 2 73 1
1 75 2 48 1
1 75 2 70 1
1 75 2 38 1
1 75 1 63 2
1 75 1 50 1
1 75 1 64 1
1 76 2 53 1
1 76 2 52 1
1 76 2 59 1
1 76 1 73 1
1 76 2 67 1
1 76 1 57 1
1 76 2 76 1
1 76 2 62 1
1 76 1 50 1
1 76 1 64 1
1 76 2 72 1
1 76 1 70 1
1 76 1 67 1
1 76 2 67 1
1 77 1 46 1
1 77 2 67 1
1 77 1 62 1
1 77 1 77 1
1 77 1 42 1
1 77 1 52 1
1 77 2 67 1
1 77 1 64 1
1 77 1 62 1
1 78 1 51 1
1 78 1 66 1
1 78 2 49 1
1 78 1 67 1
1 78 2 52 1
1 78 2 54 1
1 78 1 68 1
1 78 1 67 1
1 78 1 49 1
1 78 2 52 1
1 78 1 63 1
1 78 1 69 1
1 78 2 47 1
1 78 1 64 1
1 78 1 53 1
1 79 1 50 1
1 79 1 68 1
1 79 1 52 1
1 79 1 63 1
1 79 2 64 1
1 79 1 65 2
1 79 2 72 1
1 79 1 66 1
3 79 1 76 1
1 79 2 53 1
1 79 1 58 1
1 79 2 64 1
1 79 1 65 1
1 79 1 51 1
1 79 2 66 1
1 79 1 48 1
1 79 2 58 1
1 79 2 60 1
1 79 2 49 1
1 79 2 62 1
1 79 1 45 1
1 79 1 41 1
1 79 1 51 1
1 79 2 52 1
1 79 1 57 1
1 80 2 80 1
1 80 1 50 1
1 80 2 55 1
1 80 2 64 1
1 80 1 43 1
1 80 2 63 1
1 80 2 52 1
1 80 1 67 1
1 80 2 52 1
1 80 1 74 1
1 80 2 47 1
1 80 1 66 1
1 80 2 74 1
1 81 2 48 1
1 81 2 66 1
1 82 2 65 1
1 82 1 57 1
1 82 2 61 1
1 82 2 57 1
1 82 2 73 1
1 82 2 68 1
1 82 2 68 1
1 82 2 68 1
1 82 2 56 1
1 83 2 53 1
1 83 2 55 2
1 83 2 72 1
1 83 2 75 1
1 83 1 59 1
1 83 1 62 1
1 84 2 50 1
1 84 1 57 1
1 84 2 50 1
1 84 2 51 1
1 84 2 79 1
1 84 2 74 1
1 84 2 62 1
1 84 1 57 1
1 84 1 64 1
1 84 1 64 1
1 84 2 56 1
1 84 2 66 1
1 84 2 66 1
1 84 1 61 1
1 84 1 58 1
1 84 1 66 1
1 84 1 70 1
1 84 1 43 1
1 84 1 62 1
1 85 1 65 1
1 85 2 54 1
1 85 2 71 1
1 85 2 55 1
1 85 2 52 1
1 85 2 45 1
1 85 1 49 1
1 85 1 66 1
1 85 2 71 1
1 85 2 57 1
1 85 2 68 1
1 85 1 78 1
1 85 1 47 1
1 85 2 64 1
1 85 1 80 1
1 85 1 62 1
1 86 1 88 1
1 86 1 60 1
1 86 1 53 1
1 86 2 59 1
1 86 1 44 1
1 86 2 83 1
1 86 1 66 1
1 87 1 69 1
1 87 2 85 1
1 87 1 65 1
1 87 2 47 1
1 87 2 49 1
1 87 1 60 1
1 87 2 70 1
1 87 2 66 1
1 87 2 49 1
1 87 2 59 1
1 87 1 64 1
1 87 1 67 1
1 87 2 73 1
1 88 1 50 1
1 88 1 53 1
1 88 2 48 1
1 88 1 55 1
1 88 1 82 1
1 88 2 70 1
1 88 2 61 1
1 88 1 71 1
1 88 2 75 1
1 89 1 65 1
1 89 1 68 1
1 89 2 65 1
1 89 2 64 1
1 89 2 49 1
1 89 1 49 1
1 89 2 56 1
1 89 2 53 1
1 89 1 41 1
1 89 2 64 1
1 89 1 48 1
1 89 2 64 1
1 89 2 71 1
1 89 1 53 1
1 89 1 66 1
1 89 2 49 1
1 89 2 55 1
1 89 1 66 1
1 89 2 67 1
1 89 1 64 1
1 89 2 52 1
1 90 2 65 1
1 90 2 71 1
1 90 1 70 1
1 90 2 68 1
1 90 2 58 1
1 90 2 60 1
1 90 1 69 1
1 90 2 65 1
1 90 2 78 1
1 90 2 70 1
1 90 2 52 1
1 90 1 62 1
1 90 1 66 1
1 90 1 62 1
1 90 1 67 1
1 90 2 49 1
1 90 2 67 1
1 90 2 69 1
1 90 2 48 1
1 90 2 69 1
1 90 1 61 1
1 90 2 50 1
1 90 1 46 1
1 90 2 54 1
1 90 1 57 1
1 90 1 72 1
1 90 1 65 1
1 90 2 63 1
1 90 2 60 1
1 90 2 49 1
1 90 1 79 1
1 91 1 48 1
1 91 2 55 1
1 91 1 56 1
1 91 2 70 1
1 91 1 69 1
1 91 2 47 1
1 91 1 64 1
1 91 2 53 1
1 91 1 48 1
1 91 1 46 1
1 92 2 66 1
1 92 2 59 1
1 92 1 65 1
1 92 2 52 1
1 92 2 52 1
1 92 2 38 1
1 92 2 68 1
1 92 1 66 1
1 92 1 80 1
1 92 1 71 1
1 92 2 68 1
1 92 1 71 1
1 92 2 87 1
1 92 2 65 1
1 92 1 51 1
1 93 1 57 1
1 93 1 62 1
1 93 1 50 1
1 94 1 64 1
1 94 2 53 1
1 94 1 71 1
1 95 1 66 1
3 95 1 59 1
1 95 2 67 1
1 95 1 50 1
1 95 2 65 1
1 95 1 68 1
2 95 1 70 1
1 95 1 59 1
1 95 2 54 1
1 95 1 66 1
1 95 2 72 1
1 95 1 68 1
1 95 2 59 1
1 96 2 94 1
1 96 1 84 1
1 96 2 47 1
1 96 1 73 1
1 96 1 78 1
1 96 2 70 1
1 96 1 49 1
1 96 1 63 1
1 97 2 50 1
1 97 1 61 1
1 97 1 66 1
1 97 2 59 1
1 97 1 65 1
1 97 1 71 1
1 97 2 62 1
1 97 2 65 1
1 97 2 69 1
1 97 1 50 1
1 97 1 59 1
1 97 1 79 1
1 97 1 63 1
1 97 1 70 1
1 97 2 70 1
1 97 1 70 1
1 97 1 67 1
1 97 2 64 1
1 98 2 67 1
1 98 1 61 1
1 98 2 83 1
1 98 2 71 1
1 99 1 64 1
1 99 1 69 1
1 99 1 48 1
1 99 2 70 1
1 99 1 79 1
1 99 2 56 1
1 99 2 69 1
1 99 2 53 1
1 99 1 55 1
1 100 1 70 1
1 100 1 67 1
1 100 2 82 1
1 100 1 78 1
1 100 2 56 1
1 100 1 75 1
1 100 1 64 1
1 101 1 61 1
1 101 1 67 1
1 101 1 79 1
1 101 2 61 1
1 101 2 70 1
1 101 1 63 1
1 102 2 67 1
1 102 1 64 1
1 102 1 80 1
1 102 2 88 1
1 102 2 67 1
1 102 1 67 1
1 102 1 66 1
1 102 2 88 1
1 103 1 68 1
1 103 1 70 1
1 103 2 62 1
1 103 1 89 1
1 103 1 78 1
1 104 1 77 1
1 104 1 83 1
1 104 1 72 1
1 104 2 65 1
1 104 2 82 1
1 104 2 71 1
1 104 2 60 1
1 104 1 69 1
1 104 2 74 1
1 105 1 63 1
1 105 1 66 1
1 105 1 81 1
1 105 2 66 1
1 105 2 65 1
1 105 2 55 1
1 105 1 63 1
1 106 1 66 1
1 106 1 62 1
1 107 2 72 1
1 107 1 66 1
1 107 1 68 1
1 107 1 80 1
1 107 1 70 1
1 107 1 72 1
1 107 1 79 1
1 107 2 69 1
1 107 1 66 1
1 108 2 65 1
1 108 1 67 1
1 109 1 75 1
1 109 2 70 1
1 109 1 66 1
1 109 2 75 1
1 109 1 83 1
1 109 1 82 1
1 109 1 55 1
1 110 2 68 1
1 110 1 60 1
1 110 2 80 1
1 110 2 77 1
1 111 2 67 1
1 111 1 79 1
1 111 1 75 1
1 111 2 69 1
3 111 1 68 1
1 112 1 56 1
1 112 2 71 1
1 112 1 78 1
1 112 1 50 1
1 113 1 45 1
1 113 2 50 1
1 113 2 26 1
1 113 1 66 1
1 113 2 63 1
1 113 2 51 1
1 113 2 46 1
1 113 1 68 1
1 113 1 69 1
3 114 1 81 1
1 114 1 75 1
1 114 2 85 1
1 114 2 72 1
1 114 2 59 1
1 114 2 68 1
1 114 1 58 1
1 114 1 64 1
1 114 2 79 1
1 114 1 65 1
1 115 2 64 1
1 115 1 66 1
1 115 1 92 1
1 115 2 78 1
1 115 1 73 1
1 115 1 49 1
1 115 2 65 1
1 115 1 81 1
1 116 2 74 1
1 116 1 51 1
1 116 1 56 1
1 116 1 78 1
1 116 1 75 1
1 116 2 56 1
1 116 1 63 1
1 117 1 47 1
1 117 1 51 1
1 118 2 69 1
1 118 1 30 1
1 119 1 76 1
1 119 2 47 1
1 119 1 80 1
1 119 2 69 1
1 120 1 65 1
1 120 1 88 1
1 120 2 77 1
1 120 2 69 1
3 120 1 68 1
1 120 2 68 1
1 120 1 67 1
1 121 1 68 1
1 121 1 63 1
1 121 2 70 1
1 121 1 64 1
1 121 2 54 1
1 121 2 73 1
1 122 2 71 1
1 122 2 67 1
1 122 2 75 1
1 122 2 63 1
1 123 1 80 1
1 123 2 69 1
1 123 1 71 1
1 124 2 66 1
1 124 2 73 1
1 124 1 58 1
1 124 1 85 1
1 124 2 68 1
1 124 2 74 1
1 124 2 65 1
1 125 1 70 1
1 125 1 77 1
1 125 2 51 1
1 125 2 72 1
1 125 1 62 1
1 125 1 57 1
1 125 2 77 1
1 125 2 82 1
1 125 2 72 1
1 125 2 69 1
1 125 2 69 1
1 125 1 61 1
1 125 2 73 1
1 125 1 80 1
1 125 2 68 1
1 125 2 69 1
1 125 1 82 1
1 125 2 78 1
1 125 1 76 1
1 126 1 77 1
1 126 2 65 1
1 126 2 56 1
1 126 1 62 1
1 126 2 63 1
1 126 2 70 1
1 126 1 79 1
1 126 2 60 1
1 127 1 64 1
1 127 1 66 1
1 127 2 56 1
1 127 2 68 1
1 127 2 68 1
1 127 1 58 1
1 127 1 46 1
1 127 2 62 1
1 127 1 60 1
1 127 1 72 1
1 127 2 78 1
1 127 1 64 1
1 127 2 53 1
1 127 2 49 1
1 127 2 70 1
1 127 2 66 1
1 127 2 43 1
1 127 2 56 1
1 127 1 52 1
1 128 1 62 1
1 128 1 62 1
1 128 1 65 1
1 128 2 65 1
1 128 2 70 1
1 128 1 66 1
1 128 2 64 1
1 128 2 63 1
1 128 1 55 1
1 128 1 68 1
1 129 1 65 1
1 129 2 67 1
1 129 1 65 1
1 129 1 79 1
1 129 1 62 1
1 129 1 63 1
1 129 2 63 1
1 129 1 59 1
1 129 1 64 1
1 129 1 62 1
1 129 2 46 1
1 129 2 61 1
1 129 1 66 1
1 130 1 65 1
1 130 2 71 1
1 130 1 62 1
1 130 2 63 1
1 130 2 64 1
1 130 1 75 1
1 130 1 67 1
1 130 2 67 1
1 130 1 63 2
1 130 1 84 1
1 130 1 74 2
1 130 2 59 1
1 130 2 72 1
1 130 1 52 1
1 130 1 67 1
1 130 1 64 1
1 130 2 64 1
1 130 1 68 2
1 130 1 48 1
1 130 2 62 1
1 130 2 54 1
1 131 2 67 1
1 131 2 44 1
1 131 1 63 1
1 131 1 64 1
1 131 2 80 1
1 131 2 53 1
1 131 2 52 1
1 131 2 63 1
1 131 2 66 1
1 131 2 88 1
1 131 2 51 1
1 131 1 62 1
3 131 1 73 1
1 131 2 68 1
1 131 2 50 1
1 131 2 47 1
1 132 1 47 1
1 132 2 50 1
1 132 2 50 1
1 132 2 69 1
1 132 1 66 1
1 132 2 49 1
1 132 1 62 1
1 132 2 62 1
1 132 1 51 1
1 132 2 71 1
1 132 2 72 1
3 132 2 71 1
1 132 2 67 1
1 132 1 50 1
1 133 2 62 1
1 133 1 52 1
1 133 2 88 1
1 133 1 48 1
1 133 2 48 1
1 133 1 71 1
1 133 2 55 1
1 133 1 76 1
1 134 1 49 1
1 134 2 61 1
1 134 2 56 1
1 134 1 59 1
1 134 2 52 1
1 134 2 63 1
1 134 2 64 1
1 135 1 65 1
1 135 2 79 1
1 135 1 46 1
1 135 2 66 1
1 135 1 73 1
1 135 2 65 1
1 135 2 52 1
1 135 1 52 1
1 135 2 70 1
1 135 2 84 1
1 136 2 74 1
1 136 2 83 1
1 136 1 60 1
1 136 2 70 1
1 136 1 69 1
1 136 1 57 1
1 137 2 73 1
1 137 1 94 1
1 137 1 67 1
1 137 2 61 1
1 137 2 78 1
1 137 2 53 1
1 138 1 52 1
1 138 1 78 1
1 138 1 71 1
1 138 1 63 1
1 138 2 70 1
1 138 2 70 1
1 138 2 77 1
1 138 1 49 1
1 139 2 69 1
1 139 2 66 1
1 139 2 64 1
1 139 2 70 1
1 139 2 74 1
1 139 2 65 1
1 139 1 60 1
1 139 2 61 1
1 140 1 77 1
1 140 2 75 1
2 140 1 86 1
1 140 1 68 1
1 140 2 47 1
1 140 1 63 1
1 140 2 48 1
1 140 2 68 1
1 141 1 73 1
1 142 1 48 1
1 143 1 62 1
1 143 2 83 1
1 143 2 67 1
1 143 1 59 1
1 143 2 77 1
1 144 2 61 1
1 144 2 89 1
1 145 1 76 1
1 145 1 54 1
1 145 1 49 1
1 145 1 75 1
1 146 1 61 1
1 146 2 53 1
3 146 1 53 1
1 146 1 70 1
1 146 2 60 1
1 146 2 58 1
1 146 1 85 1
1 147 2 67 1
1 147 1 65 1
1 147 1 52 1
1 147 1 72 1
1 147 2 54 1
1 147 2 73 1
1 148 1 65 1
1 148 1 62 1
1 148 2 68 1
1 148 2 68 1
1 148 2 68 1
1 148 2 77 1
1 149 1 73 1
3 149 2 74 1
1 149 2 65 1
1 149 1 63 1
1 149 2 68 1
1 149 2 64 1
1 149 2 67 1
3 150 2 67 1
3 150 1 70 1
3 150 2 69 1
3 150 2 66 2
3 150 2 56 3
3 151 2 89 1
1 152 2 51 2
1 152 1 67 1
1 152 1 74 1
1 152 1 56 1
1 152 1 77 1
1 152 2 62 1
1 152 1 79 1
1 152 1 72 1
1 152 1 60 1
1 153 1 67 1
1 153 1 53 1
1 153 1 74 1
1 153 2 53 1
1 153 1 50 1
1 153 2 48 1
1 153 2 55 1
1 153 2 46 1
1 153 1 44 1
1 153 1 45 1
1 153 1 68 1
1 153 2 42 1
1 153 2 83 1
1 153 1 47 1
1 153 2 53 1
1 153 2 65 1
1 154 1 65 1
1 154 1 65 1
1 154 1 68 1
1 155 2 61 1
1 155 2 67 1
1 156 2 65 1
1 156 1 68 1
1 156 2 69 1
1 157 2 93 1
3 157 2 49 1
1 157 1 73 1
1 157 2 57 1
1 158 1 74 1
1 158 1 74 1
1 158 2 68 1
1 158 1 48 1
1 158 1 67 1
1 158 2 47 1
3 159 1 62 1
1 160 1 68 1
1 160 1 66 2
1 160 2 51 1
2 161 1 75 1
1 162 1 79 1
1 163 1 59 1
1 163 2 79 1
1 164 2 68 1
1 165 1 58 1
1 165 1 48 1
1 166 2 68 1
1 166 2 64 1
2 167 1 61 1
1 167 1 80 1
1 168 1 67 1
1 168 1 70 1
1 169 1 68 1
1 170 2 54 1
1 170 1 47 1
1 170 2 53 2
1 170 1 52 1
1 171 2 68 1
1 171 2 67 1
1 172 1 67 1
2 172 1 80 1
1 172 2 61 1
3 172 2 62 1
1 172 1 60 1
3 173 1 67 1
1 173 2 53 1
1 173 2 65 1
1 173 2 50 1
1 174 1 81 1
1 175 2 63 1
1 175 2 66 1
1 176 2 69 1
1 176 2 64 1
3 177 2 64 1
1 177 1 58 1
1 178 1 64 1
1 179 1 62 1
1 180 2 74 1
2 181 2 65 1
1 182 1 80 1
1 182 1 71 1
1 183 1 82 1
3 183 1 68 1
1 184 1 74 1
1 185 1 65 1
1 186 2 71 1
1 187 2 69 1
1 188 1 77 1
2 189 1 71 1
2 190 2 77 1
2 190 2 79 1
2 190 2 72 1
1 191 1 61 1
1 191 2 64 1
1 192 1 64 1
1 192 1 68 1
2 192 1 66 1
1 193 1 71 1
1 194 2 74 1
1 194 1 69 1
1 194 1 78 1
1 194 2 70 1
2 195 1 59 1
2 196 1 79 1
2 197 2 74 1
2 198 1 75 1
1 199 1 75 1
1 200 2 70 1
1 201 1 77 1
2 201 2 74 1
2 202 2 81 1
2 203 2 79 1
2 203 1 82 1
1 204 1 78 1
1 204 2 68 1
1 204 1 86 1
2 205 1 66 1
1 205 2 82 1
2 205 2 60 1
2 205 1 76 1
2 205 2 77 1
2 206 1 62 1
1 207 1 71 1
1 207 1 76 1
2 208 2 78 1
3 208 2 72 1
3 208 2 65 1
3 208 1 71 1
3 208 1 81 1
1 209 1 89 1
3 210 1 76 1
3 211 2 86 1
3 211 1 71 1
3 211 1 77 1
1 212 2 72 1
1 213 2 67 1
1 214 1 61 1
2 215 1 66 1
1 216 1 77 1
1 217 1 42 1
1 218 1 64 1
1 219 1 64 1
1 219 1 70 1
1 220 1 70 1
1 220 2 62 1
1 220 2 55 1
1 221 1 60 1
2 221 2 71 1
2 222 2 71 1
2 222 1 70 1
1 223 1 60 1
3 224 2 72 1
3 224 2 67 1
3 224 1 68 1
3 224 2 63 1
3 224 2 76 1
2 225 1 73 1
2 226 1 74 1
2 227 1 75 1
2 228 1 72 1
2 229 2 68 1
2 230 1 68 1
2 231 1 71 1
2 231 1 73 1
2 231 1 69 1
1 232 1 57 1
1 232 1 66 1
1 233 2 63 1
1 233 1 69 1
1 233 1 57 2
1 233 2 64 1
1 233 1 77 1
1 234 1 64 1
2 235 1 73 1
1 235 2 53 1
1 235 1 84 1
2 236 1 72 1
2 236 2 78 1
1 237 1 71 1
2 238 2 69 1
2 238 1 67 1
2 239 1 77 1
2 240 1 68 1
2 241 1 68 1
2 242 2 67 1
2 242 2 66 1
2 242 1 67 1
2 242 2 65 1
2 242 1 72 1
2 242 2 68 1
2 242 1 83 1
2 242 1 68 1
2 242 2 77 1
2 242 1 64 1
2 243 1 81 1
1 243 2 60 1
1 243 2 62 1
2 244 1 64 1
2 244 1 83 1
2 244 2 73 1
2 244 1 70 1
2 244 1 76 1
2 245 2 62 1
2 245 1 48 1
1 246 2 85 1
1 246 2 65 1
1 246 2 69 1
2 247 1 59 1
2 247 1 64 1
2 247 2 68 1
2 247 2 39 1
2 247 1 76 1
2 247 1 63 1
2 247 1 72 1
2 247 1 58 1
1 247 2 49 1
1 247 1 57 1
2 247 2 62 1
1 247 1 69 1
2 247 2 71 2
2 247 2 60 1
2 247 2 64 1
2 247 1 71 1
2 247 1 62 1
2 247 1 75 1
2 247 2 63 1
2 248 2 50 1
1 248 2 56 1
1 249 2 62 1
1 249 2 78 1
1 249 2 66 1
1 249 2 67 3
1 249 2 58 1
1 249 2 64 1
1 249 2 61 1
1 250 2 73 1
3 251 2 49 1
2 252 1 77 1
2 253 1 48 1
2 254 1 61 1
2 255 2 86 1
2 256 1 73 1
2 257 1 80 1
2 258 1 69 1
2 258 2 85 1
2 259 1 71 1
2 260 1 66 1
2 260 1 81 1
2 261 1 60 1
2 262 1 75 1
2 262 2 67 1
2 263 2 59 1
2 264 1 70 1
2 265 1 72 1
2 265 2 83 1
2 266 2 69 1
2 267 1 76 1
2 268 1 72 1
2 269 1 75 1
2 270 1 67 1
2 271 1 71 1
2 271 2 82 1
2 272 1 69 1
2 272 1 79 1
2 273 1 62 1
2 274 1 63 1
2 275 1 80 1
2 276 1 77 1
2 277 1 70 1
2 277 2 69 1
2 278 1 68 2
2 278 1 76 1
3 279 2 72 1
2 279 1 80 2
2 280 1 79 1
3 281 1 74 1
2 282 1 82 1
3 282 2 69 1
3 282 2 55 1
2 283 1 70 1
2 283 1 59 1
2 284 2 69 1
2 284 1 68 1
2 285 1 67 1
2 286 1 73 1
2 287 1 76 1
2 288 1 57 1
2 288 1 57 1
2 288 2 71 1
2 289 1 72 1
2 289 2 56 1
1 290 2 51 1
2 291 2 57 1
2 291 2 74 1
2 292 1 65 1
2 292 1 79 1
2 292 1 75 1
2 293 1 58 1
2 293 1 92 1
2 294 1 69 1
2 295 1 76 1
2 296 1 88 1
2 297 2 62 1
2 297 2 70 1
2 298 1 66 1
2 298 2 61 1
2 299 1 76 1
2 299 1 68 1
2 299 2 71 1
2 299 1 65 1
2 300 1 72 2
2 300 1 58 1
2 300 2 73 1
2 300 1 63 1
2 300 1 68 1
2 300 2 71 1
2 301 1 73 1
2 301 2 59 1
2 301 2 66 1
2 302 2 71 1
2 303 1 78 1
2 304 2 73 1
2 304 1 78 1
2 305 1 70 1
2 305 1 74 1
2 305 2 64 1
2 306 2 63 1
2 307 2 77 1
2 308 1 78 1
2 308 2 68 1
2 308 1 78 1
2 309 1 82 1
2 310 2 48 1
2 310 2 63 1
3 311 2 67 1
3 312 1 74 1
2 312 2 70 1
2 312 1 77 1
2 313 1 95 1
2 314 1 71 1
2 315 1 65 1
2 316 2 69 1
2 316 2 46 1
2 316 2 72 1
3 317 2 73 1
3 317 1 83 1
2 318 1 80 1
2 318 2 76 1
3 319 2 68 1
3 320 2 40 1
3 321 1 70 1
2 321 1 65 1
2 322 1 80 1
3 323 2 71 1
2 324 2 61 1
2 324 1 61 1
2 324 1 57 1
2 324 1 80 1
2 325 2 58 1
2 325 2 62 1
2 325 1 81 1
2 325 1 71 1
2 325 2 61 1
2 326 2 84 1
2 327 2 72 1
2 328 2 68 1
2 328 2 68 1
2 329 1 94 1
2 329 1 54 1
2 330 2 79 1
2 330 2 72 1
2 330 2 66 1
2 331 2 81 1
2 332 1 56 1
2 332 1 85 1
2 332 2 63 1
2 333 1 72 1
2 334 1 76 1
2 335 1 65 1
2 336 2 76 1
2 336 1 61 1
2 337 1 58 1
2 337 1 67 1
2 337 1 59 1
2 338 1 59 1
2 338 1 83 1
2 339 1 84 1
2 340 2 91 1
2 341 1 80 1
2 342 1 75 1
2 343 1 79 1
2 344 1 62 1
2 344 1 67 1
2 345 2 68 1
2 345 2 81 1
2 345 1 74 1
2 346 1 89 1
2 347 1 80 1
2 348 1 84 1
2 349 2 61 1
2 350 2 73 1
2 351 1 75 1
2 351 2 78 1
2 351 2 75 1
2 351 1 79 1
2 352 2 74 1
2 353 2 74 1
2 354 1 86 1
2 355 1 79 1
1 356 1 62 1
1 356 2 70 1
1 356 2 63 1
1 356 2 66 1
1 356 2 71 1
1 356 1 63 1
1 356 2 65 1
1 357 2 80 1
1 358 1 91 1
1 358 2 72 1
1 359 1 65 1
2 360 1 75 1
2 361 2 81 1
2 362 1 82 1
2 363 1 63 1
2 363 1 68 1
2 364 1 65 1
2 365 2 84 1
2 366 1 61 1
2 367 1 66 1
2 368 1 71 1
2 369 1 64 1
2 370 1 84 1
2 371 2 91 1
2 372 1 56 1
2 373 1 80 1
2 374 1 80 1
2 375 2 72 1
2 376 2 64 1
2 377 1 56 1
2 378 2 83 1
2 379 1 64 1
1 380 2 70 1
1 381 1 69 1
