1 1 2 55 1
1 1 2 53 1
1 1 2 46 1
1 1 2 50 1
1 1 1 60 1
1 1 2 45 1
1 1 1 51 1
1 1 1 35 1
1 1 2 51 1
1 1 2 65 1
1 1 1 63 1
1 1 1 59 1
1 1 2 59 1
1 1 2 44 1
1 1 1 77 1
1 1 1 49 1
3 1 2 40 1
1 1 2 51 1
1 1 2 48 1
1 1 1 63 1
3 1 1 57 1
1 1 2 53 1
1 1 1 53 1
1 1 2 50 1
1 1 1 51 1
1 1 2 69 1
1 1 1 54 1
1 1 2 62 1
1 1 2 57 1
3 1 1 60 1
1 1 1 73 1
1 1 1 49 1
1 1 1 65 1
1 1 1 60 1
1 1 2 53 1
1 1 1 63 1
1 1 1 79 1
1 1 2 49 1
1 2 1 57 1
3 2 1 54 1
1 2 1 63 1
1 2 1 73 1
1 2 1 62 1
1 2 1 57 1
1 2 2 52 1
1 2 2 46 1
1 2 2 59 1
1 2 2 53 1
1 2 1 61 1
1 2 2 49 1
1 2 1 64 1
1 2 2 41 1
1 2 1 67 1
1 2 2 59 1
1 2 2 50 1
1 2 1 63 1
1 2 1 66 1
1 2 2 66 1
1 2 2 89 1
1 2 1 71 1
1 3 2 53 1
1 3 2 54 1
1 3 1 63 1
1 3 1 66 1
1 3 1 67 1
1 3 2 58 1
1 3 2 64 1
1 3 2 49 1
1 3 2 49 1
1 3 2 47 1
1 3 1 67 1
1 3 1 51 1
1 3 1 56 1
1 3 2 48 1
1 3 1 65 1
1 3 1 62 1
1 3 1 89 1
1 3 2 55 1
1 3 1 59 1
1 3 2 46 1
1 3 2 53 1
1 3 2 52 1
1 3 2 51 1
1 3 1 51 1
1 4 1 63 1
1 4 2 48 1
1 4 2 48 1
1 4 2 53 1
1 4 2 56 1
1 4 1 57 1
1 4 1 62 1
1 4 2 30 1
1 4 2 52 1
1 4 1 47 1
1 4 2 47 1
1 4 2 53 1
1 4 2 81 1
1 4 1 65 1
1 4 2 47 1
1 4 1 75 1
1 4 1 64 1
1 4 1 65 1
1 5 1 59 1
1 5 2 47 1
1 5 2 56 1
1 5 1 67 1
1 5 2 50 1
1 5 2 60 1
1 5 2 55 1
1 5 1 57 1
1 5 2 52 1
1 5 2 67 1
1 5 1 58 1
3 5 1 78 1
1 5 1 74 1
1 5 1 51 1
1 5 2 57 1
3 5 2 55 1
1 5 1 51 1
1 5 2 51 1
3 5 1 50 1
1 5 1 24 1
1 6 1 51 1
1 6 2 71 1
1 6 2 51 1
1 6 1 48 1
3 6 1 51 1
1 6 1 84 1
1 6 1 75 1
1 6 1 45 1
1 6 1 67 1
1 6 1 50 1
1 6 1 57 1
1 6 2 48 1
1 6 1 54 1
1 6 1 80 1
1 6 2 58 2
1 7 2 71 1
1 7 2 65 1
1 7 1 57 1
3 7 1 53 1
1 7 1 45 1
1 7 2 55 1
1 7 2 49 1
3 7 1 54 1
3 7 2 52 1
1 7 2 60 1
1 7 2 68 1
1 7 2 57 1
1 7 1 64 1
1 7 2 70 1
1 7 1 75 1
1 7 2 30 1
1 7 1 68 1
1 7 1 72 1
1 7 1 52 1
1 7 2 60 1
1 7 1 49 1
1 7 2 50 1
1 7 1 62 1
1 7 2 51 1
1 7 1 45 1
1 7 1 51 1
1 7 1 59 1
1 7 1 52 1
1 7 1 51 1
1 7 1 61 1
1 8 1 65 1
1 8 2 54 1
1 8 2 70 1
1 8 1 62 1
3 8 2 58 1
1 8 2 62 1
1 8 2 56 1
1 8 2 61 1
1 8 1 72 1
1 8 1 70 1
1 8 2 64 1
1 8 1 67 1
1 8 2 65 1
1 8 1 65 1
1 8 1 73 1
1 8 2 70 1
1 8 1 45 1
1 8 1 51 1
1 8 1 67 1
1 8 2 53 1
1 8 2 48 1
1 8 2 67 1
3 8 2 57 1
1 8 2 57 1
3 8 2 39 1
1 8 1 67 1
1 8 2 91 1
1 8 1 61 1
3 8 2 56 1
3 8 1 55 1
1 8 2 47 1
3 8 2 55 1
1 8 2 62 1
1 9 2 56 1
1 9 2 70 1
1 9 1 63 1
1 9 2 54 1
1 9 2 53 1
1 9 1 49 1
1 9 2 64 1
1 9 2 54 1
1 9 1 63 1
1 9 1 46 1
1 9 1 60 1
1 9 2 47 1
1 9 1 55 1
1 9 1 63 1
1 9 1 54 1
1 9 2 40 1
1 9 1 67 1
1 9 1 68 1
1 9 2 51 1
1 9 1 48 1
1 9 2 64 1
1 10 2 58 1
3 10 1 54 1
1 10 1 66 1
3 10 1 58 1
1 10 2 52 1
1 10 2 101 1
1 10 1 49 1
1 10 1 48 1
1 10 1 65 1
3 10 1 59 1
1 10 2 46 1
1 10 2 52 1
1 10 1 61 1
1 10 1 57 1
1 10 1 62 1
3 10 1 53 1
3 10 1 69 1
1 11 2 67 1
1 11 1 54 1
1 11 1 69 1
1 11 1 52 1
1 11 1 64 2
1 11 1 56 1
1 11 2 57 1
1 11 1 65 1
1 11 1 58 1
1 11 1 62 2
3 11 2 63 1
1 11 2 62 1
1 11 1 63 1
1 11 2 70 1
1 11 2 51 1
1 11 1 44 1
1 11 1 74 1
1 11 2 48 1
1 11 1 67 1
1 11 1 68 1
1 11 2 56 1
1 11 2 59 1
1 11 1 65 1
3 11 1 42 1
1 11 1 68 1
1 11 1 69 1
1 11 1 54 1
1 11 1 64 1
1 11 1 55 1
1 11 2 48 1
1 11 1 69 1
1 11 1 67 1
1 12 2 54 1
1 12 1 76 1
1 12 1 51 1
1 12 1 46 1
1 12 1 53 1
3 12 1 61 1
1 12 1 60 1
1 12 1 65 1
1 12 2 55 1
1 12 1 68 1
3 12 2 55 1
1 12 2 52 1
3 12 1 54 1
1 12 1 49 1
1 12 2 49 1
1 12 1 67 1
1 12 2 49 1
1 12 2 82 1
1 12 1 57 1
1 12 2 72 1
1 12 2 51 1
1 13 1 55 1
1 13 1 60 1
1 13 1 64 1
1 13 2 71 1
1 13 1 54 1
1 13 2 49 1
1 13 2 73 1
1 13 2 51 1
3 13 1 68 1
1 13 1 85 1
1 13 2 54 1
3 13 1 56 1
1 13 1 63 1
1 13 2 55 1
1 13 1 54 1
3 13 2 54 1
1 13 1 50 1
1 13 2 51 1
1 13 2 52 1
1 13 1 60 1
1 13 2 51 1
1 13 2 53 1
1 13 1 62 1
1 13 1 44 1
1 13 2 57 1
1 14 1 54 1
1 14 1 62 1
1 14 2 72 1
1 14 2 63 1
1 14 1 51 1
1 14 1 67 1
1 14 2 50 1
1 14 2 67 1
1 14 2 60 1
1 14 1 82 1
1 14 1 56 1
1 14 2 54 1
1 14 2 51 1
1 14 2 75 1
1 14 2 48 1
1 14 2 53 1
1 14 2 47 1
1 14 2 48 1
1 14 1 65 1
3 14 1 54 1
3 14 2 51 1
1 14 1 46 1
1 14 2 55 1
1 14 2 61 1
3 14 1 52 1
1 14 1 71 1
1 14 2 65 1
3 14 2 59 1
1 14 2 57 1
1 14 1 56 1
1 15 1 53 1
1 15 1 59 1
1 15 2 53 1
1 15 1 60 1
1 15 2 55 1
1 15 1 59 1
1 15 1 58 1
1 15 1 66 1
3 15 1 58 1
1 15 2 54 1
1 15 1 58 2
1 15 1 65 1
1 15 1 59 1
1 15 2 49 1
1 15 2 54 1
1 15 1 68 1
1 15 1 72 1
1 15 2 70 1
1 15 2 62 1
1 15 1 48 1
1 15 1 50 1
1 15 2 57 1
1 15 1 46 1
1 15 1 74 1
1 15 1 61 1
1 15 2 45 1
3 15 1 61 1
1 15 1 49 2
1 16 1 75 1
1 16 2 48 1
1 16 2 66 1
1 16 1 69 1
1 16 1 50 1
1 16 2 47 1
1 16 1 77 1
3 16 1 70 1
1 16 2 59 1
1 16 2 69 1
1 16 1 52 1
3 16 1 52 1
3 16 2 62 1
1 16 2 43 1
1 16 1 59 1
1 16 2 58 1
1 16 1 61 1
1 16 2 68 1
1 16 1 54 1
1 16 2 66 1
1 16 1 51 1
1 16 2 52 1
3 16 1 55 1
1 16 1 59 1
1 17 1 63 1
1 17 2 62 1
3 17 2 52 1
1 17 1 67 1
1 17 2 76 1
1 17 1 66 1
1 17 1 56 1
3 17 2 56 1
1 17 1 57 1
1 17 2 59 1
3 17 1 61 1
1 17 2 77 1
1 17 1 75 1
1 17 2 60 1
3 17 2 44 1
1 17 1 46 1
1 17 2 53 1
1 17 2 48 1
1 18 1 57 1
3 18 1 56 1
3 18 1 64 1
1 18 1 53 1
3 18 2 52 1
3 18 2 44 1
1 18 1 48 1
1 18 2 66 1
1 18 1 51 1
1 18 2 48 1
1 18 2 53 1
1 18 2 65 1
3 18 1 58 1
1 18 2 65 1
3 18 2 70 1
1 18 1 68 1
1 18 2 75 1
1 18 1 70 1
3 18 2 60 1
3 19 2 47 1
1 19 2 58 1
1 19 1 65 2
1 19 2 67 1
1 19 1 66 1
1 19 1 64 2
3 19 2 50 1
1 19 2 52 1
1 19 1 54 1
3 19 1 44 1
1 19 1 59 1
1 19 1 55 1
1 19 1 73 1
3 19 2 32 1
1 19 2 54 1
1 19 2 49 2
1 19 2 64 1
1 19 2 67 1
1 19 1 63 1
1 19 1 54 1
1 19 2 69 1
1 19 2 54 1
3 19 2 45 1
3 19 2 42 2
3 19 2 43 1
1 19 1 66 1
1 19 2 51 1
1 19 2 62 1
3 19 1 66 1
1 19 2 59 1
1 20 1 71 1
1 20 1 53 2
1 20 1 48 1
1 20 1 62 1
1 20 1 63 1
1 20 1 60 1
1 20 1 57 1
1 20 1 68 1
1 20 1 53 1
1 20 2 71 1
1 20 2 51 1
1 20 1 71 1
1 20 2 67 1
1 20 1 65 1
1 20 1 51 1
1 20 2 60 1
1 20 1 54 1
1 20 1 61 1
1 20 1 70 1
1 21 2 56 1
1 21 2 68 1
1 21 2 54 1
1 21 2 63 1
1 21 2 65 1
1 21 1 79 1
1 21 2 51 1
1 21 2 56 1
1 21 1 63 1
1 22 2 66 1
3 22 1 53 1
1 22 2 65 1
1 22 1 65 1
3 22 1 64 1
1 22 2 62 1
1 22 2 67 1
1 22 2 59 1
3 22 2 58 1
1 22 1 73 1
1 23 2 56 1
1 23 1 65 1
1 23 1 58 1
1 23 2 56 1
1 23 1 52 1
1 23 2 69 1
1 23 2 63 1
1 23 2 48 1
3 23 1 35 1
3 23 1 59 1
1 23 2 60 1
3 23 1 38 1
1 23 1 60 1
1 23 1 48 1
3 23 1 48 1
1 23 1 61 1
1 23 1 48 1
1 23 2 47 1
1 23 1 61 1
1 23 1 53 1
1 24 1 65 1
1 24 2 63 1
1 24 1 72 1
1 24 1 62 1
1 24 2 55 1
1 24 1 58 1
1 24 1 67 1
1 24 1 66 1
1 24 2 64 1
1 24 1 70 1
1 24 2 53 1
1 24 1 53 1
1 24 1 60 1
3 24 1 66 1
1 24 1 64 1
3 25 2 62 1
1 25 1 64 1
3 25 1 53 1
1 25 1 62 1
1 25 1 63 1
1 25 2 80 1
1 25 2 54 1
3 25 2 55 1
1 25 2 29 1
1 26 2 52 1
1 26 1 78 1
3 26 1 51 1
1 26 1 54 2
1 26 1 71 1
1 26 2 69 1
1 26 1 67 1
1 26 1 64 1
1 26 1 54 1
3 26 1 51 1
1 26 2 74 1
1 26 2 65 1
1 26 2 46 1
1 26 1 68 1
1 26 1 57 1
1 26 2 51 1
3 26 2 49 1
1 26 1 72 1
1 26 1 46 1
3 26 2 55 1
1 26 1 61 1
1 26 2 71 1
1 26 2 49 1
1 26 1 50 1
3 27 2 54 1
3 27 1 60 1
1 27 1 65 1
1 27 2 64 1
3 27 2 49 1
1 27 2 64 1
3 27 1 49 1
3 27 1 38 1
3 27 1 39 1
1 27 1 55 1
3 27 2 38 1
1 27 1 50 1
1 27 1 70 1
1 27 2 61 1
1 27 2 63 1
1 27 1 63 1
1 27 2 41 1
3 27 1 65 1
1 27 1 66 1
3 27 2 60 1
3 27 2 41 1
1 27 1 61 2
1 27 1 59 1
1 27 1 59 1
1 27 1 62 1
3 27 1 63 1
1 27 1 72 1
3 27 2 44 1
1 27 2 46 1
1 28 1 66 1
1 28 1 72 1
1 28 1 51 1
1 28 1 43 1
1 28 1 52 1
1 28 1 54 1
1 28 2 66 1
1 28 2 50 1
1 28 2 67 1
1 28 2 65 1
3 28 2 65 1
1 28 1 47 1
1 28 2 83 1
1 28 1 56 1
1 28 1 62 1
1 28 1 65 1
1 28 1 66 1
1 28 1 59 1
1 28 2 52 1
3 28 1 54 1
1 29 1 63 1
1 29 1 62 1
3 29 1 40 1
1 29 1 54 1
3 29 2 48 1
1 29 2 64 1
1 29 1 61 1
1 29 2 71 1
1 29 1 60 1
1 29 1 59 1
1 29 1 58 1
1 29 1 68 1
1 30 2 64 1
1 30 1 71 1
1 30 1 65 1
3 30 2 54 1
3 30 1 65 1
1 30 1 65 2
1 30 2 45 1
1 30 1 83 1
1 30 1 54 1
1 30 1 51 1
1 30 1 57 1
3 30 2 56 1
1 30 1 71 1
1 30 2 62 1
1 30 1 86 1
1 30 1 62 1
3 30 1 51 1
1 30 1 69 1
1 30 1 66 1
1 31 2 68 1
1 31 2 51 1
1 31 2 62 1
1 31 1 65 1
1 31 1 63 1
1 31 1 51 1
3 31 2 47 1
3 31 1 60 1
1 31 1 59 1
1 31 1 82 1
1 31 2 61 1
1 31 1 67 1
1 31 1 61 1
1 31 1 61 1
1 31 1 63 1
3 31 2 70 1
1 31 1 72 1
1 31 1 53 1
3 31 1 50 1
1 31 1 68 1
1 31 1 70 1
3 31 2 51 1
1 32 1 65 1
1 32 1 78 1
1 32 1 79 1
1 32 1 65 1
1 32 2 66 1
1 32 1 66 1
1 32 1 67 1
1 32 1 77 1
1 32 1 45 1
1 32 2 62 1
3 32 1 65 1
3 32 2 63 1
1 32 2 70 1
1 32 1 77 1
1 32 2 48 1
3 32 1 48 1
1 33 2 66 1
1 33 1 49 1
1 33 2 65 1
1 33 1 64 1
1 33 1 64 1
1 33 1 78 1
1 33 2 68 1
1 33 1 65 1
1 33 2 47 1
1 33 2 64 1
1 33 1 68 1
3 34 1 58 1
1 34 1 78 1
3 34 1 65 1
1 34 1 62 1
1 34 2 67 1
1 34 2 64 1
1 34 1 65 1
1 34 1 59 1
1 34 1 63 1
1 34 2 65 1
3 34 1 70 1
1 34 2 57 1
3 34 2 65 1
1 34 1 56 1
1 35 1 67 1
1 35 2 52 1
1 35 1 68 1
3 35 1 49 1
1 35 1 56 1
1 35 1 66 1
1 35 1 66 1
1 35 2 69 1
1 35 1 62 1
3 35 2 61 1
1 35 1 74 1
1 35 1 56 1
1 35 1 65 1
1 36 1 63 1
3 36 1 42 1
1 36 2 68 1
1 36 1 64 1
1 36 2 49 1
1 36 1 46 1
1 36 2 58 1
1 36 2 55 1
1 36 2 65 1
3 36 1 64 1
1 36 1 63 1
1 36 2 66 1
1 36 1 66 1
3 36 2 65 1
1 36 1 59 1
1 36 1 51 1
1 37 2 69 1
1 37 1 61 1
3 37 1 58 1
1 37 2 63 1
3 37 1 56 1
3 37 1 46 1
1 37 1 64 1
1 37 1 64 1
1 37 2 62 1
1 37 1 70 1
3 37 1 61 1
1 37 2 75 1
1 37 1 60 1
1 37 1 70 1
1 37 1 51 1
3 37 2 61 1
3 37 2 54 1
1 38 2 50 1
1 38 2 68 1
1 38 1 58 1
1 38 2 48 1
3 38 2 49 1
1 38 1 60 1
3 38 1 52 1
1 38 1 52 1
1 38 2 61 1
1 38 2 90 1
1 38 2 64 1
1 38 1 70 1
1 38 2 70 1
1 38 2 56 1
1 39 2 56 1
1 39 2 69 1
1 39 2 67 1
1 39 1 67 1
1 39 1 76 1
1 39 2 56 1
1 39 2 62 1
3 39 2 56 1
1 39 2 70 1
1 39 2 73 1
3 39 2 57 1
1 39 2 65 1
1 39 2 67 1
3 39 2 62 1
1 39 2 63 1
1 39 1 68 1
1 39 2 49 1
3 39 1 59 1
3 39 1 46 1
3 39 2 67 1
3 39 1 61 1
1 39 1 67 1
1 39 1 80 1
1 40 1 66 1
1 40 2 53 1
1 40 2 74 1
1 40 1 48 1
1 40 2 64 1
1 40 1 57 1
1 40 1 76 1
1 40 2 73 1
1 40 2 57 1
1 40 1 54 1
1 40 1 56 1
1 40 2 88 1
1 40 1 65 1
1 40 1 60 1
1 40 1 72 1
1 40 2 48 1
1 40 2 70 1
1 41 1 63 1
1 41 1 65 1
3 41 1 48 1
1 41 2 53 1
1 41 1 69 1
3 41 1 57 2
3 41 1 59 1
3 41 2 58 1
3 41 2 69 1
3 41 1 38 2
3 41 2 60 1
3 41 1 54 1
1 41 1 62 1
1 41 2 54 1
1 41 1 63 1
1 41 1 67 1
1 41 1 76 1
3 41 1 52 1
3 41 1 59 1
1 42 1 60 1
1 42 1 47 1
1 42 1 64 1
1 42 1 49 1
1 42 1 56 1
1 42 2 62 1
3 42 1 48 1
1 42 2 65 1
3 42 1 64 1
1 43 2 63 1
1 43 2 47 1
1 43 1 61 1
1 43 1 60 1
1 43 1 51 1
3 43 1 60 1
1 43 1 47 1
1 43 1 58 1
1 43 2 69 1
1 43 1 48 1
1 43 1 70 1
1 43 1 55 1
1 43 1 63 1
3 43 2 49 1
1 43 2 48 2
1 43 2 59 1
1 43 1 84 1
3 43 1 57 1
1 43 2 63 1
3 43 1 37 1
1 43 2 29 1
1 44 2 79 1
1 44 2 66 1
1 44 2 57 1
3 44 2 37 1
1 44 1 49 1
3 44 2 50 1
1 44 2 66 1
1 44 2 57 1
1 44 2 58 1
1 44 2 46 1
1 44 2 51 1
1 45 1 46 1
1 45 1 71 1
3 45 2 47 1
1 45 1 77 1
1 45 1 63 1
1 45 2 43 1
1 45 1 46 1
1 45 1 46 1
1 45 1 73 1
1 45 1 56 1
1 45 1 67 1
1 45 1 66 1
1 45 1 63 1
3 46 1 53 1
1 46 2 51 1
1 46 1 64 1
1 46 1 62 1
1 46 2 62 1
1 46 1 72 1
1 46 1 47 1
1 46 2 75 1
1 46 2 65 1
1 46 2 59 1
3 46 1 52 1
1 46 1 67 1
1 46 2 46 1
1 46 1 58 1
1 46 2 75 1
1 46 1 54 1
1 46 1 56 1
3 47 1 57 1
1 47 1 65 1
1 47 1 72 1
1 47 2 75 1
1 47 2 62 1
1 47 1 62 1
3 47 1 60 1
3 47 1 52 1
1 47 1 82 1
1 47 2 62 1
1 47 2 69 1
3 47 2 59 1
1 47 1 60 1
3 47 1 45 1
1 47 1 68 1
1 48 1 67 1
1 48 2 64 1
1 48 1 51 1
1 48 1 50 1
1 48 1 66 1
1 48 1 78 1
3 48 2 48 1
1 48 1 88 1
3 48 2 51 1
1 48 2 61 1
1 48 1 75 1
1 48 2 61 1
1 48 2 69 1
1 48 2 71 1
1 49 1 78 1
1 49 2 65 1
1 49 1 64 1
3 49 1 57 1
3 49 1 64 1
3 49 1 61 1
1 49 1 66 1
1 49 1 69 1
3 49 1 57 1
1 49 1 48 1
1 49 2 74 1
1 49 1 87 1
1 50 1 63 1
1 50 1 75 1
1 50 2 53 1
3 50 1 50 1
3 50 2 58 1
1 50 1 61 1
3 50 1 60 1
1 50 2 74 1
1 50 2 66 1
1 50 1 62 1
1 50 1 84 1
3 50 1 52 1
1 50 2 66 1
1 51 1 63 1
1 51 2 69 1
1 51 1 74 1
1 51 2 72 1
1 51 2 49 1
1 51 2 100 1
1 51 1 52 1
1 51 2 100 1
1 51 1 62 1
1 51 2 35 1
3 51 1 56 1
1 51 2 29 1
1 51 2 51 1
1 51 2 73 1
1 51 1 66 1
3 52 2 69 1
1 52 1 48 1
3 52 1 59 1
1 52 2 66 1
1 52 1 66 1
1 52 2 67 1
3 52 1 50 1
1 52 1 66 1
1 52 2 71 1
1 52 1 65 1
3 52 2 40 2
1 52 1 92 1
1 52 1 62 1
1 52 1 56 1
1 53 2 63 1
1 53 1 69 1
1 53 1 75 1
1 53 2 59 1
1 53 1 59 1
1 53 1 66 1
1 53 1 72 1
1 53 2 66 1
1 53 1 67 1
1 53 1 58 1
1 53 2 56 1
1 54 1 67 1
1 54 2 58 1
1 54 2 77 1
1 54 1 62 1
1 54 2 67 1
1 54 2 50 1
1 54 1 44 1
3 54 1 46 1
1 54 1 57 1
1 54 1 65 1
3 54 1 54 1
1 54 2 64 1
1 54 1 55 1
1 54 1 53 1
1 54 1 70 1
3 54 1 62 1
1 54 2 66 1
1 54 1 52 1
1 54 2 70 1
3 54 2 43 1
1 54 2 57 1
1 54 1 52 1
3 55 2 51 1
1 55 2 33 1
1 55 2 60 1
1 55 2 57 1
1 55 1 64 1
1 55 1 54 1
1 55 1 68 1
1 55 1 56 1
1 55 1 45 1
1 55 2 73 1
1 55 2 45 1
1 55 2 49 1
1 56 1 71 1
1 56 1 64 1
1 56 2 63 1
1 56 2 58 1
1 56 2 50 1
1 56 2 65 1
1 56 2 61 1
3 56 1 50 1
1 56 1 48 1
1 56 1 47 1
1 56 1 62 1
1 56 1 64 1
1 56 2 76 1
1 57 2 70 1
1 57 2 88 1
3 57 2 58 1
1 57 1 60 1
1 57 2 80 1
3 57 2 55 1
1 57 1 46 1
1 57 2 59 1
1 57 2 87 1
1 57 1 58 1
1 57 1 65 1
1 57 1 67 1
1 57 1 49 1
1 57 1 65 1
1 57 1 46 1
3 58 1 55 1
1 58 2 71 1
3 58 1 39 1
1 58 2 53 1
1 58 1 48 1
1 58 1 53 1
1 58 1 78 1
1 58 1 75 1
3 58 2 60 1
1 59 1 65 1
1 59 2 51 1
3 59 1 37 1
3 59 1 52 1
1 59 1 50 1
1 59 1 48 1
1 59 1 69 1
1 59 2 50 1
1 59 2 44 1
1 59 1 63 1
1 59 1 53 1
1 59 2 54 1
1 59 1 56 1
1 59 1 68 1
1 59 2 48 1
3 59 1 52 1
1 60 1 70 1
1 60 2 70 1
1 60 1 70 1
1 60 1 73 1
1 60 1 83 1
1 60 1 61 1
1 60 2 73 1
1 60 2 52 1
3 60 1 65 1
1 60 1 80 1
1 60 2 49 1
1 60 2 73 1
3 61 2 60 1
1 61 2 62 1
1 61 1 44 1
1 61 1 65 1
1 61 1 55 1
1 61 1 56 1
1 61 1 66 1
1 61 2 62 1
3 61 2 47 1
1 61 1 73 1
1 62 1 57 1
1 62 2 49 1
1 62 2 70 1
1 62 2 44 1
1 62 1 56 1
3 62 1 52 1
1 62 1 50 1
1 62 1 71 1
1 62 2 49 1
1 62 2 67 1
1 62 1 57 1
1 63 1 64 1
1 63 2 69 1
1 63 2 59 1
1 63 1 63 1
3 63 1 56 1
3 63 1 51 1
1 63 2 68 1
3 63 2 55 1
1 63 1 64 1
1 63 1 62 1
1 63 1 65 1
1 63 1 48 1
1 63 2 50 1
1 63 1 67 1
1 64 2 71 1
1 64 1 68 1
1 64 2 53 1
1 64 1 58 1
1 64 2 69 1
1 64 2 67 1
1 64 2 70 1
3 64 2 52 1
1 64 1 78 1
1 64 2 53 1
1 64 1 65 1
1 64 2 72 1
1 64 2 34 1
1 64 2 59 1
1 64 1 50 1
1 64 1 63 1
3 64 1 51 1
1 64 2 51 1
1 64 1 47 1
1 64 2 66 1
1 65 1 69 1
1 65 1 62 1
1 65 2 54 1
1 65 2 46 1
1 65 1 64 1
3 65 2 56 1
3 65 1 50 1
3 65 1 51 1
1 65 1 49 1
1 65 2 62 1
1 65 2 57 1
1 65 1 65 1
1 65 1 74 1
3 65 2 48 1
1 65 1 65 1
3 65 2 59 1
1 65 2 61 1
3 66 1 51 1
1 66 1 61 1
3 66 1 61 1
1 66 1 65 1
1 66 1 89 1
3 66 1 57 1
3 66 1 66 1
3 66 1 46 1
1 66 2 72 1
1 66 1 56 1
1 66 2 58 1
1 66 2 63 1
1 66 2 63 1
3 66 2 69 1
1 66 1 61 1
1 67 2 96 1
1 67 1 43 1
1 67 1 71 1
3 67 1 61 1
1 67 1 64 1
1 67 2 69 1
1 67 1 65 1
3 67 1 65 1
1 67 1 55 1
1 67 1 66 1
3 67 1 37 1
1 67 2 68 1
1 67 1 64 1
1 67 1 56 1
1 67 1 39 1
1 67 1 67 1
3 67 1 51 1
1 67 1 62 1
1 67 1 71 1
1 67 1 76 1
1 67 2 63 1
1 67 1 68 2
1 67 1 67 1
1 68 2 53 1
1 68 2 66 1
1 68 2 54 1
1 68 1 61 1
1 68 1 50 1
1 68 1 63 1
1 68 1 77 1
1 68 1 65 1
1 68 1 61 1
1 68 1 79 1
3 68 1 55 1
1 68 2 70 1
3 69 2 54 1
3 69 2 53 1
3 69 1 50 1
1 69 1 55 1
1 69 1 46 1
1 69 2 49 1
1 69 2 46 1
1 69 1 53 1
1 69 2 63 1
1 69 1 54 1
1 69 1 72 1
1 69 1 64 1
3 69 2 56 1
1 69 1 61 1
1 69 1 57 1
1 70 2 52 1
1 70 2 55 1
1 70 1 71 1
1 70 1 60 1
1 70 2 83 1
1 70 2 45 1
1 70 1 68 1
3 70 1 59 1
1 70 2 64 1
1 70 1 50 1
1 70 2 56 1
1 70 2 51 1
1 70 1 64 1
1 70 1 52 1
1 70 1 64 1
1 71 2 67 1
1 71 2 65 1
1 71 1 53 1
1 71 1 63 1
3 71 1 50 1
1 71 2 67 1
1 71 2 73 1
1 71 1 64 1
1 71 1 72 1
1 71 2 66 1
1 71 1 67 1
1 71 1 66 1
1 71 1 52 1
3 71 1 50 1
3 71 2 55 1
1 71 1 63 1
1 72 1 49 1
1 72 1 65 1
1 72 1 46 1
1 72 2 73 1
1 72 1 74 1
1 72 1 45 1
1 72 1 70 1
1 72 2 58 1
1 73 1 60 1
1 73 1 65 1
1 73 1 64 1
1 73 2 65 1
1 73 1 64 1
1 73 1 68 2
1 73 1 53 1
1 73 1 68 1
1 73 1 67 1
1 73 1 64 1
1 73 2 60 1
1 73 1 56 1
1 73 2 61 1
1 73 2 52 1
1 73 1 68 1
1 74 2 55 1
1 74 2 44 1
1 74 2 61 1
1 74 2 62 1
1 74 1 66 1
1 74 1 65 1
1 74 1 63 1
1 74 2 53 1
1 74 1 55 1
1 74 1 61 1
1 74 1 66 1
1 74 1 65 1
1 75 1 60 1
1 75 1 83 1
1 75 1 51 1
1 75 2 48 1
1 75 1 65 1
1 75 1 67 1
3 75 2 61 1
1 75 1 56 1
1 76 1 65 1
1 76 1 79 1
1 76 1 66 1
3 76 1 72 1
1 76 1 59 1
3 76 1 52 1
1 76 2 62 1
1 76 1 55 1
1 76 2 75 1
1 77 1 53 1
1 77 2 54 1
1 77 1 60 1
1 77 1 62 1
1 77 2 54 1
1 77 1 70 1
1 77 1 55 1
1 77 2 74 1
1 77 2 67 1
1 77 2 53 1
3 77 2 56 1
1 77 2 65 1
1 77 1 50 1
1 77 1 69 1
1 77 1 53 1
1 77 2 44 1
1 77 2 65 1
1 77 1 50 1
3 78 1 52 1
1 78 1 47 1
1 78 2 68 1
1 78 1 56 1
1 78 1 43 1
1 79 1 50 1
1 79 1 82 1
1 79 1 59 1
1 79 2 64 1
1 79 2 53 1
1 79 2 46 1
1 79 1 71 1
1 79 1 55 1
1 79 1 58 1
1 79 1 49 1
1 79 1 63 1
1 79 1 75 1
1 79 1 64 1
1 79 2 59 1
1 79 1 72 1
1 79 1 62 1
1 79 1 50 1
1 79 1 47 1
1 79 1 60 2
1 79 1 66 1
1 79 2 50 1
1 80 2 70 1
1 80 2 77 1
1 80 1 76 1
1 80 1 62 1
1 80 1 66 1
1 80 2 65 1
1 80 2 56 1
1 80 2 53 1
1 80 2 66 1
1 80 1 76 1
3 80 2 62 1
1 80 1 54 1
1 80 1 60 1
1 80 1 49 1
1 81 1 63 1
1 81 2 48 1
1 81 1 62 1
1 81 2 79 1
1 81 1 68 1
1 81 2 49 1
1 82 1 77 1
1 82 2 52 1
1 82 1 46 1
1 82 1 63 1
1 82 2 47 1
1 82 1 73 1
1 82 1 71 1
1 82 1 65 1
1 82 2 67 1
1 82 1 60 1
1 82 2 49 1
1 83 2 54 1
1 83 2 73 1
1 83 2 59 1
1 83 1 61 1
1 83 2 56 1
1 83 1 62 1
1 83 2 66 1
1 83 2 50 1
1 83 2 48 1
1 83 2 52 1
1 83 1 68 1
1 83 1 52 1
1 83 1 64 1
1 83 2 62 1
1 84 1 67 1
1 84 1 64 1
1 84 1 59 1
1 84 2 69 1
1 84 1 62 1
1 84 1 55 1
3 84 1 60 1
1 84 2 66 1
1 84 1 70 1
1 84 1 47 1
1 84 1 59 1
1 84 1 65 1
1 84 1 66 1
1 85 2 57 1
1 85 1 46 1
1 85 2 54 1
3 85 1 48 1
1 85 2 64 1
1 85 1 67 1
3 85 1 51 1
1 85 1 67 1
1 85 2 81 1
1 85 1 78 1
1 85 2 85 1
1 85 2 43 1
3 85 2 49 1
3 86 2 65 1
1 86 1 65 1
3 86 2 56 1
1 86 1 64 1
1 86 1 69 1
1 86 1 59 1
1 86 2 61 1
1 87 1 49 1
1 87 2 63 1
1 87 1 51 1
1 87 2 56 1
1 87 2 73 1
1 87 1 72 1
1 87 2 55 1
3 87 1 52 1
1 87 1 45 1
1 87 2 44 1
1 87 2 50 1
3 87 2 47 1
1 87 2 67 1
1 87 2 55 1
1 88 2 60 1
1 88 1 46 1
1 88 1 62 1
1 88 1 74 1
1 88 1 47 1
1 88 1 67 1
1 88 1 59 1
3 88 1 64 1
1 88 1 72 1
1 88 1 62 1
1 88 1 63 1
1 88 1 62 1
1 88 1 74 1
1 89 2 31 1
1 89 2 88 1
1 89 1 50 1
1 89 1 50 1
1 89 2 61 1
1 89 2 48 1
1 89 1 51 1
1 89 1 68 1
1 89 2 46 1
3 89 1 54 1
3 89 1 37 1
1 89 2 44 1
1 89 2 53 1
1 89 2 72 1
1 89 1 65 1
1 89 2 43 1
1 89 1 75 1
1 90 1 55 1
1 90 2 57 1
1 90 1 56 1
1 90 2 86 1
3 90 2 54 1
1 90 2 76 1
3 90 1 58 1
3 90 1 55 1
1 90 1 51 1
1 91 2 33 1
1 91 2 56 1
1 91 1 70 1
1 91 1 47 3
3 91 2 51 1
1 91 2 35 1
1 91 2 80 1
3 91 2 38 1
1 91 2 67 1
1 91 1 61 1
1 91 1 63 1
1 92 1 47 1
1 92 2 51 1
1 92 2 69 1
1 92 1 63 1
1 92 2 53 1
1 92 1 51 1
1 92 2 90 1
1 92 1 56 1
1 92 1 62 1
1 92 2 65 1
1 92 2 55 1
1 92 1 61 1
1 92 1 83 1
1 92 1 53 1
1 92 1 66 1
1 92 2 53 1
1 93 1 61 1
1 93 1 62 1
1 93 2 59 1
1 93 2 64 1
1 93 2 51 1
1 93 1 64 1
1 93 2 70 1
1 93 1 61 1
1 94 1 58 1
3 94 2 34 1
1 94 2 33 1
1 94 1 75 1
1 94 1 63 1
1 94 2 69 1
1 94 2 49 1
1 94 1 70 1
3 95 2 56 1
1 95 1 48 1
1 95 1 45 1
1 95 2 55 1
1 95 1 60 1
1 95 1 60 1
3 95 1 57 1
1 95 1 54 1
1 95 1 72 1
3 95 1 53 1
1 95 1 72 1
3 95 1 58 1
1 95 2 56 1
1 95 1 46 1
1 95 2 65 1
1 96 2 67 1
1 96 1 63 1
1 96 1 62 1
1 96 1 67 1
1 96 1 45 1
1 96 2 62 1
1 96 1 50 1
1 96 1 48 1
1 96 1 74 1
1 96 1 71 1
1 96 1 83 1
1 96 1 67 1
1 96 2 68 1
1 97 1 48 1
1 97 1 53 1
1 97 2 65 1
1 97 2 75 1
1 97 2 52 1
1 97 2 49 1
1 97 2 58 1
1 97 1 73 1
1 97 2 48 1
3 97 2 48 1
3 97 2 67 1
1 97 2 55 1
1 97 1 62 1
1 97 2 67 1
3 98 1 65 1
1 98 2 55 1
1 98 1 64 1
1 98 1 62 1
1 98 1 62 1
1 98 1 50 1
1 98 2 51 1
1 98 1 66 1
1 98 1 69 1
3 98 1 56 1
1 98 2 52 1
1 98 1 67 1
1 98 1 54 1
3 98 2 39 1
1 99 2 52 1
1 99 1 49 1
1 99 2 60 1
1 99 2 71 1
1 99 1 80 1
1 99 2 72 1
1 99 2 53 1
1 99 2 73 1
1 99 2 62 1
1 99 1 43 1
3 100 2 61 1
1 100 1 64 1
1 100 1 77 1
1 100 1 64 1
1 100 1 60 1
1 100 2 56 1
1 100 2 63 1
1 100 2 60 1
1 100 1 64 1
3 100 2 62 1
1 101 1 60 1
1 101 1 67 1
1 101 2 58 1
3 101 1 43 1
1 101 1 55 1
1 101 1 48 1
1 101 2 64 1
1 101 1 60 1
1 101 1 53 1
1 101 2 71 1
1 101 1 64 1
1 102 2 56 1
1 102 1 76 1
1 102 1 65 1
1 102 1 62 1
1 102 1 68 1
1 102 2 68 1
1 102 1 55 1
1 102 2 59 1
1 102 1 56 1
1 102 1 56 1
1 103 1 71 1
1 103 1 47 1
1 103 1 46 1
1 103 2 62 1
1 103 1 74 1
1 103 1 66 1
1 103 1 46 1
3 103 2 63 1
1 104 1 66 1
1 104 2 57 1
1 104 1 59 1
1 104 2 53 1
1 104 1 63 1
1 104 1 48 1
1 104 1 64 1
1 104 2 50 1
1 104 2 57 1
1 104 1 64 1
1 104 1 52 1
1 104 1 62 1
1 104 2 60 1
1 104 2 55 1
1 104 1 63 1
1 104 2 54 1
1 105 2 64 1
1 105 1 48 1
1 105 1 55 1
3 105 2 55 1
1 105 2 68 1
1 105 2 63 1
1 105 1 52 1
1 105 2 48 1
1 105 1 47 1
3 106 1 57 1
1 106 2 54 1
1 106 2 59 1
1 106 1 63 1
1 106 1 67 1
1 106 2 61 1
1 106 1 49 1
1 106 2 54 1
1 106 1 64 1
1 106 1 60 1
1 106 2 53 1
1 106 2 65 1
1 106 1 59 2
1 106 1 59 1
3 106 2 39 1
1 106 1 52 1
3 106 1 56 1
3 106 2 54 1
1 106 1 59 1
1 106 2 64 1
3 106 1 53 1
1 107 2 57 1
1 107 1 71 1
1 107 1 47 1
1 107 1 56 1
1 107 1 57 1
3 107 2 60 1
1 107 1 68 1
1 107 2 47 1
1 107 1 61 1
1 107 1 49 1
1 108 2 66 1
1 108 2 28 1
1 108 1 76 1
1 108 1 60 1
3 108 1 56 1
1 108 1 60 1
1 108 2 33 1
1 108 1 67 1
1 108 1 53 1
1 108 2 55 1
1 108 1 57 1
3 108 1 58 1
1 108 1 65 1
1 109 1 59 1
1 109 2 71 1
1 109 2 69 1
3 109 1 61 1
1 109 1 64 1
1 109 2 61 1
1 109 2 64 1
3 109 1 39 1
1 109 1 60 1
1 109 2 56 1
1 109 1 63 1
1 109 2 61 1
3 109 2 52 1
1 110 2 47 1
1 110 1 62 1
1 110 2 30 1
1 110 2 68 1
1 110 1 63 1
1 110 1 79 1
1 110 1 61 1
1 110 1 50 1
1 110 1 57 1
1 110 1 66 1
1 110 1 56 1
3 110 2 57 1
3 110 2 50 1
1 110 1 60 1
1 110 2 48 1
1 111 1 67 1
3 111 1 52 1
1 111 1 71 1
1 111 1 84 1
1 111 1 72 1
1 111 2 61 1
1 111 1 64 1
1 111 2 60 1
1 111 1 50 1
1 111 2 67 1
1 111 1 68 1
3 112 1 51 1
3 112 1 60 1
3 112 1 53 1
1 112 1 60 1
1 112 1 55 1
1 112 1 56 1
1 112 1 56 1
1 112 1 51 1
1 112 1 60 1
1 112 2 36 1
1 112 2 39 1
3 112 1 54 1
1 112 1 66 1
1 112 2 70 1
1 112 1 48 1
1 112 1 70 1
1 112 1 65 1
3 113 1 48 1
1 113 1 62 1
3 113 1 52 1
1 113 1 52 1
1 113 1 58 1
1 113 2 44 1
1 113 2 60 1
1 113 1 65 1
3 113 2 53 1
1 113 1 65 1
1 113 2 48 1
1 113 2 53 1
1 113 1 68 1
1 113 1 67 1
1 113 1 24 1
1 113 1 64 1
1 113 1 60 1
1 113 2 63 1
1 113 1 68 1
1 113 1 54 1
1 113 1 73 1
1 114 2 75 1
1 114 2 54 1
1 114 2 49 1
1 114 2 50 1
1 114 1 62 1
1 114 1 59 1
1 114 2 50 1
1 114 1 64 1
1 114 2 53 1
1 114 2 77 1
1 114 1 63 1
1 114 2 60 1
3 115 1 56 1
1 115 1 75 1
1 115 1 68 1
1 115 1 61 1
1 115 1 62 1
3 115 2 44 1
1 115 2 71 1
1 115 2 64 1
1 115 1 68 1
1 115 2 62 1
1 116 1 71 1
1 116 1 67 2
3 116 2 60 1
1 116 2 57 1
1 116 1 70 1
1 116 1 59 1
1 116 2 63 1
1 116 2 65 1
3 116 1 61 1
1 117 1 74 1
1 117 2 73 1
3 117 2 52 1
1 117 2 34 1
1 117 2 69 1
1 117 1 44 1
1 117 2 61 1
1 117 1 50 1
3 117 1 58 1
3 117 1 57 1
1 117 2 48 1
1 117 2 42 1
1 118 2 55 1
1 118 1 50 1
3 118 1 59 1
1 118 2 51 1
1 118 1 69 1
1 119 1 57 1
1 119 2 48 1
1 119 2 50 1
1 119 1 69 1
1 119 1 49 1
1 119 1 65 1
1 119 2 63 1
1 119 2 55 1
1 119 1 61 1
3 120 1 52 1
1 120 2 29 1
1 120 1 51 1
1 120 2 70 1
1 120 2 57 1
1 120 1 66 1
1 120 1 58 1
1 120 2 57 1
3 120 1 48 1
1 120 1 73 1
1 120 1 70 1
1 120 1 67 1
1 120 2 72 1
1 120 1 49 1
1 121 2 54 1
1 121 1 57 1
1 121 1 61 1
1 121 1 66 1
3 121 1 57 1
1 121 1 62 1
1 122 1 68 1
1 122 1 58 1
1 122 1 64 1
1 122 1 65 1
1 122 2 52 1
3 122 2 60 1
1 122 2 50 1
1 122 1 69 1
1 122 1 66 1
3 123 1 48 1
1 123 1 63 1
1 123 1 52 1
1 123 1 63 1
1 123 1 51 1
1 123 2 44 1
1 123 1 48 1
1 123 2 57 1
1 123 2 74 1
1 123 1 62 1
1 123 1 79 1
1 123 1 66 1
1 124 2 77 1
1 124 1 47 1
1 124 2 62 1
1 124 2 49 1
1 124 2 66 1
1 124 1 63 1
1 124 2 48 1
1 124 1 58 1
1 124 1 61 1
1 124 2 59 1
1 124 1 66 1
3 125 1 43 1
3 125 1 62 1
3 125 2 46 1
1 125 1 48 1
3 125 1 64 1
3 125 1 38 1
1 125 1 56 1
1 125 2 60 1
3 125 2 36 1
1 125 1 45 1
3 125 1 37 1
1 125 2 79 1
3 125 2 44 1
1 125 2 70 1
1 125 2 67 1
1 126 1 82 1
1 126 2 52 1
3 126 1 48 1
1 126 1 68 1
3 126 1 63 1
1 126 1 61 1
1 126 2 45 1
1 126 1 50 1
1 126 1 59 1
1 126 1 48 1
3 126 1 56 1
1 126 2 51 1
1 127 2 67 1
1 127 2 58 1
1 127 1 69 1
1 127 2 67 1
1 127 2 50 1
1 127 2 59 1
1 128 1 57 1
1 128 1 50 1
1 128 1 46 1
1 128 1 56 1
1 128 2 61 1
1 128 1 58 1
1 128 1 62 1
1 128 1 66 1
1 128 1 55 1
1 128 1 60 1
3 128 1 40 1
1 129 1 68 1
1 129 2 46 1
3 129 2 55 1
3 129 2 37 3
3 129 1 64 1
1 129 1 63 1
1 129 1 60 1
1 129 1 47 1
1 129 2 67 1
1 129 2 71 1
1 129 2 61 1
3 129 1 54 1
3 129 1 67 1
1 129 1 61 1
1 129 1 57 1
1 129 1 71 1
1 129 1 58 1
3 129 2 54 1
1 129 1 65 2
3 129 1 55 2
3 129 1 65 1
1 129 1 51 1
3 129 1 49 1
1 130 1 76 1
1 130 1 75 1
1 130 1 49 1
1 130 1 67 1
3 130 2 64 1
1 130 1 63 1
1 130 2 52 1
1 130 1 62 1
1 130 1 40 1
1 130 1 63 1
1 131 2 67 1
1 131 1 49 1
1 131 1 44 1
1 131 2 62 1
1 131 2 68 1
1 131 1 43 1
1 131 1 63 1
3 131 2 64 1
1 131 1 60 1
3 132 1 52 1
1 132 1 50 1
1 132 2 57 1
3 132 1 50 1
3 132 1 53 1
1 132 1 67 1
1 132 2 74 1
1 132 2 68 1
1 132 1 51 1
1 132 2 63 1
1 132 1 45 1
1 133 2 60 1
3 133 1 49 1
1 133 1 64 1
1 133 1 55 1
1 133 2 70 1
1 133 2 65 1
1 133 1 65 1
1 133 1 41 1
1 133 2 52 1
1 134 1 73 1
1 134 1 63 1
3 134 2 60 1
1 134 1 80 1
3 134 2 53 1
1 134 1 56 1
1 134 1 64 1
1 134 1 48 1
1 134 1 76 1
1 134 2 54 1
1 135 1 47 1
1 135 2 61 1
3 135 2 40 1
1 135 1 62 1
1 135 2 54 1
1 136 1 48 1
1 136 1 61 1
3 136 1 48 1
1 136 1 67 1
1 136 2 52 1
1 136 2 54 1
1 136 2 52 1
3 136 1 56 1
1 136 2 58 1
1 136 2 62 1
1 136 2 59 1
1 136 2 70 1
1 137 1 66 1
1 137 2 71 1
1 137 2 62 1
1 137 1 78 1
3 137 2 48 1
3 137 2 34 1
1 137 1 63 1
1 137 1 63 1
1 138 1 65 1
1 138 2 49 1
3 138 2 53 1
1 138 2 67 1
1 138 1 50 1
1 138 2 64 1
1 138 2 69 1
1 138 1 61 1
3 138 2 72 1
1 139 2 55 1
1 139 2 45 1
1 139 1 58 1
1 139 1 64 1
1 139 1 85 1
3 139 1 56 1
1 139 1 66 1
3 140 1 53 1
1 140 2 52 1
1 140 1 52 1
1 140 2 65 1
3 140 2 39 1
1 140 2 65 1
1 140 1 51 1
1 140 1 52 1
1 140 1 64 1
1 140 1 59 1
1 141 1 90 1
1 141 1 58 1
3 141 1 58 1
1 141 1 63 1
1 141 1 67 1
3 141 2 55 1
1 141 2 60 1
1 141 1 47 1
3 142 2 61 1
1 142 2 53 1
1 142 1 63 1
1 142 1 68 1
1 143 1 64 1
1 143 2 54 1
3 143 1 64 1
3 143 1 56 1
3 143 1 57 1
1 143 1 65 1
1 143 2 68 1
1 143 2 53 1
1 143 1 56 1
3 143 1 53 1
1 143 1 63 1
3 143 1 59 1
1 143 1 64 1
3 143 1 47 1
1 143 1 50 1
1 144 1 67 1
3 144 1 59 1
1 144 1 63 1
1 144 2 62 1
3 144 1 57 1
1 144 2 63 1
1 144 2 60 1
1 144 2 73 1
1 144 2 66 1
1 144 2 73 1
1 144 2 47 1
1 145 1 57 1
1 145 2 56 1
1 145 2 47 1
3 145 2 64 1
1 145 1 48 1
1 145 2 49 1
1 145 1 71 1
1 145 1 60 1
1 145 2 46 1
1 146 1 62 1
1 146 1 77 1
1 146 2 61 1
3 146 1 62 1
1 146 1 58 1
1 147 1 51 1
1 147 2 52 1
1 147 2 50 1
1 147 1 48 1
1 147 1 52 1
1 147 2 51 1
1 147 1 48 1
1 147 2 71 1
3 148 1 57 1
1 148 2 58 1
1 148 1 67 1
1 148 2 69 1
3 148 2 58 1
3 148 1 51 1
1 148 1 52 1
3 148 2 60 1
1 148 1 51 1
1 149 1 53 1
1 149 2 70 1
1 149 1 63 1
1 149 2 56 1
1 149 2 75 1
1 149 1 64 1
1 149 1 51 1
1 149 1 72 1
1 149 1 56 1
3 149 2 58 1
3 149 1 62 1
1 149 1 53 1
1 150 2 65 1
1 150 2 62 1
1 150 1 80 1
1 150 1 66 1
3 150 2 61 1
1 150 2 52 1
1 150 1 49 1
3 150 2 58 1
1 150 1 73 1
1 150 2 34 1
1 150 2 67 1
3 151 1 40 1
1 151 2 56 1
1 151 1 56 1
1 151 2 71 1
1 151 2 67 1
1 152 1 54 1
3 152 1 57 1
1 152 1 70 1
3 152 1 55 1
1 152 2 60 1
1 152 1 44 1
1 153 1 61 1
1 153 1 75 1
1 153 2 70 1
1 153 1 55 1
1 153 1 75 1
1 153 2 56 1
1 153 2 69 1
1 153 2 70 1
1 153 2 67 1
1 153 2 56 1
3 153 2 47 1
1 154 2 64 1
1 154 2 54 1
1 154 2 53 1
1 154 1 64 1
1 154 2 59 1
1 154 1 60 1
1 154 2 45 1
3 154 1 55 1
1 154 2 55 1
1 154 2 46 1
1 155 2 49 1
1 155 2 64 1
3 155 1 45 1
1 155 1 66 1
1 155 2 68 1
3 155 2 53 1
1 155 2 45 1
3 155 2 60 1
1 155 1 51 1
1 155 1 66 1
3 155 1 54 1
3 156 2 60 1
3 156 1 58 1
3 156 1 54 1
1 156 1 63 1
1 156 1 61 1
1 157 2 65 1
3 157 1 57 1
1 157 2 82 1
1 157 2 55 1
3 157 1 52 1
3 157 1 51 1
1 157 1 80 1
3 157 1 57 1
1 157 1 66 1
1 157 2 68 1
3 157 1 46 1
1 157 1 43 1
1 157 1 60 1
3 157 2 52 1
1 157 1 78 1
1 158 2 83 1
1 158 2 62 1
1 158 2 68 1
3 158 1 55 1
1 158 1 65 1
1 158 1 58 1
1 158 1 55 1
1 158 1 57 1
1 159 1 61 1
1 159 1 82 1
1 159 1 55 1
1 159 1 55 1
1 159 1 66 1
1 159 1 62 1
1 159 1 68 1
1 159 1 61 1
1 160 2 65 1
1 160 2 48 1
3 160 1 61 1
1 160 1 60 1
1 160 1 53 1
3 160 1 63 1
1 160 2 50 1
1 161 2 71 1
1 161 2 32 1
1 161 2 72 1
1 161 1 65 1
3 161 2 52 1
1 161 2 60 1
1 161 1 60 1
1 161 1 61 1
1 161 2 53 1
1 162 1 50 1
1 162 2 37 1
3 162 1 57 1
1 162 1 80 1
1 162 1 48 1
1 162 1 50 1
1 163 1 53 1
1 163 2 54 1
1 163 2 52 1
1 163 2 59 1
3 163 2 71 1
3 163 1 49 1
3 163 2 58 1
1 163 1 75 1
1 164 1 69 1
1 164 2 77 1
1 164 1 60 1
1 165 1 60 1
1 165 1 66 1
1 165 1 65 1
1 165 1 51 1
1 165 1 66 1
1 165 2 60 1
1 166 1 58 1
3 166 1 59 1
1 166 1 58 1
1 166 1 70 1
1 167 1 82 1
1 167 1 44 1
1 167 1 62 1
3 167 1 68 1
1 167 1 53 1
1 167 2 78 1
3 168 2 64 1
1 168 2 78 1
1 168 2 63 1
1 168 1 57 1
3 168 2 58 1
3 168 1 59 1
1 168 2 59 1
1 168 1 70 1
1 168 1 53 1
1 168 2 63 1
1 168 1 60 1
1 168 2 36 1
1 169 2 53 1
3 169 1 65 1
3 169 2 62 1
1 169 2 71 1
1 169 2 49 1
1 169 2 57 1
1 169 2 48 1
3 169 2 54 1
1 170 2 51 1
1 170 1 45 1
1 170 2 53 1
1 170 1 69 1
1 171 2 54 1
3 171 1 58 1
1 171 1 84 1
1 171 1 47 1
1 171 1 69 1
3 171 2 38 1
1 171 1 65 1
1 171 2 72 1
1 171 2 55 1
1 171 1 43 1
1 171 2 62 1
1 171 2 53 1
1 172 2 54 1
1 172 1 64 1
1 172 1 68 1
1 172 2 51 1
1 172 2 63 1
3 172 1 70 1
1 172 1 63 1
1 172 2 87 1
1 173 2 67 1
3 173 1 67 1
1 173 1 56 1
3 174 1 75 1
3 174 1 55 1
1 174 2 52 1
1 174 1 63 1
1 174 1 62 1
3 174 1 64 1
1 174 1 60 1
1 174 2 50 1
1 174 2 49 1
1 174 2 53 1
1 174 1 60 1
1 174 1 56 1
1 174 2 58 1
1 174 2 54 1
3 174 1 70 2
1 174 1 54 1
1 175 2 50 1
1 175 1 50 1
1 175 1 54 1
1 175 1 49 1
1 175 1 48 1
1 175 1 66 1
1 175 2 85 1
1 175 2 57 1
1 176 2 51 1
1 176 1 63 1
1 176 1 68 1
1 176 1 49 1
1 177 2 49 1
1 177 1 50 1
1 177 2 49 1
3 177 2 59 1
1 177 1 81 1
1 177 1 44 1
3 178 1 54 1
3 178 2 48 1
1 178 1 55 1
1 178 1 64 1
1 178 2 58 1
1 178 1 50 1
1 178 2 30 1
1 178 1 70 1
1 179 2 52 1
1 179 1 73 1
1 179 1 52 1
1 179 2 64 1
1 180 1 70 1
1 180 1 56 1
1 180 2 48 1
1 180 2 52 1
1 180 2 58 1
1 181 2 55 1
1 181 2 50 1
3 181 2 52 1
1 181 1 61 1
1 182 2 83 1
1 182 2 61 1
1 182 1 54 1
1 182 1 81 1
1 182 2 67 1
1 182 2 50 1
3 182 1 58 1
3 183 1 62 1
1 183 1 50 1
1 183 2 61 1
1 183 1 70 1
1 183 1 63 1
1 184 2 46 1
1 184 1 54 1
3 184 2 58 1
1 184 1 68 1
1 184 1 44 1
1 184 1 72 1
1 184 1 69 1
1 184 2 58 1
1 184 2 49 1
1 184 1 48 1
1 185 2 66 1
1 185 1 67 1
1 185 1 52 1
1 185 1 62 1
1 185 1 46 1
1 185 1 70 1
1 185 1 77 1
3 185 2 54 1
3 186 1 56 1
3 186 1 55 1
1 186 2 51 1
3 186 1 53 1
1 186 2 70 1
3 186 1 55 1
3 186 2 54 2
1 186 2 68 1
3 186 1 50 1
3 187 2 52 1
1 187 1 49 1
3 187 1 65 1
1 187 1 63 1
1 187 1 66 1
3 187 1 64 1
1 188 1 63 1
1 188 2 70 1
1 188 2 69 1
1 188 2 69 1
1 188 1 64 1
1 188 1 54 1
1 188 2 70 1
1 188 2 63 1
1 189 2 71 1
3 189 2 54 1
1 189 1 65 1
1 190 2 67 1
1 191 2 37 1
3 192 2 50 1
3 192 1 54 1
3 192 1 56 1
1 192 2 77 1
3 193 2 61 1
1 193 2 62 1
1 193 2 53 1
1 193 1 65 1
1 193 1 55 1
1 194 2 74 1
3 194 1 54 1
1 194 1 76 1
3 195 1 66 1
3 195 1 50 1
3 196 1 61 1
3 196 1 54 1
3 196 1 47 1
1 196 1 65 1
1 196 2 47 1
1 196 1 43 1
1 196 2 55 1
1 196 1 67 1
3 197 1 61 1
1 197 2 67 1
3 197 1 51 1
1 197 2 52 1
3 197 2 51 1
3 198 1 48 1
3 198 1 52 1
3 198 2 70 1
1 199 1 51 1
3 199 2 64 1
3 199 1 62 1
1 199 1 68 1
1 200 1 63 1
1 200 2 68 1
3 200 1 60 1
3 200 1 50 1
1 201 1 66 1
1 201 1 49 1
1 202 1 63 1
1 202 1 66 1
1 203 2 69 1
3 203 2 63 1
3 203 1 57 1
3 203 1 68 1
3 204 1 96 1
1 204 2 68 1
3 205 2 49 1
3 205 1 58 1
3 206 1 55 1
3 206 1 60 1
3 206 1 51 1
1 206 1 55 1
3 206 2 53 1
3 207 1 58 1
1 207 2 70 1
1 208 1 48 1
1 208 2 75 1
1 208 1 69 1
3 208 1 54 1
1 208 1 55 1
1 209 2 50 1
1 209 1 62 1
1 209 2 62 1
1 210 1 66 1
1 210 1 72 1
3 210 2 49 1
1 211 2 54 1
1 211 1 63 1
3 211 1 51 1
3 212 1 55 1
3 212 1 53 1
3 212 1 50 1
1 213 2 62 1
3 213 1 53 1
3 213 1 50 1
1 213 2 28 1
1 214 2 54 1
1 214 1 65 1
1 214 1 45 1
1 214 1 71 1
3 215 1 59 1
3 215 2 49 1
1 215 1 58 1
1 215 1 50 1
3 215 1 50 2
3 215 2 50 1
1 215 1 68 1
1 216 1 66 1
1 216 1 55 1
1 216 2 49 1
1 217 2 67 1
1 217 1 63 1
1 217 1 43 1
3 217 1 57 1
3 217 1 51 1
3 217 2 41 1
3 218 1 54 1
1 218 2 72 1
3 218 2 57 1
1 218 1 63 1
1 219 1 67 1
3 219 2 51 1
1 219 2 56 1
3 219 1 55 1
3 219 1 54 1
3 219 1 65 1
1 219 2 55 1
1 220 2 65 1
1 220 1 54 1
1 220 2 71 1
3 221 1 66 1
3 221 1 70 1
3 221 1 70 1
1 222 1 51 1
3 222 2 41 1
3 222 2 53 1
1 222 1 65 1
1 223 1 66 1
2 223 1 71 1
3 223 2 74 1
3 224 1 59 2
3 224 1 62 1
3 224 1 50 1
1 224 1 65 1
1 224 1 79 1
1 225 1 68 1
3 226 1 56 1
1 226 1 73 1
3 227 1 55 1
1 227 1 35 1
3 227 1 61 1
1 227 2 80 1
1 227 1 66 1
1 228 1 57 1
1 228 2 56 1
3 229 1 58 1
3 229 1 56 1
3 229 1 55 1
1 229 2 60 1
3 229 1 70 1
1 229 1 80 1
1 230 1 59 1
3 231 2 49 1
3 231 2 68 1
1 231 1 68 1
3 231 1 55 1
3 231 1 71 1
3 231 2 63 1
3 232 1 63 1
1 232 2 64 1
1 232 1 63 1
1 232 2 69 1
3 232 1 62 1
1 233 2 28 1
1 233 1 74 1
1 233 2 65 1
1 234 2 52 1
3 235 1 60 1
3 235 2 52 1
3 235 1 71 1
1 235 2 53 1
3 235 2 58 1
1 235 1 54 1
1 235 1 53 1
3 236 1 64 1
1 237 1 50 1
1 237 2 59 1
1 237 2 52 1
3 237 1 62 1
1 238 1 63 1
3 238 1 65 1
3 239 1 61 1
1 239 2 47 1
3 240 1 43 1
2 240 1 53 1
3 241 1 52 1
1 241 2 33 1
3 242 1 44 1
3 242 2 55 1
1 243 1 70 1
1 243 2 26 1
1 244 2 66 1
3 244 1 57 1
3 244 2 67 1
1 245 2 32 1
3 245 2 58 1
1 245 2 46 1
1 246 1 63 1
1 246 2 57 1
3 246 1 67 1
1 247 2 79 1
3 247 1 52 1
1 247 1 66 1
1 247 1 55 1
3 248 1 52 1
1 249 2 80 1
1 250 1 51 1
3 250 2 66 1
3 251 1 65 1
3 251 2 54 1
3 251 2 58 1
3 251 2 61 1
3 251 1 63 2
3 251 2 62 1
3 251 1 62 1
3 251 1 54 1
2 252 1 50 1
3 252 2 63 1
1 252 2 57 1
1 252 1 47 1
1 252 1 42 1
1 253 1 54 1
1 253 1 65 1
3 253 2 62 1
1 254 1 70 1
1 254 1 59 1
3 254 2 67 1
3 254 1 55 1
1 254 2 61 1
1 255 1 71 1
3 255 1 58 1
3 255 2 36 1
1 255 1 56 1
3 255 1 63 1
3 256 1 50 1
1 257 1 43 1
1 257 1 63 1
1 258 2 63 1
1 258 1 55 1
1 259 1 71 1
1 259 2 61 1
1 259 1 62 1
1 259 2 70 1
1 260 1 47 1
1 260 2 70 1
1 260 2 40 1
3 260 2 43 1
1 261 1 63 1
1 261 1 57 1
3 261 2 59 1
3 261 1 62 1
1 262 1 55 1
1 262 1 56 1
2 263 1 63 1
1 263 2 53 1
3 264 1 51 1
3 264 1 56 1
3 265 2 53 1
1 265 2 53 1
1 265 2 64 1
3 266 2 54 1
3 267 2 45 1
1 267 1 48 1
3 267 1 69 1
3 268 1 41 1
3 268 1 36 1
1 269 1 61 1
1 269 1 51 1
1 269 2 65 1
2 269 1 66 1
3 270 1 51 1
1 271 1 71 1
3 272 2 37 1
1 273 1 61 1
1 273 2 71 1
2 274 1 56 1
1 274 2 67 1
3 275 1 55 1
1 275 1 61 1
1 276 1 65 1
3 277 1 59 1
3 277 1 62 1
3 278 2 53 1
1 278 1 64 1
3 278 1 55 1
3 279 1 60 1
1 279 1 56 1
3 279 1 54 1
3 279 1 60 1
1 280 1 42 1
3 280 1 63 1
2 280 1 66 1
3 281 1 54 1
1 281 2 66 1
1 281 1 48 1
3 282 1 58 1
3 282 1 58 1
3 283 1 56 1
3 283 2 58 1
3 284 1 56 1
3 284 1 54 1
3 284 1 62 1
1 285 2 47 1
1 285 1 50 1
3 286 1 53 1
3 286 1 54 1
3 286 1 60 1
3 287 1 50 1
3 287 1 51 1
2 287 1 63 1
1 288 2 53 1
3 289 1 70 1
1 289 2 52 1
1 289 2 86 1
1 290 1 71 1
3 291 2 58 1
2 291 2 57 1
1 292 2 75 1
3 292 2 60 1
3 292 1 56 1
1 293 1 88 1
3 293 1 62 1
1 294 2 49 1
1 294 1 52 1
3 294 1 71 1
1 295 2 62 1
2 295 1 67 1
3 296 1 60 1
1 296 2 59 1
1 297 1 69 1
3 297 2 47 1
1 297 1 49 1
2 298 2 67 1
2 298 1 75 1
3 299 1 42 1
1 299 1 58 1
3 299 1 49 1
3 299 2 56 1
3 299 2 58 1
1 299 1 53 1
1 299 2 27 1
2 299 1 51 1
2 300 2 88 1
1 300 1 65 1
3 301 1 57 1
1 301 2 44 1
3 301 1 54 1
2 301 2 56 1
3 302 1 57 1
3 302 1 69 1
3 303 1 63 1
1 303 1 63 1
2 304 1 51 1
1 304 2 58 1
1 305 2 80 1
2 305 2 63 1
2 305 2 73 1
3 306 1 72 1
3 306 2 55 1
3 306 2 54 1
3 307 2 59 1
3 307 1 67 1
2 307 1 63 1
1 307 1 51 1
1 308 2 78 1
2 308 1 66 1
2 308 1 73 1
3 309 2 58 1
3 309 2 56 1
1 309 1 50 1
3 309 2 55 1
3 309 1 54 1
1 310 1 49 1
1 310 1 71 1
1 310 1 59 1
3 310 2 72 1
3 311 2 59 1
3 311 1 57 1
3 311 1 59 2
3 311 2 44 1
2 312 1 60 1
3 313 1 54 1
1 313 2 63 1
3 314 1 53 1
3 314 2 53 1
3 314 1 54 1
1 315 1 53 1
1 315 1 71 1
3 315 1 55 1
1 316 1 50 1
1 316 1 63 1
1 317 2 34 1
3 317 1 59 1
1 317 1 60 1
3 318 1 52 1
3 318 1 58 1
2 318 2 65 1
1 318 2 52 1
1 319 1 73 1
1 320 2 72 1
3 320 2 41 1
3 320 1 54 1
3 320 1 55 1
3 321 1 57 1
3 321 2 55 1
1 322 2 81 1
3 323 1 56 1
3 323 1 54 1
3 324 1 58 1
3 325 2 67 1
2 325 2 77 1
3 326 2 60 1
3 326 2 59 1
1 326 1 49 1
1 327 1 59 1
1 328 1 67 1
3 329 1 59 2
1 329 2 77 1
1 329 1 59 1
3 329 1 54 1
1 329 2 50 1
1 330 2 65 1
2 330 1 60 1
3 331 1 59 1
1 332 1 64 1
3 332 1 66 1
3 333 1 56 1
1 333 2 53 1
2 333 1 54 1
1 334 1 65 1
1 334 1 49 1
3 335 2 56 1
1 335 1 61 1
1 336 2 54 1
3 336 1 50 1
3 337 1 58 1
3 338 2 62 1
3 339 1 53 1
3 340 1 56 1
1 340 2 76 1
2 340 2 66 1
1 341 1 64 1
2 342 2 62 1
1 343 1 67 1
3 344 1 42 1
3 344 1 50 1
2 344 1 66 1
1 344 2 47 1
2 345 1 72 1
1 346 2 51 1
1 346 2 51 1
1 347 1 65 1
3 347 2 39 1
2 347 2 65 1
3 348 1 44 1
2 348 1 65 1
1 349 2 66 1
1 350 1 65 1
3 351 1 58 1
1 352 1 50 1
1 353 2 62 1
2 353 2 56 1
3 354 2 61 1
3 354 2 41 1
3 354 2 59 1
3 355 2 74 1
2 355 1 69 1
3 356 1 66 1
1 357 1 84 1
1 357 1 58 1
1 358 2 56 1
1 358 1 61 1
3 359 1 53 1
1 360 1 57 1
1 360 1 73 1
3 360 1 69 1
1 361 1 56 1
1 361 2 50 1
1 361 1 48 1
3 362 2 58 1
2 363 1 61 1
2 364 1 70 1
1 364 1 61 1
1 364 2 41 1
1 364 2 58 1
1 364 1 62 1
1 365 2 30 1
1 366 1 54 1
2 366 1 55 1
2 367 1 54 1
3 368 2 55 1
3 368 1 61 1
1 368 1 48 1
3 369 1 53 1
3 369 2 58 1
3 369 1 57 1
1 370 2 74 1
3 371 2 57 1
3 372 2 57 1
3 372 2 60 1
3 372 1 67 1
1 373 1 71 1
2 373 1 66 1
2 374 2 51 1
3 374 1 64 1
1 374 2 73 1
3 374 1 62 1
1 375 1 49 1
2 376 1 78 1
2 376 1 77 1
3 377 2 59 1
2 377 2 58 1
3 378 1 65 1
1 379 1 84 1
1 380 1 50 1
2 381 2 58 1
1 382 1 51 1
3 382 1 59 1
3 383 1 58 1
2 384 1 61 1
1 385 1 48 1
1 386 1 80 1
1 387 1 46 1
1 388 2 47 1
1 388 1 90 1
1 389 1 64 1
2 389 1 69 1
2 390 1 68 1
1 390 1 45 1
1 391 1 60 1
2 392 1 48 1
1 393 2 31 1
3 394 1 52 1
3 395 1 52 1
1 396 1 82 1
3 397 1 65 1
1 397 1 28 1
3 398 1 75 1
3 399 2 64 1
3 400 1 55 1
1 401 1 53 1
1 402 1 49 1
3 403 1 60 1
3 404 1 59 1
1 405 2 66 1
1 405 1 65 1
1 406 2 68 1
3 407 2 68 1
1 408 2 75 1
1 409 2 49 1
2 410 1 57 1
3 411 1 55 1
1 412 1 65 1
1 413 1 55 1
1 414 1 66 1
1 415 2 51 1
1 416 2 72 1
3 417 1 58 1
1 418 2 60 1
1 419 1 60 1
1 420 1 61 1
1 421 1 72 1
3 422 2 57 1
1 423 1 64 1
2 424 1 84 1
3 425 1 58 1
3 426 2 45 1
1 427 1 73 1
1 428 1 61 1
3 429 1 60 1
3 430 2 70 1
2 431 2 61 1
1 432 1 67 1
1 433 1 52 1
1 434 2 59 1
1 435 2 68 1
1 436 1 71 1
3 437 2 82 1
1 438 1 66 1
1 439 1 57 1
2 440 1 46 1
3 441 2 35 1
2 441 1 62 1
3 442 2 49 1
2 443 1 64 1
3 444 2 61 1
3 445 1 63 1
3 446 2 57 1
3 447 1 56 1
3 448 1 52 1
3 449 1 60 1
1 450 1 66 1
1 451 2 50 1
3 452 1 52 1
3 453 2 77 1
3 454 2 64 1
3 455 1 49 1
3 456 1 39 1
2 457 2 36 1
2 458 1 71 1
2 459 1 51 1
3 460 2 36 1
3 461 2 60 1
3 462 1 42 1
3 463 2 41 1
3 464 2 60 1
3 465 2 40 1
3 466 2 44 1
3 467 2 45 1
3 468 2 43 1
3 469 2 61 1
3 470 2 46 1
3 471 1 56 1
3 472 1 43 1
3 473 1 40 1
3 474 2 39 1
3 475 2 40 1
3 476 2 53 1
3 477 1 39 1
1 478 2 63 1
1 478 2 74 1
1 479 1 68 1
1 480 1 51 1
1 481 1 51 1
1 482 1 73 1
1 483 1 55 1