1 516 71 1 17 90 5633 16226 20 2 140 0.35 33 220 0
1 516 71 1 17 90 5633 16226 10 2 140 0.3 30 219 0
1 516 71 1 17 90 5633 16226 9 2 140 0.1 24 218 0
1 516 71 1 17 90 5633 16226 10 2 140 0.3 31 217 0
1 516 71 1 17 90 5633 16226 19 2 140 0.45 36 216 0
1 516 71 1 17 90 5633 16226 22 2 140 0.65 37 215 0
1 516 71 1 17 90 5633 16226 17 2 140 0.4 33 214 0
1 516 71 1 17 90 5633 16226 13 2 140 0.3 32 213 0
1 516 71 1 17 90 5633 16226 26 2 140 0.45 35 212 0
1 516 71 1 17 90 5633 16226 11 2 140 0.35 34 211 0
1 516 71 1 17 90 5633 16226 15 1 140 0.4 34 210 0
1 516 71 1 17 90 5633 16226 11 1 140 0.2 28 209 0
1 516 71 1 17 90 5633 16226 21 1 140 0.35 33 208 0
1 516 71 1 17 90 5633 16226 9 1 140 0.15 25 207 0
1 516 71 1 17 90 5633 16226 20 1 140 0.35 32 206 0
1 516 71 1 17 90 5633 16226 15 1 140 0.45 34 205 0
1 516 71 1 17 90 5633 16226 9 1 140 0.25 29 204 0
1 516 71 1 17 90 5633 16226 9 1 140 0.2 27 203 0
1 516 71 1 17 90 5633 16226 14 1 140 0.3 31 202 0
1 516 71 1 17 90 5633 16226 21 1 140 0.3 30 201 0
1 516 79 1 18 90 5636 16242 9 2 140 0.25 28 240 0
1 516 79 1 18 90 5636 16242 19 2 140 0.65 38 239 0
1 516 79 1 18 90 5636 16242 14 1 140 0.3 30 221 0
1 516 79 1 18 90 5636 16242 18 1 140 0.25 29 226 0
1 516 79 1 18 90 5636 16242 9 1 140 0.15 26 229 0
1 516 79 1 18 90 5636 16242 9 2 140 0.25 29 233 0
1 516 79 1 18 90 5636 16242 10 2 140 0.35 31 237 0
1 516 79 1 18 90 5636 16242 17 2 140 0.25 29 238 0
1 516 79 1 18 90 5636 16242 22 2 140 0.55 36 236 0
1 516 79 1 18 90 5636 16242 15 2 140 0.45 34 235 0
1 516 79 1 18 90 5636 16242 18 2 140 0.45 35 234 0
1 516 79 1 18 90 5636 16242 17 2 140 0.4 32 232 0
1 516 79 1 18 90 5636 16242 14 2 140 0.35 33 231 0
1 516 79 1 18 90 5636 16242 16 1 140 0.2 28 228 0
1 516 79 1 18 90 5636 16242 15 1 140 0.45 35 227 0
1 516 79 1 18 90 5636 16242 14 1 140 0.35 32 225 0
1 516 79 1 18 90 5636 16242 16 1 140 0.5 35 224 0
1 516 79 1 18 90 5636 16242 11 1 140 0.23 27 223 0
1 516 71 1 19 90 5643 16250 23 2 140 0.5 35 260 0
1 516 71 1 19 90 5643 16250 20 2 140 0.25 30 259 0
1 516 71 1 19 90 5643 16250 9 2 140 0.2 28 257 0
1 516 71 1 19 90 5643 16250 22 2 140 0.5 36 256 0
1 516 71 1 19 90 5643 16250 10 2 140 0.2 27 255 0
1 516 71 1 19 90 5643 16250 14 1 140 0.2 28 241 0
1 516 71 1 19 90 5643 16250 9 2 140 0.15 26 258 0
1 516 71 1 19 90 5643 16250 22 2 140 0.6 38 254 0
1 516 71 1 19 90 5643 16250 11 2 140 0.4 34 253 0
1 516 71 1 19 90 5643 16250 13 2 140 0.3 32 252 0
1 516 71 1 19 90 5643 16250 21 2 140 0.95 42 251 0
1 516 71 1 19 90 5643 16250 13 1 140 0.28 30 250 0
1 516 71 1 19 90 5643 16250 11 1 140 0.15 26 249 0
1 516 71 1 19 90 5643 16250 13 1 140 0.4 32 248 0
1 516 71 1 19 90 5643 16250 9 1 140 0.15 24 246 0
1 516 71 1 19 90 5643 16250 13 1 140 0.2 27 245 0
1 516 71 1 19 90 5643 16250 16 1 140 0.35 33 244 0
1 516 71 1 19 90 5643 16250 16 1 140 0.4 34 243 0
1 516 71 1 19 90 5643 16250 11 1 140 0.35 31 242 0
1 516 68 1 20 90 5646 16243 11 2 140 0.2 28 280 0
1 516 68 1 20 90 5646 16243 13 2 140 0.3 31 279 0
1 516 68 1 20 90 5646 16243 18 2 140 0.7 37 277 0
1 516 68 1 20 90 5646 16243 9 2 140 0.1 23 276 0
1 516 68 1 20 90 5646 16243 14 2 140 0.4 34 275 0
1 516 68 1 20 90 5646 16243 16 2 140 0.35 33 273 0
1 516 68 1 20 90 5646 16243 16 2 140 0.4 32 272 0
1 516 68 1 20 90 5646 16243 9 2 140 0.1 25 271 0
1 516 68 1 20 90 5646 16243 11 1 140 0.15 25 269 0
1 516 68 1 20 90 5646 16243 19 1 140 0.45 33 267 0
1 516 68 1 20 90 5646 16243 10 1 140 0.18 26 265 0
1 516 68 1 20 90 5646 16243 10 1 140 0.1 24 264 0
1 516 68 1 20 90 5646 16243 16 1 140 0.3 31 262 0
1 516 68 1 20 90 5646 16243 10 1 140 0.2 27 266 0
1 516 68 1 20 90 5646 16243 14 1 140 0.45 34 270 0
1 516 68 1 20 90 5646 16243 17 2 140 0.45 35 274 0
1 516 68 1 20 90 5646 16243 13 2 140 0.3 30 278 0
1 516 68 1 20 90 5646 16243 19 1 140 0.33 32 263 0
1 516 68 1 20 90 5646 16243 9 1 140 0.3 30 261 0
1 516 70 1 22 90 5648 16218 9 2 140 0.13 24 320 0
1 516 70 1 22 90 5648 16218 7 2 140 0.09 22 319 0
1 516 70 1 22 90 5648 16218 19 2 140 0.3 31 317 0
1 516 70 1 22 90 5648 16218 9 2 140 0.17 26 316 0
1 516 70 1 22 90 5648 16218 9 2 140 0.15 25 315 0
1 516 70 1 22 90 5648 16218 16 2 140 0.26 30 313 0
1 516 70 1 22 90 5648 16218 9 2 140 0.2 27 312 0
1 516 70 1 22 90 5648 16218 13 1 140 0.35 31 303 0
1 516 70 1 22 90 5648 16218 9 1 140 0.15 25 307 0
1 516 70 1 22 90 5648 16218 9 2 140 0.13 23 311 0
1 516 70 1 22 90 5648 16218 23 2 140 0.5 36 314 0
1 516 70 1 22 90 5648 16218 9 2 140 0.12 23 318 0
1 516 70 1 22 90 5648 16218 7 1 140 0.1 23 310 0
1 516 70 1 22 90 5648 16218 20 1 140 0.45 35 309 0
1 516 70 1 22 90 5648 16218 9 1 140 0.13 22 308 0
1 516 70 1 22 90 5648 16218 16 1 140 0.4 34 306 0
1 516 70 1 22 90 5648 16218 9 1 140 0.15 25 305 0
1 516 70 1 22 90 5648 16218 9 1 140 0.08 21 304 0
1 516 70 1 22 90 5648 16218 12 1 140 0.2 28 302 0
1 516 70 1 22 90 5648 16218 24 1 140 0.25 29 301 0
1 509 75 1 25 90 5643 16306 9 2 140 0.2 26 340 0
1 509 75 1 25 90 5643 16306 16 2 140 0.62 39 338 0
1 509 75 1 25 90 5643 16306 9 2 140 0.13 25 337 0
1 509 75 1 25 90 5643 16306 9 2 140 0.1 24 339 0
1 509 75 1 25 90 5643 16306 19 2 140 0.75 38 336 0
1 509 75 1 25 90 5643 16306 20 2 140 0.73 39 335 0
1 509 75 1 25 90 5643 16306 11 2 140 0.15 28 334 0
1 509 75 1 25 90 5643 16306 11 2 140 0.2 27 333 0
1 509 75 1 25 90 5643 16306 9 2 140 0.15 24 332 0
1 509 75 1 25 90 5643 16306 11 2 140 0.18 28 331 0
1 509 75 1 25 90 5643 16306 15 1 140 0.58 36 330 0
1 509 75 1 25 90 5643 16306 15 1 140 0.5 38 322 0
1 509 75 1 25 90 5643 16306 20 1 140 0.8 40 329 0
1 509 75 1 25 90 5643 16306 19 1 140 0.5 35 328 0
1 509 75 1 25 90 5643 16306 23 1 140 0.54 35 327 0
1 509 75 1 25 90 5643 16306 20 1 140 0.55 36 326 0
1 509 75 1 25 90 5643 16306 7 1 140 0.1 23 325 0
1 509 75 1 25 90 5643 16306 9 1 140 0.1 24 324 0
1 509 75 1 25 90 5643 16306 10 1 140 0.15 24 323 0
1 509 75 1 25 90 5643 16306 10 1 140 0.12 25 321 0
1 513 73 1 27 90 5652 16535 9 2 140 0.23 29 356 0
1 513 73 1 27 90 5652 16535 9 2 140 0.15 25 355 0
1 513 73 1 27 90 5652 16535 19 2 140 0.65 38 353 0
1 513 73 1 27 90 5652 16535 9 2 140 0.17 24 352 0
1 513 73 1 27 90 5652 16535 10 2 140 0.2 27 351 0
1 513 73 1 27 90 5652 16535 10 2 140 0.17 27 349 0
1 513 73 1 27 90 5652 16535 15 2 140 0.5 37 348 0
1 513 73 1 27 90 5652 16535 9 1 140 0.12 23 343 0
1 513 73 1 27 90 5652 16535 9 2 140 0.2 26 347 0
1 513 73 1 27 90 5652 16535 21 2 140 0.63 39 350 0
1 513 73 1 27 90 5652 16535 9 2 140 0.25 29 354 0
1 513 73 1 27 90 5652 16535 11 1 140 0.1 22 346 0
1 513 73 1 27 90 5652 16535 7 1 140 0.12 22 345 0
1 513 73 1 27 90 5652 16535 21 1 140 0.54 36 344 0
1 513 73 1 27 90 5652 16535 16 1 140 0.52 36 342 0
1 513 73 1 27 90 5652 16535 9 1 140 0.12 23 341 0
1 513 75 1 28 90 5714 16555 9 1 140 0.12 23 357 0
1 513 75 1 28 90 5714 16555 18 2 140 1 40 364 0
1 513 75 1 28 90 5714 16555 20 2 140 0.76 39 363 0
1 513 75 1 28 90 5714 16555 20 2 140 0.85 42 358 0
1 513 75 1 28 90 5714 16555 20 2 140 0.65 37 362 0
1 513 75 1 28 90 5714 16555 19 2 140 0.62 37 361 0
1 513 75 1 28 90 5714 16555 17 2 140 0.9 42 360 0
1 513 75 1 28 90 5714 16555 16 2 140 0.85 39 359 0
1 513 75 1 29 90 5643 16515 7 2 140 0.13 23 367 0
1 513 75 1 29 90 5643 16515 7 1 140 0.1 22 366 0
1 513 75 1 29 90 5643 16515 9 1 140 0.11 22 365 0
1 513 77 1 30 90 5638 16516 21 1 140 0.6 37 369 0
1 513 77 1 30 90 5638 16516 10 2 140 0.18 26 372 0
1 513 77 1 30 90 5638 16516 18 2 140 0.76 40 371 0
1 513 77 1 30 90 5638 16516 16 1 140 0.61 37 370 0
1 513 77 1 31 90 5633 16520 19 2 140 1.05 42 377 0
1 513 77 1 31 90 5633 16520 20 2 140 0.75 40 376 0
1 513 77 1 31 90 5633 16520 20 2 140 0.75 40 375 0
1 513 77 1 31 90 5633 16520 16 2 140 0.75 41 374 0
1 513 77 1 31 90 5633 16520 21 2 140 0.75 41 373 0
1 513 77 2 1 90 5630 16514 21 2 140 0.95 43 380 0
1 513 77 2 1 90 5630 16514 20 2 140 0.68 41 379 0
1 513 77 2 1 90 5630 16514 23 2 140 1.16 46 378 0
1 517 80 2 2 90 5625 16534 9 2 140 0.13 23 383 0
1 517 80 2 2 90 5625 16534 21 1 140 0.71 37 381 0
1 517 80 2 2 90 5625 16534 24 2 140 0.76 43 382 0
1 513 73 2 14 90 5654 16538 9 2 140 0.11 22 389 0
1 513 73 2 14 90 5654 16538 8 2 140 0.1 21 387 0
1 513 73 2 14 90 5654 16538 7 2 140 0.1 21 388 0
1 513 73 2 14 90 5654 16538 9 2 140 0.11 22 385 0
1 513 73 2 14 90 5654 16538 7 2 140 0.1 22 386 0
1 513 73 2 14 90 5654 16538 7 2 140 0.1 22 384 0
1 517 90 2 15 90 5619 16531 23 1 140 0.72 40 391 0
1 517 90 2 15 90 5619 16531 16 1 140 0.7 39 390 0
1 517 79 2 2 90 5629 16515 19 1 140 0.4 34 220 0
1 517 79 2 2 90 5629 16515 11 1 140 0.2 29 218 0
1 517 79 2 2 90 5629 16515 11 1 140 0.15 26 215 0
1 517 79 2 2 90 5629 16515 8 1 140 0.1 24 219 0
1 517 79 2 2 90 5629 16515 11 2 140 0.1 26 217 0
1 517 79 2 2 90 5629 16515 10 1 140 0.5 26 211 0
1 517 79 2 2 90 5629 16515 11 1 140 0.2 28 216 0
1 517 79 2 2 90 5629 16515 10 2 140 0.3 28 214 0
1 517 79 2 2 90 5629 16515 15 2 140 0.6 37 213 0
1 517 79 2 2 90 5629 16515 17 2 140 0.5 38 212 0
1 513 82 2 14 90 5639 16539 15 2 140 0.65 39 260 0
1 513 82 2 14 90 5639 16539 14 2 140 0.7 40 259 0
1 513 82 2 14 90 5639 16539 8 2 140 0.1 24 258 0
1 513 82 2 14 90 5639 16539 8 2 140 0.1 24 256 0
1 513 82 2 14 90 5639 16539 10 1 140 0.1 23 255 0
1 513 82 2 14 90 5639 16539 9 1 140 0.1 23 254 0
1 513 82 2 14 90 5639 16539 17 1 140 0.4 36 252 0
1 513 82 2 14 90 5639 16539 9 1 140 0.1 23 253 0
1 513 82 2 14 90 5639 16539 16 1 140 0.55 37 257 0
1 513 82 2 14 90 5639 16539 12 2 140 0.1 24 261 0
1 513 82 2 14 90 5639 16539 10 2 140 0.1 22 251 0
1 514 15 6 29 90 5842 15945 11 2 140 0.25 26 260 0
1 514 15 6 29 90 5842 15945 13 2 140 0.3 28 259 0
1 514 15 6 29 90 5842 15945 17 2 140 0.4 29 258 0
1 514 15 6 29 90 5842 15945 17 2 140 0.3 30 257 0
1 514 15 6 29 90 5842 15945 5 2 140 0.1 15 256 0
1 514 15 6 29 90 5842 15945 16 1 140 0.3 29 248 0
1 514 15 6 29 90 5842 15945 7 2 140 0.2 21 252 0
1 514 15 6 29 90 5842 15945 22 2 140 0.4 32 255 0
1 514 15 6 29 90 5842 15945 16 2 140 0.5 35 254 0
1 514 15 6 29 90 5842 15945 16 2 140 0.4 31 253 0
1 514 15 6 29 90 5842 15945 17 2 140 0.45 33 251 0
1 514 15 6 29 90 5842 15945 6 1 140 0.1 18 250 0
1 514 15 6 29 90 5842 15945 5 1 140 0.1 14 249 0
1 514 15 6 29 90 5842 15945 9 1 140 0.2 23 247 0
1 514 15 6 29 90 5842 15945 12 1 140 0.4 30 246 0
1 514 15 6 29 90 5842 15945 10 1 140 0.3 27 245 0
1 514 15 6 29 90 5842 15945 9 1 140 0.2 24 243 0
1 514 15 6 29 90 5842 15945 11 1 140 0.25 28 242 0
1 514 15 6 29 90 5842 15945 14 1 140 0.3 31 241 0
1 517 90 2 10 90 5625 16545 22 1 140 0.65 36 99 0
1 517 90 2 10 90 5625 16545 12 1 140 0.5 32 98 0
1 517 90 2 10 90 5625 16545 9 1 140 0.3 27 97 0
1 517 90 2 10 90 5625 16545 9 1 140 0.2 24 96 0
1 517 90 2 10 90 5625 16545 18 2 140 0.7 32 91 0
1 517 90 2 10 90 5625 16545 11 1 140 0.5 33 95 0
1 517 90 2 10 90 5625 16545 15 2 140 0.45 33 94 0
1 517 90 2 10 90 5625 16545 9 2 140 0.28 28 93 0
1 517 90 2 10 90 5625 16545 23 2 140 0.85 41 90 0
1 516 71 1 21 90 5644 16225 21 2 140 0.35 32 299 0
1 516 71 1 21 90 5644 16225 12 2 140 0.23 29 300 0
1 516 71 1 21 90 5644 16225 17 2 140 0.4 35 298 0
1 516 71 1 21 90 5644 16225 10 2 140 0.15 25 297 0
1 516 71 1 21 90 5644 16225 23 2 140 0.63 38 296 0
1 516 71 1 21 90 5644 16225 16 2 140 0.25 30 295 0
1 516 71 1 21 90 5644 16225 13 2 140 0.35 33 293 0
1 516 71 1 21 90 5644 16225 12 1 140 0.4 33 282 0
1 516 71 1 21 90 5644 16225 19 2 140 0.5 34 292 0
1 516 71 1 21 90 5644 16225 23 2 140 0.6 36 291 0
1 516 71 1 21 90 5644 16225 11 1 140 0.3 29 290 0
1 516 71 1 21 90 5644 16225 11 1 140 0.2 28 289 0
1 516 71 1 21 90 5644 16225 21 1 140 0.35 32 288 0
1 516 71 1 21 90 5644 16225 15 1 140 0.25 30 287 0
1 516 71 1 21 90 5644 16225 18 1 140 0.5 36 286 0
1 516 71 1 21 90 5644 16225 9 1 140 0.2 27 285 0
1 516 71 1 21 90 5644 16225 11 1 140 0.2 26 284 0
1 516 71 1 21 90 5644 16225 17 1 140 0.28 31 283 0
1 516 71 1 21 90 5644 16225 9 1 140 0.15 24 281 0
1 513 71 1 27 90 5649 16525 12 1 140 0.48 37 78 0
1 513 71 1 27 90 5649 16525 18 1 140 0.45 38 80 0
1 513 71 1 27 90 5649 16525 9 1 140 0.25 28 79 0
1 513 71 1 27 90 5649 16525 9 1 140 0.2 25 77 0
1 513 71 1 27 90 5649 16525 10 1 140 0.3 30 76 0
1 513 71 1 27 90 5649 16525 14 2 140 0.6 38 75 0
1 513 71 1 27 90 5649 16525 16 2 140 0.55 37 73 0
1 513 71 1 27 90 5649 16525 11 2 140 0.2 26 72 0
1 513 71 1 27 90 5649 16525 14 2 140 0.6 38 74 0
1 513 71 1 27 90 5649 16525 15 2 140 0.5 36 71 0
1 513 80 1 28 90 5637 16502 10 1 140 0.15 27 90 0
1 513 80 1 28 90 5637 16502 9 1 140 0.12 24 88 0
1 513 80 1 28 90 5637 16502 9 2 140 0.15 27 87 0
1 513 80 1 28 90 5637 16502 19 2 140 0.45 36 86 0
1 513 80 1 28 90 5637 16502 16 2 140 0.7 38 85 0
1 513 80 1 28 90 5637 16502 10 1 140 0.15 27 89 0
1 513 80 1 28 90 5637 16502 11 2 140 0.2 29 81 0
1 513 80 1 28 90 5637 16502 10 2 140 0.15 28 84 0
1 513 80 1 28 90 5637 16502 10 1 140 0.15 27 83 0
1 513 80 1 28 90 5637 16502 15 1 140 0.35 34 82 0
1 513 77 1 30 90 5636 16517 19 1 140 0.35 34 100 0
1 513 77 1 30 90 5636 16517 14 1 140 0.35 32 99 0
1 513 77 1 30 90 5636 16517 24 1 140 0.6 37 98 0
1 513 77 1 30 90 5636 16517 11 2 140 0.26 27 97 0
1 513 77 1 30 90 5636 16517 19 1 140 0.35 32 96 0
1 513 77 1 30 90 5636 16517 10 2 140 0.15 26 95 0
1 513 77 1 30 90 5636 16517 15 2 140 0.45 36 94 0
1 513 77 1 30 90 5636 16517 9 1 140 0.15 27 92 0
1 513 77 1 30 90 5636 16517 11 2 140 0.3 31 93 0
1 513 77 1 30 90 5636 16517 15 2 140 0.5 36 91 0
1 513 77 2 1 90 5631 16514 21 1 140 0.55 36 210 0
1 513 77 2 1 90 5631 16514 20 1 140 0.4 34 209 0
1 513 77 2 1 90 5631 16514 11 1 140 0.25 28 208 0
1 513 77 2 1 90 5631 16514 12 1 140 0.2 28 207 0
1 513 77 2 1 90 5631 16514 12 2 140 0.25 30 206 0
1 513 77 2 1 90 5631 16514 13 2 140 0.2 28 205 0
1 513 77 2 1 90 5631 16514 21 2 140 0.8 39 204 0
1 513 77 2 1 90 5631 16514 17 2 140 0.6 37 203 0
1 513 77 2 1 90 5631 16514 18 2 140 0.55 36 202 0
1 513 77 2 1 90 5631 16514 10 2 140 0.25 30 201 0
1 513 80 2 3 90 5636 16530 14 1 140 0.5 35 229 0
1 513 80 2 3 90 5636 16530 9 1 140 0.15 25 228 0
1 513 80 2 3 90 5636 16530 10 2 140 0.2 28 223 0
1 513 80 2 3 90 5636 16530 10 2 140 0.15 26 226 0
1 513 80 2 3 90 5636 16530 17 1 140 0.5 36 230 0
1 513 80 2 3 90 5636 16530 20 1 140 0.65 38 227 0
1 513 80 2 3 90 5636 16530 11 2 140 0.35 31 225 0
1 513 80 2 3 90 5636 16530 10 2 140 0.15 27 224 0
1 513 80 2 3 90 5636 16530 20 2 140 0.65 37 222 0
1 513 80 2 3 90 5636 16530 22 1 140 0.55 37 221 0
1 513 79 2 5 90 5631 16528 9 2 140 0.15 25 240 0
1 513 79 2 5 90 5631 16528 23 2 140 1.15 43 239 0
1 513 79 2 5 90 5631 16528 9 2 140 0.2 26 238 0
1 513 79 2 5 90 5631 16528 11 2 140 0.15 25 237 0
1 513 79 2 5 90 5631 16528 10 1 140 0.2 25 236 0
1 513 79 2 5 90 5631 16528 10 1 140 0.1 22 235 0
1 513 79 2 5 90 5631 16528 10 1 140 0.15 25 234 0
1 513 79 2 5 90 5631 16528 15 1 140 0.35 34 233 0
1 513 79 2 5 90 5631 16528 18 1 140 0.45 36 232 0
1 513 79 2 5 90 5631 16528 12 2 140 0.2 27 231 0
1 517 84 2 15 90 5626 16601 9 2 140 0.1 22 268 0
1 517 84 2 15 90 5626 16601 21 2 140 0.75 40 267 0
1 517 84 2 15 90 5626 16601 22 1 140 0.6 37 266 0
1 517 84 2 15 90 5626 16601 13 1 140 0.45 35 264 0
1 517 84 2 15 90 5626 16601 10 2 140 0.15 23 263 0
1 517 84 2 15 90 5626 16601 21 2 140 0.85 39 265 0
1 517 84 2 15 90 5626 16601 23 2 140 0.9 42 262 0
1 517 90 2 15 90 5623 16540 8 2 140 0.1 22 272 0
1 517 90 2 15 90 5623 16540 19 1 140 0.5 35 269 0
1 517 90 2 15 90 5623 16540 14 2 140 0.75 39 271 0
1 517 90 2 15 90 5623 16540 15 2 140 0.7 39 270 0
1 513 77 2 16 90 5652 16639 8 1 140 0.1 22 280 0
1 513 77 2 16 90 5652 16639 10 2 140 0.1 23 279 0
1 513 77 2 16 90 5652 16639 18 1 140 0.55 37 278 0
1 513 77 2 16 90 5652 16639 10 1 140 0.1 22 277 0
1 513 77 2 16 90 5652 16639 10 2 140 0.1 23 276 0
1 513 77 2 16 90 5652 16639 10 1 140 0.1 23 275 0
1 513 77 2 16 90 5652 16639 16 2 140 0.75 40 274 0
1 513 77 2 16 90 5652 16639 9 2 140 0.1 24 273 0
1 514 20 6 26 90 5825 15929 4 1 140 0.04 12 239 0
1 514 20 6 26 90 5825 15929 6 1 140 0.05 18 238 0
1 514 20 6 26 90 5825 15929 6 1 140 0.07 17 236 0
1 514 20 6 26 90 5825 15929 16 1 140 0.37 30 235 0
1 514 20 6 26 90 5825 15929 15 1 140 0.25 27 234 0
1 514 20 6 26 90 5825 15929 11 1 140 0.15 24 232 0
1 514 20 6 26 90 5825 15929 6 2 140 0.05 17 230 0
1 514 20 6 26 90 5825 15929 7 2 140 0.08 18 229 0
1 514 20 6 26 90 5825 15929 7 2 140 0.1 21 228 0
1 514 20 6 26 90 5825 15929 18 2 140 0.45 34 227 0
1 514 20 6 26 90 5825 15929 9 1 140 0.2 26 233 0
1 514 20 6 26 90 5825 15929 14 1 140 0.25 28 237 0
1 514 20 6 26 90 5825 15929 6 1 140 0.08 19 240 0
1 514 20 6 26 90 5825 15929 22 2 140 0.35 31 226 0
1 514 20 6 26 90 5825 15929 7 2 140 0.1 19 225 0
1 514 20 6 26 90 5825 15929 9 2 140 0.15 24 224 0
1 514 20 6 26 90 5825 15929 7 2 140 0.15 15 223 0
1 514 20 6 26 90 5825 15929 21 2 140 0.55 35 222 0
1 514 20 6 26 90 5825 15929 15 2 140 0.4 33 221 0
1 517 93 2 26 90 5628 16617 11 1 140 0.2 30 118 0
1 517 93 2 26 90 5628 16617 9 1 140 0.1 26 117 0
1 517 93 2 26 90 5628 16617 9 1 140 0.12 26 116 0
1 517 93 2 26 90 5628 16617 21 1 140 0.35 32 114 0
1 517 93 2 26 90 5628 16617 12 1 140 0.25 29 113 0
1 517 93 2 26 90 5628 16617 13 1 140 0.5 35 112 0
1 517 93 2 26 90 5628 16617 13 1 140 0.31 35 110 0
1 517 93 2 26 90 5628 16617 13 2 140 0.65 40 109 0
1 517 93 2 26 90 5628 16617 11 2 140 0.3 30 108 0
1 517 93 2 26 90 5628 16617 11 2 140 0.3 32 106 0
1 517 93 2 26 90 5628 16617 13 2 140 0.55 36 105 0
1 517 93 2 26 90 5628 16617 9 2 140 0.2 28 104 0
1 517 93 2 26 90 5628 16617 11 1 140 0.25 28 111 0
1 517 93 2 26 90 5628 16617 11 1 140 0.25 30 115 0
1 517 93 2 26 90 5628 16617 9 1 140 0.2 28 119 0
1 517 93 2 26 90 5628 16617 11 2 140 0.2 27 103 0
1 517 93 2 26 90 5628 16617 11 2 140 0.35 29 102 0
1 517 93 2 26 90 5628 16617 22 2 140 0.5 34 101 0
1 517 93 2 26 90 5628 16617 16 2 140 0.7 38 100 0
1 513 80 2 27 90 5651 16746 16 2 140 0.6 34 126 0
1 513 80 2 27 90 5651 16746 11 1 140 0.25 29 138 0
1 513 80 2 27 90 5651 16746 8 1 140 0.15 25 137 0
1 513 80 2 27 90 5651 16746 11 1 140 0.15 26 136 0
1 513 80 2 27 90 5651 16746 25 1 140 0.45 34 135 0
1 513 80 2 27 90 5651 16746 11 1 140 0.35 30 134 0
1 513 80 2 27 90 5651 16746 15 1 140 0.38 32 133 0
1 513 80 2 27 90 5651 16746 8 1 140 0.05 20 132 0
1 513 80 2 27 90 5651 16746 9 1 140 0.2 27 131 0
1 513 80 2 27 90 5651 16746 11 1 140 0.25 28 130 0
1 513 80 2 27 90 5651 16746 11 2 140 0.4 33 129 0
1 513 80 2 27 90 5651 16746 9 2 140 0.1 23 128 0
1 513 80 2 27 90 5651 16746 22 2 140 0.1 44 127 0
1 513 80 2 27 90 5651 16746 9 2 140 0.1 25 125 0
1 513 80 2 27 90 5651 16746 10 2 140 0.2 26 124 0
1 513 80 2 27 90 5651 16746 10 2 140 0.15 24 122 0
1 513 80 2 27 90 5651 16746 17 2 140 0.7 38 121 0
1 513 80 2 27 90 5651 16746 14 2 140 0.6 36 120 0
1 513 77 2 28 90 5657 16718 9 1 140 0.18 24 150 0
1 513 77 2 28 90 5657 16718 8 1 140 0.1 22 149 0
1 513 77 2 28 90 5657 16718 11 2 140 0.48 33 148 0
1 513 77 2 28 90 5657 16718 9 2 140 0.25 27 146 0
1 513 77 2 28 90 5657 16718 11 2 140 0.25 30 147 0
1 513 77 2 28 90 5657 16718 9 2 140 0.1 21 145 0
1 513 77 2 28 90 5657 16718 11 2 140 0.28 25 144 0
1 513 77 2 28 90 5657 16718 10 2 140 0.28 30 143 0
1 513 77 2 28 90 5657 16718 11 2 140 0.4 31 142 0
1 513 77 2 28 90 5657 16718 12 2 140 0.5 35 141 0
1 513 77 2 28 90 5657 16718 11 2 140 0.4 33 140 0
1 513 95 3 1 90 5649 16711 23 2 140 0.53 36 168 0
1 513 95 3 1 90 5649 16711 11 2 140 0.18 26 166 0
1 513 95 3 1 90 5649 16711 11 1 140 0.45 33 155 0
1 513 95 3 1 90 5649 16711 13 2 140 0.35 32 159 0
1 513 95 3 1 90 5649 16711 23 2 140 0.7 40 163 0
1 513 95 3 1 90 5649 16711 17 2 140 0.55 34 167 0
1 513 95 3 1 90 5649 16711 16 2 140 0.48 35 165 0
1 513 95 3 1 90 5649 16711 25 2 140 0.73 41 164 0
1 513 95 3 1 90 5649 16711 9 2 140 0.2 25 162 0
1 513 95 3 1 90 5649 16711 16 2 140 0.7 48 161 0
1 513 95 3 1 90 5649 16711 25 2 140 0.6 39 160 0
1 513 95 3 1 90 5649 16711 11 1 140 0.38 33 158 0
1 513 95 3 1 90 5649 16711 11 1 140 0.33 31 157 0
1 513 95 3 1 90 5649 16711 15 1 140 0.38 34 151 0
1 513 95 3 1 90 5649 16711 17 1 140 0.33 30 156 0
1 513 95 3 1 90 5649 16711 7 1 140 0.25 28 154 0
1 513 95 3 1 90 5649 16711 9 1 140 0.23 27 153 0
1 513 95 3 1 90 5649 16711 23 1 140 0.8 41 152 0
1 513 99 3 2 90 5647 16702 11 2 140 0.15 24 180 0
1 513 99 3 2 90 5647 16702 9 2 140 0.18 26 179 0
1 513 99 3 2 90 5647 16702 22 2 140 0.55 34 178 0
1 513 99 3 2 90 5647 16702 22 2 140 0.75 39 177 0
1 513 99 3 2 90 5647 16702 11 2 140 0.2 28 176 0
1 513 99 3 2 90 5647 16702 9 1 140 0.2 26 175 0
1 513 99 3 2 90 5647 16702 11 1 140 0.28 28 174 0
1 513 99 3 2 90 5647 16702 10 1 140 0.23 25 173 0
1 513 99 3 2 90 5647 16702 18 1 140 0.4 32 172 0
1 513 99 3 2 90 5647 16702 9 1 140 0.2 26 171 0
1 513 99 3 2 90 5647 16702 11 1 140 0.35 30 170 0
1 513 99 3 2 90 5647 16702 17 1 140 0.38 32 169 0
1 513 82 3 3 90 5657 16758 12 2 140 0.43 40 200 0
1 513 82 3 3 90 5657 16758 24 2 140 0.6 37 199 0
1 513 82 3 3 90 5657 16758 11 2 140 0.5 34 197 0
1 513 82 3 3 90 5657 16758 10 2 140 0.3 30 196 0
1 513 82 3 3 90 5657 16758 12 2 140 0.3 31 195 0
1 513 82 3 3 90 5657 16758 8 2 140 0.2 26 193 0
1 513 82 3 3 90 5657 16758 22 2 140 0.8 42 192 0
1 513 82 3 3 90 5657 16758 11 1 140 0.4 34 186 0
1 513 82 3 3 90 5657 16758 11 2 140 0.4 29 191 0
1 513 82 3 3 90 5657 16758 10 1 140 0.15 26 189 0
1 513 82 3 3 90 5657 16758 9 1 140 0.18 22 188 0
1 513 82 3 3 90 5657 16758 11 1 140 0.3 30 187 0
1 513 82 3 3 90 5657 16758 13 1 140 0.33 33 185 0
1 513 82 3 3 90 5657 16758 11 1 140 0.23 29 184 0
1 513 82 3 3 90 5657 16758 9 1 140 0.2 27 183 0
1 513 82 3 3 90 5657 16758 11 1 140 0.25 29 182 0
1 513 82 3 3 90 5657 16758 9 1 140 0.2 25 181 0
1 513 82 3 3 90 5657 16758 11 1 140 0.35 32 190 0
1 513 82 3 3 90 5657 16758 22 2 140 0.45 35 194 0
1 513 82 3 3 90 5657 16758 11 2 140 0.2 28 198 0
1 514 0 6 30 90 5832 15930 16 1 140 0.45 32 280 0
1 514 0 6 30 90 5832 15930 16 1 140 0.5 34 279 0
1 514 0 6 30 90 5832 15930 6 1 140 0.1 20 277 0
1 514 0 6 30 90 5832 15930 7 1 140 0.1 22 276 0
1 514 0 6 30 90 5832 15930 6 1 140 0.05 18 275 0
1 514 0 6 30 90 5832 15930 4 1 140 0.03 13 273 0
1 514 0 6 30 90 5832 15930 4 1 140 0.03 10 272 0
1 514 0 6 30 90 5832 15930 18 1 140 0.4 32 271 0
1 514 0 6 30 90 5832 15930 5 1 140 0.03 15 274 0
1 514 0 6 30 90 5832 15930 3 2 140 0.03 9 270 0
1 514 0 6 30 90 5832 15930 4 2 140 0.03 11 269 0
1 514 0 6 30 90 5832 15930 4 2 140 0.03 14 268 0
1 514 0 6 30 90 5832 15930 10 2 140 0.15 23 267 0
1 514 0 6 30 90 5832 15930 7 2 140 0.15 22 266 0
1 514 0 6 30 90 5832 15930 17 2 140 0.55 36 265 0
1 514 0 6 30 90 5832 15930 11 2 140 0.2 27 263 0
1 514 0 6 30 90 5832 15930 4 1 140 0.03 11 278 0
1 514 0 6 30 90 5832 15930 22 2 140 0.3 30 262 0
1 514 0 6 30 90 5832 15930 13 2 140 0.4 32 261 0
1 514 18 6 27 90 5830 15930 9 1 140 0.2 25 220 0
1 514 18 6 27 90 5830 15930 15 1 140 0.25 29 219 0
1 514 18 6 27 90 5830 15930 17 1 140 0.35 30 217 0
1 514 18 6 27 90 5830 15930 6 1 140 0.09 19 211 0
1 514 18 6 27 90 5830 15930 12 2 140 0.35 29 215 0
1 514 18 6 27 90 5830 15930 6 1 140 0.1 19 218 0
1 514 18 6 27 90 5830 15930 6 1 140 0.05 17 216 0
1 514 18 6 27 90 5830 15930 14 1 140 0.32 31 214 0
1 514 18 6 27 90 5830 15930 17 1 140 0.25 29 213 0
1 514 18 6 27 90 5830 15930 23 1 140 0.3 30 212 0
1 514 18 6 27 90 5830 15930 16 2 140 0.45 33 210 0
1 514 18 6 27 90 5830 15930 22 2 140 0.45 34 209 0
1 514 18 6 27 90 5830 15930 11 2 140 0.45 34 208 0
1 514 18 6 27 90 5830 15930 6 2 140 0.09 19 207 0
1 514 18 6 27 90 5830 15930 6 2 140 0.1 19 206 0
1 514 18 6 27 90 5830 15930 14 2 140 0.4 34 205 0
1 514 18 6 27 90 5830 15930 6 2 140 0.05 19 204 0
1 514 18 6 27 90 5830 15930 12 2 140 0.45 32 203 0
1 514 18 6 27 90 5830 15930 12 2 140 0.4 31 202 0
1 514 18 6 27 90 5830 15930 12 2 140 0.4 32 201 0
1 513 82 2 10 90 5635 16610 15 2 140 0.65 40 250 0
1 513 82 2 10 90 5635 16610 8 2 140 0.15 24 248 0
1 513 82 2 10 90 5635 16610 11 2 140 0.15 25 247 0
1 513 82 2 10 90 5635 16610 10 2 140 0.15 25 246 0
1 513 82 2 10 90 5635 16610 11 1 140 0.15 24 245 0
1 513 82 2 10 90 5635 16610 10 2 140 0.2 26 244 0
1 513 82 2 10 90 5635 16610 8 2 140 0.15 23 249 0
1 513 82 2 10 90 5635 16610 10 2 140 0.2 26 243 0
1 513 82 2 10 90 5635 16610 17 1 140 0.4 35 242 0
1 513 82 2 10 90 5635 16610 12 1 140 0.15 25 241 0
1 514 26 6 25 90 5829 15937 15 2 140 0.5 35 220 0
1 514 26 6 25 90 5829 15937 13 1 140 0.35 31 204 0
1 514 26 6 25 90 5829 15937 14 1 140 0.4 33 208 0
1 514 26 6 25 90 5829 15937 5 2 140 0.05 16 212 0
1 514 26 6 25 90 5829 15937 15 2 140 0.7 34 215 0
1 514 26 6 25 90 5829 15937 5 2 140 0.05 15 219 0
1 514 26 6 25 90 5829 15937 10 2 140 0.3 29 218 0
1 514 26 6 25 90 5829 15937 17 2 140 0.4 33 217 0
1 514 26 6 25 90 5829 15937 4 2 140 0.03 12 216 0
1 514 26 6 25 90 5829 15937 22 2 140 0.3 31 214 0
1 514 26 6 25 90 5829 15937 7 2 140 0.1 24 213 0
1 514 26 6 25 90 5829 15937 4 2 140 0.05 13 211 0
1 514 26 6 25 90 5829 15937 11 1 140 0.3 29 210 0
1 514 26 6 25 90 5829 15937 10 1 140 0.2 26 209 0
1 514 26 6 25 90 5829 15937 11 1 140 0.17 25 207 0
1 514 26 6 25 90 5829 15937 12 1 140 0.2 27 206 0
1 514 26 6 25 90 5829 15937 10 1 140 0.1 21 205 0
1 514 26 6 25 90 5829 15937 16 1 140 0.3 30 203 0
1 514 26 6 25 90 5829 15937 9 1 140 0.3 28 202 0
1 514 26 6 25 90 5829 15937 12 1 140 0.2 28 201 0
1 514 15 6 28 90 5824 15922 6 1 140 0.05 16 240 0
1 514 15 6 28 90 5824 15922 12 1 140 0.25 31 239 0
1 514 15 6 28 90 5824 15922 11 1 140 0.15 25 238 0
1 514 15 6 28 90 5824 15922 20 1 140 0.3 30 237 0
1 514 15 6 28 90 5824 15922 15 1 140 0.25 30 236 0
1 514 15 6 28 90 5824 15922 24 1 140 0.3 31 235 0
1 514 15 6 28 90 5824 15922 14 2 140 0.2 30 222 0
1 514 15 6 28 90 5824 15922 4 2 140 0.05 14 226 0
1 514 15 6 28 90 5824 15922 11 1 140 0.3 30 234 0
1 514 15 6 28 90 5824 15922 12 1 140 0.2 29 233 0
1 514 15 6 28 90 5824 15922 7 1 140 0.1 22 232 0
1 514 15 6 28 90 5824 15922 6 1 140 0.05 18 231 0
1 514 15 6 28 90 5824 15922 5 2 140 0.05 16 230 0
1 514 15 6 28 90 5824 15922 6 2 140 0.05 19 229 0
1 514 15 6 28 90 5824 15922 16 2 140 0.5 33 228 0
1 514 15 6 28 90 5824 15922 16 2 140 0.5 33 227 0
1 514 15 6 28 90 5824 15922 13 2 140 0.5 34 225 0
1 514 15 6 28 90 5824 15922 15 2 140 0.2 28 224 0
1 514 15 6 28 90 5824 15922 16 2 140 0.5 36 223 0
1 514 15 6 28 90 5824 15922 20 2 140 0.2 30 221 0
1 514 15 6 29 90 5829 15925 21 2 140 0.43 33 260 0
1 514 15 6 29 90 5829 15925 19 2 140 0.5 35 259 0
1 514 15 6 29 90 5829 15925 11 2 140 0.4 30 257 0
1 514 15 6 29 90 5829 15925 20 2 140 0.6 37 256 0
1 514 15 6 29 90 5829 15925 17 2 140 0.45 34 255 0
1 514 15 6 29 90 5829 15925 7 2 140 0.15 21 253 0
1 514 15 6 29 90 5829 15925 13 2 140 0.43 33 252 0
1 514 15 6 29 90 5829 15925 7 2 140 0.15 19 251 0
1 514 15 6 29 90 5829 15925 11 1 140 0.23 27 249 0
1 514 15 6 29 90 5829 15925 6 1 140 0.15 19 248 0
1 514 15 6 29 90 5829 15925 4 1 140 0.1 18 247 0
1 514 15 6 29 90 5829 15925 6 1 140 0.05 15 245 0
1 514 15 6 29 90 5829 15925 7 1 140 0.15 20 244 0
1 514 15 6 29 90 5829 15925 7 1 140 0.2 25 243 0
1 514 15 6 29 90 5829 15925 4 1 140 0.05 13 242 0
1 514 15 6 29 90 5829 15925 11 1 140 0.2 26 246 0
1 514 15 6 29 90 5829 15925 15 1 140 0.45 34 250 0
1 514 15 6 29 90 5829 15925 14 2 140 0.43 32 254 0
1 514 15 6 29 90 5829 15925 12 2 140 0.4 29 258 0
1 514 15 6 29 90 5829 15925 7 1 140 0.15 23 241 0
1 514 16 6 30 90 5824 15925 10 1 140 0.35 30 280 0
1 514 16 6 30 90 5824 15925 8 1 140 0.2 25 279 0
1 514 16 6 30 90 5824 15925 6 1 140 0.05 17 278 0
1 514 16 6 30 90 5824 15925 11 2 140 0.3 29 266 0
1 514 16 6 30 90 5824 15925 7 1 140 0.1 21 277 0
1 514 16 6 30 90 5824 15925 14 1 140 0.3 28 276 0
1 514 16 6 30 90 5824 15925 16 1 140 0.3 29 275 0
1 514 16 6 30 90 5824 15925 9 1 140 0.23 27 274 0
1 514 16 6 30 90 5824 15925 6 1 140 0.05 17 273 0
1 514 16 6 30 90 5824 15925 12 1 140 0.32 29 272 0
1 514 16 6 30 90 5824 15925 16 1 140 0.35 31 271 0
1 514 16 6 30 90 5824 15925 6 2 140 0.1 18 262 0
1 514 16 6 30 90 5824 15925 14 2 140 0.6 35 270 0
1 514 16 6 30 90 5824 15925 6 2 140 0.07 18 269 0
1 514 16 6 30 90 5824 15925 5 2 140 0.05 16 268 0
1 514 16 6 30 90 5824 15925 6 2 140 0.05 17 267 0
1 514 16 6 30 90 5824 15925 10 2 140 0.35 31 265 0
1 514 16 6 30 90 5824 15925 14 2 140 0.4 32 264 0
1 514 16 6 30 90 5824 15925 10 2 140 0.38 31 263 0
1 514 16 6 30 90 5824 15925 10 2 140 0.3 29 261 0
1 516 73 1 20 90 5644 16246 15 1 140 0.32 31 40 0
1 516 73 1 20 90 5644 16246 11 1 140 0.3 30 39 0
1 516 73 1 20 90 5644 16246 19 1 140 0.45 33 37 0
1 516 73 1 20 90 5644 16246 20 1 140 0.4 33 36 0
1 516 73 1 20 90 5644 16246 15 1 140 0.35 29 35 0
1 516 73 1 20 90 5644 16246 15 1 140 0.42 33 33 0
1 516 73 1 20 90 5644 16246 12 1 140 0.32 29 32 0
1 516 73 1 20 90 5644 16246 22 1 140 0.35 30 31 0
1 516 73 1 20 90 5644 16246 24 1 140 0.45 33 29 0
1 516 73 1 20 90 5644 16246 18 1 140 0.27 29 28 0
1 516 73 1 20 90 5644 16246 16 1 140 0.37 32 27 0
1 516 73 1 20 90 5644 16246 13 1 140 0.3 29 26 0
1 516 73 1 20 90 5644 16246 14 1 140 0.2 26 25 0
1 516 73 1 20 90 5644 16246 16 1 140 0.35 31 24 0
1 516 73 1 20 90 5644 16246 11 1 140 0.35 30 22 0
1 516 73 1 20 90 5644 16246 18 1 140 0.42 32 21 0
1 516 73 1 20 90 5644 16246 13 2 140 0.32 31 20 0
1 516 73 1 20 90 5644 16246 18 2 140 0.42 33 19 0
1 516 73 1 20 90 5644 16246 16 2 140 0.4 32 18 0
1 516 73 1 20 90 5644 16246 13 2 140 0.35 31 17 0
1 516 73 1 20 90 5644 16246 10 2 140 0.3 30 16 0
1 516 73 1 20 90 5644 16246 11 2 140 0.35 29 15 0
1 516 73 1 20 90 5644 16246 12 2 140 0.3 29 14 0
1 516 73 1 20 90 5644 16246 20 2 140 0.37 34 13 0
1 516 73 1 20 90 5644 16246 13 2 140 0.4 33 11 0
1 516 73 1 20 90 5644 16246 20 2 140 0.37 31 10 0
1 516 73 1 20 90 5644 16246 14 2 140 0.4 34 1 0
1 516 73 1 20 90 5644 16246 9 2 140 0.25 27 5 0
1 516 73 1 20 90 5644 16246 19 2 140 0.3 30 8 0
1 516 73 1 20 90 5644 16246 18 2 140 0.35 32 12 0
1 516 73 1 20 90 5644 16246 12 1 140 0.3 29 30 0
1 516 73 1 20 90 5644 16246 12 1 140 0.25 28 34 0
1 516 73 1 20 90 5644 16246 16 1 140 0.35 30 38 0
1 516 73 1 20 90 5644 16246 12 2 140 0.35 33 9 0
1 516 73 1 20 90 5644 16246 11 2 140 0.4 32 7 0
1 516 73 1 20 90 5644 16246 10 2 140 0.25 29 6 0
1 516 73 1 20 90 5644 16246 21 2 140 0.5 34 4 0
1 516 73 1 20 90 5644 16246 22 2 140 0.55 35 3 0
1 516 73 1 20 90 5644 16246 10 2 140 0.35 30 2 0
1 509 70 1 22 90 5631 16310 15 2 140 0.75 35 50 0
1 509 70 1 22 90 5631 16310 15 2 140 0.4 33 48 0
1 509 70 1 22 90 5631 16310 24 2 140 0.45 35 47 0
1 509 70 1 22 90 5631 16310 10 1 140 0.2 27 45 0
1 509 70 1 22 90 5631 16310 13 2 140 0.5 35 49 0
1 509 70 1 22 90 5631 16310 12 2 140 0.25 29 46 0
1 509 70 1 22 90 5631 16310 12 1 140 0.2 26 42 0
1 509 70 1 22 90 5631 16310 15 1 140 0.2 27 44 0
1 509 70 1 22 90 5631 16310 21 1 140 0.35 31 43 0
1 509 71 1 23 90 5642 16313 9 1 140 0.15 24 60 0
1 509 71 1 23 90 5642 16313 16 1 140 0.25 32 59 0
1 509 71 1 23 90 5642 16313 11 1 140 0.3 31 58 0
1 509 71 1 23 90 5642 16313 9 1 140 0.15 23 57 0
1 509 71 1 23 90 5642 16313 24 2 140 0.6 40 56 0
1 509 71 1 23 90 5642 16313 25 2 140 0.4 34 53 0
1 509 71 1 23 90 5642 16313 12 2 140 0.35 32 55 0
1 509 71 1 23 90 5642 16313 12 2 140 0.37 33 54 0
1 509 71 1 23 90 5642 16313 15 2 140 0.45 35 52 0
1 509 71 1 23 90 5642 16313 21 2 140 0.35 34 51 0
1 509 71 1 24 90 5645 16333 18 2 140 0.45 35 69 0
1 509 71 1 24 90 5645 16333 13 2 140 0.3 32 68 0
1 509 71 1 24 90 5645 16333 11 2 140 0.23 28 67 0
1 509 71 1 24 90 5645 16333 16 1 140 0.5 35 66 0
1 509 71 1 24 90 5645 16333 9 1 140 0.15 24 65 0
1 509 71 1 24 90 5645 16333 13 1 140 0.33 31 64 0
1 509 71 1 24 90 5645 16333 16 1 140 0.5 36 63 0
1 509 71 1 24 90 5645 16333 21 2 140 0.5 38 70 0
1 509 71 1 24 90 5645 16333 9 1 140 0.2 26 62 0
1 509 71 1 24 90 5645 16333 9 1 140 0.2 26 61 0
1 513 79 2 2 90 5632 16518 11 1 140 0.3 30 10 0
1 513 79 2 2 90 5632 16518 9 1 140 0.4 30 8 0
1 513 79 2 2 90 5632 16518 11 1 140 0.3 29 7 0
1 513 79 2 2 90 5632 16518 11 1 140 0.3 30 6 0
1 513 79 2 2 90 5632 16518 19 2 140 0.7 36 1 0
1 513 79 2 2 90 5632 16518 10 2 140 0.3 28 5 0
1 513 79 2 2 90 5632 16518 16 1 140 0.6 36 9 0
1 513 79 2 2 90 5632 16518 22 2 140 0.6 39 4 0
1 513 79 2 2 90 5632 16518 11 2 140 0.3 29 3 0
1 513 79 2 2 90 5632 16518 8 2 140 0.3 28 2 0
1 517 86 2 3 90 5622 16536 20 1 140 0.6 36 28 0
1 517 86 2 3 90 5622 16536 15 1 140 0.4 31 30 0
1 517 86 2 3 90 5622 16536 11 1 140 0.4 32 29 0
1 517 86 2 3 90 5622 16536 11 1 140 0.35 30 27 0
1 517 86 2 3 90 5622 16536 17 1 140 0.6 37 26 0
1 517 86 2 3 90 5622 16536 11 1 140 0.3 29 25 0
1 517 86 2 3 90 5622 16536 17 1 140 0.4 33 24 0
1 517 86 2 3 90 5622 16536 17 1 140 0.4 31 23 0
1 517 86 2 3 90 5622 16536 9 1 140 0.3 28 22 0
1 517 86 2 3 90 5622 16536 17 1 140 0.5 36 21 0
1 517 86 2 3 90 5622 16536 12 2 140 0.55 36 20 0
1 517 86 2 3 90 5622 16536 10 2 140 0.3 28 19 0
1 517 86 2 3 90 5622 16536 11 2 140 0.5 33 18 0
1 517 86 2 3 90 5622 16536 11 2 140 0.3 30 17 0
1 517 86 2 3 90 5622 16536 22 2 140 0.6 37 16 0
1 517 86 2 3 90 5622 16536 9 2 140 0.2 26 15 0
1 517 86 2 3 90 5622 16536 17 2 140 0.6 35 14 0
1 517 86 2 3 90 5622 16536 11 2 140 0.55 36 13 0
1 517 86 2 3 90 5622 16536 19 2 140 0.7 39 12 0
1 517 86 2 3 90 5622 16536 15 2 140 0.4 32 11 0
1 517 95 2 6 90 5617 16539 11 2 140 0.5 34 32 0
1 517 95 2 6 90 5617 16539 20 2 140 0.8 39 36 0
1 517 95 2 6 90 5617 16539 14 1 140 0.5 32 39 0
1 517 95 2 6 90 5617 16539 23 1 140 0.6 34 40 0
1 517 95 2 6 90 5617 16539 17 2 140 0.9 30 38 0
1 517 95 2 6 90 5617 16539 16 2 140 0.7 36 37 0
1 517 95 2 6 90 5617 16539 16 2 140 0.8 37 35 0
1 517 95 2 6 90 5617 16539 16 2 140 0.4 31 34 0
1 517 95 2 6 90 5617 16539 14 2 140 0.55 33 33 0
1 517 95 2 6 90 5617 16539 20 2 140 0.5 32 31 0
1 516 71 1 4 90 5639 16258 15 1 140 0.4 32 103 0
1 516 71 1 4 90 5639 16258 13 1 140 0.4 32 104 0
1 516 71 1 4 90 5639 16258 18 1 140 0.4 31 109 0
1 516 71 1 4 90 5639 16258 18 1 140 0.25 29 110 0
1 516 71 1 4 90 5639 16258 13 1 140 0.3 29 108 0
1 516 71 1 4 90 5639 16258 18 1 140 0.35 31 107 0
1 516 71 1 4 90 5639 16258 18 1 140 0.5 34 105 0
1 516 71 1 4 90 5639 16258 24 1 140 0.4 33 102 0
1 516 71 1 4 90 5639 16258 14 1 140 0.35 31 106 0
1 516 71 1 4 90 5639 16258 20 2 140 0.5 33 111 0
1 516 71 1 4 90 5639 16258 15 2 140 0.4 33 112 0
1 516 71 1 4 90 5639 16258 16 2 140 0.4 32 113 0
1 516 71 1 4 90 5639 16258 21 2 140 0.4 34 114 0
1 516 71 1 4 90 5639 16258 14 2 140 0.35 33 115 0
1 516 71 1 4 90 5639 16258 20 2 140 0.4 34 116 0
1 516 71 1 4 90 5639 16258 18 2 140 0.45 32 117 0
1 516 71 1 4 90 5639 16258 16 2 140 0.45 34 118 0
1 516 71 1 4 90 5639 16258 19 2 140 0.6 35 119 0
1 516 71 1 4 90 5639 16258 22 2 140 0.6 36 120 0
1 516 71 1 4 90 5639 16258 17 1 140 0.5 33 101 0
1 513 75 2 7 90 5644 16533 25 1 140 0.45 32 49 0
1 513 75 2 7 90 5644 16533 9 1 140 0.25 24 48 0
1 513 75 2 7 90 5644 16533 11 1 140 0.3 28 46 0
1 513 75 2 7 90 5644 16533 11 1 140 0.3 25 45 0
1 513 75 2 7 90 5644 16533 9 1 140 0.2 26 44 0
1 513 75 2 7 90 5644 16533 12 1 140 0.55 33 47 0
1 513 75 2 7 90 5644 16533 10 1 140 0.4 31 43 0
1 513 75 2 7 90 5644 16533 10 1 140 0.38 29 42 0
1 513 75 2 7 90 5644 16533 15 2 140 0.6 35 41 0
1 517 90 2 8 90 5629 16543 15 1 140 0.6 33 69 0
1 517 90 2 8 90 5629 16543 11 1 140 0.43 31 67 0
1 517 90 2 8 90 5629 16543 13 1 140 0.4 32 66 0
1 517 90 2 8 90 5629 16543 17 1 140 0.65 36 65 0
1 517 90 2 8 90 5629 16543 9 1 140 0.28 26 64 0
1 517 90 2 8 90 5629 16543 15 1 140 0.8 39 63 0
1 517 90 2 8 90 5629 16543 14 1 140 0.6 35 62 0
1 517 90 2 8 90 5629 16543 11 1 140 0.35 29 61 0
1 517 90 2 8 90 5629 16543 9 1 140 0.3 27 60 0
1 517 90 2 8 90 5629 16543 11 2 140 0.4 31 59 0
1 517 90 2 8 90 5629 16543 9 2 140 0.25 28 58 0
1 517 90 2 8 90 5629 16543 11 2 140 0.45 32 57 0
1 517 90 2 8 90 5629 16543 14 2 140 0.58 34 56 0
1 517 90 2 8 90 5629 16543 9 2 140 0.3 26 55 0
1 517 90 2 8 90 5629 16543 13 2 140 0.65 37 54 0
1 517 90 2 8 90 5629 16543 24 2 140 0.95 41 53 0
1 517 90 2 8 90 5629 16543 21 2 140 0.75 39 52 0
1 517 90 2 8 90 5629 16543 14 2 140 0.55 34 51 0
1 517 90 2 8 90 5629 16543 11 1 140 0.5 31 68 0
1 517 90 2 8 90 5629 16543 19 2 140 0.6 35 50 0
1 517 90 2 9 90 5624 16525 16 1 140 0.55 33 89 0
1 517 90 2 9 90 5624 16525 10 1 140 0.3 27 88 0
1 517 90 2 9 90 5624 16525 20 2 140 0.7 38 72 0
1 517 90 2 9 90 5624 16525 19 2 140 1.3 41 76 0
1 517 90 2 9 90 5624 16525 11 2 140 0.3 26 79 0
1 517 90 2 9 90 5624 16525 18 1 140 0.6 36 83 0
1 517 90 2 9 90 5624 16525 11 1 140 0.5 34 87 0
1 517 90 2 9 90 5624 16525 14 1 140 0.58 35 86 0
1 517 90 2 9 90 5624 16525 11 1 140 0.38 30 84 0
1 517 90 2 9 90 5624 16525 10 1 140 0.25 25 82 0
1 517 90 2 9 90 5624 16525 13 1 140 0.45 33 81 0
1 517 90 2 9 90 5624 16525 21 1 140 0.75 38 80 0
1 517 90 2 9 90 5624 16525 8 2 140 0.38 27 78 0
1 517 90 2 9 90 5624 16525 14 2 140 0.8 37 77 0
1 517 90 2 9 90 5624 16525 11 2 140 0.45 30 75 0
1 517 90 2 9 90 5624 16525 15 2 140 0.55 33 74 0
1 517 90 2 9 90 5624 16525 15 2 140 0.63 35 73 0
1 517 90 2 9 90 5624 16525 20 2 140 0.75 37 71 0
1 517 90 2 9 90 5624 16525 23 2 140 1 41 70 0
1 509 66 1 5 90 5658 16323 18 1 140 0.45 32 122 0
1 509 66 1 5 90 5658 16323 21 1 140 0.45 32 123 0
1 509 66 1 5 90 5658 16323 10 1 140 0.2 26 128 0
1 509 66 1 5 90 5658 16323 22 1 140 0.35 31 130 0
1 509 66 1 5 90 5658 16323 15 1 140 0.4 33 127 0
1 509 66 1 5 90 5658 16323 20 1 140 0.25 28 126 0
1 509 66 1 5 90 5658 16323 20 1 140 0.45 32 124 0
1 509 66 1 5 90 5658 16323 20 1 140 0.3 30 125 0
1 509 66 1 5 90 5658 16323 16 1 140 0.4 33 129 0
1 509 66 1 5 90 5658 16323 13 2 140 0.35 31 133 0
1 509 66 1 5 90 5658 16323 12 2 140 0.2 27 137 0
1 509 66 1 5 90 5658 16323 13 2 140 0.3 31 131 0
1 509 66 1 5 90 5658 16323 17 2 140 0.35 32 132 0
1 509 66 1 5 90 5658 16323 17 2 140 0.4 32 134 0
1 509 66 1 5 90 5658 16323 18 2 140 0.4 33 135 0
1 509 66 1 5 90 5658 16323 10 2 140 0.15 23 136 0
1 509 66 1 5 90 5658 16323 10 2 140 0.2 26 138 0
1 509 66 1 5 90 5658 16323 15 2 140 0.35 32 139 0
1 509 66 1 5 90 5658 16323 16 2 140 0.4 33 140 0
1 509 66 1 5 90 5658 16323 11 1 140 0.25 28 121 0
1 509 70 1 6 90 5649 16315 15 1 140 0.4 34 143 0
1 509 70 1 6 90 5649 16315 12 1 140 0.2 27 144 0
1 509 70 1 6 90 5649 16315 13 1 140 0.45 31 149 0
1 509 70 1 6 90 5649 16315 12 1 140 0.2 25 150 0
1 509 70 1 6 90 5649 16315 17 1 140 0.25 28 148 0
1 509 70 1 6 90 5649 16315 10 1 140 0.15 25 147 0
1 509 70 1 6 90 5649 16315 10 1 140 0.2 26 146 0
1 509 70 1 6 90 5649 16315 15 1 140 0.65 35 141 0
1 509 70 1 6 90 5649 16315 17 1 140 0.3 30 145 0
1 509 70 1 6 90 5649 16315 19 2 140 0.3 28 151 0
1 509 70 1 6 90 5649 16315 14 2 140 0.4 34 152 0
1 509 70 1 6 90 5649 16315 11 2 140 0.25 27 153 0
1 509 70 1 6 90 5649 16315 11 2 140 0.3 30 154 0
1 509 70 1 6 90 5649 16315 13 2 140 0.35 30 155 0
1 509 70 1 6 90 5649 16315 15 2 140 0.5 34 156 0
1 509 70 1 6 90 5649 16315 14 2 140 0.27 28 157 0
1 509 70 1 6 90 5649 16315 10 2 140 0.3 30 158 0
1 509 70 1 6 90 5649 16315 18 2 140 0.45 35 159 0
1 509 70 1 6 90 5649 16315 12 2 140 0.45 31 160 0
1 509 70 1 6 90 5649 16315 9 1 140 0.2 27 142 0
1 509 68 1 7 90 5648 16308 12 1 140 0.25 28 162 0
1 509 68 1 7 90 5648 16308 9 1 140 0.15 23 163 0
1 509 68 1 7 90 5648 16308 9 1 140 0.15 24 169 0
1 509 68 1 7 90 5648 16308 11 1 140 0.3 29 170 0
1 509 68 1 7 90 5648 16308 9 1 140 0.17 25 167 0
1 509 68 1 7 90 5648 16308 23 1 140 0.3 30 166 0
1 509 68 1 7 90 5648 16308 11 1 140 0.25 28 165 0
1 509 68 1 7 90 5648 16308 11 1 140 0.2 26 168 0
1 509 68 1 7 90 5648 16308 20 2 140 0.2 25 172 0
1 509 68 1 7 90 5648 16308 13 2 140 0.35 31 176 0
1 509 68 1 7 90 5648 16308 17 2 140 0.25 29 180 0
1 509 68 1 7 90 5648 16308 11 1 140 0.15 23 164 0
1 509 68 1 7 90 5648 16308 23 2 140 0.47 35 171 0
1 509 68 1 7 90 5648 16308 17 2 140 0.35 30 173 0
1 509 68 1 7 90 5648 16308 11 2 140 0.3 29 174 0
1 509 68 1 7 90 5648 16308 18 2 140 0.6 36 177 0
1 509 68 1 7 90 5648 16308 13 2 140 0.37 30 178 0
1 509 68 1 7 90 5648 16308 13 2 140 0.25 29 179 0
1 509 68 1 7 90 5648 16308 18 1 140 0.45 33 161 0
1 516 64 1 9 90 5646 16253 21 1 140 0.47 35 182 0
1 516 64 1 9 90 5646 16253 9 1 140 0.2 25 185 0
1 516 64 1 9 90 5646 16253 20 1 140 0.37 30 188 0
1 516 64 1 9 90 5646 16253 20 1 140 0.45 34 186 0
1 516 64 1 9 90 5646 16253 16 1 140 0.5 35 183 0
1 516 64 1 9 90 5646 16253 17 2 140 0.85 39 191 0
1 516 64 1 9 90 5646 16253 16 1 140 0.55 36 184 0
1 516 64 1 9 90 5646 16253 23 2 140 0.8 39 192 0
1 516 64 1 9 90 5646 16253 16 2 140 0.6 35 193 0
1 516 64 1 9 90 5646 16253 14 2 140 0.3 29 194 0
1 516 64 1 9 90 5646 16253 10 2 140 0.17 25 195 0
1 516 64 1 9 90 5646 16253 23 2 140 0.6 36 196 0
1 516 64 1 9 90 5646 16253 17 2 140 0.6 34 197 0
1 516 64 1 9 90 5646 16253 18 2 140 0.3 28 198 0
1 516 64 1 9 90 5646 16253 9 2 140 0.13 22 199 0
1 516 64 1 9 90 5646 16253 19 2 140 0.35 31 200 0
1 516 64 1 9 90 5646 16253 16 1 140 0.3 29 189 0
1 516 64 1 9 90 5646 16253 11 1 140 0.25 29 190 0
1 516 64 1 9 90 5646 16253 23 1 140 0.5 34 181 0
1 516 66 1 10 90 5649 16221 9 1 140 0.15 24 202 0
1 516 66 1 10 90 5649 16221 21 1 140 0.47 35 203 0
1 516 66 1 10 90 5649 16221 8 1 140 0.1 22 209 0
1 516 66 1 10 90 5649 16221 12 1 140 0.17 25 210 0
1 516 66 1 10 90 5649 16221 21 1 140 0.35 30 207 0
1 516 66 1 10 90 5649 16221 10 1 140 0.1 22 204 0
1 516 66 1 10 90 5649 16221 9 1 140 0.2 27 208 0
1 516 66 1 10 90 5649 16221 11 2 140 0.2 26 212 0
1 516 66 1 10 90 5649 16221 10 2 140 0.15 23 215 0
1 516 66 1 10 90 5649 16221 11 2 140 0.2 28 219 0
1 516 66 1 10 90 5649 16221 21 1 140 0.5 36 205 0
1 516 66 1 10 90 5649 16221 10 2 140 0.2 25 211 0
1 516 66 1 10 90 5649 16221 9 2 140 0.15 25 213 0
1 516 66 1 10 90 5649 16221 11 2 140 0.2 26 214 0
1 516 66 1 10 90 5649 16221 21 2 140 0.55 36 216 0
1 516 66 1 10 90 5649 16221 10 2 140 0.2 27 217 0
1 516 66 1 10 90 5649 16221 10 2 140 0.15 23 218 0
1 516 66 1 10 90 5649 16221 10 2 140 0.15 22 220 0
1 516 66 1 10 90 5649 16221 9 1 140 0.2 26 201 0
1 516 68 1 11 90 5649 16211 11 1 140 0.2 27 222 0
1 516 68 1 11 90 5649 16211 13 1 140 0.23 27 225 0
1 516 68 1 11 90 5649 16211 10 1 140 0.15 23 228 0
1 516 68 1 11 90 5649 16211 10 1 140 0.1 22 227 0
1 516 68 1 11 90 5649 16211 8 1 140 0.15 22 226 0
1 516 68 1 11 90 5649 16211 23 1 140 0.5 34 224 0
1 516 68 1 11 90 5649 16211 11 2 140 0.1 22 231 0
1 516 68 1 11 90 5649 16211 9 1 140 0.15 24 223 0
1 516 68 1 11 90 5649 16211 18 2 140 0.55 37 232 0
1 516 68 1 11 90 5649 16211 11 2 140 0.15 25 233 0
1 516 68 1 11 90 5649 16211 14 2 140 0.55 35 234 0
1 516 68 1 11 90 5649 16211 10 2 140 0.15 23 235 0
1 516 68 1 11 90 5649 16211 19 2 140 0.4 36 237 0
1 516 68 1 11 90 5649 16211 11 2 140 0.2 27 238 0
1 516 68 1 11 90 5649 16211 10 2 140 0.17 24 239 0
1 516 68 1 11 90 5649 16211 9 1 140 0.07 19 229 0
1 516 68 1 11 90 5649 16211 24 2 140 0.75 37 230 0
1 516 68 1 11 90 5649 16211 24 1 140 0.55 35 221 0
1 509 71 1 25 90 5640 16334 15 2 140 0.85 38 241 0
1 509 71 1 25 90 5640 16334 16 2 140 0.9 39 242 0
1 509 71 1 25 90 5640 16334 12 1 140 0.15 24 248 0
1 509 71 1 25 90 5640 16334 10 1 140 0.15 24 247 0
1 509 71 1 25 90 5640 16334 12 2 140 0.27 28 245 0
1 509 71 1 25 90 5640 16334 10 2 140 0.25 26 244 0
1 509 71 1 25 90 5640 16334 24 2 140 0.7 39 243 0
1 509 71 1 25 90 5640 16334 11 2 140 0.25 27 246 0
1 509 71 1 25 90 5640 16334 21 2 140 0.5 37 240 0
1 513 73 1 27 90 5653 16525 21 2 140 0.95 39 252 0
1 513 73 1 27 90 5653 16525 21 2 140 0.7 38 254 0
1 513 73 1 27 90 5653 16525 22 1 140 0.7 37 258 0
1 513 73 1 27 90 5653 16525 15 2 140 0.6 37 257 0
1 513 73 1 27 90 5653 16525 10 2 140 0.15 24 256 0
1 513 73 1 27 90 5653 16525 17 2 140 0.8 40 253 0
1 513 73 1 27 90 5653 16525 22 2 140 0.8 38 251 0
1 513 73 1 27 90 5653 16525 8 2 140 0.15 22 255 0
1 513 73 1 27 90 5653 16525 12 1 140 0.15 23 259 0
1 513 73 1 27 90 5653 16525 8 1 140 0.15 22 260 0
1 513 73 1 27 90 5653 16525 8 1 140 0.15 23 261 0
1 513 73 1 27 90 5653 16525 12 2 140 0.9 40 250 0
1 513 77 1 29 90 5655 16507 10 2 140 0.13 24 264 0
1 513 77 1 29 90 5655 16507 8 1 140 0.07 21 266 0
1 513 77 1 29 90 5655 16507 10 2 140 0.2 26 263 0
1 513 77 1 29 90 5655 16507 8 2 140 0.13 22 265 0
1 513 77 1 29 90 5655 16507 7 2 140 0.07 21 262 0
1 516 70 1 17 90 5637 16228 16 2 140 0.33 33 110 0
1 516 70 1 17 90 5637 16228 10 2 140 0.15 27 109 0
1 516 70 1 17 90 5637 16228 21 2 140 0.4 35 108 0
1 516 70 1 17 90 5637 16228 16 2 140 0.23 31 107 0
1 516 70 1 17 90 5637 16228 17 2 140 0.6 37 106 0
1 516 70 1 17 90 5637 16228 9 1 140 0.1 26 105 0
1 516 70 1 17 90 5637 16228 11 1 140 0.15 28 104 0
1 516 70 1 17 90 5637 16228 14 1 140 0.25 31 103 0
1 516 70 1 17 90 5637 16228 18 1 140 0.25 32 102 0
1 516 70 1 17 90 5637 16228 17 1 140 0.4 34 101 0
1 516 70 1 18 90 5639 16227 10 1 140 0.18 28 130 0
1 516 70 1 18 90 5639 16227 13 1 140 0.27 32 129 0
1 516 70 1 18 90 5639 16227 13 2 140 0.34 32 115 0
1 516 70 1 18 90 5639 16227 10 2 140 0.1 26 119 0
1 516 70 1 18 90 5639 16227 19 1 140 0.25 30 127 0
1 516 70 1 18 90 5639 16227 11 1 140 0.16 27 128 0
1 516 70 1 18 90 5639 16227 11 1 140 0.25 29 126 0
1 516 70 1 18 90 5639 16227 22 1 140 0.6 37 125 0
1 516 70 1 18 90 5639 16227 20 1 140 0.52 36 124 0
1 516 70 1 18 90 5639 16227 9 1 140 0.06 24 122 0
1 516 70 1 18 90 5639 16227 20 1 140 0.27 33 121 0
1 516 70 1 18 90 5639 16227 16 2 140 0.46 37 120 0
1 516 70 1 18 90 5639 16227 9 2 140 0.05 22 112 0
1 516 70 1 18 90 5639 16227 14 2 140 0.19 29 118 0
1 516 70 1 18 90 5639 16227 16 2 140 0.35 33 117 0
1 516 70 1 18 90 5639 16227 15 2 140 0.43 34 116 0
1 516 70 1 18 90 5639 16227 20 2 140 0.56 38 114 0
1 516 70 1 18 90 5639 16227 16 2 140 0.25 31 113 0
1 516 70 1 18 90 5639 16227 20 2 140 0.65 39 111 0
1 516 70 1 19 90 5642 16222 11 1 140 0.12 26 150 0
1 516 70 1 19 90 5642 16222 13 1 140 0.15 29 149 0
1 516 70 1 19 90 5642 16222 15 1 140 0.21 30 146 0
1 516 70 1 19 90 5642 16222 17 1 140 0.24 31 145 0
1 516 70 1 19 90 5642 16222 13 1 140 0.15 27 144 0
1 516 70 1 19 90 5642 16222 10 1 140 0.15 28 143 0
1 516 70 1 19 90 5642 16222 12 1 140 0.21 29 142 0
1 516 70 1 19 90 5642 16222 17 1 140 0.3 32 141 0
1 516 70 1 19 90 5642 16222 18 2 140 0.3 32 140 0
1 516 70 1 19 90 5642 16222 18 2 140 0.5 35 139 0
1 516 70 1 19 90 5642 16222 18 2 140 0.28 34 138 0
1 516 70 1 19 90 5642 16222 18 1 140 0.3 32 147 0
1 516 70 1 19 90 5642 16222 20 2 140 0.32 33 136 0
1 516 70 1 19 90 5642 16222 17 2 140 0.4 36 135 0
1 516 70 1 19 90 5642 16222 9 2 140 0.11 26 134 0
1 516 70 1 19 90 5642 16222 7 2 140 0.05 23 133 0
1 516 70 1 19 90 5642 16222 8 2 140 0.05 21 132 0
1 516 70 1 19 90 5642 16222 20 2 140 0.4 35 131 0
1 516 68 1 20 90 5647 16250 9 1 140 0.1 25 170 0
1 516 68 1 20 90 5647 16250 18 1 140 0.38 34 169 0
1 516 68 1 20 90 5647 16250 9 1 140 0.14 26 168 0
1 516 68 1 20 90 5647 16250 15 1 140 0.46 35 167 0
1 516 68 1 20 90 5647 16250 16 1 140 0.25 31 165 0
1 516 68 1 20 90 5647 16250 19 1 140 0.35 33 164 0
1 516 68 1 20 90 5647 16250 15 2 140 0.35 33 154 0
1 516 68 1 20 90 5647 16250 9 2 140 0.19 26 158 0
1 516 68 1 20 90 5647 16250 9 1 140 0.07 24 162 0
1 516 68 1 20 90 5647 16250 20 1 140 0.17 28 166 0
1 516 68 1 20 90 5647 16250 12 1 140 0.17 30 163 0
1 516 68 1 20 90 5647 16250 9 1 140 0.05 21 161 0
1 516 68 1 20 90 5647 16250 21 2 140 0.2 30 160 0
1 516 68 1 20 90 5647 16250 9 2 140 0.19 24 159 0
1 516 68 1 20 90 5647 16250 9 2 140 0.21 22 157 0
1 516 68 1 20 90 5647 16250 14 2 140 0.21 31 156 0
1 516 68 1 20 90 5647 16250 19 2 140 0.55 35 155 0
1 516 68 1 20 90 5647 16250 23 2 140 0.59 29 151 0
1 516 68 1 20 90 5647 16250 9 2 140 0.05 20 153 0
1 516 68 1 20 90 5647 16250 18 2 140 0.13 43 152 0
1 509 71 1 21 90 5642 16308 14 1 140 0.24 32 189 0
1 509 71 1 21 90 5642 16308 9 1 140 0.15 27 186 0
1 509 71 1 21 90 5642 16308 11 1 140 0.19 29 190 0
1 509 71 1 21 90 5642 16308 14 1 140 0.26 30 188 0
1 509 71 1 21 90 5642 16308 9 1 140 0.11 25 187 0
1 509 71 1 21 90 5642 16308 8 1 140 0.15 25 185 0
1 509 71 1 21 90 5642 16308 17 1 140 0.6 38 184 0
1 509 71 1 21 90 5642 16308 17 1 140 0.4 35 183 0
1 509 71 1 21 90 5642 16308 15 1 140 0.7 40 182 0
1 509 71 1 21 90 5642 16308 16 1 140 0.4 34 181 0
1 509 71 1 21 90 5642 16308 11 2 140 0.3 30 180 0
1 509 71 1 21 90 5642 16308 15 2 140 0.55 37 179 0
1 509 71 1 21 90 5642 16308 18 2 140 0.25 34 178 0
1 509 71 1 21 90 5642 16308 15 2 140 0.5 36 177 0
1 509 71 1 21 90 5642 16308 11 2 140 0.3 29 176 0
1 509 71 1 21 90 5642 16308 19 2 140 0.72 38 175 0
1 509 71 1 21 90 5642 16308 20 2 140 0.85 39 174 0
1 509 71 1 21 90 5642 16308 10 2 140 0.11 25 173 0
1 509 71 1 21 90 5642 16308 9 2 140 0.1 24 172 0
1 509 71 1 21 90 5642 16308 8 2 140 0.08 22 171 0
1 509 71 1 23 90 5642 16311 10 1 140 0.19 27 310 0
1 509 71 1 23 90 5642 16311 9 1 140 0.11 24 309 0
1 509 71 1 23 90 5642 16311 8 1 140 0.05 23 308 0
1 509 71 1 23 90 5642 16311 8 1 140 0.1 25 307 0
1 509 71 1 23 90 5642 16311 11 1 140 0.19 27 306 0
1 509 71 1 23 90 5642 16311 16 1 140 0.55 36 304 0
1 509 71 1 23 90 5642 16311 15 1 140 0.4 33 303 0
1 509 71 1 23 90 5642 16311 9 1 140 0.15 26 302 0
1 509 71 1 23 90 5642 16311 15 2 140 0.4 32 200 0
1 509 71 1 23 90 5642 16311 9 2 140 0.2 29 199 0
1 509 71 1 23 90 5642 16311 10 2 140 0.1 24 197 0
1 509 71 1 23 90 5642 16311 7 1 140 0.11 24 301 0
1 509 71 1 23 90 5642 16311 15 1 140 0.55 35 305 0
1 509 71 1 23 90 5642 16311 9 2 140 0.1 23 198 0
1 509 71 1 23 90 5642 16311 12 2 140 0.4 34 196 0
1 509 71 1 23 90 5642 16311 12 2 140 0.3 30 195 0
1 509 71 1 23 90 5642 16311 10 2 140 0.15 37 194 0
1 509 71 1 23 90 5642 16311 20 2 140 0.56 36 192 0
1 509 71 1 23 90 5642 16311 18 2 140 0.5 38 191 0
1 509 71 1 24 90 5643 16324 9 1 140 0.13 25 330 0
1 509 71 1 24 90 5643 16324 18 1 140 0.45 35 328 0
1 509 71 1 24 90 5643 16324 16 1 140 0.4 33 327 0
1 509 71 1 24 90 5643 16324 22 1 140 0.5 36 326 0
1 509 71 1 24 90 5643 16324 19 1 140 0.45 35 324 0
1 509 71 1 24 90 5643 16324 11 1 140 0.14 26 325 0
1 509 71 1 24 90 5643 16324 9 1 140 0.2 28 329 0
1 509 71 1 24 90 5643 16324 13 1 140 0.3 31 323 0
1 509 71 1 24 90 5643 16324 20 1 140 0.3 30 322 0
1 509 71 1 24 90 5643 16324 20 1 140 0.45 34 321 0
1 509 71 1 24 90 5643 16324 11 2 140 0.3 31 320 0
1 509 71 1 24 90 5643 16324 10 2 140 0.2 27 319 0
1 509 71 1 24 90 5643 16324 14 2 140 0.45 35 318 0
1 509 71 1 24 90 5643 16324 9 2 140 0.16 27 317 0
1 509 71 1 24 90 5643 16324 16 2 140 0.55 36 315 0
1 509 71 1 24 90 5643 16324 18 2 140 0.41 33 314 0
1 509 71 1 24 90 5643 16324 10 2 140 0.2 28 313 0
1 509 71 1 24 90 5643 16324 18 2 140 0.51 38 312 0
1 509 71 1 24 90 5643 16324 18 2 140 0.65 38 311 0
1 509 73 1 25 90 5645 16326 21 1 140 0.55 37 350 0
1 509 73 1 25 90 5645 16326 8 1 140 0.09 23 349 0
1 509 73 1 25 90 5645 16326 9 1 140 0.11 23 348 0
1 509 73 1 25 90 5645 16326 9 1 140 0.09 23 347 0
1 509 73 1 25 90 5645 16326 15 1 140 0.6 36 346 0
1 509 73 1 25 90 5645 16326 19 1 140 0.6 39 345 0
1 509 73 1 25 90 5645 16326 8 2 140 0.2 28 332 0
1 509 73 1 25 90 5645 16326 21 2 140 0.5 36 336 0
1 509 73 1 25 90 5645 16326 21 2 140 0.75 41 340 0
1 509 73 1 25 90 5645 16326 19 1 140 0.65 39 343 0
1 509 73 1 25 90 5645 16326 17 1 140 0.49 34 342 0
1 509 73 1 25 90 5645 16326 14 1 140 0.55 36 341 0
1 509 73 1 25 90 5645 16326 9 2 140 0.1 25 339 0
1 509 73 1 25 90 5645 16326 9 2 140 0.13 25 338 0
1 509 73 1 25 90 5645 16326 12 2 140 0.21 30 337 0
1 509 73 1 25 90 5645 16326 10 2 140 0.16 27 335 0
1 509 73 1 25 90 5645 16326 17 2 140 0.79 40 334 0
1 509 73 1 25 90 5645 16326 17 2 140 0.61 39 333 0
1 509 73 1 25 90 5645 16326 9 2 140 0.17 26 331 0
1 513 71 1 26 90 5651 16516 20 2 140 0.99 40 362 0
1 513 71 1 26 90 5651 16516 25 2 140 0.85 39 361 0
1 513 71 1 26 90 5651 16516 7 1 140 0.07 21 360 0
1 513 71 1 26 90 5651 16516 19 2 140 0.74 39 363 0
1 513 71 1 26 90 5651 16516 9 1 140 0.1 23 359 0
1 513 71 1 26 90 5651 16516 9 1 140 0.1 22 358 0
1 513 71 1 26 90 5651 16516 7 1 140 0.06 20 357 0
1 513 71 1 26 90 5651 16516 21 1 140 0.56 38 356 0
1 513 71 1 26 90 5651 16516 33 1 140 0.79 39 355 0
1 513 71 1 26 90 5651 16516 20 1 140 0.52 36 354 0
1 513 71 1 26 90 5651 16516 19 1 140 0.6 37 353 0
1 513 71 1 26 90 5651 16516 7 1 140 0.08 21 352 0
1 513 71 1 26 90 5651 16516 7 1 140 0.05 19 351 0
1 513 71 1 26 90 5651 16516 9 2 140 0.1 21 370 0
1 513 71 1 26 90 5651 16516 7 2 140 0.1 23 369 0
1 513 71 1 26 90 5651 16516 9 2 140 0.06 21 367 0
1 513 71 1 26 90 5651 16516 8 2 140 0.06 20 368 0
1 513 71 1 26 90 5651 16516 9 2 140 0.09 22 366 0
1 513 71 1 26 90 5651 16516 9 2 140 0.06 22 365 0
1 513 71 1 26 90 5651 16516 9 2 140 0.1 23 364 0
1 513 73 1 28 90 5639 16505 15 2 140 0.95 41 390 0
1 513 73 1 28 90 5639 16505 11 2 140 0.9 41 389 0
1 513 73 1 28 90 5639 16505 22 2 140 1.2 44 388 0
1 513 73 1 28 90 5639 16505 23 2 140 1.05 43 375 0
1 513 73 1 28 90 5639 16505 9 2 140 0.16 26 379 0
1 513 73 1 28 90 5639 16505 8 1 140 0.1 22 383 0
1 513 73 1 28 90 5639 16505 15 1 140 0.46 33 387 0
1 513 73 1 28 90 5639 16505 19 1 140 0.25 29 386 0
1 513 73 1 28 90 5639 16505 9 1 140 0.2 38 385 0
1 513 73 1 28 90 5639 16505 23 1 140 0.6 37 384 0
1 513 73 1 28 90 5639 16505 9 1 140 0.12 24 382 0
1 513 73 1 28 90 5639 16505 21 1 140 0.6 38 381 0
1 513 73 1 28 90 5639 16505 19 2 140 0.99 44 380 0
1 513 73 1 28 90 5639 16505 6 2 140 0.11 23 371 0
1 513 73 1 28 90 5639 16505 23 2 140 0.8 42 378 0
1 513 73 1 28 90 5639 16505 19 2 140 0.8 40 377 0
1 513 73 1 28 90 5639 16505 20 2 140 0.96 40 376 0
1 513 73 1 28 90 5639 16505 9 2 140 0.15 25 374 0
1 513 73 1 28 90 5639 16505 15 2 140 0.55 36 373 0
1 513 73 1 28 90 5639 16505 23 2 140 1.05 43 372 0
1 513 73 1 29 90 5650 16527 14 1 140 0.7 47 400 0
1 513 73 1 29 90 5650 16527 9 1 140 0.06 22 399 0
1 513 73 1 29 90 5650 16527 7 1 140 0.06 22 398 0
1 513 73 1 29 90 5650 16527 10 1 140 0.1 22 397 0
1 513 73 1 29 90 5650 16527 10 2 140 0.25 28 396 0
1 513 73 1 29 90 5650 16527 13 2 140 0.34 31 395 0
1 513 73 1 29 90 5650 16527 12 2 140 0.31 31 394 0
1 513 73 1 29 90 5650 16527 10 2 140 0.15 24 393 0
1 513 73 1 29 90 5650 16527 12 2 140 0.35 30 392 0
1 513 73 1 29 90 5650 16527 9 2 140 0.24 28 391 0
