1 509 34 5 18 92 5711 16344 9 2 140 0.13 23 147 1
1 509 34 5 18 92 5711 16344 9 2 140 0.13 24 146 1
1 509 34 5 18 92 5711 16344 8 2 140 0.14 24 145 1
1 509 34 5 18 92 5711 16344 9 2 140 0.11 23 144 1
1 509 34 5 18 92 5711 16344 9 2 140 0.15 25 143 1
1 509 34 5 18 92 5711 16344 11 2 140 0.17 25 142 1
1 509 34 5 18 92 5711 16344 9 1 140 0.15 23 141 1
1 509 34 5 18 92 5711 16344 9 1 140 0.12 22 140 1
1 509 34 5 18 92 5711 16344 9 1 140 0.11 22 139 1
1 509 34 5 18 92 5711 16344 17 1 140 0.5 35 138 1
1 509 34 5 18 92 5711 16344 11 1 140 0.12 23 137 1
1 509 34 5 18 92 5711 16344 9 1 140 0.12 23 136 1
1 509 34 5 18 92 5711 16344 8 1 140 0.11 22 135 1
1 509 34 5 18 92 5711 16344 12 1 140 0.42 34 134 1
1 509 33 5 19 92 5714 16339 8 2 140 0.09 21 155 1
1 509 33 5 19 92 5714 16339 9 2 140 0.12 23 154 1
1 509 33 5 19 92 5714 16339 6 2 140 0.09 21 153 1
1 509 33 5 19 92 5714 16339 8 2 140 0.1 22 152 1
1 509 33 5 19 92 5714 16339 23 2 140 0.52 36 151 1
1 509 33 5 19 92 5714 16339 9 1 140 0.11 21 150 1
1 509 33 5 19 92 5714 16339 9 1 140 0.07 19 149 1
1 509 33 5 19 92 5714 16339 9 1 140 0.07 19 148 1
1 509 34 5 20 92 5716 16415 27 2 140 0.85 41 165 1
1 509 34 5 20 92 5716 16415 9 2 140 0.11 22 164 1
1 509 34 5 20 92 5716 16415 9 2 140 0.11 23 163 1
1 509 34 5 20 92 5716 16415 9 2 140 0.1 22 162 1
1 509 34 5 20 92 5716 16415 19 2 140 0.61 37 161 1
1 509 34 5 20 92 5716 16415 11 2 140 0.12 23 160 1
1 509 34 5 20 92 5716 16415 8 1 140 0.08 20 159 1
1 509 34 5 20 92 5716 16415 9 1 140 0.07 20 158 1
1 509 34 5 20 92 5716 16415 9 1 140 0.09 21 157 1
1 509 34 5 20 92 5716 16415 13 1 140 0.48 35 156 1
1 509 39 5 21 92 5642 16410 23 2 140 0.55 37 170 1
1 509 39 5 21 92 5642 16410 22 2 140 0.88 43 169 1
1 509 39 5 21 92 5642 16410 18 2 140 0.6 39 168 1
1 509 39 5 21 92 5642 16410 20 1 140 0.5 36 167 1
1 509 39 5 21 92 5642 16410 17 1 140 0.54 36 166 1
1 509 40 5 22 92 5637 16404 9 2 140 0.09 21 173 1
1 509 40 5 22 92 5637 16404 8 2 140 0.09 22 172 1
1 509 40 5 22 92 5637 16404 9 2 140 0.1 21 171 1
1 509 40 5 13 92 5639 16354 14 2 140 0.48 34 60 1
1 509 40 5 13 92 5639 16354 9 2 140 0.27 31 59 1
1 509 40 5 13 92 5639 16354 14 2 140 0.42 33 58 1
1 509 40 5 13 92 5639 16354 12 2 140 0.38 32 57 1
1 509 40 5 13 92 5639 16354 11 2 140 0.4 33 56 1
1 509 40 5 13 92 5639 16354 11 2 140 0.42 32 55 1
1 509 40 5 13 92 5639 16354 21 2 140 0.5 34 54 1
1 509 40 5 13 92 5639 16354 15 2 140 0.39 34 53 1
1 509 40 5 13 92 5639 16354 12 2 140 0.45 34 52 1
1 509 40 5 13 92 5639 16354 15 2 140 0.38 34 51 1
1 509 40 5 13 92 5639 16354 22 1 140 0.32 32 50 1
1 509 40 5 13 92 5639 16354 14 1 140 0.32 31 49 1
1 509 40 5 13 92 5639 16354 13 1 140 0.32 31 48 1
1 509 40 5 13 92 5639 16354 9 1 140 0.24 28 47 1
1 509 40 5 13 92 5639 16354 11 1 140 0.31 30 46 1
1 509 40 5 13 92 5639 16354 22 1 140 0.35 33 45 1
1 509 40 5 13 92 5639 16354 11 1 140 0.17 26 44 1
1 509 40 5 13 92 5639 16354 13 1 140 0.4 33 43 1
1 509 40 5 13 92 5639 16354 12 1 140 0.43 34 42 1
1 509 40 5 13 92 5639 16354 16 1 140 0.32 30 41 1
1 509 30 5 23 92 5728 16335 8 1 140 0.08 21 178 1
1 509 30 5 23 92 5728 16335 9 1 140 0.08 21 177 1
1 509 30 5 23 92 5728 16335 22 1 140 0.46 36 176 1
1 509 30 5 23 92 5728 16335 6 1 140 0.07 21 175 1
1 509 30 5 23 92 5728 16335 9 1 140 0.07 20 174 1
1 509 30 5 23 92 5728 16335 5 2 140 0.07 20 186 1
1 509 30 5 23 92 5728 16335 6 2 140 0.08 21 185 1
1 509 30 5 23 92 5728 16335 9 2 140 0.1 22 184 1
1 509 30 5 23 92 5728 16335 7 1 140 0.07 19 183 1
1 509 30 5 23 92 5728 16335 9 1 140 0.07 20 182 1
1 509 30 5 23 92 5728 16335 5 1 140 0.02 16 181 1
1 509 30 5 23 92 5728 16335 7 1 140 0.06 19 180 1
1 509 30 5 23 92 5728 16335 7 1 140 0.05 18 179 1
1 514 9 5 15 92 5819 15922 -9 2 140 0.26 28 30 1
1 514 9 5 15 92 5819 15922 -9 2 140 0.38 32 29 1
1 514 9 5 15 92 5819 15922 -9 2 140 0.4 33 28 1
1 514 9 5 15 92 5819 15922 -9 2 140 0.34 30 27 1
1 514 9 5 15 92 5819 15922 -9 2 140 0.29 30 26 1
1 514 9 5 15 92 5819 15922 -9 1 140 0.16 25 25 1
1 514 9 5 15 92 5819 15922 -9 1 140 0.38 33 24 1
1 514 9 5 15 92 5819 15922 -9 1 140 0.04 16 23 1
1 514 9 5 15 92 5819 15922 -9 1 140 0.2 27 22 1
1 514 9 5 15 92 5819 15922 -9 1 140 0.26 29 21 1
1 514 5 5 18 92 5835 15815 -9 2 140 0.39 33 50 1
1 514 5 5 18 92 5835 15815 -9 2 140 0.44 33 49 1
1 514 5 5 18 92 5835 15815 -9 2 140 0.58 37 48 1
1 514 5 5 18 92 5835 15815 -9 2 140 0.44 32 47 1
1 514 5 5 18 92 5835 15815 -9 2 140 0.37 31 46 1
1 514 5 5 18 92 5835 15815 -9 1 140 0.44 34 45 1
1 514 5 5 18 92 5835 15815 -9 1 140 0.36 33 44 1
1 514 5 5 18 92 5835 15815 -9 1 140 0.06 17 43 1
1 514 5 5 18 92 5835 15815 -9 1 140 0.31 31 42 1
1 514 5 5 18 92 5835 15815 -9 1 140 0.36 31 41 1
1 509 39 5 13 92 5641 16355 -9 2 140 0.15 25 330 1
1 509 39 5 13 92 5641 16355 -9 2 140 1.15 44 329 1
1 509 39 5 13 92 5641 16355 -9 1 140 0.2 25 328 1
1 509 39 5 13 92 5641 16355 -9 2 140 0.17 27 327 1
1 509 39 5 13 92 5641 16355 -9 1 140 0.15 26 326 1
1 509 39 5 13 92 5641 16355 -9 2 140 0.2 27 325 1
1 509 39 5 13 92 5641 16355 -9 2 140 0.65 39 324 1
1 509 39 5 13 92 5641 16355 -9 2 140 0.3 30 323 1
1 509 39 5 13 92 5641 16355 -9 1 140 0.17 26 322 1
1 509 39 5 13 92 5641 16355 -9 2 140 0.2 29 321 1
1 509 39 5 13 92 5641 16355 -9 2 140 0.2 26 320 1
1 509 39 5 13 92 5641 16355 -9 2 140 0.2 27 319 1
1 509 39 5 13 92 5641 16355 -9 2 140 0.1 23 318 1
1 509 39 5 13 92 5641 16355 -9 2 140 0.25 27 317 1
1 509 39 5 13 92 5641 16355 -9 2 140 0.3 29 316 1
1 509 39 5 13 92 5641 16355 -9 1 140 0.15 25 315 1
1 509 39 5 13 92 5641 16355 -9 2 140 0.38 33 314 1
1 509 39 5 13 92 5641 16355 -9 1 140 0.3 32 313 1
1 509 39 5 13 92 5641 16355 -9 2 140 0.3 30 312 1
1 509 39 5 13 92 5641 16355 -9 2 140 0.35 33 311 1
1 509 39 5 13 92 5637 16408 -9 2 140 0.75 40 342 1
1 509 39 5 13 92 5637 16408 -9 2 140 0.65 38 341 1
1 509 39 5 13 92 5637 16408 -9 2 140 0.7 40 340 1
1 509 39 5 13 92 5637 16408 -9 1 140 0.4 34 339 1
1 509 39 5 13 92 5637 16408 -9 1 140 0.35 33 338 1
1 509 39 5 13 92 5637 16408 -9 2 140 0.7 39 337 1
1 509 39 5 13 92 5637 16408 -9 1 140 0.3 31 336 1
1 509 39 5 13 92 5637 16408 -9 1 140 0.15 24 335 1
1 509 39 5 13 92 5637 16408 -9 1 140 0.4 33 334 1
1 509 39 5 13 92 5637 16408 -9 1 140 0.4 34 333 1
1 509 39 5 13 92 5637 16408 -9 2 140 0.65 41 332 1
1 509 39 5 13 92 5637 16408 -9 1 140 0.1 24 331 1
1 509 37 5 14 92 5650 16359 -9 2 140 0.1 23 348 1
1 509 37 5 14 92 5650 16359 -9 2 140 0.08 21 347 1
1 509 37 5 14 92 5650 16359 -9 1 140 0.1 22 346 1
1 509 37 5 14 92 5650 16359 -9 2 140 0.7 39 345 1
1 509 37 5 14 92 5650 16359 -9 1 140 0.65 37 344 1
1 509 37 5 14 92 5650 16359 -9 2 140 0.1 23 343 1
1 509 39 5 16 92 5640 16346 -9 2 140 0.55 37 354 1
1 509 39 5 16 92 5640 16346 -9 1 140 0.5 35 353 1
1 509 39 5 16 92 5640 16346 -9 1 140 0.6 38 352 1
1 509 39 5 16 92 5640 16346 -9 1 140 0.5 35 351 1
1 509 39 5 16 92 5640 16346 -9 2 140 0.15 24 350 1
1 509 39 5 16 92 5640 16346 -9 1 140 0.4 34 349 1
1 509 33 5 18 92 5710 16348 -9 2 140 0.1 22 363 1
1 509 33 5 18 92 5710 16348 -9 2 140 0.15 24 362 1
1 509 33 5 18 92 5710 16348 -9 2 140 0.1 23 361 1
1 509 33 5 18 92 5710 16348 -9 1 140 0.1 23 360 1
1 509 33 5 18 92 5710 16348 -9 2 140 0.1 22 359 1
1 509 33 5 18 92 5710 16348 -9 2 140 0.1 23 358 1
1 509 33 5 18 92 5710 16348 -9 1 140 0.1 23 357 1
1 509 33 5 18 92 5710 16348 -9 2 140 0.1 22 356 1
1 509 33 5 18 92 5710 16348 -9 2 140 0.75 40 355 1
1 509 32 5 19 92 5716 16358 -9 1 140 0.1 22 379 1
1 509 32 5 19 92 5716 16358 -9 2 140 0.08 20 378 1
1 509 32 5 19 92 5716 16358 -9 2 140 0.1 22 377 1
1 509 32 5 19 92 5716 16358 -9 1 140 0.1 22 376 1
1 509 32 5 19 92 5716 16358 -9 2 140 0.1 23 375 1
1 509 32 5 19 92 5716 16358 -9 1 140 0.1 23 374 1
1 509 32 5 19 92 5716 16358 -9 1 140 0.08 20 373 1
1 509 32 5 19 92 5716 16358 -9 1 140 0.1 23 372 1
1 509 32 5 19 92 5716 16358 -9 1 140 0.1 23 371 1
1 509 32 5 19 92 5716 16358 -9 2 140 0.1 22 370 1
1 509 32 5 19 92 5716 16358 -9 2 140 0.1 23 369 1
1 509 32 5 19 92 5716 16358 -9 1 140 0.1 23 368 1
1 509 32 5 19 92 5716 16358 -9 1 140 0.1 21 367 1
1 509 32 5 19 92 5716 16358 -9 2 140 0.1 21 366 1
1 509 32 5 19 92 5716 16358 -9 1 140 0.1 23 365 1
1 509 32 5 19 92 5716 16358 -9 1 140 0.6 38 364 1
1 514 6 6 13 92 5837 15926 -9 1 140 0.45 26 240 1
1 514 6 6 13 92 5837 15926 -9 1 140 0.4 24 239 1
1 514 6 6 13 92 5837 15926 -9 1 140 0.5 27 238 1
1 514 6 6 13 92 5837 15926 -9 1 140 0.4 26 237 1
1 514 6 6 13 92 5837 15926 -9 1 140 0.5 28 236 1
1 514 6 6 13 92 5837 15926 -9 1 140 0.65 33 235 1
1 514 6 6 13 92 5837 15926 -9 1 140 0.45 27 234 1
1 514 6 6 13 92 5837 15926 -9 1 140 0.65 32 233 1
1 514 6 6 13 92 5837 15926 -9 1 140 0.4 24 232 1
1 514 6 6 13 92 5837 15926 -9 1 140 0.6 31 231 1
1 514 6 6 13 92 5837 15926 -9 2 140 0.65 34 230 1
1 514 6 6 13 92 5837 15926 -9 2 140 1.25 41 229 1
1 514 6 6 13 92 5837 15926 -9 2 140 1 39 228 1
1 514 6 6 13 92 5837 15926 -9 2 140 0.45 27 227 1
1 514 6 6 13 92 5837 15926 -9 2 140 0.6 30 226 1
1 514 6 6 13 92 5837 15926 -9 2 140 0.9 35 225 1
1 514 6 6 13 92 5837 15926 -9 2 140 0.55 30 224 1
1 514 6 6 13 92 5837 15926 -9 2 140 0.65 35 223 1
1 514 6 6 13 92 5837 15926 -9 2 140 0.55 29 222 1
1 514 6 6 13 92 5837 15926 -9 2 140 0.55 29 221 1
1 514 8 6 18 92 5820 15920 -9 1 140 0.5 32 260 1
1 514 8 6 18 92 5820 15920 -9 1 140 0.5 31 259 1
1 514 8 6 18 92 5820 15920 -9 1 140 0.2 27 258 1
1 514 8 6 18 92 5820 15920 -9 1 140 0.25 27 257 1
1 514 8 6 18 92 5820 15920 -9 1 140 0.45 31 256 1
1 514 8 6 18 92 5820 15920 -9 1 140 0.25 26 255 1
1 514 8 6 18 92 5820 15920 -9 1 140 0.4 30 254 1
1 514 8 6 18 92 5820 15920 -9 1 140 0.3 28 253 1
1 514 8 6 18 92 5820 15920 -9 1 140 0.35 28 252 1
1 514 8 6 18 92 5820 15920 -9 1 140 0.4 29 251 1
1 514 8 6 18 92 5820 15920 -9 2 140 0.6 34 250 1
1 514 8 6 18 92 5820 15920 -9 2 140 0.75 38 249 1
1 514 8 6 18 92 5820 15920 -9 2 140 0.85 40 248 1
1 514 8 6 18 92 5820 15920 -9 2 140 0.3 28 247 1
1 514 8 6 18 92 5820 15920 -9 2 140 0.45 31 246 1
1 514 8 6 18 92 5820 15920 -9 2 140 0.3 27 245 1
1 514 8 6 18 92 5820 15920 -9 2 140 0.45 30 244 1
1 514 8 6 18 92 5820 15920 -9 2 140 0.6 33 243 1
1 514 8 6 18 92 5820 15920 -9 2 140 0.4 28 242 1
1 514 8 6 18 92 5820 15920 -9 2 140 0.5 33 241 1
1 509 31 5 3 92 5708 16317 -9 2 140 0.4 33 260 1
1 509 31 5 3 92 5708 16317 -9 2 140 0.3 30 250 1
1 509 31 5 3 92 5708 16317 -9 2 140 0.15 25 249 1
1 509 31 5 3 92 5708 16317 -9 2 140 0.4 34 248 1
1 509 31 5 3 92 5708 16317 -9 1 140 0.2 27 247 1
1 509 31 5 3 92 5708 16317 -9 2 140 0.4 33 246 1
1 509 31 5 3 92 5708 16317 -9 2 140 0.25 29 245 1
1 509 31 5 3 92 5708 16317 -9 2 140 0.35 31 244 1
1 509 31 5 3 92 5708 16317 -9 1 140 0.25 28 243 1
1 509 31 5 3 92 5708 16317 -9 2 140 0.5 36 242 1
1 509 31 5 3 92 5708 16317 -9 2 140 0.4 34 241 1
1 509 31 5 3 92 5708 16317 -9 1 140 0.25 28 259 1
1 509 31 5 3 92 5708 16317 -9 1 140 0.2 27 258 1
1 509 31 5 3 92 5708 16317 -9 2 140 0.15 25 257 1
1 509 31 5 3 92 5708 16317 -9 2 140 0.25 31 256 1
1 509 31 5 3 92 5708 16317 -9 1 140 0.35 31 255 1
1 509 31 5 3 92 5708 16317 -9 1 140 0.2 28 254 1
1 509 31 5 3 92 5708 16317 -9 1 140 0.15 24 253 1
1 509 31 5 3 92 5708 16317 -9 2 140 0.2 26 252 1
1 509 31 5 3 92 5708 16317 -9 2 140 0.15 24 251 1
1 509 33 5 5 92 5702 16315 -9 2 140 0.4 33 270 1
1 509 33 5 5 92 5702 16315 -9 2 140 0.5 32 269 1
1 509 33 5 5 92 5702 16315 -9 2 140 0.4 31 268 1
1 509 33 5 5 92 5702 16315 -9 2 140 0.2 26 267 1
1 509 33 5 5 92 5702 16315 -9 1 140 0.25 28 266 1
1 509 33 5 5 92 5702 16315 -9 2 140 1.2 46 265 1
1 509 33 5 5 92 5702 16315 -9 2 140 0.9 40 264 1
1 509 33 5 5 92 5702 16315 -9 2 140 0.9 42 263 1
1 509 33 5 5 92 5703 16317 -9 1 140 0.45 35 262 1
1 509 33 5 5 92 5703 16317 -9 1 140 0.65 38 261 1
1 509 36 5 7 92 5651 16350 -9 1 140 0.2 27 290 1
1 509 36 5 7 92 5651 16350 -9 1 140 0.28 31 289 1
1 509 36 5 7 92 5651 16350 -9 1 140 0.3 32 288 1
1 509 36 5 7 92 5651 16350 -9 1 140 0.2 27 287 1
1 509 36 5 7 92 5651 16350 -9 1 140 0.15 25 286 1
1 509 36 5 7 92 5651 16350 -9 2 140 0.45 34 285 1
1 509 36 5 7 92 5651 16350 -9 2 140 0.33 31 284 1
1 509 36 5 7 92 5651 16350 -9 1 140 0.55 41 283 1
1 509 36 5 7 92 5651 16350 -9 2 140 0.35 33 282 1
1 509 36 5 7 92 5651 16350 -9 2 140 0.45 32 281 1
1 509 36 5 7 92 5651 16350 -9 1 140 0.25 28 280 1
1 509 36 5 7 92 5651 16350 -9 2 140 0.25 27 279 1
1 509 36 5 7 92 5651 16350 -9 2 140 0.25 29 278 1
1 509 36 5 7 92 5651 16350 -9 2 140 0.5 36 277 1
1 509 36 5 7 92 5651 16350 -9 2 140 0.5 37 276 1
1 509 36 5 7 92 5651 16350 -9 2 140 0.45 37 275 1
1 509 36 5 7 92 5651 16350 -9 2 140 0.6 36 274 1
1 509 36 5 7 92 5651 16350 -9 1 140 0.4 33 273 1
1 509 36 5 7 92 5651 16350 -9 2 140 0.25 28 272 1
1 509 36 5 7 92 5651 16350 -9 2 140 0.5 35 271 1
1 521 54 6 2 92 5822 17116 11 2 140 0.2 27 290 1
1 521 54 6 2 92 5822 17116 11 2 140 0.18 26 289 1
1 521 54 6 2 92 5822 17116 10 1 140 0.17 24 288 1
1 521 54 6 2 92 5822 17116 11 2 140 0.16 24 287 1
1 521 54 6 2 92 5822 17116 9 2 140 0.11 22 286 1
1 521 54 6 2 92 5822 17116 9 2 140 0.22 27 285 1
1 521 54 6 2 92 5822 17116 11 2 140 0.15 25 284 1
1 521 54 6 2 92 5822 17116 8 2 140 0.13 24 283 1
1 521 54 6 2 92 5822 17116 8 2 140 0.16 24 282 1
1 521 54 6 2 92 5822 17116 9 2 140 0.23 27 281 1
1 521 54 6 2 92 5822 17116 12 1 140 0.41 33 280 1
1 521 54 6 2 92 5822 17116 18 2 140 0.87 40 279 1
1 521 54 6 2 92 5822 17116 17 2 140 0.68 38 278 1
1 521 54 6 2 92 5822 17116 24 2 140 0.76 40 277 1
1 521 54 6 2 92 5822 17116 23 2 140 0.56 36 276 1
1 521 54 6 2 92 5822 17116 8 2 140 0.11 22 275 1
1 521 54 6 2 92 5822 17116 22 1 140 0.5 37 274 1
1 521 54 6 2 92 5822 17116 12 1 140 0.41 33 273 1
1 521 54 6 2 92 5822 17116 8 1 140 0.14 24 272 1
1 521 54 6 2 92 5822 17116 22 2 140 0.55 36 271 1
1 514 10 5 10 92 5819 15938 16 2 140 0.36 32 400 1
1 514 10 5 10 92 5819 15938 13 2 140 0.36 32 399 1
1 514 10 5 10 92 5819 15938 15 1 140 0.34 32 398 1
1 514 10 5 10 92 5819 15938 20 2 140 0.38 33 397 1
1 514 10 5 10 92 5819 15938 23 1 140 0.33 33 396 1
1 514 10 5 10 92 5819 15938 20 2 140 0.48 34 395 1
1 514 10 5 10 92 5819 15938 11 2 140 0.34 32 394 1
1 514 10 5 10 92 5819 15938 15 2 140 0.4 32 393 1
1 514 10 5 10 92 5819 15938 15 1 140 0.46 35 392 1
1 514 10 5 10 92 5819 15938 21 1 140 0.37 35 391 1
1 514 10 5 10 92 5819 15938 13 2 140 0.4 33 350 1
1 514 10 5 10 92 5819 15938 15 2 140 0.42 35 349 1
1 514 10 5 10 92 5819 15938 18 1 140 0.49 35 348 1
1 514 10 5 10 92 5819 15938 14 2 140 0.36 31 347 1
1 514 10 5 10 92 5819 15938 11 2 140 0.29 31 346 1
1 514 10 5 10 92 5819 15938 16 2 140 0.41 34 345 1
1 514 10 5 10 92 5819 15938 21 1 140 0.49 34 344 1
1 514 10 5 10 92 5819 15938 18 1 140 0.34 33 343 1
1 514 10 5 10 92 5819 15938 19 2 140 0.5 35 342 1
1 514 10 5 10 92 5819 15938 21 2 140 0.39 33 341 1
1 514 10 5 11 92 5820 15933 8 1 140 0.14 25 330 1
1 514 10 5 11 92 5820 15933 12 2 140 0.31 30 329 1
1 514 10 5 11 92 5820 15933 19 2 140 0.48 34 328 1
1 514 10 5 11 92 5820 15933 11 1 140 0.21 27 327 1
1 514 10 5 11 92 5820 15933 24 1 140 0.41 34 326 1
1 514 10 5 11 92 5820 15933 21 2 140 0.54 37 325 1
1 514 10 5 11 92 5820 15933 11 1 140 0.28 31 324 1
1 514 10 5 11 92 5820 15933 19 2 140 0.46 35 323 1
1 514 10 5 11 92 5820 15933 15 2 140 0.44 35 322 1
1 514 10 5 11 92 5820 15933 19 2 140 0.41 34 321 1
1 514 10 5 11 92 5820 15933 13 1 140 0.17 26 320 1
1 514 10 5 11 92 5820 15933 23 2 140 0.49 37 319 1
1 514 10 5 11 92 5820 15933 7 1 140 0.11 23 318 1
1 514 10 5 11 92 5820 15933 20 2 140 0.65 37 317 1
1 514 10 5 11 92 5820 15933 8 2 140 0.15 24 316 1
1 514 10 5 11 92 5820 15933 12 1 140 0.26 30 315 1
1 514 10 5 11 92 5820 15933 11 2 140 0.26 29 314 1
1 514 10 5 11 92 5820 15933 16 2 140 0.41 33 313 1
1 514 10 5 11 92 5820 15933 9 1 140 0.09 21 312 1
1 514 10 5 11 92 5820 15933 12 2 140 0.4 35 311 1
1 514 16 5 12 92 5819 15922 17 1 140 0.3 30 360 1
1 514 16 5 12 92 5819 15922 18 2 140 0.39 33 359 1
1 514 16 5 12 92 5819 15922 8 1 140 0.16 24 358 1
1 514 16 5 12 92 5819 15922 18 1 140 0.33 31 357 1
1 514 16 5 12 92 5819 15922 19 2 140 0.28 30 356 1
1 514 16 5 12 92 5819 15922 4 1 140 0.02 12 355 1
1 514 16 5 12 92 5819 15922 6 2 140 0.08 19 354 1
1 514 16 5 12 92 5819 15922 16 1 140 0.33 32 353 1
1 514 16 5 12 92 5819 15922 13 1 140 0.29 29 352 1
1 514 16 5 12 92 5819 15922 -9 1 140 0.28 30 351 1
1 514 16 5 12 92 5819 15922 10 1 140 0.16 25 340 1
1 514 16 5 12 92 5819 15922 10 2 140 0.28 29 339 1
1 514 16 5 12 92 5819 15922 11 1 140 0.34 28 338 1
1 514 16 5 12 92 5819 15922 10 1 140 0.28 28 337 1
1 514 16 5 12 92 5819 15922 10 1 140 0.22 28 336 1
1 514 16 5 12 92 5819 15922 5 1 140 0.05 16 335 1
1 514 16 5 12 92 5819 15922 6 2 140 0.05 16 334 1
1 514 16 5 12 92 5819 15922 11 1 140 0.31 30 333 1
1 514 16 5 12 92 5819 15922 10 2 140 0.22 27 332 1
1 514 16 5 12 92 5819 15922 9 1 140 0.19 26 331 1
1 514 10 5 13 92 5823 15943 10 1 140 0.22 27 370 1
1 514 10 5 13 92 5823 15943 18 1 140 0.34 30 369 1
1 514 10 5 13 92 5823 15943 11 2 140 0.39 31 368 1
1 514 10 5 13 92 5823 15943 6 2 140 0.07 13 367 1
1 514 10 5 13 92 5823 15943 11 2 140 0.54 36 366 1
1 514 10 5 13 92 5823 15943 9 1 140 0.23 28 365 1
1 514 10 5 13 92 5823 15943 9 1 140 0.18 25 364 1
1 514 10 5 13 92 5823 15943 14 1 140 0.29 29 363 1
1 514 10 5 13 92 5823 15943 11 2 140 0.26 28 362 1
1 514 10 5 13 92 5823 15943 4 2 140 0.09 18 361 1
1 514 10 5 13 92 5823 15943 21 2 140 0.31 30 310 1
1 514 10 5 13 92 5823 15943 15 2 140 0.32 30 309 1
1 514 10 5 13 92 5823 15943 21 2 140 0.45 34 308 1
1 514 10 5 13 92 5823 15943 10 2 140 0.23 27 307 1
1 514 10 5 13 92 5823 15943 21 2 140 0.33 30 306 1
1 514 10 5 13 92 5823 15943 11 2 140 0.2 26 305 1
1 514 10 5 13 92 5823 15943 12 2 140 0.31 31 304 1
1 514 10 5 13 92 5823 15943 17 2 140 0.36 31 303 1
1 514 10 5 13 92 5823 15943 13 1 140 0.33 31 302 1
1 514 10 5 13 92 5823 15943 10 2 140 0.26 29 301 1
1 514 9 6 14 92 5921 16424 4 1 140 0.01 13 382 1
1 514 9 6 14 92 5921 16424 21 2 140 0.88 42 381 1
1 514 9 6 14 92 5921 16424 23 2 140 0.81 41 380 1
1 514 9 6 14 92 5921 16424 18 2 140 1.1 43 379 1
1 514 9 6 14 92 5921 16424 9 2 140 0.08 28 378 1
1 514 9 6 14 92 5921 16424 7 2 140 0.04 17 377 1
1 514 9 6 14 92 5921 16424 5 2 140 0.03 15 376 1
1 514 9 6 14 92 5921 16424 12 2 140 0.35 30 375 1
1 514 9 6 14 92 5921 16424 6 2 140 0.04 16 374 1
1 514 9 6 14 92 5921 16424 4 2 140 0.01 12 373 1
1 514 9 6 14 92 5921 16424 25 2 140 0.72 41 372 1
1 514 9 6 14 92 5921 16424 23 2 140 1.12 44 371 1
1 514 9 6 14 92 5921 16424 7 1 140 0.05 18 370 1
1 514 9 6 14 92 5921 16424 25 1 140 0.52 37 369 1
1 514 9 6 14 92 5921 16424 21 1 140 0.52 37 368 1
1 514 9 6 14 92 5921 16424 6 1 140 0.04 16 367 1
1 514 9 6 14 92 5921 16424 8 1 140 0.05 18 366 1
1 514 9 6 14 92 5921 16424 9 1 140 0.08 20 365 1
1 514 9 6 14 92 5921 16424 10 1 140 0.04 17 364 1
1 514 9 6 14 92 5921 16424 5 1 140 0.02 14 363 1
1 514 9 6 14 92 5921 16424 6 1 140 0.03 18 362 1
1 514 9 6 14 92 5921 16424 14 1 140 0.51 37 361 1
1 514 9 6 14 92 5917 16434 8 2 140 0.07 19 400 1
1 514 9 6 14 92 5917 16434 10 2 140 0.08 20 399 1
1 514 9 6 14 92 5917 16434 9 2 140 0.1 22 398 1
1 514 9 6 14 92 5917 16434 9 2 140 0.07 20 397 1
1 514 9 6 14 92 5917 16434 8 2 140 0.06 19 396 1
1 514 9 6 14 92 5917 16434 9 2 140 0.09 21 395 1
1 514 9 6 14 92 5917 16434 8 2 140 0.05 17 394 1
1 514 9 6 14 92 5917 16434 9 2 140 0.27 29 393 1
1 514 9 6 14 92 5917 16434 8 1 140 0.07 20 392 1
1 514 9 6 14 92 5917 16434 8 1 140 0.05 17 391 1
1 514 9 6 14 92 5917 16434 9 1 140 0.07 20 390 1
1 514 9 6 14 92 5917 16434 10 1 140 0.06 19 389 1
1 514 9 6 14 92 5917 16434 7 1 140 0.05 19 388 1
1 514 9 6 14 92 5917 16434 11 1 140 0.09 22 387 1
1 514 9 6 14 92 5917 16434 9 1 140 0.06 20 386 1
1 514 9 6 14 92 5917 16434 9 1 140 0.09 22 385 1
1 514 9 6 14 92 5917 16434 9 1 140 0.08 22 384 1
1 514 9 6 14 92 5917 16434 8 1 140 0.06 19 383 1
1 514 9 6 14 92 5917 16434 6 2 140 0.04 17 402 1
1 514 9 6 14 92 5917 16434 6 2 140 0.05 17 401 1
1 521 50 5 28 92 5817 17113 11 1 140 0.43 33 250 1
1 521 50 5 28 92 5817 17113 15 1 140 0.47 34 249 1
1 521 50 5 28 92 5817 17113 25 2 140 0.47 37 248 1
1 521 50 5 28 92 5817 17113 11 1 140 0.52 35 247 1
1 521 50 5 28 92 5817 17113 18 1 140 0.55 35 246 1
1 521 50 5 28 92 5817 17113 9 2 140 0.21 26 245 1
1 521 50 5 28 92 5817 17113 11 2 140 0.19 23 244 1
1 521 50 5 28 92 5817 17113 9 2 140 0.16 24 243 1
1 521 50 5 28 92 5817 17113 25 2 140 0.77 40 242 1
1 521 50 5 28 92 5817 17113 11 1 140 0.3 31 241 1
1 521 50 5 28 92 5817 17113 11 1 140 0.35 31 230 1
1 521 50 5 28 92 5817 17113 23 2 140 0.73 39 229 1
1 521 50 5 28 92 5817 17113 11 2 140 0.28 28 228 1
1 521 50 5 28 92 5817 17113 12 2 140 0.34 29 227 1
1 521 50 5 28 92 5817 17113 11 1 140 0.48 35 226 1
1 521 50 5 28 92 5817 17113 8 1 140 0.26 27 225 1
1 521 50 5 28 92 5817 17113 11 2 140 0.28 28 224 1
1 521 50 5 28 92 5817 17113 11 1 140 0.3 29 223 1
1 521 50 5 28 92 5817 17113 12 2 140 0.36 32 222 1
1 521 50 5 28 92 5817 17113 22 2 140 0.61 37 221 1
1 514 25 6 4 92 5854 16824 9 1 140 0.24 28 100 1
1 514 25 6 4 92 5854 16824 11 1 140 0.33 31 99 1
1 514 25 6 4 92 5854 16824 8 1 140 0.14 23 98 1
1 514 25 6 4 92 5854 16824 13 1 140 0.32 31 97 1
1 514 25 6 4 92 5854 16824 8 1 140 0.12 23 96 1
1 514 25 6 4 92 5854 16824 14 1 140 0.53 35 95 1
1 514 25 6 4 92 5854 16824 10 1 140 0.21 27 94 1
1 514 25 6 4 92 5854 16824 11 1 140 0.31 30 93 1
1 514 25 6 4 92 5854 16824 11 1 140 0.4 33 92 1
1 514 25 6 4 92 5854 16824 24 1 140 0.53 37 91 1
1 514 25 6 4 92 5854 16824 13 2 140 0.34 31 90 1
1 514 25 6 4 92 5854 16824 11 2 140 0.35 32 89 1
1 514 25 6 4 92 5854 16824 16 2 140 0.41 33 88 1
1 514 25 6 4 92 5854 16824 11 2 140 0.44 33 87 1
1 514 25 6 4 92 5854 16824 15 2 140 0.61 38 86 1
1 514 25 6 4 92 5854 16824 11 2 140 0.31 31 85 1
1 514 25 6 4 92 5854 16824 11 2 140 0.57 36 84 1
1 514 25 6 4 92 5854 16824 11 2 140 0.38 33 83 1
1 514 25 6 4 92 5854 16824 22 2 140 0.89 42 82 1
1 514 25 6 4 92 5854 16824 9 2 140 0.15 25 81 1
1 514 24 6 5 92 5855 16825 9 2 140 0.18 27 140 1
1 514 24 6 5 92 5855 16825 20 2 140 0.74 38 139 1
1 514 24 6 5 92 5855 16825 12 2 140 0.48 34 138 1
1 514 24 6 5 92 5855 16825 12 2 140 0.55 35 137 1
1 514 24 6 5 92 5855 16825 7 2 140 0.1 22 136 1
1 514 24 6 5 92 5855 16825 11 2 140 0.25 30 135 1
1 514 24 6 5 92 5855 16825 23 2 140 0.56 37 134 1
1 514 24 6 5 92 5855 16825 20 2 140 0.72 39 133 1
1 514 24 6 5 92 5855 16825 9 2 140 0.34 32 132 1
1 514 24 6 5 92 5855 16825 11 2 140 0.24 28 131 1
1 514 24 6 5 92 5855 16825 9 1 140 0.21 27 130 1
1 514 24 6 5 92 5855 16825 25 1 140 0.36 31 129 1
1 514 24 6 5 92 5855 16825 17 1 140 0.56 36 128 1
1 514 24 6 5 92 5855 16825 9 1 140 0.19 27 127 1
1 514 24 6 5 92 5855 16825 10 1 140 0.37 32 126 1
1 514 24 6 5 92 5855 16825 11 1 140 0.42 34 125 1
1 514 24 6 5 92 5855 16825 10 1 140 0.16 25 124 1
1 514 24 6 5 92 5855 16825 8 1 140 0.16 25 123 1
1 514 24 6 5 92 5855 16825 8 1 140 0.2 27 122 1
1 514 24 6 5 92 5855 16825 10 1 140 0.23 29 121 1
1 514 24 6 6 92 5854 16824 12 2 140 0.28 30 160 1
1 514 24 6 6 92 5854 16824 24 2 140 0.75 40 159 1
1 514 24 6 6 92 5854 16824 17 2 140 0.66 40 158 1
1 514 24 6 6 92 5854 16824 9 2 140 0.34 32 157 1
1 514 24 6 6 92 5854 16824 22 2 140 0.79 39 156 1
1 514 24 6 6 92 5854 16824 24 2 140 0.66 39 155 1
1 514 24 6 6 92 5854 16824 21 2 140 0.73 40 154 1
1 514 24 6 6 92 5854 16824 19 2 140 0.74 39 153 1
1 514 24 6 6 92 5854 16824 21 2 140 0.95 41 152 1
1 514 24 6 6 92 5854 16824 13 2 140 0.46 34 151 1
1 514 24 6 6 92 5854 16824 11 1 140 0.19 26 150 1
1 514 24 6 6 92 5854 16824 9 1 140 0.15 26 149 1
1 514 24 6 6 92 5854 16824 12 1 140 0.36 33 148 1
1 514 24 6 6 92 5854 16824 13 1 140 0.41 34 147 1
1 514 24 6 6 92 5854 16824 11 1 140 0.36 33 146 1
1 514 24 6 6 92 5854 16824 10 1 140 0.39 34 145 1
1 514 24 6 6 92 5854 16824 10 1 140 0.39 32 144 1
1 514 24 6 6 92 5854 16824 8 1 140 0.19 26 143 1
1 514 24 6 6 92 5854 16824 8 1 140 0.28 30 142 1
1 514 24 6 6 92 5854 16824 24 1 140 0.62 40 141 1
1 514 10 6 13 92 5924 16420 5 2 140 0.02 14 360 1
1 514 10 6 13 92 5924 16420 11 2 140 0.31 30 359 1
1 514 10 6 13 92 5924 16420 12 2 140 0.32 30 358 1
1 514 10 6 13 92 5924 16420 10 2 140 0.28 31 357 1
1 514 10 6 13 92 5924 16420 8 2 140 0.09 23 356 1
1 514 10 6 13 92 5924 16420 11 2 140 0.26 29 355 1
1 514 10 6 13 92 5924 16420 24 2 140 0.79 41 354 1
1 514 10 6 13 92 5924 16420 20 2 140 0.48 36 353 1
1 514 10 6 13 92 5924 16420 15 2 140 0.4 33 352 1
1 514 10 6 13 92 5924 16420 14 2 140 0.41 33 351 1
1 514 10 6 13 92 5924 16420 9 1 140 0.08 22 350 1
1 514 10 6 13 92 5924 16420 12 1 140 0.15 24 349 1
1 514 10 6 13 92 5924 16420 22 1 140 0.47 35 347 1
1 514 10 6 13 92 5924 16420 25 1 140 0.42 35 346 1
1 514 10 6 13 92 5924 16420 12 1 140 0.46 35 345 1
1 514 10 6 13 92 5924 16420 14 1 140 0.29 30 344 1
1 514 10 6 13 92 5924 16420 18 1 140 0.49 36 343 1
1 514 10 6 13 92 5924 16420 23 1 140 0.48 36 342 1
1 514 10 6 13 92 5924 16420 20 1 140 0.46 36 341 1
1 514 24 6 7 92 5903 16831 9 1 140 0.16 24 320 1
1 514 24 6 7 92 5903 16831 7 1 140 0.13 23 319 1
1 514 24 6 7 92 5903 16831 15 1 140 0.45 36 318 1
1 514 24 6 7 92 5903 16831 13 1 140 0.61 37 317 1
1 514 24 6 7 92 5903 16831 13 1 140 0.46 35 316 1
1 514 24 6 7 92 5903 16831 6 1 140 0.69 20 315 1
1 514 24 6 7 92 5903 16831 20 1 140 0.61 39 314 1
1 514 24 6 7 92 5903 16831 7 1 140 0.2 26 313 1
1 514 24 6 7 92 5903 16831 11 1 140 0.36 33 312 1
1 514 24 6 7 92 5903 16831 22 1 140 0.59 38 311 1
1 514 24 6 7 92 5903 16831 9 2 140 0.3 31 310 1
1 514 24 6 7 92 5903 16831 9 2 140 0.22 26 308 1
1 514 24 6 7 92 5903 16831 18 2 140 0.78 38 307 1
1 514 24 6 7 92 5903 16831 22 2 140 0.65 36 306 1
1 514 24 6 7 92 5903 16831 11 2 140 0.33 31 305 1
1 514 24 6 7 92 5903 16831 21 2 140 0.85 40 304 1
1 514 24 6 7 92 5903 16831 13 2 140 0.51 37 303 1
1 514 24 6 7 92 5903 16831 17 2 140 0.75 40 302 1
1 514 24 6 7 92 5903 16831 23 2 140 0.74 38 301 1
1 513 38 8 6 92 5741 16755 9 2 140 0.27 28 100 1
1 513 38 8 6 92 5741 16755 12 2 140 0.31 29 99 1
1 513 38 8 6 92 5741 16755 12 2 140 0.27 29 98 1
1 513 38 8 6 92 5741 16755 9 2 140 0.23 27 97 1
1 513 38 8 6 92 5741 16755 11 2 140 0.24 28 96 1
1 513 38 8 6 92 5741 16755 9 2 140 0.22 28 95 1
1 513 38 8 6 92 5741 16755 24 2 140 0.56 38 94 1
1 513 38 8 6 92 5741 16755 15 2 140 0.72 41 93 1
1 513 38 8 6 92 5741 16755 11 1 140 0.53 35 92 1
1 513 38 8 6 92 5741 16755 25 1 140 0.45 37 91 1
1 514 37 7 30 92 5815 16827 26 2 140 0.6 36 70 1
1 514 37 7 30 92 5815 16827 11 2 140 0.4 30 69 1
1 514 37 7 30 92 5815 16827 11 2 140 0.41 31 68 1
1 514 37 7 30 92 5815 16827 11 2 140 0.5 33 67 1
1 514 37 7 30 92 5815 16827 11 2 140 0.42 33 66 1
1 514 37 7 30 92 5815 16827 15 2 140 0.78 37 65 1
1 514 37 7 30 92 5815 16827 13 1 140 0.5 32 64 1
1 514 37 7 30 92 5815 16827 9 1 140 0.43 32 63 1
1 514 37 7 30 92 5815 16827 11 1 140 0.34 29 62 1
1 514 37 7 30 92 5815 16827 14 1 140 0.46 34 61 1
1 514 37 8 1 92 5809 16803 15 1 140 0.46 36 73 1
1 514 37 8 1 92 5809 16803 13 1 140 0.6 38 72 1
1 514 37 8 1 92 5809 16803 10 1 140 0.27 29 71 1
1 514 37 8 1 92 5809 16803 11 2 140 0.26 31 80 1
1 514 37 8 1 92 5809 16803 16 2 140 0.62 38 79 1
1 514 37 8 1 92 5809 16803 11 2 140 0.36 31 78 1
1 514 37 8 1 92 5809 16803 19 2 140 0.55 37 77 1
1 514 37 8 1 92 5809 16803 9 2 140 0.3 30 76 1
1 514 37 8 1 92 5809 16803 14 2 140 0.3 30 75 1
1 514 37 8 1 92 5809 16803 20 2 140 0.52 38 74 1
1 514 36 8 2 92 5804 16722 11 2 140 0.46 31 90 1
1 514 36 8 2 92 5804 16722 11 2 140 0.28 29 89 1
1 514 36 8 2 92 5804 16722 9 2 140 0.3 29 88 1
1 514 36 8 2 92 5804 16722 9 2 140 0.3 28 87 1
1 514 36 8 2 92 5804 16722 18 1 140 0.5 33 86 1
1 514 36 8 2 92 5804 16722 17 1 140 0.5 33 85 1
1 514 36 8 2 92 5804 16722 11 1 140 0.31 29 84 1
1 514 36 8 2 92 5804 16722 11 1 140 0.27 28 83 1
1 514 36 8 2 92 5804 16722 19 1 140 0.47 34 82 1
1 514 36 8 2 92 5804 16722 12 1 140 0.3 28 81 1
1 514 37 7 21 92 5814 16858 21 2 140 0.43 34 10 1
1 514 37 7 21 92 5814 16858 11 2 140 0.33 30 9 1
1 514 37 7 21 92 5814 16858 16 2 140 0.47 34 8 1
1 514 37 7 21 92 5814 16858 15 2 140 0.56 37 7 1
1 514 37 7 21 92 5814 16858 14 2 140 0.5 34 6 1
1 514 37 7 21 92 5814 16858 10 1 140 0.25 28 5 1
1 514 37 7 21 92 5814 16858 11 1 140 0.32 30 4 1
1 514 37 7 21 92 5814 16858 -9 1 140 0.42 33 3 1
1 514 37 7 21 92 5814 16858 9 1 140 0.2 25 2 1
1 514 37 7 21 92 5814 16858 19 1 140 0.52 35 1 1
1 514 37 7 22 92 5804 16759 12 2 140 0.47 34 20 1
1 514 37 7 22 92 5804 16759 18 2 140 0.47 36 19 1
1 514 37 7 22 92 5804 16759 12 2 140 0.44 33 18 1
1 514 37 7 22 92 5804 16759 11 2 140 0.38 31 17 1
1 514 37 7 22 92 5804 16759 21 2 140 0.52 35 16 1
1 514 37 7 22 92 5804 16759 16 1 140 0.4 31 15 1
1 514 37 7 22 92 5804 16759 13 1 140 0.4 31 14 1
1 514 37 7 22 92 5804 16759 19 1 140 0.42 34 13 1
1 514 37 7 22 92 5804 16759 -9 1 140 0.4 31 12 1
1 514 37 7 22 92 5804 16759 11 1 140 0.42 30 11 1
1 514 27 7 27 92 5811 16622 25 2 140 0.8 37 49 1
1 514 27 7 27 92 5811 16622 18 2 140 0.85 37 48 1
1 514 27 7 27 92 5811 16622 15 2 140 0.5 33 47 1
1 514 27 7 27 92 5811 16622 24 2 140 0.62 36 46 1
1 514 27 7 27 92 5811 16622 16 1 140 0.47 33 45 1
1 514 27 7 27 92 5811 16622 18 1 140 0.44 32 44 1
1 514 27 7 27 92 5811 16622 11 1 140 0.23 27 43 1
1 514 27 7 27 92 5811 16622 9 1 140 0.22 26 42 1
1 514 27 7 27 92 5811 16622 9 1 140 0.2 26 41 1
1 514 27 7 27 92 5811 16622 17 2 140 0.4 33 50 1
1 514 20 7 28 92 5841 16343 13 2 140 0.4 32 60 1
1 514 20 7 28 92 5841 16343 12 2 140 0.3 29 59 1
1 514 20 7 28 92 5841 16343 17 2 140 0.62 36 58 1
1 514 20 7 28 92 5841 16343 10 2 140 0.35 30 57 1
1 514 20 7 28 92 5841 16343 9 2 140 0.27 28 56 1
1 514 20 7 28 92 5841 16343 17 1 140 0.42 34 55 1
1 514 20 7 28 92 5841 16343 11 1 140 0.31 28 54 1
1 514 20 7 28 92 5841 16343 18 1 140 0.51 35 53 1
1 514 20 7 28 92 5841 16343 13 1 140 0.41 32 52 1
1 514 20 7 28 92 5841 16343 21 1 140 0.58 35 51 1
1 513 39 8 19 92 5736 16846 19 2 140 0.75 39 120 1
1 513 39 8 19 92 5736 16846 13 2 140 0.23 27 119 1
1 513 39 8 19 92 5736 16846 9 2 140 0.27 27 118 1
1 513 39 8 19 92 5736 16846 9 2 140 0.22 27 117 1
1 513 39 8 19 92 5736 16846 9 2 140 0.15 25 116 1
1 513 39 8 19 92 5736 16846 9 2 140 0.2 27 115 1
1 513 39 8 19 92 5736 16846 11 2 140 0.2 25 114 1
1 513 39 8 19 92 5736 16846 9 1 140 0.2 26 113 1
1 513 39 8 19 92 5736 16846 9 1 140 0.25 28 112 1
1 513 39 8 19 92 5736 16846 8 1 140 0.21 26 111 1
1 514 39 8 3 92 5808 16832 7 2 140 0.25 27 150 1
1 514 39 8 3 92 5808 16832 8 2 140 0.15 24 149 1
1 514 39 8 3 92 5808 16832 9 2 140 0.25 27 148 1
1 514 39 8 3 92 5808 16832 9 2 140 0.15 24 147 1
1 514 39 8 3 92 5808 16832 9 2 140 0.25 28 146 1
1 514 39 8 3 92 5808 16832 9 2 140 0.25 27 145 1
1 514 39 8 3 92 5808 16832 11 2 140 0.3 30 144 1
1 514 39 8 3 92 5808 16832 9 2 140 0.2 26 143 1
1 514 39 8 3 92 5808 16832 10 2 140 0.2 26 142 1
1 514 39 8 3 92 5808 16832 16 1 140 0.5 37 141 1
1 514 39 8 3 92 5808 16832 17 1 140 0.4 33 140 1
1 513 39 8 5 92 5728 16723 9 2 140 0.15 23 160 1
1 513 39 8 5 92 5728 16723 12 2 140 0.25 30 159 1
1 513 39 8 5 92 5728 16723 22 2 140 0.7 41 158 1
1 513 39 8 5 92 5728 16723 7 1 140 0.1 23 157 1
1 513 39 8 5 92 5728 16723 21 1 140 0.4 34 156 1
1 513 39 8 5 92 5728 16723 18 1 140 0.45 34 155 1
1 513 39 8 5 92 5728 16723 20 1 140 0.45 34 154 1
1 513 39 8 5 92 5728 16723 20 1 140 0.45 35 153 1
1 513 39 8 5 92 5728 16723 13 1 140 0.4 33 152 1
1 513 39 8 5 92 5728 16723 31 1 140 0.4 34 151 1
1 514 35 7 23 92 5803 16812 12 2 140 0.15 25 100 1
1 514 35 7 23 92 5803 16812 11 2 140 0.35 32 99 1
1 514 35 7 23 92 5803 16812 19 2 140 0.5 37 98 1
1 514 35 7 23 92 5803 16812 9 2 140 0.2 25 97 1
1 514 35 7 23 92 5803 16812 11 2 140 0.25 28 96 1
1 514 35 7 23 92 5803 16812 -9 1 140 0.15 24 95 1
1 514 35 7 23 92 5803 16812 12 1 140 0.2 28 94 1
1 514 35 7 23 92 5803 16812 9 1 140 0.15 24 93 1
1 514 35 7 23 92 5803 16812 12 1 140 0.3 31 92 1
1 514 35 7 23 92 5803 16812 20 1 140 0.3 33 91 1
1 514 36 7 23 92 5811 16820 18 2 140 0.6 39 110 1
1 514 36 7 23 92 5811 16820 22 2 140 0.6 40 109 1
1 514 36 7 23 92 5811 16820 11 2 140 0.3 29 108 1
1 514 36 7 23 92 5811 16820 11 2 140 0.25 28 107 1
1 514 36 7 23 92 5811 16820 11 2 140 0.25 29 106 1
1 514 36 7 23 92 5811 16820 11 2 140 0.3 29 105 1
1 514 36 7 23 92 5811 16820 20 2 140 0.55 38 104 1
1 514 36 7 23 92 5811 16820 13 2 140 0.35 32 103 1
1 514 36 7 23 92 5811 16820 13 1 140 0.35 33 102 1
1 514 36 7 23 92 5811 16820 16 1 140 0.5 37 101 1
1 514 23 7 29 92 5802 16522 9 2 140 0.15 25 130 1
1 514 23 7 29 92 5802 16522 6 2 140 0.1 22 129 1
1 514 23 7 29 92 5802 16522 11 2 140 0.15 25 128 1
1 514 23 7 29 92 5802 16522 7 2 140 0.15 25 127 1
1 514 23 7 29 92 5802 16522 10 2 140 0.2 26 126 1
1 514 23 7 29 92 5802 16522 13 2 140 0.4 32 125 1
1 514 23 7 29 92 5802 16522 15 1 140 0.4 35 124 1
1 514 23 7 29 92 5802 16522 8 1 140 0.1 21 123 1
1 514 23 7 29 92 5802 16522 8 1 140 0.5 20 122 1
1 514 23 7 29 92 5802 16522 9 1 140 0.1 22 121 1
1 514 39 8 2 92 5802 16830 11 2 140 0.35 30 139 1
1 514 39 8 2 92 5802 16830 11 2 140 0.35 30 138 1
1 514 39 8 2 92 5802 16830 9 2 140 0.25 26 137 1
1 514 39 8 2 92 5802 16830 9 2 140 0.25 26 136 1
1 514 39 8 2 92 5802 16830 9 2 140 0.25 28 135 1
1 514 39 8 2 92 5802 16830 11 2 140 0.45 32 134 1
1 514 39 8 2 92 5802 16830 11 1 140 0.4 33 133 1
1 514 39 8 2 92 5802 16830 8 1 140 0.15 23 132 1
1 514 39 8 2 92 5802 16830 9 1 140 0.15 23 131 1
1 513 35 8 23 92 5757 16812 9 1 140 0.1 19 197 1
1 513 39 8 23 92 5758 16855 22 2 140 0.75 40 200 1
1 513 39 8 23 92 5758 16855 11 2 140 0.15 22 199 1
1 513 39 8 23 92 5758 16855 27 1 140 0.55 37 198 1
1 514 39 7 15 92 5831 16827 11 1 140 0.15 25 20 1
1 514 39 7 15 92 5831 16827 11 1 140 0.2 29 19 1
1 514 39 7 15 92 5831 16827 11 1 140 0.25 29 18 1
1 514 39 7 15 92 5831 16827 16 2 140 0.5 36 17 1
1 514 39 7 15 92 5831 16827 11 1 140 0.2 27 16 1
1 514 39 7 15 92 5831 16827 9 1 140 0.2 27 15 1
1 514 39 7 15 92 5831 16827 11 1 140 0.25 30 14 1
1 514 39 7 15 92 5831 16827 16 1 140 0.35 32 13 1
1 514 39 7 15 92 5831 16827 11 1 140 0.3 31 12 1
1 514 39 7 15 92 5831 16827 9 1 140 0.15 27 11 1
1 514 39 7 15 92 5831 16827 11 2 140 0.35 31 10 1
1 514 39 7 15 92 5831 16827 11 1 140 0.25 29 9 1
1 514 39 7 15 92 5831 16827 20 2 140 0.6 37 8 1
1 514 39 7 15 92 5831 16827 9 1 140 0.35 28 7 1
1 514 39 7 15 92 5831 16827 11 1 140 0.55 32 6 1
1 514 39 7 15 92 5831 16827 23 1 140 0.6 35 5 1
1 514 39 7 15 92 5831 16827 11 1 140 0.25 27 4 1
1 514 39 7 15 92 5831 16827 11 1 140 0.4 29 3 1
1 514 39 7 15 92 5831 16827 19 2 140 0.6 33 2 1
1 514 39 7 15 92 5831 16827 11 1 140 0.3 30 1 1
1 514 36 7 17 92 5824 16833 13 2 140 0.4 34 27 1
1 514 36 7 17 92 5824 16833 19 2 140 0.55 37 26 1
1 514 36 7 17 92 5824 16833 15 2 140 0.4 34 25 1
1 514 36 7 17 92 5824 16833 11 2 140 0.25 28 24 1
1 514 36 7 17 92 5824 16833 16 2 140 0.5 36 23 1
1 514 36 7 17 92 5824 16833 9 1 140 0.2 26 22 1
1 514 36 7 17 92 5824 16833 11 1 140 0.2 26 21 1
1 514 36 7 17 92 5824 16833 13 2 140 0.45 33 30 1
1 514 36 7 17 92 5824 16833 26 2 140 0.3 34 29 1
1 514 36 7 17 92 5824 16833 13 2 140 0.5 37 28 1
1 514 33 7 17 92 5803 16814 22 2 140 0.35 34 40 1
1 514 33 7 17 92 5803 16814 13 2 140 0.4 34 39 1
1 514 33 7 17 92 5803 16814 11 2 140 0.35 31 38 1
1 514 33 7 17 92 5803 16814 16 2 140 0.5 36 37 1
1 514 33 7 17 92 5803 16814 21 2 140 0.65 38 36 1
1 514 33 7 17 92 5803 16814 8 1 140 0.3 31 35 1
1 514 33 7 17 92 5803 16814 11 1 140 0.4 32 34 1
1 514 33 7 17 92 5803 16814 9 1 140 0.15 24 33 1
1 514 33 7 17 92 5803 16814 11 1 140 0.3 29 32 1
1 514 33 7 17 92 5803 16814 11 1 140 0.35 32 31 1
1 514 38 7 18 92 5825 16837 9 1 140 0.15 26 41 1
1 514 38 7 18 92 5825 16837 17 2 140 0.4 33 50 1
1 514 38 7 18 92 5825 16837 17 2 140 0.55 36 49 1
1 514 38 7 18 92 5825 16837 19 2 140 0.4 35 48 1
1 514 38 7 18 92 5825 16837 18 2 140 0.7 40 47 1
1 514 38 7 18 92 5825 16837 20 2 140 0.55 38 46 1
1 514 38 7 18 92 5825 16837 11 1 140 0.35 30 45 1
1 514 38 7 18 92 5825 16837 11 1 140 0.35 31 44 1
1 514 38 7 18 92 5825 16837 9 1 140 0.2 26 43 1
1 514 38 7 18 92 5825 16837 11 1 140 0.3 31 42 1
1 514 37 7 19 92 5805 16808 22 2 140 0.45 36 60 1
1 514 37 7 19 92 5805 16808 20 2 140 0.45 35 59 1
1 514 37 7 19 92 5805 16808 12 2 140 0.45 35 58 1
1 514 37 7 19 92 5805 16808 11 2 140 0.35 31 57 1
1 514 37 7 19 92 5805 16808 20 2 140 0.45 35 56 1
1 514 37 7 19 92 5805 16808 13 2 140 0.4 33 55 1
1 514 37 7 19 92 5805 16808 9 1 140 0.2 25 54 1
1 514 37 7 19 92 5805 16808 9 1 140 0.25 28 53 1
1 514 37 7 19 92 5805 16808 11 1 140 0.35 30 52 1
1 514 37 7 19 92 5805 16808 9 1 140 0.2 26 51 1
1 514 34 7 20 92 5810 16811 15 2 140 0.45 35 70 1
1 514 34 7 20 92 5810 16811 15 2 140 0.45 37 69 1
1 514 34 7 20 92 5810 16811 11 2 140 0.3 29 68 1
1 514 34 7 20 92 5810 16811 11 2 140 0.3 31 67 1
1 514 34 7 20 92 5810 16811 13 2 140 0.25 29 66 1
1 514 34 7 20 92 5810 16811 11 1 140 0.3 32 65 1
1 514 34 7 20 92 5810 16811 6 1 140 0.1 22 64 1
1 514 34 7 20 92 5810 16811 9 1 140 0.25 27 63 1
1 514 34 7 20 92 5810 16811 11 1 140 0.25 28 62 1
1 514 34 7 20 92 5810 16811 11 1 140 0.25 30 61 1
1 514 25 8 17 92 5817 16650 9 2 140 0.1 22 194 1
1 514 25 8 17 92 5817 16650 8 2 140 0.1 21 193 1
1 514 25 8 17 92 5817 16650 8 2 140 0.1 21 192 1
1 514 25 8 17 92 5817 16650 8 2 140 0.05 19 191 1
1 514 25 8 17 92 5817 16650 7 2 140 0.05 19 190 1
1 514 25 8 17 92 5817 16650 9 2 140 0.1 21 189 1
1 514 25 8 17 92 5817 16650 8 2 140 0.1 20 188 1
1 514 25 8 17 92 5817 16650 6 2 140 0.1 19 187 1
1 514 25 8 17 92 5817 16650 23 2 140 0.75 39 186 1
1 514 25 8 17 92 5817 16650 22 1 140 0.55 38 185 1
1 514 25 8 17 92 5817 16650 7 1 140 0.1 19 184 1
1 514 25 8 17 92 5817 16650 7 1 140 0.1 20 183 1
1 514 25 8 17 92 5817 16650 8 1 140 0.1 21 182 1
1 513 37 8 21 92 5749 16902 18 2 140 0.7 39 196 1
1 513 37 8 21 92 5749 16902 6 1 140 0.1 20 195 1
1 513 38 9 15 92 5745 16820 13 2 140 0.39 31 379 1
1 513 38 9 15 92 5745 16820 14 2 140 0.52 34 378 1
1 513 38 9 15 92 5745 16820 16 2 140 0.47 34 377 1
1 513 38 9 15 92 5745 16820 11 2 140 0.4 34 376 1
1 513 38 9 15 92 5745 16820 8 2 140 0.25 28 375 1
1 513 38 9 15 92 5745 16820 15 2 140 0.67 37 374 1
1 513 38 9 15 92 5745 16820 18 2 140 0.46 35 373 1
1 513 38 9 15 92 5745 16820 17 2 140 0.51 35 372 1
1 513 38 9 15 92 5745 16820 16 2 140 0.4 32 371 1
1 513 38 9 15 92 5745 16820 12 2 140 0.4 32 370 1
1 513 38 9 15 92 5745 16820 19 1 140 0.33 31 369 1
1 513 38 9 15 92 5745 16820 9 1 140 0.17 25 368 1
1 513 38 9 15 92 5745 16820 8 1 140 0.21 27 367 1
1 513 38 9 15 92 5745 16820 15 1 140 0.38 31 366 1
1 513 38 9 15 92 5745 16820 11 1 140 0.46 35 365 1
1 513 38 9 15 92 5745 16820 21 1 140 0.46 33 364 1
1 513 38 9 15 92 5745 16820 10 1 140 0.36 30 363 1
1 513 38 9 15 92 5745 16820 23 1 140 0.43 33 362 1
1 513 38 9 15 92 5745 16820 21 1 140 0.53 35 361 1
1 513 38 9 15 92 5745 16820 11 1 140 0.28 29 360 1
1 514 38 9 18 92 5809 16802 22 2 140 0.6 37 326 1
1 514 38 9 18 92 5809 16802 9 2 140 0.19 25 325 1
1 514 38 9 18 92 5809 16802 18 2 140 0.6 37 324 1
1 514 38 9 18 92 5809 16802 9 2 140 0.25 28 323 1
1 514 38 9 18 92 5809 16802 11 2 140 0.25 28 322 1
1 514 38 9 18 92 5809 16802 8 2 140 0.19 25 321 1
1 514 38 9 18 92 5809 16802 11 2 140 0.3 27 320 1
1 514 38 9 18 92 5809 16802 22 2 140 0.65 38 319 1
1 514 38 9 18 92 5809 16802 20 1 140 0.42 35 318 1
1 514 38 9 18 92 5809 16802 9 1 140 0.15 24 317 1
1 514 38 9 18 92 5809 16802 18 1 140 0.43 34 316 1
1 514 38 9 18 92 5809 16802 14 1 140 0.45 34 315 1
1 514 39 8 28 92 5806 16935 18 2 140 0.54 35 280 1
1 514 39 8 28 92 5806 16935 15 2 140 0.46 33 279 1
1 514 39 8 28 92 5806 16935 15 2 140 0.35 33 278 1
1 514 39 8 28 92 5806 16935 13 2 140 0.35 32 277 1
1 514 39 8 28 92 5806 16935 21 2 140 0.5 35 276 1
1 514 39 8 28 92 5806 16935 23 2 140 0.56 36 275 1
1 514 39 8 28 92 5806 16935 11 2 140 0.29 30 274 1
1 514 39 8 28 92 5806 16935 12 2 140 0.45 32 273 1
1 514 39 8 28 92 5806 16935 9 2 140 0.25 30 272 1
1 514 39 8 28 92 5806 16935 9 2 140 0.21 25 271 1
1 514 39 8 28 92 5806 16935 11 1 140 0.24 27 270 1
1 514 39 8 28 92 5806 16935 11 1 140 0.29 31 269 1
1 514 39 8 28 92 5806 16935 9 1 140 0.22 27 268 1
1 514 39 8 28 92 5806 16935 25 1 140 0.46 34 267 1
1 514 39 8 28 92 5806 16935 11 1 140 0.45 32 266 1
1 514 39 8 28 92 5806 16935 14 1 140 0.45 33 265 1
1 514 39 8 28 92 5806 16935 16 1 140 0.45 32 264 1
1 514 39 8 28 92 5806 16935 16 1 140 0.41 34 263 1
1 514 39 8 28 92 5806 16935 14 1 140 0.39 32 262 1
1 514 39 8 28 92 5806 16935 9 1 140 0.3 29 261 1
1 514 39 10 2 92 5801 16757 18 2 140 0.53 37 247 1
1 514 39 10 2 92 5801 16757 9 2 140 0.16 23 246 1
1 514 39 10 2 92 5801 16757 15 2 140 0.62 39 245 1
1 514 39 10 2 92 5801 16757 17 2 140 0.77 40 244 1
1 514 39 10 2 92 5801 16757 8 1 140 0.15 24 242 1
1 514 39 10 2 92 5801 16757 11 1 140 0.13 24 241 1
1 514 39 10 4 92 5807 16826 18 2 140 0.46 38 257 1
1 514 39 10 4 92 5807 16826 9 2 140 0.1 22 256 1
1 514 39 10 4 92 5807 16826 9 1 140 0.09 22 251 1
1 514 39 10 4 92 5807 16826 8 1 140 0.11 22 250 1
1 514 39 10 4 92 5807 16826 8 1 140 0.09 22 248 1
1 514 38 10 6 92 5816 16803 9 2 140 0.08 21 258 1
1 514 38 10 6 92 5816 16803 23 1 140 0.48 36 253 1
1 514 38 10 6 92 5816 16803 9 1 140 0.09 21 252 1
1 514 38 10 7 92 5819 16758 16 2 140 0.51 38 260 1
1 514 38 10 7 92 5819 16758 9 2 140 0.09 22 259 1
1 514 37 10 8 92 5822 16843 18 1 140 0.47 36 255 1
1 514 37 10 8 92 5822 16843 7 1 140 0.08 20 254 1
1 513 39 8 18 92 5740 16852 15 2 140 0.5 35 210 1
1 513 39 8 18 92 5740 16852 18 2 140 0.45 35 209 1
1 513 39 8 18 92 5740 16852 11 2 140 0.35 29 208 1
1 513 39 8 18 92 5740 16852 11 2 140 0.35 26 207 1
1 513 39 8 18 92 5740 16852 8 2 140 0.2 25 206 1
1 513 39 8 18 92 5740 16852 11 2 140 0.55 32 205 1
1 513 39 8 18 92 5740 16852 11 2 140 0.25 27 204 1
1 513 39 8 18 92 5740 16852 9 2 140 0.15 24 203 1
1 513 39 8 18 92 5740 16852 11 2 140 0.2 25 202 1
1 513 39 8 18 92 5740 16852 16 2 140 0.5 36 201 1
1 514 36 9 24 92 5811 16830 7 2 140 0.14 23 332 1
1 514 36 9 24 92 5811 16830 9 2 140 0.14 23 331 1
1 514 36 9 24 92 5811 16830 8 2 140 0.14 23 330 1
1 514 36 9 24 92 5811 16830 8 2 140 0.25 28 329 1
1 514 36 9 24 92 5811 16830 9 1 140 0.15 24 328 1
1 514 36 9 24 92 5811 16830 8 1 140 0.15 24 327 1
1 513 39 11 2 92 5708 16535 9 2 140 0.15 24 344 1
1 513 39 11 2 92 5708 16535 18 2 140 0.75 38 343 1
1 513 39 11 2 92 5708 16535 18 2 140 0.75 38 342 1
1 513 39 11 2 92 5708 16535 8 2 140 0.12 23 341 1
1 513 39 11 2 92 5708 16535 21 2 140 0.55 38 340 1
1 513 39 11 2 92 5708 16535 6 2 140 0.1 22 339 1
1 513 39 11 2 92 5708 16535 9 2 140 0.14 23 338 1
1 513 39 11 2 92 5708 16535 9 1 140 0.1 22 337 1
1 513 40 11 4 92 5708 16546 7 2 140 0.1 21 350 1
1 513 40 11 4 92 5708 16546 28 2 140 0.79 39 349 1
1 513 40 11 4 92 5708 16546 11 2 140 0.15 24 348 1
1 513 40 11 4 92 5708 16546 9 2 140 0.14 24 347 1
1 513 40 11 4 92 5708 16546 9 2 140 0.06 20 346 1
1 513 40 11 4 92 5708 16546 9 1 140 0.1 23 345 1
1 513 37 9 21 92 5754 16547 8 2 140 0.19 25 230 1
1 513 37 9 21 92 5754 16547 11 2 140 0.22 27 229 1
1 513 37 9 21 92 5754 16547 11 2 140 0.4 33 228 1
1 513 37 9 21 92 5754 16547 8 2 140 0.16 24 227 1
1 513 37 9 21 92 5754 16547 11 2 140 0.32 30 226 1
1 513 37 9 21 92 5754 16547 23 1 140 0.46 34 210 1
1 513 39 8 20 92 5743 16855 12 2 140 0.35 31 230 1
1 513 39 8 20 92 5743 16855 27 2 140 0.55 37 229 1
1 513 39 8 20 92 5743 16855 11 2 140 0.45 32 228 1
1 513 39 8 20 92 5743 16855 13 2 140 0.45 34 227 1
1 513 39 8 20 92 5743 16855 15 2 140 0.5 36 226 1
1 513 39 8 20 92 5743 16855 16 2 140 0.4 34 225 1
1 513 39 8 20 92 5743 16855 11 2 140 0.25 28 224 1
1 513 39 8 20 92 5743 16855 12 2 140 0.55 34 223 1
1 513 39 8 20 92 5743 16855 11 2 140 0.45 32 222 1
1 513 39 8 20 92 5743 16855 16 2 140 0.5 36 221 1
1 513 39 8 20 92 5743 16855 9 1 140 0.2 25 220 1
1 513 39 8 20 92 5743 16855 9 1 140 0.15 24 219 1
1 513 39 8 20 92 5743 16855 11 1 140 0.35 30 218 1
1 513 39 8 20 92 5743 16855 9 1 140 0.15 25 217 1
1 513 39 8 20 92 5743 16855 11 1 140 0.25 26 216 1
1 513 39 8 20 92 5743 16855 15 1 140 0.55 35 215 1
1 513 39 8 20 92 5743 16855 9 1 140 0.25 28 214 1
1 513 39 8 20 92 5743 16855 11 1 140 0.4 30 213 1
1 513 39 8 20 92 5743 16855 11 1 140 0.32 29 212 1
1 513 39 8 20 92 5743 16855 16 1 140 0.4 33 211 1
1 514 39 8 23 92 5800 16845 9 2 140 0.21 27 250 1
1 514 39 8 23 92 5800 16845 11 2 140 0.46 31 249 1
1 514 39 8 23 92 5800 16845 18 2 140 0.46 34 248 1
1 514 39 8 23 92 5800 16845 11 2 140 0.21 28 247 1
1 514 39 8 23 92 5800 16845 11 2 140 0.35 33 246 1
1 514 39 8 23 92 5800 16845 20 2 140 0.54 35 245 1
1 514 39 8 23 92 5800 16845 11 2 140 0.3 29 244 1
1 514 39 8 23 92 5800 16845 11 2 140 0.28 29 243 1
1 514 39 8 23 92 5800 16845 13 2 140 0.53 34 242 1
1 514 39 8 23 92 5800 16845 11 2 140 0.25 27 241 1
1 514 39 8 23 92 5800 16845 9 1 140 0.2 26 240 1
1 514 39 8 23 92 5800 16845 11 1 140 0.23 28 239 1
1 514 39 8 23 92 5800 16845 8 1 140 0.2 26 238 1
1 514 39 8 23 92 5800 16845 9 1 140 0.18 24 237 1
1 514 39 8 23 92 5800 16845 11 1 140 0.27 28 236 1
1 514 39 8 23 92 5800 16845 21 1 140 0.4 33 235 1
1 514 39 8 23 92 5800 16845 11 1 140 0.25 27 234 1
1 514 39 8 23 92 5800 16845 19 1 140 0.4 33 233 1
1 514 39 8 23 92 5800 16845 10 1 140 0.25 27 232 1
1 514 39 8 23 92 5800 16845 -9 1 140 0.2 15 231 1
1 514 37 9 29 92 5821 16819 6 2 140 0.13 23 240 1
1 514 37 9 29 92 5821 16819 18 2 140 0.62 37 239 1
1 514 37 9 29 92 5821 16819 16 2 140 0.45 36 238 1
1 514 37 9 29 92 5821 16819 9 2 140 0.13 24 237 1
1 514 37 9 29 92 5821 16819 9 2 140 0.18 26 236 1
1 514 37 9 29 92 5821 16819 8 2 140 0.11 23 235 1
1 514 37 9 29 92 5821 16819 13 2 140 0.4 36 234 1
1 514 37 9 29 92 5821 16819 17 2 140 0.44 37 233 1
1 514 37 9 29 92 5821 16819 25 2 140 0.49 36 232 1
1 514 37 9 29 92 5821 16819 5 1 140 0.15 24 231 1
1 513 39 10 10 92 5726 16559 21 2 140 0.61 39 265 1
1 513 39 10 10 92 5726 16559 23 2 140 0.63 39 264 1
1 513 39 10 10 92 5726 16559 19 2 140 0.72 39 263 1
1 513 39 10 10 92 5726 16559 18 2 140 0.63 40 262 1
1 513 39 10 10 92 5726 16559 9 1 140 0.1 21 261 1
1 513 39 10 12 92 5727 16555 26 2 140 0.79 39 268 1
1 513 39 10 12 92 5727 16555 8 2 140 0.09 21 267 1
1 513 39 10 12 92 5727 16555 8 2 140 0.11 22 266 1
1 513 37 10 13 92 5754 16626 8 2 140 0.12 22 273 1
1 513 37 10 13 92 5754 16626 18 2 140 0.65 40 272 1
1 513 37 10 13 92 5754 16626 9 1 140 0.08 21 271 1
1 514 29 9 11 92 5821 16706 9 2 140 0.16 24 339 1
1 514 29 9 11 92 5821 16706 13 2 140 0.39 34 338 1
1 514 29 9 11 92 5821 16706 15 2 140 0.49 35 337 1
1 514 29 9 11 92 5821 16706 12 2 140 0.36 31 336 1
1 514 29 9 11 92 5821 16706 8 2 140 0.2 27 335 1
1 514 29 9 11 92 5821 16706 9 2 140 0.27 29 334 1
1 514 29 9 11 92 5821 16706 7 2 140 0.19 25 333 1
1 514 29 9 11 92 5821 16706 18 2 140 0.45 37 332 1
1 514 29 9 11 92 5821 16706 -9 2 140 0.26 29 331 1
1 514 29 9 11 92 5821 16706 11 2 140 0.24 26 330 1
1 514 29 9 11 92 5821 16706 17 1 140 0.43 34 329 1
1 514 29 9 11 92 5821 16706 10 1 140 0.24 28 328 1
1 514 29 9 11 92 5821 16706 9 1 140 0.17 27 327 1
1 514 29 9 11 92 5821 16706 11 1 140 0.28 30 326 1
1 514 29 9 11 92 5821 16706 9 1 140 0.26 29 325 1
1 514 29 9 11 92 5821 16706 6 1 140 0.13 23 324 1
1 514 29 9 11 92 5821 16706 11 1 140 0.29 31 323 1
1 514 29 9 11 92 5821 16706 9 1 140 0.23 28 322 1
1 514 29 9 11 92 5821 16706 11 1 140 0.25 29 321 1
1 514 29 9 11 92 5821 16706 11 1 140 0.31 30 320 1
1 514 40 8 26 92 5815 16928 10 1 140 0.2 25 260 1
1 514 40 8 26 92 5815 16928 11 1 140 0.25 29 259 1
1 514 40 8 26 92 5815 16928 14 1 140 0.3 30 258 1
1 514 40 8 26 92 5815 16928 8 1 140 0.19 26 257 1
1 514 40 8 26 92 5815 16928 14 1 140 0.3 31 256 1
1 514 40 8 26 92 5815 16928 21 1 140 0.42 32 255 1
1 514 40 8 26 92 5815 16928 11 1 140 0.25 27 254 1
1 514 40 8 26 92 5815 16928 20 1 140 0.44 33 253 1
1 514 40 8 26 92 5815 16928 11 1 140 0.25 26 252 1
1 514 40 8 26 92 5815 16928 9 1 140 0.15 25 251 1
1 509 40 5 16 92 5640 16345 10 2 140 0.23 28 118 1
1 509 40 5 16 92 5640 16345 11 2 140 0.22 28 117 1
1 509 40 5 16 92 5640 16345 10 2 140 0.19 26 116 1
1 509 40 5 16 92 5640 16345 22 2 140 0.45 35 115 1
1 509 40 5 16 92 5640 16345 9 2 140 0.29 30 114 1
1 509 40 5 16 92 5640 16345 22 2 140 0.65 38 113 1
1 509 40 5 16 92 5640 16345 13 2 140 0.46 35 112 1
1 509 40 5 16 92 5640 16345 13 2 140 0.54 37 111 1
1 509 40 5 16 92 5640 16345 10 2 140 0.14 25 110 1
1 509 40 5 16 92 5640 16345 22 2 140 0.47 36 109 1
1 509 40 5 16 92 5640 16345 9 1 140 0.14 25 108 1
1 509 40 5 16 92 5640 16345 10 1 140 0.14 24 107 1
1 509 40 5 16 92 5640 16345 11 1 140 0.16 25 106 1
1 509 40 5 16 92 5640 16345 11 1 140 0.13 25 105 1
1 509 40 5 16 92 5640 16345 11 1 140 0.16 25 104 1
1 509 40 5 16 92 5640 16345 9 1 140 0.12 24 103 1
1 509 40 5 16 92 5640 16345 12 1 140 0.42 34 102 1
1 509 40 5 16 92 5640 16345 17 1 140 0.33 33 101 1
1 509 37 5 11 92 5644 16359 -9 2 140 0.2 28 310 1
1 509 37 5 11 92 5644 16359 -9 2 140 0.35 32 309 1
1 509 37 5 11 92 5644 16359 -9 1 140 0.15 25 308 1
1 509 37 5 11 92 5644 16359 -9 1 140 0.15 24 307 1
1 509 37 5 11 92 5644 16359 -9 1 140 0.2 27 306 1
1 509 37 5 11 92 5644 16359 -9 2 140 0.2 26 305 1
1 509 37 5 11 92 5644 16359 -9 2 140 0.35 32 304 1
1 509 37 5 11 92 5644 16359 -9 2 140 0.2 26 303 1
1 509 37 5 11 92 5644 16359 -9 1 140 0.3 31 302 1
1 509 37 5 11 92 5644 16359 -9 2 140 0.2 28 301 1
1 509 35 5 17 92 5704 16346 9 2 140 0.15 24 133 1
1 509 35 5 17 92 5704 16346 9 2 140 0.12 24 132 1
1 509 35 5 17 92 5704 16346 22 2 140 0.73 38 131 1
1 509 35 5 17 92 5704 16346 20 2 140 0.57 37 130 1
1 509 35 5 17 92 5704 16346 15 2 140 0.55 36 129 1
1 509 35 5 17 92 5704 16346 12 2 140 0.47 36 128 1
1 509 35 5 17 92 5704 16346 23 2 140 0.47 36 127 1
1 509 35 5 17 92 5704 16346 11 2 140 0.16 25 126 1
1 509 35 5 17 92 5704 16346 11 2 140 0.27 28 125 1
1 509 35 5 17 92 5704 16346 22 2 140 0.67 39 124 1
1 509 35 5 17 92 5704 16346 11 1 140 0.44 34 123 1
1 509 35 5 17 92 5704 16346 9 1 140 0.09 22 122 1
1 509 35 5 17 92 5704 16346 9 1 140 0.1 23 121 1
1 509 35 5 17 92 5704 16346 10 1 140 0.12 23 120 1
1 509 35 5 17 92 5704 16346 8 1 140 0.09 22 119 1
1 514 28 8 13 92 5809 16637 8 2 140 0.1 20 173 1
1 514 28 8 13 92 5809 16637 9 2 140 0.15 23 172 1
1 514 28 8 13 92 5809 16637 9 2 140 0.15 22 171 1
1 514 28 8 13 92 5809 16637 9 2 140 0.15 23 170 1
1 514 28 8 13 92 5809 16637 11 2 140 0.15 23 169 1
1 514 28 8 13 92 5809 16637 7 1 140 0.1 21 168 1
1 514 28 8 13 92 5809 16637 7 1 140 0.1 21 167 1
1 514 28 8 13 92 5809 16637 8 1 140 0.1 21 166 1
1 514 25 8 15 92 5813 16653 6 2 140 0.1 22 181 1
1 514 25 8 15 92 5813 16653 7 2 140 0.1 19 180 1
1 514 25 8 15 92 5813 16653 19 2 140 0.75 39 179 1
1 514 25 8 15 92 5813 16653 9 1 140 0.1 20 178 1
1 514 25 8 15 92 5813 16653 8 1 140 0.1 19 177 1
1 514 25 8 15 92 5813 16653 9 1 140 0.1 22 176 1
1 514 25 8 15 92 5813 16653 8 1 140 0.1 22 175 1
1 514 25 8 15 92 5813 16653 8 1 140 0.1 22 174 1
1 514 22 6 11 92 5914 16821 9 1 140 0.07 21 340 1
1 514 22 6 11 92 5914 16821 9 1 140 0.13 24 339 1
1 514 22 6 11 92 5914 16821 9 1 140 0.1 22 338 1
1 514 22 6 11 92 5914 16821 8 1 140 0.16 24 337 1
1 514 22 6 11 92 5914 16821 9 1 140 0.13 25 336 1
1 514 22 6 11 92 5914 16821 9 1 140 0.12 23 335 1
1 514 22 6 11 92 5914 16821 9 1 140 0.12 23 334 1
1 514 22 6 11 92 5914 16821 9 1 140 0.13 24 333 1
1 514 22 6 11 92 5914 16821 13 1 140 0.44 34 332 1
1 514 22 6 11 92 5914 16821 10 1 140 0.13 25 331 1
1 514 22 6 11 92 5914 16821 -9 2 140 0.99 42 330 1
1 514 22 6 11 92 5914 16821 9 2 140 0.26 28 329 1
1 514 22 6 11 92 5914 16821 11 2 140 0.42 34 328 1
1 514 22 6 11 92 5914 16821 8 2 140 0.2 27 327 1
1 514 22 6 11 92 5914 16821 26 2 140 0.96 42 326 1
1 514 22 6 11 92 5914 16821 13 2 140 0.56 36 325 1
1 514 22 6 11 92 5914 16821 9 2 140 0.24 29 324 1
1 514 22 6 11 92 5914 16821 18 2 140 0.57 38 323 1
1 514 22 6 11 92 5914 16821 8 2 140 0.25 29 322 1
1 514 22 6 11 92 5914 16821 24 2 140 0.99 42 321 1
1 509 32 5 1 92 5711 16316 -9 2 140 0.35 31 220 1
1 509 32 5 1 92 5711 16316 -9 2 140 0.2 26 219 1
1 509 32 5 1 92 5711 16316 -9 1 140 0.3 30 218 1
1 509 32 5 1 92 5711 16316 -9 2 140 0.15 25 217 1
1 509 32 5 1 92 5711 16316 -9 2 140 0.5 35 216 1
1 509 32 5 1 92 5711 16316 -9 2 140 0.35 32 215 1
1 509 32 5 1 92 5711 16316 -9 2 140 0.4 33 214 1
1 509 32 5 1 92 5711 16316 -9 1 140 0.25 29 213 1
1 509 32 5 1 92 5711 16316 -9 1 140 0.25 29 212 1
1 509 32 5 1 92 5711 16316 -9 2 140 0.55 34 211 1
1 509 32 5 1 92 5711 16316 -9 1 140 0.25 28 210 1
1 509 32 5 1 92 5711 16316 -9 2 140 0.45 34 209 1
1 509 32 5 1 92 5711 16316 -9 1 140 0.3 30 208 1
1 509 32 5 1 92 5711 16316 -9 2 140 0.5 35 207 1
1 509 32 5 1 92 5711 16316 -9 2 140 0.6 37 206 1
1 509 32 5 1 92 5711 16316 -9 1 140 0.25 28 205 1
1 509 32 5 1 92 5711 16316 -9 2 140 0.6 39 204 1
1 509 32 5 1 92 5711 16316 -9 1 140 0.25 30 203 1
1 509 32 5 1 92 5711 16316 -9 2 140 0.45 32 202 1
1 509 32 5 1 92 5711 16316 -9 1 140 0.25 30 201 1
1 509 39 5 11 92 5644 16358 10 2 140 0.21 27 20 1
1 509 39 5 11 92 5644 16358 9 2 140 0.19 26 19 1
1 509 39 5 11 92 5644 16358 25 2 140 1.05 46 18 1
1 509 39 5 11 92 5644 16358 10 2 140 0.22 29 17 1
1 509 39 5 11 92 5644 16358 15 2 140 0.37 33 16 1
1 509 39 5 11 92 5644 16358 9 2 140 0.18 26 15 1
1 509 39 5 11 92 5644 16358 11 2 140 0.34 31 14 1
1 509 39 5 11 92 5644 16358 11 2 140 0.35 31 13 1
1 509 39 5 11 92 5644 16358 11 2 140 0.35 32 12 1
1 509 39 5 11 92 5644 16358 18 2 140 0.45 35 11 1
1 509 39 5 11 92 5644 16358 11 1 140 0.3 30 10 1
1 509 39 5 11 92 5644 16358 10 1 140 0.36 32 9 1
1 509 39 5 11 92 5644 16358 11 1 140 0.21 27 8 1
1 509 39 5 11 92 5644 16358 13 1 140 0.44 35 7 1
1 509 39 5 11 92 5644 16358 14 1 140 0.51 35 6 1
1 509 39 5 11 92 5644 16358 -9 1 140 0.23 28 5 1
1 509 39 5 11 92 5644 16358 9 1 140 0.31 31 4 1
1 509 39 5 11 92 5644 16358 12 1 140 0.27 30 3 1
1 509 39 5 11 92 5644 16358 9 1 140 0.21 28 2 1
1 509 39 5 11 92 5644 16358 9 1 140 0.25 29 1 1
1 509 38 5 14 92 5647 16340 9 2 140 0.19 26 80 1
1 509 38 5 14 92 5647 16340 21 2 140 0.59 38 79 1
1 509 38 5 14 92 5647 16340 11 2 140 0.28 29 78 1
1 509 38 5 14 92 5647 16340 9 2 140 0.3 31 77 1
1 509 38 5 14 92 5647 16340 10 2 140 0.39 33 76 1
1 509 38 5 14 92 5647 16340 14 2 140 0.5 38 75 1
1 509 38 5 14 92 5647 16340 23 2 140 0.62 38 74 1
1 509 38 5 14 92 5647 16340 11 2 140 0.2 27 73 1
1 509 38 5 14 92 5647 16340 19 2 140 0.48 35 72 1
1 509 38 5 14 92 5647 16340 11 2 140 0.2 28 71 1
1 509 38 5 14 92 5647 16340 12 1 140 0.36 33 70 1
1 509 38 5 14 92 5647 16340 11 1 140 0.21 27 69 1
1 509 38 5 14 92 5647 16340 10 1 140 0.34 32 68 1
1 509 38 5 14 92 5647 16340 12 1 140 0.28 31 67 1
1 509 38 5 14 92 5647 16340 11 1 140 0.36 32 66 1
1 509 38 5 14 92 5647 16340 21 1 140 0.57 38 65 1
1 509 38 5 14 92 5647 16340 9 1 140 0.17 26 64 1
1 509 38 5 14 92 5647 16340 11 1 140 0.22 29 63 1
1 509 38 5 14 92 5647 16340 11 1 140 0.24 29 62 1
1 509 38 5 14 92 5647 16340 17 1 140 0.48 36 61 1
1 514 28 7 26 92 5808 16540 20 2 140 0.65 38 120 1
1 514 28 7 26 92 5808 16540 17 2 140 0.55 38 119 1
1 514 28 7 26 92 5808 16540 15 2 140 0.65 39 118 1
1 514 28 7 26 92 5808 16540 9 2 140 0.15 24 117 1
1 514 28 7 26 92 5808 16540 8 1 140 0.1 23 116 1
1 514 28 7 26 92 5808 16540 7 1 140 0.1 22 115 1
1 514 28 7 26 92 5808 16540 8 1 140 0.1 20 114 1
1 514 28 7 26 92 5808 16540 16 1 140 0.4 34 113 1
1 514 28 7 26 92 5808 16540 12 1 140 0.35 33 112 1
1 514 28 7 26 92 5808 16540 22 1 140 0.45 35 111 1
1 513 36 8 11 92 5756 16537 11 2 140 0.2 27 165 1
1 513 36 8 11 92 5756 16537 9 2 140 0.15 24 164 1
1 513 36 8 11 92 5756 16537 7 2 140 0.15 24 163 1
1 513 36 8 11 92 5756 16537 9 2 140 0.15 23 162 1
1 513 36 8 11 92 5756 16537 10 2 140 0.2 27 161 1
1 513 39 8 25 92 5759 16838 10 2 140 0.17 24 140 1
1 513 39 8 25 92 5759 16838 9 2 140 0.2 25 139 1
1 513 39 8 25 92 5759 16838 9 2 140 0.21 26 138 1
1 513 39 8 25 92 5759 16838 21 2 140 0.68 39 137 1
1 513 39 8 25 92 5759 16838 9 2 140 0.2 26 136 1
1 513 39 8 25 92 5759 16838 8 2 140 0.18 25 135 1
1 513 39 8 25 92 5759 16838 9 2 140 0.21 26 134 1
1 513 39 8 25 92 5759 16838 -9 1 140 0.11 23 133 1
1 513 39 8 25 92 5759 16838 7 1 140 0.2 25 132 1
1 513 39 8 25 92 5759 16838 9 1 140 0.18 25 131 1
1 514 18 5 14 92 5821 15946 -9 2 140 0.26 31 20 1
1 514 18 5 14 92 5821 15946 -9 2 140 0.4 33 19 1
1 514 18 5 14 92 5821 15946 -9 2 140 0.5 36 18 1
1 514 18 5 14 92 5821 15946 -9 2 140 0.28 30 17 1
1 514 18 5 14 92 5821 15946 -9 2 140 0.33 32 16 1
1 514 18 5 14 92 5821 15946 -9 1 140 0.16 24 15 1
1 514 18 5 14 92 5821 15946 -9 1 140 0.15 24 14 1
1 514 18 5 14 92 5821 15946 -9 1 140 0.3 30 13 1
1 514 18 5 14 92 5821 15946 -9 1 140 0.15 25 12 1
1 514 18 5 14 92 5821 15946 -9 1 140 0.25 28 11 1
1 514 6 5 18 92 5835 15823 -9 2 140 0.2 26 40 1
1 514 6 5 18 92 5835 15823 -9 2 140 0.26 28 39 1
1 514 6 5 18 92 5835 15823 -9 2 140 0.34 31 38 1
1 514 6 5 18 92 5835 15823 -9 2 140 0.38 33 37 1
1 514 6 5 18 92 5835 15823 -9 2 140 0.53 35 36 1
1 514 6 5 18 92 5835 15823 -9 1 140 0.24 28 35 1
1 514 6 5 18 92 5835 15823 -9 1 140 0.26 29 34 1
1 514 6 5 18 92 5835 15823 -9 1 140 0.26 29 33 1
1 514 6 5 18 92 5835 15823 -9 1 140 0.12 23 32 1
1 514 6 5 18 92 5835 15823 -9 1 140 0.34 30 31 1
1 513 40 9 13 92 5744 16823 9 2 140 0.27 28 359 1
1 513 40 9 13 92 5744 16823 9 2 140 0.2 24 358 1
1 513 40 9 13 92 5744 16823 11 2 140 0.32 29 357 1
1 513 40 9 13 92 5744 16823 11 2 140 0.26 27 356 1
1 513 40 9 13 92 5744 16823 16 2 140 0.45 35 355 1
1 513 40 9 13 92 5744 16823 24 2 140 0.55 36 354 1
1 513 40 9 13 92 5744 16823 9 2 140 0.22 26 353 1
1 513 40 9 13 92 5744 16823 11 2 140 0.26 28 352 1
1 513 40 9 13 92 5744 16823 9 2 140 0.3 29 351 1
1 513 40 9 13 92 5744 16823 11 2 140 0.36 31 350 1
1 513 40 9 13 92 5744 16823 17 1 140 0.31 30 349 1
1 513 40 9 13 92 5744 16823 9 1 140 0.2 25 348 1
1 513 40 9 13 92 5744 16823 9 1 140 0.16 25 347 1
1 513 40 9 13 92 5744 16823 19 1 140 0.45 34 346 1
1 513 40 9 13 92 5744 16823 24 1 140 0.39 32 345 1
1 513 40 9 13 92 5744 16823 11 1 140 0.19 27 344 1
1 513 40 9 13 92 5744 16823 9 1 140 0.24 26 343 1
1 513 40 9 13 92 5744 16823 14 1 140 0.36 32 342 1
1 513 40 9 13 92 5744 16823 9 1 140 0.29 28 341 1
1 513 40 9 13 92 5744 16823 29 1 140 0.44 34 340 1
1 513 38 9 26 92 5753 16607 10 2 140 0.14 24 225 1
1 513 38 9 26 92 5753 16607 6 2 140 0.1 21 224 1
1 513 38 9 26 92 5753 16607 9 1 140 0.1 23 223 1
1 513 38 9 26 92 5753 16607 9 1 140 0.12 24 222 1
1 513 38 9 26 92 5753 16607 9 1 140 0.13 23 221 1
1 514 39 10 3 92 5808 16831 18 2 140 0.65 38 249 1
1 514 39 10 3 92 5808 16831 14 1 140 0.4 35 243 1
1 514 25 6 1 92 5858 16840 20 2 140 0.61 35 80 1
1 514 25 6 1 92 5858 16840 16 2 140 0.66 37 79 1
1 514 25 6 1 92 5858 16840 11 2 140 0.31 29 78 1
1 514 25 6 1 92 5858 16840 11 2 140 0.51 34 77 1
1 514 25 6 1 92 5858 16840 15 2 140 0.71 37 76 1
1 514 25 6 1 92 5858 16840 8 2 140 0.18 26 75 1
1 514 25 6 1 92 5858 16840 18 2 140 0.91 39 74 1
1 514 25 6 1 92 5858 16840 11 2 140 0.25 28 73 1
1 514 25 6 1 92 5858 16840 11 2 140 0.23 26 72 1
1 514 25 6 1 92 5858 16840 12 2 140 0.56 35 71 1
1 514 25 6 1 92 5858 16840 10 1 140 0.41 32 70 1
1 514 25 6 1 92 5858 16840 9 1 140 0.26 29 69 1
1 514 25 6 1 92 5858 16840 10 1 140 0.4 33 68 1
1 514 25 6 1 92 5858 16840 11 1 140 0.25 28 67 1
1 514 25 6 1 92 5858 16840 9 1 140 0.17 25 66 1
1 514 25 6 1 92 5858 16840 27 1 140 0.43 32 65 1
1 514 25 6 1 92 5858 16840 11 1 140 0.29 29 64 1
1 514 25 6 1 92 5858 16840 8 1 140 0.29 30 63 1
1 514 25 6 1 92 5858 16840 9 1 140 0.29 28 62 1
1 514 25 6 1 92 5858 16840 11 1 140 0.31 32 61 1
1 514 38 7 21 92 5810 16726 11 2 140 0.25 29 90 1
1 514 38 7 21 92 5810 16726 17 2 140 0.45 37 89 1
1 514 38 7 21 92 5810 16726 15 2 140 0.35 33 88 1
1 514 38 7 21 92 5810 16726 9 2 140 0.25 30 87 1
1 514 38 7 21 92 5810 16726 9 2 140 0.15 25 86 1
1 514 38 7 21 92 5810 16726 16 2 140 0.5 37 85 1
1 514 38 7 21 92 5810 16726 7 2 140 0.1 21 84 1
1 514 38 7 21 92 5810 16726 9 2 140 0.3 32 83 1
1 514 38 7 21 92 5810 16726 12 2 140 0.25 31 82 1
1 514 38 7 21 92 5810 16726 11 1 140 0.15 23 81 1
1 514 38 7 21 92 5810 16726 12 1 140 0.3 30 80 1
1 514 38 7 21 92 5810 16726 9 1 140 0.1 23 79 1
1 514 38 7 21 92 5810 16726 9 1 140 0.2 28 78 1
1 514 38 7 21 92 5810 16726 9 1 140 0.1 24 77 1
1 514 38 7 21 92 5810 16726 9 1 140 0.15 25 76 1
1 514 38 7 21 92 5810 16726 8 1 140 0.15 25 75 1
1 514 38 7 21 92 5810 16726 9 1 140 0.15 25 74 1
1 514 38 7 21 92 5810 16726 11 1 140 0.25 28 73 1
1 514 38 7 21 92 5810 16726 16 1 140 0.45 35 72 1
1 514 38 7 21 92 5810 16726 9 1 140 0.15 24 71 1
1 514 38 8 29 92 5826 16921 11 2 140 0.29 28 300 1
1 514 38 8 29 92 5826 16921 9 2 140 0.29 29 299 1
1 514 38 8 29 92 5826 16921 9 2 140 0.24 26 298 1
1 514 38 8 29 92 5826 16921 8 2 140 0.2 26 297 1
1 514 38 8 29 92 5826 16921 20 2 140 0.55 37 296 1
1 514 38 8 29 92 5826 16921 18 2 140 0.58 38 295 1
1 514 38 8 29 92 5826 16921 21 2 140 0.4 33 294 1
1 514 38 8 29 92 5826 16921 21 2 140 0.59 37 293 1
1 514 38 8 29 92 5826 16921 15 2 140 0.41 33 292 1
1 514 38 8 29 92 5826 16921 18 2 140 0.56 36 291 1
1 514 38 8 29 92 5826 16921 11 1 140 0.32 29 290 1
1 514 38 8 29 92 5826 16921 14 1 140 0.26 29 289 1
1 514 38 8 29 92 5826 16921 21 1 140 0.41 34 288 1
1 514 38 8 29 92 5826 16921 21 1 140 0.36 30 287 1
1 514 38 8 29 92 5826 16921 30 1 140 0.49 37 286 1
1 514 38 8 29 92 5826 16921 11 1 140 0.31 29 285 1
1 514 38 8 29 92 5826 16921 9 1 140 0.24 28 284 1
1 514 38 8 29 92 5826 16921 12 1 140 0.4 32 283 1
1 514 38 8 29 92 5826 16921 13 1 140 0.39 31 282 1
1 514 38 8 29 92 5826 16921 11 1 140 0.3 30 281 1
1 514 35 8 28 92 5815 16814 8 2 140 0.13 23 150 1
1 514 35 8 28 92 5815 16814 9 2 140 0.14 23 149 1
1 514 35 8 28 92 5815 16814 8 2 140 0.12 23 148 1
1 514 35 8 28 92 5815 16814 11 2 140 0.16 24 147 1
1 514 35 8 28 92 5815 16814 9 2 140 0.13 23 146 1
1 514 35 8 28 92 5815 16814 9 2 140 0.2 26 145 1
1 514 35 8 28 92 5815 16814 9 2 140 0.15 24 144 1
1 514 35 8 28 92 5815 16814 9 2 140 0.18 24 143 1
1 514 35 8 28 92 5815 16814 18 1 140 0.47 35 142 1
1 514 35 8 28 92 5815 16814 8 1 140 0.21 25 141 1
1 509 39 5 15 92 5643 16351 10 2 140 0.21 27 100 1
1 509 39 5 15 92 5643 16351 10 2 140 0.34 30 99 1
1 509 39 5 15 92 5643 16351 11 2 140 0.21 27 98 1
1 509 39 5 15 92 5643 16351 23 2 140 0.56 37 97 1
1 509 39 5 15 92 5643 16351 22 2 140 0.47 35 96 1
1 509 39 5 15 92 5643 16351 11 2 140 0.21 27 95 1
1 509 39 5 15 92 5643 16351 11 2 140 0.22 29 94 1
1 509 39 5 15 92 5643 16351 11 2 140 0.23 30 93 1
1 509 39 5 15 92 5643 16351 13 2 140 0.29 31 92 1
1 509 39 5 15 92 5643 16351 14 2 140 0.26 29 91 1
1 509 39 5 15 92 5643 16351 9 1 140 0.14 24 90 1
1 509 39 5 15 92 5643 16351 9 1 140 0.12 24 89 1
1 509 39 5 15 92 5643 16351 12 1 140 0.32 33 88 1
1 509 39 5 15 92 5643 16351 11 1 140 0.41 34 87 1
1 509 39 5 15 92 5643 16351 18 1 140 0.42 35 86 1
1 509 39 5 15 92 5643 16351 12 1 140 0.17 25 85 1
1 509 39 5 15 92 5643 16351 9 1 140 0.21 28 84 1
1 509 39 5 15 92 5643 16351 11 1 140 0.2 27 83 1
1 509 39 5 15 92 5643 16351 8 1 140 0.18 26 82 1
1 509 39 5 15 92 5643 16351 15 1 140 0.3 31 81 1
1 514 37 7 24 92 5801 16747 25 2 140 0.48 32 40 1
1 514 37 7 24 92 5801 16747 19 2 140 0.47 35 39 1
1 514 37 7 24 92 5801 16747 17 2 140 0.46 34 38 1
1 514 37 7 24 92 5801 16747 -9 2 140 0.58 36 37 1
1 514 37 7 24 92 5801 16747 17 2 140 0.45 34 36 1
1 514 37 7 24 92 5801 16747 11 1 140 0.34 29 35 1
1 514 37 7 24 92 5801 16747 11 1 140 0.39 30 34 1
1 514 37 7 24 92 5801 16747 23 1 140 0.49 32 33 1
1 514 37 7 24 92 5801 16747 11 1 140 0.31 29 32 1
1 514 37 7 24 92 5801 16747 11 1 140 0.4 32 31 1
1 509 31 5 2 92 5708 16320 -9 1 140 0.25 29 240 1
1 509 31 5 2 92 5708 16320 -9 2 140 0.3 30 239 1
1 509 31 5 2 92 5708 16320 -9 2 140 0.15 25 238 1
1 509 31 5 2 92 5708 16320 -9 1 140 0.2 29 237 1
1 509 31 5 2 92 5708 16320 -9 1 140 0.3 31 236 1
1 509 31 5 2 92 5708 16320 -9 1 140 0.3 31 235 1
1 509 31 5 2 92 5708 16320 -9 1 140 0.15 27 234 1
1 509 31 5 2 92 5708 16320 -9 1 140 0.2 29 233 1
1 509 31 5 2 92 5708 16320 -9 2 140 0.15 26 232 1
1 509 31 5 2 92 5708 16320 -9 2 140 0.15 24 231 1
1 509 31 5 2 92 5708 16320 -9 2 140 0.25 28 230 1
1 509 31 5 2 92 5708 16320 -9 1 140 0.3 32 229 1
1 509 31 5 2 92 5708 16320 -9 2 140 0.75 42 228 1
1 509 31 5 2 92 5708 16320 -9 1 140 0.4 33 227 1
1 509 31 5 2 92 5708 16320 -9 2 140 0.15 27 226 1
1 509 31 5 2 92 5708 16320 -9 1 140 0.25 30 225 1
1 509 31 5 2 92 5708 16320 -9 2 140 0.5 35 224 1
1 509 31 5 2 92 5708 16320 -9 1 140 0.35 32 223 1
1 509 31 5 2 92 5708 16320 -9 2 140 0.45 35 222 1
1 509 31 5 2 92 5708 16320 -9 1 140 0.15 26 221 1
1 514 37 7 23 92 5812 16800 -9 2 140 0.52 35 30 1
1 514 37 7 23 92 5812 16800 18 2 140 0.47 35 29 1
1 514 37 7 23 92 5812 16800 13 2 140 0.4 32 28 1
1 514 37 7 23 92 5812 16800 23 2 140 0.48 35 27 1
1 514 37 7 23 92 5812 16800 13 2 140 0.42 32 26 1
1 514 37 7 23 92 5812 16800 12 1 140 0.4 31 25 1
1 514 37 7 23 92 5812 16800 20 1 140 0.45 33 24 1
1 514 37 7 23 92 5812 16800 9 1 140 0.3 30 23 1
1 514 37 7 23 92 5812 16800 11 1 140 0.3 30 22 1
1 514 37 7 23 92 5812 16800 -9 1 140 0.37 31 21 1
1 514 8 6 8 92 5836 15931 -9 1 140 0.7 33 220 1
1 514 8 6 8 92 5836 15931 -9 1 140 0.65 30 219 1
1 514 8 6 8 92 5836 15931 -9 1 140 0.65 32 218 1
1 514 8 6 8 92 5836 15931 -9 1 140 0.65 31 217 1
1 514 8 6 8 92 5836 15931 -9 1 140 0.55 29 216 1
1 514 8 6 8 92 5836 15931 -9 1 140 0.5 28 215 1
1 514 8 6 8 92 5836 15931 -9 1 140 0.4 24 214 1
1 514 8 6 8 92 5836 15931 -9 1 140 0.55 30 213 1
1 514 8 6 8 92 5836 15931 -9 1 140 0.45 28 212 1
1 514 8 6 8 92 5836 15931 -9 1 140 0.6 31 211 1
1 514 8 6 8 92 5836 15931 -9 2 140 0.65 31 210 1
1 514 8 6 8 92 5836 15931 -9 2 140 0.65 32 209 1
1 514 8 6 8 92 5836 15931 -9 2 140 0.6 31 208 1
1 514 8 6 8 92 5836 15931 -9 2 140 0.7 33 207 1
1 514 8 6 8 92 5836 15931 -9 2 140 0.6 30 206 1
1 514 8 6 8 92 5836 15931 -9 2 140 0.7 35 205 1
1 514 8 6 8 92 5836 15931 -9 2 140 0.65 33 204 1
1 514 8 6 8 92 5836 15931 -9 2 140 0.5 30 203 1
1 514 8 6 8 92 5836 15931 -9 2 140 0.7 32 202 1
1 514 8 6 8 92 5836 15931 -9 2 140 0.95 35 201 1
1 514 13 5 14 92 5814 15945 9 1 140 0.14 25 263 1
1 514 13 5 14 92 5814 15945 9 1 140 0.15 26 262 1
1 514 13 5 14 92 5814 15945 14 1 140 0.3 32 261 1
1 514 13 5 14 92 5814 15945 6 2 140 0.06 19 260 1
1 514 13 5 14 92 5814 15945 11 2 140 0.26 29 259 1
1 514 13 5 14 92 5814 15945 5 2 140 0.05 18 258 1
1 514 13 5 14 92 5814 15945 17 1 140 0.36 32 257 1
1 514 13 5 14 92 5814 15945 5 2 140 0.02 13 256 1
1 514 13 5 14 92 5814 15945 19 1 140 0.26 31 255 1
1 514 13 5 14 92 5814 15945 6 1 140 0.04 16 254 1
1 514 13 5 14 92 5814 15945 9 2 140 0.14 25 253 1
1 514 13 5 14 92 5814 15945 12 1 140 0.16 25 252 1
1 514 13 5 14 92 5814 15945 14 2 140 0.25 30 251 1
1 514 13 5 14 92 5814 15945 8 2 140 0.13 23 270 1
1 514 13 5 14 92 5814 15945 14 1 140 0.29 32 269 1
1 514 13 5 14 92 5814 15945 10 2 140 0.21 28 268 1
1 514 13 5 14 92 5814 15945 9 2 140 0.14 23 267 1
1 514 13 5 14 92 5814 15945 18 1 140 0.25 29 266 1
1 514 13 5 14 92 5814 15945 11 1 140 0.24 28 265 1
1 514 13 5 14 92 5814 15945 11 1 140 0.21 28 264 1
1 514 11 5 15 92 5820 15929 11 2 140 0.15 25 220 1
1 514 11 5 15 92 5820 15929 13 1 140 0.24 29 219 1
1 514 11 5 15 92 5820 15929 11 2 140 0.14 26 218 1
1 514 11 5 15 92 5820 15929 8 1 140 0.18 27 217 1
1 514 11 5 15 92 5820 15929 6 2 140 0.13 23 216 1
1 514 11 5 15 92 5820 15929 6 1 140 0.06 20 215 1
1 514 11 5 15 92 5820 15929 8 2 140 0.14 25 214 1
1 514 11 5 15 92 5820 15929 11 1 140 0.17 27 213 1
1 514 11 5 15 92 5820 15929 8 2 140 0.16 25 212 1
1 514 11 5 15 92 5820 15929 6 2 140 0.07 19 211 1
1 514 11 5 15 92 5820 15929 6 1 140 0.03 17 210 1
1 514 11 5 15 92 5820 15929 5 2 140 0.05 18 209 1
1 514 11 5 15 92 5820 15929 6 1 140 0.11 22 208 1
1 514 11 5 15 92 5820 15929 5 2 140 0.03 15 207 1
1 514 11 5 15 92 5820 15929 9 1 140 0.16 26 206 1
1 514 11 5 15 92 5820 15929 7 2 140 0.08 23 205 1
1 514 11 5 15 92 5820 15929 11 1 140 0.16 26 204 1
1 514 11 5 15 92 5820 15929 6 2 140 0.06 20 203 1
1 514 11 5 15 92 5820 15929 12 2 140 0.2 26 202 1
1 514 11 5 15 92 5820 15929 11 2 140 0.15 28 201 1
1 521 51 6 3 92 5818 17112 7 2 140 0.07 20 240 1
1 521 51 6 3 92 5818 17112 14 1 140 0.14 24 238 1
1 521 51 6 3 92 5818 17112 8 2 140 0.11 22 237 1
1 521 51 6 3 92 5818 17112 9 1 140 0.16 24 236 1
1 521 51 6 3 92 5818 17112 6 2 140 0.09 22 235 1
1 521 51 6 3 92 5818 17112 11 1 140 0.4 35 233 1
1 521 51 6 3 92 5818 17112 9 2 140 0.08 22 231 1
1 509 39 5 12 92 5652 16349 12 2 140 0.21 28 40 1
1 509 39 5 12 92 5652 16349 11 2 140 0.15 25 39 1
1 509 39 5 12 92 5652 16349 17 2 140 0.41 33 38 1
1 509 39 5 12 92 5652 16349 11 2 140 0.22 29 37 1
1 509 39 5 12 92 5652 16349 11 2 140 0.35 32 36 1
1 509 39 5 12 92 5652 16349 14 2 140 0.34 32 35 1
1 509 39 5 12 92 5652 16349 9 2 140 0.18 26 34 1
1 509 39 5 12 92 5652 16349 23 2 140 0.26 30 33 1
1 509 39 5 12 92 5652 16349 8 2 140 0.13 24 32 1
1 509 39 5 12 92 5652 16349 11 2 140 0.27 30 31 1
1 509 39 5 12 92 5652 16349 11 1 140 0.24 29 30 1
1 509 39 5 12 92 5652 16349 9 1 140 0.13 24 29 1
1 509 39 5 12 92 5652 16349 9 1 140 0.23 28 28 1
1 509 39 5 12 92 5652 16349 11 1 140 0.37 32 27 1
1 509 39 5 12 92 5652 16349 11 1 140 0.16 26 26 1
1 509 39 5 12 92 5652 16349 11 1 140 0.2 27 25 1
1 509 39 5 12 92 5652 16349 9 1 140 0.16 26 24 1
1 509 39 5 12 92 5652 16349 13 1 140 0.18 27 23 1
1 509 39 5 12 92 5652 16349 11 1 140 0.24 30 22 1
1 509 39 5 12 92 5652 16349 9 1 140 0.21 29 21 1
1 513 39 8 21 92 5745 16846 9 2 140 0.16 24 130 1
1 513 39 8 21 92 5745 16846 18 2 140 0.7 39 129 1
1 513 39 8 21 92 5745 16846 8 2 140 0.21 26 128 1
1 513 39 8 21 92 5745 16846 9 2 140 0.21 25 127 1
1 513 39 8 21 92 5745 16846 9 1 140 0.13 24 126 1
1 513 39 8 21 92 5745 16846 11 1 140 0.26 27 125 1
1 513 39 8 21 92 5745 16846 9 1 140 0.22 26 124 1
1 513 39 8 21 92 5745 16846 11 1 140 0.22 27 123 1
1 513 39 8 21 92 5745 16846 11 1 140 0.25 27 122 1
1 513 39 8 21 92 5745 16846 11 1 140 0.24 27 121 1
1 514 34 9 25 92 5811 16730 10 2 140 0.15 24 335 1
1 514 34 9 25 92 5811 16730 14 1 140 0.45 35 334 1
1 514 34 9 25 92 5811 16730 9 1 140 0.1 22 333 1
1 513 39 10 11 92 5728 16623 18 2 140 0.75 38 270 1
1 513 39 10 11 92 5728 16623 10 2 140 0.1 21 269 1
1 514 39 8 30 92 5809 16921 8 1 140 0.13 23 314 1
1 514 39 8 30 92 5809 16921 13 1 140 0.35 31 313 1
1 514 39 8 30 92 5809 16921 11 1 140 0.2 25 312 1
1 514 39 8 30 92 5809 16921 12 1 140 0.34 31 311 1
1 514 39 8 30 92 5809 16921 11 2 140 0.31 30 310 1
1 514 39 8 30 92 5809 16921 11 2 140 0.32 30 309 1
1 514 39 8 30 92 5809 16921 9 2 140 0.36 30 308 1
1 514 39 8 30 92 5809 16921 9 2 140 0.26 27 307 1
1 514 39 8 30 92 5809 16921 11 2 140 0.19 26 306 1
1 514 39 8 30 92 5809 16921 18 2 140 0.34 31 305 1
1 514 39 8 30 92 5809 16921 8 2 140 0.2 26 304 1
1 514 39 8 30 92 5809 16921 9 2 140 0.25 29 303 1
1 514 39 8 30 92 5809 16921 13 2 140 0.39 31 302 1
1 514 39 8 30 92 5809 16921 12 2 140 0.36 31 301 1
1 514 32 9 7 92 5823 16740 8 2 140 0.14 23 319 1
1 514 32 9 7 92 5823 16740 11 2 140 0.2 27 318 1
1 514 32 9 7 92 5823 16740 24 2 140 0.45 35 317 1
1 514 32 9 7 92 5823 16740 11 2 140 0.26 28 316 1
1 514 32 9 7 92 5823 16740 -9 2 140 0.48 36 315 1
1 514 32 9 7 92 5823 16740 11 2 140 0.33 31 314 1
1 514 32 9 7 92 5823 16740 9 2 140 0.18 25 313 1
1 514 32 9 7 92 5823 16740 8 2 140 0.14 23 312 1
1 514 32 9 7 92 5823 16740 11 2 140 0.33 31 311 1
1 514 32 9 7 92 5823 16740 18 2 140 0.38 32 310 1
1 514 32 9 7 92 5823 16740 11 1 140 0.21 26 309 1
1 514 32 9 7 92 5823 16740 12 1 140 0.26 29 308 1
1 514 32 9 7 92 5823 16740 11 1 140 0.32 30 307 1
1 514 32 9 7 92 5823 16740 13 1 140 0.33 31 306 1
1 514 32 9 7 92 5823 16740 13 1 140 0.43 33 305 1
1 514 32 9 7 92 5823 16740 15 1 140 0.3 31 304 1
1 514 32 9 7 92 5823 16740 20 1 140 0.4 35 303 1
1 514 32 9 7 92 5823 16740 14 1 140 0.25 28 302 1
1 514 32 9 7 92 5823 16740 9 1 140 0.16 25 301 1
1 514 32 9 7 92 5823 16740 6 1 140 0.24 28 300 1
1 513 41 9 16 92 5731 16756 11 1 140 0.28 29 381 1
1 513 41 9 16 92 5731 16756 9 1 140 0.2 25 380 1
1 513 41 9 16 92 5731 16756 12 2 140 0.35 32 399 1
1 513 41 9 16 92 5731 16756 7 2 140 0.27 28 398 1
1 513 41 9 16 92 5731 16756 17 2 140 0.39 33 397 1
1 513 41 9 16 92 5731 16756 9 2 140 0.32 30 396 1
1 513 41 9 16 92 5731 16756 20 2 140 0.43 32 395 1
1 513 41 9 16 92 5731 16756 17 2 140 0.39 33 394 1
1 513 41 9 16 92 5731 16756 9 2 140 0.31 29 393 1
1 513 41 9 16 92 5731 16756 11 2 140 0.4 33 392 1
1 513 41 9 16 92 5731 16756 19 2 140 0.43 34 391 1
1 513 41 9 16 92 5731 16756 11 2 140 0.33 30 390 1
1 513 41 9 16 92 5731 16756 9 1 140 0.18 26 389 1
1 513 41 9 16 92 5731 16756 9 1 140 0.19 26 388 1
1 513 41 9 16 92 5731 16756 20 1 140 0.37 33 387 1
1 513 41 9 16 92 5731 16756 16 1 140 0.34 32 386 1
1 513 41 9 16 92 5731 16756 11 1 140 0.26 27 385 1
1 513 41 9 16 92 5731 16756 17 1 140 0.36 32 384 1
1 513 41 9 16 92 5731 16756 11 1 140 0.18 26 383 1
1 513 41 9 16 92 5731 16756 10 1 140 0.24 27 382 1
1 513 37 9 20 92 5738 16726 9 2 140 0.17 25 220 1
1 513 37 9 20 92 5738 16726 9 2 140 0.21 26 219 1
1 513 37 9 20 92 5738 16726 9 2 140 0.3 30 218 1
1 513 37 9 20 92 5738 16726 9 2 140 0.23 26 217 1
1 513 37 9 20 92 5738 16726 8 2 140 0.12 22 216 1
1 513 37 9 20 92 5738 16726 11 2 140 0.34 30 215 1
1 513 37 9 20 92 5738 16726 13 2 140 0.41 32 214 1
1 513 37 9 20 92 5738 16726 8 2 140 0.19 25 213 1
1 513 37 9 20 92 5738 16726 17 2 140 0.4 33 212 1
1 513 37 9 20 92 5738 16726 9 2 140 0.22 27 211 1
1 513 37 9 20 92 5738 16726 18 1 140 0.42 34 209 1
1 513 37 9 20 92 5738 16726 9 1 140 0.17 24 208 1
1 513 37 9 20 92 5738 16726 16 1 140 0.4 33 207 1
1 513 37 9 20 92 5738 16726 8 1 140 0.1 22 206 1
1 513 37 9 20 92 5738 16726 26 1 140 0.36 32 205 1
1 513 37 9 20 92 5738 16726 9 1 140 0.12 22 204 1
1 513 37 9 20 92 5738 16726 8 1 140 0.13 23 203 1
1 513 37 9 20 92 5738 16726 18 1 140 0.44 35 202 1
1 513 37 9 20 92 5738 16726 8 1 140 0.13 23 201 1
1 509 37 5 9 92 5651 16347 -9 2 140 0.25 31 300 1
1 509 37 5 9 92 5651 16347 -9 2 140 0.3 30 299 1
1 509 37 5 9 92 5651 16347 -9 1 140 0.5 35 298 1
1 509 37 5 9 92 5651 16347 -9 2 140 0.8 37 297 1
1 509 37 5 9 92 5651 16347 -9 1 140 0.15 25 296 1
1 509 37 5 9 92 5651 16347 -9 1 140 0.35 32 295 1
1 509 37 5 9 92 5651 16347 -9 1 140 0.15 26 294 1
1 509 37 5 9 92 5651 16347 -9 2 140 0.55 36 293 1
1 509 37 5 9 92 5651 16347 -9 1 140 0.4 34 292 1
1 509 37 5 9 92 5651 16347 -9 2 140 0.35 33 291 1
1 513 39 10 31 92 5750 16828 9 1 140 0.15 23 336 1
1 514 25 5 31 92 5857 16832 11 2 140 0.45 34 60 1
1 514 25 5 31 92 5857 16832 12 2 140 0.56 35 59 1
1 514 25 5 31 92 5857 16832 11 2 140 0.25 28 58 1
1 514 25 5 31 92 5857 16832 9 2 140 0.2 27 57 1
1 514 25 5 31 92 5857 16832 12 2 140 0.58 35 56 1
1 514 25 5 31 92 5857 16832 10 2 140 0.21 26 55 1
1 514 25 5 31 92 5857 16832 18 2 140 0.61 36 54 1
1 514 25 5 31 92 5857 16832 12 2 140 0.35 32 53 1
1 514 25 5 31 92 5857 16832 9 2 140 0.38 32 52 1
1 514 25 5 31 92 5857 16832 13 2 140 0.66 37 51 1
1 514 25 5 31 92 5857 16832 9 1 140 0.19 27 50 1
1 514 25 5 31 92 5857 16832 12 1 140 0.39 34 49 1
1 514 25 5 31 92 5857 16832 8 1 140 0.25 28 48 1
1 514 25 5 31 92 5857 16832 10 1 140 0.29 29 47 1
1 514 25 5 31 92 5857 16832 11 1 140 0.29 30 46 1
1 514 25 5 31 92 5857 16832 12 1 140 0.27 29 45 1
1 514 25 5 31 92 5857 16832 11 1 140 0.36 31 44 1
1 514 25 5 31 92 5857 16832 9 1 140 0.26 28 43 1
1 514 25 5 31 92 5857 16832 10 1 140 0.21 26 42 1
1 514 25 5 31 92 5857 16832 10 1 140 0.32 31 41 1
