1 514 0 8 6 86 5808 16307 11 1 140 0.14 26 78 0
1 514 0 8 6 86 5808 16307 7 1 140 0.05 20 77 0
1 514 0 8 6 86 5808 16307 20 1 140 0.26 31 76 0
1 514 0 8 6 86 5808 16307 17 1 140 0.12 25 75 0
1 514 0 8 6 86 5808 16307 11 1 140 0.13 26 74 0
1 514 0 8 6 86 5808 16307 11 2 140 0.18 29 62 0
1 514 0 8 6 86 5808 16307 8 2 140 0.16 25 66 0
1 514 0 8 6 86 5808 16307 17 1 140 0.46 34 70 0
1 514 0 8 6 86 5808 16307 17 1 140 0.44 36 73 0
1 514 0 8 6 86 5808 16307 19 1 140 0.38 35 72 0
1 514 0 8 6 86 5808 16307 11 1 140 0.12 24 71 0
1 514 0 8 6 86 5808 16307 8 1 140 0.09 24 69 0
1 514 0 8 6 86 5808 16307 19 1 140 0.3 33 68 0
1 514 0 8 6 86 5808 16307 6 2 140 0.03 16 67 0
1 514 0 8 6 86 5808 16307 15 2 140 0.33 30 65 0
1 514 0 8 6 86 5808 16307 10 2 140 0.26 29 64 0
1 514 0 8 6 86 5808 16307 15 2 140 0.36 34 63 0
1 514 0 8 6 86 5808 16307 6 2 140 0.07 19 61 0
1 514 0 8 6 86 5808 16307 17 2 140 0.25 32 60 0
1 514 0 8 6 86 5808 16307 10 2 140 0.21 28 59 0
1 534 0 8 13 86 5801 16547 7 2 140 0.14 23 176 0
1 534 0 8 13 86 5801 16547 7 1 140 0.08 22 175 0
1 534 0 8 13 86 5801 16547 19 1 140 0.4 33 174 0
1 514 44 8 2 86 5811 16536 11 2 140 0.24 29 19 0
1 514 44 8 2 86 5811 16536 18 2 140 0.41 36 18 0
1 514 44 8 2 86 5811 16536 15 2 140 0.32 31 17 0
1 514 44 8 2 86 5811 16536 19 1 140 0.3 33 15 0
1 514 44 8 2 86 5811 16536 18 1 140 0.33 33 14 0
1 514 44 8 2 86 5811 16536 19 1 140 0.43 35 13 0
1 514 44 8 2 86 5811 16536 13 1 140 0.2 29 11 0
1 514 44 8 2 86 5811 16536 19 1 140 0.24 31 10 0
1 514 44 8 2 86 5811 16536 15 1 140 0.19 27 16 0
1 514 44 8 2 86 5811 16536 19 2 140 0.47 37 20 0
1 514 44 8 2 86 5811 16536 21 1 140 0.4 34 9 0
1 514 44 8 2 86 5811 16536 14 1 140 0.27 29 8 0
1 514 44 8 2 86 5811 16536 13 1 140 0.25 31 7 0
1 514 44 8 2 86 5811 16536 12 1 140 0.39 33 6 0
1 514 44 8 2 86 5811 16536 17 1 140 0.35 32 5 0
1 514 44 8 2 86 5811 16536 14 1 140 0.31 32 4 0
1 514 44 8 2 86 5811 16536 16 1 140 0.27 31 3 0
1 514 44 8 2 86 5811 16536 18 1 140 0.36 32 12 0
1 514 44 8 2 86 5811 16536 15 1 140 0.4 34 2 0
1 514 44 8 2 86 5811 16536 14 1 140 0.33 32 1 0
1 517 101 4 1 86 5623 16628 11 1 140 0.27 29 20 0
1 517 101 4 1 86 5623 16628 13 1 140 0.31 30 19 0
1 517 101 4 1 86 5623 16628 16 1 140 0.44 34 18 0
1 517 101 4 1 86 5623 16628 16 1 140 0.25 31 17 0
1 517 101 4 1 86 5623 16628 11 2 140 0.3 29 16 0
1 517 101 4 1 86 5623 16628 12 2 140 0.3 31 15 0
1 517 101 4 1 86 5623 16628 10 2 140 0.37 31 14 0
1 517 101 4 1 86 5623 16628 7 2 140 0.12 24 13 0
1 517 101 4 1 86 5623 16628 9 2 140 0.16 26 12 0
1 517 101 4 1 86 5623 16628 10 2 140 0.15 25 11 0
1 513 64 5 28 86 5734 16531 8 2 140 0.15 23 116 0
1 513 64 5 28 86 5734 16531 7 2 140 0.22 24 115 0
1 513 64 5 28 86 5734 16531 8 2 140 0.25 26 114 0
1 513 64 5 28 86 5734 16531 17 2 140 0.59 34 113 0
1 513 64 5 28 86 5734 16531 7 2 140 0.18 23 112 0
1 513 64 5 28 86 5734 16531 9 2 140 0.21 26 111 0
1 513 64 5 28 86 5734 16531 11 2 140 0.25 27 110 0
1 513 64 5 28 86 5734 16531 10 2 140 0.22 26 109 0
1 513 64 5 28 86 5734 16531 9 2 140 0.25 27 108 0
1 513 64 5 28 86 5734 16531 9 2 140 0.21 25 107 0
1 513 64 5 28 86 5734 16531 10 2 140 0.24 27 106 0
1 513 64 5 28 86 5734 16531 10 2 140 0.19 25 105 0
1 513 64 5 28 86 5734 16531 10 2 140 0.21 26 104 0
1 513 64 5 28 86 5734 16531 10 2 140 0.34 31 103 0
1 513 64 5 28 86 5734 16531 10 2 140 0.18 24 102 0
1 513 64 5 28 86 5734 16531 13 2 140 0.58 36 101 0
1 513 64 5 28 86 5734 16531 10 2 140 0.23 27 100 0
1 513 64 5 28 86 5734 16531 13 2 140 0.41 32 99 0
1 513 64 5 28 86 5734 16531 8 2 140 0.24 26 97 0
1 513 64 5 28 86 5734 16531 11 2 140 0.26 28 96 0
1 513 64 5 28 86 5734 16531 16 2 140 0.25 28 95 0
1 513 64 5 28 86 5734 16531 17 2 140 0.26 28 93 0
1 513 64 5 28 86 5734 16531 9 2 140 0.3 30 92 0
1 513 64 5 28 86 5734 16531 10 2 140 0.3 29 91 0
1 513 64 5 28 86 5734 16531 9 1 140 0.15 23 89 0
1 513 64 5 28 86 5734 16531 10 1 140 0.35 30 78 0
1 513 64 5 28 86 5734 16531 13 1 140 0.4 31 82 0
1 513 64 5 28 86 5734 16531 7 1 140 0.18 24 86 0
1 513 64 5 28 86 5734 16531 16 1 140 0.35 32 90 0
1 513 64 5 28 86 5734 16531 13 2 140 0.29 29 94 0
1 513 64 5 28 86 5734 16531 12 2 140 0.31 30 98 0
1 513 64 5 28 86 5734 16531 10 1 140 0.18 24 88 0
1 513 64 5 28 86 5734 16531 8 1 140 0.22 26 87 0
1 513 64 5 28 86 5734 16531 8 1 140 0.2 26 85 0
1 513 64 5 28 86 5734 16531 8 1 140 0.14 23 84 0
1 513 64 5 28 86 5734 16531 11 1 140 0.34 30 83 0
1 513 64 5 28 86 5734 16531 11 1 140 0.33 31 80 0
1 513 64 5 28 86 5734 16531 10 1 140 0.36 30 79 0
1 513 64 5 28 86 5734 16531 12 1 140 0.35 29 77 0
1 513 64 5 28 86 5734 16531 8 1 140 0.18 24 76 0
1 513 64 5 28 86 5734 16531 9 1 140 0.2 25 75 0
1 513 64 5 28 86 5734 16531 8 1 140 0.19 24 74 0
1 513 64 5 28 86 5734 16531 10 1 140 0.18 24 73 0
1 513 64 5 28 86 5734 16531 6 1 140 0.17 23 72 0
1 513 64 5 28 86 5734 16531 11 1 140 0.33 30 71 0
1 513 64 5 28 86 5734 16531 7 1 140 0.22 25 70 0
1 513 64 5 28 86 5734 16531 9 1 140 0.25 27 69 0
1 513 64 5 28 86 5734 16531 10 1 140 0.38 31 68 0
1 513 64 5 28 86 5734 16531 10 1 140 0.38 31 67 0
1 513 64 5 28 86 5734 16531 8 1 140 0.2 26 66 0
1 513 64 5 28 86 5734 16531 15 1 140 0.2 26 65 0
1 513 64 5 28 86 5734 16531 9 1 140 0.28 27 64 0
1 513 64 5 28 86 5734 16531 16 1 140 0.38 32 63 0
1 513 64 5 28 86 5734 16531 7 1 140 0.15 22 62 0
1 513 64 5 28 86 5734 16531 7 1 140 0.18 25 61 0
1 534 49 8 30 86 5836 16759 17 1 140 0.38 31 79 0
1 534 49 8 30 86 5836 16759 13 2 140 0.46 34 75 0
1 534 49 8 30 86 5836 16759 15 2 140 0.4 33 73 0
1 534 49 8 30 86 5836 16759 11 1 140 0.38 32 77 0
1 534 49 8 30 86 5836 16759 18 2 140 0.74 39 71 0
1 517 90 4 16 86 5626 16541 7 2 140 0.1 23 141 0
1 517 90 4 16 86 5626 16541 8 2 140 0.15 25 140 0
1 517 90 4 16 86 5626 16541 7 2 140 0.15 25 139 0
1 517 90 4 16 86 5626 16541 17 1 140 0.6 36 138 0
1 514 37 7 11 86 5822 15956 16 2 140 0.22 30 170 0
1 514 37 7 11 86 5822 15956 5 2 140 -9 17 169 0
1 514 37 7 11 86 5822 15956 13 2 140 0.36 32 152 0
1 514 37 7 11 86 5822 15956 11 1 140 0.26 29 160 0
1 514 37 7 11 86 5822 15956 7 1 140 0.08 22 165 0
1 514 37 7 11 86 5822 15956 6 2 140 -9 14 168 0
1 514 37 7 11 86 5822 15956 6 1 140 0.08 22 167 0
1 514 37 7 11 86 5822 15956 9 2 140 0.12 24 166 0
1 514 37 7 11 86 5822 15956 16 1 140 0.3 30 164 0
1 514 37 7 11 86 5822 15956 11 2 140 0.3 31 163 0
1 514 37 7 11 86 5822 15956 11 1 140 0.18 27 162 0
1 514 37 7 11 86 5822 15956 10 2 140 0.22 28 161 0
1 514 37 7 11 86 5822 15956 25 2 140 0.36 33 159 0
1 514 37 7 11 86 5822 15956 17 1 140 0.3 31 158 0
1 514 37 7 11 86 5822 15956 7 1 140 0.06 19 157 0
1 514 37 7 11 86 5822 15956 16 2 140 0.2 29 155 0
1 514 37 7 11 86 5822 15956 14 1 140 0.18 27 154 0
1 514 37 7 11 86 5822 15956 5 1 140 -9 16 153 0
1 514 37 7 11 86 5822 15956 11 1 140 0.12 25 151 0
1 514 51 8 3 86 5803 16503 11 2 140 0.31 34 38 0
1 514 51 8 3 86 5803 16503 18 1 140 0.59 36 24 0
1 514 51 8 3 86 5803 16503 9 2 140 0.17 24 28 0
1 514 51 8 3 86 5803 16503 9 2 140 0.15 27 37 0
1 514 51 8 3 86 5803 16503 15 2 140 0.19 29 36 0
1 514 51 8 3 86 5803 16503 15 2 140 0.25 30 35 0
1 514 51 8 3 86 5803 16503 10 2 140 0.3 31 34 0
1 514 51 8 3 86 5803 16503 11 2 140 0.23 31 33 0
1 514 51 8 3 86 5803 16503 14 2 140 0.28 31 32 0
1 514 51 8 3 86 5803 16503 11 2 140 0.31 32 30 0
1 514 51 8 3 86 5803 16503 13 2 140 0.32 33 29 0
1 514 51 8 3 86 5803 16503 17 2 140 0.48 36 27 0
1 514 51 8 3 86 5803 16503 10 2 140 0.35 32 26 0
1 514 51 8 3 86 5803 16503 12 2 140 0.39 35 25 0
1 514 51 8 3 86 5803 16503 12 1 140 0.16 27 23 0
1 514 51 8 3 86 5803 16503 18 1 140 0.29 31 22 0
1 514 51 8 3 86 5803 16503 11 1 140 0.16 26 21 0
1 514 0 8 4 86 5809 16520 12 2 140 0.35 37 57 0
1 514 0 8 4 86 5809 16520 18 2 140 0.37 35 56 0
1 514 0 8 4 86 5809 16520 17 2 140 0.46 35 55 0
1 514 0 8 4 86 5809 16520 12 2 140 0.33 34 50 0
1 514 0 8 4 86 5809 16520 10 2 140 0.14 26 53 0
1 514 0 8 4 86 5809 16520 19 2 140 0.55 39 52 0
1 514 0 8 4 86 5809 16520 12 2 140 0.32 33 51 0
1 514 0 8 4 86 5809 16520 17 2 140 0.31 32 49 0
1 514 0 8 4 86 5809 16520 16 2 140 0.47 34 48 0
1 514 0 8 4 86 5809 16520 18 2 140 0.51 36 47 0
1 514 0 8 4 86 5809 16520 18 2 140 0.31 33 46 0
1 514 0 8 4 86 5809 16520 12 2 140 0.27 30 45 0
1 514 0 8 4 86 5809 16520 10 2 140 0.26 32 54 0
1 514 0 8 4 86 5809 16520 17 2 140 0.41 38 58 0
1 514 0 8 4 86 5809 16520 17 2 140 0.34 33 44 0
1 514 0 8 4 86 5809 16520 7 2 140 0.06 17 43 0
1 514 0 8 4 86 5809 16520 7 2 140 0.08 21 42 0
1 514 0 8 4 86 5809 16520 13 2 140 0.32 33 41 0
1 514 0 8 4 86 5809 16520 21 2 140 0.5 38 40 0
1 514 0 8 4 86 5809 16520 21 2 140 0.6 39 39 0
1 514 0 8 8 86 5820 16246 11 2 140 0.27 30 98 0
1 514 0 8 8 86 5820 16246 16 1 140 0.22 29 96 0
1 514 0 8 8 86 5820 16246 18 1 140 0.33 33 94 0
1 514 0 8 8 86 5820 16246 15 1 140 0.29 32 92 0
1 514 0 8 8 86 5820 16246 11 1 140 0.19 28 91 0
1 514 0 8 8 86 5820 16246 16 1 140 0.15 27 90 0
1 514 0 8 8 86 5820 16246 10 1 140 0.13 25 89 0
1 514 0 8 8 86 5820 16246 11 1 140 0.12 24 88 0
1 514 0 8 8 86 5820 16246 9 1 140 0.17 28 87 0
1 514 0 8 8 86 5820 16246 10 1 140 0.18 28 86 0
1 514 0 8 8 86 5820 16246 12 1 140 0.2 29 85 0
1 514 0 8 8 86 5820 16246 18 1 140 0.17 27 84 0
1 514 0 8 8 86 5820 16246 9 1 140 0.09 24 82 0
1 514 0 8 8 86 5820 16246 11 1 140 0.12 25 81 0
1 514 0 8 8 86 5820 16246 15 1 140 0.18 28 93 0
1 514 0 8 8 86 5820 16246 13 1 140 0.23 29 97 0
1 514 0 8 8 86 5820 16246 16 1 140 0.24 31 80 0
1 514 0 8 8 86 5820 16246 10 1 140 0.14 27 79 0
1 534 0 8 9 86 5811 16739 6 1 140 0.06 20 118 0
1 534 0 8 9 86 5811 16739 9 1 140 0.12 25 117 0
1 534 0 8 9 86 5811 16739 7 1 140 0.05 19 116 0
1 534 0 8 9 86 5811 16739 15 1 140 0.3 30 115 0
1 534 0 8 9 86 5811 16739 9 1 140 0.34 31 114 0
1 534 0 8 9 86 5811 16739 7 1 140 0.04 19 113 0
1 534 0 8 9 86 5811 16739 8 1 140 0.17 25 112 0
1 534 0 8 9 86 5811 16739 15 1 140 0.17 26 111 0
1 534 0 8 9 86 5811 16739 8 1 140 0.17 26 110 0
1 534 0 8 9 86 5811 16739 8 2 140 0.15 27 101 0
1 534 0 8 9 86 5811 16739 7 1 140 0.12 23 109 0
1 534 0 8 9 86 5811 16739 7 1 140 0.16 24 108 0
1 534 0 8 9 86 5811 16739 7 1 140 0.12 23 107 0
1 534 0 8 9 86 5811 16739 7 2 140 0.08 21 106 0
1 534 0 8 9 86 5811 16739 10 2 140 0.18 25 104 0
1 534 0 8 9 86 5811 16739 12 2 140 0.41 35 103 0
1 534 0 8 9 86 5811 16739 7 2 140 0.09 23 102 0
1 534 0 8 9 86 5811 16739 12 2 140 0.26 31 100 0
1 534 0 8 9 86 5811 16739 12 2 140 0.25 31 99 0
1 534 0 8 10 86 5803 16743 20 2 140 0.53 37 138 0
1 534 0 8 10 86 5803 16743 7 2 140 0.15 25 136 0
1 534 0 8 10 86 5803 16743 7 2 140 0.14 23 135 0
1 534 0 8 10 86 5803 16743 7 2 140 0.1 21 134 0
1 534 0 8 10 86 5803 16743 7 2 140 0.21 25 133 0
1 534 0 8 10 86 5803 16743 12 2 140 0.2 26 137 0
1 534 0 8 10 86 5803 16743 10 2 140 0.25 28 132 0
1 534 0 8 10 86 5803 16743 12 2 140 0.46 35 131 0
1 534 0 8 10 86 5803 16743 7 2 140 0.06 19 130 0
1 534 0 8 10 86 5803 16743 9 2 140 0.2 27 128 0
1 534 0 8 10 86 5803 16743 7 2 140 0.15 25 127 0
1 534 0 8 10 86 5803 16743 7 2 140 0.08 21 126 0
1 534 0 8 10 86 5803 16743 7 2 140 0.12 23 125 0
1 534 0 8 10 86 5803 16743 9 2 140 0.23 28 129 0
1 534 0 8 10 86 5803 16743 7 2 140 0.15 24 124 0
1 534 0 8 10 86 5803 16743 11 2 140 0.18 28 123 0
1 534 0 8 10 86 5803 16743 16 2 140 0.22 26 122 0
1 534 0 8 10 86 5803 16743 9 2 140 0.19 27 121 0
1 534 0 8 10 86 5803 16743 7 2 140 0.07 21 120 0
1 534 0 8 10 86 5803 16743 10 2 140 0.2 27 119 0
1 514 0 8 11 86 5807 16517 7 2 140 0.11 22 150 0
1 514 0 8 11 86 5807 16517 5 2 140 0.05 18 149 0
1 514 0 8 11 86 5807 16517 18 1 140 0.36 34 148 0
1 514 0 8 11 86 5807 16517 20 1 140 0.58 37 147 0
1 514 0 8 11 86 5807 16517 7 1 140 0.13 22 146 0
1 514 0 8 11 86 5807 16517 7 1 140 0.14 24 144 0
1 514 0 8 11 86 5807 16517 8 2 140 0.14 24 141 0
1 514 0 8 11 86 5807 16517 11 2 140 0.17 26 143 0
1 514 0 8 11 86 5807 16517 12 2 140 0.17 24 142 0
1 514 0 8 11 86 5807 16517 10 2 140 0.18 26 140 0
1 514 0 8 11 86 5807 16517 24 2 140 0.51 38 139 0
1 514 0 8 11 86 5807 16517 18 2 140 0.41 36 152 0
1 514 0 8 11 86 5807 16517 7 1 140 0.1 22 145 0
1 514 0 8 11 86 5807 16517 7 2 140 0.06 18 151 0
1 514 0 8 12 86 5802 16453 7 2 140 0.07 19 173 0
1 514 0 8 12 86 5802 16453 5 2 140 0.07 18 172 0
1 514 0 8 12 86 5802 16453 7 2 140 0.06 18 170 0
1 514 0 8 12 86 5802 16453 7 2 140 0.06 19 169 0
1 514 0 8 12 86 5802 16453 20 2 140 0.61 38 168 0
1 514 0 8 12 86 5802 16453 5 1 140 0.06 19 166 0
1 514 0 8 12 86 5802 16453 7 1 140 0.08 20 165 0
1 514 0 8 12 86 5802 16453 7 1 140 0.09 21 164 0
1 514 0 8 12 86 5802 16453 7 1 140 0.07 18 163 0
1 514 0 8 12 86 5802 16453 7 1 140 0.07 20 162 0
1 514 0 8 12 86 5802 16453 6 1 140 0.07 19 161 0
1 514 0 8 12 86 5802 16453 7 1 140 0.06 18 160 0
1 514 0 8 12 86 5802 16453 10 2 140 0.25 28 167 0
1 514 0 8 12 86 5802 16453 7 2 140 0.08 19 171 0
1 514 0 8 12 86 5802 16453 6 1 140 0.08 21 159 0
1 514 0 8 12 86 5802 16453 5 1 140 0.07 20 158 0
1 514 0 8 12 86 5802 16453 7 1 140 0.1 21 157 0
1 514 0 8 12 86 5802 16453 7 1 140 0.1 21 156 0
1 514 0 8 12 86 5802 16453 6 1 140 0.04 18 155 0
1 514 0 8 12 86 5802 16453 8 1 140 0.13 23 154 0
1 514 0 8 12 86 5802 16453 7 1 140 0.1 21 153 0
1 534 0 8 15 86 5805 16629 9 2 140 0.13 22 183 0
1 534 0 8 15 86 5805 16629 17 2 140 0.52 37 186 0
1 534 0 8 15 86 5805 16629 7 2 140 0.06 18 185 0
1 534 0 8 15 86 5805 16629 7 2 140 0.1 20 184 0
1 534 0 8 15 86 5805 16629 6 2 140 0.13 22 182 0
1 534 0 8 15 86 5805 16629 7 2 140 0.11 22 181 0
1 534 0 8 15 86 5805 16629 7 1 140 0.11 22 180 0
1 534 0 8 15 86 5805 16629 9 1 140 0.1 22 178 0
1 534 0 8 15 86 5805 16629 6 1 140 0.11 22 179 0
1 534 0 8 15 86 5805 16629 7 1 140 0.08 19 177 0
1 514 0 8 16 86 5819 16600 8 1 140 0.15 24 191 0
1 514 0 8 16 86 5819 16600 8 1 140 0.14 23 190 0
1 514 0 8 16 86 5819 16600 9 1 140 0.16 23 189 0
1 514 0 8 16 86 5819 16600 7 2 140 0.06 20 188 0
1 514 0 8 16 86 5819 16600 7 2 140 0.14 23 187 0
1 514 27 6 30 86 5849 16540 19 2 140 0.68 38 10 0
1 514 27 6 30 86 5849 16540 12 2 140 0.32 31 9 0
1 514 27 6 30 86 5849 16540 13 1 140 0.28 29 8 0
1 514 27 6 30 86 5849 16540 12 1 140 0.26 28 6 0
1 514 27 6 30 86 5849 16540 12 2 140 0.32 33 5 0
1 514 27 6 30 86 5849 16540 9 2 140 0.28 30 4 0
1 514 27 6 30 86 5849 16540 10 1 140 0.28 28 2 0
1 514 27 6 30 86 5849 16540 7 1 140 0.08 20 7 0
1 514 27 6 30 86 5849 16540 9 1 140 0.32 32 3 0
1 514 27 6 30 86 5849 16540 10 2 140 0.3 30 1 0
1 514 38 7 2 86 5813 15935 19 2 140 0.48 35 20 0
1 514 38 7 2 86 5813 15935 11 1 140 0.12 24 19 0
1 514 38 7 2 86 5813 15935 11 2 140 0.52 37 18 0
1 514 38 7 2 86 5813 15935 19 1 140 0.32 30 17 0
1 514 38 7 2 86 5813 15935 19 1 140 0.48 34 16 0
1 514 38 7 2 86 5813 15935 12 2 140 0.26 28 15 0
1 514 38 7 2 86 5813 15935 11 1 140 0.28 31 14 0
1 514 38 7 2 86 5813 15935 15 1 140 0.34 31 11 0
1 514 38 7 2 86 5813 15935 17 2 140 0.48 35 13 0
1 514 38 7 2 86 5813 15935 19 2 140 0.46 30 12 0
1 534 0 8 25 86 5826 16650 6 1 140 0.05 16 196 0
1 534 0 8 25 86 5826 16650 7 2 140 0.09 20 195 0
1 534 0 8 25 86 5826 16650 6 2 140 0.1 20 194 0
1 534 0 8 27 86 5824 16648 7 2 140 0.08 20 198 0
1 534 0 8 27 86 5824 16648 18 2 140 0.6 39 197 0
1 513 0 8 28 86 5755 16731 20 2 140 0.68 39 199 0
1 514 22 7 3 86 5824 15937 12 2 140 0.3 30 30 0
1 514 22 7 3 86 5824 15937 15 1 140 0.24 29 29 0
1 514 22 7 3 86 5824 15937 9 1 140 0.08 21 28 0
1 514 22 7 3 86 5824 15937 13 1 140 0.18 27 27 0
1 514 22 7 3 86 5824 15937 17 1 140 0.26 30 25 0
1 514 22 7 3 86 5824 15937 9 2 140 0.3 29 24 0
1 514 22 7 3 86 5824 15937 11 1 140 0.26 30 23 0
1 514 22 7 3 86 5824 15937 8 1 140 0.1 22 22 0
1 514 22 7 3 86 5824 15937 10 1 140 0.12 24 21 0
1 534 0 8 17 86 5810 16618 19 1 140 0.41 34 193 0
1 534 0 8 17 86 5810 16618 23 2 140 0.57 39 192 0
1 514 29 7 4 86 5821 15952 14 1 140 0.2 26 50 0
1 514 29 7 4 86 5821 15952 6 1 140 0.08 21 49 0
1 514 29 7 4 86 5821 15952 16 1 140 0.32 30 31 0
1 514 29 7 4 86 5821 15952 16 1 140 0.32 31 35 0
1 514 29 7 4 86 5821 15952 19 2 140 0.5 33 39 0
1 514 29 7 4 86 5821 15952 11 2 140 0.14 25 43 0
1 514 29 7 4 86 5821 15952 13 1 140 0.28 31 48 0
1 514 29 7 4 86 5821 15952 11 1 140 0.14 24 47 0
1 514 29 7 4 86 5821 15952 4 2 140 -9 13 46 0
1 514 29 7 4 86 5821 15952 14 1 140 0.18 26 45 0
1 514 29 7 4 86 5821 15952 4 1 140 -9 15 44 0
1 514 29 7 4 86 5821 15952 13 1 140 0.16 25 42 0
1 514 29 7 4 86 5821 15952 14 2 140 0.22 27 41 0
1 514 29 7 4 86 5821 15952 13 1 140 0.2 27 40 0
1 514 29 7 4 86 5821 15952 11 1 140 0.2 28 38 0
1 514 29 7 4 86 5821 15952 16 1 140 0.28 29 37 0
1 514 29 7 4 86 5821 15952 12 1 140 0.14 25 36 0
1 514 29 7 4 86 5821 15952 18 2 140 0.36 32 34 0
1 514 29 7 4 86 5821 15952 7 2 140 -9 16 33 0
1 514 29 7 4 86 5821 15952 11 2 140 0.2 25 32 0
1 514 29 7 5 86 5818 15930 16 1 140 0.28 30 70 0
1 514 29 7 5 86 5818 15930 12 1 140 0.16 28 69 0
1 514 29 7 5 86 5818 15930 15 2 140 0.5 35 68 0
1 514 29 7 5 86 5818 15930 10 1 140 0.1 23 67 0
1 514 29 7 5 86 5818 15930 6 2 140 -9 15 66 0
1 514 29 7 5 86 5818 15930 14 2 140 0.2 28 65 0
1 514 29 7 5 86 5818 15930 11 1 140 0.18 27 64 0
1 514 29 7 5 86 5818 15930 6 1 140 0.04 15 63 0
1 514 29 7 5 86 5818 15930 9 1 140 0.08 22 62 0
1 514 29 7 5 86 5818 15930 14 2 140 0.38 31 61 0
1 514 29 7 5 86 5818 15930 7 1 140 0.06 19 60 0
1 514 29 7 5 86 5818 15930 14 1 140 0.3 32 59 0
1 514 29 7 5 86 5818 15930 6 1 140 -9 16 58 0
1 514 29 7 5 86 5818 15930 15 1 140 0.38 34 57 0
1 514 29 7 5 86 5818 15930 5 2 140 -9 14 56 0
1 514 29 7 5 86 5818 15930 10 1 140 0.12 25 55 0
1 514 29 7 5 86 5818 15930 10 1 140 0.3 32 54 0
1 514 29 7 5 86 5818 15930 7 1 140 0.04 18 53 0
1 514 29 7 5 86 5818 15930 5 2 140 -9 13 52 0
1 514 29 7 5 86 5818 15930 13 2 140 0.42 33 51 0
1 514 27 7 6 86 5824 15933 13 1 140 0.22 28 76 0
1 514 27 7 6 86 5824 15933 6 1 140 0.08 21 80 0
1 514 27 7 6 86 5824 15933 11 2 140 0.38 33 84 0
1 514 27 7 6 86 5824 15933 16 1 140 0.38 32 88 0
1 514 27 7 6 86 5824 15933 6 1 140 0.06 18 90 0
1 514 27 7 6 86 5824 15933 4 2 140 -9 13 89 0
1 514 27 7 6 86 5824 15933 21 1 140 0.38 33 87 0
1 514 27 7 6 86 5824 15933 5 1 140 -9 14 86 0
1 514 27 7 6 86 5824 15933 15 1 140 0.24 29 85 0
1 514 27 7 6 86 5824 15933 6 1 140 -9 17 83 0
1 514 27 7 6 86 5824 15933 17 1 140 0.32 31 82 0
1 514 27 7 6 86 5824 15933 15 1 140 0.12 24 72 0
1 514 27 7 6 86 5824 15933 18 2 140 0.46 35 81 0
1 514 27 7 6 86 5824 15933 10 2 140 0.22 28 79 0
1 514 27 7 6 86 5824 15933 19 2 140 0.32 31 78 0
1 514 27 7 6 86 5824 15933 15 1 140 0.36 32 77 0
1 514 27 7 6 86 5824 15933 15 1 140 0.28 29 75 0
1 514 27 7 6 86 5824 15933 15 2 140 0.46 34 74 0
1 514 27 7 6 86 5824 15933 12 1 140 0.16 26 73 0
1 514 27 7 6 86 5824 15933 17 2 140 0.4 32 71 0
1 514 35 7 7 86 5824 15944 16 1 140 0.16 25 110 0
1 514 35 7 7 86 5824 15944 12 2 140 0.18 27 109 0
1 514 35 7 7 86 5824 15944 11 2 140 0.32 31 108 0
1 514 35 7 7 86 5824 15944 14 1 140 0.16 26 107 0
1 514 35 7 7 86 5824 15944 7 1 140 0.06 20 106 0
1 514 35 7 7 86 5824 15944 12 1 140 0.18 27 105 0
1 514 35 7 7 86 5824 15944 16 1 140 0.22 29 104 0
1 514 35 7 7 86 5824 15944 5 2 140 -9 13 103 0
1 514 35 7 7 86 5824 15944 9 1 140 0.1 22 102 0
1 514 35 7 7 86 5824 15944 11 2 140 0.42 34 101 0
1 514 35 7 7 86 5824 15944 4 1 140 -9 12 100 0
1 514 35 7 7 86 5824 15944 14 2 140 0.24 28 99 0
1 514 35 7 7 86 5824 15944 6 1 140 0.2 17 98 0
1 514 35 7 7 86 5824 15944 9 1 140 0.16 26 97 0
1 514 35 7 7 86 5824 15944 12 2 140 0.24 29 96 0
1 514 35 7 7 86 5824 15944 7 2 140 -9 16 95 0
1 514 35 7 7 86 5824 15944 10 2 140 0.28 29 94 0
1 514 35 7 7 86 5824 15944 16 1 140 0.22 30 93 0
1 514 35 7 7 86 5824 15944 10 1 140 0.2 27 92 0
1 514 35 7 7 86 5824 15944 6 1 140 -9 16 91 0
1 514 27 7 8 86 5824 15927 14 2 140 0.38 32 129 0
1 514 27 7 8 86 5824 15927 11 1 140 0.08 22 128 0
1 514 27 7 8 86 5824 15927 5 1 140 -9 11 126 0
1 514 27 7 8 86 5824 15927 12 1 140 0.1 23 125 0
1 514 27 7 8 86 5824 15927 3 2 140 -9 10 115 0
1 514 27 7 8 86 5824 15927 8 1 140 -9 18 119 0
1 514 27 7 8 86 5824 15927 14 2 140 0.28 30 123 0
1 514 27 7 8 86 5824 15927 9 1 140 0.06 20 127 0
1 514 27 7 8 86 5824 15927 14 1 140 0.3 31 124 0
1 514 27 7 8 86 5824 15927 11 1 140 0.12 24 122 0
1 514 27 7 8 86 5824 15927 15 2 140 0.42 33 121 0
1 514 27 7 8 86 5824 15927 8 1 140 0.12 24 120 0
1 514 27 7 8 86 5824 15927 6 2 140 -9 15 118 0
1 514 27 7 8 86 5824 15927 6 1 140 -9 14 117 0
1 514 27 7 8 86 5824 15927 15 2 140 0.34 31 116 0
1 514 27 7 8 86 5824 15927 13 1 140 0.12 25 111 0
1 514 27 7 8 86 5824 15927 13 2 140 0.42 34 114 0
1 514 27 7 8 86 5824 15927 20 2 140 0.46 35 113 0
1 514 27 7 8 86 5824 15927 11 1 140 0.18 27 112 0
1 514 29 7 10 86 5824 15949 7 2 140 -9 15 150 0
1 514 29 7 10 86 5824 15949 12 1 140 0.18 26 149 0
1 514 29 7 10 86 5824 15949 15 1 140 0.22 28 147 0
1 514 29 7 10 86 5824 15949 15 2 140 0.6 36 146 0
1 514 29 7 10 86 5824 15949 16 2 140 0.18 27 145 0
1 514 29 7 10 86 5824 15949 18 2 140 0.44 35 144 0
1 514 29 7 10 86 5824 15949 14 1 140 0.18 28 143 0
1 514 29 7 10 86 5824 15949 12 1 140 0.32 33 142 0
1 514 29 7 10 86 5824 15949 16 1 140 0.26 29 141 0
1 514 29 7 10 86 5824 15949 16 1 140 0.28 30 140 0
1 514 29 7 10 86 5824 15949 12 1 140 0.12 24 139 0
1 514 29 7 10 86 5824 15949 6 1 140 -9 15 138 0
1 514 29 7 10 86 5824 15949 5 2 140 -9 13 137 0
1 514 29 7 10 86 5824 15949 3 2 140 -9 9 136 0
1 514 29 7 10 86 5824 15949 18 2 140 0.52 34 135 0
1 514 29 7 10 86 5824 15949 5 2 140 -9 16 134 0
1 514 29 7 10 86 5824 15949 9 2 140 0.22 28 148 0
1 514 29 7 10 86 5824 15949 8 1 140 0.08 18 133 0
1 514 29 7 10 86 5824 15949 3 2 140 -9 10 132 0
1 514 29 7 10 86 5824 15949 16 2 140 0.28 29 131 0
1 513 0 4 20 86 5650 16549 12 1 140 0.28 31 20 0
1 513 0 4 20 86 5650 16549 10 1 140 0.26 29 18 0
1 513 0 4 20 86 5650 16549 11 1 140 0.23 30 17 0
1 513 0 4 20 86 5650 16549 10 1 140 0.22 28 16 0
1 513 0 4 20 86 5650 16549 14 2 140 0.32 31 14 0
1 513 0 4 20 86 5650 16549 11 2 140 0.31 31 13 0
1 513 0 4 20 86 5650 16549 12 2 140 0.46 33 12 0
1 513 0 4 20 86 5650 16549 10 2 140 0.15 27 11 0
1 513 0 4 20 86 5650 16549 14 1 140 0.29 31 9 0
1 513 0 4 20 86 5650 16549 12 2 140 0.33 31 8 0
1 513 0 4 20 86 5650 16549 14 2 140 0.36 32 7 0
1 513 0 4 20 86 5650 16549 10 1 140 0.3 31 5 0
1 513 0 4 20 86 5650 16549 15 2 140 0.44 34 2 0
1 513 0 4 20 86 5650 16549 11 2 140 0.36 33 6 0
1 513 0 4 20 86 5650 16549 12 2 140 0.44 35 10 0
1 513 0 4 20 86 5650 16549 15 2 140 0.47 35 15 0
1 513 0 4 20 86 5650 16549 10 2 140 0.33 33 19 0
1 513 0 4 20 86 5650 16549 11 2 140 0.27 31 4 0
1 513 0 4 20 86 5650 16549 8 1 140 0.24 24 3 0
1 513 0 4 20 86 5650 16549 11 2 140 0.4 32 1 0
1 513 0 4 21 86 5652 16552 7 2 140 0.14 26 50 0
1 513 0 4 21 86 5652 16552 17 2 140 0.61 36 49 0
1 513 0 4 21 86 5652 16552 12 1 140 0.39 33 48 0
1 513 0 4 21 86 5652 16552 14 2 140 0.27 30 46 0
1 513 0 4 21 86 5652 16552 13 1 140 0.29 30 45 0
1 513 0 4 21 86 5652 16552 11 2 140 0.14 26 44 0
1 513 0 4 21 86 5652 16552 17 1 140 0.44 35 42 0
1 513 0 4 21 86 5652 16552 8 1 140 0.17 26 41 0
1 513 0 4 21 86 5652 16552 13 2 140 0.59 35 40 0
1 513 0 4 21 86 5652 16552 11 2 140 0.22 28 39 0
1 513 0 4 21 86 5652 16552 15 2 140 0.49 34 43 0
1 513 0 4 21 86 5652 16552 10 2 140 0.18 27 47 0
1 513 0 4 21 86 5652 16552 7 2 140 0.2 26 38 0
1 513 0 4 21 86 5652 16552 7 2 140 0.08 20 37 0
1 513 0 4 21 86 5652 16552 12 1 140 0.25 30 36 0
1 513 0 4 21 86 5652 16552 10 1 140 0.29 31 35 0
1 513 0 4 21 86 5652 16552 9 1 140 0.36 30 34 0
1 513 0 4 21 86 5652 16552 12 2 140 0.43 31 33 0
1 513 0 4 21 86 5652 16552 24 1 140 0.37 32 32 0
1 513 0 4 21 86 5652 16552 14 2 140 0.36 32 31 0
1 513 0 4 21 86 5652 16552 13 1 140 0.36 31 30 0
1 513 0 4 21 86 5652 16552 8 2 140 0.19 26 29 0
1 513 0 4 21 86 5652 16552 10 1 140 0.38 32 28 0
1 513 0 4 21 86 5652 16552 11 2 140 0.22 29 27 0
1 513 0 4 21 86 5652 16552 13 2 140 0.44 33 26 0
1 513 0 4 21 86 5652 16552 10 2 140 0.36 33 25 0
1 513 0 4 21 86 5652 16552 9 1 140 0.24 29 24 0
1 513 0 4 21 86 5652 16552 13 2 140 0.3 32 23 0
1 513 0 4 21 86 5652 16552 11 2 140 0.27 29 22 0
1 513 0 4 21 86 5652 16552 15 2 140 0.42 34 21 0
1 509 0 4 22 86 5647 16411 12 2 140 0.24 28 89 0
1 509 0 4 22 86 5647 16411 9 2 140 0.2 28 88 0
1 509 0 4 22 86 5647 16411 10 1 140 0.18 26 87 0
1 509 0 4 22 86 5647 16411 9 1 140 0.09 22 85 0
1 509 0 4 22 86 5647 16411 8 2 140 0.16 25 84 0
1 509 0 4 22 86 5647 16411 12 1 140 0.23 28 83 0
1 509 0 4 22 86 5647 16411 11 2 140 0.27 29 81 0
1 509 0 4 22 86 5647 16411 11 1 140 0.16 27 80 0
1 509 0 4 22 86 5647 16411 11 1 140 0.1 25 79 0
1 509 0 4 22 86 5647 16411 15 2 140 0.4 36 77 0
1 509 0 4 22 86 5647 16411 17 2 140 0.5 35 76 0
1 509 0 4 22 86 5647 16411 10 2 140 0.16 26 75 0
1 509 0 4 22 86 5647 16411 11 2 140 0.41 32 74 0
1 509 0 4 22 86 5647 16411 21 1 140 0.43 33 73 0
1 509 0 4 22 86 5647 16411 18 2 140 0.48 34 72 0
1 509 0 4 22 86 5647 16411 10 2 140 0.22 29 71 0
1 509 0 4 22 86 5647 16411 10 1 140 0.2 27 70 0
1 509 0 4 22 86 5647 16411 8 1 140 0.18 25 69 0
1 509 0 4 22 86 5647 16411 12 2 140 0.3 30 68 0
1 509 0 4 22 86 5647 16411 10 2 140 0.2 28 67 0
1 509 0 4 22 86 5647 16411 11 2 140 0.27 28 55 0
1 509 0 4 22 86 5647 16411 13 2 140 0.38 30 59 0
1 509 0 4 22 86 5647 16411 12 1 140 0.29 29 78 0
1 509 0 4 22 86 5647 16411 17 1 140 0.4 32 82 0
1 509 0 4 22 86 5647 16411 9 1 140 0.1 24 86 0
1 509 0 4 22 86 5647 16411 9 1 140 0.17 27 90 0
1 509 0 4 22 86 5647 16411 7 1 140 0.15 22 66 0
1 509 0 4 22 86 5647 16411 12 1 140 0.29 30 65 0
1 509 0 4 22 86 5647 16411 9 1 140 0.26 29 64 0
1 509 0 4 22 86 5647 16411 9 1 140 0.24 29 63 0
1 509 0 4 22 86 5647 16411 15 1 140 0.32 29 62 0
1 509 0 4 22 86 5647 16411 11 2 140 0.3 30 61 0
1 509 0 4 22 86 5647 16411 15 1 140 0.47 33 60 0
1 509 0 4 22 86 5647 16411 18 2 140 0.58 36 51 0
1 509 0 4 22 86 5647 16411 12 1 140 0.23 28 58 0
1 509 0 4 22 86 5647 16411 16 1 140 0.2 28 57 0
1 509 0 4 22 86 5647 16411 10 2 140 0.34 30 56 0
1 509 0 4 22 86 5647 16411 14 2 140 0.48 34 54 0
1 509 0 4 22 86 5647 16411 15 1 140 0.36 32 53 0
1 509 0 4 22 86 5647 16411 15 1 140 0.63 38 52 0
1 509 0 4 23 86 5648 16413 8 2 140 0.13 27 94 0
1 509 0 4 23 86 5648 16413 10 2 140 0.11 25 98 0
1 509 0 4 23 86 5648 16413 8 1 140 0.08 24 110 0
1 509 0 4 23 86 5648 16413 18 2 140 0.78 38 109 0
1 509 0 4 23 86 5648 16413 16 1 140 0.22 27 108 0
1 509 0 4 23 86 5648 16413 10 2 140 0.14 27 107 0
1 509 0 4 23 86 5648 16413 15 2 140 0.55 35 106 0
1 509 0 4 23 86 5648 16413 7 2 140 0.08 25 105 0
1 509 0 4 23 86 5648 16413 10 1 140 0.15 27 104 0
1 509 0 4 23 86 5648 16413 18 2 140 0.6 37 103 0
1 509 0 4 23 86 5648 16413 7 2 140 0.1 23 102 0
1 509 0 4 23 86 5648 16413 9 2 140 0.22 27 101 0
1 509 0 4 23 86 5648 16413 8 1 140 0.09 25 100 0
1 509 0 4 23 86 5648 16413 10 2 140 0.14 25 99 0
1 509 0 4 23 86 5648 16413 12 1 140 0.43 34 97 0
1 509 0 4 23 86 5648 16413 7 1 140 0.14 25 96 0
1 509 0 4 23 86 5648 16413 8 1 140 0.13 25 95 0
1 509 0 4 23 86 5648 16413 13 2 140 0.78 38 93 0
1 509 0 4 23 86 5648 16413 10 1 140 0.2 28 92 0
1 509 0 4 23 86 5648 16413 18 2 140 0.52 36 91 0
1 517 101 3 31 86 5625 16628 10 2 140 0.31 31 10 0
1 517 101 3 31 86 5625 16628 10 2 140 0.26 30 9 0
1 517 101 3 31 86 5625 16628 16 2 140 0.44 34 8 0
1 517 101 3 31 86 5625 16628 19 2 140 0.31 32 7 0
1 517 101 3 31 86 5625 16628 12 2 140 0.21 28 6 0
1 517 101 3 31 86 5625 16628 8 1 140 0.2 28 5 0
1 517 101 3 31 86 5625 16628 18 1 140 0.38 32 4 0
1 517 101 3 31 86 5625 16628 9 1 140 0.23 28 3 0
1 517 101 3 31 86 5625 16628 18 1 140 0.45 33 2 0
1 517 101 3 31 86 5625 16628 18 1 140 0.35 33 1 0
1 517 102 4 2 86 5625 16617 6 1 140 0.17 25 40 0
1 517 102 4 2 86 5625 16617 9 1 140 0.27 30 39 0
1 517 102 4 2 86 5625 16617 9 1 140 0.25 29 38 0
1 517 102 4 2 86 5625 16617 15 2 140 0.32 33 21 0
1 517 102 4 2 86 5625 16617 18 2 140 0.38 33 25 0
1 517 102 4 2 86 5625 16617 10 1 140 0.25 30 29 0
1 517 102 4 2 86 5625 16617 11 1 140 0.25 29 33 0
1 517 102 4 2 86 5625 16617 17 1 140 0.26 31 36 0
1 517 102 4 2 86 5625 16617 10 1 140 0.3 31 35 0
1 517 102 4 2 86 5625 16617 9 1 140 0.23 29 34 0
1 517 102 4 2 86 5625 16617 9 1 140 0.28 31 32 0
1 517 102 4 2 86 5625 16617 13 1 140 0.35 32 31 0
1 517 102 4 2 86 5625 16617 12 1 140 0.26 30 30 0
1 517 102 4 2 86 5625 16617 12 2 140 0.28 29 28 0
1 517 102 4 2 86 5625 16617 13 2 140 0.45 35 27 0
1 517 102 4 2 86 5625 16617 15 2 140 0.3 30 26 0
1 517 102 4 2 86 5625 16617 14 2 140 0.55 36 24 0
1 517 102 4 2 86 5625 16617 16 2 140 0.35 31 23 0
1 517 102 4 2 86 5625 16617 11 2 140 0.4 33 22 0
1 517 101 4 3 86 5620 16609 11 2 140 0.23 28 56 0
1 517 101 4 3 86 5620 16609 15 2 140 0.52 33 55 0
1 517 101 4 3 86 5620 16609 11 2 140 0.38 33 54 0
1 517 101 4 3 86 5620 16609 14 1 140 0.3 30 41 0
1 517 101 4 3 86 5620 16609 8 2 140 0.25 28 53 0
1 517 101 4 3 86 5620 16609 18 2 140 0.63 36 52 0
1 517 101 4 3 86 5620 16609 13 2 140 0.52 34 51 0
1 517 101 4 3 86 5620 16609 13 2 140 0.37 31 50 0
1 517 101 4 3 86 5620 16609 13 2 140 0.34 32 49 0
1 517 101 4 3 86 5620 16609 14 2 140 0.44 32 48 0
1 517 101 4 3 86 5620 16609 14 1 140 0.35 32 47 0
1 517 101 4 3 86 5620 16609 12 1 140 0.42 34 46 0
1 517 101 4 3 86 5620 16609 11 1 140 0.35 32 45 0
1 517 101 4 3 86 5620 16609 14 1 140 0.41 33 44 0
1 517 101 4 3 86 5620 16609 7 1 140 0.22 26 43 0
1 517 101 4 3 86 5620 16609 17 1 140 0.35 31 42 0
1 517 102 4 5 86 5617 16618 7 1 140 0.2 26 68 0
1 517 102 4 5 86 5617 16618 15 1 140 0.55 32 67 0
1 517 102 4 5 86 5617 16618 15 1 140 0.4 37 66 0
1 517 102 4 5 86 5617 16618 12 1 140 0.26 29 64 0
1 517 102 4 5 86 5617 16618 10 2 140 0.22 28 63 0
1 517 102 4 5 86 5617 16618 8 2 140 0.42 32 62 0
1 517 102 4 5 86 5617 16618 14 2 140 0.6 37 61 0
1 517 102 4 5 86 5617 16618 15 1 140 0.5 35 65 0
1 517 102 4 5 86 5617 16618 19 1 140 0.44 33 69 0
1 517 102 4 5 86 5617 16618 10 2 140 0.33 30 59 0
1 517 102 4 5 86 5617 16618 13 2 140 0.45 34 58 0
1 517 102 4 5 86 5617 16618 17 2 140 0.5 32 57 0
1 517 101 4 7 86 5624 16626 9 2 140 0.26 28 81 0
1 517 101 4 7 86 5624 16626 9 2 140 0.2 25 80 0
1 517 101 4 7 86 5624 16626 18 2 140 0.55 35 79 0
1 517 101 4 7 86 5624 16626 9 2 140 0.2 26 78 0
1 517 101 4 7 86 5624 16626 7 1 140 0.2 26 76 0
1 517 101 4 7 86 5624 16626 9 1 140 0.2 27 75 0
1 517 101 4 7 86 5624 16626 9 1 140 0.19 25 74 0
1 517 101 4 7 86 5624 16626 22 1 140 0.41 33 72 0
1 517 101 4 7 86 5624 16626 9 1 140 0.21 28 73 0
1 517 101 4 7 86 5624 16626 13 1 140 0.23 28 71 0
1 517 101 4 7 86 5624 16626 9 1 140 0.2 27 70 0
1 517 101 4 7 86 5624 16626 11 2 140 0.25 29 82 0
1 517 101 4 7 86 5624 16626 16 2 140 0.31 30 77 0
1 513 95 4 8 86 5635 16642 15 1 140 0.18 27 99 0
1 513 95 4 8 86 5635 16642 12 1 140 0.1 23 98 0
1 513 95 4 8 86 5635 16642 8 1 140 0.18 26 97 0
1 513 95 4 8 86 5635 16642 10 1 140 0.2 27 96 0
1 513 95 4 8 86 5635 16642 10 1 140 0.15 26 95 0
1 513 95 4 8 86 5635 16642 10 1 140 0.15 25 94 0
1 513 95 4 8 86 5635 16642 7 1 140 0.15 25 93 0
1 513 95 4 8 86 5635 16642 9 1 140 0.12 23 92 0
1 513 95 4 8 86 5635 16642 12 1 140 0.22 28 91 0
1 513 95 4 8 86 5635 16642 12 1 140 0.15 25 90 0
1 513 95 4 8 86 5635 16642 7 2 140 0.1 22 89 0
1 513 95 4 8 86 5635 16642 7 2 140 0.2 27 88 0
1 513 95 4 8 86 5635 16642 6 2 140 0.15 23 87 0
1 513 95 4 8 86 5635 16642 18 2 140 0.41 34 86 0
1 513 95 4 8 86 5635 16642 8 2 140 0.15 25 85 0
1 513 95 4 8 86 5635 16642 8 2 140 0.1 24 84 0
1 513 95 4 8 86 5635 16642 15 2 140 0.44 34 83 0
1 513 90 4 9 86 5633 16620 14 2 140 0.45 35 103 0
1 513 90 4 9 86 5633 16620 7 1 140 0.1 20 105 0
1 513 90 4 9 86 5633 16620 16 2 140 0.42 35 104 0
1 513 90 4 9 86 5633 16620 19 2 140 0.62 38 102 0
1 513 90 4 9 86 5633 16620 16 1 140 0.46 36 101 0
1 513 90 4 9 86 5633 16620 9 1 140 0.15 23 100 0
1 513 91 4 10 86 5630 16605 10 2 140 0.56 37 116 0
1 513 91 4 10 86 5630 16605 17 1 140 0.4 34 107 0
1 513 91 4 10 86 5630 16605 8 2 140 0.21 26 111 0
1 513 91 4 10 86 5630 16605 18 2 140 0.6 38 115 0
1 513 91 4 10 86 5630 16605 14 2 140 0.57 36 114 0
1 513 91 4 10 86 5630 16605 6 2 140 0.15 24 113 0
1 513 91 4 10 86 5630 16605 15 2 140 0.46 36 112 0
1 513 91 4 10 86 5630 16605 11 2 140 0.55 35 110 0
1 513 91 4 10 86 5630 16605 9 2 140 0.15 24 109 0
1 513 91 4 10 86 5630 16605 20 1 140 0.56 36 108 0
1 513 91 4 10 86 5630 16605 13 1 140 0.4 34 106 0
1 513 88 4 11 86 5634 16607 8 1 140 0.15 24 119 0
1 513 88 4 11 86 5634 16607 8 2 140 0.15 24 124 0
1 513 88 4 11 86 5634 16607 8 2 140 0.2 27 123 0
1 513 88 4 11 86 5634 16607 8 2 140 0.15 24 122 0
1 513 88 4 11 86 5634 16607 10 2 140 0.17 26 121 0
1 513 88 4 11 86 5634 16607 8 1 140 0.13 23 120 0
1 513 88 4 11 86 5634 16607 12 1 140 0.55 36 118 0
1 513 88 4 11 86 5634 16607 16 1 140 0.42 34 117 0
1 513 86 4 12 86 5632 16556 11 2 140 0.22 27 129 0
1 513 86 4 12 86 5632 16556 13 2 140 0.65 36 128 0
1 513 86 4 12 86 5632 16556 10 2 140 0.2 27 127 0
1 513 86 4 12 86 5632 16556 7 1 140 0.1 22 126 0
1 513 86 4 12 86 5632 16556 9 1 140 0.1 23 125 0
1 517 82 4 14 86 5629 16550 7 1 140 0.15 24 135 0
1 517 82 4 14 86 5629 16550 9 1 140 0.15 24 134 0
1 517 82 4 14 86 5629 16550 8 2 140 0.24 27 133 0
1 517 82 4 14 86 5629 16550 7 2 140 0.12 24 132 0
1 517 82 4 14 86 5629 16550 15 2 140 0.66 39 131 0
1 517 82 4 14 86 5629 16550 8 2 140 0.2 26 130 0
1 513 84 4 15 86 5632 16532 7 2 140 0.1 23 137 0
1 513 84 4 15 86 5632 16532 7 1 140 0.1 21 136 0
1 513 77 4 17 86 5645 16520 11 1 140 0.16 24 146 0
1 513 77 4 17 86 5645 16520 16 1 140 0.55 37 145 0
1 513 77 4 17 86 5645 16520 8 2 140 0.28 29 144 0
1 513 77 4 17 86 5645 16520 7 2 140 0.08 21 143 0
1 513 77 4 17 86 5645 16520 9 2 140 0.3 29 142 0
1 513 79 4 18 86 5635 16540 6 1 140 0.1 21 148 0
1 513 79 4 18 86 5635 16540 15 2 140 0.85 42 147 0
1 513 79 4 19 86 5652 16538 20 1 140 0.51 35 151 0
1 513 79 4 19 86 5652 16538 18 1 140 0.45 36 150 0
1 513 75 4 20 86 5657 16530 20 2 140 0.62 39 152 0
1 513 75 4 20 86 5657 16530 8 2 140 0.12 22 153 0
1 509 71 4 23 86 5649 16403 7 2 140 0.12 23 155 0
1 509 71 4 23 86 5649 16403 8 1 140 0.11 22 154 0
1 509 70 4 25 86 5700 16357 13 1 140 0.44 21 160 0
1 509 70 4 25 86 5700 16357 8 1 140 0.1 21 157 0
1 509 70 4 25 86 5700 16357 17 1 140 0.4 35 159 0
1 509 70 4 25 86 5700 16357 17 1 140 0.5 35 158 0
1 509 70 4 25 86 5700 16357 7 2 140 0.13 22 156 0
1 534 63 8 25 86 5812 16739 19 1 140 0.29 29 19 0
1 534 63 8 25 86 5812 16739 11 1 140 0.31 29 17 0
1 534 63 8 25 86 5812 16739 16 1 140 0.31 28 15 0
1 534 63 8 25 86 5812 16739 9 1 140 0.31 28 13 0
1 534 63 8 25 86 5812 16739 10 1 140 0.32 30 11 0
1 534 63 8 25 86 5812 16739 9 1 140 0.23 25 9 0
1 534 63 8 25 86 5812 16739 7 2 140 0.21 24 7 0
1 534 63 8 25 86 5812 16739 15 2 140 0.41 31 5 0
1 534 63 8 25 86 5812 16739 8 2 140 0.3 27 3 0
1 534 63 8 25 86 5812 16739 13 2 140 0.32 30 1 0
1 534 47 8 26 86 5834 16803 16 1 140 0.32 31 29 0
1 534 47 8 26 86 5834 16803 10 2 140 0.26 28 27 0
1 534 47 8 26 86 5834 16803 10 2 140 0.42 35 25 0
1 534 47 8 26 86 5834 16803 7 2 140 0.1 21 23 0
1 534 47 8 26 86 5834 16803 8 2 140 0.26 28 21 0
1 534 49 8 27 86 5831 16801 20 1 140 0.34 31 37 0
1 534 49 8 27 86 5831 16801 10 1 140 0.3 28 39 0
1 534 49 8 27 86 5831 16801 12 2 140 0.4 33 35 0
1 534 49 8 27 86 5831 16801 13 2 140 0.3 29 33 0
1 534 49 8 27 86 5831 16801 13 2 140 0.38 31 31 0
1 534 47 8 27 86 5828 16755 10 1 140 0.28 28 49 0
1 534 47 8 27 86 5828 16755 10 1 140 0.26 27 47 0
1 534 47 8 27 86 5828 16755 8 1 140 0.22 24 45 0
1 534 47 8 27 86 5828 16755 9 2 140 0.22 27 43 0
1 534 47 8 27 86 5828 16755 12 2 140 0.45 35 41 0
1 534 47 8 29 86 5828 16800 19 1 140 0.42 32 59 0
1 534 47 8 29 86 5828 16800 10 2 140 0.3 36 57 0
1 534 47 8 29 86 5828 16800 7 2 140 0.16 23 55 0
1 534 47 8 29 86 5828 16800 17 2 140 0.7 38 53 0
1 534 47 8 29 86 5828 16800 6 2 140 0.12 22 51 0
1 534 47 8 29 86 5839 16820 16 1 140 0.3 30 69 0
1 534 47 8 29 86 5839 16820 18 2 140 0.5 34 67 0
1 534 47 8 29 86 5839 16820 10 2 140 0.24 29 65 0
1 534 47 8 29 86 5839 16820 13 2 140 0.32 30 63 0
1 534 47 8 29 86 5839 16820 10 2 140 0.34 32 61 0
1 534 49 8 30 86 5839 16824 12 2 140 0.28 29 89 0
1 534 49 8 30 86 5839 16824 13 2 140 0.5 33 87 0
1 534 49 8 30 86 5839 16824 12 2 140 0.32 30 85 0
1 534 49 8 30 86 5839 16824 15 1 140 0.4 32 83 0
1 534 49 8 30 86 5839 16824 13 1 140 0.3 30 81 0
1 534 47 8 31 86 5835 16756 13 2 140 0.28 28 99 0
1 534 47 8 31 86 5835 16756 15 2 140 0.54 36 97 0
1 534 47 8 31 86 5835 16756 7 2 140 0.1 20 95 0
1 534 47 8 31 86 5835 16756 5 1 140 0.12 21 93 0
1 534 47 8 31 86 5835 16756 7 1 140 0.16 22 91 0
1 534 48 9 1 86 5905 16903 9 1 140 0.22 25 109 0
1 534 48 9 1 86 5905 16903 7 1 140 0.14 22 107 0
1 534 48 9 1 86 5905 16903 10 2 140 0.3 29 105 0
1 534 48 9 1 86 5905 16903 15 2 140 0.44 36 103 0
1 534 48 9 1 86 5905 16903 7 2 140 0.14 23 101 0
1 534 48 9 1 86 5857 16844 20 1 140 0.5 35 119 0
1 534 48 9 1 86 5857 16844 10 2 140 0.22 28 117 0
1 534 48 9 1 86 5857 16844 7 2 140 0.1 21 115 0
1 534 48 9 1 86 5857 16844 9 2 140 0.28 29 113 0
1 534 48 9 1 86 5857 16844 7 2 140 0.14 23 111 0
1 534 48 9 2 86 5909 16908 7 1 140 0.1 21 129 0
1 534 48 9 2 86 5909 16908 6 1 140 0.08 21 127 0
1 534 48 9 2 86 5909 16908 7 2 140 0.06 19 125 0
1 534 48 9 2 86 5909 16908 8 2 140 0.16 24 123 0
1 534 48 9 2 86 5909 16908 8 2 140 0.1 21 121 0
1 534 50 9 3 86 5854 16849 16 1 140 0.36 31 137 0
1 534 50 9 3 86 5854 16849 7 1 140 0.1 20 135 0
1 534 50 9 3 86 5854 16849 20 2 140 0.7 39 133 0
1 534 50 9 3 86 5854 16849 7 1 140 0.16 24 139 0
1 534 50 9 3 86 5854 16849 7 2 140 0.16 23 131 0
1 534 63 9 7 86 5801 16733 10 1 140 0.44 33 149 0
1 534 63 9 7 86 5801 16733 10 2 140 0.22 26 145 0
1 534 63 9 7 86 5801 16733 16 2 140 0.48 35 143 0
1 534 63 9 7 86 5801 16733 7 1 140 0.12 20 147 0
1 534 63 9 7 86 5801 16733 7 2 140 0.1 21 141 0
1 534 61 9 7 86 5800 16736 22 2 140 0.56 37 151 0
1 534 61 9 7 86 5800 16736 10 1 140 0.14 25 155 0
1 534 61 9 7 86 5800 16736 14 2 140 0.46 35 153 0
1 534 61 9 8 86 5811 16717 9 2 140 0.12 22 159 0
1 534 61 9 8 86 5811 16717 6 1 140 0.12 21 157 0
1 534 61 9 9 86 5808 16712 12 2 140 0.24 26 163 0
1 534 61 9 9 86 5808 16712 11 1 140 0.46 34 161 0
1 534 61 9 10 86 5801 16655 16 1 140 0.46 34 165 0
1 534 61 9 10 86 5802 16728 9 1 140 0.18 24 167 0
1 534 63 9 11 86 5813 16722 6 1 140 0.1 22 169 0
1 534 60 9 12 86 5819 16724 7 1 140 0.14 26 171 0
1 534 60 9 18 86 5814 16729 14 2 140 0.54 37 175 0
1 534 60 9 18 86 5814 16729 10 1 140 0.18 24 173 0
1 534 58 9 19 86 5807 16752 18 2 140 0.62 40 177 0
1 534 60 9 21 86 5808 16742 7 1 140 0.12 22 179 0
1 534 60 9 22 86 5819 16748 18 2 140 0.56 38 181 0
1 534 48 9 24 86 5824 16721 9 2 140 0.1 19 183 0
1 534 48 9 24 86 5824 16721 19 2 140 0.8 39 185 0
1 534 49 9 25 86 5820 16708 19 2 140 0.84 41 187 0
1 534 49 9 25 86 5820 16708 20 1 140 0.6 35 189 0
1 534 47 9 25 86 5824 16734 8 1 140 0.14 23 191 0
1 534 50 9 26 86 5832 16805 7 1 140 0.14 23 195 0
1 534 50 9 26 86 5832 16805 5 2 140 0.08 18 193 0
1 534 64 9 27 86 5828 16925 16 2 140 0.6 38 197 0
1 534 50 9 29 86 5820 16648 8 2 140 0.1 20 199 0
1 514 42 5 23 86 5819 16506 5 2 140 0.06 15 60 0
1 514 42 5 23 86 5819 16506 16 2 140 0.44 32 59 0
1 514 42 5 23 86 5819 16506 16 2 140 0.48 35 57 0
1 514 42 5 23 86 5819 16506 9 2 140 0.2 25 56 0
1 514 42 5 23 86 5819 16506 8 2 140 0.2 25 55 0
1 514 42 5 23 86 5819 16506 8 2 140 0.14 23 53 0
1 514 42 5 23 86 5819 16506 10 2 140 0.15 24 52 0
1 514 42 5 23 86 5819 16506 15 2 140 0.4 32 51 0
1 514 42 5 23 86 5819 16506 6 2 140 0.08 18 49 0
1 514 42 5 23 86 5819 16506 6 2 140 0.05 16 48 0
1 514 42 5 23 86 5819 16506 11 2 140 0.34 30 47 0
1 514 42 5 23 86 5819 16506 10 2 140 0.21 25 45 0
1 514 42 5 23 86 5819 16506 11 2 140 0.26 28 44 0
1 514 42 5 23 86 5819 16506 11 2 140 0.25 28 43 0
1 514 42 5 23 86 5819 16506 12 2 140 0.3 30 41 0
1 514 42 5 23 86 5819 16506 7 2 140 0.1 19 40 0
1 514 42 5 23 86 5819 16506 5 2 140 0.08 19 39 0
1 514 42 5 23 86 5819 16506 18 2 140 0.32 29 37 0
1 514 42 5 23 86 5819 16506 14 2 140 0.38 30 36 0
1 514 42 5 23 86 5819 16506 15 2 140 0.3 29 35 0
1 514 42 5 23 86 5819 16506 10 2 140 0.45 33 34 0
1 514 42 5 23 86 5819 16506 12 2 140 0.42 32 33 0
1 514 42 5 23 86 5819 16506 18 2 140 0.38 32 32 0
1 514 42 5 23 86 5819 16506 16 2 140 0.35 31 31 0
1 514 42 5 23 86 5819 16506 14 1 140 0.35 31 30 0
1 514 42 5 23 86 5819 16506 7 1 140 0.09 19 29 0
1 514 42 5 23 86 5819 16506 18 1 140 0.38 32 28 0
1 514 42 5 23 86 5819 16506 15 1 140 0.3 29 27 0
1 514 42 5 23 86 5819 16506 17 1 140 0.39 32 8 0
1 514 42 5 23 86 5819 16506 10 1 140 0.2 25 12 0
1 514 42 5 23 86 5819 16506 17 1 140 0.25 28 16 0
1 514 42 5 23 86 5819 16506 10 2 140 0.38 31 38 0
1 514 42 5 23 86 5819 16506 5 2 140 0.05 16 42 0
1 514 42 5 23 86 5819 16506 13 2 140 0.39 31 46 0
1 514 42 5 23 86 5819 16506 13 2 140 0.3 27 50 0
1 514 42 5 23 86 5819 16506 11 2 140 0.24 29 54 0
1 514 42 5 23 86 5819 16506 16 2 140 0.38 31 58 0
1 514 42 5 23 86 5819 16506 7 1 140 0.11 22 26 0
1 514 42 5 23 86 5819 16506 14 1 140 0.25 28 25 0
1 514 42 5 23 86 5819 16506 15 1 140 0.33 29 24 0
1 514 42 5 23 86 5819 16506 6 1 140 0.08 19 23 0
1 514 42 5 23 86 5819 16506 10 1 140 0.21 26 22 0
1 514 42 5 23 86 5819 16506 7 1 140 0.1 20 21 0
1 514 42 5 23 86 5819 16506 4 1 140 -9 12 20 0
1 514 42 5 23 86 5819 16506 16 1 140 0.33 30 4 0
1 514 42 5 23 86 5819 16506 10 1 140 0.23 28 19 0
1 514 42 5 23 86 5819 16506 8 1 140 0.26 27 18 0
1 514 42 5 23 86 5819 16506 9 1 140 0.25 27 17 0
1 514 42 5 23 86 5819 16506 16 1 140 0.18 25 15 0
1 514 42 5 23 86 5819 16506 4 1 140 -9 11 14 0
1 514 42 5 23 86 5819 16506 6 1 140 0.08 19 13 0
1 514 42 5 23 86 5819 16506 8 1 140 0.12 22 11 0
1 514 42 5 23 86 5819 16506 10 1 140 0.29 27 10 0
1 514 42 5 23 86 5819 16506 17 1 140 0.31 29 9 0
1 514 42 5 23 86 5819 16506 17 1 140 0.32 29 7 0
1 514 42 5 23 86 5819 16506 10 1 140 0.25 28 6 0
1 514 42 5 23 86 5819 16506 8 1 140 0.1 19 5 0
1 514 42 5 23 86 5819 16506 11 1 140 0.3 28 3 0
1 514 42 5 23 86 5819 16506 15 1 140 0.5 34 2 0
1 514 42 5 23 86 5819 16506 4 1 140 -9 12 1 0
1 513 66 5 31 86 5734 16547 6 2 140 0.1 20 133 0
1 513 66 5 31 86 5734 16547 17 2 140 0.45 33 132 0
1 513 66 5 31 86 5734 16547 9 2 140 0.15 23 130 0
1 513 66 5 31 86 5734 16547 10 2 140 0.5 34 129 0
1 513 66 5 31 86 5734 16547 16 2 140 0.5 33 128 0
1 513 66 5 31 86 5734 16547 21 2 140 0.65 37 126 0
1 513 66 5 31 86 5734 16547 8 2 140 0.1 22 125 0
1 513 66 5 31 86 5734 16547 16 2 140 0.5 34 124 0
1 513 66 5 31 86 5734 16547 7 1 140 0.09 20 119 0
1 513 66 5 31 86 5734 16547 6 2 140 0.09 19 123 0
1 513 66 5 31 86 5734 16547 16 2 140 0.72 37 127 0
1 513 66 5 31 86 5734 16547 11 2 140 0.4 33 131 0
1 513 66 5 31 86 5734 16547 10 2 140 0.15 24 122 0
1 513 66 5 31 86 5734 16547 6 2 140 0.15 24 121 0
1 513 66 5 31 86 5734 16547 7 1 140 0.1 20 120 0
1 513 66 5 31 86 5734 16547 7 1 140 0.14 23 118 0
1 513 66 5 31 86 5734 16547 6 1 140 0.15 23 117 0
1 534 0 9 29 86 5802 16757 13 2 140 0.23 28 71 0
1 534 0 9 29 86 5802 16757 10 2 140 0.43 34 70 0
1 534 0 9 29 86 5802 16757 13 2 140 0.45 33 69 0
1 534 0 9 29 86 5802 16757 14 2 140 0.6 38 73 0
1 534 0 9 29 86 5802 16757 16 1 140 0.33 32 78 0
1 534 0 9 29 86 5802 16757 19 1 140 0.38 32 79 0
1 534 0 9 29 86 5802 16757 8 1 140 0.18 26 80 0
1 534 0 9 29 86 5802 16757 19 1 140 0.36 33 81 0
1 534 0 9 29 86 5802 16757 15 1 140 0.17 25 82 0
1 534 0 9 29 86 5802 16757 13 1 140 0.23 27 83 0
1 534 0 9 29 86 5802 16757 19 1 140 0.46 32 84 0
1 534 0 9 29 86 5802 16757 7 1 140 0.12 23 86 0
1 534 0 9 29 86 5802 16757 11 2 140 0.27 29 75 0
1 534 0 9 29 86 5802 16757 16 1 140 0.31 31 85 0
1 534 0 9 29 86 5802 16757 19 2 140 0.5 35 68 0
1 534 0 9 29 86 5802 16757 13 2 140 0.43 34 72 0
1 534 0 9 29 86 5802 16757 10 2 140 0.27 29 76 0
1 534 0 9 29 86 5802 16757 13 1 140 0.4 33 77 0
1 534 0 9 29 86 5802 16757 10 2 140 0.25 28 74 0
1 534 0 9 29 86 5802 16757 17 2 140 0.65 36 67 0
1 513 0 9 26 86 5752 16754 11 2 140 0.34 30 3 0
1 513 0 9 26 86 5752 16754 15 2 140 0.43 33 2 0
1 513 0 9 26 86 5752 16754 15 2 140 0.31 31 4 0
1 513 0 9 26 86 5752 16754 20 2 140 0.36 31 6 0
1 513 0 9 26 86 5752 16754 11 2 140 0.3 28 11 0
1 513 0 9 26 86 5752 16754 9 2 140 0.26 30 12 0
1 513 0 9 26 86 5752 16754 11 2 140 0.25 28 13 0
1 513 0 9 26 86 5752 16754 10 2 140 0.29 30 15 0
1 513 0 9 26 86 5752 16754 11 2 140 0.34 30 16 0
1 513 0 9 26 86 5752 16754 14 2 140 0.33 32 17 0
1 513 0 9 26 86 5752 16754 11 2 140 0.26 28 19 0
1 513 0 9 26 86 5752 16754 19 2 140 0.35 32 20 0
1 513 0 9 26 86 5752 16754 10 2 140 0.24 27 10 0
1 513 0 9 26 86 5752 16754 13 2 140 0.35 30 14 0
1 513 0 9 26 86 5752 16754 12 2 140 0.25 27 18 0
1 513 0 9 26 86 5752 16754 11 2 140 0.32 31 8 0
1 513 0 9 26 86 5752 16754 9 2 140 0.25 26 9 0
1 513 0 9 26 86 5752 16754 12 2 140 0.3 31 7 0
1 513 0 9 26 86 5752 16754 8 2 140 0.35 31 5 0
1 513 0 9 26 86 5752 16754 22 2 140 0.45 35 1 0
1 534 0 9 20 86 5802 16552 11 2 140 0.15 23 105 0
1 534 0 9 20 86 5802 16552 10 2 140 0.25 26 106 0
1 534 0 9 20 86 5802 16552 8 2 140 0.2 26 104 0
1 534 0 9 20 86 5802 16552 8 2 140 0.2 23 103 0
1 534 0 9 20 86 5802 16552 9 2 140 0.2 25 102 0
1 534 0 9 20 86 5802 16552 7 2 140 0.2 22 118 0
1 534 0 9 20 86 5802 16552 15 1 140 0.25 27 120 0
1 534 0 9 20 86 5802 16552 6 2 140 0.15 21 108 0
1 534 0 9 20 86 5802 16552 11 2 140 0.3 27 109 0
1 534 0 9 20 86 5802 16552 13 2 140 0.5 35 110 0
1 534 0 9 20 86 5802 16552 7 2 140 0.2 25 112 0
1 534 0 9 20 86 5802 16552 13 2 140 0.5 34 113 0
1 534 0 9 20 86 5802 16552 10 2 140 0.35 29 114 0
1 534 0 9 20 86 5802 16552 7 2 140 0.2 24 116 0
1 534 0 9 20 86 5802 16552 12 2 140 0.6 37 117 0
1 534 0 9 20 86 5802 16552 7 2 140 0.15 21 107 0
1 534 0 9 20 86 5802 16552 10 2 140 0.25 27 111 0
1 534 0 9 20 86 5802 16552 10 2 140 0.3 29 115 0
1 534 0 9 20 86 5802 16552 7 2 140 0.2 22 119 0
1 534 0 9 20 86 5802 16552 7 2 140 0.15 21 101 0
1 534 0 9 30 86 5825 16727 7 2 140 0.2 24 74 0
1 534 0 9 30 86 5825 16727 7 1 140 0.15 22 92 0
1 534 0 9 30 86 5825 16727 7 2 140 0.2 24 75 0
1 534 0 9 30 86 5825 16727 7 2 140 0.2 24 71 0
1 534 0 9 30 86 5825 16727 11 2 140 0.35 28 76 0
1 534 0 9 30 86 5825 16727 7 2 140 0.25 25 80 0
1 534 0 9 30 86 5825 16727 13 1 140 0.3 27 91 0
1 534 0 9 30 86 5825 16727 18 2 140 0.8 40 73 0
1 534 0 9 30 86 5825 16727 10 1 140 0.25 26 93 0
1 534 0 9 30 86 5825 16727 6 2 140 0.1 18 72 0
1 513 0 9 27 86 5750 16801 15 2 140 0.24 26 42 0
1 513 0 9 27 86 5750 16801 14 2 140 0.42 33 43 0
1 513 0 9 27 86 5750 16801 12 2 140 0.29 29 44 0
1 513 0 9 27 86 5750 16801 12 2 140 0.32 29 46 0
1 513 0 9 27 86 5750 16801 12 2 140 0.42 33 45 0
1 513 0 9 27 86 5750 16801 18 2 140 0.55 35 41 0
1 513 0 10 3 86 5734 16742 7 2 140 0.1 20 100 0
1 513 0 10 3 86 5734 16742 7 2 140 0.12 22 99 0
1 513 0 10 3 86 5734 16742 7 2 140 0.25 26 98 0
1 534 0 9 27 86 5810 16759 16 1 140 0.34 29 22 0
1 534 0 9 27 86 5810 16759 10 1 140 0.25 27 23 0
1 534 0 9 27 86 5810 16759 13 1 140 0.28 27 26 0
1 534 0 9 27 86 5810 16759 12 1 140 0.31 30 29 0
1 534 0 9 27 86 5810 16759 14 1 140 0.28 29 33 0
1 534 0 9 27 86 5810 16759 14 1 140 0.35 31 34 0
1 534 0 9 27 86 5810 16759 20 1 140 0.47 34 36 0
1 534 0 9 27 86 5810 16759 16 1 140 0.25 27 37 0
1 534 0 9 27 86 5810 16759 11 1 140 0.32 30 38 0
1 534 0 9 27 86 5810 16759 20 1 140 0.35 30 39 0
1 534 0 9 27 86 5810 16759 10 1 140 0.25 28 40 0
1 534 0 9 27 86 5810 16759 12 1 140 0.3 30 35 0
1 534 0 9 27 86 5810 16759 15 1 140 0.26 29 24 0
1 534 0 9 27 86 5810 16759 14 1 140 0.3 29 28 0
1 534 0 9 27 86 5810 16759 14 1 140 0.41 32 31 0
1 534 0 9 27 86 5810 16759 15 1 140 0.28 28 32 0
1 534 0 9 27 86 5810 16759 15 1 140 0.29 28 30 0
1 534 0 9 27 86 5810 16759 16 1 140 0.27 29 27 0
1 534 0 9 27 86 5810 16759 14 1 140 0.3 30 25 0
1 534 0 9 27 86 5810 16759 13 1 140 0.23 26 21 0
1 513 0 9 28 86 5756 16755 10 1 140 0.18 25 51 0
1 513 0 9 28 86 5756 16755 9 1 140 0.22 27 53 0
1 513 0 9 28 86 5756 16755 10 1 140 0.23 26 57 0
1 513 0 9 28 86 5756 16755 7 1 140 0.11 22 60 0
1 513 0 9 28 86 5756 16755 14 2 140 0.36 32 66 0
1 513 0 9 28 86 5756 16755 23 1 140 0.35 31 55 0
1 513 0 9 28 86 5756 16755 15 2 140 0.4 32 65 0
1 513 0 9 28 86 5756 16755 12 1 140 0.32 31 50 0
1 513 0 9 28 86 5756 16755 11 1 140 0.2 26 54 0
1 513 0 9 28 86 5756 16755 18 1 140 0.35 31 59 0
1 513 0 9 28 86 5756 16755 15 2 140 0.34 32 63 0
1 513 0 9 28 86 5756 16755 11 2 140 0.45 34 62 0
1 513 0 9 28 86 5756 16755 9 2 140 0.45 34 64 0
1 513 0 9 28 86 5756 16755 8 1 140 0.15 25 61 0
1 513 0 9 28 86 5756 16755 16 1 140 0.22 26 58 0
1 513 0 9 28 86 5756 16755 12 1 140 0.28 28 56 0
1 513 0 9 28 86 5756 16755 13 1 140 0.16 25 52 0
1 513 0 9 28 86 5756 16755 14 1 140 0.19 25 49 0
1 513 0 9 28 86 5756 16755 15 1 140 0.3 28 48 0
1 513 0 9 28 86 5756 16755 11 1 140 0.19 27 47 0
1 534 0 9 30 86 5803 16758 20 2 140 0.42 33 89 0
1 534 0 9 30 86 5803 16758 9 2 140 0.32 29 88 0
1 534 0 9 30 86 5803 16758 10 2 140 0.23 27 91 0
1 534 0 9 30 86 5803 16758 9 2 140 0.28 27 93 0
1 534 0 9 30 86 5803 16758 7 2 140 0.2 26 90 0
1 534 0 9 30 86 5803 16758 19 1 140 0.35 31 95 0
1 534 0 9 30 86 5803 16758 7 1 140 0.15 24 96 0
1 534 0 9 30 86 5803 16758 20 1 140 0.4 33 97 0
1 534 0 9 30 86 5803 16758 12 2 140 0.36 33 94 0
1 534 0 9 30 86 5803 16758 10 2 140 0.23 27 92 0
1 534 0 9 30 86 5803 16758 19 2 140 0.54 35 87 0
1 534 0 9 27 86 5824 16717 9 2 140 0.2 25 174 0
1 534 0 9 28 86 5827 16705 11 1 140 0.35 28 176 0
1 534 0 9 28 86 5827 16705 9 1 140 0.25 24 178 0
1 534 0 9 28 86 5827 16705 13 1 140 0.3 26 180 0
1 534 0 9 28 86 5827 16705 7 1 140 0.15 20 182 0
1 534 0 9 28 86 5827 16705 10 1 140 0.25 26 187 0
1 534 0 9 28 86 5827 16705 7 1 140 0.25 25 188 0
1 534 0 9 28 86 5827 16705 7 1 140 0.1 18 189 0
1 534 0 9 28 86 5827 16705 13 1 140 0.4 30 185 0
1 534 0 9 28 86 5827 16705 12 2 140 0.55 38 190 0
1 534 0 9 28 86 5827 16705 7 1 140 0.2 22 184 0
1 534 0 9 28 86 5827 16705 9 1 140 0.35 29 186 0
1 534 0 9 28 86 5827 16705 16 1 140 0.35 30 183 0
1 534 0 9 28 86 5827 16705 12 1 140 0.35 30 181 0
1 534 0 9 28 86 5827 16705 10 1 140 0.3 28 179 0
1 534 0 9 28 86 5827 16705 17 1 140 0.55 33 177 0
1 534 0 9 28 86 5827 16705 10 1 140 0.35 28 175 0
1 534 0 9 29 86 5826 16639 9 2 140 0.15 23 53 0
1 534 0 9 29 86 5826 16639 8 2 140 0.2 23 58 0
1 534 0 9 29 86 5826 16639 8 2 140 0.2 25 56 0
1 534 0 9 29 86 5826 16639 8 2 140 0.3 27 54 0
1 534 0 9 29 86 5826 16639 8 2 140 0.2 24 192 0
1 534 0 9 29 86 5826 16639 7 2 140 0.2 22 193 0
1 534 0 9 29 86 5826 16639 10 2 140 0.3 29 194 0
1 534 0 9 29 86 5826 16639 7 2 140 0.15 20 196 0
1 534 0 9 29 86 5826 16639 6 2 140 0.1 20 198 0
1 534 0 9 29 86 5826 16639 7 2 140 0.15 20 199 0
1 534 0 9 29 86 5826 16639 10 2 140 0.4 29 195 0
1 534 0 9 29 86 5826 16639 17 2 140 0.65 37 200 0
1 534 0 9 29 86 5826 16639 13 2 140 0.55 35 52 0
1 534 0 9 29 86 5826 16639 19 2 140 0.65 39 57 0
1 534 0 9 29 86 5826 16639 6 2 140 0.15 19 191 0
1 534 0 9 29 86 5826 16639 7 2 140 0.15 20 197 0
1 534 0 9 29 86 5826 16639 17 2 140 0.7 39 55 0
1 534 0 9 29 86 5826 16639 18 1 140 0.5 34 59 0
1 534 0 9 29 86 5826 16639 19 1 140 0.5 35 60 0
1 534 0 9 29 86 5826 16639 21 2 140 0.65 39 51 0
1 534 0 10 1 86 5820 16717 9 2 140 0.3 28 95 0
1 534 0 10 1 86 5820 16717 11 1 140 0.25 27 94 0
1 534 0 10 2 86 5808 16622 7 2 140 0.1 20 98 0
1 534 0 10 2 86 5808 16622 6 2 140 0.05 18 97 0
1 534 0 10 2 86 5808 16622 6 2 140 0.1 22 96 0
1 534 0 10 3 86 5811 16613 23 1 140 0.45 34 100 0
1 534 0 10 3 86 5811 16613 6 1 140 0.05 18 99 0
1 534 0 9 11 86 5811 16719 10 2 140 0.4 33 2 0
1 534 0 9 11 86 5811 16719 13 1 140 0.3 28 3 0
1 534 0 9 11 86 5811 16719 12 1 140 0.33 31 9 0
1 534 0 9 11 86 5811 16719 19 1 140 0.3 29 10 0
1 534 0 9 11 86 5811 16719 14 2 140 0.25 28 8 0
1 534 0 9 11 86 5811 16719 19 1 140 0.25 29 6 0
1 534 0 9 11 86 5811 16719 17 1 140 0.3 31 4 0
1 534 0 9 11 86 5811 16719 16 1 140 0.3 29 12 0
1 534 0 9 11 86 5811 16719 10 2 140 0.33 31 13 0
1 534 0 9 11 86 5811 16719 13 1 140 0.27 28 14 0
1 534 0 9 11 86 5811 16719 15 2 140 0.42 33 16 0
1 534 0 9 11 86 5811 16719 13 1 140 0.35 30 19 0
1 534 0 9 11 86 5811 16719 15 2 140 0.4 33 5 0
1 534 0 9 11 86 5811 16719 19 2 140 0.35 31 7 0
1 534 0 9 11 86 5811 16719 13 1 140 0.3 29 11 0
1 534 0 9 11 86 5811 16719 9 2 140 0.3 30 15 0
1 534 0 9 11 86 5811 16719 13 1 140 0.28 30 20 0
1 534 0 9 11 86 5811 16719 9 2 140 0.25 28 1 0
1 514 0 8 25 86 5830 16629 16 1 140 0.25 26 43 0
1 514 0 8 25 86 5830 16629 13 1 140 0.4 33 46 0
1 514 0 8 25 86 5830 16629 15 1 140 0.25 29 50 0
1 514 0 8 25 86 5830 16629 16 2 140 0.4 34 63 0
1 514 0 8 25 86 5830 16629 10 2 140 0.3 28 66 0
1 514 0 8 25 86 5830 16629 12 2 140 0.45 35 67 0
1 514 0 8 25 86 5830 16629 15 2 140 0.6 35 68 0
1 514 0 8 25 86 5830 16629 7 2 140 0.18 23 70 0
1 514 0 8 25 86 5830 16629 9 1 140 0.27 29 45 0
1 514 0 8 25 86 5830 16629 14 2 140 0.4 31 60 0
1 514 0 8 25 86 5830 16629 14 2 140 0.5 33 65 0
1 514 0 8 25 86 5830 16629 14 2 140 0.31 29 51 0
1 514 0 8 25 86 5830 16629 10 2 140 0.31 28 55 0
1 514 0 8 25 86 5830 16629 18 2 140 0.6 36 59 0
1 514 0 8 25 86 5830 16629 10 2 140 0.33 29 64 0
1 514 0 8 25 86 5830 16629 9 2 140 0.24 26 69 0
1 514 0 8 25 86 5830 16629 7 2 140 0.25 25 52 0
1 514 0 8 25 86 5830 16629 12 2 140 0.41 32 53 0
1 514 0 8 25 86 5830 16629 16 2 140 0.64 36 54 0
1 514 0 8 25 86 5830 16629 10 2 140 0.4 31 56 0
1 514 0 8 25 86 5830 16629 11 2 140 0.32 29 57 0
1 514 0 8 25 86 5830 16629 18 2 140 0.68 36 58 0
1 514 0 8 25 86 5830 16629 13 2 140 0.4 30 61 0
1 514 0 8 25 86 5830 16629 12 2 140 0.46 33 62 0
1 514 0 8 25 86 5830 16629 16 1 140 0.35 30 48 0
1 514 0 8 25 86 5830 16629 13 1 140 0.35 31 47 0
1 514 0 8 25 86 5830 16629 10 1 140 0.32 30 44 0
1 514 0 8 25 86 5830 16629 8 1 140 0.2 26 42 0
1 514 0 8 25 86 5830 16629 12 1 140 0.28 30 41 0
1 534 0 8 27 86 5834 16659 7 1 140 0.2 25 77 0
1 534 0 8 27 86 5834 16659 12 1 140 0.35 29 79 0
1 534 0 8 27 86 5834 16659 7 1 140 0.17 22 84 0
1 534 0 8 27 86 5834 16659 7 1 140 0.14 21 86 0
1 534 0 8 27 86 5834 16659 10 1 140 0.2 24 87 0
1 534 0 8 27 86 5834 16659 7 1 140 0.17 22 88 0
1 534 0 8 27 86 5834 16659 6 1 140 0.2 23 89 0
1 534 0 8 27 86 5834 16659 7 1 140 0.11 20 91 0
1 534 0 8 27 86 5834 16659 7 1 140 0.17 22 92 0
1 534 0 8 27 86 5834 16659 8 1 140 0.21 23 93 0
1 534 0 8 27 86 5834 16659 7 1 140 0.19 22 94 0
1 534 0 8 27 86 5834 16659 7 1 140 0.18 21 95 0
1 534 0 8 27 86 5834 16659 7 1 140 0.17 21 96 0
1 534 0 8 27 86 5834 16659 5 2 140 0.1 17 97 0
1 534 0 8 27 86 5834 16659 23 2 140 0.48 34 99 0
1 534 0 8 27 86 5834 16659 12 2 140 0.3 27 100 0
1 534 0 8 27 86 5834 16659 12 2 140 0.49 34 101 0
1 534 0 8 27 86 5834 16659 10 2 140 0.26 26 103 0
1 534 0 8 27 86 5834 16659 8 2 140 0.2 27 104 0
1 534 0 8 27 86 5834 16659 11 2 140 0.24 27 106 0
1 534 0 8 27 86 5834 16659 7 2 140 0.15 21 108 0
1 534 0 8 27 86 5834 16659 7 2 140 0.11 21 109 0
1 534 0 8 27 86 5834 16659 9 2 140 0.26 28 110 0
1 534 0 8 27 86 5834 16659 12 2 140 0.58 36 112 0
1 534 0 8 27 86 5834 16659 9 2 140 0.2 26 113 0
1 534 0 8 27 86 5834 16659 9 2 140 0.16 23 114 0
1 534 0 8 27 86 5834 16659 7 2 140 0.12 22 116 0
1 534 0 8 27 86 5834 16659 7 2 140 0.13 21 117 0
1 534 0 8 27 86 5834 16659 7 2 140 0.13 21 118 0
1 534 0 8 27 86 5834 16659 7 2 140 0.11 19 119 0
1 534 0 8 27 86 5834 16659 8 2 140 0.17 22 120 0
1 534 0 8 27 86 5834 16659 17 1 140 0.39 31 80 0
1 534 0 8 27 86 5834 16659 24 1 140 0.58 36 85 0
1 534 0 8 27 86 5834 16659 7 1 140 0.23 24 90 0
1 534 0 8 27 86 5834 16659 13 2 140 0.5 35 105 0
1 534 0 8 27 86 5834 16659 15 1 140 0.43 32 73 0
1 534 0 8 27 86 5834 16659 18 2 140 0.6 36 98 0
1 534 0 8 27 86 5834 16659 12 2 140 0.4 34 102 0
1 534 0 8 27 86 5834 16659 17 2 140 0.51 35 107 0
1 534 0 8 27 86 5834 16659 16 2 140 0.76 38 111 0
1 534 0 8 27 86 5834 16659 6 2 140 0.15 24 115 0
1 534 0 8 27 86 5834 16659 9 1 140 0.3 28 82 0
1 534 0 8 27 86 5834 16659 7 1 140 0.15 20 83 0
1 534 0 8 27 86 5834 16659 15 1 140 0.3 28 81 0
1 534 0 8 27 86 5834 16659 13 1 140 0.41 32 78 0
1 534 0 8 27 86 5834 16659 14 1 140 0.4 31 76 0
1 534 0 8 27 86 5834 16659 17 1 140 0.35 31 72 0
1 534 0 8 27 86 5834 16659 11 1 140 0.32 29 75 0
1 534 0 8 27 86 5834 16659 9 1 140 0.38 29 74 0
1 534 0 8 27 86 5834 16659 10 1 140 0.26 26 71 0
1 534 0 8 28 86 5828 16749 9 1 140 0.23 24 123 0
1 534 0 8 28 86 5828 16749 7 1 140 0.18 23 125 0
1 534 0 8 28 86 5828 16749 16 2 140 0.26 28 129 0
1 534 0 8 28 86 5828 16749 19 2 140 0.8 40 130 0
1 534 0 8 28 86 5828 16749 12 2 140 0.37 30 131 0
1 534 0 8 28 86 5828 16749 15 2 140 0.6 37 132 0
1 534 0 8 28 86 5828 16749 10 2 140 0.24 28 133 0
1 534 0 8 28 86 5828 16749 9 2 140 0.29 26 134 0
1 534 0 8 28 86 5828 16749 7 2 140 0.2 21 135 0
1 534 0 8 28 86 5828 16749 7 2 140 0.22 25 136 0
1 534 0 8 28 86 5828 16749 19 1 140 0.55 33 127 0
1 534 0 8 28 86 5828 16749 7 1 140 0.2 23 128 0
1 534 0 8 28 86 5828 16749 7 1 140 0.15 21 126 0
1 534 0 8 28 86 5828 16749 9 1 140 0.22 24 124 0
1 534 0 8 28 86 5828 16749 7 1 140 0.2 21 122 0
1 534 0 8 28 86 5828 16749 15 1 140 0.47 33 121 0
1 534 0 8 29 86 5830 16708 7 2 140 0.18 23 141 0
1 534 0 8 29 86 5830 16708 9 2 140 0.2 25 144 0
1 534 0 8 29 86 5830 16708 7 2 140 0.2 22 149 0
1 534 0 8 29 86 5830 16708 8 2 140 0.21 24 150 0
1 534 0 8 29 86 5830 16708 7 2 140 0.17 20 152 0
1 534 0 8 29 86 5830 16708 7 1 140 0.1 18 138 0
1 534 0 8 29 86 5830 16708 8 2 140 0.2 25 143 0
1 534 0 8 29 86 5830 16708 19 2 140 0.67 38 147 0
1 534 0 8 29 86 5830 16708 6 2 140 0.18 20 151 0
1 534 0 8 29 86 5830 16708 7 2 140 0.18 20 146 0
1 534 0 8 29 86 5830 16708 7 2 140 0.19 22 148 0
1 534 0 8 29 86 5830 16708 7 2 140 0.19 22 145 0
1 534 0 8 29 86 5830 16708 7 2 140 0.25 24 142 0
1 534 0 8 29 86 5830 16708 7 1 140 0.1 19 140 0
1 534 0 8 29 86 5830 16708 13 1 140 0.41 33 139 0
1 534 0 8 29 86 5830 16708 7 1 140 0.18 23 137 0
1 534 0 9 14 86 5813 16630 19 2 140 0.5 36 33 0
1 534 0 9 14 86 5813 16630 12 2 140 0.4 32 34 0
1 534 0 9 14 86 5813 16630 18 2 140 0.45 35 32 0
1 534 0 9 14 86 5813 16630 16 2 140 0.5 34 31 0
1 534 0 9 15 86 5810 16604 15 2 140 0.4 31 37 0
1 534 0 9 15 86 5810 16604 10 2 140 0.5 33 36 0
1 534 0 9 15 86 5810 16604 14 2 140 0.45 31 39 0
1 534 0 9 15 86 5810 16604 13 2 140 0.4 32 41 0
1 534 0 9 15 86 5810 16604 19 2 140 0.6 37 42 0
1 534 0 9 15 86 5810 16604 11 2 140 0.3 28 40 0
1 534 0 9 15 86 5810 16604 17 2 140 0.45 32 38 0
1 534 0 9 15 86 5810 16604 12 2 140 0.3 29 35 0
1 534 0 9 16 86 5806 16556 12 2 140 0.35 30 22 0
1 534 0 9 16 86 5806 16556 12 2 140 0.3 30 26 0
1 534 0 9 16 86 5806 16556 12 2 140 0.2 26 27 0
1 534 0 9 16 86 5806 16556 18 2 140 0.5 34 25 0
1 534 0 9 16 86 5806 16556 10 2 140 0.4 30 30 0
1 534 0 9 16 86 5806 16556 16 2 140 0.45 32 50 0
1 534 0 9 16 86 5806 16556 14 2 140 0.5 34 24 0
1 534 0 9 16 86 5806 16556 16 2 140 0.4 30 28 0
1 534 0 9 16 86 5806 16556 19 2 140 0.45 33 23 0
1 534 0 9 16 86 5806 16556 13 2 140 0.3 24 29 0
1 534 0 9 16 86 5806 16556 12 2 140 0.5 35 43 0
1 534 0 9 16 86 5806 16556 13 2 140 0.45 34 44 0
1 534 0 9 16 86 5806 16556 17 2 140 0.75 39 45 0
1 534 0 9 16 86 5806 16556 16 2 140 0.45 31 47 0
1 534 0 9 16 86 5806 16556 16 2 140 0.7 38 48 0
1 534 0 9 16 86 5806 16556 17 2 140 0.55 35 49 0
1 534 0 9 16 86 5806 16556 14 2 140 0.6 36 21 0
1 534 0 9 19 86 5810 16534 9 1 140 0.2 25 79 0
1 534 0 9 19 86 5810 16534 8 1 140 0.15 22 78 0
1 534 0 9 19 86 5810 16534 9 1 140 0.2 24 81 0
1 534 0 9 19 86 5810 16534 6 1 140 0.15 21 83 0
1 534 0 9 19 86 5810 16534 8 1 140 0.15 20 88 0
1 534 0 9 19 86 5810 16534 7 1 140 0.15 20 89 0
1 534 0 9 19 86 5810 16534 5 1 140 0.1 16 90 0
1 534 0 9 19 86 5810 16534 7 1 140 0.15 20 84 0
1 534 0 9 19 86 5810 16534 7 1 140 0.2 24 86 0
1 534 0 9 19 86 5810 16534 7 1 140 0.2 23 87 0
1 534 0 9 19 86 5810 16534 7 1 140 0.2 23 85 0
1 534 0 9 19 86 5810 16534 8 1 140 0.2 25 82 0
1 534 0 9 19 86 5810 16534 10 1 140 0.2 26 77 0
1 534 0 8 31 86 5820 16706 7 2 140 0.18 23 154 0
1 534 0 8 31 86 5820 16706 7 2 140 0.11 19 155 0
1 534 0 8 31 86 5820 16706 7 2 140 0.2 24 156 0
1 534 0 8 31 86 5820 16706 7 2 140 0.2 24 153 0
1 513 0 9 21 86 5757 16514 7 1 140 0.2 23 126 0
1 513 0 9 21 86 5757 16514 8 1 140 0.2 25 127 0
1 513 0 9 21 86 5757 16514 14 1 140 0.5 33 125 0
1 513 0 9 21 86 5757 16514 7 1 140 0.15 21 124 0
1 513 0 9 21 86 5757 16514 16 1 140 0.5 34 122 0
1 513 0 9 21 86 5757 16514 20 1 140 0.45 34 128 0
1 513 0 9 21 86 5757 16514 21 2 140 0.85 38 129 0
1 513 0 9 21 86 5757 16514 18 2 140 0.65 37 130 0
1 513 0 9 21 86 5757 16514 7 1 140 0.2 23 123 0
1 513 0 9 21 86 5757 16514 7 1 140 0.15 20 121 0
1 513 0 9 22 86 5756 16529 7 2 140 0.15 21 134 0
1 513 0 9 22 86 5756 16529 7 1 140 0.2 24 140 0
1 513 0 9 22 86 5756 16529 16 1 140 0.5 33 136 0
1 513 0 9 22 86 5756 16529 6 1 140 0.1 19 138 0
1 513 0 9 22 86 5756 16529 7 1 140 0.5 23 139 0
1 513 0 9 22 86 5756 16529 9 1 140 0.25 27 137 0
1 513 0 9 22 86 5756 16529 7 2 140 0.15 19 135 0
1 513 0 9 22 86 5756 16529 9 2 140 0.25 26 133 0
1 513 0 9 22 86 5756 16529 9 2 140 0.25 26 132 0
1 513 0 9 22 86 5756 16529 20 2 140 0.75 38 131 0
1 513 0 9 23 86 5751 16507 12 1 140 0.25 25 143 0
1 513 0 9 23 86 5751 16507 9 1 140 0.25 26 145 0
1 513 0 9 23 86 5751 16507 10 1 140 0.3 27 147 0
1 513 0 9 23 86 5751 16507 7 1 140 0.2 22 146 0
1 513 0 9 23 86 5751 16507 8 2 140 0.1 19 149 0
1 513 0 9 23 86 5751 16507 9 2 140 0.25 27 150 0
1 513 0 9 23 86 5751 16507 7 2 140 0.15 22 148 0
1 513 0 9 23 86 5751 16507 10 1 140 0.2 24 144 0
1 513 0 9 23 86 5751 16507 6 1 140 0.15 22 142 0
1 513 0 9 23 86 5751 16507 6 1 140 0.1 19 141 0
1 534 0 9 24 86 5810 16554 7 1 140 0.15 21 154 0
1 534 0 9 24 86 5810 16554 16 2 140 0.55 36 158 0
1 534 0 9 24 86 5810 16554 8 2 140 0.15 21 159 0
1 534 0 9 24 86 5810 16554 11 2 140 0.6 36 157 0
1 534 0 9 24 86 5810 16554 18 2 140 0.7 38 155 0
1 534 0 9 24 86 5810 16554 15 1 140 0.5 33 151 0
1 534 0 9 24 86 5810 16554 7 2 140 0.2 23 160 0
1 534 0 9 24 86 5810 16554 13 2 140 0.55 36 156 0
1 534 0 9 24 86 5810 16554 7 1 140 0.15 21 153 0
1 534 0 9 24 86 5810 16554 7 1 140 0.15 21 152 0
1 534 0 9 25 86 5806 16627 22 1 140 0.5 33 167 0
1 534 0 9 25 86 5806 16627 16 1 140 0.5 34 168 0
1 534 0 9 25 86 5806 16627 11 2 140 0.3 27 166 0
1 534 0 9 25 86 5806 16627 10 2 140 0.3 29 163 0
1 534 0 9 25 86 5806 16627 8 2 140 0.2 23 162 0
1 534 0 9 25 86 5806 16627 10 1 140 0.25 26 170 0
1 534 0 9 25 86 5806 16627 19 2 140 0.7 38 165 0
1 534 0 9 25 86 5806 16627 7 2 140 0.15 20 164 0
1 534 0 9 25 86 5806 16627 16 1 140 0.5 34 169 0
1 534 0 9 25 86 5806 16627 13 2 140 0.65 37 161 0
1 534 0 9 26 86 5826 16751 19 1 140 0.35 32 173 0
1 534 0 9 26 86 5826 16751 17 1 140 0.5 33 172 0
1 534 0 9 26 86 5826 16751 10 2 140 0.25 27 171 0
1 534 0 8 24 86 5827 16637 10 1 140 0.21 25 39 0
1 534 0 8 24 86 5827 16637 9 2 140 0.35 30 14 0
1 534 0 8 24 86 5827 16637 11 2 140 0.45 32 17 0
1 534 0 8 24 86 5827 16637 9 2 140 0.25 27 18 0
1 534 0 8 24 86 5827 16637 11 2 140 0.3 27 19 0
1 534 0 8 24 86 5827 16637 18 1 140 0.4 32 22 0
1 534 0 8 24 86 5827 16637 10 1 140 0.2 25 23 0
1 534 0 8 24 86 5827 16637 11 1 140 0.25 27 24 0
1 534 0 8 24 86 5827 16637 17 1 140 0.4 30 26 0
1 534 0 8 24 86 5827 16637 17 2 140 0.4 32 10 0
1 534 0 8 24 86 5827 16637 11 2 140 0.3 30 12 0
1 534 0 8 24 86 5827 16637 11 2 140 0.4 32 9 0
1 534 0 8 24 86 5827 16637 8 2 140 0.25 26 6 0
1 534 0 8 24 86 5827 16637 8 2 140 0.2 25 3 0
1 534 0 8 24 86 5827 16637 17 2 140 0.45 32 2 0
1 534 0 8 24 86 5827 16637 18 2 140 0.6 35 1 0
1 534 0 8 24 86 5827 16637 10 2 140 0.45 33 4 0
1 534 0 8 24 86 5827 16637 10 2 140 0.4 31 8 0
1 534 0 8 24 86 5827 16637 15 1 140 0.3 27 21 0
1 534 0 8 24 86 5827 16637 11 1 140 0.3 27 25 0
1 534 0 8 24 86 5827 16637 12 1 140 0.38 30 29 0
1 534 0 8 24 86 5827 16637 18 2 140 0.45 33 13 0
1 534 0 8 24 86 5827 16637 13 2 140 0.3 29 5 0
1 534 0 8 24 86 5827 16637 10 2 140 0.3 30 15 0
1 534 0 8 24 86 5827 16637 12 2 140 0.35 29 20 0
1 534 0 8 24 86 5827 16637 18 1 140 0.3 28 40 0
1 534 0 8 24 86 5827 16637 13 2 140 0.45 34 7 0
1 534 0 8 24 86 5827 16637 12 2 140 0.45 33 11 0
1 534 0 8 24 86 5827 16637 13 2 140 0.45 31 16 0
1 534 0 8 24 86 5827 16637 7 1 140 0.15 22 27 0
1 534 0 8 24 86 5827 16637 9 1 140 0.25 27 28 0
1 534 0 8 24 86 5827 16637 9 1 140 0.3 28 30 0
1 534 0 8 24 86 5827 16637 17 1 140 0.3 27 31 0
1 534 0 8 24 86 5827 16637 12 1 140 0.45 32 32 0
1 534 0 8 24 86 5827 16637 7 1 140 0.28 25 33 0
1 534 0 8 24 86 5827 16637 13 1 140 0.28 28 34 0
1 534 0 8 24 86 5827 16637 15 1 140 0.4 31 35 0
1 534 0 8 24 86 5827 16637 9 1 140 0.25 26 36 0
1 534 0 8 24 86 5827 16637 15 1 140 0.4 32 37 0
1 534 0 8 24 86 5827 16637 10 1 140 0.2 25 38 0
1 513 0 9 20 86 5713 16727 16 2 140 0.65 37 168 0
1 513 0 9 22 86 5725 16705 18 2 140 0.54 37 170 0
1 513 0 9 22 86 5725 16705 7 2 140 0.09 20 169 0
1 513 0 9 23 86 5737 16543 21 2 140 0.68 39 171 0
1 534 0 9 24 86 5803 16520 17 2 140 0.58 37 174 0
1 534 0 9 24 86 5803 16520 7 2 140 0.11 20 173 0
1 534 0 9 24 86 5803 16520 7 2 140 0.08 19 172 0
1 514 0 9 25 86 5803 16510 22 2 140 0.75 39 187 0
1 514 0 9 25 86 5803 16510 18 2 140 0.45 38 186 0
1 514 0 9 25 86 5803 16510 7 2 140 0.07 18 184 0
1 514 0 9 25 86 5803 16510 7 2 140 0.07 18 183 0
1 514 0 9 25 86 5803 16510 5 2 140 0.06 17 182 0
1 514 0 9 25 86 5803 16510 16 2 140 0.63 37 180 0
1 514 0 9 25 86 5803 16510 6 2 140 0.08 19 179 0
1 514 0 9 25 86 5803 16510 7 2 140 0.08 19 178 0
1 514 0 9 25 86 5803 16510 6 2 140 0.07 18 176 0
1 514 0 9 25 86 5803 16510 5 2 140 0.07 18 177 0
1 514 0 9 25 86 5803 16510 5 2 140 0.06 17 181 0
1 514 0 9 25 86 5803 16510 18 2 140 0.64 38 185 0
1 514 0 9 25 86 5803 16510 6 2 140 0.06 17 175 0
1 534 0 9 27 86 5801 16551 19 2 140 0.96 42 189 0
1 534 0 9 27 86 5801 16551 19 2 140 0.9 40 188 0
1 534 0 9 29 86 5801 16616 7 1 140 0.08 19 198 0
1 534 0 9 29 86 5801 16616 6 1 140 0.08 19 197 0
1 534 0 9 29 86 5801 16616 7 1 140 0.07 17 196 0
1 534 0 9 29 86 5801 16616 5 2 140 0.06 17 193 0
1 534 0 9 29 86 5801 16616 19 2 140 0.69 40 195 0
1 534 0 9 29 86 5801 16616 15 2 140 0.71 40 194 0
1 534 0 9 29 86 5801 16616 19 2 140 0.99 42 192 0
1 534 0 9 29 86 5801 16616 16 2 140 0.64 40 191 0
1 534 0 9 29 86 5801 16616 18 2 140 0.75 38 190 0
1 534 0 10 1 86 5800 16620 25 2 140 0.87 41 200 0
1 534 0 10 1 86 5800 16620 20 2 140 0.87 41 199 0
1 513 0 9 18 86 5724 16617 18 2 140 0.55 38 167 0
1 513 0 9 18 86 5724 16617 16 2 140 0.49 36 166 0
1 513 0 9 18 86 5724 16617 12 2 140 0.57 38 165 0
1 513 0 9 1 86 5733 16648 8 1 140 0.21 26 18 0
1 513 0 9 1 86 5733 16648 16 1 140 0.41 32 17 0
1 513 0 9 1 86 5733 16648 11 1 140 0.2 27 16 0
1 513 0 9 1 86 5733 16648 10 2 140 0.26 31 14 0
1 513 0 9 1 86 5733 16648 11 2 140 0.33 30 13 0
1 513 0 9 1 86 5733 16648 10 2 140 0.26 28 12 0
1 513 0 9 1 86 5733 16648 15 2 140 0.32 30 11 0
1 513 0 9 1 86 5733 16648 13 1 140 0.28 29 10 0
1 513 0 9 1 86 5733 16648 16 2 140 0.37 31 15 0
1 513 0 9 1 86 5733 16648 16 1 140 0.21 27 19 0
1 513 0 9 1 86 5733 16648 15 1 140 0.39 31 9 0
1 513 0 9 1 86 5733 16648 12 1 140 0.27 30 8 0
1 513 0 9 1 86 5733 16648 14 1 140 0.3 30 7 0
1 513 0 9 1 86 5733 16648 15 1 140 0.32 31 6 0
1 513 0 9 1 86 5733 16648 18 2 140 0.51 34 5 0
1 513 0 9 1 86 5733 16648 8 2 140 0.18 25 4 0
1 513 0 9 1 86 5733 16648 10 2 140 0.37 31 3 0
1 513 0 9 1 86 5733 16648 5 2 140 0.04 16 2 0
1 513 0 9 1 86 5733 16648 12 2 140 0.28 30 1 0
1 513 0 9 2 86 5707 16658 7 1 140 0.19 25 28 0
1 513 0 9 2 86 5707 16658 9 1 140 0.21 28 26 0
1 513 0 9 2 86 5707 16658 11 1 140 0.28 29 25 0
1 513 0 9 2 86 5707 16658 16 2 140 0.41 34 24 0
1 513 0 9 2 86 5707 16658 12 2 140 0.29 30 22 0
1 513 0 9 2 86 5707 16658 18 2 140 0.42 33 21 0
1 513 0 9 2 86 5707 16658 10 2 140 0.2 26 20 0
1 513 0 9 2 86 5707 16658 15 1 140 0.38 32 40 0
1 513 0 9 2 86 5707 16658 17 1 140 0.34 31 39 0
1 513 0 9 2 86 5707 16658 8 1 140 0.09 21 38 0
1 513 0 9 2 86 5707 16658 13 1 140 0.27 28 27 0
1 513 0 9 2 86 5707 16658 17 2 140 0.27 32 31 0
1 513 0 9 2 86 5707 16658 18 2 140 0.27 29 35 0
1 513 0 9 2 86 5707 16658 17 1 140 0.42 33 37 0
1 513 0 9 2 86 5707 16658 17 1 140 0.19 26 36 0
1 513 0 9 2 86 5707 16658 20 2 140 0.43 35 34 0
1 513 0 9 2 86 5707 16658 13 2 140 0.37 33 33 0
1 513 0 9 2 86 5707 16658 15 2 140 0.41 32 32 0
1 513 0 9 2 86 5707 16658 16 1 140 0.31 30 30 0
1 513 0 9 2 86 5707 16658 18 1 140 0.34 32 29 0
1 513 0 9 2 86 5707 16658 11 2 140 0.28 30 23 0
1 513 0 9 3 86 5654 16547 6 1 140 0.11 21 58 0
1 513 0 9 3 86 5654 16547 9 1 140 0.16 24 57 0
1 513 0 9 3 86 5654 16547 6 1 140 0.16 24 56 0
1 513 0 9 3 86 5654 16547 18 2 140 0.57 32 54 0
1 513 0 9 3 86 5654 16547 13 2 140 0.58 33 53 0
1 513 0 9 3 86 5654 16547 11 2 140 0.15 24 52 0
1 513 0 9 3 86 5654 16547 10 2 140 0.16 25 51 0
1 513 0 9 3 86 5654 16547 12 1 140 0.22 27 50 0
1 513 0 9 3 86 5654 16547 10 1 140 0.18 26 49 0
1 513 0 9 3 86 5654 16547 9 1 140 0.18 25 48 0
1 513 0 9 3 86 5654 16547 13 1 140 0.2 25 47 0
1 513 0 9 3 86 5654 16547 7 1 140 0.26 29 46 0
1 513 0 9 3 86 5654 16547 10 2 140 0.21 28 55 0
1 513 0 9 3 86 5654 16547 6 1 140 0.18 24 59 0
1 513 0 9 3 86 5654 16547 12 2 140 0.25 29 45 0
1 513 0 9 3 86 5654 16547 8 2 140 0.25 29 44 0
1 513 0 9 3 86 5654 16547 8 2 140 0.24 27 43 0
1 513 0 9 3 86 5654 16547 15 2 140 0.45 34 42 0
1 513 0 9 3 86 5654 16547 10 2 140 0.26 28 41 0
1 534 0 9 6 86 5817 16611 8 1 140 0.11 22 80 0
1 534 0 9 6 86 5817 16611 7 1 140 0.13 23 79 0
1 534 0 9 6 86 5817 16611 7 1 140 0.1 22 78 0
1 534 0 9 6 86 5817 16611 7 1 140 0.13 23 77 0
1 534 0 9 6 86 5817 16611 7 1 140 0.11 21 76 0
1 534 0 9 6 86 5817 16611 7 1 140 0.13 23 74 0
1 534 0 9 6 86 5817 16611 5 1 140 0.07 19 73 0
1 534 0 9 6 86 5817 16611 7 2 140 0.08 20 67 0
1 534 0 9 6 86 5817 16611 8 1 140 0.1 21 71 0
1 534 0 9 6 86 5817 16611 7 1 140 0.05 18 75 0
1 534 0 9 6 86 5817 16611 6 1 140 0.09 20 72 0
1 534 0 9 6 86 5817 16611 7 2 140 0.1 22 70 0
1 534 0 9 6 86 5817 16611 7 2 140 0.11 21 69 0
1 534 0 9 6 86 5817 16611 7 2 140 0.12 22 68 0
1 534 0 9 6 86 5817 16611 6 2 140 0.11 22 66 0
1 534 0 9 6 86 5817 16611 6 2 140 0.08 20 65 0
1 534 0 9 6 86 5817 16611 7 2 140 0.06 19 64 0
1 534 0 9 6 86 5817 16611 8 2 140 0.13 23 63 0
1 534 0 9 6 86 5817 16611 7 2 140 0.13 23 62 0
1 534 0 9 6 86 5817 16611 6 2 140 0.05 18 61 0
1 534 0 9 6 86 5817 16611 5 2 140 0.08 20 60 0
1 534 0 9 7 86 5808 16553 8 1 140 0.11 21 99 0
1 534 0 9 7 86 5808 16553 13 1 140 0.27 29 98 0
1 534 0 9 7 86 5808 16553 17 1 140 0.28 28 96 0
1 534 0 9 7 86 5808 16553 10 1 140 0.21 27 95 0
1 534 0 9 7 86 5808 16553 11 1 140 0.24 28 94 0
1 534 0 9 7 86 5808 16553 10 1 140 0.23 27 93 0
1 534 0 9 7 86 5808 16553 10 1 140 0.17 25 92 0
1 534 0 9 7 86 5808 16553 11 1 140 0.2 26 91 0
1 534 0 9 7 86 5808 16553 6 2 140 0.13 23 90 0
1 534 0 9 7 86 5808 16553 10 2 140 0.21 26 89 0
1 534 0 9 7 86 5808 16553 5 2 140 0.15 24 88 0
1 534 0 9 7 86 5808 16553 14 2 140 0.32 31 87 0
1 534 0 9 7 86 5808 16553 7 2 140 0.18 25 86 0
1 534 0 9 7 86 5808 16553 9 2 140 0.21 27 85 0
1 534 0 9 7 86 5808 16553 8 2 140 0.27 29 84 0
1 534 0 9 7 86 5808 16553 13 2 140 0.4 32 83 0
1 534 0 9 7 86 5808 16553 11 2 140 0.28 28 82 0
1 534 0 9 7 86 5808 16553 14 1 140 0.28 30 97 0
1 534 0 9 7 86 5808 16553 10 2 140 0.26 27 81 0
1 534 0 9 9 86 5817 16637 12 2 140 0.47 34 114 0
1 534 0 9 9 86 5817 16637 10 2 140 0.19 26 112 0
1 534 0 9 9 86 5817 16637 7 2 140 0.12 21 111 0
1 534 0 9 9 86 5817 16637 7 1 140 0.1 20 110 0
1 534 0 9 9 86 5817 16637 6 1 140 0.12 22 108 0
1 534 0 9 9 86 5817 16637 24 1 140 0.49 35 105 0
1 534 0 9 9 86 5817 16637 6 1 140 0.09 20 109 0
1 534 0 9 9 86 5817 16637 9 2 140 0.21 26 113 0
1 534 0 9 9 86 5817 16637 12 1 140 0.43 33 107 0
1 534 0 9 9 86 5817 16637 7 2 140 0.12 21 101 0
1 534 0 9 9 86 5817 16637 7 1 140 0.09 20 106 0
1 534 0 9 9 86 5817 16637 7 1 140 0.15 24 104 0
1 534 0 9 9 86 5817 16637 11 2 140 0.34 35 103 0
1 534 0 9 9 86 5817 16637 6 2 140 0.06 17 102 0
1 534 0 9 9 86 5817 16637 8 2 140 0.16 24 100 0
1 534 0 9 10 86 5823 16657 7 2 140 0.11 22 120 0
1 534 0 9 10 86 5823 16657 8 2 140 0.2 26 119 0
1 534 0 9 10 86 5823 16657 19 2 140 0.66 39 118 0
1 534 0 9 10 86 5823 16657 7 1 140 0.12 22 117 0
1 534 0 9 10 86 5823 16657 14 1 140 0.41 33 116 0
1 534 0 9 10 86 5823 16657 13 1 140 0.34 33 115 0
1 513 0 9 12 86 5741 16544 20 1 140 0.34 32 133 0
1 513 0 9 12 86 5741 16544 19 1 140 0.29 30 132 0
1 513 0 9 12 86 5741 16544 13 1 140 0.29 31 131 0
1 513 0 9 12 86 5741 16544 8 1 140 0.16 25 130 0
1 513 0 9 12 86 5741 16544 9 1 140 0.13 24 129 0
1 513 0 9 12 86 5741 16544 7 1 140 0.11 22 128 0
1 513 0 9 12 86 5741 16544 15 2 140 0.54 37 127 0
1 513 0 9 12 86 5741 16544 19 2 140 0.43 34 126 0
1 513 0 9 12 86 5741 16544 13 2 140 0.36 33 125 0
1 513 0 9 12 86 5741 16544 6 2 140 0.16 25 124 0
1 513 0 9 12 86 5741 16544 10 2 140 0.15 25 123 0
1 513 0 9 12 86 5741 16544 8 2 140 0.13 24 122 0
1 513 0 9 12 86 5741 16544 5 2 140 0.1 22 121 0
1 513 0 9 13 86 5745 16538 15 1 140 0.36 32 145 0
1 513 0 9 13 86 5745 16538 18 1 140 0.31 31 144 0
1 513 0 9 13 86 5745 16538 13 1 140 0.28 29 143 0
1 513 0 9 13 86 5745 16538 15 2 140 0.32 31 138 0
1 513 0 9 13 86 5745 16538 9 1 140 0.2 28 142 0
1 513 0 9 13 86 5745 16538 7 1 140 0.13 23 141 0
1 513 0 9 13 86 5745 16538 8 2 140 0.14 24 134 0
1 513 0 9 13 86 5745 16538 16 2 140 0.44 35 140 0
1 513 0 9 13 86 5745 16538 17 2 140 0.42 33 139 0
1 513 0 9 13 86 5745 16538 18 2 140 0.37 32 137 0
1 513 0 9 13 86 5745 16538 8 2 140 0.27 28 136 0
1 513 0 9 13 86 5745 16538 10 2 140 0.23 27 135 0
1 513 0 9 14 86 5747 16513 12 1 140 0.33 33 153 0
1 513 0 9 14 86 5747 16513 12 1 140 0.2 26 152 0
1 513 0 9 14 86 5747 16513 6 2 140 0.09 21 146 0
1 513 0 9 14 86 5747 16513 15 2 140 0.49 36 150 0
1 513 0 9 14 86 5747 16513 8 1 140 0.14 23 151 0
1 513 0 9 14 86 5747 16513 19 2 140 0.49 35 149 0
1 513 0 9 14 86 5747 16513 10 2 140 0.24 29 148 0
1 513 0 9 14 86 5747 16513 9 2 140 0.19 27 147 0
1 513 0 9 15 86 5748 16511 18 2 140 0.53 36 160 0
1 513 0 9 15 86 5748 16511 6 2 140 0.09 19 154 0
1 513 0 9 15 86 5748 16511 13 1 140 0.36 34 159 0
1 513 0 9 15 86 5748 16511 7 1 140 0.09 20 158 0
1 513 0 9 15 86 5748 16511 7 1 140 0.09 19 157 0
1 513 0 9 15 86 5748 16511 19 2 140 0.45 35 156 0
1 513 0 9 15 86 5748 16511 7 2 140 0.12 21 155 0
1 513 0 9 16 86 5731 16504 17 2 140 0.54 36 163 0
1 513 0 9 16 86 5731 16504 20 2 140 0.56 36 162 0
1 513 0 9 16 86 5731 16504 7 2 140 0.14 23 161 0
1 513 0 9 17 86 5726 16501 6 2 140 0.12 23 164 0
