1 534 0 9 23 77 5807 16559 18 2 140 0.98 43 346 2
1 534 0 9 23 77 5807 16559 19 2 140 0.94 41 347 2
1 534 0 9 23 77 5807 16559 20 1 140 0.64 37 348 2
1 534 0 9 23 77 5807 16559 12 2 140 0.7 39 350 2
1 534 0 9 23 77 5807 16559 14 2 140 0.63 37 351 2
1 534 0 9 23 77 5807 16559 15 2 140 0.61 37 352 2
1 534 0 9 23 77 5807 16559 17 2 140 0.74 40 353 2
1 534 0 9 23 77 5807 16559 16 2 140 0.54 37 354 2
1 534 0 9 23 77 5807 16559 5 1 140 0.04 16 343 0
1 534 0 9 23 77 5807 16559 14 2 140 0.82 40 349 2
1 534 0 9 23 77 5807 16559 15 2 140 0.66 38 355 2
1 534 0 9 23 77 5807 16559 18 1 140 0.68 37 356 2
1 534 0 9 23 77 5807 16559 16 1 140 0.54 36 357 2
1 534 0 9 23 77 5807 16559 19 2 140 0.68 38 358 2
1 534 0 9 23 77 5807 16559 16 2 140 0.72 39 359 2
1 534 0 9 23 77 5807 16559 16 2 140 0.81 42 360 2
1 534 0 9 23 77 5807 16559 18 2 140 0.79 40 363 2
1 534 0 9 23 77 5807 16559 4 2 140 0.03 14 364 2
1 534 0 9 4 77 5811 16557 11 2 140 0.31 32 1 0
1 534 0 9 4 77 5811 16557 8 2 140 0.22 27 2 0
1 534 0 9 4 77 5811 16557 10 1 140 0.13 24 3 0
1 534 0 9 4 77 5811 16557 7 1 140 0.2 26 4 3
1 534 0 9 4 77 5811 16557 10 2 140 0.19 26 5 0
1 534 0 9 4 77 5811 16557 8 2 140 0.11 23 6 0
1 534 0 9 4 77 5811 16557 10 2 140 0.17 26 8 0
1 534 0 9 4 77 5811 16557 8 1 140 0.18 27 9 0
1 534 0 9 4 77 5811 16557 11 2 140 0.15 25 10 0
1 534 0 9 4 77 5811 16557 10 2 140 0.3 30 11 0
1 534 0 9 4 77 5811 16557 11 2 140 0.22 28 12 0
1 534 0 9 4 77 5811 16557 9 2 140 0.15 25 13 0
1 534 0 9 4 77 5811 16557 12 2 140 0.18 26 14 0
1 534 0 9 4 77 5811 16557 11 1 140 0.24 28 15 0
1 534 0 9 4 77 5811 16557 8 1 140 0.11 23 16 0
1 534 0 9 4 77 5811 16557 11 1 140 0.21 28 17 0
1 534 0 9 4 77 5811 16557 8 1 140 0.18 25 19 0
1 534 0 9 4 77 5811 16557 11 1 140 0.17 26 20 0
1 534 0 9 4 77 5811 16557 10 1 140 0.16 25 18 0
1 534 0 9 5 77 5816 16603 9 1 140 0.11 23 33 0
1 534 0 9 5 77 5816 16603 9 2 140 0.17 25 30 0
1 534 0 9 5 77 5816 16603 7 2 140 0.08 20 28 0
1 534 0 9 5 77 5816 16603 8 1 140 0.15 25 26 0
1 534 0 9 5 77 5816 16603 10 2 140 0.17 26 29 0
1 534 0 9 5 77 5816 16603 10 1 140 0.18 26 37 0
1 534 0 9 5 77 5816 16603 9 1 140 0.18 26 39 0
1 534 0 9 5 77 5816 16603 8 1 140 0.1 22 40 0
1 534 0 9 5 77 5816 16603 9 1 140 0.14 24 41 0
1 534 0 9 5 77 5816 16603 9 1 140 0.17 25 43 0
1 534 0 9 5 77 5816 16603 10 2 140 0.2 27 44 0
1 534 0 9 5 77 5816 16603 9 2 140 0.18 25 45 0
1 534 0 9 5 77 5816 16603 10 2 140 0.24 28 46 0
1 534 0 9 5 77 5816 16603 10 2 140 0.24 28 47 0
1 534 0 9 5 77 5816 16603 8 2 140 0.11 21 56 0
1 534 0 9 5 77 5816 16603 8 1 140 0.1 21 57 0
1 534 0 9 5 77 5816 16603 12 2 140 0.3 30 58 0
1 534 0 9 5 77 5816 16603 12 2 140 0.39 32 59 0
1 534 0 9 5 77 5816 16603 10 1 140 0.17 25 60 0
1 534 0 9 5 77 5816 16603 10 2 140 0.16 24 61 0
1 534 0 9 5 77 5816 16603 8 2 140 0.17 24 62 0
1 534 0 9 5 77 5816 16603 10 1 140 0.2 27 63 0
1 534 0 9 5 77 5816 16603 9 2 140 0.23 28 65 0
1 534 0 9 5 77 5816 16603 9 2 140 0.28 29 66 0
1 534 0 9 5 77 5816 16603 11 2 140 0.16 24 67 0
1 534 0 9 5 77 5816 16603 8 1 140 0.18 25 69 0
1 534 0 9 5 77 5816 16603 7 1 140 0.09 19 70 0
1 534 0 9 5 77 5816 16603 11 1 140 0.31 30 71 0
1 534 0 9 5 77 5816 16603 7 1 140 0.09 20 73 0
1 534 0 9 5 77 5816 16603 11 1 140 0.23 28 74 0
1 534 0 9 5 77 5816 16603 8 1 140 0.14 23 64 0
1 534 0 9 5 77 5816 16603 6 2 140 0.12 22 68 0
1 534 0 9 5 77 5816 16603 8 1 140 0.14 23 72 0
1 534 0 9 5 77 5816 16603 9 1 140 0.14 23 75 0
1 534 0 9 5 77 5816 16603 7 1 140 0.09 20 76 0
1 534 0 9 5 77 5816 16603 6 1 140 0.06 17 77 0
1 534 0 9 5 77 5816 16603 10 2 140 0.21 27 27 0
1 534 0 9 5 77 5816 16603 13 1 140 0.31 31 31 0
1 534 0 9 5 77 5816 16603 9 1 140 0.14 24 34 0
1 534 0 9 5 77 5816 16603 8 1 140 0.1 22 38 0
1 534 0 9 5 77 5816 16603 6 2 140 0.06 19 42 0
1 534 0 9 5 77 5816 16603 10 2 140 0.29 29 48 0
1 534 0 9 5 77 5816 16603 8 1 140 0.1 22 49 0
1 534 0 9 5 77 5816 16603 10 1 140 0.23 27 50 0
1 534 0 9 5 77 5816 16603 7 2 140 0.07 18 51 0
1 534 0 9 5 77 5816 16603 8 2 140 0.23 27 52 0
1 534 0 9 5 77 5816 16603 8 2 140 0.16 24 53 0
1 534 0 9 5 77 5816 16603 7 2 140 0.1 20 54 0
1 534 0 9 5 77 5816 16603 9 1 140 0.19 27 55 0
1 534 0 9 5 77 5816 16603 8 2 140 0.18 26 35 0
1 534 0 9 5 77 5816 16603 6 1 140 0.08 20 36 0
1 534 0 9 6 77 5818 16612 9 2 140 0.13 23 92 0
1 534 0 9 6 77 5818 16612 11 2 140 0.23 28 94 0
1 534 0 9 6 77 5818 16612 9 2 140 0.21 27 95 0
1 534 0 9 6 77 5818 16612 7 2 140 0.07 19 96 0
1 534 0 9 6 77 5818 16612 10 1 140 0.25 28 98 0
1 534 0 9 6 77 5818 16612 7 1 140 0.09 21 99 0
1 534 0 9 6 77 5818 16612 11 2 140 0.28 30 100 0
1 534 0 9 6 77 5818 16612 10 1 140 0.24 28 101 0
1 534 0 9 6 77 5818 16612 10 2 140 0.28 30 102 0
1 534 0 9 6 77 5818 16612 8 2 140 0.1 21 104 0
1 534 0 9 6 77 5818 16612 7 1 140 0.08 20 105 0
1 534 0 9 6 77 5818 16612 8 2 140 0.12 23 106 0
1 534 0 9 6 77 5818 16612 7 1 140 0.06 20 107 0
1 534 0 9 6 77 5818 16612 6 1 140 0.11 22 108 0
1 534 0 9 6 77 5818 16612 7 1 140 0.12 22 109 0
1 534 0 9 6 77 5818 16612 10 2 140 0.15 24 110 0
1 534 0 9 6 77 5818 16612 6 2 140 0.08 19 111 0
1 534 0 9 6 77 5818 16612 9 2 140 0.32 30 112 0
1 534 0 9 6 77 5818 16612 11 2 140 0.36 31 113 0
1 534 0 9 6 77 5818 16612 9 2 140 0.11 22 114 0
1 534 0 9 6 77 5818 16612 9 2 140 0.13 23 115 0
1 534 0 9 6 77 5818 16612 10 2 140 0.3 29 117 0
1 534 0 9 6 77 5818 16612 6 2 140 0.1 20 118 0
1 534 0 9 6 77 5818 16612 11 2 140 0.27 30 119 0
1 534 0 9 6 77 5818 16612 6 2 140 0.09 19 121 0
1 534 0 9 6 77 5818 16612 6 2 140 0.06 17 122 0
1 534 0 9 6 77 5818 16612 6 2 140 0.11 22 123 0
1 534 0 9 6 77 5818 16612 6 2 140 0.07 20 128 0
1 534 0 9 6 77 5818 16612 10 2 140 0.4 32 129 0
1 534 0 9 6 77 5818 16612 6 2 140 0.04 16 131 0
1 534 0 9 6 77 5818 16612 8 1 140 0.1 21 132 0
1 534 0 9 6 77 5818 16612 13 1 140 0.25 29 133 0
1 534 0 9 6 77 5818 16612 12 2 140 0.39 34 135 0
1 534 0 9 6 77 5818 16612 10 2 140 0.27 29 136 0
1 534 0 9 6 77 5818 16612 6 2 140 0.08 20 137 0
1 534 0 9 6 77 5818 16612 7 2 140 0.12 22 139 0
1 534 0 9 6 77 5818 16612 6 2 140 0.1 21 140 0
1 534 0 9 6 77 5818 16612 11 1 140 0.26 29 141 0
1 534 0 9 6 77 5818 16612 7 2 140 0.11 21 142 0
1 534 0 9 6 77 5818 16612 10 2 140 0.4 32 143 0
1 534 0 9 6 77 5818 16612 7 2 140 0.06 18 145 0
1 534 0 9 6 77 5818 16612 6 1 140 0.07 19 146 0
1 534 0 9 6 77 5818 16612 9 1 140 0.25 29 93 0
1 534 0 9 6 77 5818 16612 9 1 140 0.14 24 97 0
1 534 0 9 6 77 5818 16612 8 2 140 0.13 23 116 0
1 534 0 9 6 77 5818 16612 6 2 140 0.09 19 120 0
1 534 0 9 6 77 5818 16612 7 1 140 0.1 21 127 0
1 534 0 9 6 77 5818 16612 8 2 140 0.22 29 134 0
1 534 0 9 6 77 5818 16612 6 2 140 0.07 18 138 0
1 534 0 9 6 77 5818 16612 8 1 140 0.19 27 103 0
1 534 0 9 6 77 5818 16612 6 2 140 0.05 17 144 0
1 534 0 9 8 77 5818 16639 12 1 140 0.22 29 151 0
1 534 0 9 8 77 5818 16639 8 1 140 0.26 29 152 0
1 534 0 9 8 77 5818 16639 7 1 140 0.1 21 154 0
1 534 0 9 8 77 5818 16639 12 2 140 0.51 34 155 0
1 534 0 9 8 77 5818 16639 12 2 140 0.27 31 156 0
1 534 0 9 8 77 5818 16639 11 2 140 0.34 32 157 0
1 534 0 9 8 77 5818 16639 12 1 140 0.28 30 158 0
1 534 0 9 8 77 5818 16639 13 2 140 0.48 34 159 0
1 534 0 9 8 77 5818 16639 11 2 140 0.33 31 160 0
1 534 0 9 8 77 5818 16639 6 1 140 0.04 18 161 0
1 534 0 9 8 77 5818 16639 6 2 140 0.1 21 162 0
1 534 0 9 8 77 5818 16639 7 2 140 0.12 22 150 0
1 534 0 9 9 77 5818 16626 14 2 140 0.56 37 215 2
1 534 0 9 9 77 5818 16626 14 2 140 0.49 33 216 2
1 534 0 9 9 77 5818 16626 19 2 140 0.73 42 217 2
1 534 0 9 9 77 5818 16626 18 2 140 0.55 36 218 2
1 534 0 9 9 77 5818 16626 17 2 140 0.57 36 220 2
1 534 0 9 9 77 5818 16626 7 1 140 0.09 19 186 2
1 534 0 9 9 77 5818 16626 11 2 140 0.32 31 173 0
1 534 0 9 9 77 5818 16626 13 2 140 0.45 35 177 2
1 534 0 9 9 77 5818 16626 6 2 140 0.06 18 182 2
1 534 0 9 9 77 5818 16626 6 1 140 0.06 18 184 2
1 534 0 9 9 77 5818 16626 5 1 140 0.06 18 185 2
1 534 0 9 9 77 5818 16626 6 2 140 0.05 17 187 2
1 534 0 9 9 77 5818 16626 4 1 140 0.04 16 188 2
1 534 0 9 9 77 5818 16626 10 2 140 0.55 35 189 2
1 534 0 9 9 77 5818 16626 13 1 140 0.34 32 213 2
1 534 0 9 9 77 5818 16626 14 1 140 0.35 31 214 2
1 534 0 9 9 77 5818 16626 6 2 140 0.06 18 171 0
1 534 0 9 9 77 5818 16626 9 1 140 0.27 30 172 0
1 534 0 9 9 77 5818 16626 11 2 140 0.39 34 174 2
1 534 0 9 9 77 5818 16626 13 1 140 0.35 33 175 2
1 534 0 9 9 77 5818 16626 11 2 140 0.53 35 176 2
1 534 0 9 9 77 5818 16626 7 1 140 0.06 18 178 2
1 534 0 9 9 77 5818 16626 12 1 140 0.3 32 179 2
1 534 0 9 9 77 5818 16626 16 2 140 0.48 34 180 2
1 534 0 9 9 77 5818 16626 12 1 140 0.27 30 170 0
1 534 0 9 10 77 5831 16659 14 2 140 0.49 33 224 0
1 534 0 9 10 77 5831 16659 4 2 140 0.06 17 225 0
1 534 0 9 10 77 5831 16659 5 1 140 0.05 17 227 0
1 534 0 9 10 77 5831 16659 21 2 140 0.68 38 249 2
1 534 0 9 10 77 5831 16659 19 1 140 0.61 36 250 2
1 534 0 9 10 77 5831 16659 14 2 140 0.46 35 251 2
1 534 0 9 10 77 5831 16659 11 2 140 0.62 37 252 2
1 534 0 9 10 77 5831 16659 14 2 140 0.54 35 253 2
1 534 0 9 10 77 5831 16659 12 2 140 0.42 33 254 2
1 534 0 9 10 77 5831 16659 5 2 140 0.06 17 255 2
1 534 0 9 10 77 5831 16659 4 2 140 0.06 16 256 2
1 534 0 9 11 77 5829 16702 15 1 140 0.35 31 261 0
1 534 0 9 11 77 5829 16702 4 1 140 0.04 15 264 0
1 534 0 9 11 77 5829 16702 4 2 140 0.03 13 273 2
1 534 0 9 11 77 5829 16702 4 2 140 0.04 13 279 2
1 534 0 9 11 77 5829 16702 4 1 140 0.06 14 281 2
1 534 0 9 11 77 5829 16702 4 2 140 0.04 14 282 2
1 534 0 9 11 77 5829 16702 4 2 140 0.04 14 283 2
1 534 0 9 11 77 5829 16702 5 2 140 0.06 16 262 0
1 534 0 9 11 77 5829 16702 7 1 140 0.09 19 266 0
1 534 0 9 11 77 5829 16702 16 2 140 0.7 41 275 2
1 534 0 9 11 77 5829 16702 4 2 140 0.04 15 280 2
1 534 0 9 11 77 5829 16702 4 2 140 0.04 15 272 2
1 534 0 9 11 77 5829 16702 5 2 140 0.06 16 277 2
1 534 0 9 11 77 5829 16702 4 1 140 0.06 14 278 2
1 534 0 9 11 77 5829 16702 18 2 140 0.61 38 274 2
1 534 0 9 11 77 5829 16702 10 2 140 0.45 33 265 0
1 514 0 9 12 77 5828 16630 11 1 140 0.31 31 286 0
1 514 0 9 12 77 5828 16630 11 2 140 0.38 33 287 0
1 534 0 9 13 77 5826 16629 13 2 140 0.65 38 297 2
1 534 0 9 13 77 5826 16629 15 2 140 0.83 41 298 2
1 534 0 9 13 77 5826 16629 15 2 140 0.83 41 299 2
1 534 0 9 13 77 5826 16629 17 2 140 0.69 40 300 2
1 534 0 9 13 77 5826 16629 11 2 140 0.51 36 301 2
1 534 0 9 13 77 5826 16629 18 2 140 0.88 42 302 2
1 534 0 9 13 77 5826 16629 16 2 140 1.05 44 303 2
1 534 0 9 15 77 5820 16628 16 1 140 0.51 36 311 0
1 534 0 9 15 77 5820 16628 12 1 140 0.31 31 310 0
1 534 0 9 17 77 5828 16706 5 2 140 0.05 14 314 2
1 534 0 9 17 77 5828 16706 4 1 140 0.05 15 313 2
1 534 0 9 17 77 5828 16706 15 1 140 0.73 39 316 2
1 534 0 9 17 77 5828 16706 4 1 140 0.07 15 321 2
1 534 0 9 17 77 5828 16706 12 1 140 0.35 32 319 0
1 534 0 9 17 77 5828 16706 6 1 140 0.06 16 317 0
1 534 0 9 17 77 5828 16706 4 2 140 0.05 14 315 2
1 534 0 9 18 77 5828 16706 12 1 140 0.35 33 322 0
1 534 0 9 19 77 5811 16622 5 1 140 0.06 18 325 0
1 534 0 9 21 77 5812 16618 5 1 140 0.05 17 328 2
1 534 0 9 21 77 5812 16618 4 2 140 0.03 15 330 2
1 534 0 9 21 77 5812 16618 6 1 140 0.04 17 333 0
1 534 0 9 21 77 5812 16618 4 2 140 -9 15 331 2
1 534 0 9 21 77 5812 16618 4 1 140 -9 15 335 2
1 534 0 9 21 77 5812 16618 4 1 140 0.03 15 336 2
1 534 0 9 21 77 5812 16618 13 1 140 0.41 32 334 0
1 534 0 9 21 77 5812 16618 4 2 140 0.04 15 332 0
1 534 0 9 21 77 5812 16618 5 1 140 0.04 16 329 2
1 534 0 9 22 77 5812 16622 5 2 140 0.03 13 338 2
1 534 0 9 22 77 5812 16622 5 1 140 0.05 17 337 0
1 534 0 9 22 77 5812 16622 4 1 140 0.04 16 339 2
1 513 0 10 14 77 5745 16644 12 1 140 0.36 34 395 0
1 513 0 10 17 77 5743 16622 17 2 140 0.62 39 397 2
1 513 0 10 22 77 5735 16633 14 1 140 0.59 36 399 0
1 534 0 9 25 77 5811 16652 13 1 140 0.35 33 366 0
1 534 0 9 27 77 5814 16703 15 2 140 0.72 39 368 2
1 513 0 9 28 77 5754 16639 14 1 140 0.44 35 370 0
1 534 0 10 4 77 5811 16643 13 2 140 0.75 39 376 2
1 534 0 10 5 77 5806 16610 12 1 140 0.31 32 377 0
1 534 0 10 6 77 5804 16603 17 1 140 0.72 39 379 2
1 513 0 10 9 77 5757 16546 13 1 140 0.41 34 391 0
1 513 0 10 9 77 5757 16546 15 1 140 0.38 33 390 0
1 534 0 10 2 77 5809 16706 16 1 140 0.71 40 373 2
1 517 0 2 21 77 5628 16834 10 1 140 0.18 26 32 0
1 517 0 2 21 77 5628 16834 8 1 140 0.13 23 31 0
1 517 0 2 21 77 5628 16834 11 1 140 0.18 26 28 0
1 517 0 2 21 77 5628 16834 10 1 140 0.19 25 27 0
1 517 0 2 21 77 5628 16834 15 1 140 0.35 32 25 0
1 517 0 2 21 77 5628 16834 10 2 140 0.18 24 24 0
1 517 0 2 21 77 5628 16834 10 2 140 0.34 32 23 0
1 517 0 2 21 77 5628 16834 10 2 140 0.42 34 20 0
1 517 0 2 21 77 5628 16834 9 2 140 0.22 27 19 0
1 517 0 2 21 77 5628 16834 9 2 140 0.16 25 18 0
1 517 0 2 21 77 5628 16834 17 2 140 0.49 36 17 0
1 517 0 2 21 77 5628 16834 11 2 140 0.27 30 16 0
1 517 0 2 21 77 5628 16834 14 2 140 0.31 30 15 0
1 517 0 2 21 77 5628 16834 10 2 140 0.25 28 14 0
1 517 0 2 21 77 5628 16834 11 2 140 0.28 29 13 0
1 517 0 2 21 77 5628 16834 11 2 140 0.27 28 12 0
1 517 0 2 21 77 5628 16834 11 2 140 0.29 28 11 0
1 517 0 2 21 77 5628 16834 11 2 140 0.23 28 10 0
1 517 0 2 21 77 5628 16834 12 2 140 0.49 34 9 0
1 517 0 2 21 77 5628 16834 15 2 140 0.68 35 22 0
1 517 0 2 21 77 5628 16834 18 1 140 0.51 37 26 0
1 517 0 2 21 77 5628 16834 10 1 140 0.24 28 29 0
1 517 0 2 21 77 5628 16834 10 2 140 0.19 27 21 0
1 517 0 2 21 77 5628 16834 12 2 140 0.34 32 8 0
1 517 0 2 21 77 5628 16834 8 2 140 0.17 25 7 0
1 517 0 2 21 77 5628 16834 10 2 140 0.22 27 6 0
1 517 0 2 21 77 5628 16834 12 2 140 0.26 30 5 0
1 517 0 2 21 77 5628 16834 10 2 140 0.2 29 4 0
1 517 0 2 21 77 5628 16834 10 2 140 0.21 27 3 0
1 517 0 2 21 77 5628 16834 10 2 140 0.23 28 2 0
1 517 0 2 21 77 5628 16834 11 2 140 0.28 27 1 0
1 517 0 2 22 77 5608 16715 10 1 140 0.2 28 46 0
1 517 0 2 22 77 5608 16715 14 1 140 0.25 29 45 0
1 517 0 2 22 77 5608 16715 13 2 140 0.43 35 40 0
1 517 0 2 22 77 5608 16715 11 2 140 0.25 29 44 0
1 517 0 2 22 77 5608 16715 13 2 140 0.32 32 43 0
1 517 0 2 22 77 5608 16715 11 2 140 0.27 32 42 0
1 517 0 2 22 77 5608 16715 13 2 140 0.41 34 41 0
1 517 0 2 22 77 5608 16715 10 2 140 0.3 27 33 0
1 531 0 2 23 77 5641 17109 20 2 140 0.82 39 35 0
1 531 0 2 23 77 5641 17109 10 1 140 0.17 27 39 0
1 531 0 2 23 77 5641 17109 15 1 140 0.47 35 38 0
1 531 0 2 23 77 5641 17109 20 2 140 0.56 37 37 0
1 531 0 2 23 77 5641 17109 15 1 140 0.42 35 36 0
1 531 0 2 23 77 5641 17109 17 2 140 0.61 38 34 0
1 531 0 2 26 77 5644 17221 11 1 140 0.37 33 141 0
1 531 0 2 26 77 5644 17221 7 2 140 0.09 22 140 0
1 531 0 2 26 77 5644 17221 11 2 140 0.11 23 139 0
1 531 0 2 26 77 5644 17221 10 2 140 0.11 21 138 0
1 531 0 2 26 77 5644 17221 9 2 140 0.11 22 137 0
1 531 0 2 26 77 5644 17221 10 2 140 0.14 23 136 0
1 531 0 2 26 77 5644 17221 13 2 140 0.13 23 135 0
1 531 0 2 26 77 5644 17221 11 2 140 0.12 22 134 0
1 531 0 2 26 77 5644 17221 12 2 140 0.36 33 133 0
1 531 0 2 26 77 5644 17221 13 2 140 0.33 33 132 0
1 531 0 2 26 77 5644 17221 12 2 140 0.33 33 131 0
1 531 0 2 26 77 5644 17221 15 2 140 0.39 33 130 0
1 531 0 2 26 77 5644 17221 13 2 140 0.36 33 128 0
1 531 0 2 26 77 5644 17221 20 2 140 0.68 43 127 0
1 531 0 2 26 77 5644 17221 14 2 140 0.34 33 125 0
1 531 0 2 26 77 5644 17221 17 2 140 0.54 34 124 0
1 531 0 2 26 77 5644 17221 18 2 140 0.4 34 123 0
1 531 0 2 26 77 5644 17221 19 2 140 0.6 38 120 0
1 531 0 2 26 77 5644 17221 13 2 140 0.37 31 119 0
1 531 0 2 26 77 5644 17221 8 2 140 0.13 23 117 0
1 531 0 2 26 77 5644 17221 11 2 140 0.34 31 116 0
1 531 0 2 26 77 5644 17221 11 2 140 0.32 32 115 0
1 531 0 2 26 77 5644 17221 16 1 140 0.32 31 113 0
1 531 0 2 26 77 5644 17221 10 1 140 0.09 21 112 0
1 531 0 2 26 77 5644 17221 10 1 140 0.11 22 111 0
1 531 0 2 26 77 5644 17221 11 1 140 0.11 22 109 0
1 531 0 2 26 77 5644 17221 8 1 140 0.1 21 108 0
1 531 0 2 26 77 5644 17221 15 1 140 0.4 35 106 0
1 531 0 2 26 77 5644 17221 18 1 140 0.39 34 105 0
1 531 0 2 26 77 5644 17221 15 1 140 0.33 32 104 0
1 531 0 2 26 77 5644 17221 17 1 140 0.47 36 103 0
1 531 0 2 26 77 5644 17221 16 1 140 0.47 36 102 0
1 531 0 2 26 77 5644 17221 20 1 140 0.52 34 101 0
1 531 0 2 26 77 5644 17221 11 2 140 0.13 23 100 0
1 531 0 2 26 77 5644 17221 11 2 140 0.28 30 99 0
1 531 0 2 26 77 5644 17221 11 2 140 0.4 35 98 0
1 531 0 2 26 77 5644 17221 11 2 140 0.11 22 97 0
1 531 0 2 26 77 5644 17221 12 2 140 0.29 31 96 0
1 531 0 2 26 77 5644 17221 9 2 140 0.11 22 95 0
1 531 0 2 26 77 5644 17221 10 2 140 0.13 24 94 0
1 531 0 2 26 77 5644 17221 11 2 140 0.17 26 93 0
1 531 0 2 26 77 5644 17221 10 2 140 0.18 26 92 0
1 531 0 2 26 77 5644 17221 10 2 140 0.13 24 91 0
1 531 0 2 26 77 5644 17221 8 2 140 0.17 25 90 0
1 531 0 2 26 77 5644 17221 8 2 140 0.18 25 89 0
1 531 0 2 26 77 5644 17221 11 2 140 0.25 30 88 0
1 531 0 2 26 77 5644 17221 10 2 140 0.17 26 87 0
1 531 0 2 26 77 5644 17221 10 2 140 0.22 26 86 0
1 531 0 2 26 77 5644 17221 11 2 140 0.17 25 84 0
1 531 0 2 26 77 5644 17221 10 2 140 0.17 26 82 0
1 531 0 2 26 77 5644 17221 13 2 140 0.3 31 81 0
1 531 0 2 26 77 5644 17221 11 2 140 0.24 29 79 0
1 531 0 2 26 77 5644 17221 10 2 140 0.14 24 78 0
1 531 0 2 26 77 5644 17221 10 1 140 0.16 26 77 0
1 531 0 2 26 77 5644 17221 8 1 140 0.13 23 75 0
1 531 0 2 26 77 5644 17221 10 1 140 0.15 26 61 0
1 531 0 2 26 77 5644 17221 12 2 140 0.28 31 114 0
1 531 0 2 26 77 5644 17221 11 2 140 0.39 35 118 0
1 531 0 2 26 77 5644 17221 16 2 140 0.6 37 122 0
1 531 0 2 26 77 5644 17221 17 2 140 0.67 40 126 0
1 531 0 2 26 77 5644 17221 17 2 140 0.52 37 129 0
1 531 0 2 26 77 5644 17221 11 1 140 0.15 26 55 0
1 531 0 2 26 77 5644 17221 11 1 140 0.13 23 65 0
1 531 0 2 26 77 5644 17221 12 1 140 0.25 29 69 0
1 531 0 2 26 77 5644 17221 10 1 140 0.27 29 73 0
1 531 0 2 26 77 5644 17221 8 1 140 0.13 24 76 0
1 531 0 2 26 77 5644 17221 11 2 140 0.28 29 80 0
1 531 0 2 26 77 5644 17221 11 2 140 0.15 24 85 0
1 531 0 2 26 77 5644 17221 12 1 140 0.33 31 107 0
1 531 0 2 26 77 5644 17221 11 1 140 0.11 22 110 0
1 531 0 2 26 77 5644 17221 10 1 140 0.09 21 74 0
1 531 0 2 26 77 5644 17221 10 1 140 0.21 28 72 0
1 531 0 2 26 77 5644 17221 15 1 140 0.27 29 71 0
1 531 0 2 26 77 5644 17221 11 1 140 0.2 28 70 0
1 531 0 2 26 77 5644 17221 10 1 140 0.26 28 68 0
1 531 0 2 26 77 5644 17221 10 1 140 0.16 25 67 0
1 531 0 2 26 77 5644 17221 11 1 140 0.24 29 66 0
1 531 0 2 26 77 5644 17221 12 1 140 0.15 24 64 0
1 531 0 2 26 77 5644 17221 12 1 140 0.2 27 63 0
1 531 0 2 26 77 5644 17221 7 1 140 0.12 23 62 0
1 531 0 2 26 77 5644 17221 11 1 140 0.17 24 60 0
1 531 0 2 26 77 5644 17221 11 1 140 0.17 25 59 0
1 531 0 2 26 77 5644 17221 12 1 140 0.23 27 58 0
1 531 0 2 26 77 5644 17221 11 1 140 0.15 24 57 0
1 531 0 2 26 77 5644 17221 10 1 140 0.12 22 56 0
1 531 0 2 26 77 5644 17221 11 1 140 0.13 23 54 0
1 531 0 2 26 77 5644 17221 11 1 140 0.29 30 53 0
1 531 0 2 26 77 5644 17221 9 1 140 0.18 24 52 0
1 531 0 2 26 77 5644 17221 8 1 140 0.17 25 51 0
1 531 0 2 26 77 5644 17221 11 1 140 0.12 22 50 0
1 531 0 2 26 77 5644 17221 9 1 140 0.18 27 49 0
1 531 0 2 26 77 5644 17221 11 1 140 0.16 25 47 0
1 531 0 2 28 77 5642 17221 10 1 140 0.27 31 178 0
1 531 0 2 28 77 5642 17221 15 1 140 0.28 31 177 0
1 531 0 2 28 77 5642 17221 15 2 140 0.45 36 176 0
1 531 0 2 28 77 5642 17221 13 1 140 0.3 30 175 0
1 531 0 2 28 77 5642 17221 14 1 140 0.48 37 174 0
1 531 0 2 28 77 5642 17221 15 2 140 0.47 36 173 0
1 531 0 2 28 77 5642 17221 13 2 140 0.49 37 172 0
1 531 0 2 28 77 5642 17221 15 2 140 0.45 36 171 0
1 531 0 2 28 77 5642 17221 17 2 140 0.5 39 169 0
1 531 0 2 28 77 5642 17221 16 2 140 0.57 38 168 0
1 531 0 2 28 77 5642 17221 17 2 140 0.51 36 167 0
1 531 0 2 28 77 5642 17221 19 2 140 0.54 40 165 0
1 531 0 2 28 77 5642 17221 18 2 140 0.61 38 164 0
1 531 0 2 28 77 5642 17221 12 2 140 0.63 38 163 0
1 531 0 2 28 77 5642 17221 16 2 140 0.61 37 161 0
1 531 0 2 28 77 5642 17221 17 1 140 0.56 39 160 0
1 531 0 2 28 77 5642 17221 18 2 140 0.58 39 158 0
1 531 0 2 28 77 5642 17221 17 2 140 0.51 39 157 0
1 531 0 2 28 77 5642 17221 13 1 140 0.28 32 156 0
1 531 0 2 28 77 5642 17221 13 1 140 0.39 34 154 0
1 531 0 2 28 77 5642 17221 11 1 140 0.29 31 153 0
1 531 0 2 28 77 5642 17221 11 1 140 0.33 32 152 0
1 531 0 2 28 77 5642 17221 11 1 140 0.26 30 150 0
1 531 0 2 28 77 5642 17221 13 1 140 0.28 32 149 0
1 531 0 2 28 77 5642 17221 11 1 140 0.3 33 148 0
1 531 0 2 28 77 5642 17221 14 1 140 0.29 30 147 0
1 531 0 2 28 77 5642 17221 14 1 140 0.38 34 146 0
1 531 0 2 28 77 5642 17221 14 1 140 0.31 33 151 0
1 531 0 2 28 77 5642 17221 20 1 140 0.45 35 155 0
1 531 0 2 28 77 5642 17221 19 2 140 0.6 41 159 0
1 531 0 2 28 77 5642 17221 18 2 140 1.34 44 162 0
1 531 0 2 28 77 5642 17221 18 1 140 0.41 35 166 0
1 531 0 2 28 77 5642 17221 18 2 140 0.63 40 170 0
1 531 0 2 28 77 5642 17221 13 1 140 0.42 36 145 0
1 531 0 2 28 77 5642 17221 17 1 140 0.38 34 144 0
1 531 0 2 28 77 5642 17221 12 1 140 0.37 33 143 0
1 531 0 2 28 77 5642 17221 13 1 140 0.37 33 142 0
1 509 0 12 5 77 5702 16446 5 1 140 0.04 15 246 0
1 509 0 12 5 77 5702 16446 4 1 140 0.05 16 245 0
1 509 0 12 5 77 5702 16446 13 2 140 0.97 41 244 2
1 509 0 12 5 77 5702 16446 17 2 140 0.86 42 243 2
1 509 0 12 6 77 5658 16445 17 2 140 0.92 42 247 2
1 513 0 12 7 77 5658 16503 18 2 140 1.13 43 248 2
1 513 0 12 7 77 5658 16503 20 2 140 1.09 43 249 2
1 513 0 12 7 77 5658 16503 4 1 140 0.04 15 250 0
1 513 0 12 1 77 5707 16536 4 1 140 0.05 17 215 0
1 513 0 12 1 77 5707 16536 5 1 140 0.06 17 219 0
1 513 0 12 1 77 5707 16536 4 2 140 0.03 16 218 0
1 513 0 12 1 77 5707 16536 4 1 140 0.04 16 217 0
1 513 0 12 1 77 5707 16536 17 1 140 0.53 36 221 0
1 513 0 12 1 77 5707 16536 13 1 140 0.51 33 223 0
1 513 0 12 1 77 5707 16536 16 2 140 0.78 40 229 0
1 513 0 12 1 77 5707 16536 16 2 140 1.12 43 230 2
1 513 0 12 1 77 5707 16536 14 2 140 0.85 40 231 0
1 513 0 12 1 77 5707 16536 18 2 140 0.84 41 232 0
1 513 0 12 1 77 5707 16536 20 2 140 0.79 41 233 0
1 513 0 12 1 77 5707 16536 5 2 140 0.04 16 216 0
1 513 0 12 1 77 5707 16536 14 1 140 0.51 33 220 0
1 513 0 12 1 77 5707 16536 14 1 140 0.56 36 224 0
1 513 0 12 1 77 5707 16536 17 2 140 0.93 41 228 0
1 513 0 12 1 77 5707 16536 13 1 140 0.5 34 226 0
1 513 0 12 1 77 5707 16536 17 1 140 0.56 34 227 0
1 513 0 12 1 77 5707 16536 15 1 140 0.49 34 225 0
1 513 0 12 1 77 5707 16536 14 1 140 0.44 34 222 0
1 513 0 12 1 77 5707 16536 6 1 140 0.05 17 214 0
1 513 0 12 2 77 5707 16536 17 1 140 0.53 34 234 0
1 513 0 12 2 77 5707 16536 15 1 140 0.54 35 235 0
1 513 0 12 2 77 5707 16536 16 1 140 0.55 35 236 0
1 513 0 12 2 77 5707 16536 16 1 140 0.55 35 237 0
1 513 0 12 2 77 5707 16536 16 2 140 1.06 42 238 2
1 513 0 12 3 77 5712 16527 5 1 140 0.05 16 242 0
1 513 0 12 3 77 5712 16527 15 1 140 0.65 38 240 2
1 513 0 12 3 77 5712 16527 16 1 140 0.57 36 241 0
1 513 0 12 3 77 5712 16527 20 2 140 0.92 42 239 2
1 513 0 11 11 77 5708 16514 7 2 140 0.2 24 2 0
1 513 0 11 11 77 5708 16514 9 2 140 0.27 27 4 0
1 513 0 11 11 77 5708 16514 14 2 140 0.3 30 6 0
1 513 0 11 11 77 5708 16514 12 2 140 0.27 28 5 0
1 513 0 11 11 77 5708 16514 11 2 140 0.3 29 3 0
1 513 0 11 11 77 5708 16514 9 2 140 0.25 27 1 0
1 513 0 11 12 77 5705 16506 13 1 140 0.2 28 7 0
1 513 0 11 12 77 5705 16506 11 1 140 0.23 27 11 0
1 513 0 11 12 77 5705 16506 10 1 140 0.2 25 15 0
1 513 0 11 12 77 5705 16506 14 1 140 0.37 32 18 0
1 513 0 11 12 77 5705 16506 11 1 140 0.34 30 22 0
1 513 0 11 12 77 5705 16506 9 1 140 0.17 24 26 0
1 513 0 11 12 77 5705 16506 10 1 140 0.3 31 14 0
1 513 0 11 12 77 5705 16506 13 1 140 0.3 30 9 0
1 513 0 11 12 77 5705 16506 10 1 140 0.25 27 13 0
1 513 0 11 12 77 5705 16506 10 1 140 0.2 26 12 0
1 513 0 11 12 77 5705 16506 11 1 140 0.27 29 10 0
1 513 0 11 12 77 5705 16506 11 1 140 0.3 29 16 0
1 513 0 11 12 77 5705 16506 11 1 140 0.17 26 19 0
1 513 0 11 12 77 5705 16506 8 1 140 0.1 22 24 0
1 513 0 11 12 77 5705 16506 10 1 140 0.24 26 25 0
1 513 0 11 12 77 5705 16506 9 1 140 0.21 27 21 0
1 513 0 11 12 77 5705 16506 9 1 140 0.18 25 23 0
1 513 0 11 12 77 5705 16506 11 1 140 0.21 28 20 0
1 513 0 11 12 77 5705 16506 8 1 140 0.15 24 17 0
1 513 0 11 12 77 5705 16506 12 1 140 0.25 28 8 0
1 509 0 11 13 77 5706 16447 11 1 140 0.25 29 29 0
1 509 0 11 13 77 5706 16447 10 1 140 0.17 25 28 0
1 509 0 11 13 77 5706 16447 12 1 140 0.18 26 32 0
1 509 0 11 13 77 5706 16447 9 1 140 0.2 27 34 0
1 509 0 11 13 77 5706 16447 9 1 140 0.15 24 36 0
1 509 0 11 13 77 5706 16447 9 1 140 0.17 25 38 0
1 509 0 11 13 77 5706 16447 10 1 140 0.16 23 42 0
1 509 0 11 13 77 5706 16447 8 1 140 0.15 24 54 0
1 509 0 11 13 77 5706 16447 10 1 140 0.13 22 55 0
1 509 0 11 13 77 5706 16447 12 1 140 0.3 30 56 0
1 509 0 11 13 77 5706 16447 12 1 140 0.24 28 58 0
1 509 0 11 13 77 5706 16447 8 1 140 0.12 21 59 0
1 509 0 11 13 77 5706 16447 9 2 140 0.24 26 62 0
1 509 0 11 13 77 5706 16447 7 2 140 0.14 22 63 0
1 509 0 11 13 77 5706 16447 10 2 140 0.21 27 65 0
1 509 0 11 13 77 5706 16447 10 1 140 0.26 28 43 0
1 509 0 11 13 77 5706 16447 10 1 140 0.28 30 44 0
1 509 0 11 13 77 5706 16447 10 1 140 0.16 23 46 0
1 509 0 11 13 77 5706 16447 7 1 140 0.14 22 47 0
1 509 0 11 13 77 5706 16447 9 1 140 0.29 28 48 0
1 509 0 11 13 77 5706 16447 8 1 140 0.15 24 50 0
1 509 0 11 13 77 5706 16447 15 1 140 0.31 29 51 0
1 509 0 11 13 77 5706 16447 11 1 140 0.36 32 52 0
1 509 0 11 13 77 5706 16447 8 1 140 0.16 23 45 0
1 509 0 11 13 77 5706 16447 16 1 140 0.3 31 49 0
1 509 0 11 13 77 5706 16447 8 1 140 0.11 22 53 0
1 509 0 11 13 77 5706 16447 7 1 140 0.08 19 57 0
1 509 0 11 13 77 5706 16447 10 2 140 0.22 26 61 0
1 509 0 11 13 77 5706 16447 12 2 140 0.32 31 64 0
1 509 0 11 13 77 5706 16447 10 2 140 0.32 29 68 0
1 509 0 11 13 77 5706 16447 10 2 140 0.24 28 60 0
1 509 0 11 13 77 5706 16447 11 2 140 0.23 28 66 0
1 509 0 11 13 77 5706 16447 6 2 140 0.15 23 69 0
1 509 0 11 13 77 5706 16447 11 2 140 0.26 28 70 0
1 509 0 11 13 77 5706 16447 7 2 140 0.16 24 71 0
1 509 0 11 13 77 5706 16447 7 2 140 0.1 20 72 0
1 509 0 11 13 77 5706 16447 5 2 140 0.06 17 73 0
1 509 0 11 13 77 5706 16447 12 2 140 0.36 30 74 0
1 509 0 11 13 77 5706 16447 12 1 140 0.25 29 40 0
1 509 0 11 13 77 5706 16447 8 1 140 0.13 23 41 0
1 509 0 11 13 77 5706 16447 7 1 140 0.12 23 39 0
1 509 0 11 13 77 5706 16447 7 1 140 0.14 24 37 0
1 509 0 11 13 77 5706 16447 8 1 140 0.17 25 35 0
1 509 0 11 13 77 5706 16447 12 1 140 0.25 29 33 0
1 509 0 11 13 77 5706 16447 11 1 140 0.2 26 31 0
1 509 0 11 13 77 5706 16447 9 1 140 0.1 22 30 0
1 509 0 11 13 77 5706 16447 11 1 140 0.2 27 27 0
1 509 0 11 14 77 5704 16457 8 2 140 0.12 23 103 0
1 509 0 11 14 77 5704 16457 8 2 140 0.18 25 106 0
1 509 0 11 14 77 5704 16457 10 2 140 0.19 25 107 0
1 509 0 11 14 77 5704 16457 8 2 140 0.13 22 108 0
1 509 0 11 14 77 5704 16457 7 2 140 0.09 20 90 0
1 509 0 11 14 77 5704 16457 8 2 140 0.22 27 94 0
1 509 0 11 14 77 5704 16457 9 2 140 0.14 23 98 0
1 509 0 11 14 77 5704 16457 11 2 140 0.33 30 102 0
1 509 0 11 14 77 5704 16457 6 2 140 0.08 19 105 0
1 509 0 11 14 77 5704 16457 7 2 140 0.16 24 109 0
1 509 0 11 14 77 5704 16457 10 2 140 0.36 30 104 0
1 509 0 11 14 77 5704 16457 6 2 140 0.07 19 92 0
1 509 0 11 14 77 5704 16457 8 2 140 0.18 26 93 0
1 509 0 11 14 77 5704 16457 10 2 140 0.27 29 95 0
1 509 0 11 14 77 5704 16457 7 2 140 0.1 20 96 0
1 509 0 11 14 77 5704 16457 6 2 140 0.11 21 97 0
1 509 0 11 14 77 5704 16457 8 2 140 0.25 29 99 0
1 509 0 11 14 77 5704 16457 12 2 140 0.37 32 100 0
1 509 0 11 14 77 5704 16457 8 2 140 0.2 25 101 0
1 509 0 11 14 77 5704 16457 11 1 140 0.3 30 75 0
1 509 0 11 14 77 5704 16457 12 1 140 0.34 31 76 0
1 509 0 11 14 77 5704 16457 7 1 140 0.12 21 77 0
1 509 0 11 14 77 5704 16457 11 2 140 0.23 29 81 0
1 509 0 11 14 77 5704 16457 15 2 140 0.4 33 82 0
1 509 0 11 14 77 5704 16457 10 2 140 0.2 26 80 0
1 509 0 11 14 77 5704 16457 8 1 140 0.11 21 79 0
1 509 0 11 14 77 5704 16457 7 1 140 0.1 21 78 0
1 509 0 11 14 77 5704 16457 8 2 140 0.13 23 83 0
1 509 0 11 14 77 5704 16457 9 2 140 0.22 26 84 0
1 509 0 11 14 77 5704 16457 10 2 140 0.27 28 85 0
1 509 0 11 14 77 5704 16457 11 2 140 0.18 25 86 0
1 509 0 11 14 77 5704 16457 10 2 140 0.24 27 87 0
1 509 0 11 14 77 5704 16457 14 2 140 0.35 31 88 0
1 509 0 11 14 77 5704 16457 13 2 140 0.38 31 89 0
1 509 0 11 14 77 5704 16457 7 2 140 0.11 21 91 0
1 509 0 11 15 77 5701 16452 10 2 140 0.16 25 111 0
1 509 0 11 15 77 5701 16452 10 2 140 0.15 24 112 0
1 509 0 11 15 77 5701 16452 7 2 140 0.1 21 114 0
1 509 0 11 15 77 5701 16452 8 2 140 0.11 22 113 0
1 509 0 11 15 77 5701 16452 11 2 140 0.3 30 110 0
1 513 0 11 16 77 5710 16523 9 1 140 0.1 20 117 0
1 513 0 11 16 77 5710 16523 13 2 140 0.54 35 120 0
1 513 0 11 16 77 5710 16523 8 2 140 0.18 24 119 0
1 513 0 11 16 77 5710 16523 6 1 140 0.1 20 118 0
1 513 0 11 16 77 5710 16523 7 2 140 0.12 22 121 0
1 513 0 11 16 77 5710 16523 9 2 140 0.41 31 123 0
1 513 0 11 16 77 5710 16523 6 2 140 0.1 21 127 0
1 513 0 11 16 77 5710 16523 7 2 140 0.15 22 129 0
1 513 0 11 16 77 5710 16523 7 2 140 0.12 21 130 0
1 513 0 11 16 77 5710 16523 16 2 140 0.55 36 131 0
1 513 0 11 16 77 5710 16523 14 2 140 0.48 33 133 0
1 513 0 11 16 77 5710 16523 13 2 140 0.5 35 134 0
1 513 0 11 16 77 5710 16523 12 2 140 0.39 31 128 0
1 513 0 11 16 77 5710 16523 11 2 140 0.52 33 132 0
1 513 0 11 16 77 5710 16523 14 1 140 0.45 33 115 0
1 513 0 11 16 77 5710 16523 8 2 140 0.12 20 125 0
1 513 0 11 16 77 5710 16523 16 2 140 0.56 36 126 0
1 513 0 11 16 77 5710 16523 11 2 140 0.15 23 124 0
1 513 0 11 16 77 5710 16523 14 1 140 0.4 32 116 0
1 513 0 11 18 77 5711 16537 7 1 140 0.12 21 137 0
1 513 0 11 18 77 5711 16537 7 2 140 0.09 19 141 0
1 513 0 11 18 77 5711 16537 6 1 140 0.1 19 139 0
1 513 0 11 18 77 5711 16537 7 1 140 0.11 20 138 0
1 513 0 11 18 77 5711 16537 6 2 140 0.1 19 142 0
1 513 0 11 18 77 5711 16537 12 1 140 0.33 31 136 0
1 513 0 11 18 77 5711 16537 9 1 140 0.09 20 140 0
1 513 0 11 18 77 5711 16537 12 2 140 0.36 32 144 0
1 513 0 11 18 77 5711 16537 13 2 140 0.35 32 145 0
1 513 0 11 18 77 5711 16537 13 2 140 0.37 33 146 0
1 513 0 11 18 77 5711 16537 7 2 140 0.12 20 143 0
1 513 0 11 18 77 5711 16537 12 1 140 0.35 32 135 0
1 513 0 11 21 77 5713 16536 5 1 140 0.08 18 149 0
1 513 0 11 21 77 5713 16536 6 1 140 0.1 19 152 0
1 513 0 11 21 77 5713 16536 19 2 140 0.54 34 153 0
1 513 0 11 21 77 5713 16536 6 1 140 0.11 19 151 0
1 513 0 11 21 77 5713 16536 6 1 140 0.11 20 150 0
1 513 0 11 21 77 5713 16536 12 2 140 0.39 32 154 0
1 513 0 11 21 77 5713 16536 7 2 140 0.1 19 158 0
1 513 0 11 21 77 5713 16536 12 1 140 0.37 31 148 0
1 513 0 11 21 77 5713 16536 11 2 140 0.52 34 156 0
1 513 0 11 21 77 5713 16536 12 2 140 0.45 33 157 0
1 513 0 11 21 77 5713 16536 15 2 140 0.55 35 155 0
1 513 0 11 21 77 5713 16536 12 1 140 0.41 32 147 0
1 513 0 11 23 77 5712 16530 12 2 140 0.5 34 161 0
1 513 0 11 23 77 5712 16530 14 2 140 0.49 35 162 0
1 513 0 11 23 77 5712 16530 6 2 140 0.05 18 163 0
1 513 0 11 23 77 5712 16530 15 2 140 0.77 37 160 0
1 513 0 11 23 77 5712 16530 14 1 140 0.45 33 159 0
1 513 0 11 24 77 5711 16547 14 2 140 0.42 34 166 0
1 513 0 11 24 77 5711 16547 14 2 140 0.82 41 167 2
1 513 0 11 24 77 5711 16547 15 2 140 0.51 34 165 0
1 513 0 11 24 77 5711 16547 17 2 140 0.79 39 168 0
1 513 0 11 24 77 5711 16547 15 2 140 0.63 37 170 0
1 513 0 11 24 77 5711 16547 21 2 140 0.81 40 173 2
1 513 0 11 24 77 5711 16547 15 2 140 0.75 39 172 0
1 513 0 11 24 77 5711 16547 5 2 140 0.06 18 176 0
1 513 0 11 24 77 5711 16547 6 1 140 0.07 19 175 0
1 513 0 11 24 77 5711 16547 6 1 140 0.05 18 174 0
1 513 0 11 24 77 5711 16547 16 2 140 0.6 36 171 0
1 513 0 11 24 77 5711 16547 15 2 140 0.72 38 169 0
1 513 0 11 24 77 5711 16547 13 2 140 0.52 35 164 0
1 513 0 11 25 77 5711 16547 5 2 140 0.05 18 178 0
1 513 0 11 25 77 5711 16547 21 2 140 0.61 37 181 0
1 513 0 11 25 77 5711 16547 16 2 140 0.66 38 185 0
1 513 0 11 25 77 5711 16547 16 2 140 0.62 37 183 0
1 513 0 11 25 77 5711 16547 17 1 140 0.52 35 182 0
1 513 0 11 25 77 5711 16547 4 2 140 0.04 17 179 0
1 513 0 11 25 77 5711 16547 14 2 140 0.61 38 189 0
1 513 0 11 25 77 5711 16547 17 2 140 0.58 36 190 0
1 513 0 11 25 77 5711 16547 19 2 140 0.66 36 191 0
1 513 0 11 25 77 5711 16547 13 2 140 0.71 39 192 2
1 513 0 11 25 77 5711 16547 4 2 140 0.04 16 180 2
1 513 0 11 25 77 5711 16547 14 1 140 0.53 36 184 0
1 513 0 11 25 77 5711 16547 17 2 140 0.76 40 188 2
1 513 0 11 25 77 5711 16547 10 2 140 0.57 37 186 0
1 513 0 11 25 77 5711 16547 6 2 140 0.06 18 177 0
1 513 0 11 26 77 5706 16501 6 2 140 0.06 18 193 0
1 513 0 11 27 77 5704 16504 5 2 140 0.04 17 197 0
1 513 0 11 27 77 5704 16504 4 2 140 0.04 16 198 0
1 513 0 11 27 77 5704 16504 6 1 140 0.04 18 195 0
1 513 0 11 27 77 5704 16504 4 1 140 0.03 16 199 0
1 513 0 11 27 77 5704 16504 6 2 140 0.05 17 201 0
1 513 0 11 27 77 5704 16504 15 2 140 0.69 38 203 0
1 513 0 11 27 77 5704 16504 6 1 140 0.05 18 196 0
1 513 0 11 27 77 5704 16504 18 1 140 0.45 35 205 0
1 513 0 11 27 77 5704 16504 15 2 140 0.73 40 206 0
1 513 0 11 27 77 5704 16504 18 2 140 1.04 43 204 2
1 513 0 11 27 77 5704 16504 5 2 140 0.04 17 202 0
1 513 0 11 27 77 5704 16504 4 2 140 0.04 16 200 0
1 513 0 11 27 77 5704 16504 6 1 140 0.05 18 194 0
1 513 0 11 28 77 5700 16503 5 1 140 0.06 17 208 0
1 513 0 11 28 77 5700 16503 12 1 140 0.46 33 210 0
1 513 0 11 28 77 5700 16503 19 2 140 0.91 42 213 2
1 513 0 11 28 77 5700 16503 14 2 140 0.83 39 211 0
1 513 0 11 28 77 5700 16503 13 2 140 0.72 39 212 0
1 513 0 11 28 77 5700 16503 4 1 140 0.04 16 209 0
1 513 0 11 28 77 5700 16503 7 1 140 0.05 17 207 0
1 517 0 8 8 77 5432 16542 14 2 140 0.73 39 390 4
1 517 0 8 8 77 5432 16542 13 2 140 0.83 41 387 2
