1 514 0 6 19 80 5801 15907 16 1 140 0.26 30 132 0
1 514 0 6 19 80 5801 15907 6 2 140 0.03 16 131 0
1 514 0 6 19 80 5801 15907 8 2 140 0.03 16 130 0
1 514 0 6 19 80 5801 15907 21 2 140 0.55 36 129 0
1 514 0 6 19 80 5801 15907 17 2 140 0.57 37 128 0
1 514 0 6 19 80 5801 15907 19 1 140 0.39 33 127 0
1 514 0 6 19 80 5801 15907 8 1 140 0.13 23 126 0
1 514 0 6 19 80 5801 15907 10 1 140 0.12 23 125 0
1 514 0 6 19 80 5801 15907 9 1 140 0.12 22 124 0
1 514 0 6 19 80 5801 15907 20 1 140 0.4 32 123 0
1 514 0 6 19 80 5801 15907 8 1 140 0.12 23 122 0
1 514 0 6 19 80 5801 15907 13 1 140 0.35 31 121 0
1 514 0 6 19 80 5801 15907 10 1 140 0.1 22 110 0
1 514 0 6 19 80 5801 15907 11 1 140 0.13 23 109 0
1 508 0 6 20 80 5746 15914 6 2 140 0.07 20 140 0
1 508 0 6 20 80 5746 15914 9 2 140 0.08 23 138 0
1 508 0 6 20 80 5746 15914 9 2 140 0.11 21 137 0
1 508 0 6 20 80 5746 15914 15 2 140 0.4 33 136 0
1 508 0 6 20 80 5746 15914 18 1 140 0.24 29 135 0
1 508 0 6 20 80 5746 15914 11 2 140 0.11 23 139 0
1 508 0 6 20 80 5746 15914 5 1 140 0.05 18 134 0
1 508 0 6 20 80 5746 15914 10 1 140 0.11 23 133 0
1 508 0 6 21 80 5755 15926 5 2 140 0.04 15 146 0
1 508 0 6 21 80 5755 15926 10 2 140 0.11 23 145 0
1 508 0 6 21 80 5755 15926 7 2 140 0.1 21 144 0
1 508 0 6 21 80 5755 15926 20 2 140 0.52 37 147 0
1 508 0 6 21 80 5755 15926 5 1 140 0.03 15 142 0
1 508 0 6 21 80 5755 15926 17 1 140 0.3 31 141 0
1 508 0 6 24 80 5744 15842 6 1 140 0.06 19 150 0
1 508 0 6 24 80 5744 15842 6 1 140 0.05 20 149 0
1 508 0 6 24 80 5744 15842 5 1 140 -9 17 148 0
1 508 0 6 25 80 5743 15844 4 2 140 -9 15 168 0
1 508 0 6 25 80 5743 15844 14 2 140 0.33 32 166 0
1 508 0 6 25 80 5743 15844 5 2 140 0.08 20 165 0
1 508 0 6 25 80 5743 15844 13 1 140 0.26 29 151 0
1 508 0 6 25 80 5743 15844 6 1 140 0.08 20 154 0
1 508 0 6 25 80 5743 15844 8 2 140 0.12 23 158 0
1 508 0 6 25 80 5743 15844 4 2 140 0.03 16 162 0
1 508 0 6 25 80 5743 15844 6 1 140 0.07 20 152 0
1 508 0 6 25 80 5743 15844 7 2 140 0.08 21 167 0
1 508 0 6 25 80 5743 15844 6 2 140 0.04 16 164 0
1 508 0 6 25 80 5743 15844 7 2 140 0.1 22 163 0
1 508 0 6 25 80 5743 15844 5 1 140 -9 16 161 0
1 508 0 6 25 80 5743 15844 8 1 140 0.06 19 160 0
1 508 0 6 25 80 5743 15844 8 2 140 0.1 20 159 0
1 508 0 6 25 80 5743 15844 4 2 140 -9 16 157 0
1 508 0 6 25 80 5743 15844 7 2 140 0.1 21 156 0
1 508 0 6 25 80 5743 15844 8 1 140 0.1 22 155 0
1 508 0 6 25 80 5743 15844 6 1 140 0.07 20 153 0
1 508 0 6 7 80 5738 15917 11 2 140 0.14 25 30 0
1 508 0 6 7 80 5738 15917 13 2 140 0.3 30 29 0
1 508 0 6 7 80 5738 15917 7 1 140 0.1 22 28 0
1 508 0 6 7 80 5738 15917 11 1 140 0.27 28 26 0
1 508 0 6 7 80 5738 15917 11 1 140 0.2 26 25 0
1 508 0 6 7 80 5738 15917 17 1 140 0.28 28 24 0
1 508 0 6 7 80 5738 15917 9 1 140 0.16 24 22 0
1 508 0 6 7 80 5738 15917 10 1 140 0.16 25 21 0
1 508 0 6 7 80 5738 15917 13 2 140 0.3 31 19 0
1 508 0 6 7 80 5738 15917 13 2 140 0.27 28 18 0
1 508 0 6 7 80 5738 15917 15 2 140 0.27 28 17 0
1 508 0 6 7 80 5738 15917 11 2 140 0.14 25 16 0
1 508 0 6 7 80 5738 15917 11 1 140 0.18 26 14 0
1 508 0 6 7 80 5738 15917 15 1 140 0.38 32 13 0
1 508 0 6 7 80 5738 15917 11 1 140 0.14 25 12 0
1 508 0 6 7 80 5738 15917 10 1 140 0.1 21 11 0
1 508 0 6 7 80 5738 15917 12 1 140 0.21 28 10 0
1 508 0 6 7 80 5738 15917 13 2 140 0.28 29 9 0
1 508 0 6 7 80 5738 15917 14 1 140 0.2 27 8 0
1 508 0 6 7 80 5738 15917 12 2 140 0.2 26 7 0
1 508 0 6 7 80 5738 15917 16 1 140 0.17 25 20 0
1 508 0 6 7 80 5738 15917 13 2 140 0.27 29 23 0
1 508 0 6 7 80 5738 15917 11 2 140 0.28 30 27 0
1 508 0 6 7 80 5738 15917 10 1 140 0.25 28 15 0
1 508 0 6 7 80 5738 15917 10 2 140 0.21 28 6 0
1 508 0 6 7 80 5738 15917 12 2 140 0.19 27 5 0
1 508 0 6 7 80 5738 15917 17 2 140 0.4 33 4 0
1 508 0 6 7 80 5738 15917 11 2 140 0.28 29 3 0
1 508 0 6 7 80 5738 15917 16 1 140 0.25 28 2 0
1 508 0 6 7 80 5738 15917 12 1 140 0.2 27 1 0
1 508 0 6 8 80 5748 15909 13 2 140 0.2 26 60 0
1 508 0 6 8 80 5748 15909 21 2 140 0.15 28 59 0
1 508 0 6 8 80 5748 15909 17 2 140 0.2 28 57 0
1 508 0 6 8 80 5748 15909 10 2 140 0.29 30 56 0
1 508 0 6 8 80 5748 15909 8 2 140 0.1 21 54 0
1 508 0 6 8 80 5748 15909 19 2 140 0.41 33 53 0
1 508 0 6 8 80 5748 15909 15 2 140 0.2 27 52 0
1 508 0 6 8 80 5748 15909 11 2 140 0.17 25 51 0
1 508 0 6 8 80 5748 15909 13 2 140 0.28 30 50 0
1 508 0 6 8 80 5748 15909 14 2 140 0.4 31 49 0
1 508 0 6 8 80 5748 15909 16 2 140 0.36 31 47 0
1 508 0 6 8 80 5748 15909 16 2 140 0.39 33 46 0
1 508 0 6 8 80 5748 15909 13 1 140 0.27 25 45 0
1 508 0 6 8 80 5748 15909 16 1 140 0.3 30 44 0
1 508 0 6 8 80 5748 15909 11 1 140 0.2 26 35 0
1 508 0 6 8 80 5748 15909 8 2 140 0.1 22 55 0
1 508 0 6 8 80 5748 15909 13 2 140 0.16 26 58 0
1 508 0 6 8 80 5748 15909 16 2 140 0.34 32 48 0
1 508 0 6 8 80 5748 15909 13 1 140 0.14 25 43 0
1 508 0 6 8 80 5748 15909 12 1 140 0.19 27 42 0
1 508 0 6 8 80 5748 15909 12 1 140 0.09 21 41 0
1 508 0 6 8 80 5748 15909 9 1 140 0.15 22 40 0
1 508 0 6 8 80 5748 15909 11 1 140 0.19 25 39 0
1 508 0 6 8 80 5748 15909 11 1 140 0.17 26 38 0
1 508 0 6 8 80 5748 15909 20 1 140 0.34 31 37 0
1 508 0 6 8 80 5748 15909 14 1 140 0.16 24 31 0
1 508 0 6 8 80 5748 15909 12 1 140 0.3 29 36 0
1 508 0 6 8 80 5748 15909 12 1 140 0.22 27 34 0
1 508 0 6 8 80 5748 15909 13 1 140 0.29 29 33 0
1 508 0 6 8 80 5748 15909 11 1 140 0.18 26 32 0
1 508 0 6 10 80 5752 15921 7 2 140 0.1 22 87 0
1 508 0 6 10 80 5752 15921 10 2 140 0.14 24 86 0
1 508 0 6 10 80 5752 15921 13 2 140 0.38 32 85 0
1 508 0 6 10 80 5752 15921 8 2 140 0.06 20 83 0
1 508 0 6 10 80 5752 15921 6 1 140 0.1 22 82 0
1 508 0 6 10 80 5752 15921 8 1 140 0.07 20 81 0
1 508 0 6 10 80 5752 15921 11 1 140 0.12 24 80 0
1 508 0 6 10 80 5752 15921 13 1 140 0.15 25 78 0
1 508 0 6 10 80 5752 15921 12 1 140 0.2 27 76 0
1 508 0 6 10 80 5752 15921 14 1 140 0.26 29 75 0
1 508 0 6 10 80 5752 15921 19 1 140 0.34 31 74 0
1 508 0 6 10 80 5752 15921 12 2 140 0.2 27 72 0
1 508 0 6 10 80 5752 15921 12 2 140 0.12 24 71 0
1 508 0 6 10 80 5752 15921 15 2 140 0.3 30 70 0
1 508 0 6 10 80 5752 15921 10 2 140 0.13 24 68 0
1 508 0 6 10 80 5752 15921 14 2 140 0.2 27 67 0
1 508 0 6 10 80 5752 15921 10 2 140 0.29 29 65 0
1 508 0 6 10 80 5752 15921 6 2 140 0.15 25 64 0
1 508 0 6 10 80 5752 15921 15 2 140 0.26 29 63 0
1 508 0 6 10 80 5752 15921 11 2 140 0.2 27 62 0
1 508 0 6 10 80 5752 15921 11 2 140 0.13 24 69 0
1 508 0 6 10 80 5752 15921 6 2 140 0.08 20 73 0
1 508 0 6 10 80 5752 15921 17 1 140 0.3 31 77 0
1 508 0 6 10 80 5752 15921 9 1 140 0.14 24 84 0
1 508 0 6 10 80 5752 15921 9 2 140 0.18 25 61 0
1 508 0 6 11 80 5744 15848 6 2 140 0.04 18 112 0
1 508 0 6 11 80 5744 15848 11 2 140 0.12 23 111 0
1 508 0 6 11 80 5744 15848 11 2 140 0.12 24 100 0
1 508 0 6 11 80 5744 15848 10 2 140 0.2 26 98 0
1 508 0 6 11 80 5744 15848 12 2 140 0.37 30 97 0
1 508 0 6 11 80 5744 15848 5 1 140 0.08 19 96 0
1 508 0 6 11 80 5744 15848 7 1 140 0.04 18 95 0
1 508 0 6 11 80 5744 15848 14 1 140 0.32 30 94 0
1 508 0 6 11 80 5744 15848 10 1 140 0.09 21 93 0
1 508 0 6 11 80 5744 15848 10 1 140 0.23 27 92 0
1 508 0 6 11 80 5744 15848 13 2 140 0.41 32 91 0
1 508 0 6 11 80 5744 15848 13 2 140 0.36 31 99 0
1 508 0 6 11 80 5744 15848 10 1 140 0.16 23 90 0
1 508 0 6 11 80 5744 15848 8 1 140 0.08 21 89 0
1 508 0 6 11 80 5744 15848 13 1 140 0.18 24 88 0
1 513 0 12 8 80 5644 16620 15 1 140 0.3 32 50 0
1 513 0 12 8 80 5644 16620 12 2 140 0.23 31 48 0
1 513 0 12 8 80 5644 16620 7 2 140 0.1 23 47 0
1 513 0 12 8 80 5644 16620 14 1 140 0.28 31 33 0
1 513 0 12 8 80 5644 16620 11 2 140 0.22 28 46 0
1 513 0 12 8 80 5644 16620 12 2 140 0.2 28 44 0
1 513 0 12 8 80 5644 16620 13 2 140 0.35 33 43 0
1 513 0 12 8 80 5644 16620 12 2 140 0.3 32 42 0
1 513 0 12 8 80 5644 16620 10 1 140 0.17 26 40 0
1 513 0 12 8 80 5644 16620 11 2 140 0.4 33 39 0
1 513 0 12 8 80 5644 16620 10 2 140 0.34 31 38 0
1 513 0 12 8 80 5644 16620 12 1 140 0.3 30 36 0
1 513 0 12 8 80 5644 16620 12 2 140 0.21 28 37 0
1 513 0 12 8 80 5644 16620 13 2 140 0.16 27 41 0
1 513 0 12 8 80 5644 16620 8 2 140 0.15 24 45 0
1 513 0 12 8 80 5644 16620 11 2 140 0.23 30 49 0
1 513 0 12 8 80 5644 16620 16 2 140 0.25 30 35 0
1 513 0 12 8 80 5644 16620 11 2 140 0.32 31 34 0
1 513 0 12 8 80 5644 16620 14 2 140 0.35 33 32 0
1 513 0 12 8 80 5644 16620 12 2 140 0.14 26 31 0
1 513 0 12 11 80 5643 16602 14 1 140 0.27 31 96 0
1 513 0 12 11 80 5643 16602 7 2 140 0.13 23 95 0
1 513 0 12 11 80 5643 16602 14 2 140 0.42 34 94 0
1 513 0 12 11 80 5643 16602 7 1 140 0.12 24 93 0
1 513 0 12 11 80 5643 16602 6 2 140 0.13 23 92 0
1 513 0 12 11 80 5643 16602 11 1 140 0.2 28 91 0
1 513 0 12 11 80 5643 16602 10 2 140 0.19 26 90 0
1 513 0 12 11 80 5643 16602 7 2 140 0.2 26 88 0
1 513 0 12 11 80 5643 16602 10 1 140 0.2 28 87 0
1 513 0 12 11 80 5643 16602 9 2 140 0.18 26 86 0
1 513 0 12 11 80 5643 16602 12 1 140 0.15 24 84 0
1 513 0 12 11 80 5643 16602 13 1 140 0.25 30 83 0
1 513 0 12 11 80 5643 16602 6 2 140 0.13 23 82 0
1 513 0 12 11 80 5643 16602 11 1 140 0.14 25 80 0
1 513 0 12 11 80 5643 16602 11 1 140 0.17 25 79 0
1 513 0 12 11 80 5643 16602 11 2 140 0.4 34 78 0
1 513 0 12 11 80 5643 16602 10 2 140 0.15 22 76 0
1 513 0 12 11 80 5643 16602 18 2 140 0.32 33 75 0
1 513 0 12 11 80 5643 16602 10 2 140 0.34 32 74 0
1 513 0 12 11 80 5643 16602 7 1 140 0.16 26 72 0
1 513 0 12 11 80 5643 16602 11 1 140 0.17 25 71 0
1 513 0 12 11 80 5643 16602 15 1 140 0.22 28 70 0
1 513 0 12 11 80 5643 16602 13 2 140 0.22 27 68 0
1 513 0 12 11 80 5643 16602 11 2 140 0.23 27 67 0
1 513 0 12 11 80 5643 16602 13 2 140 0.17 26 66 0
1 513 0 12 11 80 5643 16602 10 1 140 0.16 25 65 0
1 513 0 12 11 80 5643 16602 13 2 140 0.32 33 64 0
1 513 0 12 11 80 5643 16602 14 2 140 0.21 27 63 0
1 513 0 12 11 80 5643 16602 12 1 140 0.2 27 62 0
1 513 0 12 11 80 5643 16602 10 1 140 0.2 27 61 0
1 513 0 12 11 80 5643 16602 9 1 140 0.18 27 60 0
1 513 0 12 11 80 5643 16602 7 1 140 0.22 27 59 0
1 513 0 12 11 80 5643 16602 6 2 140 0.15 24 58 0
1 513 0 12 11 80 5643 16602 10 1 140 0.32 31 57 0
1 513 0 12 11 80 5643 16602 10 1 140 0.25 29 56 0
1 513 0 12 11 80 5643 16602 11 1 140 0.2 28 55 0
1 513 0 12 11 80 5643 16602 14 2 140 0.35 32 69 0
1 513 0 12 11 80 5643 16602 11 1 140 0.23 30 73 0
1 513 0 12 11 80 5643 16602 13 1 140 0.13 24 77 0
1 513 0 12 11 80 5643 16602 6 2 140 0.15 23 81 0
1 513 0 12 11 80 5643 16602 10 1 140 0.21 28 85 0
1 513 0 12 11 80 5643 16602 12 1 140 0.25 30 89 0
1 513 0 12 11 80 5643 16602 10 2 140 0.2 27 54 0
1 513 0 12 11 80 5643 16602 8 1 140 0.13 23 53 0
1 513 0 12 11 80 5643 16602 12 2 140 0.15 25 52 0
1 513 0 12 11 80 5643 16602 11 2 140 0.26 30 51 0
1 513 0 12 11 80 5643 16602 11 2 140 0.14 24 100 0
1 513 0 12 11 80 5643 16602 7 2 140 0.1 22 99 0
1 513 0 12 11 80 5643 16602 10 1 140 0.15 24 98 0
1 513 0 12 11 80 5643 16602 13 2 140 0.52 35 97 0
1 513 0 2 23 80 5635 16701 13 2 140 0.6 36 250 0
1 513 0 2 23 80 5635 16701 10 2 140 0.55 36 249 0
1 513 0 2 23 80 5635 16701 11 2 140 0.25 30 248 0
1 513 0 2 23 80 5635 16701 7 2 140 0.15 25 246 0
1 513 0 2 23 80 5635 16701 9 1 140 0.15 25 231 0
1 513 0 2 23 80 5635 16701 11 1 140 0.2 27 235 0
1 513 0 2 23 80 5635 16701 7 1 140 0.2 26 239 0
1 513 0 2 23 80 5635 16701 9 2 140 0.3 29 243 0
1 513 0 2 23 80 5635 16701 13 2 140 0.35 30 247 0
1 513 0 2 23 80 5635 16701 14 2 140 0.35 30 245 0
1 513 0 2 23 80 5635 16701 9 2 140 0.35 31 244 0
1 513 0 2 23 80 5635 16701 16 2 140 0.8 41 242 0
1 513 0 2 23 80 5635 16701 9 2 140 0.3 31 241 0
1 513 0 2 23 80 5635 16701 11 1 140 0.2 27 240 0
1 513 0 2 23 80 5635 16701 13 1 140 0.35 32 238 0
1 513 0 2 23 80 5635 16701 10 1 140 0.25 28 237 0
1 513 0 2 23 80 5635 16701 11 1 140 0.2 25 236 0
1 513 0 2 23 80 5635 16701 11 1 140 0.2 28 234 0
1 513 0 2 23 80 5635 16701 13 1 140 0.3 30 233 0
1 513 0 2 23 80 5635 16701 13 1 140 0.3 29 232 0
1 513 0 1 12 80 5635 16658 11 1 140 0.37 32 86 0
1 513 0 1 12 80 5635 16658 6 2 140 0.15 25 82 0
1 513 0 1 12 80 5635 16658 12 1 140 0.29 31 85 0
1 513 0 1 12 80 5635 16658 7 2 140 0.16 25 84 0
1 513 0 1 12 80 5635 16658 8 2 140 0.18 25 83 0
1 513 0 1 12 80 5635 16658 7 2 140 0.17 26 81 0
1 513 0 1 12 80 5635 16658 13 2 140 0.45 32 80 0
1 513 0 1 15 80 5633 16700 7 1 140 0.12 21 102 0
1 513 0 1 15 80 5633 16700 12 1 140 0.34 31 100 0
1 513 0 1 15 80 5633 16700 7 2 140 0.16 24 104 0
1 513 0 1 15 80 5633 16700 7 2 140 0.12 22 103 0
1 513 0 1 15 80 5633 16700 11 1 140 0.15 23 101 0
1 513 0 1 16 80 5636 16715 7 2 140 0.1 22 115 0
1 513 0 1 16 80 5636 16715 14 2 140 0.54 35 114 0
1 513 0 1 16 80 5636 16715 13 2 140 0.54 34 113 0
1 513 0 1 16 80 5636 16715 14 2 140 0.56 35 112 0
1 513 0 1 16 80 5636 16715 13 2 140 0.45 35 111 0
1 513 0 2 28 80 5636 16726 14 1 140 0.3 29 310 0
1 513 0 2 28 80 5636 16726 11 1 140 0.25 29 308 0
1 513 0 2 28 80 5636 16726 15 1 140 0.35 32 307 0
1 513 0 2 28 80 5636 16726 8 1 140 0.15 22 309 0
1 513 0 2 28 80 5636 16726 15 1 140 0.3 30 306 0
1 513 0 2 28 80 5636 16726 10 2 140 0.2 26 305 0
1 513 0 2 28 80 5636 16726 10 2 140 0.15 23 304 0
1 513 0 2 28 80 5636 16726 10 2 140 0.15 23 303 0
1 513 0 2 28 80 5636 16726 14 2 140 0.5 34 302 0
1 513 0 2 28 80 5636 16726 14 2 140 0.25 28 301 0
1 513 0 12 12 80 5641 16628 11 2 140 0.35 30 56 0
1 513 0 12 12 80 5641 16628 14 2 140 0.5 34 55 0
1 513 0 12 12 80 5641 16628 11 1 140 0.35 29 46 0
1 513 0 12 12 80 5641 16628 17 2 140 0.45 31 54 0
1 513 0 12 12 80 5641 16628 5 2 140 0.22 24 53 0
1 513 0 12 12 80 5641 16628 11 1 140 0.35 31 52 0
1 513 0 12 12 80 5641 16628 7 1 140 0.3 26 51 0
1 513 0 12 12 80 5641 16628 11 1 140 0.35 30 50 0
1 513 0 12 12 80 5641 16628 8 1 140 0.23 26 49 0
1 513 0 12 12 80 5641 16628 9 1 140 0.4 30 48 0
1 513 0 12 12 80 5641 16628 11 1 140 0.3 29 47 0
1 513 0 12 12 80 5641 16628 10 1 140 0.22 24 45 0
1 513 0 12 13 80 5645 16603 12 2 140 0.26 27 76 0
1 513 0 12 13 80 5645 16603 7 2 140 0.12 23 75 0
1 513 0 12 13 80 5645 16603 7 2 140 0.22 26 73 0
1 513 0 12 13 80 5645 16603 6 2 140 0.15 23 72 0
1 513 0 12 13 80 5645 16603 6 1 140 0.15 23 70 0
1 513 0 12 13 80 5645 16603 8 2 140 0.2 24 74 0
1 513 0 12 13 80 5645 16603 6 1 140 0.15 24 71 0
1 513 0 12 13 80 5645 16603 9 1 140 0.15 25 69 0
1 513 0 12 13 80 5645 16603 7 1 140 0.18 24 68 0
1 513 0 12 13 80 5645 16603 10 1 140 0.2 25 67 0
1 513 0 5 21 80 5725 16835 12 2 140 0.58 32 404 0
1 513 0 5 21 80 5725 16835 11 2 140 0.63 33 403 0
1 513 0 5 21 80 5725 16835 14 2 140 0.52 33 402 0
1 513 0 5 21 80 5725 16835 6 2 140 0.21 21 400 0
1 513 0 5 21 80 5725 16835 7 2 140 0.22 22 399 0
1 513 0 5 21 80 5725 16835 10 1 140 0.37 29 398 0
1 513 0 5 21 80 5725 16835 5 1 140 0.21 21 397 0
1 513 0 5 21 80 5725 16835 6 1 140 0.28 22 396 0
1 513 0 5 21 80 5725 16835 6 2 140 0.22 22 395 0
1 513 0 5 21 80 5725 16835 14 2 140 0.62 36 401 0
1 513 0 5 21 80 5725 16835 6 2 140 0.22 21 394 0
1 517 0 3 6 80 5627 16643 6 1 140 0.05 19 343 0
1 517 0 3 6 80 5627 16643 5 2 140 0.05 20 342 0
1 513 0 3 12 80 5647 16817 7 1 140 0.1 21 355 0
1 513 0 3 12 80 5647 16817 9 1 140 0.1 21 354 0
1 513 0 5 10 80 5718 16630 12 1 140 0.37 31 490 0
1 513 0 5 10 80 5718 16630 12 1 140 0.31 29 489 0
1 513 0 5 10 80 5718 16630 10 2 140 0.24 26 488 0
1 513 0 5 10 80 5718 16630 10 2 140 0.35 29 487 0
1 513 0 5 10 80 5718 16630 8 2 140 0.24 28 486 0
1 513 0 5 10 80 5718 16630 10 2 140 0.26 29 485 0
1 513 0 5 10 80 5718 16630 7 2 140 0.17 26 484 0
1 513 0 5 10 80 5718 16630 9 2 140 0.21 28 483 0
1 513 0 5 10 80 5718 16630 9 2 140 0.2 27 482 0
1 513 0 5 10 80 5718 16630 9 1 140 0.22 26 481 0
1 513 0 5 14 80 5721 16530 20 2 140 0.35 30 450 0
1 513 0 5 14 80 5721 16530 11 2 140 0.25 28 449 0
1 513 0 5 14 80 5721 16530 9 1 140 0.26 26 448 0
1 513 0 5 14 80 5721 16530 7 2 140 0.25 26 447 0
1 513 0 5 14 80 5721 16530 8 1 140 0.19 24 446 0
1 513 0 5 14 80 5721 16530 8 2 140 0.19 25 445 0
1 513 0 5 14 80 5721 16530 13 1 140 0.29 28 444 0
1 513 0 5 14 80 5721 16530 10 2 140 0.24 25 443 0
1 513 0 5 14 80 5721 16530 12 1 140 0.32 29 442 0
1 513 0 5 14 80 5721 16530 12 2 140 0.39 29 441 0
1 513 0 12 10 80 5643 16745 11 2 140 0.25 28 9 0
1 513 0 12 10 80 5643 16745 9 2 140 0.25 28 8 0
1 513 0 12 10 80 5643 16745 8 2 140 0.3 29 7 0
1 513 0 12 10 80 5643 16745 12 2 140 0.35 30 6 0
1 513 0 12 10 80 5643 16745 10 2 140 0.3 29 5 0
1 513 0 12 10 80 5643 16745 11 2 140 0.25 28 3 0
1 513 0 12 10 80 5643 16745 12 2 140 0.3 30 4 0
1 513 0 12 10 80 5643 16745 11 2 140 0.4 32 2 0
1 513 0 12 10 80 5643 16745 11 2 140 0.3 30 1 0
1 513 0 12 11 80 5640 16621 11 1 140 0.2 26 20 0
1 513 0 12 11 80 5640 16621 11 2 140 0.24 27 19 0
1 513 0 12 11 80 5640 16621 7 2 140 0.24 27 18 0
1 513 0 12 11 80 5640 16621 11 2 140 0.3 29 17 0
1 513 0 12 11 80 5640 16621 8 2 140 0.21 25 16 0
1 513 0 12 11 80 5640 16621 11 1 140 0.2 25 15 0
1 513 0 12 11 80 5640 16621 12 2 140 0.25 26 14 0
1 513 0 12 11 80 5640 16621 11 1 140 0.3 28 13 0
1 513 0 12 11 80 5640 16621 12 2 140 0.2 27 12 0
1 513 0 12 11 80 5640 16621 15 1 140 0.35 31 11 0
1 513 0 12 11 80 5640 16621 13 1 140 0.35 31 10 0
1 513 0 12 11 80 5640 16614 11 2 140 0.57 37 32 0
1 513 0 12 11 80 5640 16614 13 2 140 0.4 31 31 0
1 513 0 12 11 80 5640 16614 13 2 140 0.45 32 29 0
1 513 0 12 11 80 5640 16614 16 2 140 0.55 35 28 0
1 513 0 12 11 80 5640 16614 10 2 140 0.38 31 30 0
1 513 0 12 11 80 5640 16614 12 2 140 0.47 34 27 0
1 513 0 12 11 80 5640 16614 8 2 140 0.2 24 26 0
1 513 0 12 11 80 5640 16614 13 1 140 0.32 28 25 0
1 513 0 12 11 80 5640 16614 15 1 140 0.34 30 24 0
1 513 0 12 11 80 5640 16614 13 1 140 0.28 28 23 0
1 513 0 12 11 80 5640 16614 11 1 140 0.34 31 22 0
1 513 0 12 11 80 5640 16614 12 1 140 0.25 27 21 0
1 513 0 12 12 80 5640 16625 11 2 140 0.45 33 44 0
1 513 0 12 12 80 5640 16625 16 2 140 0.4 33 43 0
1 513 0 12 12 80 5640 16625 6 2 140 0.2 22 41 0
1 513 0 12 12 80 5640 16625 10 1 140 0.3 28 40 0
1 513 0 12 12 80 5640 16625 10 1 140 0.25 25 39 0
1 513 0 12 12 80 5640 16625 10 1 140 0.25 26 37 0
1 513 0 12 12 80 5640 16625 5 1 140 0.2 23 34 0
1 513 0 12 12 80 5640 16625 13 1 140 0.32 27 38 0
1 513 0 12 12 80 5640 16625 6 2 140 0.25 26 42 0
1 513 0 12 12 80 5640 16625 13 1 140 0.35 30 36 0
1 513 0 12 12 80 5640 16625 8 1 140 0.25 26 35 0
1 513 0 12 12 80 5640 16625 10 1 140 0.32 29 33 0
1 513 0 12 13 80 5640 16634 12 2 140 0.4 34 65 0
1 513 0 12 13 80 5640 16634 13 2 140 0.4 33 64 0
1 513 0 12 13 80 5640 16634 10 2 140 0.17 25 63 0
1 513 0 12 13 80 5640 16634 11 2 140 0.28 29 62 0
1 513 0 12 13 80 5640 16634 6 2 140 0.16 25 66 0
1 513 0 12 13 80 5640 16634 15 2 140 0.35 32 61 0
1 513 0 12 13 80 5640 16634 10 1 140 0.2 27 60 0
1 513 0 12 13 80 5640 16634 9 1 140 0.2 27 59 0
1 513 0 12 13 80 5640 16634 5 1 140 0.12 24 58 0
1 513 0 12 13 80 5640 16634 12 1 140 0.25 28 57 0
1 513 0 12 13 80 5643 16607 6 1 140 0.15 22 88 0
1 513 0 12 13 80 5643 16607 16 2 140 0.55 35 87 0
1 513 0 12 13 80 5643 16607 10 2 140 0.35 31 85 0
1 513 0 12 13 80 5643 16607 6 2 140 0.25 28 84 0
1 513 0 12 13 80 5643 16607 9 2 140 0.23 26 83 0
1 513 0 12 13 80 5643 16607 6 2 140 0.22 24 81 0
1 513 0 12 13 80 5643 16607 10 1 140 0.16 25 78 0
1 513 0 12 13 80 5643 16607 11 2 140 0.25 26 82 0
1 513 0 12 13 80 5643 16607 6 2 140 0.2 24 86 0
1 513 0 12 13 80 5643 16607 10 2 140 0.17 22 80 0
1 513 0 12 13 80 5643 16607 7 1 140 0.18 24 79 0
1 513 0 12 13 80 5643 16607 11 1 140 0.23 27 77 0
1 513 0 12 14 80 5642 16609 13 2 140 0.3 31 98 0
1 513 0 12 14 80 5642 16609 7 2 140 0.24 29 97 0
1 513 0 12 14 80 5642 16609 13 2 140 0.35 30 96 0
1 513 0 12 14 80 5642 16609 8 2 140 0.25 28 95 0
1 513 0 12 14 80 5642 16609 13 2 140 0.4 33 94 0
1 513 0 12 14 80 5642 16609 10 2 140 0.2 27 93 0
1 513 0 12 14 80 5642 16609 6 2 140 0.23 25 92 0
1 513 0 12 14 80 5642 16609 10 2 140 0.15 23 91 0
1 513 0 12 14 80 5642 16609 8 1 140 0.22 26 90 0
1 513 0 12 14 80 5642 16609 14 1 140 0.3 29 89 0
1 513 0 12 14 80 5642 16605 12 1 140 0.3 29 105 0
1 513 0 12 14 80 5642 16605 13 1 140 0.35 30 104 0
1 513 0 12 14 80 5642 16605 12 2 140 0.4 33 103 0
1 513 0 12 14 80 5642 16605 6 2 140 0.2 23 102 0
1 513 0 12 14 80 5642 16605 9 2 140 0.2 25 101 0
1 513 0 12 14 80 5642 16605 11 2 140 0.45 34 100 0
1 513 0 12 14 80 5642 16605 14 2 140 0.5 34 99 0
1 513 0 12 14 80 5648 16604 7 2 140 0.15 22 109 0
1 513 0 12 14 80 5648 16604 13 2 140 0.43 36 114 0
1 513 0 12 14 80 5648 16604 14 2 140 0.5 35 112 0
1 513 0 12 14 80 5648 16604 14 2 140 0.33 32 111 0
1 513 0 12 14 80 5648 16604 14 2 140 0.36 32 113 0
1 513 0 12 14 80 5648 16604 21 2 140 0.8 41 110 0
1 513 0 12 14 80 5648 16604 6 2 140 0.17 22 108 0
1 513 0 12 14 80 5648 16604 5 2 140 0.15 21 107 0
1 513 0 12 14 80 5648 16604 6 1 140 0.15 20 106 0
1 513 0 12 4 80 5719 16704 12 2 140 0.31 31 10 0
1 513 0 12 4 80 5719 16704 6 2 140 0.16 25 8 0
1 513 0 12 4 80 5719 16704 6 2 140 0.15 24 7 0
1 513 0 12 4 80 5719 16704 7 2 140 0.3 30 6 0
1 513 0 12 4 80 5719 16704 7 1 140 0.19 26 4 0
1 513 0 12 4 80 5719 16704 12 2 140 0.26 29 3 0
1 513 0 12 4 80 5719 16704 15 1 140 0.31 31 1 0
1 513 0 12 4 80 5719 16704 13 2 140 0.27 32 5 0
1 513 0 12 4 80 5719 16704 11 2 140 0.22 28 9 0
1 513 0 12 4 80 5719 16704 8 2 140 0.23 29 2 0
1 513 0 12 4 80 5718 16702 7 2 140 0.15 25 20 0
1 513 0 12 4 80 5718 16702 13 2 140 0.3 31 19 0
1 513 0 12 4 80 5718 16702 7 1 140 0.2 29 18 0
1 513 0 12 4 80 5718 16702 13 2 140 0.25 29 17 0
1 513 0 12 4 80 5718 16702 7 1 140 0.15 26 16 0
1 513 0 12 4 80 5718 16702 7 2 140 0.13 25 15 0
1 513 0 12 4 80 5718 16702 12 2 140 0.25 28 14 0
1 513 0 12 4 80 5718 16702 5 2 140 0.08 22 13 0
1 513 0 12 4 80 5718 16702 11 2 140 0.28 29 12 0
1 513 0 12 4 80 5718 16702 7 1 140 0.23 27 11 0
1 513 0 12 5 80 5725 16704 10 2 140 0.35 32 30 0
1 513 0 12 5 80 5725 16704 13 1 140 0.26 29 28 0
1 513 0 12 5 80 5725 16704 6 2 140 0.12 22 27 0
1 513 0 12 5 80 5725 16704 7 1 140 0.18 25 29 0
1 513 0 12 5 80 5725 16704 11 2 140 0.22 30 26 0
1 513 0 12 5 80 5725 16704 13 1 140 0.3 29 25 0
1 513 0 12 5 80 5725 16704 7 2 140 0.15 25 24 0
1 513 0 12 5 80 5725 16704 12 2 140 0.42 30 23 0
1 513 0 12 5 80 5725 16704 7 1 140 0.2 26 22 0
1 513 0 12 5 80 5725 16704 11 2 140 0.3 29 21 0
1 513 0 1 10 80 5635 16655 12 1 140 0.3 30 79 0
1 513 0 1 10 80 5635 16655 12 1 140 0.24 27 77 0
1 513 0 1 10 80 5635 16655 7 2 140 0.21 26 74 0
1 513 0 1 10 80 5635 16655 11 1 140 0.24 27 78 0
1 513 0 1 10 80 5635 16655 14 1 140 0.14 24 76 0
1 513 0 1 10 80 5635 16655 13 2 140 0.55 33 75 0
1 513 0 1 10 80 5635 16655 10 2 140 0.16 24 73 0
1 513 0 1 10 80 5635 16655 14 2 140 0.41 32 72 0
1 513 0 1 10 80 5635 16655 9 2 140 0.17 26 71 0
1 513 0 1 25 80 5638 16707 13 1 140 0.4 32 137 0
1 513 0 1 25 80 5638 16707 13 1 140 0.47 35 136 0
1 513 0 1 8 80 5645 16711 8 1 140 0.19 26 29 0
1 513 0 1 8 80 5645 16711 13 1 140 0.2 26 28 0
1 513 0 1 8 80 5645 16711 12 1 140 0.29 30 27 0
1 513 0 1 8 80 5645 16711 10 2 140 0.32 31 25 0
1 513 0 1 8 80 5645 16711 11 2 140 0.25 28 24 0
1 513 0 1 8 80 5645 16711 14 2 140 0.29 31 23 0
1 513 0 1 8 80 5645 16711 13 2 140 0.25 28 22 0
1 513 0 1 8 80 5645 16711 12 1 140 0.2 27 26 0
1 513 0 1 8 80 5645 16711 12 1 140 0.16 25 30 0
1 513 0 1 8 80 5645 16711 8 2 140 0.25 29 21 0
1 513 0 1 8 80 5642 16705 11 1 140 0.19 27 40 0
1 513 0 1 8 80 5642 16705 13 1 140 0.34 31 39 0
1 513 0 1 8 80 5642 16705 10 1 140 0.23 28 37 0
1 513 0 1 8 80 5642 16705 12 1 140 0.31 29 36 0
1 513 0 1 8 80 5642 16705 10 2 140 0.21 27 35 0
1 513 0 1 8 80 5642 16705 12 2 140 0.25 29 33 0
1 513 0 1 8 80 5642 16705 9 2 140 0.16 24 32 0
1 513 0 1 8 80 5642 16705 14 2 140 0.2 26 34 0
1 513 0 1 8 80 5642 16705 11 1 140 0.2 26 38 0
1 513 0 1 8 80 5642 16705 13 2 140 0.34 29 31 0
1 513 0 1 8 80 5643 16706 10 1 140 0.24 29 50 0
1 513 0 1 8 80 5643 16706 13 1 140 0.28 28 49 0
1 513 0 1 8 80 5643 16706 11 1 140 0.29 31 48 0
1 513 0 1 8 80 5643 16706 13 1 140 0.25 28 47 0
1 513 0 1 8 80 5643 16706 13 1 140 0.26 28 46 0
1 513 0 1 8 80 5643 16706 9 2 140 0.24 27 45 0
1 513 0 1 8 80 5643 16706 12 2 140 0.38 33 44 0
1 513 0 1 8 80 5643 16706 19 2 140 0.6 38 43 0
1 513 0 1 8 80 5643 16706 9 2 140 0.33 30 42 0
1 513 0 1 8 80 5643 16706 11 2 140 0.2 27 41 0
1 513 0 1 9 80 5635 16655 11 1 140 0.3 30 60 0
1 513 0 1 9 80 5635 16655 9 1 140 0.2 27 59 0
1 513 0 1 9 80 5635 16655 11 1 140 0.31 31 58 0
1 513 0 1 9 80 5635 16655 13 1 140 0.48 33 57 0
1 513 0 1 9 80 5635 16655 17 1 140 0.29 29 56 0
1 513 0 1 9 80 5635 16655 20 2 140 0.6 35 55 0
1 513 0 1 9 80 5635 16655 14 2 140 0.39 31 54 0
1 513 0 1 9 80 5635 16655 7 2 140 0.19 25 53 0
1 513 0 1 9 80 5635 16655 14 2 140 0.24 27 52 0
1 513 0 1 9 80 5635 16655 14 2 140 0.35 30 51 0
1 517 0 3 9 80 5623 16642 15 1 140 0.35 34 350 0
1 517 0 3 9 80 5623 16642 13 1 140 0.4 32 349 0
1 517 0 3 10 80 5623 16638 15 1 140 0.45 34 353 0
1 517 0 3 10 80 5623 16638 13 2 140 0.75 38 352 0
1 517 0 3 10 80 5623 16638 13 2 140 0.9 39 351 0
1 513 0 3 2 80 5635 16700 6 2 140 0.1 23 335 0
1 513 0 3 2 80 5635 16700 10 2 140 0.4 34 334 0
1 513 0 3 2 80 5635 16700 6 2 140 0.15 22 333 0
1 513 0 3 2 80 5635 16700 18 2 140 0.55 36 332 0
1 513 0 3 2 80 5635 16700 6 2 140 0.1 21 331 0
1 517 0 3 3 80 5627 16641 19 2 140 0.55 37 338 0
1 517 0 3 3 80 5627 16641 11 2 140 0.1 21 337 0
1 517 0 3 3 80 5627 16641 16 1 140 0.35 31 336 0
1 513 0 1 10 80 5635 16654 11 1 140 0.31 30 69 0
1 513 0 1 10 80 5635 16654 10 1 140 0.2 25 68 0
1 513 0 1 10 80 5635 16654 10 1 140 0.31 29 67 0
1 513 0 1 10 80 5635 16654 10 2 140 0.47 33 62 0
1 513 0 1 10 80 5635 16654 12 1 140 0.28 29 66 0
1 513 0 1 10 80 5635 16654 12 1 140 0.26 30 70 0
1 513 0 1 10 80 5635 16654 14 2 140 0.24 26 65 0
1 513 0 1 10 80 5635 16654 11 2 140 0.36 32 64 0
1 513 0 1 10 80 5635 16654 11 2 140 0.39 32 63 0
1 513 0 1 10 80 5635 16654 9 2 140 0.4 33 61 0
1 513 0 1 12 80 5639 16705 10 2 140 0.16 24 89 0
1 513 0 1 12 80 5639 16705 7 2 140 0.16 24 88 0
1 513 0 1 12 80 5639 16705 6 1 140 0.18 25 87 0
1 513 0 1 13 80 5637 16702 15 2 140 0.55 37 93 0
1 513 0 1 13 80 5637 16702 11 1 140 0.17 25 92 0
1 513 0 1 13 80 5637 16702 10 1 140 0.15 24 91 0
1 513 0 1 13 80 5637 16702 9 1 140 0.14 23 90 0
1 513 0 1 14 80 5633 16657 10 1 140 0.19 25 99 0
1 513 0 1 14 80 5633 16657 7 2 140 0.13 23 98 0
1 513 0 1 14 80 5633 16657 10 2 140 0.5 34 97 0
1 513 0 1 14 80 5633 16657 8 2 140 0.13 23 96 0
1 513 0 1 14 80 5633 16657 17 2 140 0.58 34 95 0
1 513 0 1 14 80 5633 16657 16 2 140 0.61 38 94 0
1 513 0 1 16 80 5641 16721 13 1 140 0.34 32 105 0
1 513 0 1 16 80 5641 16721 13 1 140 0.45 33 106 0
1 513 0 1 16 80 5641 16721 18 1 140 0.39 33 107 0
1 513 0 1 16 80 5641 16721 6 2 140 0.14 22 109 0
1 513 0 1 16 80 5641 16721 12 1 140 0.3 31 108 0
1 513 0 1 16 80 5641 16721 7 2 140 0.14 23 110 0
1 513 0 1 17 80 5637 16716 9 2 140 0.11 22 118 0
1 513 0 1 17 80 5637 16716 12 1 140 0.15 24 120 0
1 513 0 1 17 80 5637 16716 6 1 140 0.1 23 119 0
1 513 0 1 17 80 5637 16716 7 2 140 0.14 23 117 0
1 513 0 1 17 80 5637 16716 14 2 140 0.5 37 116 0
1 513 0 1 19 80 5642 16718 7 2 140 0.11 23 122 0
1 513 0 1 19 80 5642 16718 11 2 140 0.45 35 123 0
1 513 0 1 19 80 5642 16718 15 2 140 0.65 37 121 0
1 513 0 1 19 80 5637 16716 9 1 140 0.15 24 127 0
1 513 0 1 19 80 5637 16716 6 2 140 0.1 22 125 0
1 513 0 1 19 80 5637 16716 11 1 140 0.15 24 126 0
1 513 0 1 19 80 5637 16716 14 2 140 0.44 34 124 0
1 513 0 1 20 80 5638 16716 18 2 140 0.47 34 129 0
1 513 0 1 20 80 5638 16716 8 1 140 0.1 22 128 0
1 513 0 1 22 80 5639 16722 6 2 140 0.1 21 130 0
1 513 0 1 22 80 5636 16717 12 2 140 0.6 36 133 0
1 513 0 1 22 80 5636 16717 13 2 140 0.47 36 132 0
1 513 0 1 22 80 5636 16717 10 1 140 0.4 33 131 0
1 513 0 1 23 80 5640 16713 18 1 140 0.44 33 134 0
1 513 0 1 24 80 5638 16708 13 1 140 0.35 32 135 0
1 513 0 1 25 80 5645 16728 6 1 140 0.08 21 139 0
1 513 0 1 25 80 5645 16728 7 1 140 0.14 23 138 0
1 513 0 1 26 80 5643 16742 6 2 140 0.09 21 142 0
1 513 0 1 26 80 5643 16742 7 1 140 0.13 23 141 0
1 513 0 1 26 80 5643 16742 7 1 140 0.1 22 140 0
1 513 0 1 7 80 5641 16645 10 1 140 0.2 26 20 0
1 513 0 1 7 80 5641 16645 14 1 140 0.25 28 19 0
1 513 0 1 7 80 5641 16645 11 1 140 0.15 26 18 0
1 513 0 1 7 80 5641 16645 14 2 140 0.58 37 17 0
1 513 0 1 7 80 5641 16645 12 2 140 0.29 31 16 0
1 513 0 1 7 80 5641 16645 10 2 140 0.25 28 15 0
1 513 0 1 7 80 5641 16645 13 2 140 0.35 30 14 0
1 513 0 1 7 80 5641 16645 10 2 140 0.23 27 13 0
1 513 0 3 16 80 5647 16811 6 2 140 0.1 20 364 0
1 513 0 3 16 80 5647 16811 13 1 140 0.5 35 363 0
1 513 0 3 16 80 5646 16814 22 2 140 0.75 41 365 2
1 513 0 3 17 80 5646 16815 6 2 140 0.1 20 367 0
1 513 0 3 17 80 5646 16815 14 1 140 0.5 33 366 0
1 513 0 3 18 80 5644 16814 15 2 140 0.7 39 373 2
1 513 0 3 18 80 5644 16814 15 2 140 0.65 39 372 2
1 513 0 3 18 80 5644 16814 13 2 140 0.55 37 371 2
1 513 0 3 18 80 5644 16814 14 2 140 0.65 39 370 2
1 513 0 3 18 80 5644 16814 13 2 140 0.55 38 369 2
1 513 0 3 18 80 5644 16814 6 1 140 0.1 20 368 0
1 513 0 3 19 80 5645 16810 5 1 140 0.1 20 374 0
1 513 0 3 20 80 5646 16812 13 2 140 0.55 37 377 0
1 513 0 3 20 80 5646 16812 5 2 140 0.1 20 376 0
1 513 0 3 20 80 5646 16812 5 1 140 0.1 18 375 0
1 513 0 1 27 80 5644 16722 6 2 140 0.09 21 144 0
1 513 0 1 27 80 5644 16722 13 2 140 0.51 36 143 0
1 513 0 1 27 80 5644 16722 16 1 140 0.53 36 145 0
1 513 0 1 6 80 5644 16741 12 1 140 0.4 32 1 0
1 513 0 1 6 80 5644 16741 13 2 140 0.83 38 6 0
1 513 0 1 6 80 5644 16741 12 2 140 0.55 33 5 0
1 513 0 1 6 80 5644 16741 13 2 140 0.3 28 4 0
1 513 0 1 6 80 5644 16741 11 2 140 0.3 30 3 0
1 513 0 1 6 80 5644 16741 13 2 140 0.6 37 2 0
1 513 0 1 7 80 5645 16721 13 2 140 0.4 31 12 0
1 513 0 1 7 80 5645 16721 7 2 140 0.26 29 11 0
1 513 0 1 7 80 5645 16721 7 2 140 0.16 25 10 0
1 513 0 1 7 80 5645 16721 14 2 140 0.31 30 9 0
1 513 0 1 7 80 5645 16721 7 2 140 0.2 27 8 0
1 513 0 1 7 80 5645 16721 14 2 140 0.27 29 7 0
1 513 0 2 21 80 5631 16711 12 1 140 0.15 26 203 0
1 513 0 2 21 80 5631 16711 9 2 140 0.2 27 207 0
1 513 0 2 21 80 5631 16711 15 2 140 0.35 31 210 0
1 513 0 2 21 80 5631 16711 8 2 140 0.2 27 209 0
1 513 0 2 21 80 5631 16711 14 2 140 0.3 29 208 0
1 513 0 2 21 80 5631 16711 9 2 140 0.3 31 206 0
1 513 0 2 21 80 5631 16711 7 2 140 0.2 26 205 0
1 513 0 2 21 80 5631 16711 10 2 140 0.15 25 204 0
1 513 0 2 21 80 5631 16711 13 1 140 0.3 30 202 0
1 513 0 2 21 80 5631 16711 12 1 140 0.2 28 201 0
1 513 0 2 22 80 5638 16658 11 2 140 0.2 28 230 0
1 513 0 2 22 80 5638 16658 11 2 140 0.3 29 229 0
1 513 0 2 22 80 5638 16658 10 2 140 0.4 32 228 0
1 513 0 2 22 80 5638 16658 16 2 140 0.4 33 227 0
1 513 0 2 22 80 5638 16658 14 2 140 0.45 34 226 0
1 513 0 2 22 80 5638 16658 10 2 140 0.35 32 225 0
1 513 0 2 22 80 5638 16658 12 2 140 0.5 35 224 0
1 513 0 2 22 80 5638 16658 7 2 140 0.1 22 223 0
1 513 0 2 22 80 5638 16658 10 2 140 0.3 29 222 0
1 513 0 2 22 80 5638 16658 10 2 140 0.25 30 221 0
1 513 0 2 22 80 5638 16658 10 2 140 0.25 28 220 0
1 513 0 2 22 80 5638 16658 10 2 140 0.3 30 219 0
1 513 0 2 22 80 5638 16658 13 1 140 0.3 31 211 0
1 513 0 2 22 80 5638 16658 14 2 140 0.3 29 218 0
1 513 0 2 22 80 5638 16658 15 2 140 0.5 32 217 0
1 513 0 2 22 80 5638 16658 10 2 140 0.25 28 216 0
1 513 0 2 22 80 5638 16658 13 2 140 0.4 33 215 0
1 513 0 2 22 80 5638 16658 10 1 140 0.15 24 214 0
1 513 0 2 22 80 5638 16658 7 1 140 0.15 25 213 0
1 513 0 2 22 80 5638 16658 8 1 140 0.15 25 212 0
1 513 0 2 24 80 5648 16806 11 2 140 0.2 27 260 0
1 513 0 2 24 80 5648 16806 13 2 140 0.4 35 259 0
1 513 0 2 24 80 5648 16806 13 2 140 0.45 34 258 0
1 513 0 2 24 80 5648 16806 14 2 140 0.35 32 257 0
1 513 0 2 24 80 5648 16806 15 2 140 0.4 33 256 0
1 513 0 2 24 80 5648 16806 6 1 140 0.1 22 255 0
1 513 0 2 24 80 5648 16806 10 1 140 0.15 24 251 0
1 513 0 2 24 80 5648 16806 8 1 140 0.15 23 254 0
1 513 0 2 24 80 5648 16806 9 1 140 0.15 24 253 0
1 513 0 2 24 80 5648 16806 7 1 140 0.2 25 252 0
1 513 0 2 25 80 5637 16718 12 2 140 0.4 33 269 0
1 513 0 2 25 80 5637 16718 11 2 140 0.5 36 268 0
1 513 0 2 25 80 5637 16718 9 2 140 0.4 32 267 0
1 513 0 2 25 80 5637 16718 12 2 140 0.35 33 266 0
1 513 0 2 25 80 5637 16718 11 1 140 0.2 27 265 0
1 513 0 2 25 80 5637 16718 7 1 140 0.15 23 264 0
1 513 0 2 25 80 5637 16718 13 1 140 0.2 23 263 0
1 513 0 2 25 80 5637 16718 9 2 140 0.25 26 270 0
1 513 0 2 25 80 5637 16718 9 1 140 0.3 28 262 0
1 513 0 2 25 80 5637 16718 10 1 140 0.15 26 261 0
1 513 0 3 15 80 5647 16816 5 2 140 0.1 20 362 2
1 513 0 3 15 80 5647 16816 5 2 140 0.1 20 360 0
1 513 0 3 15 80 5647 16816 5 1 140 0.1 20 359 0
1 513 0 3 15 80 5647 16816 6 2 140 0.1 19 361 2
1 513 0 3 15 80 5647 16816 14 1 140 0.4 33 358 2
1 513 0 3 15 80 5647 16816 13 1 140 0.35 33 357 2
1 513 0 3 14 80 5647 16817 6 1 140 0.1 20 356 0
1 517 0 3 4 80 5626 16650 13 1 140 0.4 33 340 0
1 517 0 3 4 80 5626 16650 12 1 140 0.35 33 339 0
1 517 0 3 5 80 5626 16639 13 1 140 0.35 31 341 0
1 513 0 2 26 80 5635 16700 6 2 140 0.15 24 289 0
1 513 0 2 26 80 5635 16700 6 2 140 0.15 24 288 0
1 513 0 2 26 80 5635 16700 9 2 140 0.15 24 287 0
1 513 0 2 26 80 5635 16700 10 2 140 0.25 31 285 0
1 513 0 2 26 80 5635 16700 6 2 140 0.15 25 284 0
1 513 0 2 26 80 5635 16700 7 2 140 0.15 25 283 0
1 513 0 2 26 80 5635 16700 7 2 140 0.2 27 281 0
1 513 0 2 26 80 5635 16700 7 1 140 0.2 27 274 0
1 513 0 2 26 80 5635 16700 7 1 140 0.15 24 278 0
1 513 0 2 26 80 5635 16700 15 2 140 0.25 28 282 0
1 513 0 2 26 80 5635 16700 10 2 140 0.2 26 286 0
1 513 0 2 26 80 5635 16700 6 2 140 0.15 24 290 0
1 513 0 2 26 80 5635 16700 11 1 140 0.25 29 280 0
1 513 0 2 26 80 5635 16700 9 1 140 0.15 23 279 0
1 513 0 2 26 80 5635 16700 6 1 140 0.1 22 277 0
1 513 0 2 26 80 5635 16700 6 1 140 0.1 22 276 0
1 513 0 2 26 80 5635 16700 9 1 140 0.25 28 275 0
1 513 0 2 26 80 5635 16700 7 1 140 0.15 24 273 0
1 513 0 2 26 80 5635 16700 11 1 140 0.2 26 272 0
1 513 0 2 26 80 5635 16700 6 1 140 0.15 23 271 0
1 513 0 2 27 80 5636 16720 6 2 140 0.1 22 300 0
1 513 0 2 27 80 5636 16720 7 2 140 0.1 23 299 0
1 513 0 2 27 80 5636 16720 6 2 140 0.15 24 298 0
1 513 0 2 27 80 5636 16720 7 2 140 0.2 25 297 0
1 513 0 2 27 80 5636 16720 11 2 140 0.2 26 296 0
1 513 0 2 27 80 5636 16720 13 1 140 0.2 27 295 0
1 513 0 2 27 80 5636 16720 14 1 140 0.3 30 294 0
1 513 0 2 27 80 5636 16720 11 1 140 0.25 30 293 0
1 513 0 2 27 80 5636 16720 13 1 140 0.3 29 292 0
1 513 0 2 27 80 5636 16720 13 1 140 0.4 34 291 0
1 517 0 3 7 80 5626 16646 22 2 140 1 44 345 0
1 517 0 3 7 80 5626 16646 23 1 140 0.65 39 344 0
1 517 0 3 8 80 5625 16645 14 1 140 0.35 32 347 0
1 517 0 3 8 80 5625 16645 11 1 140 0.45 34 346 0
1 513 0 2 29 80 5634 16702 6 1 140 0.1 22 320 0
1 513 0 2 29 80 5634 16702 18 1 140 0.3 31 319 0
1 513 0 2 29 80 5634 16702 14 1 140 0.35 35 318 0
1 513 0 2 29 80 5634 16702 7 2 140 0.1 21 316 0
1 513 0 2 29 80 5634 16702 14 2 140 0.5 26 313 0
1 513 0 2 29 80 5634 16702 14 1 140 0.3 31 317 0
1 513 0 2 29 80 5634 16702 14 2 140 0.45 35 315 0
1 513 0 2 29 80 5634 16702 10 2 140 0.15 23 314 0
1 513 0 2 29 80 5634 16702 7 2 140 0.1 21 312 0
1 513 0 2 29 80 5634 16702 10 2 140 0.5 35 311 0
1 513 0 3 1 80 5635 16700 11 2 140 0.4 35 330 0
1 513 0 3 1 80 5635 16700 7 2 140 0.15 22 329 0
1 513 0 3 1 80 5635 16700 6 2 140 0.1 22 328 0
1 513 0 3 1 80 5635 16700 6 2 140 0.1 21 327 0
1 513 0 3 1 80 5635 16700 14 2 140 0.45 34 326 0
1 513 0 3 1 80 5635 16700 8 1 140 0.1 20 321 0
1 513 0 3 1 80 5635 16700 12 2 140 0.6 37 325 0
1 513 0 3 1 80 5635 16700 6 1 140 0.1 21 324 0
1 513 0 3 1 80 5635 16700 14 1 140 0.3 32 323 0
1 513 0 3 1 80 5635 16700 6 1 140 0.1 21 322 0
1 513 0 11 15 80 5709 16647 11 2 140 0.3 29 628 0
1 513 0 11 15 80 5709 16647 10 1 140 0.3 28 626 0
1 513 0 11 15 80 5709 16647 14 1 140 0.25 27 625 0
1 513 0 11 15 80 5709 16647 13 2 140 0.25 28 624 0
1 513 0 11 15 80 5709 16647 12 2 140 0.3 30 622 0
1 513 0 11 15 80 5709 16647 13 1 140 0.3 28 621 0
1 513 0 11 15 80 5709 16647 9 2 140 0.3 30 620 0
1 513 0 11 15 80 5709 16647 10 2 140 0.45 33 618 0
1 513 0 11 15 80 5709 16647 8 2 140 0.3 28 617 0
1 513 0 11 15 80 5709 16647 11 1 140 0.25 27 616 0
1 513 0 11 15 80 5709 16647 10 2 140 0.2 25 615 0
1 513 0 11 15 80 5709 16647 12 2 140 0.3 29 614 0
1 513 0 11 15 80 5709 16647 6 1 140 0.35 30 613 0
1 513 0 11 15 80 5709 16647 10 2 140 0.3 29 612 0
1 513 0 11 15 80 5709 16647 11 2 140 0.2 27 611 0
1 513 0 11 15 80 5709 16647 11 1 140 0.25 29 610 0
1 513 0 11 15 80 5709 16647 12 2 140 0.4 31 609 0
1 513 0 11 15 80 5709 16647 11 2 140 0.45 31 608 0
1 513 0 11 15 80 5709 16647 10 2 140 0.4 31 607 0
1 513 0 11 15 80 5709 16647 10 2 140 0.45 32 606 0
1 513 0 11 15 80 5709 16647 10 1 140 0.3 29 605 0
1 513 0 11 15 80 5709 16647 12 2 140 0.4 31 604 0
1 513 0 11 15 80 5709 16647 8 2 140 0.3 29 603 0
1 513 0 11 15 80 5709 16647 12 2 140 0.3 28 619 0
1 513 0 11 15 80 5709 16647 13 1 140 0.25 27 623 0
1 513 0 11 15 80 5709 16647 10 2 140 0.3 29 627 0
1 513 0 11 15 80 5709 16647 10 2 140 0.3 27 602 0
1 513 0 11 15 80 5709 16647 11 1 140 0.3 29 601 0
1 513 0 11 19 80 5706 16646 7 2 140 0.25 27 673 0
1 513 0 11 19 80 5706 16646 9 2 140 0.2 26 672 0
1 513 0 11 19 80 5706 16646 11 1 140 0.2 25 671 0
1 513 0 11 19 80 5706 16646 14 2 140 0.4 32 669 0
1 513 0 11 19 80 5706 16646 15 2 140 0.6 35 668 0
1 513 0 11 19 80 5706 16646 12 2 140 0.4 32 667 0
1 513 0 11 19 80 5706 16646 8 1 140 0.25 35 665 0
1 513 0 11 19 80 5706 16646 17 1 140 0.3 32 664 0
1 513 0 11 19 80 5706 16646 9 2 140 0.4 35 663 0
1 513 0 11 19 80 5706 16646 10 2 140 0.25 30 661 0
1 513 0 11 19 80 5706 16646 9 2 140 0.2 33 660 0
1 513 0 11 19 80 5706 16646 10 1 140 0.25 33 659 0
1 513 0 11 19 80 5706 16646 20 2 140 0.6 27 658 0
1 513 0 11 19 80 5706 16646 12 1 140 0.35 25 657 0
1 513 0 11 19 80 5706 16646 5 2 140 0.15 27 656 0
1 513 0 11 19 80 5706 16646 12 2 140 0.4 25 655 0
1 513 0 11 19 80 5706 16646 6 1 140 0.2 31 654 0
1 513 0 11 19 80 5706 16646 12 2 140 0.35 31 631 0
1 513 0 11 19 80 5706 16646 10 2 140 0.2 23 653 0
1 513 0 11 19 80 5706 16646 12 2 140 0.4 33 652 0
1 513 0 11 19 80 5706 16646 9 1 140 0.2 25 651 0
1 513 0 11 19 80 5706 16646 7 2 140 0.2 26 650 0
1 513 0 11 19 80 5706 16646 7 1 140 0.3 28 649 0
1 513 0 11 19 80 5706 16646 8 1 140 0.25 27 648 0
1 513 0 11 19 80 5706 16646 14 1 140 0.3 28 647 0
1 513 0 11 19 80 5706 16646 13 2 140 0.55 34 646 0
1 513 0 11 19 80 5706 16646 6 2 140 0.2 25 645 0
1 513 0 11 19 80 5706 16646 7 1 140 0.2 25 644 0
1 513 0 11 19 80 5706 16646 15 2 140 0.4 30 643 0
1 513 0 11 19 80 5706 16646 10 2 140 0.35 30 642 0
1 513 0 11 19 80 5706 16646 8 2 140 0.2 26 641 0
1 513 0 11 19 80 5706 16646 12 1 140 0.25 28 640 0
1 513 0 11 19 80 5706 16646 12 1 140 0.3 29 638 0
1 513 0 11 19 80 5706 16646 7 1 140 0.2 23 635 0
1 513 0 11 19 80 5706 16646 12 2 140 0.25 28 639 0
1 513 0 11 19 80 5706 16646 14 2 140 0.4 26 662 0
1 513 0 11 19 80 5706 16646 7 1 140 0.2 35 666 0
1 513 0 11 19 80 5706 16646 8 1 140 0.2 26 670 0
1 513 0 11 19 80 5706 16646 6 2 140 0.15 24 674 0
1 513 0 11 19 80 5706 16646 12 1 140 0.25 28 637 0
1 513 0 11 19 80 5706 16646 8 2 140 0.3 28 636 0
1 513 0 11 19 80 5706 16646 10 1 140 0.3 29 634 0
1 513 0 11 19 80 5706 16646 11 2 140 0.35 31 633 0
1 513 0 11 19 80 5706 16646 13 2 140 0.45 33 632 0
1 513 0 11 19 80 5706 16646 6 2 140 0.15 24 630 0
1 513 0 11 19 80 5706 16646 12 2 140 0.4 32 629 0
1 513 0 11 20 80 5707 16637 7 2 140 0.15 22 695 2
1 513 0 11 20 80 5707 16637 7 2 140 0.15 23 694 2
1 513 0 11 20 80 5707 16637 7 1 140 0.2 24 693 2
1 513 0 11 20 80 5707 16637 7 2 140 0.15 22 692 2
1 513 0 11 20 80 5707 16637 7 2 140 0.15 23 691 2
1 513 0 11 20 80 5707 16637 6 2 140 0.15 22 690 2
1 513 0 11 20 80 5707 16637 6 2 140 0.2 23 689 2
1 513 0 11 20 80 5707 16637 10 2 140 0.15 24 678 2
1 513 0 11 20 80 5707 16637 8 2 140 0.2 25 688 2
1 513 0 11 20 80 5707 16637 7 1 140 0.2 24 687 2
1 513 0 11 20 80 5707 16637 12 2 140 0.2 24 686 2
1 513 0 11 20 80 5707 16637 10 2 140 0.2 24 685 2
1 513 0 11 20 80 5707 16637 14 2 140 0.5 34 684 2
1 513 0 11 20 80 5707 16637 12 1 140 0.4 32 683 2
1 513 0 11 20 80 5707 16637 6 2 140 0.3 23 682 2
1 513 0 11 20 80 5707 16637 14 2 140 0.45 34 681 2
1 513 0 11 20 80 5707 16637 16 1 140 0.15 22 680 2
1 513 0 11 20 80 5707 16637 6 1 140 0.15 24 679 0
1 513 0 11 20 80 5707 16637 9 2 140 0.55 34 677 0
1 513 0 11 20 80 5707 16637 12 2 140 0.2 26 676 0
1 513 0 11 20 80 5707 16637 6 2 140 0.2 27 675 0
1 513 0 11 22 80 5706 16631 11 2 140 0.55 35 726 2
1 513 0 11 22 80 5706 16631 17 2 140 0.6 35 725 2
1 513 0 11 22 80 5706 16631 18 2 140 0.6 36 724 2
1 513 0 11 22 80 5706 16631 12 2 140 0.5 35 723 2
1 513 0 11 22 80 5706 16631 9 1 140 0.2 24 702 2
1 513 0 11 22 80 5706 16631 6 1 140 0.1 21 706 2
1 513 0 11 22 80 5706 16631 7 1 140 0.15 23 711 2
1 513 0 11 22 80 5706 16631 11 2 140 0.2 26 715 2
1 513 0 11 22 80 5706 16631 15 2 140 0.5 36 722 2
1 513 0 11 22 80 5706 16631 13 2 140 0.5 36 721 2
1 513 0 11 22 80 5706 16631 13 1 140 0.4 33 720 2
1 513 0 11 22 80 5706 16631 16 2 140 0.45 34 719 2
1 513 0 11 22 80 5706 16631 6 2 140 0.1 21 718 2
1 513 0 11 22 80 5706 16631 7 1 140 0.1 20 717 2
1 513 0 11 22 80 5706 16631 8 1 140 0.15 23 716 2
1 513 0 11 22 80 5706 16631 13 1 140 0.2 26 714 2
1 513 0 11 22 80 5706 16631 5 2 140 0.1 21 713 2
1 513 0 11 22 80 5706 16631 6 1 140 0.1 21 712 2
1 513 0 11 22 80 5706 16631 6 1 140 0.1 21 710 2
1 513 0 11 22 80 5706 16631 9 1 140 0.1 21 709 2
1 513 0 11 22 80 5706 16631 7 1 140 0.15 22 708 2
1 513 0 11 22 80 5706 16631 12 1 140 0.15 23 707 2
1 513 0 11 22 80 5706 16631 6 1 140 0.15 23 705 2
1 513 0 11 22 80 5706 16631 5 2 140 0.1 21 704 2
1 513 0 11 22 80 5706 16631 8 2 140 0.15 22 703 2
1 513 0 11 22 80 5706 16631 7 1 140 0.15 24 701 2
1 513 0 11 22 80 5706 16631 7 1 140 0.15 22 700 2
1 513 0 11 22 80 5706 16631 6 1 140 0.15 23 699 2
1 513 0 11 22 80 5706 16631 10 1 140 0.1 21 698 2
1 513 0 11 22 80 5706 16631 5 2 140 0.1 21 697 2
1 513 0 11 22 80 5706 16631 7 2 140 0.15 22 696 2
1 513 0 7 27 80 5729 16610 11 1 140 0.15 25 300 0
1 513 0 7 27 80 5729 16610 9 1 140 0.2 26 299 0
1 513 0 7 27 80 5729 16610 11 1 140 0.25 27 298 0
1 513 0 7 27 80 5729 16610 9 1 140 0.2 25 296 0
1 513 0 7 27 80 5729 16610 12 2 140 0.25 28 281 0
1 513 0 7 27 80 5729 16610 11 2 140 0.25 28 285 0
1 513 0 7 27 80 5729 16610 11 2 140 0.3 29 289 0
1 513 0 7 27 80 5729 16610 11 1 140 0.25 28 293 0
1 513 0 7 27 80 5729 16610 10 1 140 0.25 26 297 0
1 513 0 7 27 80 5729 16610 7 1 140 0.1 20 295 0
1 513 0 7 27 80 5729 16610 11 1 140 0.25 27 294 0
1 513 0 7 27 80 5729 16610 13 1 140 0.25 29 292 0
1 513 0 7 27 80 5729 16610 10 1 140 0.2 23 291 0
1 513 0 7 27 80 5729 16610 11 2 140 0.25 27 290 0
1 513 0 7 27 80 5729 16610 7 2 140 0.15 22 288 0
1 513 0 7 27 80 5729 16610 6 2 140 0.1 21 287 0
1 513 0 7 27 80 5729 16610 11 2 140 0.15 24 286 0
1 513 0 7 27 80 5729 16610 15 2 140 0.4 32 284 0
1 513 0 7 27 80 5729 16610 9 2 140 0.2 26 283 0
1 513 0 7 27 80 5729 16610 15 2 140 0.3 31 282 0
1 513 0 7 29 80 5726 16614 10 1 140 0.35 30 280 0
1 513 0 7 29 80 5726 16614 9 1 140 0.1 21 279 0
1 513 0 7 29 80 5726 16614 11 1 140 0.25 29 278 0
1 513 0 7 29 80 5726 16614 8 1 140 0.15 22 276 0
1 513 0 7 29 80 5726 16614 10 1 140 0.2 26 275 0
1 513 0 7 29 80 5726 16614 12 1 140 0.25 29 274 0
1 513 0 7 29 80 5726 16614 6 1 140 0.1 20 273 0
1 513 0 7 29 80 5726 16614 10 2 140 0.2 26 261 0
1 513 0 7 29 80 5726 16614 12 1 140 0.35 30 272 0
1 513 0 7 29 80 5726 16614 11 1 140 0.25 28 271 0
1 513 0 7 29 80 5726 16614 15 2 140 0.4 33 270 0
1 513 0 7 29 80 5726 16614 13 2 140 0.3 29 269 0
1 513 0 7 29 80 5726 16614 9 2 140 0.05 19 268 0
1 513 0 7 29 80 5726 16614 13 2 140 0.4 32 267 0
1 513 0 7 29 80 5726 16614 8 2 140 0.2 26 266 0
1 513 0 7 29 80 5726 16614 13 2 140 0.3 30 265 0
1 513 0 7 29 80 5726 16614 12 2 140 0.25 27 264 0
1 513 0 7 29 80 5726 16614 13 2 140 0.3 31 263 0
1 513 0 7 29 80 5726 16614 11 2 140 0.3 28 262 0
1 513 0 7 30 80 5726 16527 15 1 140 0.25 27 260 0
1 513 0 7 30 80 5726 16527 7 2 140 0.2 25 246 0
1 513 0 7 30 80 5726 16527 10 2 140 0.25 29 250 0
1 513 0 7 30 80 5726 16527 6 1 140 0.1 19 254 0
1 513 0 7 30 80 5726 16527 13 1 140 0.35 30 258 0
1 513 0 7 30 80 5726 16527 17 1 140 0.35 31 259 0
1 513 0 7 30 80 5726 16527 12 1 140 0.3 29 257 0
1 513 0 7 30 80 5726 16527 10 1 140 0.15 24 256 0
1 513 0 7 30 80 5726 16527 11 1 140 0.2 25 255 0
1 513 0 7 30 80 5726 16527 16 1 140 0.45 34 253 0
1 513 0 7 30 80 5726 16527 7 1 140 0.15 23 252 0
1 513 0 7 30 80 5726 16527 7 1 140 0.1 22 251 0
1 513 0 7 30 80 5726 16527 8 2 140 0.2 26 242 0
1 513 0 7 30 80 5726 16527 10 2 140 0.15 23 249 0
1 513 0 7 30 80 5726 16527 10 2 140 0.15 23 248 0
1 513 0 7 30 80 5726 16527 11 2 140 0.3 30 247 0
1 513 0 7 30 80 5726 16527 13 2 140 0.35 32 245 0
1 513 0 7 30 80 5726 16527 10 2 140 0.15 24 244 0
1 513 0 7 30 80 5726 16527 12 2 140 0.15 24 243 0
1 513 0 7 30 80 5726 16527 7 2 140 0.2 27 241 0
1 513 0 7 31 80 5725 16612 16 1 140 0.75 38 240 0
1 513 0 7 31 80 5725 16612 10 1 140 0.4 31 239 0
1 513 0 7 31 80 5725 16612 11 1 140 0.25 27 238 0
1 513 0 7 31 80 5725 16612 12 1 140 0.2 25 237 0
1 513 0 7 31 80 5725 16612 12 1 140 0.35 30 236 0
1 513 0 7 31 80 5725 16612 6 1 140 0.1 21 235 0
1 513 0 7 31 80 5725 16612 15 1 140 0.35 30 234 0
1 513 0 7 31 80 5725 16612 13 1 140 0.25 28 233 0
1 513 0 7 31 80 5725 16612 11 1 140 0.2 26 232 0
1 513 0 7 31 80 5725 16612 14 1 140 0.3 29 231 0
1 513 0 7 31 80 5725 16612 14 2 140 0.45 35 230 0
1 513 0 7 31 80 5725 16612 12 2 140 0.3 31 229 0
1 513 0 7 31 80 5725 16612 13 2 140 0.25 27 222 0
1 513 0 7 31 80 5725 16612 12 2 140 0.45 33 228 0
1 513 0 7 31 80 5725 16612 9 2 140 0.25 28 227 0
1 513 0 7 31 80 5725 16612 9 2 140 0.2 25 226 0
1 513 0 7 31 80 5725 16612 13 2 140 0.35 32 225 0
1 513 0 7 31 80 5725 16612 12 2 140 0.4 33 224 0
1 513 0 7 31 80 5725 16612 11 2 140 0.3 30 223 0
1 513 0 7 31 80 5725 16612 10 2 140 0.35 31 221 0
1 513 0 5 9 80 5718 16651 7 2 140 0.21 26 500 0
1 513 0 5 9 80 5718 16651 11 2 140 0.21 26 499 0
1 513 0 5 9 80 5718 16651 7 1 140 0.14 24 498 0
1 513 0 5 9 80 5718 16651 10 2 140 0.2 27 497 0
1 513 0 5 9 80 5718 16651 11 2 140 0.27 29 496 0
1 513 0 5 9 80 5718 16651 9 2 140 0.13 22 494 0
1 513 0 5 9 80 5718 16651 10 2 140 0.26 27 493 0
1 513 0 5 9 80 5718 16651 9 2 140 0.24 27 491 0
1 513 0 5 9 80 5718 16651 10 2 140 0.16 25 495 0
1 513 0 5 9 80 5718 16651 9 2 140 0.25 28 492 0
1 513 0 5 11 80 5721 16638 8 2 140 0.3 27 479 0
1 513 0 5 11 80 5721 16638 13 2 140 0.14 30 478 0
1 513 0 5 11 80 5721 16638 7 1 140 0.17 22 476 0
1 513 0 5 11 80 5721 16638 6 1 140 0.22 19 474 0
1 513 0 5 11 80 5721 16638 7 1 140 0.2 25 473 0
1 513 0 5 11 80 5721 16638 10 1 140 0.15 26 472 0
1 513 0 5 11 80 5721 16638 10 2 140 0.14 20 468 0
1 513 0 5 11 80 5721 16638 6 2 140 0.24 21 480 0
1 513 0 5 11 80 5721 16638 9 1 140 0.22 25 464 0
1 513 0 5 11 80 5721 16638 13 2 140 0.3 30 469 0
1 513 0 5 11 80 5721 16638 13 2 140 0.29 30 475 0
1 513 0 5 11 80 5721 16638 10 1 140 0.17 24 466 0
1 513 0 5 11 80 5721 16638 8 2 140 0.29 30 465 0
1 513 0 5 11 80 5721 16638 9 1 140 0.2 25 463 0
1 513 0 5 11 80 5721 16638 7 1 140 0.15 22 462 0
1 513 0 5 11 80 5721 16638 7 2 140 0.14 23 461 0
1 513 0 5 12 80 5712 16611 7 1 140 0.17 23 454 0
1 513 0 5 12 80 5712 16611 11 2 140 0.28 29 458 0
1 513 0 5 12 80 5712 16611 14 2 140 0.42 32 460 0
1 513 0 5 12 80 5712 16611 12 1 140 0.19 25 459 0
1 513 0 5 12 80 5712 16611 10 1 140 0.19 23 457 0
1 513 0 5 12 80 5712 16611 12 1 140 0.26 28 456 0
1 513 0 5 12 80 5712 16611 11 1 140 0.22 26 455 0
1 513 0 5 12 80 5712 16611 7 1 140 0.15 24 453 0
1 513 0 5 12 80 5712 16611 7 1 140 0.16 23 452 0
1 513 0 5 12 80 5712 16611 10 1 140 0.14 23 451 0
1 513 0 5 15 80 5709 16637 10 2 140 0.33 28 438 0
1 513 0 5 15 80 5709 16637 19 2 140 0.37 30 440 0
1 513 0 5 15 80 5709 16637 12 1 140 0.26 27 439 0
1 513 0 5 15 80 5709 16637 12 1 140 0.26 27 437 0
1 513 0 5 15 80 5709 16637 10 2 140 0.2 26 436 0
1 513 0 5 15 80 5709 16637 7 2 140 0.32 29 435 0
1 513 0 5 15 80 5709 16637 10 2 140 0.17 24 434 0
1 513 0 5 15 80 5709 16637 14 2 140 0.45 31 433 0
1 513 0 5 15 80 5709 16637 9 2 140 0.34 29 432 0
1 513 0 5 15 80 5709 16637 10 1 140 0.26 27 431 0
1 513 0 5 17 80 5727 16654 11 2 140 0.39 31 470 0
1 513 0 5 17 80 5727 16654 16 2 140 0.41 31 477 0
1 513 0 5 17 80 5727 16654 10 1 140 0.24 25 471 0
1 513 0 5 17 80 5727 16654 11 2 140 0.25 25 467 0
1 513 0 5 18 80 5737 16854 10 2 140 0.5 32 429 0
1 513 0 5 18 80 5737 16854 10 2 140 0.39 31 428 0
1 513 0 5 18 80 5737 16854 12 2 140 0.44 32 427 0
1 513 0 5 18 80 5737 16854 13 1 140 0.27 26 425 0
1 513 0 5 18 80 5737 16854 14 2 140 0.65 33 422 0
1 513 0 5 18 80 5737 16854 9 2 140 0.16 24 430 0
1 513 0 5 18 80 5737 16854 7 2 140 0.2 23 426 0
1 513 0 5 18 80 5737 16854 14 2 140 0.36 31 424 0
1 513 0 5 18 80 5737 16854 10 2 140 0.22 25 423 0
1 513 0 5 18 80 5737 16854 6 1 140 0.22 25 421 0
1 513 0 5 19 80 5715 16901 12 1 140 0.37 30 420 0
1 513 0 5 19 80 5715 16901 16 2 140 0.54 34 419 0
1 513 0 5 19 80 5715 16901 8 2 140 0.25 24 418 0
1 513 0 5 19 80 5715 16901 6 2 140 0.19 23 417 0
1 513 0 5 19 80 5715 16901 6 1 140 0.21 23 416 0
1 513 0 5 19 80 5715 16901 9 2 140 0.23 24 414 0
1 513 0 5 19 80 5715 16901 7 2 140 0.24 24 413 0
1 513 0 5 19 80 5715 16901 8 1 140 0.33 27 415 0
1 513 0 5 19 80 5715 16901 6 2 140 0.23 23 412 0
1 513 0 5 21 80 5710 16809 6 2 140 0.19 21 411 0
1 513 0 5 21 80 5710 16809 9 1 140 0.3 27 410 0
1 513 0 5 21 80 5710 16809 6 1 140 0.26 24 409 0
1 513 0 5 21 80 5710 16809 7 1 140 0.21 22 408 0
1 513 0 5 21 80 5710 16809 5 2 140 0.22 23 407 0
1 513 0 5 21 80 5710 16809 7 1 140 0.19 21 406 0
1 513 0 5 21 80 5710 16809 6 2 140 0.2 21 405 0
1 513 0 5 22 80 5723 16829 14 2 140 0.53 33 391 0
1 513 0 5 22 80 5723 16829 14 2 140 0.6 35 393 0
1 513 0 5 22 80 5723 16829 7 1 140 0.26 22 392 0
1 513 0 5 24 80 5718 16822 6 1 140 0.13 21 390 0
1 513 0 5 24 80 5718 16822 14 1 140 0.22 28 388 0
1 513 0 5 24 80 5718 16822 11 1 140 0.4 30 387 0
1 513 0 5 24 80 5718 16822 5 2 140 0.13 21 386 0
1 513 0 5 24 80 5718 16822 6 2 140 0.15 22 381 0
1 513 0 5 24 80 5718 16822 18 2 140 0.48 33 385 0
1 513 0 5 24 80 5718 16822 7 2 140 0.14 22 389 0
1 513 0 5 24 80 5718 16822 11 1 140 0.38 29 384 0
1 513 0 5 24 80 5718 16822 10 1 140 0.32 28 383 0
1 513 0 5 24 80 5718 16822 17 2 140 0.44 33 382 0
1 513 0 5 24 80 5718 16822 11 1 140 0.32 28 380 0
1 513 0 5 26 80 5711 16905 5 2 140 0.11 20 378 0
1 513 0 5 26 80 5711 16905 6 1 140 0.13 21 379 0
1 513 0 5 31 80 5736 16853 10 1 140 0.18 29 377 0
1 513 0 5 31 80 5708 16855 6 1 140 0.11 20 376 0
1 513 0 6 28 80 5726 16613 9 1 140 0.18 35 500 0
1 513 0 6 28 80 5726 16613 13 2 140 0.35 41 499 0
1 513 0 6 28 80 5726 16613 10 2 140 0.24 37 498 0
1 513 0 6 28 80 5726 16613 14 2 140 0.17 36 497 0
1 513 0 6 28 80 5726 16613 8 2 140 0.15 34 496 0
1 513 0 6 28 80 5726 16613 14 2 140 0.28 37 495 0
1 513 0 6 28 80 5726 16613 9 2 140 0.14 34 494 0
1 513 0 6 28 80 5726 16613 11 2 140 0.28 39 493 0
1 513 0 6 28 80 5726 16613 10 2 140 0.25 39 492 0
1 513 0 6 28 80 5726 16613 16 2 140 0.48 42 491 0
1 513 0 6 28 80 5726 16613 12 2 140 0.22 36 490 0
1 513 0 6 28 80 5726 16613 11 2 140 0.42 41 488 0
1 513 0 6 28 80 5726 16613 7 2 140 0.13 35 487 0
1 513 0 6 28 80 5726 16613 11 2 140 0.19 37 486 0
1 513 0 6 28 80 5726 16613 9 2 140 0.14 33 484 0
1 513 0 6 28 80 5726 16613 7 2 140 0.24 36 483 0
1 513 0 6 28 80 5726 16613 10 1 140 0.17 34 482 0
1 513 0 6 28 80 5726 16613 14 2 140 0.34 40 480 0
1 513 0 6 28 80 5726 16613 7 2 140 0.18 34 479 0
1 513 0 6 28 80 5726 16613 11 2 140 0.43 41 478 0
1 513 0 6 28 80 5726 16613 15 2 140 0.28 39 476 0
1 513 0 6 28 80 5726 16613 8 2 140 0.16 34 475 0
1 513 0 6 28 80 5726 16613 17 2 140 0.38 42 474 0
1 513 0 6 28 80 5726 16613 9 2 140 0.19 35 472 0
1 513 0 6 28 80 5726 16613 13 2 140 0.28 38 471 0
1 513 0 6 28 80 5726 16613 8 2 140 0.22 36 470 0
1 513 0 6 28 80 5726 16613 7 2 140 0.19 36 469 0
1 513 0 6 28 80 5726 16613 11 2 140 0.22 37 468 0
1 513 0 6 28 80 5726 16613 11 2 140 0.24 38 467 0
1 513 0 6 28 80 5726 16613 10 2 140 0.19 35 466 0
1 513 0 6 28 80 5726 16613 12 2 140 0.16 34 464 0
1 513 0 6 28 80 5726 16613 10 2 140 0.27 39 463 0
1 513 0 6 28 80 5726 16613 13 2 140 0.38 40 462 0
1 513 0 6 28 80 5726 16613 17 2 140 0.49 44 461 0
1 513 0 6 28 80 5726 16613 6 2 140 0.11 31 460 0
1 513 0 6 28 80 5726 16613 13 2 140 0.32 40 459 0
1 513 0 6 28 80 5726 16613 16 2 140 0.34 39 458 0
1 513 0 6 28 80 5726 16613 10 1 140 0.2 36 457 0
1 513 0 6 28 80 5726 16613 8 1 140 0.18 34 456 0
1 513 0 6 28 80 5726 16613 10 1 140 0.18 35 455 0
1 513 0 6 28 80 5726 16613 10 1 140 0.12 32 454 0
1 513 0 6 28 80 5726 16613 11 1 140 0.19 35 453 0
1 513 0 6 28 80 5726 16613 11 1 140 0.24 37 452 0
1 513 0 6 28 80 5726 16613 12 1 140 0.21 37 451 0
1 513 0 6 28 80 5726 16613 11 1 140 0.23 39 450 0
1 513 0 6 28 80 5726 16613 10 2 140 0.11 31 433 0
1 513 0 6 28 80 5726 16613 16 2 140 0.43 43 437 0
1 513 0 6 28 80 5726 16613 15 2 140 0.32 41 441 0
1 513 0 6 28 80 5726 16613 10 2 140 0.13 32 444 0
1 513 0 6 28 80 5726 16613 14 1 140 0.26 36 448 0
1 513 0 6 28 80 5726 16613 13 2 140 0.22 38 473 0
1 513 0 6 28 80 5726 16613 12 2 140 0.22 38 477 0
1 513 0 6 28 80 5726 16613 10 2 140 0.21 37 481 0
1 513 0 6 28 80 5726 16613 10 2 140 0.24 38 485 0
1 513 0 6 28 80 5726 16613 7 2 140 0.11 33 489 0
1 513 0 6 28 80 5726 16613 12 2 140 0.17 35 465 0
1 513 0 6 28 80 5726 16613 13 1 140 0.17 36 449 0
1 513 0 6 28 80 5726 16613 14 1 140 0.21 37 447 0
1 513 0 6 28 80 5726 16613 14 1 140 0.14 34 446 0
1 513 0 6 28 80 5726 16613 10 2 140 0.2 35 445 0
1 513 0 6 28 80 5726 16613 13 2 140 0.32 41 443 0
1 513 0 6 28 80 5726 16613 15 2 140 0.32 40 442 0
1 513 0 6 28 80 5726 16613 14 2 140 0.43 42 440 0
1 513 0 6 28 80 5726 16613 9 2 140 0.11 32 439 0
1 513 0 6 28 80 5726 16613 7 2 140 0.13 32 438 0
1 513 0 6 28 80 5726 16613 13 2 140 0.38 42 436 0
1 513 0 6 28 80 5726 16613 8 2 140 0.12 32 435 0
1 513 0 6 28 80 5726 16613 11 2 140 0.43 42 434 0
1 513 0 6 28 80 5726 16613 9 2 140 0.12 31 432 0
1 513 0 8 9 80 5731 16731 6 2 140 0.08 19 134 0
1 513 0 8 9 80 5731 16731 6 2 140 0.08 19 133 0
1 513 0 8 9 80 5731 16731 6 1 140 0.08 19 135 0
1 513 0 8 9 80 5731 16731 18 1 140 0.37 33 138 0
1 513 0 8 9 80 5731 16731 13 1 140 0.42 33 137 0
1 513 0 8 9 80 5731 16731 18 1 140 0.4 33 139 0
1 513 0 8 9 80 5731 16731 16 1 140 0.34 32 136 0
1 513 0 8 9 80 5731 16731 5 1 140 0.11 20 132 0
1 513 0 8 10 80 5721 16648 16 2 140 0.5 36 141 0
1 513 0 8 10 80 5721 16648 6 2 140 0.06 18 143 0
1 513 0 8 10 80 5721 16648 17 2 140 0.61 38 146 0
1 513 0 8 10 80 5721 16648 18 2 140 0.56 38 145 0
1 513 0 8 10 80 5721 16648 17 1 140 0.32 30 147 0
1 513 0 8 10 80 5721 16648 16 2 140 0.49 36 144 0
1 513 0 8 10 80 5721 16648 16 2 140 0.54 36 142 0
1 513 0 8 10 80 5721 16648 7 2 140 0.07 18 140 0
1 513 0 8 11 80 5721 16648 6 1 140 0.08 18 149 0
1 513 0 8 11 80 5721 16648 20 1 140 0.48 36 150 0
1 513 0 8 11 80 5721 16648 7 2 140 0.07 18 148 0
1 513 0 8 2 80 5703 16653 10 1 140 0.28 29 41 0
1 513 0 8 2 80 5703 16653 15 2 140 0.41 33 42 0
1 513 0 8 2 80 5703 16653 15 2 140 0.35 31 44 0
1 513 0 8 2 80 5703 16653 11 2 140 0.35 32 45 0
1 513 0 8 2 80 5703 16653 16 1 140 0.23 27 46 0
1 513 0 8 2 80 5703 16653 10 2 140 0.13 23 47 0
1 513 0 8 2 80 5703 16653 10 2 140 0.14 23 48 0
1 513 0 8 2 80 5703 16653 14 2 140 0.32 31 49 0
1 513 0 8 2 80 5703 16653 12 2 140 0.48 34 67 0
1 513 0 8 2 80 5703 16653 6 2 140 0.08 20 68 0
1 513 0 8 2 80 5703 16653 10 2 140 0.19 26 37 0
1 513 0 8 2 80 5703 16653 13 2 140 0.35 32 38 0
1 513 0 8 2 80 5703 16653 10 2 140 0.17 26 31 0
1 513 0 8 2 80 5703 16653 10 2 140 0.29 30 34 0
1 513 0 8 2 80 5703 16653 7 1 140 0.15 25 36 0
1 513 0 8 2 80 5703 16653 12 1 140 0.28 28 33 0
1 513 0 8 2 80 5703 16653 12 2 140 0.39 33 40 0
1 513 0 8 2 80 5703 16653 8 1 140 0.16 24 32 0
1 513 0 8 2 80 5703 16653 11 1 140 0.23 28 35 0
1 513 0 8 2 80 5703 16653 12 2 140 0.29 30 39 0
1 513 0 8 2 80 5703 16653 7 1 140 0.13 24 43 0
1 513 0 8 2 80 5703 16653 14 1 140 0.19 27 65 0
1 513 0 8 2 80 5703 16653 5 2 140 0.05 17 69 0
1 513 0 8 2 80 5703 16653 7 1 140 0.08 21 50 0
1 513 0 8 2 80 5703 16653 6 2 140 0.12 22 51 0
1 513 0 8 2 80 5703 16653 9 1 140 0.13 23 52 0
1 513 0 8 2 80 5703 16653 7 2 140 0.09 20 53 0
1 513 0 8 2 80 5703 16653 8 1 140 0.1 22 54 0
1 513 0 8 2 80 5703 16653 16 1 140 0.28 31 55 0
1 513 0 8 2 80 5703 16653 11 1 140 0.16 26 56 0
1 513 0 8 2 80 5703 16653 6 2 140 0.11 22 57 0
1 513 0 8 2 80 5703 16653 13 2 140 0.42 34 58 0
1 513 0 8 2 80 5703 16653 9 2 140 0.12 22 59 0
1 513 0 8 2 80 5703 16653 10 1 140 0.16 25 60 0
1 513 0 8 2 80 5703 16653 9 1 140 0.17 26 61 0
1 513 0 8 2 80 5703 16653 9 1 140 0.15 25 62 0
1 513 0 8 2 80 5703 16653 8 1 140 0.1 22 63 0
1 513 0 8 2 80 5703 16653 11 1 140 0.15 26 64 0
1 513 0 8 2 80 5703 16653 10 1 140 0.18 27 66 0
1 513 0 7 31 80 5708 16613 10 2 140 0.23 27 2 0
1 513 0 7 31 80 5708 16613 11 2 140 0.16 25 4 0
1 513 0 7 31 80 5708 16613 9 1 140 0.14 24 6 0
1 513 0 7 31 80 5708 16613 7 2 140 0.08 20 10 0
1 513 0 7 31 80 5708 16613 11 2 140 0.3 30 29 0
1 513 0 7 31 80 5708 16613 15 2 140 0.42 33 30 0
1 513 0 7 31 80 5708 16613 9 1 140 0.1 21 24 0
1 513 0 7 31 80 5708 16613 8 1 140 0.1 22 28 0
1 513 0 7 31 80 5708 16613 10 2 140 0.26 27 19 0
1 513 0 7 31 80 5708 16613 9 2 140 0.18 25 20 0
1 513 0 7 31 80 5708 16613 10 2 140 0.16 24 21 0
1 513 0 7 31 80 5708 16613 7 1 140 0.1 21 22 0
1 513 0 7 31 80 5708 16613 7 2 140 0.12 23 23 0
1 513 0 7 31 80 5708 16613 9 2 140 0.15 24 25 0
1 513 0 7 31 80 5708 16613 16 1 140 0.28 29 26 0
1 513 0 7 31 80 5708 16613 15 2 140 0.32 32 27 0
1 513 0 7 31 80 5708 16613 10 2 140 0.14 24 11 0
1 513 0 7 31 80 5708 16613 10 2 140 0.26 29 12 0
1 513 0 7 31 80 5708 16613 10 2 140 0.17 25 13 0
1 513 0 7 31 80 5708 16613 9 2 140 0.25 29 14 0
1 513 0 7 31 80 5708 16613 11 2 140 0.23 27 15 0
1 513 0 7 31 80 5708 16613 11 2 140 0.21 28 16 0
1 513 0 7 31 80 5708 16613 13 2 140 0.25 28 17 0
1 513 0 7 31 80 5708 16613 11 2 140 0.22 28 18 0
1 513 0 7 31 80 5708 16613 8 2 140 0.21 26 8 0
1 513 0 7 31 80 5708 16613 8 1 140 0.13 23 9 0
1 513 0 7 31 80 5708 16613 11 2 140 0.27 29 7 0
1 513 0 7 31 80 5708 16613 16 2 140 0.3 31 5 0
1 513 0 7 31 80 5708 16613 15 2 140 0.55 35 3 0
1 513 0 7 31 80 5708 16613 10 2 140 0.37 35 1 0
1 513 0 6 30 80 5738 16638 10 2 140 0.12 33 407 0
1 513 0 6 30 80 5738 16638 23 2 140 0.44 45 411 0
1 513 0 6 30 80 5738 16638 16 1 140 0.24 37 415 0
1 513 0 6 30 80 5738 16638 12 1 140 0.23 37 418 0
1 513 0 6 30 80 5738 16638 12 1 140 0.2 36 417 0
1 513 0 6 30 80 5738 16638 10 1 140 0.19 35 416 0
1 513 0 6 30 80 5738 16638 10 1 140 0.17 36 414 0
1 513 0 6 30 80 5738 16638 10 1 140 0.15 34 413 0
1 513 0 6 30 80 5738 16638 11 1 140 0.11 32 412 0
1 513 0 6 30 80 5738 16638 6 2 140 0.08 29 410 0
1 513 0 6 30 80 5738 16638 7 1 140 0.08 30 409 0
1 513 0 6 30 80 5738 16638 17 2 140 0.46 43 403 0
1 513 0 6 30 80 5738 16638 6 1 140 0.1 31 408 0
1 513 0 6 30 80 5738 16638 6 1 140 0.1 31 406 0
1 513 0 6 30 80 5738 16638 19 2 140 0.7 49 405 0
1 513 0 6 30 80 5738 16638 9 2 140 0.11 31 404 0
1 513 0 7 1 80 5717 16555 15 2 140 0.4 44 402 0
1 513 0 7 1 80 5717 16555 16 2 140 0.71 46 401 0
1 513 0 6 29 80 5724 16551 13 1 140 0.2 38 431 0
1 513 0 6 29 80 5724 16551 10 1 140 0.14 34 430 0
1 513 0 6 29 80 5724 16551 6 1 140 0.2 35 429 0
1 513 0 6 29 80 5724 16551 23 2 140 0.52 46 419 0
1 513 0 6 29 80 5724 16551 12 2 140 0.32 40 427 0
1 513 0 6 29 80 5724 16551 10 2 140 0.1 32 428 0
1 513 0 6 29 80 5724 16551 8 2 140 0.1 31 426 0
1 513 0 6 29 80 5724 16551 15 2 140 0.41 43 425 0
1 513 0 6 29 80 5724 16551 9 2 140 0.09 30 424 0
1 513 0 6 29 80 5724 16551 14 2 140 0.15 33 423 0
1 513 0 6 29 80 5724 16551 18 2 140 0.35 43 422 0
1 513 0 6 29 80 5724 16551 7 2 140 0.13 33 421 0
1 513 0 6 29 80 5724 16551 17 2 140 0.44 43 420 0
1 513 0 8 8 80 5729 16720 16 2 140 0.6 38 121 0
1 513 0 8 8 80 5729 16720 18 2 140 0.56 38 124 0
1 513 0 8 8 80 5729 16720 7 1 140 0.07 19 126 0
1 513 0 8 8 80 5729 16720 9 1 140 0.17 24 130 0
1 513 0 8 8 80 5729 16720 6 1 140 0.16 24 131 0
1 513 0 8 8 80 5729 16720 12 2 140 0.6 37 118 0
1 513 0 8 8 80 5729 16720 13 2 140 0.46 37 122 0
1 513 0 8 8 80 5729 16720 6 1 140 0.08 19 128 0
1 513 0 8 8 80 5729 16720 6 2 140 0.08 19 129 0
1 513 0 8 8 80 5729 16720 6 1 140 0.07 19 127 0
1 513 0 8 8 80 5729 16720 18 2 140 0.56 37 125 0
1 513 0 8 8 80 5729 16720 11 2 140 0.44 35 123 0
1 513 0 8 8 80 5729 16720 10 2 140 0.51 35 120 0
1 513 0 8 8 80 5729 16720 18 2 140 0.56 36 119 0
1 513 0 9 11 80 5707 16723 15 1 140 0.4 34 349 0
1 513 0 9 11 80 5707 16723 14 1 140 0.34 33 348 0
1 513 0 9 12 80 5709 16705 6 1 140 0.07 18 351 0
1 513 0 9 12 80 5709 16705 11 1 140 0.35 33 352 0
1 513 0 8 6 80 5726 16727 12 1 140 0.29 30 111 0
1 513 0 8 6 80 5726 16727 13 2 140 0.41 34 113 0
1 513 0 8 6 80 5726 16727 13 1 140 0.32 31 112 0
1 513 0 8 6 80 5726 16727 13 1 140 0.32 30 110 0
1 513 0 8 6 80 5726 16727 10 1 140 0.29 30 109 0
1 513 0 8 6 80 5726 16727 14 1 140 0.34 32 108 0
1 513 0 8 7 80 5724 16734 7 1 140 0.08 20 116 2
1 513 0 8 7 80 5724 16734 15 2 140 0.56 37 117 2
1 513 0 8 7 80 5724 16734 7 1 140 0.09 20 114 2
1 513 0 8 7 80 5724 16734 5 1 140 0.08 19 115 2
1 513 0 9 9 80 5730 16630 5 1 140 0.06 17 347 2
1 513 0 8 28 80 5710 16639 14 1 140 0.29 30 152 0
1 513 0 8 28 80 5710 16639 12 1 140 0.26 27 155 0
1 513 0 8 28 80 5710 16639 7 2 140 0.12 22 157 0
1 513 0 8 28 80 5710 16639 10 2 140 0.3 29 163 0
1 513 0 8 28 80 5710 16639 9 2 140 0.22 28 173 0
1 513 0 8 28 80 5710 16639 11 2 140 0.26 29 174 0
1 513 0 8 28 80 5710 16639 10 1 140 0.25 27 175 0
1 513 0 8 28 80 5710 16639 12 1 140 0.26 29 176 0
1 513 0 8 28 80 5710 16639 9 2 140 0.26 27 177 0
1 513 0 8 28 80 5710 16639 12 2 140 0.21 27 178 0
1 513 0 8 28 80 5710 16639 9 1 140 0.2 26 179 0
1 513 0 8 28 80 5710 16639 13 1 140 0.24 28 180 0
1 513 0 8 28 80 5710 16639 19 1 140 0.31 32 203 0
1 513 0 8 28 80 5710 16639 6 2 140 0.11 22 204 0
1 513 0 8 28 80 5710 16639 11 1 140 0.3 29 205 0
1 513 0 8 28 80 5710 16639 6 2 140 0.21 26 206 0
1 513 0 8 28 80 5710 16639 6 1 140 0.16 24 207 0
1 513 0 8 28 80 5710 16639 9 1 140 0.15 25 208 0
1 513 0 8 28 80 5710 16639 11 2 140 0.21 26 209 0
1 513 0 8 28 80 5710 16639 7 2 140 0.09 21 210 0
1 513 0 8 28 80 5710 16639 20 2 140 0.65 38 192 0
1 513 0 8 28 80 5710 16639 10 1 140 0.17 25 193 0
1 513 0 8 28 80 5710 16639 12 1 140 0.21 26 195 0
1 513 0 8 28 80 5710 16639 11 1 140 0.15 24 196 0
1 513 0 8 28 80 5710 16639 12 1 140 0.16 23 197 0
1 513 0 8 28 80 5710 16639 15 2 140 0.52 35 199 0
1 513 0 8 28 80 5710 16639 12 2 140 0.31 31 200 0
1 513 0 8 28 80 5710 16639 16 2 140 0.51 33 201 0
1 513 0 8 28 80 5710 16639 12 2 140 0.31 30 181 0
1 513 0 8 28 80 5710 16639 14 2 140 0.39 32 183 0
1 513 0 8 28 80 5710 16639 8 2 140 0.3 29 184 0
1 513 0 8 28 80 5710 16639 10 2 140 0.21 28 185 0
1 513 0 8 28 80 5710 16639 11 2 140 0.17 25 187 0
1 513 0 8 28 80 5710 16639 13 2 140 0.48 34 188 0
1 513 0 8 28 80 5710 16639 11 2 140 0.33 30 189 0
1 513 0 8 28 80 5710 16639 13 1 140 0.17 24 191 0
1 513 0 8 28 80 5710 16639 13 2 140 0.35 32 164 0
1 513 0 8 28 80 5710 16639 15 1 140 0.31 31 165 0
1 513 0 8 28 80 5710 16639 5 2 140 0.08 19 166 0
1 513 0 8 28 80 5710 16639 8 1 140 0.09 21 167 0
1 513 0 8 28 80 5710 16639 12 2 140 0.38 33 169 0
1 513 0 8 28 80 5710 16639 11 2 140 0.32 29 170 0
1 513 0 8 28 80 5710 16639 11 1 140 0.22 27 171 0
1 513 0 8 28 80 5710 16639 12 2 140 0.36 31 172 0
1 513 0 8 28 80 5710 16639 12 1 140 0.18 26 154 0
1 513 0 8 28 80 5710 16639 8 1 140 0.21 26 158 0
1 513 0 8 28 80 5710 16639 12 1 140 0.27 28 162 0
1 513 0 8 28 80 5710 16639 10 2 140 0.32 30 182 0
1 513 0 8 28 80 5710 16639 7 2 140 0.22 27 186 0
1 513 0 8 28 80 5710 16639 11 2 140 0.29 32 190 0
1 513 0 8 28 80 5710 16639 16 1 140 0.33 30 194 0
1 513 0 8 28 80 5710 16639 13 2 140 0.4 33 198 0
1 513 0 8 28 80 5710 16639 13 1 140 0.26 27 202 0
1 513 0 8 28 80 5710 16639 12 2 140 0.34 31 168 0
1 513 0 8 28 80 5710 16639 10 1 140 0.18 24 160 0
1 513 0 8 28 80 5710 16639 10 2 140 0.16 24 161 0
1 513 0 8 28 80 5710 16639 7 2 140 0.1 21 159 0
1 513 0 8 28 80 5710 16639 13 2 140 0.4 33 156 0
1 513 0 8 28 80 5710 16639 12 2 140 0.36 33 153 0
1 513 0 8 28 80 5710 16639 14 2 140 0.41 32 151 0
1 513 0 8 31 80 5711 16645 18 2 140 0.5 35 211 0
1 513 0 8 31 80 5711 16645 13 2 140 0.44 34 212 0
1 513 0 8 31 80 5711 16645 10 1 140 0.18 25 213 0
1 513 0 8 31 80 5711 16645 12 1 140 0.24 28 215 0
1 513 0 8 31 80 5711 16645 6 2 140 0.11 20 217 0
1 513 0 8 31 80 5711 16645 13 2 140 0.27 28 220 0
1 513 0 8 31 80 5711 16645 14 1 140 0.2 25 224 0
1 513 0 8 31 80 5711 16645 14 1 140 0.29 31 236 0
1 513 0 8 31 80 5711 16645 15 1 140 0.36 31 237 0
1 513 0 8 31 80 5711 16645 6 2 140 0.08 20 238 0
1 513 0 8 31 80 5711 16645 15 2 140 0.54 35 240 0
1 513 0 8 31 80 5711 16645 8 2 140 0.14 24 227 0
1 513 0 8 31 80 5711 16645 17 1 140 0.42 34 231 0
1 513 0 8 31 80 5711 16645 14 1 140 0.36 32 235 0
1 513 0 8 31 80 5711 16645 15 1 140 0.31 30 239 0
1 513 0 8 31 80 5711 16645 13 2 140 0.32 31 219 0
1 513 0 8 31 80 5711 16645 7 2 140 0.15 25 225 0
1 513 0 8 31 80 5711 16645 13 1 140 0.27 29 226 0
1 513 0 8 31 80 5711 16645 16 2 140 0.41 34 228 0
1 513 0 8 31 80 5711 16645 11 1 140 0.25 28 229 0
1 513 0 8 31 80 5711 16645 8 2 140 0.11 22 230 0
1 513 0 8 31 80 5711 16645 9 2 140 0.15 24 232 0
1 513 0 8 31 80 5711 16645 14 2 140 0.56 35 233 0
1 513 0 8 31 80 5711 16645 13 1 140 0.33 31 234 0
1 513 0 8 31 80 5711 16645 7 2 140 0.18 26 222 0
1 513 0 8 31 80 5711 16645 12 1 140 0.24 29 223 0
1 513 0 8 31 80 5711 16645 9 2 140 0.19 26 221 0
1 513 0 8 31 80 5711 16645 10 2 140 0.24 28 218 0
1 513 0 8 31 80 5711 16645 13 2 140 0.42 34 216 0
1 513 0 8 31 80 5711 16645 11 2 140 0.32 30 214 0
1 513 0 9 2 80 5726 16627 7 1 140 0.08 20 250 0
1 513 0 9 2 80 5726 16627 9 1 140 0.1 21 251 0
1 513 0 9 2 80 5726 16627 6 2 140 0.06 18 252 0
1 513 0 9 2 80 5726 16627 6 2 140 0.08 20 253 0
1 513 0 9 2 80 5726 16627 6 2 140 0.12 22 254 0
1 513 0 9 2 80 5726 16627 6 1 140 0.11 22 255 0
1 513 0 9 2 80 5726 16627 6 2 140 0.1 21 256 0
1 513 0 9 2 80 5726 16627 6 2 140 0.11 21 257 0
1 513 0 9 2 80 5726 16627 7 2 140 0.13 23 258 0
1 513 0 9 2 80 5726 16627 8 1 140 0.13 23 243 0
1 513 0 9 2 80 5726 16627 6 1 140 0.08 19 259 0
1 513 0 9 2 80 5726 16627 6 1 140 0.1 21 248 0
1 513 0 9 2 80 5726 16627 14 2 140 0.4 34 249 0
1 513 0 9 2 80 5726 16627 6 2 140 0.12 22 247 0
1 513 0 9 2 80 5726 16627 7 2 140 0.09 21 242 0
1 513 0 9 2 80 5726 16627 6 2 140 0.09 20 244 0
1 513 0 9 2 80 5726 16627 15 1 140 0.35 31 246 0
1 513 0 9 2 80 5726 16627 6 2 140 0.09 20 245 0
1 513 0 9 2 80 5726 16627 16 2 140 0.49 35 241 0
1 513 0 9 3 80 5727 16641 6 1 140 0.09 20 269 0
1 513 0 9 3 80 5727 16641 7 2 140 0.14 23 281 0
1 513 0 9 3 80 5727 16641 7 1 140 0.13 22 282 0
1 513 0 9 3 80 5727 16641 7 1 140 0.14 23 284 0
1 513 0 9 3 80 5727 16641 7 2 140 0.14 23 285 0
1 513 0 9 3 80 5727 16641 11 2 140 0.19 25 286 0
1 513 0 9 3 80 5727 16641 7 1 140 0.12 22 287 0
1 513 0 9 3 80 5727 16641 10 2 140 0.23 27 288 0
1 513 0 9 3 80 5727 16641 7 2 140 0.15 24 290 0
1 513 0 9 3 80 5727 16641 6 1 140 0.09 21 270 0
1 513 0 9 3 80 5727 16641 6 2 140 0.07 19 272 0
1 513 0 9 3 80 5727 16641 10 1 140 0.08 21 273 0
1 513 0 9 3 80 5727 16641 7 2 140 0.07 19 274 0
1 513 0 9 3 80 5727 16641 15 2 140 0.58 37 276 0
1 513 0 9 3 80 5727 16641 12 1 140 0.53 35 277 0
1 513 0 9 3 80 5727 16641 13 2 140 0.52 36 278 0
1 513 0 9 3 80 5727 16641 6 2 140 0.13 23 280 0
1 513 0 9 3 80 5727 16641 7 2 140 0.17 25 291 0
1 513 0 9 3 80 5727 16641 7 2 140 0.14 24 292 0
1 513 0 9 3 80 5727 16641 14 2 140 0.54 37 267 0
1 513 0 9 3 80 5727 16641 6 2 140 0.06 18 271 0
1 513 0 9 3 80 5727 16641 18 2 140 0.59 37 275 0
1 513 0 9 3 80 5727 16641 15 2 140 0.62 37 279 0
1 513 0 9 3 80 5727 16641 7 2 140 0.13 23 283 0
1 513 0 9 3 80 5727 16641 18 1 140 0.27 30 289 0
1 513 0 9 3 80 5727 16641 6 1 140 0.07 19 266 0
1 513 0 9 3 80 5727 16641 18 2 140 0.74 41 268 0
1 513 0 9 3 80 5727 16641 7 1 140 0.07 19 265 0
1 513 0 9 3 80 5727 16641 7 1 140 0.09 20 261 0
1 513 0 9 3 80 5727 16641 6 1 140 0.1 20 262 0
1 513 0 9 3 80 5727 16641 5 1 140 0.07 18 264 0
1 513 0 9 3 80 5727 16641 6 1 140 0.08 20 263 0
1 513 0 9 3 80 5727 16641 6 2 140 0.08 19 260 0
1 513 0 9 4 80 5707 16521 19 2 140 0.7 38 301 0
1 513 0 9 4 80 5707 16521 6 2 140 0.05 16 302 0
1 513 0 9 4 80 5707 16521 19 2 140 0.83 40 304 0
1 513 0 9 4 80 5707 16521 15 2 140 0.69 38 305 0
1 513 0 9 4 80 5707 16521 14 2 140 0.7 39 306 0
1 513 0 9 4 80 5707 16521 7 1 140 0.11 23 308 0
1 513 0 9 4 80 5707 16521 8 1 140 0.12 24 309 0
1 513 0 9 4 80 5707 16521 15 1 140 0.29 30 310 0
1 513 0 9 4 80 5707 16521 6 2 140 0.07 19 312 0
1 513 0 9 4 80 5707 16521 14 2 140 0.22 28 324 0
1 513 0 9 4 80 5707 16521 15 2 140 0.74 38 303 0
1 513 0 9 4 80 5707 16521 10 2 140 0.17 26 307 0
1 513 0 9 4 80 5707 16521 14 2 140 0.38 36 311 0
1 513 0 9 4 80 5707 16521 12 2 140 0.33 30 315 0
1 513 0 9 4 80 5707 16521 5 1 140 0.08 19 319 0
1 513 0 9 4 80 5707 16521 13 2 140 0.27 29 323 0
1 513 0 9 4 80 5707 16521 12 1 140 0.15 25 313 0
1 513 0 9 4 80 5707 16521 8 1 140 0.1 22 314 0
1 513 0 9 4 80 5707 16521 16 2 140 0.45 36 316 0
1 513 0 9 4 80 5707 16521 10 1 140 0.11 22 317 0
1 513 0 9 4 80 5707 16521 11 1 140 0.2 26 318 0
1 513 0 9 4 80 5707 16521 11 2 140 0.14 25 320 0
1 513 0 9 4 80 5707 16521 13 1 140 0.25 29 321 0
1 513 0 9 4 80 5707 16521 13 2 140 0.43 32 322 0
1 513 0 9 4 80 5707 16521 6 1 140 0.08 19 299 0
1 513 0 9 4 80 5707 16521 8 1 140 0.06 18 300 0
1 513 0 9 4 80 5707 16521 18 2 140 0.61 38 298 0
1 513 0 9 4 80 5707 16521 6 2 140 0.06 18 294 0
1 513 0 9 4 80 5707 16521 6 2 140 0.06 18 295 0
1 513 0 9 4 80 5707 16521 6 2 140 0.07 18 297 0
1 513 0 9 4 80 5707 16521 14 2 140 0.59 36 296 0
1 513 0 9 4 80 5707 16521 15 2 140 0.52 37 293 0
1 513 0 9 5 80 5711 16513 6 1 140 0.06 17 329 0
1 513 0 9 5 80 5711 16513 13 1 140 0.25 27 333 0
1 513 0 9 5 80 5711 16513 13 1 140 0.43 33 334 0
1 513 0 9 5 80 5711 16513 15 1 140 0.34 32 335 0
1 513 0 9 5 80 5711 16513 13 1 140 0.2 28 336 0
1 513 0 9 5 80 5711 16513 13 2 140 0.33 31 337 0
1 513 0 9 5 80 5711 16513 12 2 140 0.18 27 338 0
1 513 0 9 5 80 5711 16513 16 2 140 0.74 40 331 0
1 513 0 9 5 80 5711 16513 19 1 140 0.3 32 332 0
1 513 0 9 5 80 5711 16513 14 1 140 0.12 23 330 0
1 513 0 9 5 80 5711 16513 12 2 140 0.69 39 328 0
1 513 0 9 5 80 5711 16513 14 2 140 0.64 36 325 0
1 513 0 9 5 80 5711 16513 22 2 140 0.77 40 326 0
1 513 0 9 5 80 5711 16513 23 2 140 0.81 39 327 0
1 513 0 9 6 80 5721 16632 19 2 140 0.9 40 341 2
1 513 0 9 6 80 5721 16632 4 2 140 0.07 17 342 2
1 513 0 9 6 80 5721 16632 18 2 140 0.71 39 339 2
1 513 0 9 6 80 5721 16632 20 2 140 0.9 39 340 2
1 513 0 9 7 80 5721 16633 14 1 140 0.33 32 345 0
1 513 0 9 7 80 5721 16633 14 1 140 0.41 34 344 0
1 513 0 9 7 80 5721 16633 16 1 140 0.39 33 343 0
1 513 0 9 8 80 5728 16634 17 2 140 0.69 40 346 2
1 513 0 8 3 80 5717 16659 13 1 140 0.26 28 71 0
1 513 0 8 3 80 5717 16659 6 2 140 0.09 21 72 0
1 513 0 8 3 80 5717 16659 13 1 140 0.29 31 75 0
1 513 0 8 3 80 5717 16659 7 1 140 0.1 22 81 0
1 513 0 8 3 80 5717 16659 9 1 140 0.13 23 73 0
1 513 0 8 3 80 5717 16659 6 2 140 0.1 21 76 0
1 513 0 8 3 80 5717 16659 8 2 140 0.08 21 80 0
1 513 0 8 3 80 5717 16659 6 2 140 0.11 22 84 0
1 513 0 8 3 80 5717 16659 7 2 140 0.09 21 82 0
1 513 0 8 3 80 5717 16659 6 1 140 0.1 21 83 0
1 513 0 8 3 80 5717 16659 7 2 140 0.09 20 85 0
1 513 0 8 3 80 5717 16659 9 1 140 0.12 23 86 0
1 513 0 8 3 80 5717 16659 5 1 140 0.08 20 87 0
1 513 0 8 3 80 5717 16659 5 2 140 0.08 19 88 2
1 513 0 8 3 80 5717 16659 5 2 140 0.06 18 89 2
1 513 0 8 3 80 5717 16659 6 1 140 0.08 20 90 2
1 513 0 8 3 80 5717 16659 6 1 140 0.07 18 78 0
1 513 0 8 3 80 5717 16659 6 2 140 0.08 19 79 0
1 513 0 8 3 80 5717 16659 14 2 140 0.41 35 77 0
1 513 0 8 3 80 5717 16659 13 1 140 0.31 31 74 0
1 513 0 8 3 80 5717 16659 12 1 140 0.26 29 70 0
1 513 0 8 5 80 5725 16712 11 2 140 0.34 31 92 0
1 513 0 8 5 80 5725 16712 16 2 140 0.36 33 93 0
1 513 0 8 5 80 5725 16712 9 2 140 0.25 29 95 0
1 513 0 8 5 80 5725 16712 9 2 140 0.14 24 99 0
1 513 0 8 5 80 5725 16712 9 2 140 0.16 26 100 0
1 513 0 8 5 80 5725 16712 10 2 140 0.25 30 101 0
1 513 0 8 5 80 5725 16712 12 1 140 0.23 29 103 0
1 513 0 8 5 80 5725 16712 7 2 140 0.1 23 104 0
1 513 0 8 5 80 5725 16712 14 1 140 0.2 28 105 0
1 513 0 8 5 80 5725 16712 12 1 140 0.19 26 107 0
1 513 0 8 5 80 5725 16712 13 2 140 0.43 34 106 0
1 513 0 8 5 80 5725 16712 9 1 140 0.14 25 102 0
1 513 0 8 5 80 5725 16712 10 2 140 0.17 25 97 0
1 513 0 8 5 80 5725 16712 9 2 140 0.34 32 98 0
1 513 0 8 5 80 5725 16712 10 2 140 0.25 28 96 0
1 513 0 8 5 80 5725 16712 7 2 140 0.19 27 94 0
1 513 0 8 5 80 5725 16712 16 1 140 0.2 27 91 0
1 508 0 6 17 80 5750 15908 12 1 140 0.28 30 105 0
1 508 0 6 17 80 5750 15908 16 2 140 0.52 36 108 0
1 508 0 6 17 80 5750 15908 7 2 140 0.04 18 116 0
1 508 0 6 17 80 5750 15908 7 2 140 0.07 20 120 0
1 508 0 6 17 80 5750 15908 7 1 140 0.07 20 119 0
1 508 0 6 17 80 5750 15908 13 2 140 0.3 31 118 0
1 508 0 6 17 80 5750 15908 12 2 140 0.32 32 117 0
1 508 0 6 17 80 5750 15908 12 2 140 0.35 31 115 0
1 508 0 6 17 80 5750 15908 16 2 140 0.38 33 114 0
1 508 0 6 17 80 5750 15908 8 1 140 0.12 23 113 0
1 508 0 6 17 80 5750 15908 4 1 140 0.15 18 107 0
1 508 0 6 17 80 5750 15908 12 2 140 0.32 30 101 0
1 508 0 6 17 80 5750 15908 12 1 140 0.34 31 106 0
1 508 0 6 17 80 5750 15908 10 1 140 0.07 21 104 0
1 508 0 6 17 80 5750 15908 13 1 140 0.33 30 103 0
1 508 0 6 17 80 5750 15908 4 2 140 0.04 18 102 0
1 513 0 10 26 80 5726 16633 17 2 140 0.94 42 229 2
1 513 0 10 27 80 5728 16636 18 2 140 0.75 43 230 2
1 513 0 10 25 80 5728 16621 15 1 140 0.58 37 226 2
1 513 0 10 25 80 5728 16621 19 2 140 0.82 41 227 2
1 513 0 10 25 80 5728 16621 21 2 140 0.92 42 228 2
1 513 0 10 25 80 5728 16621 15 1 140 0.9 41 225 2
1 513 0 10 25 80 5728 16621 21 2 140 0.75 41 224 2
1 534 0 10 6 80 5815 16707 17 1 140 0.46 35 186 2
1 534 0 10 6 80 5815 16707 6 1 140 0.07 19 187 2
1 513 0 10 7 80 5732 16622 18 1 140 0.4 33 191 2
1 513 0 10 7 80 5732 16622 19 2 140 0.73 39 192 2
1 513 0 10 7 80 5732 16622 13 1 140 0.4 34 190 2
1 513 0 10 7 80 5732 16622 20 1 140 0.56 36 189 2
1 513 0 10 7 80 5732 16622 6 1 140 0.07 19 193 2
1 513 0 10 7 80 5732 16622 5 1 140 0.05 17 194 2
1 513 0 10 7 80 5732 16622 5 1 140 0.07 19 188 2
1 513 0 10 8 80 5732 16615 5 1 140 0.07 18 195 2
1 513 0 10 9 80 5710 16550 6 1 140 0.07 19 196 2
1 513 0 10 9 80 5710 16550 6 2 140 0.07 18 197 2
1 513 0 10 9 80 5710 16550 18 1 140 0.61 36 199 2
1 513 0 10 9 80 5710 16550 17 1 140 0.96 42 200 2
1 513 0 10 9 80 5710 16550 15 1 140 0.48 35 201 2
1 513 0 10 9 80 5710 16550 19 2 140 0.92 41 202 2
1 513 0 10 9 80 5710 16550 17 2 140 0.74 39 203 2
1 513 0 10 9 80 5710 16550 18 2 140 0.82 40 204 2
1 513 0 10 9 80 5710 16550 14 1 140 0.66 36 198 2
1 513 0 10 10 80 5716 16559 16 1 140 0.61 34 205 0
1 534 0 10 12 80 5802 16713 16 1 140 0.45 34 206 2
1 534 0 10 13 80 5813 16712 19 1 140 0.49 35 210 2
1 534 0 10 13 80 5813 16712 20 2 140 0.65 40 207 2
1 534 0 10 13 80 5813 16712 19 1 140 0.6 38 208 2
1 534 0 10 13 80 5813 16712 13 1 140 0.47 36 209 2
1 513 0 10 14 80 5736 16643 5 2 140 0.06 17 211 2
1 513 0 10 14 80 5736 16643 4 2 140 0.05 17 212 2
1 513 0 10 15 80 5723 16652 14 1 140 0.49 35 213 2
1 534 0 10 19 80 5821 16728 6 1 140 0.06 17 214 2
1 513 0 10 20 80 5732 16644 16 2 140 0.8 39 215 2
1 513 0 10 20 80 5732 16644 6 2 140 0.06 17 216 2
1 513 0 10 21 80 5719 16633 18 2 140 0.81 40 217 2
1 513 0 10 21 80 5719 16633 23 2 140 0.96 40 218 2
1 513 0 10 21 80 5719 16633 20 2 140 0.69 39 220 2
1 513 0 10 21 80 5719 16633 15 1 140 0.52 35 221 2
1 513 0 10 21 80 5719 16633 22 2 140 0.85 40 219 2
1 513 0 10 23 80 5708 16631 22 2 140 0.93 41 223 2
1 513 0 10 23 80 5708 16631 18 1 140 0.59 36 222 2
1 534 0 10 5 80 5810 16712 9 1 140 0.08 19 183 2
1 534 0 10 5 80 5810 16712 6 1 140 0.07 18 184 2
1 534 0 10 5 80 5810 16712 5 2 140 0.07 18 185 2
1 513 0 9 24 80 5718 16533 10 2 140 0.19 26 66 0
1 513 0 9 24 80 5718 16533 13 2 140 0.48 34 67 0
1 513 0 9 24 80 5718 16533 17 2 140 0.47 33 68 0
1 513 0 9 24 80 5718 16533 10 2 140 0.12 23 69 0
1 513 0 9 24 80 5718 16533 9 2 140 0.27 28 40 0
1 513 0 9 24 80 5718 16533 12 2 140 0.3 30 41 0
1 513 0 9 24 80 5718 16533 9 2 140 0.25 28 42 0
1 513 0 9 24 80 5718 16533 12 2 140 0.29 31 43 0
1 513 0 9 24 80 5718 16533 11 2 140 0.3 30 44 0
1 513 0 9 24 80 5718 16533 10 2 140 0.2 27 45 0
1 513 0 9 24 80 5718 16533 13 2 140 0.23 29 47 0
1 513 0 9 24 80 5718 16533 9 2 140 0.2 27 48 0
1 513 0 9 24 80 5718 16533 12 1 140 0.21 28 1 0
1 513 0 9 24 80 5718 16533 12 1 140 0.19 26 2 0
1 513 0 9 24 80 5718 16533 10 1 140 0.23 28 3 0
1 513 0 9 24 80 5718 16533 12 1 140 0.2 26 8 0
1 513 0 9 24 80 5718 16533 11 1 140 0.16 25 10 0
1 513 0 9 24 80 5718 16533 12 1 140 0.17 24 7 0
1 513 0 9 24 80 5718 16533 12 1 140 0.22 27 6 0
1 513 0 9 24 80 5718 16533 12 1 140 0.18 26 4 0
1 513 0 9 24 80 5718 16533 12 1 140 0.23 27 22 0
1 513 0 9 24 80 5718 16533 12 1 140 0.21 26 25 0
1 513 0 9 24 80 5718 16533 13 1 140 0.31 30 26 0
1 513 0 9 24 80 5718 16533 11 1 140 0.28 29 27 0
1 513 0 9 24 80 5718 16533 16 1 140 0.28 31 28 0
1 513 0 9 24 80 5718 16533 7 2 140 0.19 27 29 0
1 513 0 9 24 80 5718 16533 9 2 140 0.25 29 30 0
1 513 0 9 24 80 5718 16533 13 2 140 0.23 27 31 0
1 513 0 9 24 80 5718 16533 11 1 140 0.17 26 11 0
1 513 0 9 24 80 5718 16533 11 1 140 0.14 24 13 0
1 513 0 9 24 80 5718 16533 10 1 140 0.19 27 14 0
1 513 0 9 24 80 5718 16533 10 1 140 0.14 24 15 0
1 513 0 9 24 80 5718 16533 12 1 140 0.19 27 17 0
1 513 0 9 24 80 5718 16533 8 1 140 0.17 25 18 0
1 513 0 9 24 80 5718 16533 11 1 140 0.17 25 19 0
1 513 0 9 24 80 5718 16533 9 1 140 0.15 25 21 0
1 513 0 9 24 80 5718 16533 13 2 140 0.45 35 32 0
1 513 0 9 24 80 5718 16533 13 2 140 0.28 29 33 0
1 513 0 9 24 80 5718 16533 11 2 140 0.29 29 34 0
1 513 0 9 24 80 5718 16533 10 2 140 0.29 31 35 0
1 513 0 9 24 80 5718 16533 12 2 140 0.29 30 36 0
1 513 0 9 24 80 5718 16533 6 2 140 0.14 23 37 0
1 513 0 9 24 80 5718 16533 14 2 140 0.32 30 38 0
1 513 0 9 24 80 5718 16533 9 2 140 0.14 25 39 0
1 513 0 9 24 80 5718 16533 11 2 140 0.23 28 49 0
1 513 0 9 24 80 5718 16533 8 2 140 0.24 28 51 0
1 513 0 9 24 80 5718 16533 9 2 140 0.14 24 52 0
1 513 0 9 24 80 5718 16533 13 2 140 0.26 29 53 0
1 513 0 9 24 80 5718 16533 9 2 140 0.22 26 55 0
1 513 0 9 24 80 5718 16533 11 2 140 0.32 31 56 0
1 513 0 9 24 80 5718 16533 13 2 140 0.2 27 58 0
1 513 0 9 24 80 5718 16533 9 2 140 0.13 33 59 0
1 513 0 9 24 80 5718 16533 11 2 140 0.35 32 70 0
1 513 0 9 24 80 5718 16533 10 2 140 0.2 25 71 0
1 513 0 9 24 80 5718 16533 11 2 140 0.22 23 72 0
1 513 0 9 24 80 5718 16533 8 2 140 0.11 22 73 0
1 513 0 9 24 80 5718 16533 8 2 140 0.08 20 74 0
1 513 0 9 24 80 5718 16533 8 2 140 0.11 21 75 0
1 513 0 9 24 80 5718 16533 6 2 140 0.1 20 76 0
1 513 0 9 24 80 5718 16533 12 1 140 0.16 24 5 0
1 513 0 9 24 80 5718 16533 5 1 140 0.12 22 9 0
1 513 0 9 24 80 5718 16533 10 1 140 0.23 27 12 0
1 513 0 9 24 80 5718 16533 13 1 140 0.22 28 16 0
1 513 0 9 24 80 5718 16533 7 1 140 0.13 24 20 0
1 513 0 9 24 80 5718 16533 13 1 140 0.23 28 24 0
1 513 0 9 24 80 5718 16533 10 2 140 0.19 26 46 0
1 513 0 9 24 80 5718 16533 10 2 140 0.19 26 50 0
1 513 0 9 24 80 5718 16533 14 2 140 0.28 30 54 0
1 513 0 9 24 80 5718 16533 10 2 140 0.22 28 57 0
1 513 0 9 24 80 5718 16533 11 2 140 0.21 26 61 0
1 513 0 9 24 80 5718 16533 6 2 140 0.13 23 65 0
1 513 0 9 24 80 5718 16533 10 1 140 0.28 28 23 0
1 513 0 9 24 80 5718 16533 11 2 140 0.31 32 60 0
1 513 0 9 24 80 5718 16533 7 2 140 0.15 24 62 0
1 513 0 9 24 80 5718 16533 16 2 140 0.32 31 63 0
1 513 0 9 24 80 5718 16533 12 2 140 0.32 31 64 0
1 513 0 9 25 80 5712 16523 8 1 140 0.13 23 78 0
1 513 0 9 25 80 5712 16523 15 1 140 0.42 32 79 0
1 513 0 9 25 80 5712 16523 9 1 140 0.12 22 83 0
1 513 0 9 25 80 5712 16523 9 1 140 0.11 21 84 0
1 513 0 9 25 80 5712 16523 9 1 140 0.09 20 82 0
1 513 0 9 25 80 5712 16523 10 1 140 0.16 25 81 0
1 513 0 9 25 80 5712 16523 14 1 140 0.36 32 80 0
1 513 0 9 25 80 5712 16523 8 1 140 0.12 23 86 0
1 513 0 9 25 80 5712 16523 13 2 140 0.45 33 90 0
1 513 0 9 25 80 5712 16523 15 2 140 0.51 33 94 0
1 513 0 9 25 80 5712 16523 12 2 140 0.49 34 98 0
1 513 0 9 25 80 5712 16523 7 1 140 0.14 23 102 0
1 513 0 9 25 80 5712 16523 10 1 140 0.12 22 106 0
1 513 0 9 25 80 5712 16523 17 1 140 0.3 29 104 0
1 513 0 9 25 80 5712 16523 16 1 140 0.5 33 85 0
1 513 0 9 25 80 5712 16523 9 1 140 0.12 23 87 0
1 513 0 9 25 80 5712 16523 12 1 140 0.26 29 88 0
1 513 0 9 25 80 5712 16523 9 1 140 0.12 22 89 0
1 513 0 9 25 80 5712 16523 7 2 140 0.11 22 91 0
1 513 0 9 25 80 5712 16523 11 2 140 0.36 32 92 0
1 513 0 9 25 80 5712 16523 15 2 140 0.5 35 93 0
1 513 0 9 25 80 5712 16523 17 2 140 0.6 36 95 0
1 513 0 9 25 80 5712 16523 14 2 140 0.45 33 96 0
1 513 0 9 25 80 5712 16523 14 2 140 0.46 33 97 0
1 513 0 9 25 80 5712 16523 15 2 140 0.48 34 99 0
1 513 0 9 25 80 5712 16523 12 2 140 0.3 32 100 0
1 513 0 9 25 80 5712 16523 14 1 140 0.5 33 101 0
1 513 0 9 25 80 5712 16523 20 1 140 0.48 34 103 0
1 513 0 9 25 80 5712 16523 14 1 140 0.28 29 105 0
1 513 0 9 25 80 5712 16523 7 1 140 0.11 20 107 0
1 513 0 9 25 80 5712 16523 18 2 140 0.67 34 116 0
1 513 0 9 25 80 5712 16523 11 2 140 0.17 25 117 0
1 513 0 9 25 80 5712 16523 17 2 140 0.77 36 118 0
1 513 0 9 25 80 5712 16523 8 2 140 0.13 22 119 0
1 513 0 9 25 80 5712 16523 11 2 140 0.1 21 120 0
1 513 0 9 25 80 5712 16523 11 1 140 0.15 23 108 0
1 513 0 9 25 80 5712 16523 21 1 140 0.34 30 109 0
1 513 0 9 25 80 5712 16523 11 1 140 0.28 30 110 0
1 513 0 9 25 80 5712 16523 19 2 140 0.56 35 111 0
1 513 0 9 25 80 5712 16523 9 2 140 0.17 24 112 0
1 513 0 9 25 80 5712 16523 8 2 140 0.16 24 113 0
1 513 0 9 25 80 5712 16523 9 2 140 0.17 25 114 0
1 513 0 9 25 80 5712 16523 14 2 140 0.46 32 115 0
1 513 0 9 25 80 5712 16523 10 1 140 0.27 29 77 0
1 513 0 9 26 80 5707 16636 17 1 140 0.39 32 122 0
1 513 0 9 26 80 5707 16636 16 1 140 0.36 30 123 0
1 513 0 9 26 80 5707 16636 12 2 140 0.55 35 128 0
1 513 0 9 26 80 5707 16636 13 1 140 0.4 32 126 0
1 513 0 9 26 80 5707 16636 18 2 140 0.68 37 130 0
1 513 0 9 26 80 5707 16636 8 2 140 0.13 22 134 0
1 513 0 9 26 80 5707 16636 7 2 140 0.09 21 129 0
1 513 0 9 26 80 5707 16636 14 2 140 0.53 34 127 0
1 513 0 9 26 80 5707 16636 19 1 140 0.39 32 125 0
1 513 0 9 26 80 5707 16636 12 1 140 0.49 33 124 0
1 513 0 9 26 80 5707 16636 10 2 140 0.16 24 131 0
1 513 0 9 26 80 5707 16636 10 2 140 0.1 21 132 0
1 513 0 9 26 80 5707 16636 23 2 140 0.79 41 133 0
1 513 0 9 26 80 5707 16636 19 2 140 0.68 35 135 0
1 513 0 9 26 80 5707 16636 17 1 140 0.36 30 121 0
1 513 0 9 27 80 5706 16639 18 1 140 0.39 31 137 0
1 513 0 9 27 80 5706 16639 9 2 140 0.15 22 139 2
1 513 0 9 27 80 5706 16639 8 1 140 0.12 22 140 2
1 513 0 9 27 80 5706 16639 8 2 140 0.11 21 138 2
1 513 0 9 27 80 5706 16639 16 2 140 0.57 36 141 2
1 513 0 9 27 80 5706 16639 13 1 140 0.31 31 136 0
1 513 0 9 28 80 5707 16644 7 2 140 0.09 20 145 2
1 513 0 9 28 80 5707 16644 9 1 140 0.1 21 144 2
1 513 0 9 28 80 5707 16644 12 1 140 0.26 31 149 0
1 513 0 9 28 80 5707 16644 7 1 140 0.1 21 150 2
1 513 0 9 28 80 5707 16644 7 1 140 0.1 20 146 2
1 513 0 9 28 80 5707 16644 7 1 140 0.13 21 142 2
1 513 0 9 28 80 5707 16644 9 1 140 0.11 21 148 2
1 513 0 9 28 80 5707 16644 6 2 140 0.1 20 147 2
1 513 0 9 28 80 5707 16644 7 2 140 0.09 20 143 2
1 513 0 9 29 80 5707 16649 11 1 140 0.3 31 152 0
1 513 0 9 29 80 5707 16649 6 1 140 0.07 18 151 2
1 513 0 10 1 80 5708 16644 20 2 140 0.61 37 155 2
1 513 0 10 1 80 5708 16644 16 2 140 0.69 37 154 2
1 513 0 10 1 80 5708 16644 6 1 140 0.12 20 156 0
1 513 0 10 1 80 5708 16644 12 2 140 0.6 36 153 2
1 513 0 10 2 80 5707 16528 18 2 140 0.51 36 158 2
1 513 0 10 2 80 5707 16528 22 2 140 0.68 37 161 2
1 513 0 10 2 80 5707 16528 5 1 140 0.09 18 162 2
1 513 0 10 2 80 5707 16528 17 2 140 0.77 37 160 2
1 513 0 10 2 80 5707 16528 6 1 140 0.09 19 164 2
1 513 0 10 2 80 5707 16528 19 2 140 0.89 40 159 2
1 513 0 10 2 80 5707 16528 7 1 140 0.1 20 163 2
1 513 0 10 2 80 5707 16528 13 1 140 0.4 31 157 0
1 513 0 10 3 80 5709 16635 17 2 140 0.69 38 166 2
1 513 0 10 3 80 5709 16635 6 2 140 0.07 19 170 2
1 513 0 10 3 80 5709 16635 7 2 140 0.08 18 169 2
1 513 0 10 3 80 5709 16635 17 2 140 0.71 39 167 2
1 513 0 10 3 80 5709 16635 6 2 140 0.07 19 171 2
1 513 0 10 3 80 5709 16635 16 2 140 0.78 38 174 2
1 513 0 10 3 80 5709 16635 19 2 140 0.63 38 179 2
1 513 0 10 3 80 5709 16635 20 2 140 0.69 40 168 2
1 513 0 10 3 80 5709 16635 5 2 140 0.09 19 173 2
1 513 0 10 3 80 5709 16635 6 2 140 0.07 19 177 2
1 513 0 10 3 80 5709 16635 17 1 140 0.52 34 176 2
1 513 0 10 3 80 5709 16635 15 2 140 1.09 42 178 2
1 513 0 10 3 80 5709 16635 14 2 140 0.73 38 175 2
1 513 0 10 3 80 5709 16635 6 2 140 0.07 19 172 2
1 513 0 10 3 80 5709 16635 21 2 140 0.78 38 165 2
1 534 0 10 4 80 5801 16719 6 2 140 0.07 18 182 2
1 534 0 10 4 80 5801 16719 6 1 140 0.07 18 181 2
1 534 0 10 4 80 5801 16719 6 2 140 0.07 18 180 2
