1 513 0 11 19 78 5659 16553 8 2 140 0.15 23 135 0
1 513 0 11 19 78 5659 16553 9 2 140 0.15 22 134 0
1 513 0 11 19 78 5659 16553 9 2 140 0.27 28 133 0
1 513 0 11 19 78 5659 16553 8 2 140 0.2 25 132 0
1 513 0 11 19 78 5659 16553 11 2 140 0.27 28 131 0
1 513 0 11 19 78 5659 16553 8 2 140 0.15 23 130 0
1 513 0 11 19 78 5659 16553 10 2 140 0.15 23 129 0
1 513 0 11 19 78 5659 16553 11 2 140 0.2 27 128 0
1 513 0 11 19 78 5659 16553 13 2 140 0.5 34 126 0
1 513 0 11 19 78 5659 16553 10 2 140 0.08 20 125 0
1 513 0 11 19 78 5659 16553 8 2 140 0.07 20 124 0
1 513 0 11 19 78 5659 16553 12 2 140 0.35 34 122 0
1 513 0 11 19 78 5659 16553 11 1 140 0.15 23 115 0
1 513 0 11 19 78 5659 16553 7 2 140 0.1 20 119 0
1 513 0 11 19 78 5659 16553 11 2 140 0.4 32 123 0
1 513 0 11 19 78 5659 16553 12 2 140 0.32 30 127 0
1 513 0 11 19 78 5659 16553 14 2 140 0.8 40 121 0
1 513 0 11 19 78 5659 16553 12 2 140 0.45 33 120 0
1 513 0 11 19 78 5659 16553 8 2 140 0.15 22 118 0
1 513 0 11 19 78 5659 16553 5 2 140 0.06 19 117 0
1 513 0 11 19 78 5659 16553 5 2 140 0.1 20 116 0
1 513 0 11 19 78 5659 16553 14 1 140 0.2 28 114 0
1 513 0 11 19 78 5659 16553 8 1 140 0.15 23 113 0
1 513 0 11 19 78 5659 16553 8 1 140 0.1 20 111 0
1 513 0 11 19 78 5659 16553 10 1 140 0.25 29 112 0
1 513 0 11 19 78 5659 16553 14 1 140 0.25 27 110 0
1 513 0 11 19 78 5659 16553 5 1 140 0.07 20 109 0
1 513 0 11 19 78 5659 16553 10 1 140 0.25 27 108 0
1 513 0 11 19 78 5659 16553 11 1 140 0.25 30 107 0
1 513 0 11 19 78 5659 16553 11 1 140 0.25 29 106 0
1 513 0 11 19 78 5659 16553 14 1 140 0.25 30 105 0
1 513 0 11 19 78 5659 16553 13 1 140 0.45 33 104 0
1 513 0 9 28 78 5738 16727 14 2 140 0.53 35 146 2
1 513 0 9 23 78 5750 16645 11 2 140 0.4 32 47 0
1 513 0 9 23 78 5750 16645 9 2 140 0.3 29 51 0
1 513 0 9 23 78 5750 16645 13 1 140 0.33 30 59 0
1 513 0 9 23 78 5750 16645 9 2 140 0.23 27 52 0
1 513 0 9 23 78 5750 16645 9 1 140 0.2 26 53 0
1 513 0 9 23 78 5750 16645 10 2 140 0.3 30 54 0
1 513 0 9 23 78 5750 16645 8 2 140 0.13 23 55 0
1 513 0 9 23 78 5750 16645 10 1 140 0.2 26 56 0
1 513 0 9 23 78 5750 16645 10 2 140 0.28 28 57 0
1 513 0 9 23 78 5750 16645 11 1 140 0.28 29 58 0
1 513 0 9 23 78 5750 16645 15 2 140 0.32 30 60 0
1 513 0 9 23 78 5750 16645 10 1 140 0.25 27 49 0
1 513 0 9 23 78 5750 16645 8 2 140 0.25 27 50 0
1 513 0 9 23 78 5750 16645 14 1 140 0.27 29 48 0
1 513 0 9 23 78 5750 16645 7 2 140 0.12 21 46 0
1 513 0 9 23 78 5750 16645 11 1 140 0.25 27 43 0
1 513 0 9 23 78 5750 16645 10 1 140 0.18 25 44 0
1 513 0 9 23 78 5750 16645 8 2 140 0.13 23 45 0
1 513 0 9 23 78 5750 16645 9 2 140 0.23 27 42 0
1 513 0 9 23 78 5750 16645 12 1 140 0.23 27 41 0
1 513 0 9 15 78 5751 16706 7 2 140 0.22 27 45 0
1 513 0 9 15 78 5751 16706 11 2 140 0.18 27 50 0
1 513 0 9 15 78 5751 16706 11 2 140 0.16 27 52 0
1 513 0 9 15 78 5751 16706 11 2 140 0.22 27 53 0
1 513 0 9 15 78 5751 16706 7 2 140 0.11 23 54 0
1 513 0 9 15 78 5751 16706 5 2 140 0.06 19 56 0
1 513 0 9 15 78 5751 16706 8 2 140 0.15 24 57 0
1 513 0 9 15 78 5751 16706 7 2 140 0.11 23 58 0
1 513 0 9 15 78 5751 16706 12 1 140 0.32 31 60 0
1 513 0 9 15 78 5751 16706 11 2 140 0.23 28 43 0
1 513 0 9 15 78 5751 16706 8 2 140 0.09 21 47 0
1 513 0 9 15 78 5751 16706 12 2 140 0.24 29 51 0
1 513 0 9 15 78 5751 16706 8 2 140 0.18 27 55 0
1 513 0 9 15 78 5751 16706 11 1 140 0.25 30 59 0
1 513 0 9 15 78 5751 16706 11 2 140 0.23 29 48 0
1 513 0 9 15 78 5751 16706 7 2 140 0.12 24 49 0
1 513 0 9 15 78 5751 16706 7 2 140 0.11 23 46 0
1 513 0 9 15 78 5751 16706 8 2 140 0.12 23 44 0
1 513 0 9 15 78 5751 16706 13 2 140 0.46 34 42 0
1 513 0 9 15 78 5751 16706 14 2 140 0.23 30 41 0
1 513 0 11 5 78 5717 16522 18 2 140 0.7 38 167 0
1 513 0 11 5 78 5717 16522 17 2 140 0.75 38 166 0
1 509 0 12 18 78 5645 16459 11 1 140 0.36 32 221 0
1 509 0 12 18 78 5645 16459 12 1 140 0.25 30 220 0
1 509 0 12 18 78 5645 16459 8 1 140 0.13 23 219 0
1 509 0 12 18 78 5645 16459 5 1 140 0.06 18 218 0
1 509 0 12 18 78 5645 16459 13 2 140 0.43 34 217 0
1 509 0 12 18 78 5645 16459 12 2 140 0.33 31 216 0
1 509 0 12 18 78 5645 16459 10 2 140 0.29 30 215 0
1 509 0 12 18 78 5645 16459 5 2 140 0.06 19 214 0
1 513 0 12 21 78 5648 16756 18 2 140 0.75 42 230 2
1 513 0 12 21 78 5648 16756 14 2 140 0.5 36 229 2
1 513 0 12 21 78 5648 16756 10 2 140 0.37 33 228 2
1 513 0 12 21 78 5648 16756 13 2 140 0.48 35 227 2
1 513 0 12 21 78 5648 16756 16 1 140 0.6 37 226 2
1 513 0 12 21 78 5648 16756 14 1 140 0.49 35 225 2
1 513 0 12 21 78 5648 16756 15 2 140 1 42 224 0
1 513 0 12 27 78 5651 16759 16 2 140 0.85 43 236 2
1 513 0 12 27 78 5651 16759 17 2 140 0.43 35 235 2
1 513 0 12 27 78 5651 16759 15 1 140 0.7 39 233 2
1 513 0 12 27 78 5651 16759 11 2 140 0.31 32 234 0
1 513 0 12 27 78 5651 16759 10 1 140 0.37 31 232 0
1 513 0 12 27 78 5651 16759 5 1 140 0.06 18 231 0
1 517 0 12 28 78 5629 16647 16 2 140 1.38 46 246 2
1 517 0 12 28 78 5629 16647 21 2 140 1.12 45 245 2
1 517 0 12 28 78 5629 16647 21 1 140 0.79 39 238 2
1 517 0 12 28 78 5629 16647 11 1 140 0.54 37 242 2
1 517 0 12 28 78 5629 16647 18 2 140 0.8 43 247 2
1 517 0 12 28 78 5629 16647 16 2 140 0.85 43 244 2
1 517 0 12 28 78 5629 16647 16 2 140 0.83 42 243 2
1 517 0 12 28 78 5629 16647 16 1 140 0.64 39 240 2
1 517 0 12 28 78 5629 16647 12 1 140 0.6 38 239 2
1 517 0 12 28 78 5629 16647 15 1 140 0.5 37 237 2
1 513 0 12 29 78 5631 16653 18 1 140 0.94 41 255 2
1 513 0 12 29 78 5631 16653 15 1 140 0.63 38 254 2
1 513 0 12 29 78 5631 16653 17 2 140 1 44 251 2
1 513 0 12 29 78 5631 16653 21 2 140 1.05 44 250 2
1 513 0 12 29 78 5631 16653 15 2 140 0.87 43 249 2
1 513 0 12 29 78 5631 16653 16 2 140 0.85 43 248 2
1 517 0 12 30 78 5629 16659 16 2 140 0.85 44 256 0
1 513 0 12 31 78 5632 16709 17 1 140 0.89 42 257 0
1 509 0 12 17 78 5644 16452 18 2 140 0.75 41 213 0
1 513 0 11 29 78 5712 16534 16 2 140 0.85 41 146 0
1 513 0 11 29 78 5712 16534 16 2 140 0.97 41 145 0
1 513 0 12 3 78 5658 16620 6 1 140 0.11 22 159 0
1 513 0 12 3 78 5658 16620 9 1 140 0.25 28 157 0
1 513 0 12 3 78 5658 16620 12 1 140 0.28 29 156 0
1 513 0 12 3 78 5658 16620 8 2 140 0.13 24 150 0
1 513 0 12 3 78 5658 16620 11 1 140 0.22 27 154 0
1 513 0 12 3 78 5658 16620 6 1 140 0.2 26 158 0
1 513 0 12 3 78 5658 16620 8 1 140 0.1 21 155 0
1 513 0 12 3 78 5658 16620 10 2 140 0.31 30 153 0
1 513 0 12 3 78 5658 16620 5 2 140 0.1 21 152 0
1 513 0 12 3 78 5658 16620 11 2 140 0.25 27 151 0
1 513 0 12 3 78 5658 16620 10 2 140 0.23 29 149 0
1 513 0 12 3 78 5658 16620 8 2 140 0.09 20 148 0
1 513 0 12 3 78 5658 16620 7 2 140 0.17 25 147 0
1 513 0 12 4 78 5708 16613 4 2 140 0.05 18 168 0
1 513 0 12 4 78 5708 16613 11 2 140 0.22 27 167 0
1 513 0 12 4 78 5708 16613 11 2 140 0.46 32 166 0
1 513 0 12 4 78 5708 16613 4 1 140 0.08 19 162 0
1 513 0 12 4 78 5708 16613 10 2 140 0.38 31 165 0
1 513 0 12 4 78 5708 16613 5 2 140 0.09 20 169 0
1 513 0 12 4 78 5708 16613 15 2 140 0.69 39 164 0
1 513 0 12 4 78 5708 16613 9 1 140 0.28 29 163 0
1 513 0 12 4 78 5708 16613 11 1 140 0.33 31 161 0
1 513 0 12 7 78 5652 16601 14 2 140 0.6 38 181 0
1 513 0 12 7 78 5652 16601 8 2 140 0.2 26 179 0
1 513 0 12 7 78 5652 16601 8 2 140 0.14 24 178 0
1 513 0 12 7 78 5652 16601 5 2 140 0.09 21 177 0
1 513 0 12 7 78 5652 16601 5 2 140 0.07 19 176 0
1 513 0 12 7 78 5652 16601 4 2 140 0.06 18 175 0
1 513 0 12 7 78 5652 16601 5 2 140 0.05 17 174 0
1 513 0 12 7 78 5652 16601 10 1 140 0.22 27 173 0
1 513 0 12 7 78 5652 16601 12 1 140 0.21 26 172 0
1 513 0 12 7 78 5652 16601 11 1 140 0.25 30 171 0
1 513 0 12 7 78 5652 16601 12 1 140 0.48 36 170 0
1 509 0 12 8 78 5644 16449 15 2 140 0.66 39 183 0
1 509 0 12 8 78 5644 16449 12 2 140 0.7 40 182 0
1 509 0 12 9 78 5642 16438 14 1 140 0.55 36 184 0
1 509 0 12 9 78 5642 16438 9 2 140 0.11 23 189 0
1 509 0 12 9 78 5642 16438 7 2 140 0.11 22 188 0
1 509 0 12 9 78 5642 16438 7 1 140 0.13 23 187 0
1 509 0 12 9 78 5642 16438 8 1 140 0.15 24 186 0
1 509 0 12 9 78 5642 16438 7 1 140 0.15 25 185 0
1 513 0 12 11 78 5641 16605 11 2 140 0.51 34 194 0
1 513 0 12 11 78 5641 16605 16 1 140 0.68 38 191 0
1 513 0 12 11 78 5641 16605 11 2 140 0.26 28 193 0
1 513 0 12 11 78 5641 16605 3 1 140 0.05 17 192 0
1 513 0 12 13 78 5643 16553 13 1 140 0.35 32 202 0
1 513 0 12 13 78 5643 16553 9 2 140 0.4 33 201 0
1 513 0 12 13 78 5643 16553 6 1 140 0.07 19 195 0
1 513 0 12 13 78 5643 16553 13 1 140 0.39 33 203 0
1 513 0 12 13 78 5643 16553 7 2 140 0.12 23 200 0
1 513 0 12 13 78 5643 16553 7 2 140 0.17 25 198 0
1 513 0 12 13 78 5643 16553 9 2 140 0.26 28 197 0
1 513 0 12 13 78 5643 16553 7 1 140 0.14 24 196 0
1 513 0 12 14 78 5637 16540 18 1 140 0.62 39 204 0
1 513 0 12 16 78 5644 16508 11 1 140 0.23 28 212 0
1 513 0 12 16 78 5644 16508 7 1 140 0.15 25 211 0
1 513 0 12 16 78 5644 16508 5 1 140 0.08 20 208 0
1 513 0 12 16 78 5644 16508 8 2 140 0.17 26 206 0
1 513 0 12 16 78 5644 16508 7 2 140 0.11 22 205 0
1 509 0 11 11 78 5702 16442 5 1 140 0.05 17 130 0
1 509 0 11 11 78 5702 16442 5 2 140 0.06 18 131 0
1 509 0 11 11 78 5702 16442 5 1 140 0.06 17 129 0
1 509 0 11 12 78 5701 16444 4 1 140 0.05 16 132 0
1 513 0 11 14 78 5702 16623 4 2 140 0.05 17 135 0
1 513 0 11 14 78 5702 16623 18 1 140 0.56 35 134 0
1 513 0 11 14 78 5702 16623 4 2 140 0.05 17 133 0
1 513 0 11 17 78 5657 16626 4 2 140 0.05 17 136 0
1 513 0 11 19 78 5705 16635 14 1 140 0.7 39 137 0
1 513 0 11 21 78 5715 16642 16 1 140 0.5 35 140 0
1 513 0 11 21 78 5715 16642 11 2 140 0.79 40 141 0
1 513 0 11 21 78 5715 16642 4 1 140 0.05 17 139 0
1 513 0 11 22 78 5706 16618 16 1 140 0.56 36 142 0
1 513 0 11 24 78 5710 16604 5 1 140 0.05 17 144 0
1 509 0 11 7 78 5651 16449 14 1 140 0.43 35 128 0
1 513 0 10 19 78 5710 16533 7 1 140 0.16 25 120 0
1 513 0 10 19 78 5710 16533 10 2 140 0.16 24 114 0
1 513 0 10 19 78 5710 16533 8 1 140 0.09 21 118 0
1 513 0 10 19 78 5710 16533 10 2 140 0.21 26 113 0
1 513 0 10 19 78 5710 16533 7 1 140 0.12 22 119 0
1 513 0 10 19 78 5710 16533 13 1 140 0.4 34 117 0
1 513 0 10 19 78 5710 16533 13 1 140 0.46 34 116 0
1 513 0 10 19 78 5710 16533 16 2 140 0.8 39 115 0
1 513 0 10 19 78 5710 16533 8 2 140 0.12 22 111 0
1 513 0 10 21 78 5711 16555 10 1 140 0.48 35 122 0
1 513 0 11 1 78 5712 16522 15 2 140 0.68 40 126 0
1 513 0 11 1 78 5712 16522 17 2 140 0.65 39 125 0
1 509 0 11 2 78 5706 16441 16 1 140 0.53 36 127 0
1 513 0 9 29 78 5713 16542 7 1 140 0.06 20 39 0
1 513 0 9 29 78 5713 16542 17 2 140 0.8 40 38 0
1 513 0 9 29 78 5713 16542 15 2 140 0.77 38 37 0
1 513 0 9 29 78 5713 16542 15 2 140 0.55 35 35 0
1 513 0 9 29 78 5713 16542 11 2 140 0.55 36 32 0
1 513 0 9 29 78 5713 16542 7 2 140 0.08 20 36 0
1 513 0 9 29 78 5713 16542 16 2 140 0.6 35 40 0
1 513 0 9 29 78 5713 16542 16 2 140 0.75 38 34 0
1 513 0 9 29 78 5713 16542 16 2 140 0.46 33 33 0
1 513 0 9 29 78 5713 16542 18 1 140 0.58 34 31 0
1 513 0 10 1 78 5710 16536 14 2 140 0.48 33 50 2
1 513 0 10 1 78 5710 16536 7 1 140 0.07 20 49 0
1 513 0 10 1 78 5710 16536 7 2 140 0.07 19 48 0
1 513 0 10 1 78 5710 16536 15 2 140 0.69 38 44 0
1 513 0 10 1 78 5710 16536 4 1 140 0.07 19 47 0
1 513 0 10 1 78 5710 16536 14 2 140 0.58 37 42 0
1 513 0 10 1 78 5710 16536 8 1 140 0.43 32 46 0
1 513 0 10 1 78 5710 16536 12 2 140 0.58 36 43 0
1 513 0 10 1 78 5710 16536 18 2 140 0.6 36 41 0
1 513 0 10 3 78 5715 16530 11 2 140 0.34 31 60 2
1 513 0 10 3 78 5715 16530 6 2 140 0.08 21 58 0
1 513 0 10 3 78 5715 16530 6 1 140 0.08 19 57 0
1 513 0 10 3 78 5715 16530 12 1 140 0.4 33 56 0
1 513 0 10 3 78 5715 16530 7 2 140 0.08 19 55 0
1 513 0 10 3 78 5715 16530 8 2 140 0.13 22 54 0
1 513 0 10 3 78 5715 16530 11 1 140 0.33 30 53 0
1 513 0 10 3 78 5715 16530 16 2 140 0.78 38 52 0
1 513 0 10 3 78 5715 16530 13 1 140 0.34 31 51 0
1 513 0 10 7 78 5712 16515 15 1 140 0.41 33 69 0
1 513 0 10 7 78 5712 16515 16 1 140 0.45 33 68 0
1 513 0 10 7 78 5712 16515 15 2 140 0.52 34 66 0
1 513 0 10 7 78 5712 16515 16 2 140 0.45 32 65 0
1 513 0 10 7 78 5712 16515 5 1 140 0.06 18 67 0
1 513 0 10 9 78 5713 16509 11 2 140 0.4 33 80 0
1 513 0 10 9 78 5713 16509 11 1 140 0.32 31 79 0
1 513 0 10 9 78 5713 16509 5 1 140 0.08 19 77 0
1 513 0 10 9 78 5713 16509 4 2 140 0.06 19 71 0
1 513 0 10 9 78 5713 16509 8 1 140 0.1 21 78 0
1 513 0 10 9 78 5713 16509 8 2 140 0.22 27 75 0
1 513 0 10 9 78 5713 16509 7 1 140 0.14 23 76 0
1 513 0 10 9 78 5713 16509 6 2 140 0.08 20 74 0
1 513 0 10 9 78 5713 16509 4 2 140 0.06 17 73 0
1 513 0 10 9 78 5713 16509 5 2 140 0.06 18 72 0
1 513 0 10 11 78 5714 16536 14 1 140 0.37 30 88 0
1 513 0 10 11 78 5714 16536 11 2 140 0.3 30 85 0
1 513 0 10 11 78 5714 16536 6 2 140 0.12 21 84 0
1 513 0 10 11 78 5714 16536 12 2 140 0.49 34 83 0
1 513 0 10 11 78 5714 16536 14 2 140 0.75 37 82 0
1 513 0 10 11 78 5714 16536 8 1 140 0.13 23 86 0
1 513 0 10 11 78 5714 16536 9 1 140 0.19 26 90 0
1 513 0 10 11 78 5714 16536 15 1 140 0.48 34 89 0
1 513 0 10 11 78 5714 16536 9 2 140 0.27 29 81 0
1 513 0 10 13 78 5712 16544 11 1 140 0.25 29 100 0
1 513 0 10 13 78 5712 16544 8 1 140 0.13 23 99 0
1 513 0 10 13 78 5712 16544 8 1 140 0.12 22 98 0
1 513 0 10 13 78 5712 16544 7 1 140 0.14 24 97 0
1 513 0 10 13 78 5712 16544 8 1 140 0.17 25 96 0
1 513 0 10 13 78 5712 16544 5 1 140 0.08 18 95 0
1 513 0 10 13 78 5712 16544 6 2 140 0.13 23 94 0
1 513 0 10 13 78 5712 16544 8 2 140 0.19 25 93 0
1 513 0 10 13 78 5712 16544 7 2 140 0.13 22 92 0
1 513 0 10 13 78 5712 16544 6 2 140 0.1 20 91 0
1 513 0 10 15 78 5702 16637 9 2 140 0.29 30 109 0
1 513 0 10 15 78 5702 16637 9 2 140 0.28 29 108 0
1 513 0 10 15 78 5702 16637 8 2 140 0.16 25 110 0
1 513 0 10 15 78 5702 16637 7 2 140 0.13 23 107 0
1 513 0 10 15 78 5702 16637 11 2 140 0.27 28 106 0
1 513 0 10 15 78 5702 16637 7 1 140 0.16 24 105 0
1 513 0 10 15 78 5702 16637 11 1 140 0.23 28 104 0
1 513 0 10 15 78 5702 16637 10 1 140 0.21 26 103 0
1 513 0 10 15 78 5702 16637 5 1 140 0.07 18 101 0
1 513 0 9 27 78 5718 16627 12 1 140 0.4 33 30 0
1 513 0 9 27 78 5718 16627 13 2 140 0.35 31 29 0
1 513 0 9 27 78 5718 16627 15 1 140 0.34 32 27 0
1 513 0 9 27 78 5718 16627 11 2 140 0.4 32 26 0
1 513 0 9 27 78 5718 16627 15 2 140 0.42 34 25 0
1 513 0 9 27 78 5718 16627 8 1 140 0.18 24 28 0
1 513 0 9 27 78 5718 16627 5 1 140 0.1 20 23 0
1 513 0 9 27 78 5718 16627 12 1 140 0.28 29 22 0
1 513 0 9 27 78 5718 16627 11 2 140 0.25 28 21 0
1 509 0 11 15 78 5652 16450 9 1 140 0.18 25 49 0
1 509 0 11 15 78 5652 16450 8 1 140 0.15 22 48 0
1 509 0 11 15 78 5652 16450 12 1 140 0.15 24 47 0
1 509 0 11 15 78 5652 16450 9 1 140 0.1 22 45 0
1 509 0 11 15 78 5652 16450 12 1 140 0.1 22 44 0
1 509 0 11 15 78 5652 16450 12 1 140 0.25 28 43 0
1 509 0 11 15 78 5652 16450 12 1 140 0.2 27 41 0
1 509 0 11 15 78 5652 16450 11 1 140 0.15 25 40 0
1 509 0 11 15 78 5652 16450 8 1 140 0.15 25 39 0
1 509 0 11 15 78 5652 16450 8 1 140 0.1 21 37 0
1 509 0 11 15 78 5652 16450 7 1 140 0.1 22 36 0
1 509 0 11 15 78 5652 16450 11 1 140 0.15 25 35 0
1 509 0 11 15 78 5652 16450 9 2 140 0.2 25 33 0
1 509 0 11 15 78 5652 16450 9 2 140 0.15 26 34 0
1 509 0 11 15 78 5652 16450 5 1 140 0.1 21 38 0
1 509 0 11 15 78 5652 16450 8 1 140 0.12 22 42 0
1 509 0 11 15 78 5652 16450 9 1 140 0.1 21 46 0
1 509 0 11 15 78 5652 16450 7 2 140 0.1 21 32 0
1 509 0 11 15 78 5652 16450 8 2 140 0.15 24 31 0
1 509 0 11 15 78 5652 16450 12 2 140 0.25 29 29 0
1 509 0 11 15 78 5652 16450 11 2 140 0.4 33 28 0
1 509 0 11 15 78 5652 16450 9 2 140 0.12 25 27 0
1 509 0 11 15 78 5652 16450 12 2 140 0.1 23 26 0
1 509 0 11 15 78 5652 16450 8 2 140 0.1 21 25 0
1 509 0 11 15 78 5652 16450 8 2 140 0.15 24 30 0
1 509 0 11 15 78 5652 16450 14 2 140 0.15 26 24 0
1 509 0 11 15 78 5652 16450 11 2 140 0.25 29 23 0
1 509 0 11 15 78 5652 16450 7 2 140 0.1 22 22 0
1 509 0 11 15 78 5652 16450 12 2 140 0.2 27 21 0
1 509 0 11 15 78 5652 16450 10 2 140 0.2 26 20 0
1 513 0 11 21 78 5712 16634 14 2 140 0.7 36 149 0
1 513 0 11 21 78 5712 16634 14 1 140 0.4 32 150 0
1 513 0 11 26 78 5658 16509 5 1 140 0.05 18 164 0
1 513 0 11 26 78 5658 16509 18 2 140 1.1 34 161 0
1 513 0 11 26 78 5658 16509 15 2 140 0.45 35 163 0
1 513 0 11 26 78 5658 16509 16 2 140 0.45 32 162 0
1 513 0 11 30 78 5705 16519 13 1 140 0.45 32 179 0
1 513 0 11 30 78 5705 16519 16 2 140 0.55 35 178 0
1 513 0 11 30 78 5705 16519 5 2 140 0.08 19 177 0
1 509 0 12 7 78 5657 16458 8 2 140 0.1 18 194 0
1 513 0 12 8 78 5709 16508 5 1 140 0.1 18 195 0
1 513 0 10 31 78 5731 16632 8 1 140 0.07 20 157 0
1 513 0 10 31 78 5731 16632 5 2 140 0.06 19 156 0
1 513 0 10 31 78 5731 16632 15 2 140 0.45 35 155 0
1 513 0 10 31 78 5731 16632 12 1 140 0.36 32 154 0
1 509 0 11 6 78 5717 16458 14 1 140 0.4 33 172 0
1 509 0 11 6 78 5717 16458 17 2 140 0.65 37 171 0
1 513 0 10 14 78 5728 16621 12 2 140 0.56 37 51 0
1 513 0 10 14 78 5728 16621 9 1 140 0.28 29 50 0
1 513 0 10 14 78 5728 16621 7 1 140 0.2 25 49 0
1 513 0 10 14 78 5728 16621 8 2 140 0.18 25 47 0
1 513 0 10 14 78 5728 16621 11 1 140 0.31 30 46 0
1 513 0 10 14 78 5728 16621 8 2 140 0.18 25 45 0
1 513 0 10 14 78 5728 16621 9 1 140 0.28 29 43 0
1 513 0 10 14 78 5728 16621 12 1 140 0.31 29 42 0
1 513 0 10 14 78 5728 16621 9 2 140 0.29 28 41 0
1 513 0 10 14 78 5728 16621 10 1 140 0.18 25 39 0
1 513 0 10 14 78 5728 16621 8 2 140 0.18 25 38 0
1 513 0 10 14 78 5728 16621 7 2 140 0.23 27 37 0
1 513 0 10 14 78 5728 16621 11 1 140 0.26 28 36 0
1 513 0 10 14 78 5728 16621 11 2 140 0.26 28 35 0
1 513 0 10 14 78 5728 16621 9 1 140 0.2 26 34 0
1 513 0 10 14 78 5728 16621 11 1 140 0.26 28 40 0
1 513 0 10 14 78 5728 16621 10 1 140 0.19 27 44 0
1 513 0 10 14 78 5728 16621 8 2 140 0.21 27 48 0
1 513 0 10 14 78 5728 16621 9 2 140 0.14 25 33 0
1 513 0 10 14 78 5728 16621 7 1 140 0.15 23 32 0
1 513 0 10 14 78 5728 16621 7 2 140 0.12 21 31 0
1 513 0 10 14 78 5728 16621 10 1 140 0.14 24 30 0
1 513 0 10 14 78 5728 16621 12 2 140 0.33 31 29 0
1 513 0 10 14 78 5728 16621 11 1 140 0.18 26 28 0
1 513 0 10 14 78 5728 16621 11 2 140 0.41 33 27 0
1 513 0 10 14 78 5728 16621 5 1 140 0.1 20 26 0
1 513 0 10 14 78 5728 16621 7 2 140 0.21 26 25 0
1 513 0 10 14 78 5728 16621 10 1 140 0.21 27 24 0
1 513 0 10 16 78 5721 16631 9 1 140 0.27 28 105 0
1 513 0 10 16 78 5721 16631 12 2 140 0.21 29 104 0
1 513 0 10 16 78 5721 16631 8 1 140 0.13 22 103 0
1 513 0 10 16 78 5721 16631 6 2 140 0.11 22 102 0
1 513 0 10 16 78 5721 16631 7 1 140 0.13 23 101 0
1 513 0 10 16 78 5721 16631 8 2 140 0.28 29 100 0
1 513 0 10 16 78 5721 16631 8 2 140 0.13 22 98 0
1 513 0 10 16 78 5721 16631 13 2 140 0.35 31 97 0
1 513 0 10 16 78 5721 16631 11 2 140 0.3 29 96 0
1 513 0 10 16 78 5721 16631 7 1 140 0.12 23 94 0
1 513 0 10 16 78 5721 16631 7 2 140 0.12 22 93 0
1 513 0 10 16 78 5721 16631 10 2 140 0.14 23 92 0
1 513 0 10 16 78 5721 16631 8 2 140 0.15 24 90 0
1 513 0 10 16 78 5721 16631 6 2 140 0.12 23 89 0
1 513 0 10 16 78 5721 16631 9 2 140 0.25 27 88 0
1 513 0 10 16 78 5721 16631 10 2 140 0.28 30 60 0
1 513 0 10 16 78 5721 16631 9 2 140 0.15 24 79 0
1 513 0 10 16 78 5721 16631 11 2 140 0.35 31 83 0
1 513 0 10 16 78 5721 16631 8 2 140 0.16 24 87 0
1 513 0 10 16 78 5721 16631 7 1 140 0.17 24 91 0
1 513 0 10 16 78 5721 16631 8 1 140 0.11 23 95 0
1 513 0 10 16 78 5721 16631 7 1 140 0.15 24 99 0
1 513 0 10 16 78 5721 16631 10 2 140 0.2 27 86 0
1 513 0 10 16 78 5721 16631 10 1 140 0.24 26 85 0
1 513 0 10 16 78 5721 16631 9 2 140 0.26 27 84 0
1 513 0 10 16 78 5721 16631 8 1 140 0.2 28 82 0
1 513 0 10 16 78 5721 16631 7 1 140 0.14 23 81 0
1 513 0 10 16 78 5721 16631 8 1 140 0.13 22 80 0
1 513 0 10 16 78 5721 16631 12 2 140 0.34 33 78 0
1 513 0 10 16 78 5721 16631 11 1 140 0.24 26 77 0
1 513 0 10 16 78 5721 16631 14 2 140 0.43 35 76 0
1 513 0 10 16 78 5721 16631 8 2 140 0.13 21 75 0
1 513 0 10 16 78 5721 16631 11 1 140 0.15 24 74 0
1 513 0 10 16 78 5721 16631 13 2 140 0.39 34 73 0
1 513 0 10 16 78 5721 16631 11 2 140 0.18 26 72 0
1 513 0 10 16 78 5721 16631 10 2 140 0.24 26 71 0
1 513 0 10 16 78 5721 16631 8 1 140 0.14 24 70 0
1 513 0 10 16 78 5721 16631 10 2 140 0.13 23 69 0
1 513 0 10 16 78 5721 16631 7 1 140 0.14 22 68 0
1 513 0 10 16 78 5721 16631 10 1 140 0.28 30 67 0
1 513 0 10 16 78 5721 16631 8 2 140 0.15 23 66 0
1 513 0 10 16 78 5721 16631 9 2 140 0.31 30 65 0
1 513 0 10 16 78 5721 16631 9 2 140 0.21 24 64 0
1 513 0 10 16 78 5721 16631 8 2 140 0.14 23 63 0
1 513 0 10 16 78 5721 16631 9 2 140 0.17 24 62 0
1 513 0 10 16 78 5721 16631 5 2 140 0.06 19 61 0
1 509 0 11 12 78 5707 16445 14 2 140 0.4 33 150 2
1 509 0 11 12 78 5707 16445 14 2 140 0.57 34 151 2
1 509 0 11 12 78 5707 16445 12 2 140 0.45 34 149 2
1 513 0 11 16 78 5652 16506 5 1 140 0.07 19 170 0
1 513 0 11 16 78 5652 16506 4 1 140 0.07 19 169 0
1 513 0 11 16 78 5652 16506 5 2 140 0.07 18 167 0
1 513 0 11 16 78 5652 16506 5 1 140 0.08 19 166 0
1 513 0 11 16 78 5652 16506 5 2 140 0.07 18 165 0
1 513 0 11 16 78 5652 16506 5 1 140 0.08 19 164 0
1 513 0 11 16 78 5652 16506 14 1 140 0.42 33 163 0
1 513 0 11 16 78 5652 16506 12 2 140 0.4 33 162 0
1 513 0 11 16 78 5652 16506 14 2 140 0.39 33 161 0
1 513 0 11 16 78 5652 16506 13 2 140 0.5 33 160 0
1 513 0 11 16 78 5652 16506 13 2 140 0.49 33 159 0
1 513 0 12 3 78 5653 16515 5 1 140 0.1 18 185 0
1 513 0 12 3 78 5653 16515 15 2 140 0.7 37 184 0
1 513 0 12 3 78 5653 16515 17 2 140 0.6 35 183 0
1 513 0 12 4 78 5654 16521 11 1 140 0.35 32 187 0
1 513 0 12 4 78 5654 16521 5 1 140 0.1 19 186 0
1 513 0 12 5 78 5656 16520 10 1 140 0.1 19 189 0
1 513 0 12 5 78 5656 16520 12 1 140 0.35 31 188 0
1 513 0 12 5 78 5656 16520 17 2 140 0.6 38 190 0
1 509 0 12 6 78 5657 16455 13 2 140 0.55 35 192 0
1 509 0 12 6 78 5657 16455 17 2 140 0.65 37 191 0
1 513 0 12 9 78 5700 16553 16 1 140 0.35 31 198 0
1 513 0 12 9 78 5700 16553 16 2 140 0.6 36 196 0
1 513 0 12 9 78 5700 16553 11 1 140 0.5 33 197 0
1 513 0 9 29 78 5749 16715 9 1 140 0.16 24 147 0
1 513 0 10 15 78 5719 16624 17 2 140 0.55 34 151 0
1 513 0 10 15 78 5719 16624 5 1 140 0.05 19 152 0
1 513 0 11 16 78 5704 16509 11 2 140 0.35 31 79 0
1 513 0 11 16 78 5704 16509 11 2 140 0.2 25 77 0
1 513 0 11 16 78 5704 16509 11 2 140 0.47 33 76 0
1 513 0 11 16 78 5704 16509 9 2 140 0.15 23 75 0
1 513 0 11 16 78 5704 16509 18 2 140 0.4 31 73 0
1 513 0 11 16 78 5704 16509 11 2 140 0.27 27 72 0
1 513 0 11 16 78 5704 16509 11 2 140 0.3 28 71 0
1 513 0 11 16 78 5704 16509 10 2 140 0.15 24 69 0
1 513 0 11 16 78 5704 16509 9 2 140 0.2 26 68 0
1 513 0 11 16 78 5704 16509 11 2 140 0.35 30 70 0
1 513 0 11 16 78 5704 16509 10 2 140 0.35 29 74 0
1 513 0 11 16 78 5704 16509 9 2 140 0.1 20 78 0
1 513 0 11 16 78 5704 16509 13 2 140 0.35 31 67 0
1 513 0 11 16 78 5704 16509 8 2 140 0.2 26 66 0
1 513 0 11 16 78 5704 16509 11 2 140 0.45 33 65 0
1 513 0 11 16 78 5704 16509 8 1 140 0.15 24 64 0
1 513 0 11 16 78 5704 16509 11 1 140 0.15 24 63 0
1 513 0 11 16 78 5704 16509 10 1 140 0.15 24 62 0
1 513 0 11 16 78 5704 16509 12 1 140 0.2 26 61 0
1 513 0 11 16 78 5704 16509 13 1 140 0.25 29 50 0
1 513 0 11 16 78 5704 16509 13 1 140 0.3 30 60 0
1 513 0 11 16 78 5704 16509 13 1 140 0.2 26 59 0
1 513 0 11 16 78 5704 16509 11 1 140 0.2 26 58 0
1 513 0 11 16 78 5704 16509 6 1 140 0.1 21 57 0
1 513 0 11 16 78 5704 16509 13 1 140 0.25 27 56 0
1 513 0 11 16 78 5704 16509 14 1 140 0.25 27 55 0
1 513 0 11 16 78 5704 16509 12 1 140 0.25 28 54 0
1 513 0 11 16 78 5704 16509 11 1 140 0.2 26 53 0
1 513 0 11 16 78 5704 16509 11 1 140 0.15 25 52 0
1 513 0 11 16 78 5704 16509 12 1 140 0.25 29 51 0
1 513 0 11 18 78 5702 16513 8 2 140 0.1 21 103 0
1 513 0 11 18 78 5702 16513 9 2 140 0.25 27 102 0
1 513 0 11 18 78 5702 16513 11 2 140 0.17 25 101 0
1 513 0 11 18 78 5702 16513 7 2 140 0.1 22 100 0
1 513 0 11 18 78 5702 16513 13 2 140 0.25 28 99 0
1 513 0 11 18 78 5702 16513 8 2 140 0.15 24 98 0
1 513 0 11 18 78 5702 16513 9 2 140 0.2 27 97 0
1 513 0 11 18 78 5702 16513 10 1 140 0.1 23 82 0
1 513 0 11 18 78 5702 16513 13 1 140 0.35 31 86 0
1 513 0 11 18 78 5702 16513 8 1 140 0.1 23 90 0
1 513 0 11 18 78 5702 16513 10 2 140 0.1 21 96 0
1 513 0 11 18 78 5702 16513 5 2 140 0.1 21 95 0
1 513 0 11 18 78 5702 16513 11 2 140 0.3 28 94 0
1 513 0 11 18 78 5702 16513 9 2 140 0.15 24 93 0
1 513 0 11 18 78 5702 16513 9 2 140 0.15 23 92 0
1 513 0 11 18 78 5702 16513 11 1 140 0.25 29 91 0
1 513 0 11 18 78 5702 16513 8 1 140 0.1 23 89 0
1 513 0 11 18 78 5702 16513 8 1 140 0.05 21 88 0
1 513 0 11 18 78 5702 16513 11 1 140 0.2 27 87 0
1 513 0 11 18 78 5702 16513 14 1 140 0.2 28 85 0
1 513 0 11 18 78 5702 16513 13 1 140 0.2 28 84 0
1 513 0 11 18 78 5702 16513 13 1 140 0.1 24 83 0
1 513 0 11 18 78 5702 16513 12 1 140 0.2 26 81 0
1 513 0 11 18 78 5702 16513 8 1 140 0.05 20 80 0
1 513 0 11 20 78 5706 16648 11 1 140 0.25 29 148 0
1 513 0 11 20 78 5706 16648 10 1 140 0.25 29 147 0
1 513 0 11 20 78 5706 16648 10 1 140 0.3 30 146 0
1 513 0 11 20 78 5706 16648 13 1 140 0.3 30 145 0
1 513 0 11 20 78 5706 16648 15 1 140 0.35 32 144 0
1 513 0 11 20 78 5706 16648 12 2 140 0.3 30 143 0
1 513 0 11 20 78 5706 16648 11 2 140 0.35 31 142 0
1 513 0 11 20 78 5706 16648 12 2 140 0.35 31 141 0
1 513 0 11 20 78 5706 16648 13 2 140 0.48 34 140 0
1 513 0 11 20 78 5706 16648 11 2 140 0.3 30 139 0
1 513 0 11 20 78 5706 16648 16 2 140 0.7 36 138 0
1 513 0 11 20 78 5706 16648 11 2 140 0.3 30 137 0
1 513 0 11 20 78 5706 16648 14 2 140 0.45 33 136 0
1 513 0 11 22 78 5705 16610 8 1 140 0.1 20 151 0
1 513 0 11 23 78 5709 16611 12 1 140 0.4 32 153 0
1 513 0 11 23 78 5709 16611 16 2 140 0.6 34 155 0
1 513 0 11 23 78 5709 16611 5 2 140 0.1 19 154 0
1 513 0 11 23 78 5709 16611 5 1 140 0.1 20 152 0
1 513 0 9 22 78 5752 16734 12 1 140 0.25 29 117 0
1 513 0 9 22 78 5752 16734 15 2 140 0.41 33 121 0
1 513 0 9 22 78 5752 16734 13 1 140 0.38 33 114 0
1 513 0 9 22 78 5752 16734 10 1 140 0.31 30 115 0
1 513 0 9 22 78 5752 16734 8 1 140 0.11 21 116 0
1 513 0 9 22 78 5752 16734 10 1 140 0.36 33 118 0
1 513 0 9 22 78 5752 16734 15 2 140 0.45 35 119 2
1 513 0 9 22 78 5752 16734 12 2 140 0.39 33 120 0
1 513 0 9 22 78 5752 16734 10 2 140 0.34 32 122 0
1 513 0 9 22 78 5752 16734 7 2 140 0.11 22 123 0
1 513 0 11 25 78 5716 16503 12 1 140 0.45 34 160 0
1 513 0 11 25 78 5716 16503 15 2 140 0.6 36 157 0
1 513 0 11 25 78 5716 16503 6 1 140 0.1 19 159 0
1 513 0 11 25 78 5716 16503 5 2 140 0.1 19 158 0
1 513 0 11 25 78 5716 16503 11 2 140 0.6 36 156 0
1 509 0 11 27 78 5708 16443 7 2 140 0.08 19 167 0
1 509 0 11 27 78 5708 16443 15 2 140 0.6 36 165 0
1 509 0 11 27 78 5708 16443 10 2 140 0.4 32 166 0
1 513 0 11 28 78 5707 16504 15 1 140 0.4 31 171 0
1 513 0 11 28 78 5707 16504 13 2 140 0.45 32 170 0
1 513 0 11 28 78 5707 16504 9 2 140 0.1 22 169 0
1 513 0 11 28 78 5707 16504 17 2 140 0.6 36 168 0
1 513 0 11 29 78 5710 16509 4 2 140 0.1 18 176 0
1 513 0 11 29 78 5710 16509 12 2 140 0.4 32 175 0
1 513 0 11 29 78 5710 16509 12 2 140 0.4 32 174 0
1 513 0 11 29 78 5710 16509 13 2 140 0.6 35 173 0
1 513 0 11 29 78 5710 16509 16 2 140 0.4 32 172 0
1 513 0 12 2 78 5652 16519 5 2 140 0.07 18 182 0
1 513 0 12 2 78 5652 16519 5 2 140 0.1 19 181 0
1 513 0 12 2 78 5652 16519 7 2 140 0.07 18 180 0
1 513 0 11 5 78 5707 16512 5 2 140 0.06 19 118 0
1 513 0 11 5 78 5707 16512 6 1 140 0.05 18 117 0
1 513 0 11 5 78 5707 16512 5 2 140 0.06 20 116 0
1 513 0 11 5 78 5707 16512 6 2 140 0.1 23 113 0
1 513 0 11 5 78 5707 16512 10 2 140 0.37 32 112 0
1 513 0 11 5 78 5707 16512 5 2 140 0.1 22 105 0
1 513 0 11 5 78 5707 16512 9 2 140 0.14 24 109 0
1 513 0 11 5 78 5707 16512 10 2 140 0.47 34 114 0
1 513 0 11 5 78 5707 16512 11 1 140 0.35 32 111 0
1 513 0 11 5 78 5707 16512 4 2 140 0.09 22 110 0
1 513 0 11 5 78 5707 16512 10 2 140 0.23 27 108 0
1 513 0 11 5 78 5707 16512 7 2 140 0.08 21 107 0
1 513 0 11 5 78 5707 16512 8 2 140 0.16 25 106 0
1 513 0 11 5 78 5707 16512 9 2 140 0.27 29 104 0
1 513 0 11 5 78 5707 16512 8 2 140 0.14 24 103 0
1 513 0 11 5 78 5707 16512 7 2 140 0.16 25 101 0
1 513 0 11 5 78 5707 16512 8 2 140 0.19 27 102 0
1 513 0 9 10 78 5737 16724 10 2 140 0.25 28 250 0
1 513 0 9 10 78 5737 16724 10 1 140 0.2 24 249 0
1 513 0 9 10 78 5737 16724 7 2 140 0.16 23 248 0
1 513 0 9 10 78 5737 16724 10 2 140 0.33 30 247 0
1 513 0 9 10 78 5737 16724 8 1 140 0.18 24 245 0
1 513 0 9 10 78 5737 16724 7 2 140 0.19 24 244 0
1 513 0 9 10 78 5737 16724 11 2 140 0.41 32 243 0
1 513 0 9 10 78 5737 16724 8 2 140 0.2 25 241 0
1 513 0 9 10 78 5737 16724 7 2 140 0.16 22 240 0
1 513 0 9 10 78 5737 16724 8 1 140 0.15 23 234 0
1 513 0 9 10 78 5737 16724 13 2 140 0.3 29 238 0
1 513 0 9 10 78 5737 16724 13 1 140 0.22 27 242 0
1 513 0 9 10 78 5737 16724 7 2 140 0.1 19 246 0
1 513 0 9 10 78 5737 16724 11 1 140 0.23 26 239 0
1 513 0 9 10 78 5737 16724 9 2 140 0.12 21 237 0
1 513 0 9 10 78 5737 16724 8 1 140 0.16 24 236 0
1 513 0 9 10 78 5737 16724 7 2 140 0.14 22 235 0
1 513 0 9 10 78 5737 16724 8 2 140 0.2 25 233 0
1 513 0 9 10 78 5737 16724 11 1 140 0.22 26 232 0
1 513 0 9 10 78 5737 16724 7 2 140 0.14 22 231 0
1 534 0 10 1 78 5800 16650 10 2 140 0.45 32 114 0
1 534 0 10 1 78 5800 16650 7 1 140 0.11 21 116 0
1 534 0 10 1 78 5800 16650 14 1 140 0.31 31 120 0
1 534 0 10 1 78 5800 16650 6 2 140 0.12 20 113 0
1 534 0 10 1 78 5800 16650 5 1 140 0.1 20 117 0
1 534 0 10 1 78 5800 16650 15 1 140 0.33 30 119 0
1 534 0 10 1 78 5800 16650 5 1 140 0.07 18 118 0
1 534 0 10 1 78 5800 16650 4 1 140 0.06 17 115 0
1 534 0 10 1 78 5800 16650 10 2 140 0.45 33 112 0
1 513 0 9 27 78 5733 16708 5 2 140 0.09 19 221 0
1 513 0 9 27 78 5733 16708 9 2 140 0.21 25 222 0
1 513 0 9 27 78 5733 16708 8 2 140 0.17 24 223 0
1 513 0 9 27 78 5733 16708 8 2 140 0.13 21 224 0
1 513 0 9 27 78 5733 16708 5 2 140 0.08 19 225 0
1 513 0 9 27 78 5733 16708 7 1 140 0.18 24 226 0
1 513 0 9 27 78 5733 16708 9 1 140 0.16 22 228 0
1 513 0 9 27 78 5733 16708 5 2 140 0.1 19 229 0
1 513 0 9 27 78 5733 16708 8 2 140 0.13 21 230 0
1 513 0 9 27 78 5733 16708 8 2 140 0.13 21 227 0
1 513 0 9 30 78 5740 16707 10 2 140 0.28 28 193 0
1 513 0 9 30 78 5740 16707 9 1 140 0.25 28 194 0
1 513 0 9 30 78 5740 16707 8 1 140 0.1 20 200 0
1 513 0 9 30 78 5740 16707 8 2 140 0.13 22 201 0
1 513 0 9 30 78 5740 16707 12 2 140 0.36 30 197 0
1 513 0 9 30 78 5740 16707 11 2 140 0.31 28 196 0
1 513 0 9 30 78 5740 16707 10 2 140 0.29 29 219 0
1 513 0 9 30 78 5740 16707 8 1 140 0.2 24 220 0
1 513 0 9 30 78 5740 16707 13 2 140 0.37 31 211 0
1 513 0 9 30 78 5740 16707 6 1 140 0.12 21 212 0
1 513 0 9 30 78 5740 16707 8 2 140 0.1 20 213 0
1 513 0 9 30 78 5740 16707 8 1 140 0.14 23 214 0
1 513 0 9 30 78 5740 16707 11 1 140 0.26 28 215 0
1 513 0 9 30 78 5740 16707 11 1 140 0.25 26 216 0
1 513 0 9 30 78 5740 16707 12 2 140 0.32 31 217 0
1 513 0 9 30 78 5740 16707 13 2 140 0.35 30 202 0
1 513 0 9 30 78 5740 16707 9 1 140 0.27 29 204 0
1 513 0 9 30 78 5740 16707 11 2 140 0.38 32 205 0
1 513 0 9 30 78 5740 16707 8 2 140 0.1 20 206 0
1 513 0 9 30 78 5740 16707 11 2 140 0.32 30 207 0
1 513 0 9 30 78 5740 16707 12 2 140 0.24 28 208 0
1 513 0 9 30 78 5740 16707 9 2 140 0.12 22 209 0
1 513 0 9 30 78 5740 16707 11 2 140 0.28 28 210 0
1 513 0 9 30 78 5740 16707 13 2 140 0.52 34 191 0
1 513 0 9 30 78 5740 16707 12 1 140 0.25 28 195 0
1 513 0 9 30 78 5740 16707 12 2 140 0.41 32 199 0
1 513 0 9 30 78 5740 16707 14 2 140 0.4 33 203 0
1 513 0 9 30 78 5740 16707 9 1 140 0.12 22 192 0
1 513 0 10 1 78 5747 16705 14 1 140 0.44 36 173 0
1 513 0 10 1 78 5747 16705 12 1 140 0.38 32 172 0
1 513 0 10 1 78 5747 16705 17 1 140 0.3 31 177 0
1 513 0 10 1 78 5747 16705 11 2 140 0.32 31 183 0
1 513 0 10 1 78 5747 16705 6 1 140 0.1 21 186 0
1 513 0 10 1 78 5747 16705 15 2 140 0.32 31 190 0
1 513 0 10 1 78 5747 16705 8 1 140 0.12 22 184 0
1 513 0 10 1 78 5747 16705 14 1 140 0.35 30 185 0
1 513 0 10 1 78 5747 16705 7 1 140 0.11 22 187 0
1 513 0 10 1 78 5747 16705 8 1 140 0.26 29 188 0
1 513 0 10 1 78 5747 16705 14 2 140 0.61 35 189 0
1 513 0 10 1 78 5747 16705 16 1 140 0.33 31 174 0
1 513 0 10 1 78 5747 16705 14 1 140 0.27 30 178 0
1 513 0 10 1 78 5747 16705 13 2 140 0.46 33 182 0
1 513 0 10 1 78 5747 16705 12 2 140 0.42 33 180 0
1 513 0 10 1 78 5747 16705 8 1 140 0.09 21 181 0
1 513 0 10 1 78 5747 16705 5 2 140 0.07 19 179 0
1 513 0 10 1 78 5747 16705 4 2 140 0.06 18 176 0
1 513 0 10 1 78 5747 16705 13 1 140 0.37 32 171 0
1 513 0 8 22 78 5746 16642 8 2 140 0.2 26 292 0
1 513 0 8 22 78 5746 16642 9 1 140 0.2 26 293 0
1 513 0 8 22 78 5746 16642 8 2 140 0.25 26 294 0
1 513 0 8 22 78 5746 16642 10 1 140 0.3 29 295 0
1 513 0 8 22 78 5746 16642 9 1 140 0.2 27 296 0
1 513 0 8 22 78 5746 16642 10 1 140 0.2 25 297 0
1 513 0 8 22 78 5746 16642 11 2 140 0.25 26 298 0
1 513 0 8 22 78 5746 16642 11 1 140 0.3 30 300 0
1 513 0 8 22 78 5746 16642 11 2 140 0.25 28 299 0
1 513 0 8 22 78 5746 16642 9 2 140 0.2 24 291 0
1 513 0 9 22 78 5745 16717 9 1 140 0.21 25 64 0
1 513 0 9 22 78 5745 16717 8 1 140 0.1 21 65 0
1 513 0 9 22 78 5745 16717 11 1 140 0.28 29 63 0
1 513 0 9 22 78 5745 16717 11 2 140 0.33 31 66 0
1 513 0 9 22 78 5745 16717 9 1 140 0.19 26 71 0
1 513 0 9 22 78 5745 16717 10 1 140 0.18 26 73 0
1 513 0 9 22 78 5745 16717 10 1 140 0.15 23 77 0
1 513 0 9 22 78 5745 16717 5 2 140 0.09 21 72 0
1 513 0 9 22 78 5745 16717 9 1 140 0.14 24 74 0
1 513 0 9 22 78 5745 16717 8 1 140 0.2 26 75 0
1 513 0 9 22 78 5745 16717 10 1 140 0.15 24 76 0
1 513 0 9 22 78 5745 16717 11 2 140 0.3 30 78 0
1 513 0 9 22 78 5745 16717 10 2 140 0.33 31 79 0
1 513 0 9 22 78 5745 16717 13 2 140 0.33 31 80 0
1 513 0 9 22 78 5745 16717 10 2 140 0.16 25 69 0
1 513 0 9 22 78 5745 16717 8 2 140 0.08 21 68 0
1 513 0 9 22 78 5745 16717 11 2 140 0.21 24 67 0
1 513 0 9 22 78 5745 16717 9 1 140 0.17 24 61 0
1 513 0 10 15 78 5724 16638 5 2 140 0.06 19 59 0
1 513 0 10 15 78 5724 16638 5 2 140 0.06 18 58 0
1 513 0 10 15 78 5724 16638 8 2 140 0.11 20 57 0
1 513 0 10 15 78 5724 16638 14 2 140 0.42 34 52 0
1 513 0 10 15 78 5724 16638 12 2 140 0.58 36 56 0
1 513 0 10 15 78 5724 16638 4 2 140 0.06 19 55 0
1 513 0 10 15 78 5724 16638 8 1 140 0.12 22 54 0
1 513 0 10 15 78 5724 16638 9 2 140 0.2 26 53 0
1 513 0 10 18 78 5722 16639 8 2 140 0.09 20 120 0
1 513 0 10 18 78 5722 16639 5 2 140 0.08 20 119 0
1 513 0 10 18 78 5722 16639 10 2 140 0.4 33 118 0
1 513 0 10 18 78 5722 16639 6 2 140 0.09 20 117 0
1 513 0 10 18 78 5722 16639 10 2 140 0.36 31 116 0
1 513 0 10 18 78 5722 16639 6 1 140 0.09 21 115 0
1 513 0 10 18 78 5722 16639 10 1 140 0.26 30 114 0
1 513 0 10 18 78 5722 16639 11 2 140 0.34 32 113 0
1 513 0 10 18 78 5722 16639 8 2 140 0.11 22 112 0
1 513 0 10 18 78 5722 16639 7 2 140 0.11 22 111 0
1 513 0 10 18 78 5722 16639 12 2 140 0.5 33 110 0
1 513 0 10 18 78 5722 16639 9 1 140 0.27 28 109 0
1 513 0 10 18 78 5722 16639 10 1 140 0.26 28 108 0
1 513 0 10 18 78 5722 16639 12 2 140 0.36 31 107 0
1 513 0 10 18 78 5722 16639 9 2 140 0.25 29 106 0
1 509 0 10 19 78 5713 16454 16 2 140 1.06 41 128 2
1 509 0 10 19 78 5713 16454 6 1 140 0.09 20 126 0
1 509 0 10 19 78 5713 16454 11 2 140 0.4 32 125 0
1 509 0 10 19 78 5713 16454 11 2 140 0.46 33 127 0
1 509 0 10 19 78 5713 16454 8 2 140 0.12 21 123 0
1 509 0 10 19 78 5713 16454 7 2 140 0.12 21 124 0
1 509 0 10 19 78 5713 16454 15 1 140 0.34 30 122 0
1 509 0 10 19 78 5713 16454 7 2 140 0.13 21 121 0
1 509 0 10 20 78 5713 16424 8 1 140 0.12 21 132 0
1 509 0 10 20 78 5713 16424 8 1 140 0.1 21 130 0
1 509 0 10 20 78 5713 16424 14 2 140 0.45 32 131 0
1 509 0 10 20 78 5713 16424 7 1 140 0.13 21 129 0
1 509 0 10 21 78 5714 16426 11 1 140 0.34 31 134 0
1 509 0 10 21 78 5714 16426 11 2 140 0.36 32 135 0
1 509 0 10 21 78 5714 16426 11 2 140 0.38 32 133 0
1 513 0 9 25 78 5735 16658 10 1 140 0.26 29 81 0
1 513 0 9 25 78 5735 16658 5 2 140 0.14 23 85 0
1 513 0 9 25 78 5735 16658 11 2 140 0.3 30 89 0
1 513 0 9 25 78 5735 16658 7 1 140 0.15 23 93 0
1 513 0 9 25 78 5735 16658 6 1 140 0.13 23 94 0
1 513 0 9 25 78 5735 16658 14 2 140 0.4 32 95 0
1 513 0 9 25 78 5735 16658 8 2 140 0.15 23 96 0
1 513 0 9 25 78 5735 16658 8 2 140 0.11 22 97 0
1 513 0 9 25 78 5735 16658 7 2 140 0.1 21 98 0
1 513 0 9 25 78 5735 16658 7 1 140 0.12 22 99 0
1 513 0 9 25 78 5735 16658 7 1 140 0.13 22 100 0
1 513 0 9 25 78 5735 16658 8 1 140 0.1 22 91 0
1 513 0 9 25 78 5735 16658 8 1 140 0.11 22 92 0
1 513 0 9 25 78 5735 16658 6 2 140 0.1 21 90 0
1 513 0 9 25 78 5735 16658 12 1 140 0.38 31 84 0
1 513 0 9 25 78 5735 16658 9 1 140 0.14 23 86 0
1 513 0 9 25 78 5735 16658 10 2 140 0.34 30 88 0
1 513 0 9 25 78 5735 16658 7 2 140 0.13 23 87 0
1 513 0 9 25 78 5735 16658 10 2 140 0.34 31 83 0
1 513 0 9 26 78 5731 16723 5 1 140 0.09 20 111 0
1 513 0 9 26 78 5731 16723 5 1 140 0.08 19 112 0
1 513 0 9 26 78 5731 16723 5 1 140 0.1 20 113 0
1 513 0 9 26 78 5731 16723 5 1 140 0.12 22 110 0
1 513 0 9 26 78 5731 16723 5 2 140 0.12 22 108 0
1 513 0 9 26 78 5731 16723 5 1 140 0.09 20 109 0
1 513 0 9 26 78 5731 16723 6 1 140 0.1 20 107 0
1 513 0 9 26 78 5731 16723 9 2 140 0.1 22 103 0
1 513 0 9 26 78 5731 16723 12 1 140 0.34 32 104 0
1 513 0 9 26 78 5731 16723 11 2 140 0.4 34 106 0
1 513 0 9 26 78 5731 16723 13 2 140 0.45 33 105 0
1 513 0 9 26 78 5731 16723 12 2 140 0.39 32 102 0
1 513 0 9 26 78 5731 16723 7 2 140 0.14 23 101 0
1 513 0 9 27 78 5733 16700 11 1 140 0.25 29 114 0
1 513 0 9 27 78 5733 16700 13 2 140 0.31 31 118 0
1 513 0 9 27 78 5733 16700 10 1 140 0.25 29 115 0
1 513 0 9 27 78 5733 16700 17 2 140 0.5 36 117 0
1 513 0 9 27 78 5733 16700 6 2 140 0.11 21 119 0
1 513 0 9 27 78 5733 16700 8 2 140 0.1 20 120 0
1 513 0 11 9 78 5709 16618 9 1 140 0.11 21 125 0
1 513 0 11 9 78 5709 16618 10 1 140 0.26 30 124 0
1 513 0 11 9 78 5709 16618 7 1 140 0.1 21 123 0
1 513 0 11 9 78 5709 16618 9 1 140 0.32 31 122 0
1 513 0 11 9 78 5709 16618 7 2 140 0.1 21 121 0
1 513 0 11 9 78 5709 16618 5 2 140 0.11 20 120 0
1 513 0 11 10 78 5659 16513 6 3 140 0.05 18 131 0
1 513 0 11 10 78 5659 16513 18 3 140 0.52 38 130 0
1 513 0 11 10 78 5659 16513 14 3 140 0.59 38 129 0
1 513 0 11 10 78 5659 16513 4 3 140 0.05 18 127 0
1 513 0 11 10 78 5659 16513 6 3 140 0.08 20 126 0
1 509 0 11 11 78 5658 16456 10 2 140 0.23 29 140 0
1 509 0 11 11 78 5658 16456 11 2 140 0.29 31 139 0
1 509 0 11 11 78 5658 16456 5 2 140 0.06 19 138 0
1 509 0 11 11 78 5658 16456 7 2 140 0.15 25 136 0
1 509 0 11 11 78 5658 16456 13 2 140 0.5 38 137 0
1 509 0 11 11 78 5658 16456 9 1 140 0.29 32 135 0
1 509 0 11 11 78 5658 16456 6 1 140 0.07 20 134 0
1 509 0 11 11 78 5658 16456 13 2 140 0.62 38 133 0
1 509 0 11 11 78 5658 16456 4 1 140 0.05 20 132 0
1 513 0 10 27 78 5721 16639 7 1 140 0.06 20 173 2
1 513 0 10 27 78 5721 16639 6 2 140 0.09 20 174 2
1 513 0 10 27 78 5721 16639 6 1 140 0.08 20 175 2
1 513 0 10 27 78 5721 16639 8 1 140 0.09 20 176 2
1 513 0 10 27 78 5721 16639 7 2 140 0.09 20 177 2
1 513 0 10 27 78 5721 16639 6 2 140 0.1 21 178 2
1 513 0 10 27 78 5721 16639 12 2 140 0.67 38 179 2
1 513 0 10 27 78 5721 16639 5 1 140 0.41 33 180 2
1 513 0 10 13 78 5720 16631 12 2 140 0.28 28 23 0
1 513 0 10 13 78 5720 16631 8 1 140 0.18 25 22 0
1 513 0 10 13 78 5720 16631 10 1 140 0.21 27 20 0
1 513 0 10 13 78 5720 16631 7 2 140 0.17 25 19 0
1 513 0 10 13 78 5720 16631 9 1 140 0.24 27 18 0
1 513 0 10 13 78 5720 16631 11 1 140 0.2 29 5 0
1 513 0 10 13 78 5720 16631 8 2 140 0.14 22 9 0
1 513 0 10 13 78 5720 16631 6 2 140 0.11 20 13 0
1 513 0 10 13 78 5720 16631 8 1 140 0.2 25 17 0
1 513 0 10 13 78 5720 16631 9 2 140 0.3 28 21 0
1 513 0 10 13 78 5720 16631 10 1 140 0.25 27 16 0
1 513 0 10 13 78 5720 16631 6 1 140 0.12 21 15 0
1 513 0 10 13 78 5720 16631 9 2 140 0.3 28 14 0
1 513 0 10 13 78 5720 16631 11 2 140 0.26 30 12 0
1 513 0 10 13 78 5720 16631 12 2 140 0.26 30 11 0
1 513 0 10 13 78 5720 16631 10 2 140 0.2 26 10 0
1 513 0 10 13 78 5720 16631 9 1 140 0.16 25 8 0
1 513 0 10 13 78 5720 16631 8 2 140 0.19 26 7 0
1 513 0 10 13 78 5720 16631 10 1 140 0.33 30 6 0
1 513 0 10 13 78 5720 16631 11 1 140 0.3 29 4 0
1 513 0 10 13 78 5720 16631 9 2 140 0.25 29 3 0
1 513 0 10 13 78 5720 16631 7 1 140 0.2 26 2 0
1 513 0 10 13 78 5720 16631 9 2 140 0.26 30 1 0
1 513 0 11 23 78 5701 16646 10 1 140 0.48 33 163 0
1 509 0 11 17 78 5701 16448 14 2 140 0.61 37 176 0
1 509 0 11 17 78 5701 16448 15 2 140 0.5 35 175 0
1 509 0 11 17 78 5701 16448 11 1 140 0.32 31 173 0
1 509 0 11 17 78 5701 16448 5 1 140 0.05 18 172 0
1 509 0 11 17 78 5701 16448 7 1 140 0.07 19 171 0
1 513 0 11 11 78 5659 16525 12 1 140 0.38 32 137 0
1 513 0 11 11 78 5659 16525 8 1 140 0.08 20 136 0
1 513 0 11 12 78 5659 16523 7 2 140 0.06 19 141 0
1 513 0 11 12 78 5659 16523 7 1 140 0.07 19 140 0
1 513 0 11 12 78 5659 16523 5 1 140 0.08 20 139 0
1 513 0 11 12 78 5659 16523 14 1 140 0.54 38 138 0
1 513 0 11 13 78 5655 16530 7 1 140 0.07 19 146 2
1 513 0 11 13 78 5655 16530 12 2 140 0.53 35 145 0
1 513 0 11 13 78 5655 16530 10 1 140 0.31 31 144 0
1 513 0 11 13 78 5655 16530 11 1 140 0.34 31 143 0
1 513 0 11 13 78 5655 16530 12 1 140 0.32 31 142 0
1 513 0 11 14 78 5730 16656 5 2 140 0.07 18 148 0
1 513 0 11 14 78 5730 16656 12 1 140 0.37 31 147 0
1 513 0 11 16 78 5721 16633 6 1 140 0.07 19 152 0
1 513 0 11 16 78 5721 16633 6 2 140 0.07 19 151 0
1 513 0 11 16 78 5721 16633 5 1 140 0.07 19 150 0
1 513 0 11 16 78 5721 16633 5 1 140 0.08 19 149 0
1 513 0 11 26 78 5740 16555 5 2 140 0.08 18 182 0
1 513 0 11 26 78 5740 16555 11 2 140 0.63 39 181 2
1 513 0 11 26 78 5740 16555 11 2 140 0.48 35 180 2
1 513 0 11 26 78 5740 16555 15 2 140 0.47 35 179 2
1 513 0 11 26 78 5740 16555 16 2 140 0.51 35 177 2
1 513 0 11 17 78 5714 16629 5 2 140 0.07 18 153 0
1 513 0 11 19 78 5716 16656 4 1 140 0.06 18 156 0
1 513 0 11 19 78 5716 16656 14 2 140 0.52 36 154 0
1 513 0 11 19 78 5716 16656 13 1 140 0.51 34 155 0
1 513 0 11 27 78 5729 16620 4 2 140 0.08 17 184 2
1 513 0 11 27 78 5729 16620 4 1 140 0.05 15 183 2
1 513 0 11 28 78 5717 16518 12 2 140 0.65 36 185 2
1 513 0 11 28 78 5722 16628 15 2 140 0.43 35 187 2
1 513 0 11 28 78 5722 16628 15 2 140 0.53 36 186 2
1 513 0 11 29 78 5742 16554 4 1 140 0.07 17 189 2
1 513 0 11 29 78 5742 16554 11 1 140 0.49 35 188 2
1 513 0 11 29 78 5746 16530 14 1 140 0.6 36 194 2
1 513 0 11 29 78 5746 16530 11 2 140 0.62 36 193 2
1 513 0 11 29 78 5746 16530 16 1 140 0.58 38 192 2
1 513 0 11 29 78 5746 16530 18 2 140 0.57 37 191 2
1 513 0 11 29 78 5746 16530 4 1 140 0.08 18 190 2
1 513 0 11 30 78 5731 16655 16 1 140 0.57 38 195 2
1 513 0 11 21 78 5710 16626 6 2 140 0.06 18 158 0
1 513 0 11 21 78 5710 16626 4 1 140 0.05 17 157 0
1 513 0 11 22 78 5714 16712 14 2 140 0.54 34 162 0
1 513 0 11 22 78 5714 16712 14 2 140 0.69 37 161 0
1 513 0 11 22 78 5714 16712 5 2 140 0.05 18 159 0
1 513 0 11 22 78 5714 16712 12 1 140 0.46 32 160 0
1 513 0 10 14 78 5722 16633 15 1 140 0.27 29 27 0
1 513 0 10 14 78 5722 16633 10 1 140 0.19 25 25 0
1 513 0 10 14 78 5722 16633 9 1 140 0.15 25 24 0
1 513 0 10 14 78 5722 16633 11 1 140 0.24 28 22 0
1 513 0 10 14 78 5722 16633 12 1 140 0.3 30 21 0
1 513 0 10 14 78 5722 16633 9 1 140 0.26 28 20 0
1 513 0 10 14 78 5722 16633 9 1 140 0.15 24 18 0
1 513 0 10 14 78 5722 16633 10 1 140 0.21 27 16 0
1 513 0 10 14 78 5722 16633 7 1 140 0.18 26 15 0
1 513 0 10 14 78 5722 16633 11 1 140 0.2 27 14 0
1 513 0 10 14 78 5722 16633 9 1 140 0.2 27 19 0
1 513 0 10 14 78 5722 16633 8 1 140 0.13 24 13 0
1 513 0 10 14 78 5722 16633 10 1 140 0.23 29 12 0
1 513 0 10 14 78 5722 16633 11 1 140 0.24 28 11 0
1 513 0 10 14 78 5722 16633 11 1 140 0.17 24 10 0
1 513 0 10 14 78 5722 16633 11 1 140 0.21 26 9 0
1 513 0 10 14 78 5722 16633 6 1 140 0.13 22 8 0
1 513 0 10 14 78 5722 16633 7 1 140 0.17 26 7 0
1 513 0 10 14 78 5722 16633 9 1 140 0.16 24 6 0
1 513 0 10 14 78 5722 16633 7 1 140 0.15 24 5 0
1 513 0 10 14 78 5722 16633 7 1 140 0.16 23 4 0
1 513 0 10 14 78 5722 16633 8 1 140 0.19 25 3 0
1 513 0 10 14 78 5722 16633 13 1 140 0.26 28 2 0
1 513 0 10 14 78 5722 16633 8 1 140 0.2 25 1 0
1 513 0 10 15 78 5717 16631 5 2 140 0.18 26 49 0
1 513 0 10 15 78 5717 16631 9 2 140 0.26 30 48 0
1 513 0 10 15 78 5717 16631 10 2 140 0.23 27 47 0
1 513 0 10 15 78 5717 16631 11 2 140 0.27 30 46 0
1 513 0 10 15 78 5717 16631 11 2 140 0.27 28 45 0
1 513 0 10 15 78 5717 16631 11 1 140 0.27 29 44 0
1 513 0 10 15 78 5717 16631 7 1 140 0.11 22 43 0
1 513 0 10 15 78 5717 16631 8 1 140 0.15 23 42 0
1 513 0 10 15 78 5717 16631 13 1 140 0.28 32 41 0
1 513 0 10 15 78 5717 16631 9 1 140 0.21 29 40 0
1 513 0 10 15 78 5717 16631 4 1 140 0.09 21 37 0
1 513 0 10 15 78 5717 16631 6 1 140 0.12 22 36 0
1 513 0 10 15 78 5717 16631 8 1 140 0.15 23 35 0
1 513 0 10 15 78 5717 16631 8 1 140 0.18 25 33 0
1 513 0 10 15 78 5717 16631 8 1 140 0.18 26 32 0
1 513 0 10 15 78 5717 16631 12 1 140 0.22 29 31 0
1 513 0 10 15 78 5717 16631 7 1 140 0.11 21 29 0
1 513 0 10 15 78 5717 16631 11 1 140 0.21 28 28 0
1 513 0 12 2 78 5731 16622 5 1 140 0.06 17 196 2
1 513 0 11 12 78 5700 16513 13 2 140 0.64 38 148 0
1 513 0 11 12 78 5700 16513 8 2 140 0.42 34 147 0
1 513 0 11 12 78 5700 16513 12 1 140 0.34 30 146 0
1 513 0 11 12 78 5700 16513 5 1 140 0.04 20 141 0
1 513 0 11 12 78 5700 16513 15 1 140 0.51 36 145 0
1 513 0 11 12 78 5700 16513 5 1 140 0.03 18 144 0
1 513 0 11 12 78 5700 16513 6 1 140 -9 17 143 0
1 513 0 11 12 78 5700 16513 4 2 140 0.04 19 142 0
1 513 0 10 21 78 5709 16531 8 2 140 0.28 29 100 0
1 513 0 10 21 78 5709 16531 10 2 140 0.37 31 99 0
1 513 0 10 21 78 5709 16531 10 2 140 0.35 32 98 0
1 513 0 10 21 78 5709 16531 8 2 140 0.24 28 95 0
1 513 0 10 21 78 5709 16531 7 2 140 0.15 24 94 0
1 513 0 10 21 78 5709 16531 6 2 140 0.13 22 92 0
1 513 0 10 21 78 5709 16531 8 2 140 0.25 27 90 0
1 513 0 10 21 78 5709 16531 6 2 140 0.14 23 89 0
1 513 0 10 21 78 5709 16531 7 2 140 0.11 21 88 0
1 513 0 10 21 78 5709 16531 10 2 140 0.37 31 87 0
1 513 0 10 21 78 5709 16531 8 2 140 0.19 26 86 0
1 513 0 10 21 78 5709 16531 9 2 140 0.16 25 84 0
1 513 0 10 21 78 5709 16531 10 2 140 0.3 29 83 0
1 513 0 10 21 78 5709 16531 8 2 140 0.12 23 82 0
1 513 0 10 21 78 5709 16531 11 2 140 0.33 32 81 0
1 513 0 10 21 78 5709 16531 8 2 140 0.14 23 80 0
1 513 0 10 21 78 5709 16531 5 2 140 0.14 24 77 0
1 513 0 10 21 78 5709 16531 7 2 140 0.14 23 76 0
1 513 0 10 21 78 5709 16531 13 2 140 0.27 30 75 0
1 513 0 10 21 78 5709 16531 8 2 140 0.12 22 73 0
1 513 0 10 21 78 5709 16531 12 2 140 0.28 30 72 0
1 513 0 10 21 78 5709 16531 14 2 140 0.22 28 71 0
1 513 0 10 21 78 5709 16531 9 2 140 0.18 26 68 0
1 513 0 10 21 78 5709 16531 5 1 140 0.05 18 55 0
1 513 0 10 21 78 5709 16531 5 2 140 0.07 20 59 0
1 513 0 10 21 78 5709 16531 6 2 140 0.11 21 63 0
1 513 0 10 21 78 5709 16531 8 2 140 0.16 24 70 0
1 513 0 10 21 78 5709 16531 9 2 140 0.31 29 74 0
1 513 0 10 21 78 5709 16531 9 2 140 0.3 30 93 0
1 513 0 10 21 78 5709 16531 9 2 140 0.32 31 65 0
1 513 0 10 21 78 5709 16531 4 2 140 0.08 19 64 0
1 513 0 10 21 78 5709 16531 13 2 140 0.46 34 62 0
1 513 0 10 21 78 5709 16531 9 2 140 0.34 30 61 0
1 513 0 10 21 78 5709 16531 15 2 140 0.43 32 60 0
1 513 0 10 21 78 5709 16531 13 2 140 0.43 32 58 0
1 513 0 10 21 78 5709 16531 9 1 140 0.27 30 56 0
1 513 0 10 21 78 5709 16531 10 1 140 0.33 31 54 0
1 513 0 10 21 78 5709 16531 5 1 140 0.11 21 53 0
1 513 0 10 21 78 5709 16531 5 1 140 0.1 20 52 0
1 513 0 10 21 78 5709 16531 11 1 140 0.43 32 51 0
1 513 0 10 21 78 5709 16531 12 1 140 0.27 30 50 0
1 513 0 11 13 78 5702 16502 13 3 140 0.51 36 158 0
1 513 0 11 13 78 5702 16502 10 3 140 0.54 37 157 0
1 513 0 11 13 78 5702 16502 5 3 140 0.05 19 156 0
1 513 0 11 13 78 5702 16502 11 3 140 0.32 33 155 0
1 513 0 11 13 78 5702 16502 15 3 140 0.46 37 154 0
1 513 0 11 13 78 5702 16502 15 3 140 0.4 33 153 0
1 513 0 11 13 78 5702 16502 10 3 140 0.42 34 152 0
1 513 0 9 16 78 5742 16624 11 1 140 0.21 28 70 0
1 513 0 9 16 78 5742 16624 8 2 140 0.16 25 71 0
1 513 0 9 16 78 5742 16624 11 2 140 0.24 29 72 0
1 513 0 9 16 78 5742 16624 8 2 140 0.16 24 73 0
1 513 0 9 16 78 5742 16624 11 2 140 0.28 31 74 0
1 513 0 9 16 78 5742 16624 11 2 140 0.29 30 75 0
1 513 0 9 16 78 5742 16624 12 2 140 0.37 31 76 0
1 513 0 9 16 78 5742 16624 11 2 140 0.3 30 77 0
1 513 0 9 16 78 5742 16624 7 2 140 0.11 21 78 0
1 513 0 9 16 78 5742 16624 5 2 140 0.13 22 79 0
1 513 0 9 16 78 5742 16624 7 2 140 0.09 21 80 0
1 513 0 9 16 78 5742 16624 8 1 140 0.11 23 68 0
1 513 0 9 16 78 5742 16624 11 1 140 0.16 25 69 0
1 513 0 9 16 78 5742 16624 15 1 140 0.4 32 67 0
1 513 0 9 16 78 5742 16624 10 1 140 0.16 25 65 0
1 513 0 9 16 78 5742 16624 8 1 140 0.1 22 62 0
1 513 0 9 16 78 5742 16624 8 1 140 0.17 23 63 0
1 513 0 9 16 78 5742 16624 13 1 140 0.28 29 64 0
1 513 0 9 16 78 5742 16624 11 1 140 0.23 28 61 0
1 534 0 9 21 78 5823 16722 6 1 140 0.11 21 107 0
1 534 0 9 21 78 5823 16722 7 1 140 0.11 22 112 0
1 534 0 9 21 78 5823 16722 9 2 140 0.26 26 101 0
1 534 0 9 21 78 5823 16722 11 2 140 0.3 30 105 0
1 534 0 9 21 78 5823 16722 9 1 140 0.3 30 109 0
1 534 0 9 21 78 5823 16722 11 1 140 0.12 24 110 0
1 534 0 9 21 78 5823 16722 7 1 140 0.16 24 111 0
1 534 0 9 21 78 5823 16722 12 1 140 0.27 30 108 0
1 534 0 9 21 78 5823 16722 16 1 140 0.32 31 106 0
1 534 0 9 21 78 5823 16722 7 2 140 0.11 22 104 0
1 534 0 9 21 78 5823 16722 9 2 140 0.12 22 103 0
1 534 0 9 21 78 5823 16722 16 2 140 0.36 33 102 0
1 513 0 9 21 78 5753 16724 13 2 140 0.48 36 113 0
1 513 0 9 22 78 5759 16723 14 2 140 0.41 34 125 2
1 513 0 9 22 78 5759 16723 15 2 140 0.44 33 124 2
1 513 0 9 23 78 5751 16650 17 2 140 0.56 37 134 2
1 513 0 9 23 78 5751 16650 17 2 140 0.77 38 135 2
1 513 0 9 23 78 5751 16650 18 2 140 0.38 34 136 2
1 513 0 9 23 78 5751 16650 17 2 140 0.53 36 137 2
1 513 0 9 23 78 5751 16650 15 2 140 0.41 33 138 2
1 513 0 9 23 78 5751 16650 14 2 140 0.52 37 141 2
1 513 0 9 23 78 5751 16650 8 1 140 0.12 23 126 0
1 513 0 9 23 78 5751 16650 6 1 140 0.11 19 127 0
1 513 0 9 23 78 5751 16650 7 1 140 0.1 21 128 0
1 513 0 9 23 78 5751 16650 7 1 140 0.12 22 129 0
1 513 0 9 23 78 5751 16650 7 2 140 0.1 22 131 0
1 513 0 9 23 78 5751 16650 7 2 140 0.09 21 132 0
1 513 0 9 23 78 5751 16650 9 2 140 0.09 21 133 0
1 513 0 9 23 78 5751 16650 15 2 140 0.47 34 140 2
1 513 0 9 24 78 5750 16658 14 2 140 0.33 32 143 0
1 513 0 9 24 78 5750 16658 7 2 140 0.07 19 144 0
1 513 0 9 24 78 5750 16658 16 1 140 0.31 31 142 0
1 509 0 11 1 78 5710 16439 8 1 140 0.1 21 160 0
1 509 0 11 1 78 5710 16439 15 2 140 0.5 35 159 0
1 509 0 11 1 78 5710 16439 19 2 140 0.8 41 158 0
1 509 0 11 4 78 5717 16459 19 2 140 0.57 35 164 0
1 509 0 11 4 78 5717 16459 13 1 140 0.4 31 165 0
1 509 0 11 4 78 5717 16459 5 1 140 0.05 18 163 0
1 509 0 11 4 78 5717 16459 5 1 140 0.08 21 162 0
1 509 0 11 4 78 5717 16459 14 2 140 0.5 35 161 0
1 513 0 10 5 78 5730 16643 14 1 140 0.28 30 121 0
1 513 0 10 5 78 5730 16643 11 1 140 0.25 30 123 0
1 513 0 10 5 78 5730 16643 11 1 140 0.28 30 124 0
1 513 0 10 5 78 5730 16643 12 1 140 0.26 30 125 0
1 513 0 10 5 78 5730 16643 15 1 140 0.27 30 122 0
1 513 0 10 5 78 5730 16643 7 1 140 0.1 21 126 0
1 513 0 9 20 78 5747 16722 12 2 140 0.38 32 6 0
1 513 0 9 20 78 5747 16722 10 2 140 0.3 30 10 0
1 513 0 9 20 78 5747 16722 11 2 140 0.23 27 20 0
1 513 0 9 20 78 5747 16722 11 2 140 0.25 29 11 0
1 513 0 9 20 78 5747 16722 9 2 140 0.15 25 12 0
1 513 0 9 20 78 5747 16722 12 2 140 0.3 30 13 0
1 513 0 9 20 78 5747 16722 9 2 140 0.18 26 14 0
1 513 0 9 20 78 5747 16722 12 2 140 0.3 30 15 0
1 513 0 9 20 78 5747 16722 11 2 140 0.25 28 16 0
1 513 0 9 20 78 5747 16722 10 2 140 0.23 26 17 0
1 513 0 9 20 78 5747 16722 10 2 140 0.33 31 18 0
1 513 0 9 20 78 5747 16722 11 2 140 0.2 26 19 0
1 513 0 9 20 78 5747 16722 8 2 140 0.15 25 8 0
1 513 0 9 20 78 5747 16722 9 2 140 0.15 24 9 0
1 513 0 9 20 78 5747 16722 17 2 140 0.4 33 7 0
1 513 0 9 20 78 5747 16722 10 2 140 0.25 28 5 0
1 513 0 9 20 78 5747 16722 9 2 140 0.12 25 2 0
1 513 0 9 20 78 5747 16722 7 2 140 0.15 26 3 0
1 513 0 9 20 78 5747 16722 11 2 140 0.25 29 4 0
1 513 0 9 20 78 5747 16722 14 2 140 0.43 32 1 0
1 513 0 9 21 78 5754 16642 7 1 140 0.15 23 24 0
1 513 0 9 21 78 5754 16642 10 1 140 0.2 26 28 0
1 513 0 9 21 78 5754 16642 11 1 140 0.28 29 32 0
1 513 0 9 21 78 5754 16642 10 1 140 0.27 28 36 0
1 513 0 9 21 78 5754 16642 12 1 140 0.23 27 40 0
1 513 0 9 21 78 5754 16642 13 1 140 0.25 27 26 0
1 513 0 9 21 78 5754 16642 10 1 140 0.25 28 31 0
1 513 0 9 21 78 5754 16642 10 1 140 0.2 25 33 0
1 513 0 9 21 78 5754 16642 12 1 140 0.15 23 34 0
1 513 0 9 21 78 5754 16642 11 1 140 0.35 31 35 0
1 513 0 9 21 78 5754 16642 14 1 140 0.25 28 37 0
1 513 0 9 21 78 5754 16642 11 1 140 0.25 28 38 0
1 513 0 9 21 78 5754 16642 8 1 140 0.17 24 39 0
1 513 0 9 21 78 5754 16642 9 1 140 0.2 26 29 0
1 513 0 9 21 78 5754 16642 10 1 140 0.15 23 30 0
1 513 0 9 21 78 5754 16642 11 1 140 0.2 25 27 0
1 513 0 9 21 78 5754 16642 10 1 140 0.2 25 25 0
1 513 0 9 21 78 5754 16642 11 1 140 0.26 26 23 0
1 513 0 9 21 78 5754 16642 10 1 140 0.17 24 22 0
1 513 0 9 21 78 5754 16642 13 1 140 0.25 28 21 0
1 513 0 9 25 78 5735 16656 20 2 140 0.72 39 145 2
1 534 0 8 26 78 5800 16656 11 2 140 0.3 30 285 0
1 534 0 8 26 78 5800 16656 8 2 140 0.15 23 286 0
1 534 0 8 26 78 5800 16656 10 2 140 0.3 30 284 0
1 534 0 8 26 78 5800 16656 10 1 140 0.2 25 282 0
1 534 0 8 26 78 5800 16656 10 1 140 0.2 26 288 0
1 534 0 8 26 78 5800 16656 11 1 140 0.2 25 283 0
1 534 0 8 26 78 5800 16656 9 2 140 0.25 26 287 0
1 534 0 8 26 78 5800 16656 8 2 140 0.2 25 290 0
1 534 0 8 26 78 5800 16656 9 2 140 0.2 25 289 0
1 534 0 8 26 78 5800 16656 10 2 140 0.25 28 281 0
1 513 0 11 5 78 5713 16501 13 1 140 0.3 31 168 0
1 513 0 11 6 78 5716 16503 15 1 140 0.35 31 170 0
1 513 0 9 27 78 5737 16732 8 2 140 0.23 27 66 0
1 513 0 9 27 78 5737 16732 7 1 140 0.17 23 72 0
1 513 0 9 27 78 5737 16732 10 1 140 0.17 24 73 0
1 513 0 9 27 78 5737 16732 9 1 140 0.19 24 74 0
1 513 0 9 27 78 5737 16732 8 1 140 0.2 23 76 0
1 513 0 9 27 78 5737 16732 7 1 140 0.16 22 77 0
1 513 0 9 27 78 5737 16732 8 1 140 0.17 24 78 0
1 513 0 9 27 78 5737 16732 6 1 140 0.13 20 80 0
1 513 0 9 27 78 5737 16732 9 1 140 0.15 23 63 0
1 513 0 9 27 78 5737 16732 12 2 140 0.37 31 67 0
1 513 0 9 27 78 5737 16732 9 1 140 0.2 25 71 0
1 513 0 9 27 78 5737 16732 7 1 140 0.12 21 75 0
1 513 0 9 27 78 5737 16732 12 1 140 0.27 29 79 0
1 513 0 9 27 78 5737 16732 8 2 140 0.13 21 69 0
1 513 0 9 27 78 5737 16732 6 2 140 0.15 21 70 0
1 513 0 9 27 78 5737 16732 8 2 140 0.22 24 68 0
1 513 0 9 27 78 5737 16732 7 1 140 0.16 22 65 0
1 513 0 9 27 78 5737 16732 8 1 140 0.13 22 64 0
1 513 0 9 27 78 5737 16732 9 1 140 0.35 29 62 0
1 513 0 9 27 78 5737 16732 7 1 140 0.15 22 61 0
1 513 0 9 28 78 5730 16728 11 2 140 0.28 29 81 0
1 513 0 9 28 78 5730 16728 11 2 140 0.28 29 82 0
1 513 0 9 28 78 5730 16728 7 2 140 0.22 26 83 0
1 513 0 9 28 78 5730 16728 8 2 140 0.15 23 84 0
1 513 0 9 28 78 5730 16728 7 2 140 0.13 23 85 0
1 513 0 9 28 78 5730 16728 8 2 140 0.17 24 86 0
1 513 0 9 28 78 5730 16728 8 2 140 0.12 22 87 0
1 513 0 9 28 78 5730 16728 9 2 140 0.27 28 88 0
1 513 0 9 28 78 5730 16728 9 2 140 0.12 22 97 0
1 513 0 9 28 78 5730 16728 9 2 140 0.13 22 98 0
1 513 0 9 28 78 5730 16728 9 2 140 0.18 24 99 0
1 513 0 9 28 78 5730 16728 7 2 140 0.13 21 100 0
1 513 0 9 28 78 5730 16728 8 2 140 0.2 25 89 0
1 513 0 9 28 78 5730 16728 8 2 140 0.18 24 90 0
1 513 0 9 28 78 5730 16728 8 2 140 0.2 25 91 0
1 513 0 9 28 78 5730 16728 8 2 140 0.12 23 92 0
1 513 0 9 28 78 5730 16728 9 2 140 0.33 28 93 0
1 513 0 9 28 78 5730 16728 6 2 140 0.13 21 94 0
1 513 0 9 28 78 5730 16728 12 2 140 0.38 31 95 0
1 513 0 9 28 78 5730 16728 7 2 140 0.1 22 96 0
1 513 0 9 30 78 5741 16738 8 1 140 0.13 21 103 0
1 513 0 9 30 78 5741 16738 8 2 140 0.2 24 106 0
1 513 0 9 30 78 5741 16738 11 2 140 0.37 31 110 0
1 513 0 9 30 78 5741 16738 7 2 140 0.14 22 108 0
1 513 0 9 30 78 5741 16738 5 2 140 0.08 19 107 0
1 513 0 9 30 78 5741 16738 10 1 140 0.36 31 104 0
1 513 0 9 30 78 5741 16738 9 1 140 0.13 22 101 0
1 513 0 9 30 78 5741 16738 7 1 140 0.12 21 105 0
1 513 0 9 30 78 5741 16738 13 2 140 0.35 31 109 0
1 513 0 9 30 78 5741 16738 7 2 140 0.1 20 111 0
1 513 0 9 30 78 5741 16738 7 1 140 0.12 21 102 0
1 513 0 8 27 78 5759 16705 7 1 140 0.25 27 276 0
1 513 0 8 27 78 5759 16705 10 2 140 0.3 29 277 0
1 513 0 8 27 78 5759 16705 9 1 140 0.15 22 274 0
1 513 0 8 27 78 5759 16705 12 2 140 0.3 27 273 0
1 513 0 8 27 78 5759 16705 10 1 140 0.35 30 278 0
1 513 0 8 27 78 5759 16705 10 1 140 0.3 27 271 0
1 513 0 8 27 78 5759 16705 9 2 140 0.2 25 275 0
1 513 0 8 27 78 5759 16705 10 2 140 0.2 26 280 0
1 513 0 8 27 78 5759 16705 7 2 140 0.1 20 279 0
1 513 0 8 27 78 5759 16705 11 2 140 0.15 23 272 0
1 513 0 8 31 78 5753 16653 5 2 140 0.09 18 254 0
1 513 0 8 31 78 5753 16653 8 2 140 0.17 23 255 0
1 513 0 8 31 78 5753 16653 11 1 140 0.28 28 253 0
1 513 0 8 31 78 5753 16653 7 2 140 0.14 21 252 0
1 513 0 8 31 78 5753 16653 9 1 140 0.2 23 260 0
1 513 0 8 31 78 5753 16653 13 2 140 0.25 27 269 0
1 513 0 8 31 78 5753 16653 12 2 140 0.25 29 270 0
1 513 0 8 31 78 5753 16653 8 2 140 0.15 23 262 0
1 513 0 8 31 78 5753 16653 9 2 140 0.25 27 263 0
1 513 0 8 31 78 5753 16653 8 1 140 0.2 25 264 0
1 513 0 8 31 78 5753 16653 10 2 140 0.2 24 265 0
1 513 0 8 31 78 5753 16653 9 1 140 0.2 25 267 0
1 513 0 8 31 78 5753 16653 11 1 140 0.15 23 268 0
1 513 0 8 31 78 5753 16653 9 2 140 0.25 27 258 0
1 513 0 8 31 78 5753 16653 9 1 140 0.25 27 259 0
1 513 0 8 31 78 5753 16653 9 2 140 0.3 27 257 0
1 513 0 10 19 78 5713 16506 17 2 140 0.75 39 167 2
1 513 0 10 19 78 5713 16506 16 2 140 0.66 37 169 2
1 513 0 10 19 78 5713 16506 10 1 140 0.44 34 171 2
1 513 0 10 19 78 5713 16506 7 1 140 0.08 20 170 2
1 513 0 10 19 78 5713 16506 18 2 140 0.58 37 168 2
1 513 0 9 13 78 5740 16705 11 2 140 0.18 28 2 0
1 513 0 9 13 78 5740 16705 9 2 140 0.2 26 3 0
1 513 0 9 13 78 5740 16705 14 2 140 0.5 35 4 0
1 513 0 9 13 78 5740 16705 6 2 140 0.13 23 6 0
1 513 0 9 13 78 5740 16705 9 2 140 0.22 29 7 0
1 513 0 9 13 78 5740 16705 10 2 140 0.25 27 8 0
1 513 0 9 13 78 5740 16705 12 1 140 0.25 28 10 0
1 513 0 9 13 78 5740 16705 8 1 140 0.13 25 11 0
1 513 0 9 13 78 5740 16705 10 2 140 0.27 29 12 0
1 513 0 9 13 78 5740 16705 10 2 140 0.2 28 13 0
1 513 0 9 13 78 5740 16705 8 2 140 0.18 25 14 0
1 513 0 9 13 78 5740 16705 8 1 140 0.2 25 16 0
1 513 0 9 13 78 5740 16705 9 2 140 0.2 27 17 0
1 513 0 9 13 78 5740 16705 11 2 140 0.2 26 18 0
1 513 0 9 13 78 5740 16705 9 2 140 0.12 24 19 0
1 513 0 9 13 78 5740 16705 9 1 140 0.2 28 20 0
1 513 0 9 13 78 5740 16705 9 2 140 0.1 25 1 0
1 513 0 9 13 78 5740 16705 9 1 140 0.17 26 5 0
1 513 0 9 13 78 5740 16705 11 2 140 0.2 27 9 0
1 513 0 9 14 78 5723 16649 8 1 140 0.16 25 31 0
1 513 0 9 14 78 5723 16649 12 2 140 0.33 32 35 0
1 513 0 9 14 78 5723 16649 12 2 140 0.35 31 36 0
1 513 0 9 14 78 5723 16649 8 1 140 0.16 24 38 0
1 513 0 9 14 78 5723 16649 12 2 140 0.31 28 39 0
1 513 0 9 14 78 5723 16649 15 2 140 0.41 33 40 0
1 513 0 9 14 78 5723 16649 5 2 140 0.13 22 22 0
1 513 0 9 14 78 5723 16649 9 2 140 0.25 29 23 0
1 513 0 9 14 78 5723 16649 7 1 140 0.16 23 24 0
1 513 0 9 14 78 5723 16649 10 2 140 0.25 27 25 0
1 513 0 9 14 78 5723 16649 8 1 140 0.19 25 26 0
1 513 0 9 14 78 5723 16649 13 2 140 0.4 32 27 0
1 513 0 9 14 78 5723 16649 8 1 140 0.12 23 28 0
1 513 0 9 14 78 5723 16649 8 2 140 0.15 25 30 0
1 513 0 9 14 78 5723 16649 7 1 140 0.15 28 21 0
1 513 0 9 14 78 5723 16649 9 2 140 0.2 27 29 0
1 513 0 9 14 78 5723 16649 9 1 140 0.2 27 33 0
1 513 0 9 14 78 5723 16649 8 1 140 0.2 27 37 0
1 513 0 9 20 78 5748 16749 10 2 140 0.24 26 44 0
1 513 0 9 20 78 5748 16749 7 2 140 0.16 24 47 0
1 513 0 9 20 78 5748 16749 11 1 140 0.33 33 52 0
1 513 0 9 20 78 5748 16749 11 1 140 0.23 28 53 0
1 513 0 9 20 78 5748 16749 8 2 140 0.2 25 54 0
1 513 0 9 20 78 5748 16749 9 2 140 0.2 28 55 0
1 513 0 9 20 78 5748 16749 11 2 140 0.35 32 56 0
1 513 0 9 20 78 5748 16749 11 2 140 0.22 26 57 0
1 513 0 9 20 78 5748 16749 8 1 140 0.15 21 58 0
1 513 0 9 20 78 5748 16749 8 2 140 0.15 24 59 0
1 513 0 9 20 78 5748 16749 8 1 140 0.15 24 60 0
1 513 0 9 20 78 5748 16749 10 1 140 0.27 28 41 0
1 513 0 9 20 78 5748 16749 10 1 140 0.21 26 45 0
1 513 0 9 20 78 5748 16749 9 1 140 0.17 24 49 0
1 513 0 9 20 78 5748 16749 16 1 140 0.29 29 50 0
1 513 0 9 20 78 5748 16749 11 2 140 0.31 29 48 0
1 513 0 9 20 78 5748 16749 10 2 140 0.27 29 46 0
1 513 0 9 20 78 5748 16749 10 1 140 0.27 27 43 0
1 513 0 9 20 78 5748 16749 11 2 140 0.24 28 42 0
1 513 0 10 17 78 5711 16649 11 1 140 0.39 33 158 2
1 513 0 10 17 78 5711 16649 17 2 140 0.65 37 160 2
1 513 0 10 17 78 5711 16649 13 2 140 0.46 37 161 2
1 513 0 10 17 78 5711 16649 13 2 140 0.47 36 163 2
1 513 0 10 17 78 5711 16649 16 2 140 0.55 38 164 2
1 513 0 10 17 78 5711 16649 16 1 140 0.36 33 165 2
1 513 0 10 17 78 5711 16649 10 1 140 0.45 34 162 2
1 513 0 10 10 78 5715 16552 15 2 140 0.55 36 129 0
1 513 0 10 10 78 5715 16552 16 2 140 0.55 37 127 0
1 513 0 10 10 78 5715 16552 6 2 140 0.1 20 128 0
1 513 0 10 10 78 5715 16556 12 1 140 0.45 34 131 0
1 513 0 10 10 78 5715 16556 14 2 140 0.55 33 135 0
1 513 0 10 10 78 5715 16556 5 1 140 0.05 18 137 0
1 513 0 10 10 78 5715 16556 5 2 140 0.16 20 136 0
1 513 0 10 10 78 5715 16556 8 2 140 0.08 20 133 0
1 513 0 10 10 78 5715 16556 12 1 140 0.42 34 132 0
1 513 0 10 10 78 5715 16556 13 1 140 0.43 32 134 0
1 513 0 10 10 78 5715 16556 12 2 140 0.55 34 130 0
1 513 0 10 11 78 5703 16631 13 2 140 0.45 33 140 0
1 513 0 10 11 78 5703 16631 5 2 140 0.13 20 139 0
1 513 0 10 11 78 5703 16631 15 2 140 0.55 34 141 0
1 513 0 10 11 78 5703 16631 16 2 140 0.56 34 142 0
1 513 0 10 11 78 5703 16631 7 2 140 0.1 19 138 0
1 513 0 10 12 78 5712 16613 14 1 140 0.4 32 143 0
1 513 0 10 12 78 5712 16613 7 1 140 0.05 18 145 0
1 513 0 10 12 78 5712 16613 5 1 140 0.05 18 146 0
1 513 0 10 12 78 5712 16613 7 1 140 0.05 19 144 0
1 513 0 10 13 78 5717 16628 14 1 140 0.4 32 148 0
1 513 0 10 13 78 5717 16628 6 2 140 0.07 19 147 0
1 513 0 10 14 78 5717 16629 20 2 140 0.9 42 149 0
1 513 0 10 14 78 5717 16629 17 2 140 0.5 33 150 0
1 513 0 10 3 78 5743 16703 20 2 140 0.08 20 150 0
1 513 0 10 3 78 5743 16703 12 2 140 0.36 32 151 0
1 513 0 10 3 78 5743 16703 14 2 140 0.52 36 152 2
1 513 0 10 3 78 5743 16703 22 2 140 0.11 22 149 0
1 513 0 10 4 78 5742 16658 17 2 140 0.79 39 153 2
1 513 0 10 4 78 5742 16658 19 2 140 0.72 41 157 2
1 513 0 10 4 78 5742 16658 13 2 140 0.5 35 154 0
1 513 0 10 4 78 5742 16658 17 2 140 0.67 35 155 0
1 513 0 10 4 78 5742 16658 6 2 140 0.09 20 156 0
1 513 0 9 13 78 5749 16709 11 1 140 0.2 27 7 0
1 513 0 9 13 78 5749 16709 8 1 140 0.11 25 13 0
1 513 0 9 13 78 5749 16709 13 1 140 0.18 26 14 0
1 513 0 9 13 78 5749 16709 11 1 140 0.17 27 15 0
1 513 0 9 13 78 5749 16709 9 1 140 0.19 28 17 0
1 513 0 9 13 78 5749 16709 7 1 140 0.1 23 18 0
1 513 0 9 13 78 5749 16709 12 1 140 0.28 29 19 0
1 513 0 9 13 78 5749 16709 11 1 140 0.24 28 4 0
1 513 0 9 13 78 5749 16709 10 1 140 0.19 26 8 0
1 513 0 9 13 78 5749 16709 9 1 140 0.25 29 12 0
1 513 0 9 13 78 5749 16709 8 1 140 0.16 26 16 0
1 513 0 9 13 78 5749 16709 10 1 140 0.13 23 20 0
1 513 0 9 13 78 5749 16709 10 1 140 0.16 26 10 0
1 513 0 9 13 78 5749 16709 13 1 140 0.25 31 11 0
1 513 0 9 13 78 5749 16709 9 1 140 0.17 26 9 0
1 513 0 9 13 78 5749 16709 7 1 140 0.17 26 6 0
1 513 0 9 13 78 5749 16709 12 1 140 0.15 26 2 0
1 513 0 9 13 78 5749 16709 8 1 140 0.2 25 3 0
1 513 0 9 13 78 5749 16709 11 1 140 0.19 27 1 0
1 513 0 9 14 78 5742 16713 8 2 140 0.16 25 23 0
1 513 0 9 14 78 5742 16713 11 2 140 0.2 28 22 0
1 513 0 9 14 78 5742 16713 12 2 140 0.23 28 40 0
1 513 0 9 14 78 5742 16713 9 2 140 0.15 25 32 0
1 513 0 9 14 78 5742 16713 11 2 140 0.35 32 33 0
1 513 0 9 14 78 5742 16713 10 2 140 0.17 26 34 0
1 513 0 9 14 78 5742 16713 10 2 140 0.35 31 35 0
1 513 0 9 14 78 5742 16713 10 2 140 0.16 24 36 0
1 513 0 9 14 78 5742 16713 9 2 140 0.13 23 37 0
1 513 0 9 14 78 5742 16713 9 2 140 0.15 25 38 0
1 513 0 9 14 78 5742 16713 10 2 140 0.23 28 39 0
1 513 0 9 14 78 5742 16713 8 2 140 0.18 26 24 0
1 513 0 9 14 78 5742 16713 10 2 140 0.29 30 25 0
1 513 0 9 14 78 5742 16713 9 2 140 0.27 28 26 0
1 513 0 9 14 78 5742 16713 11 2 140 0.21 28 27 0
1 513 0 9 14 78 5742 16713 9 2 140 0.3 29 28 0
1 513 0 9 14 78 5742 16713 7 2 140 0.15 25 29 0
1 513 0 9 14 78 5742 16713 8 2 140 0.16 26 30 0
1 513 0 9 14 78 5742 16713 8 2 140 0.15 24 31 0
1 513 0 9 14 78 5742 16713 14 2 140 0.46 34 21 0
1 513 0 9 14 78 5758 16640 16 1 140 0.45 35 240 0
1 513 0 8 26 78 5710 16621 14 2 140 0.86 39 203 2
1 534 0 8 27 78 5820 16657 17 2 140 0.86 40 204 0
1 534 0 8 27 78 5820 16657 17 2 140 0.71 39 207 0
1 534 0 8 27 78 5820 16657 17 2 140 0.86 42 208 0
1 534 0 8 27 78 5820 16657 18 2 140 0.82 40 209 0
1 534 0 8 27 78 5820 16657 5 2 140 0.05 16 210 0
1 534 0 8 27 78 5820 16657 4 2 140 0.04 16 211 0
1 534 0 8 27 78 5820 16657 5 1 140 0.06 16 206 0
1 534 0 8 28 78 5813 16658 17 1 140 0.39 33 213 0
1 534 0 8 29 78 5824 16642 6 1 140 0.05 16 219 0
1 534 0 8 29 78 5824 16642 5 2 140 0.04 16 223 0
1 534 0 8 29 78 5824 16642 4 2 140 0.03 15 227 0
1 534 0 8 29 78 5824 16642 4 1 140 0.05 16 217 0
1 534 0 8 29 78 5824 16642 12 1 140 0.34 32 222 0
1 534 0 8 29 78 5824 16642 5 2 140 0.03 15 224 0
1 534 0 8 29 78 5824 16642 5 2 140 0.04 16 225 0
1 534 0 8 29 78 5824 16642 4 2 140 0.03 15 226 0
1 534 0 8 29 78 5824 16642 16 2 140 0.75 43 228 0
1 534 0 8 29 78 5824 16642 20 2 140 0.87 41 229 2
1 534 0 8 29 78 5824 16642 17 2 140 0.93 45 230 2
1 534 0 8 29 78 5824 16642 4 1 140 0.04 14 220 0
1 534 0 8 29 78 5824 16642 5 1 140 0.04 15 221 0
1 534 0 8 29 78 5824 16642 6 1 140 0.04 15 218 0
1 534 0 8 29 78 5824 16642 4 1 140 0.04 16 216 0
1 534 0 8 29 78 5824 16642 4 1 140 0.03 15 214 0
1 534 0 8 29 78 5824 16642 5 1 140 0.04 16 215 0
1 534 0 9 1 78 5803 16723 22 2 140 0.75 40 231 0
1 513 0 9 2 78 5747 16714 14 1 140 0.34 32 232 0
1 534 0 9 3 78 5826 16725 5 2 140 0.03 15 234 0
1 534 0 9 3 78 5826 16725 17 2 140 0.99 43 233 2
1 534 0 9 4 78 5809 16653 21 2 140 0.97 43 235 2
1 534 0 9 4 78 5809 16653 18 2 140 0.9 43 236 2
1 513 0 9 7 78 5753 16721 15 1 140 0.34 32 238 0
1 513 0 9 11 78 5753 16749 12 1 140 0.38 33 239 0
1 513 0 8 7 78 5756 16632 8 1 140 0.15 24 61 0
1 513 0 8 7 78 5756 16632 14 1 140 0.29 30 74 0
1 513 0 8 7 78 5756 16632 9 2 140 0.16 23 76 0
1 513 0 8 7 78 5756 16632 8 2 140 0.09 19 77 0
1 513 0 8 7 78 5756 16632 8 2 140 0.14 23 78 0
1 513 0 8 7 78 5756 16632 9 2 140 0.18 25 79 0
1 513 0 8 7 78 5756 16632 10 2 140 0.21 26 80 0
1 513 0 8 7 78 5756 16632 10 2 140 0.18 25 81 0
1 513 0 8 7 78 5756 16632 7 2 140 0.21 26 82 0
1 513 0 8 7 78 5756 16632 11 1 140 0.2 25 62 0
1 513 0 8 7 78 5756 16632 10 1 140 0.21 26 63 0
1 513 0 8 7 78 5756 16632 11 1 140 0.34 29 65 0
1 513 0 8 7 78 5756 16632 7 1 140 0.11 20 66 0
1 513 0 8 7 78 5756 16632 6 1 140 0.1 20 69 0
1 513 0 8 7 78 5756 16632 5 1 140 0.11 20 70 0
1 513 0 8 7 78 5756 16632 9 1 140 0.2 25 72 0
1 513 0 8 7 78 5756 16632 13 1 140 0.2 26 64 0
1 513 0 8 7 78 5756 16632 9 1 140 0.2 26 68 0
1 513 0 8 7 78 5756 16632 13 1 140 0.29 29 71 0
1 513 0 8 7 78 5756 16632 9 2 140 0.16 24 75 0
1 513 0 8 7 78 5756 16632 6 2 140 0.14 22 97 0
1 513 0 8 7 78 5756 16632 8 1 140 0.14 22 67 0
1 513 0 8 7 78 5756 16632 9 2 140 0.18 25 83 0
1 513 0 8 7 78 5756 16632 8 2 140 0.15 23 84 0
1 513 0 8 7 78 5756 16632 8 2 140 0.26 27 85 0
1 513 0 8 7 78 5756 16632 7 2 140 0.09 18 86 0
1 513 0 8 7 78 5756 16632 11 2 140 0.36 31 87 0
1 513 0 8 7 78 5756 16632 12 2 140 0.34 29 88 0
1 513 0 8 7 78 5756 16632 8 2 140 0.11 21 89 0
1 513 0 8 7 78 5756 16632 8 2 140 0.11 20 100 0
1 513 0 8 7 78 5756 16632 8 2 140 0.16 24 91 0
1 513 0 8 7 78 5756 16632 9 2 140 0.19 26 92 0
1 513 0 8 7 78 5756 16632 8 2 140 0.16 24 94 0
1 513 0 8 7 78 5756 16632 10 2 140 0.31 29 95 0
1 513 0 8 7 78 5756 16632 8 2 140 0.16 24 96 0
1 513 0 8 7 78 5756 16632 10 2 140 0.21 26 98 0
1 513 0 8 7 78 5756 16632 12 2 140 0.34 30 99 0
1 534 0 8 9 78 5809 16656 8 2 140 0.09 21 104 0
1 534 0 8 9 78 5809 16656 8 2 140 0.22 25 101 0
1 534 0 8 9 78 5809 16656 10 2 140 0.34 31 105 0
1 534 0 8 9 78 5809 16656 5 2 140 0.06 18 109 0
1 534 0 8 9 78 5809 16656 8 2 140 0.1 21 112 0
1 534 0 8 9 78 5809 16656 15 1 140 0.26 32 116 0
1 534 0 8 9 78 5809 16656 10 2 140 0.28 30 111 0
1 534 0 8 9 78 5809 16656 13 2 140 0.24 29 107 0
1 534 0 8 9 78 5809 16656 7 2 140 0.11 21 114 0
1 534 0 8 9 78 5809 16656 10 2 140 0.35 32 115 0
1 534 0 8 9 78 5809 16656 12 1 140 0.34 31 117 0
1 534 0 8 9 78 5809 16656 14 1 140 0.28 30 118 0
1 534 0 8 9 78 5809 16656 12 1 140 0.24 30 119 0
1 534 0 8 9 78 5809 16656 8 1 140 0.1 21 120 0
1 534 0 8 9 78 5809 16656 10 1 140 0.32 30 121 0
1 534 0 8 9 78 5809 16656 5 2 140 0.07 18 113 0
1 534 0 8 9 78 5809 16656 19 2 140 1.11 46 108 2
1 534 0 8 9 78 5809 16656 11 2 140 0.31 31 106 0
1 534 0 8 9 78 5809 16656 10 2 140 0.29 31 103 0
1 534 0 8 12 78 5803 16715 10 2 140 0.4 34 125 0
1 534 0 8 12 78 5803 16715 8 2 140 0.08 20 124 0
1 534 0 8 12 78 5803 16715 7 1 140 0.07 19 123 0
1 534 0 8 12 78 5803 16715 12 2 140 0.32 32 126 0
1 534 0 8 12 78 5803 16715 5 2 140 0.07 19 139 0
1 534 0 8 12 78 5803 16715 9 2 140 0.36 32 128 0
1 534 0 8 12 78 5803 16715 5 2 140 0.06 19 129 0
1 534 0 8 12 78 5803 16715 5 2 140 0.08 20 133 0
1 534 0 8 12 78 5803 16715 15 2 140 0.4 34 134 0
1 534 0 8 12 78 5803 16715 16 2 140 0.48 35 135 0
1 534 0 8 12 78 5803 16715 5 2 140 0.07 19 136 0
1 534 0 8 12 78 5803 16715 16 2 140 0.54 37 137 0
1 534 0 8 12 78 5803 16715 5 2 140 0.07 19 138 0
1 534 0 8 12 78 5803 16715 13 2 140 0.51 34 140 0
1 534 0 8 12 78 5803 16715 5 2 140 0.06 20 131 0
1 534 0 8 12 78 5803 16715 8 2 140 0.09 21 132 0
1 534 0 8 12 78 5803 16715 13 2 140 0.36 32 130 0
1 534 0 8 12 78 5803 16715 6 2 140 0.07 19 127 0
1 534 0 8 12 78 5803 16715 6 1 140 0.06 19 122 0
1 534 0 8 13 78 5806 16722 16 1 140 0.31 31 141 0
1 534 0 8 13 78 5806 16722 12 2 140 0.32 32 145 0
1 534 0 8 13 78 5806 16722 13 2 140 0.44 33 144 0
1 534 0 8 13 78 5806 16722 11 1 140 0.28 31 142 0
1 534 0 8 13 78 5806 16722 15 2 140 0.37 33 146 0
1 534 0 8 13 78 5806 16722 12 1 140 0.27 31 143 0
1 534 0 8 13 78 5806 16722 12 2 140 0.37 33 147 0
1 534 0 8 13 78 5806 16722 15 2 140 0.45 34 151 0
1 534 0 8 13 78 5806 16722 16 2 140 0.55 35 149 0
1 534 0 8 13 78 5806 16722 15 2 140 0.44 34 150 0
1 534 0 8 13 78 5806 16722 13 2 140 0.4 33 148 0
1 534 0 8 15 78 5806 16703 13 2 140 0.64 38 153 0
1 534 0 8 15 78 5806 16703 15 2 140 0.54 36 157 0
1 534 0 8 15 78 5806 16703 16 2 140 0.55 36 158 0
1 534 0 8 15 78 5806 16703 11 2 140 0.45 33 156 0
1 534 0 8 15 78 5806 16703 14 2 140 0.63 37 154 0
1 534 0 8 15 78 5806 16703 12 2 140 0.6 35 159 0
1 534 0 8 15 78 5806 16703 12 1 140 0.44 34 163 0
1 534 0 8 15 78 5806 16703 5 2 140 0.06 18 155 0
1 534 0 8 15 78 5806 16703 17 2 140 0.81 40 161 0
1 534 0 8 15 78 5806 16703 15 1 140 0.59 36 162 0
1 534 0 8 15 78 5806 16703 19 2 140 1.33 48 152 2
1 534 0 8 16 78 5802 16700 5 2 140 0.05 17 166 0
1 534 0 8 16 78 5802 16700 6 2 140 0.07 18 164 0
1 534 0 8 16 78 5802 16700 5 2 140 0.06 17 165 0
1 534 0 8 16 78 5802 16700 5 1 140 0.06 17 168 0
1 534 0 8 17 78 5812 16733 12 2 140 0.63 39 171 0
1 534 0 8 17 78 5812 16733 15 2 140 0.62 36 172 0
1 534 0 8 17 78 5812 16733 14 2 140 0.66 36 170 0
1 534 0 8 17 78 5812 16733 17 2 140 0.6 37 169 0
1 534 0 8 18 78 5820 16736 13 2 140 0.52 35 174 0
1 534 0 8 18 78 5820 16736 5 1 140 0.06 17 175 0
1 534 0 8 18 78 5820 16736 13 2 140 0.51 36 173 0
1 534 0 8 19 78 5823 16738 19 2 140 0.68 39 182 0
1 534 0 8 19 78 5823 16738 5 1 140 0.05 18 186 0
1 534 0 8 19 78 5823 16738 20 2 140 1.03 41 176 0
1 534 0 8 19 78 5823 16738 15 2 140 0.7 38 177 0
1 534 0 8 19 78 5823 16738 13 2 140 0.54 38 179 0
1 534 0 8 19 78 5823 16738 17 2 140 0.87 41 180 0
1 534 0 8 19 78 5823 16738 11 2 140 0.56 35 181 0
1 534 0 8 19 78 5823 16738 14 1 140 0.42 33 183 0
1 534 0 8 19 78 5823 16738 5 1 140 0.08 19 184 0
1 534 0 8 19 78 5823 16738 5 1 140 0.06 18 185 0
1 534 0 8 19 78 5823 16738 5 1 140 0.06 18 187 0
1 534 0 8 19 78 5823 16738 13 1 140 0.05 17 188 0
1 534 0 8 22 78 5809 16716 18 2 140 0.67 40 190 2
1 534 0 8 22 78 5809 16716 18 2 140 0.63 38 191 2
1 534 0 8 22 78 5809 16716 13 2 140 0.62 38 189 2
1 534 0 8 23 78 5811 16706 7 1 140 0.07 19 193 2
1 534 0 8 23 78 5811 16706 5 1 140 0.06 18 194 2
1 534 0 8 23 78 5811 16706 17 2 140 0.65 39 192 2
1 534 0 8 24 78 5805 16631 5 2 140 0.06 17 199 0
1 534 0 8 24 78 5805 16631 5 2 140 0.06 16 200 0
1 534 0 8 24 78 5805 16631 5 1 140 0.05 17 201 0
1 534 0 8 24 78 5805 16631 5 1 140 0.06 17 202 0
1 534 0 8 24 78 5805 16631 6 2 140 0.06 17 197 0
1 534 0 8 24 78 5805 16631 5 2 140 0.05 17 198 0
1 534 0 8 24 78 5805 16631 5 2 140 0.05 16 196 0
1 534 0 8 24 78 5805 16631 19 2 140 0.58 37 195 0
1 534 0 8 5 78 5800 16633 11 1 140 0.2 26 2 0
1 534 0 8 5 78 5800 16633 10 1 140 0.21 27 21 0
1 534 0 8 5 78 5800 16633 12 1 140 0.15 24 24 0
1 534 0 8 5 78 5800 16633 8 1 140 0.12 21 25 0
1 534 0 8 5 78 5800 16633 8 1 140 0.14 23 27 0
1 534 0 8 5 78 5800 16633 8 1 140 0.26 28 28 0
1 534 0 8 5 78 5800 16633 7 1 140 0.14 23 30 0
1 534 0 8 5 78 5800 16633 8 1 140 0.11 21 31 0
1 534 0 8 5 78 5800 16633 7 1 140 0.14 22 32 0
1 534 0 8 5 78 5800 16633 9 1 140 0.2 26 11 0
1 534 0 8 5 78 5800 16633 8 1 140 0.15 22 12 0
1 534 0 8 5 78 5800 16633 5 1 140 0.1 20 13 0
1 534 0 8 5 78 5800 16633 10 1 140 0.25 27 15 0
1 534 0 8 5 78 5800 16633 14 1 140 0.37 31 17 0
1 534 0 8 5 78 5800 16633 7 1 140 0.15 23 19 0
1 534 0 8 5 78 5800 16633 8 1 140 0.13 22 20 0
1 534 0 8 5 78 5800 16633 11 1 140 0.25 28 3 0
1 534 0 8 5 78 5800 16633 9 1 140 0.22 27 4 0
1 534 0 8 5 78 5800 16633 11 1 140 0.27 29 5 0
1 534 0 8 5 78 5800 16633 7 1 140 0.14 23 6 0
1 534 0 8 5 78 5800 16633 9 1 140 0.13 22 7 0
1 534 0 8 5 78 5800 16633 12 1 140 0.28 28 8 0
1 534 0 8 5 78 5800 16633 11 1 140 0.2 25 9 0
1 534 0 8 5 78 5800 16633 8 1 140 0.22 27 10 0
1 534 0 8 5 78 5800 16633 8 1 140 0.1 20 34 0
1 534 0 8 5 78 5800 16633 8 1 140 0.16 24 35 0
1 534 0 8 5 78 5800 16633 9 1 140 0.15 24 36 0
1 534 0 8 5 78 5800 16633 11 1 140 0.26 28 37 0
1 534 0 8 5 78 5800 16633 10 1 140 0.23 28 38 0
1 534 0 8 5 78 5800 16633 5 1 140 0.09 19 39 0
1 534 0 8 5 78 5800 16633 10 2 140 0.24 28 40 0
1 534 0 8 5 78 5800 16633 8 2 140 0.14 23 41 0
1 534 0 8 5 78 5800 16633 10 2 140 0.23 27 50 0
1 534 0 8 5 78 5800 16633 6 2 140 0.11 20 51 0
1 534 0 8 5 78 5800 16633 9 2 140 0.2 26 53 0
1 534 0 8 5 78 5800 16633 10 2 140 0.21 27 54 0
1 534 0 8 5 78 5800 16633 10 2 140 0.25 28 55 0
1 534 0 8 5 78 5800 16633 10 2 140 0.21 27 57 0
1 534 0 8 5 78 5800 16633 13 2 140 0.28 31 58 0
1 534 0 8 5 78 5800 16633 9 2 140 0.24 28 59 0
1 534 0 8 5 78 5800 16633 6 1 140 0.12 21 14 0
1 534 0 8 5 78 5800 16633 12 1 140 0.31 30 18 0
1 534 0 8 5 78 5800 16633 8 1 140 0.15 24 22 0
1 534 0 8 5 78 5800 16633 11 1 140 0.18 25 26 0
1 534 0 8 5 78 5800 16633 9 1 140 0.18 25 29 0
1 534 0 8 5 78 5800 16633 8 2 140 0.2 25 52 0
1 534 0 8 5 78 5800 16633 11 2 140 0.25 28 56 0
1 534 0 8 5 78 5800 16633 10 2 140 0.31 30 60 0
1 534 0 8 5 78 5800 16633 11 1 140 0.22 29 23 0
1 534 0 8 5 78 5800 16633 11 2 140 0.3 29 42 0
1 534 0 8 5 78 5800 16633 8 2 140 0.12 22 43 0
1 534 0 8 5 78 5800 16633 10 2 140 0.26 30 44 0
1 534 0 8 5 78 5800 16633 10 2 140 0.25 28 45 0
1 534 0 8 5 78 5800 16633 8 2 140 0.15 23 46 0
1 534 0 8 5 78 5800 16633 9 2 140 0.16 24 47 0
1 534 0 8 5 78 5800 16633 7 2 140 0.16 22 48 0
1 534 0 8 5 78 5800 16633 10 2 140 0.27 27 49 0
1 534 0 8 5 78 5800 16633 9 1 140 0.21 27 1 0
1 513 0 9 16 78 5758 16728 14 1 140 0.39 32 241 0
1 513 0 9 17 78 5755 16724 14 1 140 0.38 33 242 0
1 513 0 9 23 78 5702 16609 11 2 140 0.29 29 10 0
1 513 0 9 23 78 5702 16609 8 2 140 0.23 25 2 0
1 513 0 9 23 78 5702 16609 10 2 140 0.27 28 6 0
1 513 0 9 23 78 5702 16609 8 1 140 0.21 25 3 0
1 513 0 9 23 78 5702 16609 10 2 140 0.2 23 9 0
1 513 0 9 23 78 5702 16609 10 2 140 0.23 26 8 0
1 513 0 9 23 78 5702 16609 9 2 140 0.2 24 7 0
1 513 0 9 23 78 5702 16609 7 2 140 0.2 24 5 0
1 513 0 9 23 78 5702 16609 9 2 140 0.22 26 4 0
1 513 0 9 23 78 5702 16609 11 2 140 0.35 30 1 0
1 513 0 9 25 78 5734 16624 8 1 140 0.22 28 20 0
1 513 0 9 25 78 5734 16624 13 1 140 0.32 32 19 0
1 513 0 9 25 78 5734 16624 13 1 140 0.3 29 18 0
1 513 0 9 25 78 5734 16624 5 2 140 0.09 21 17 0
1 513 0 9 25 78 5734 16624 8 1 140 0.19 26 16 0
1 513 0 9 25 78 5734 16624 11 1 140 0.2 27 15 0
1 513 0 9 25 78 5734 16624 6 1 140 0.11 22 14 0
1 513 0 9 25 78 5734 16624 8 1 140 0.1 21 13 0
1 513 0 9 25 78 5734 16624 11 2 140 0.35 31 12 0
1 513 0 9 25 78 5734 16624 5 2 140 0.05 18 11 0
