1 514 14 5 23 91 5812 15935 -9 2 140 0.35 32 150 1
1 514 14 5 23 91 5812 15935 -9 2 140 0.22 28 149 1
1 514 14 5 23 91 5812 15935 -9 2 140 0.3 30 148 1
1 514 14 5 23 91 5812 15935 -9 2 140 0.47 35 147 1
1 514 14 5 23 91 5812 15935 -9 2 140 0.39 33 146 1
1 514 14 5 23 91 5812 15935 -9 2 140 0.31 30 145 1
1 514 14 5 23 91 5812 15935 -9 2 140 0.58 36 144 1
1 514 14 5 23 91 5812 15935 -9 2 140 0.29 31 143 1
1 514 14 5 23 91 5812 15935 -9 2 140 0.67 36 142 1
1 514 14 5 23 91 5812 15935 -9 2 140 0.27 29 141 1
1 514 14 5 23 91 5812 15935 -9 1 140 0.15 24 140 1
1 514 14 5 23 91 5812 15935 -9 1 140 0.12 22 139 1
1 514 14 5 23 91 5812 15935 -9 1 140 0.39 32 138 1
1 514 14 5 23 91 5812 15935 -9 1 140 0.35 32 137 1
1 514 14 5 23 91 5812 15935 -9 1 140 0.23 27 136 1
1 514 14 5 23 91 5812 15935 -9 1 140 0.35 33 135 1
1 514 14 5 23 91 5812 15935 -9 1 140 0.24 28 134 1
1 514 14 5 23 91 5812 15935 -9 1 140 0.33 31 133 1
1 514 14 5 23 91 5812 15935 -9 1 140 0.23 27 132 1
1 514 14 5 23 91 5812 15935 -9 1 140 0.33 30 131 1
1 514 25 5 5 91 5802 16035 -9 2 140 0.14 25 90 1
1 514 25 5 5 91 5802 16035 -9 2 140 0.19 26 89 1
1 514 25 5 5 91 5802 16035 -9 2 140 0.53 35 88 1
1 514 25 5 5 91 5802 16035 -9 2 140 0.33 31 87 1
1 514 25 5 5 91 5802 16035 -9 2 140 0.26 30 86 1
1 514 25 5 5 91 5802 16035 -9 2 140 0.12 23 85 1
1 514 25 5 5 91 5802 16035 -9 2 140 0.39 32 84 1
1 514 25 5 5 91 5802 16035 -9 2 140 0.63 37 83 1
1 514 25 5 5 91 5802 16035 -9 2 140 0.25 28 82 1
1 514 25 5 5 91 5802 16035 -9 2 140 0.35 33 81 1
1 514 25 5 5 91 5802 16035 -9 1 140 0.23 29 80 1
1 514 25 5 5 91 5802 16035 -9 1 140 0.32 32 79 1
1 514 25 5 5 91 5802 16035 -9 1 140 0.33 32 78 1
1 514 25 5 5 91 5802 16035 -9 1 140 0.29 30 77 1
1 514 25 5 5 91 5802 16035 -9 1 140 0.27 30 76 1
1 514 25 5 5 91 5802 16035 -9 1 140 0.09 21 75 1
1 514 25 5 5 91 5802 16035 -9 1 140 0.25 29 74 1
1 514 25 5 5 91 5802 16035 -9 1 140 0.21 27 73 1
1 514 25 5 5 91 5802 16035 -9 1 140 0.08 20 72 1
1 514 25 5 5 91 5802 16035 -9 1 140 0.2 27 71 1
1 514 5 5 25 91 5836 15923 -9 2 140 0.04 15 170 1
1 514 5 5 25 91 5836 15923 -9 2 140 0.32 30 169 1
1 514 5 5 25 91 5836 15923 -9 2 140 0.69 39 168 1
1 514 5 5 25 91 5836 15923 -9 2 140 0.24 29 167 1
1 514 5 5 25 91 5836 15923 -9 2 140 0.57 35 166 1
1 514 5 5 25 91 5836 15923 -9 2 140 0.09 20 165 1
1 514 5 5 25 91 5836 15923 -9 2 140 0.37 32 164 1
1 514 5 5 25 91 5836 15923 -9 2 140 0.72 39 163 1
1 514 5 5 25 91 5836 15923 -9 2 140 0.63 37 162 1
1 514 5 5 25 91 5836 15923 -9 2 140 0.32 31 161 1
1 514 5 5 25 91 5836 15923 -9 1 140 0.48 36 160 1
1 514 5 5 25 91 5836 15923 -9 1 140 0.07 17 159 1
1 514 5 5 25 91 5836 15923 -9 1 140 0.14 23 158 1
1 514 5 5 25 91 5836 15923 -9 1 140 0.37 33 157 1
1 514 5 5 25 91 5836 15923 -9 1 140 0.36 33 156 1
1 514 5 5 25 91 5836 15923 -9 1 140 0.36 33 155 1
1 514 5 5 25 91 5836 15923 -9 1 140 0.22 26 154 1
1 514 5 5 25 91 5836 15923 -9 1 140 0.13 22 153 1
1 514 5 5 25 91 5836 15923 -9 1 140 0.13 23 152 1
1 514 5 5 25 91 5836 15923 -9 1 140 0.17 26 151 1
1 514 5 5 31 91 5825 15913 -9 2 140 0.23 29 190 1
1 514 5 5 31 91 5825 15913 -9 2 140 0.31 30 189 1
1 514 5 5 31 91 5825 15913 -9 2 140 0.45 36 188 1
1 514 5 5 31 91 5825 15913 -9 2 140 0.03 15 187 1
1 514 5 5 31 91 5825 15913 -9 2 140 0.48 35 186 1
1 514 5 5 31 91 5825 15913 -9 2 140 0.43 35 185 1
1 514 5 5 31 91 5825 15913 -9 2 140 0.02 15 184 1
1 514 5 5 31 91 5825 15913 -9 2 140 0.57 37 183 1
1 514 5 5 31 91 5825 15913 -9 2 140 0.59 37 182 1
1 514 5 5 31 91 5825 15913 -9 2 140 0.49 36 181 1
1 514 5 5 31 91 5825 15913 -9 1 140 0.54 38 180 1
1 514 5 5 31 91 5825 15913 -9 1 140 0.13 25 179 1
1 514 5 5 31 91 5825 15913 -9 1 140 0.05 20 178 1
1 514 5 5 31 91 5825 15913 -9 1 140 0.09 21 177 1
1 514 5 5 31 91 5825 15913 -9 1 140 0.07 20 176 1
1 514 5 5 31 91 5825 15913 -9 1 140 0.16 26 175 1
1 514 5 5 31 91 5825 15913 -9 1 140 0.08 21 174 1
1 514 5 5 31 91 5825 15913 -9 1 140 0.11 24 173 1
1 514 5 5 31 91 5825 15913 -9 1 140 0.16 26 172 1
1 514 5 5 31 91 5825 15913 -9 1 140 0.4 34 171 1
1 514 5 5 18 91 5842 15935 -9 2 140 0.39 32 110 1
1 514 5 5 18 91 5842 15935 -9 2 140 0.5 34 109 1
1 514 5 5 18 91 5842 15935 -9 2 140 0.36 32 108 1
1 514 5 5 18 91 5842 15935 -9 2 140 0.61 36 107 1
1 514 5 5 18 91 5842 15935 -9 2 140 0.33 31 106 1
1 514 5 5 18 91 5842 15935 -9 2 140 0.37 33 105 1
1 514 5 5 18 91 5842 15935 -9 2 140 0.35 31 104 1
1 514 5 5 18 91 5842 15935 -9 2 140 0.17 25 103 1
1 514 5 5 18 91 5842 15935 -9 2 140 0.25 28 102 1
1 514 5 5 18 91 5842 15935 -9 2 140 0.45 34 101 1
1 514 5 5 18 91 5842 15935 -9 1 140 0.3 30 100 1
1 514 5 5 18 91 5842 15935 -9 1 140 0.25 29 99 1
1 514 5 5 18 91 5842 15935 -9 1 140 0.33 32 98 1
1 514 5 5 18 91 5842 15935 -9 1 140 0.15 25 97 1
1 514 5 5 18 91 5842 15935 -9 1 140 0.25 29 96 1
1 514 5 5 18 91 5842 15935 -9 1 140 0.31 31 95 1
1 514 5 5 18 91 5842 15935 -9 1 140 0.26 29 94 1
1 514 5 5 18 91 5842 15935 -9 1 140 0.21 27 93 1
1 514 5 5 18 91 5842 15935 -9 1 140 0.2 28 92 1
1 514 5 5 18 91 5842 15935 -9 1 140 0.23 28 91 1
1 514 5 5 21 91 5843 15939 -9 2 140 0.56 34 130 1
1 514 5 5 21 91 5843 15939 -9 2 140 0.11 20 129 1
1 514 5 5 21 91 5843 15939 -9 2 140 0.5 34 128 1
1 514 5 5 21 91 5843 15939 -9 2 140 0.49 34 127 1
1 514 5 5 21 91 5843 15939 -9 2 140 0.43 33 126 1
1 514 5 5 21 91 5843 15939 -9 2 140 0.47 33 125 1
1 514 5 5 21 91 5843 15939 -9 2 140 0.61 37 124 1
1 514 5 5 21 91 5843 15939 -9 2 140 0.79 39 123 1
1 514 5 5 21 91 5843 15939 -9 2 140 0.17 25 122 1
1 514 5 5 21 91 5843 15939 -9 2 140 0.56 34 121 1
1 514 5 5 21 91 5843 15939 -9 1 140 0.32 31 120 1
1 514 5 5 21 91 5843 15939 -9 1 140 0.27 28 119 1
1 514 5 5 21 91 5843 15939 -9 1 140 0.33 31 118 1
1 514 5 5 21 91 5843 15939 -9 1 140 0.31 30 117 1
1 514 5 5 21 91 5843 15939 -9 1 140 0.21 26 116 1
1 514 5 5 21 91 5843 15939 -9 1 140 0.2 25 115 1
1 514 5 5 21 91 5843 15939 -9 1 140 0.04 15 114 1
1 514 5 5 21 91 5843 15939 -9 1 140 0.36 31 113 1
1 514 5 5 21 91 5843 15939 -9 1 140 0.26 28 112 1
1 514 5 5 21 91 5843 15939 -9 1 140 0.44 33 111 1
1 514 4 5 26 91 5840 15924 -9 1 140 0.25 27 210 1
1 514 4 5 26 91 5840 15924 -9 1 140 0.35 32 209 1
1 514 4 5 26 91 5840 15924 -9 1 140 0.23 28 208 1
1 514 4 5 26 91 5840 15924 -9 1 140 0.2 26 207 1
1 514 4 5 26 91 5840 15924 -9 1 140 0.25 31 206 1
1 514 4 5 26 91 5840 15924 -9 2 140 0.6 35 205 1
1 514 4 5 26 91 5840 15924 -9 2 140 0.43 33 204 1
1 514 4 5 26 91 5840 15924 -9 2 140 0.45 35 203 1
1 514 4 5 26 91 5840 15924 -9 2 140 0.43 32 202 1
1 514 4 5 26 91 5840 15924 -9 2 140 0.33 31 201 1
1 514 4 5 30 91 5841 15926 -9 2 140 0.51 35 230 1
1 514 4 5 30 91 5841 15926 -9 2 140 0.41 32 229 1
1 514 4 5 30 91 5841 15926 -9 2 140 0.4 33 228 1
1 514 4 5 30 91 5841 15926 -9 2 140 0.32 31 227 1
1 514 4 5 30 91 5841 15926 -9 2 140 0.36 25 226 1
1 514 4 5 30 91 5841 15926 -9 1 140 0.5 32 225 1
1 514 4 5 30 91 5841 15926 -9 1 140 0.24 28 224 1
1 514 4 5 30 91 5841 15926 -9 1 140 0.05 17 223 1
1 514 4 5 30 91 5841 15926 -9 1 140 0.2 27 222 1
1 514 4 5 30 91 5841 15926 -9 1 140 0.24 27 221 1
1 514 8 6 3 91 5846 15940 -9 2 140 0.49 36 22 1
1 514 8 6 3 91 5846 15940 -9 2 140 0.24 28 21 1
1 514 8 6 3 91 5846 15940 -9 1 140 0.27 30 40 1
1 514 8 6 3 91 5846 15940 -9 1 140 0.36 33 39 1
1 514 8 6 3 91 5846 15940 -9 1 140 0.25 30 38 1
1 514 8 6 3 91 5846 15940 -9 1 140 0.23 28 37 1
1 514 8 6 3 91 5846 15940 -9 1 140 0.38 35 36 1
1 514 8 6 3 91 5846 15940 -9 1 140 0.27 30 35 1
1 514 8 6 3 91 5846 15940 -9 1 140 0.14 26 34 1
1 514 8 6 3 91 5846 15940 -9 1 140 0.28 30 33 1
1 514 8 6 3 91 5846 15940 -9 1 140 0.3 32 32 1
1 514 8 6 3 91 5846 15940 -9 1 140 0.25 28 31 1
1 514 8 6 3 91 5846 15940 -9 2 140 0.51 37 30 1
1 514 8 6 3 91 5846 15940 -9 2 140 0.32 32 29 1
1 514 8 6 3 91 5846 15940 -9 2 140 0.36 34 28 1
1 514 8 6 3 91 5846 15940 -9 2 140 0.44 34 27 1
1 514 8 6 3 91 5846 15940 -9 2 140 0.29 32 26 1
1 514 8 6 3 91 5846 15940 -9 2 140 0.25 29 25 1
1 514 8 6 3 91 5846 15940 -9 2 140 0.57 37 24 1
1 514 8 6 3 91 5846 15940 -9 2 140 0.57 37 23 1
1 514 10 6 4 91 5843 15937 -9 1 140 0.3 32 60 1
1 514 10 6 4 91 5843 15937 -9 1 140 0.34 32 59 1
1 514 10 6 4 91 5843 15937 -9 1 140 0.37 34 58 1
1 514 10 6 4 91 5843 15937 -9 1 140 0.41 34 57 1
1 514 10 6 4 91 5843 15937 -9 1 140 0.19 27 56 1
1 514 10 6 4 91 5843 15937 -9 1 140 0.14 25 55 1
1 514 10 6 4 91 5843 15937 -9 1 140 0.33 32 54 1
1 514 10 6 4 91 5843 15937 -9 1 140 0.14 24 53 1
1 514 10 6 4 91 5843 15937 -9 1 140 0.35 33 52 1
1 514 10 6 4 91 5843 15937 -9 1 140 0.29 30 51 1
1 514 10 6 4 91 5843 15937 -9 2 140 0.28 31 50 1
1 514 10 6 4 91 5843 15937 -9 2 140 0.37 33 49 1
1 514 10 6 4 91 5843 15937 -9 2 140 0.32 33 48 1
1 514 10 6 4 91 5843 15937 -9 2 140 0.48 36 47 1
1 514 10 6 4 91 5843 15937 -9 2 140 0.44 35 46 1
1 514 10 6 4 91 5843 15937 -9 2 140 0.42 35 45 1
1 514 10 6 4 91 5843 15937 -9 2 140 0.26 29 44 1
1 514 10 6 4 91 5843 15937 -9 2 140 0.43 33 43 1
1 514 10 6 4 91 5843 15937 -9 2 140 0.54 36 42 1
1 514 10 6 4 91 5843 15937 -9 2 140 0.35 33 41 1
1 514 9 6 5 91 5844 15940 -9 1 140 0.26 31 80 1
1 514 9 6 5 91 5844 15940 -9 1 140 0.3 31 79 1
1 514 9 6 5 91 5844 15940 -9 1 140 0.2 27 78 1
1 514 9 6 5 91 5844 15940 -9 1 140 0.16 26 77 1
1 514 9 6 5 91 5844 15940 -9 1 140 0.25 28 76 1
1 514 9 6 5 91 5844 15940 -9 1 140 0.29 31 75 1
1 514 9 6 5 91 5844 15940 -9 1 140 0.28 31 74 1
1 514 9 6 5 91 5844 15940 -9 1 140 0.19 27 73 1
1 514 9 6 5 91 5844 15940 -9 1 140 0.23 27 72 1
1 514 9 6 5 91 5844 15940 -9 1 140 0.19 27 71 1
1 514 9 6 5 91 5844 15940 -9 2 140 0.49 40 70 1
1 514 9 6 5 91 5844 15940 -9 2 140 0.47 35 69 1
1 514 9 6 5 91 5844 15940 -9 2 140 0.34 31 68 1
1 514 9 6 5 91 5844 15940 -9 2 140 0.48 35 67 1
1 514 9 6 5 91 5844 15940 -9 2 140 0.64 37 66 1
1 514 9 6 5 91 5844 15940 -9 2 140 0.54 38 65 1
1 514 9 6 5 91 5844 15940 -9 2 140 0.52 35 64 1
1 514 9 6 5 91 5844 15940 -9 2 140 0.5 36 63 1
1 514 9 6 5 91 5844 15940 -9 2 140 0.28 31 62 1
1 514 9 6 5 91 5844 15940 -9 2 140 0.28 31 61 1
1 514 9 6 6 91 5843 15938 -9 1 140 0.13 22 100 1
1 514 9 6 6 91 5843 15938 -9 1 140 0.16 24 99 1
1 514 9 6 6 91 5843 15938 -9 1 140 0.12 22 98 1
1 514 9 6 6 91 5843 15938 -9 1 140 0.19 25 97 1
1 514 9 6 6 91 5843 15938 -9 1 140 0.1 21 96 1
1 514 9 6 6 91 5843 15938 -9 1 140 0.18 26 95 1
1 514 9 6 6 91 5843 15938 -9 1 140 0.1 22 94 1
1 514 9 6 6 91 5843 15938 -9 1 140 0.19 26 93 1
1 514 9 6 6 91 5843 15938 -9 1 140 0.14 23 92 1
1 514 9 6 6 91 5843 15938 -9 1 140 0.25 28 91 1
1 514 9 6 6 91 5843 15938 -9 2 140 0.87 39 90 1
1 514 9 6 6 91 5843 15938 -9 2 140 0.29 29 89 1
1 514 9 6 6 91 5843 15938 -9 2 140 0.65 37 88 1
1 514 9 6 6 91 5843 15938 -9 2 140 1.15 43 87 1
1 514 9 6 6 91 5843 15938 -9 2 140 0.84 41 86 1
1 514 9 6 6 91 5843 15938 -9 2 140 0.8 39 85 1
1 514 9 6 6 91 5843 15938 -9 2 140 0.76 41 84 1
1 514 9 6 6 91 5843 15938 -9 2 140 0.81 39 83 1
1 514 9 6 6 91 5843 15938 -9 2 140 0.81 38 82 1
1 514 9 6 6 91 5843 15938 -9 2 140 0.57 36 81 1
1 514 7 6 11 91 5844 15940 -9 2 140 0.48 35 240 1
1 514 7 6 11 91 5844 15940 -9 2 140 0.55 37 239 1
1 514 7 6 11 91 5844 15940 -9 2 140 0.45 32 238 1
1 514 7 6 11 91 5844 15940 -9 2 140 0.43 34 237 1
1 514 7 6 11 91 5844 15940 -9 2 140 0.4 31 236 1
1 514 7 6 11 91 5844 15940 -9 1 140 0.6 35 235 1
1 514 7 6 11 91 5844 15940 -9 1 140 0.38 30 234 1
1 514 7 6 11 91 5844 15940 -9 1 140 0.3 28 233 1
1 514 7 6 11 91 5844 15940 -9 1 140 0.55 35 232 1
1 514 7 6 11 91 5844 15940 -9 1 140 0.23 31 231 1
1 514 8 6 19 91 5838 15935 -9 2 140 0.35 31 250 1
1 514 8 6 19 91 5838 15935 -9 2 140 0.45 32 249 1
1 514 8 6 19 91 5838 15935 -9 2 140 0.35 33 248 1
1 514 8 6 19 91 5838 15935 -9 2 140 0.6 34 247 1
1 514 8 6 19 91 5838 15935 -9 2 140 1.1 41 246 1
1 514 8 6 19 91 5838 15935 -9 1 140 0.3 29 245 1
1 514 8 6 19 91 5838 15935 -9 1 140 0.33 30 244 1
1 514 8 6 19 91 5838 15935 -9 1 140 0.23 27 243 1
1 514 8 6 19 91 5838 15935 -9 1 140 0.25 21 242 1
1 514 8 6 19 91 5838 15935 -9 1 140 0.35 30 241 1
1 514 36 7 5 91 5803 16855 -9 1 140 0.34 29 220 1
1 514 36 7 5 91 5803 16855 -9 1 140 0.25 28 219 1
1 514 36 7 5 91 5803 16855 -9 1 140 0.35 29 218 1
1 514 36 7 5 91 5803 16855 -9 1 140 0.45 33 217 1
1 514 36 7 5 91 5803 16855 -9 1 140 0.16 21 216 1
1 514 36 7 5 91 5803 16855 -9 2 140 0.25 29 215 1
1 514 36 7 5 91 5803 16855 -9 2 140 0.28 29 214 1
1 514 36 7 5 91 5803 16855 -9 2 140 0.65 39 213 1
1 514 36 7 5 91 5803 16855 -9 2 140 0.65 37 212 1
1 514 36 7 5 91 5803 16855 -9 2 140 0.5 33 211 1
1 514 36 7 5 91 5803 16855 -9 1 140 0.25 28 210 1
1 514 36 7 5 91 5803 16855 -9 1 140 0.2 26 209 1
1 514 36 7 5 91 5803 16855 -9 1 140 0.5 35 208 1
1 514 36 7 5 91 5803 16855 -9 1 140 0.1 21 207 1
1 514 36 7 5 91 5803 16855 -9 1 140 0.4 32 206 1
1 514 36 7 5 91 5803 16855 -9 2 140 0.45 33 205 1
1 514 36 7 5 91 5803 16855 -9 2 140 0.7 37 204 1
1 514 36 7 5 91 5803 16855 -9 2 140 0.15 25 203 1
1 514 36 7 5 91 5803 16855 -9 2 140 0.55 36 202 1
1 514 36 7 5 91 5803 16855 -9 2 140 0.25 29 201 1
1 514 36 7 6 91 5801 16755 -9 1 140 0.28 27 230 1
1 514 36 7 6 91 5801 16755 -9 1 140 0.33 30 229 1
1 514 36 7 6 91 5801 16755 -9 1 140 0.15 23 228 1
1 514 36 7 6 91 5801 16755 -9 1 140 0.31 30 227 1
1 514 36 7 6 91 5801 16755 -9 1 140 0.08 20 226 1
1 514 36 7 6 91 5801 16755 -9 2 140 0.3 29 225 1
1 514 36 7 6 91 5801 16755 -9 2 140 0.25 28 224 1
1 514 36 7 6 91 5801 16755 -9 2 140 0.1 22 223 1
1 514 36 7 6 91 5801 16755 -9 2 140 0.8 40 222 1
1 514 36 7 6 91 5801 16755 -9 2 140 0.15 23 221 1
1 514 34 7 6 91 5824 16752 -9 2 140 0.65 38 239 1
1 514 34 7 6 91 5824 16752 -9 1 140 0.08 20 238 1
1 514 34 7 6 91 5824 16752 -9 1 140 0.33 30 237 1
1 514 34 7 6 91 5824 16752 -9 1 140 0.29 30 236 1
1 514 34 7 6 91 5824 16752 -9 2 140 0.85 38 235 1
1 514 34 7 6 91 5824 16752 -9 2 140 0.15 23 234 1
1 514 34 7 6 91 5824 16752 -9 2 140 0.1 21 233 1
1 514 34 7 6 91 5824 16752 -9 2 140 0.15 23 232 1
1 514 34 7 6 91 5824 16752 -9 2 140 0.3 29 231 1
1 514 34 7 6 91 5824 16752 -9 2 140 0.25 27 240 1
1 514 20 7 8 91 5923 16759 -9 1 140 0.28 28 280 1
1 514 20 7 8 91 5923 16759 -9 1 140 0.15 24 279 1
1 514 20 7 8 91 5923 16759 -9 1 140 0.1 24 278 1
1 514 20 7 8 91 5923 16759 -9 1 140 0.1 21 277 1
1 514 20 7 8 91 5923 16759 -9 1 140 0.15 22 276 1
1 514 20 7 8 91 5923 16759 -9 2 140 0.15 24 275 1
1 514 20 7 8 91 5923 16759 -9 2 140 0.25 27 274 1
1 514 20 7 8 91 5923 16759 -9 2 140 0.9 39 273 1
1 514 20 7 8 91 5923 16759 -9 2 140 0.75 40 272 1
1 514 20 7 8 91 5923 16759 -9 2 140 0.25 27 271 1
1 514 21 7 9 91 5913 16822 -9 1 140 0.4 32 290 1
1 514 21 7 9 91 5913 16822 -9 1 140 0.18 25 289 1
1 514 21 7 9 91 5913 16822 -9 1 140 0.19 26 288 1
1 514 21 7 9 91 5913 16822 -9 1 140 0.21 27 287 1
1 514 21 7 9 91 5913 16822 -9 1 140 0.2 26 286 1
1 514 21 7 9 91 5913 16822 -9 2 140 0.2 25 285 1
1 514 21 7 9 91 5913 16822 -9 2 140 0.65 36 284 1
1 514 21 7 9 91 5913 16822 -9 2 140 0.2 26 283 1
1 514 21 7 9 91 5913 16822 -9 2 140 0.95 39 282 1
1 514 21 7 9 91 5913 16822 -9 2 140 0.55 34 281 1
1 514 20 7 9 91 5913 16824 -9 1 140 0.12 22 300 1
1 514 20 7 9 91 5913 16824 -9 1 140 0.17 25 299 1
1 514 20 7 9 91 5913 16824 -9 1 140 0.15 23 298 1
1 514 20 7 9 91 5913 16824 -9 1 140 0.25 28 297 1
1 514 20 7 9 91 5913 16824 -9 1 140 0.3 29 296 1
1 514 20 7 9 91 5913 16824 -9 2 140 0.65 37 295 1
1 514 20 7 9 91 5913 16824 -9 2 140 0.14 22 294 1
1 514 20 7 9 91 5913 16824 -9 2 140 0.18 24 293 1
1 514 20 7 9 91 5913 16824 -9 2 140 0.12 21 292 1
1 514 20 7 9 91 5913 16824 -9 2 140 0.3 30 291 1
1 514 21 7 10 91 5920 16806 -9 1 140 0.2 25 310 1
1 514 21 7 10 91 5920 16806 -9 1 140 0.3 28 309 1
1 514 21 7 10 91 5920 16806 -9 1 140 0.1 22 308 1
1 514 21 7 10 91 5920 16806 -9 1 140 0.22 26 307 1
1 514 21 7 10 91 5920 16806 -9 1 140 0.2 26 306 1
1 514 21 7 10 91 5920 16806 -9 2 140 0.6 36 305 1
1 514 21 7 10 91 5920 16806 -9 2 140 0.55 35 304 1
1 514 21 7 10 91 5920 16806 -9 2 140 0.32 30 303 1
1 514 21 7 10 91 5920 16806 -9 2 140 0.48 34 302 1
1 514 21 7 10 91 5920 16806 -9 2 140 0.15 22 301 1
1 514 20 7 11 91 5916 16816 -9 1 140 0.18 27 340 1
1 514 20 7 11 91 5916 16816 -9 1 140 0.3 29 339 1
1 514 20 7 11 91 5916 16816 -9 1 140 0.08 20 338 1
1 514 20 7 11 91 5916 16816 -9 1 140 0.36 31 337 1
1 514 20 7 11 91 5916 16816 -9 1 140 0.08 19 336 1
1 514 20 7 11 91 5916 16816 -9 2 140 0.1 22 335 1
1 514 20 7 11 91 5916 16816 -9 2 140 0.44 32 334 1
1 514 20 7 11 91 5916 16816 -9 2 140 0.46 33 333 1
1 514 20 7 11 91 5916 16816 -9 2 140 0.55 35 332 1
1 514 20 7 11 91 5916 16816 -9 2 140 0.18 25 331 1
1 514 28 7 13 91 5916 16815 -9 1 140 0.38 31 360 1
1 514 28 7 13 91 5916 16815 -9 1 140 0.4 31 359 1
1 514 28 7 13 91 5916 16815 -9 1 140 0.08 19 358 1
1 514 28 7 13 91 5916 16815 -9 1 140 0.35 31 357 1
1 514 28 7 13 91 5916 16815 -9 1 140 0.38 31 356 1
1 514 28 7 13 91 5916 16815 -9 2 140 0.12 21 355 1
1 514 28 7 13 91 5916 16815 -9 2 140 0.35 30 354 1
1 514 28 7 13 91 5916 16815 -9 2 140 0.55 34 353 1
1 514 28 7 13 91 5916 16815 -9 2 140 0.46 31 352 1
1 514 28 7 13 91 5916 16815 -9 2 140 0.35 31 351 1
1 514 16 6 13 91 5840 15939 -9 2 140 0.47 33 270 1
1 514 16 6 13 91 5840 15939 -9 2 140 0.5 38 269 1
1 514 16 6 13 91 5840 15939 -9 2 140 0.57 37 268 1
1 514 16 6 13 91 5840 15939 -9 2 140 0.65 39 267 1
1 514 16 6 13 91 5840 15939 -9 2 140 0.23 27 266 1
1 514 16 6 13 91 5840 15939 -9 1 140 0.23 29 265 1
1 514 16 6 13 91 5840 15939 -9 1 140 0.2 28 264 1
1 514 16 6 13 91 5840 15939 -9 1 140 0.12 21 263 1
1 514 16 6 13 91 5840 15939 -9 1 140 0.15 24 262 1
1 514 16 6 13 91 5840 15939 -9 1 140 0.53 36 261 1
1 514 17 6 14 91 5844 15934 -9 1 140 0.33 31 280 1
1 514 17 6 14 91 5844 15934 -9 1 140 0.13 23 279 1
1 514 17 6 14 91 5844 15934 -9 1 140 0.05 17 278 1
1 514 17 6 14 91 5844 15934 -9 2 140 0.05 17 277 1
1 514 17 6 14 91 5844 15934 -9 2 140 0.07 18 276 1
1 514 17 6 14 91 5844 15934 -9 2 140 0.15 24 275 1
1 514 17 6 14 91 5844 15934 -9 2 140 0.2 26 274 1
1 514 17 6 14 91 5844 15934 -9 2 140 0.23 28 273 1
1 514 17 6 14 91 5844 15934 -9 2 140 0.13 22 272 1
1 514 17 6 14 91 5844 15934 -9 2 140 0.2 27 271 1
1 514 17 6 6 91 5842 15935 -9 1 140 0.35 33 210 1
1 514 17 6 6 91 5842 15935 -9 1 140 0.17 26 209 1
1 514 17 6 6 91 5842 15935 -9 1 140 0.27 30 208 1
1 514 17 6 6 91 5842 15935 -9 1 140 0.23 28 207 1
1 514 17 6 6 91 5842 15935 -9 1 140 0.3 31 206 1
1 514 17 6 6 91 5842 15935 -9 2 140 0.5 38 205 1
1 514 17 6 6 91 5842 15935 -9 2 140 0.43 34 204 1
1 514 17 6 6 91 5842 15935 -9 2 140 0.5 36 203 1
1 514 17 6 6 91 5842 15935 -9 2 140 0.4 33 202 1
1 514 17 6 6 91 5842 15935 -9 2 140 0.25 29 201 1
1 514 13 6 17 91 5827 15920 -9 1 140 0.07 18 290 1
1 514 13 6 17 91 5827 15920 -9 1 140 0.2 27 289 1
1 514 13 6 17 91 5827 15920 -9 1 140 0.15 22 288 1
1 514 13 6 17 91 5827 15920 -9 1 140 0.27 30 287 1
1 514 13 6 17 91 5827 15920 -9 1 140 0.25 28 286 1
1 514 13 6 17 91 5827 15920 -9 2 140 0.45 35 285 1
1 514 13 6 17 91 5827 15920 -9 2 140 0.23 29 284 1
1 514 13 6 17 91 5827 15920 -9 2 140 0.24 28 283 1
1 514 13 6 17 91 5827 15920 -9 2 140 0.43 33 282 1
1 514 13 6 17 91 5827 15920 -9 2 140 0.22 27 281 1
1 514 14 6 20 91 5828 15922 -9 1 140 0.15 24 299 1
1 514 14 6 20 91 5828 15922 -9 1 140 0.3 29 298 1
1 514 14 6 20 91 5828 15922 -9 1 140 0.07 20 297 1
1 514 14 6 20 91 5828 15922 -9 1 140 0.4 33 296 1
1 514 14 6 20 91 5828 15922 -9 2 140 0.37 30 294 1
1 514 14 6 20 91 5828 15922 -9 2 140 0.45 34 293 1
1 514 14 6 20 91 5828 15922 -9 2 140 0.65 36 292 1
1 514 14 6 20 91 5828 15922 -9 2 140 0.53 37 291 1
1 514 17 6 7 91 5845 15940 -9 2 140 0.35 32 220 1
1 514 17 6 7 91 5845 15940 -9 2 140 0.05 16 219 1
1 514 17 6 7 91 5845 15940 -9 2 140 0.33 32 218 1
1 514 17 6 7 91 5845 15940 -9 2 140 0.28 31 217 1
1 514 17 6 7 91 5845 15940 -9 2 140 0.53 35 216 1
1 514 17 6 7 91 5845 15940 -9 1 140 0.4 33 215 1
1 514 17 6 7 91 5845 15940 -9 1 140 0.3 32 214 1
1 514 17 6 7 91 5845 15940 -9 1 140 0.1 21 213 1
1 514 17 6 7 91 5845 15940 -9 1 140 0.15 25 212 1
1 514 17 6 7 91 5845 15940 -9 1 140 0.23 27 211 1
1 514 15 6 10 91 5828 15920 -9 1 140 0.25 30 250 1
1 514 15 6 10 91 5828 15920 -9 1 140 0.33 31 249 1
1 514 15 6 10 91 5828 15920 -9 1 140 0.3 32 248 1
1 514 15 6 10 91 5828 15920 -9 1 140 0.23 27 247 1
1 514 15 6 10 91 5828 15920 -9 1 140 0.25 28 246 1
1 514 15 6 10 91 5828 15920 -9 2 140 0.45 35 245 1
1 514 15 6 10 91 5828 15920 -9 2 140 0.35 32 244 1
1 514 15 6 10 91 5828 15920 -9 2 140 0.33 30 243 1
1 514 15 6 10 91 5828 15920 -9 2 140 0.3 32 242 1
1 514 15 6 10 91 5828 15920 -9 2 140 0.43 35 241 1
1 514 22 8 22 91 6026 16922 7 1 140 0.3 26 150 1
1 514 22 8 22 91 6026 16922 10 1 140 0.3 26 149 1
1 514 22 8 22 91 6026 16922 8 1 140 0.27 25 148 1
1 514 22 8 22 91 6026 16922 8 1 140 0.26 25 147 1
1 514 22 8 22 91 6026 16922 -9 2 140 0.41 29 146 1
1 514 22 8 22 91 6026 16922 7 2 140 0.23 23 145 1
1 514 22 8 22 91 6026 16922 24 2 140 0.91 41 144 1
1 514 22 8 22 91 6026 16922 14 2 140 0.8 38 143 1
1 514 22 8 22 91 6026 16922 7 2 140 0.19 21 142 1
1 514 22 8 22 91 6026 16922 11 2 140 0.5 32 141 1
1 514 22 8 22 91 6026 16922 10 2 140 0.38 29 140 1
1 514 22 8 22 91 6026 16922 11 2 140 0.5 31 139 1
1 514 22 8 22 91 6026 16922 10 2 140 0.26 27 138 1
1 514 22 8 22 91 6026 16922 8 2 140 0.25 24 137 1
1 514 22 8 22 91 6026 16922 10 2 140 0.3 27 136 1
1 514 22 8 22 91 6026 16922 10 2 140 0.33 28 135 1
1 514 22 8 22 91 6026 16922 17 2 140 0.74 37 134 1
1 514 22 8 22 91 6026 16922 17 2 140 0.7 36 133 1
1 514 22 8 22 91 6026 16922 8 2 140 0.2 23 132 1
1 514 22 8 22 91 6026 16922 16 2 140 0.8 39 131 1
1 514 24 8 23 91 6009 16927 7 1 140 0.29 26 160 1
1 514 24 8 23 91 6009 16927 8 1 140 0.26 25 159 1
1 514 24 8 23 91 6009 16927 8 1 140 0.39 30 158 1
1 514 24 8 23 91 6009 16927 10 1 140 0.38 28 157 1
1 514 24 8 23 91 6009 16927 10 1 140 0.38 28 156 1
1 514 24 8 23 91 6009 16927 19 2 140 0.7 36 155 1
1 514 24 8 23 91 6009 16927 18 2 140 0.65 37 154 1
1 514 24 8 23 91 6009 16927 8 2 140 0.36 25 153 1
1 514 24 8 23 91 6009 16927 10 2 140 0.41 29 152 1
1 514 24 8 23 91 6009 16927 17 2 140 0.85 39 151 1
1 514 32 9 20 91 5831 16830 10 1 140 0.38 28 330 1
1 514 32 9 20 91 5831 16830 14 1 140 0.64 35 329 1
1 514 32 9 20 91 5831 16830 11 1 140 0.37 28 328 1
1 514 32 9 20 91 5831 16830 12 1 140 0.4 32 327 1
1 514 32 9 20 91 5831 16830 10 1 140 0.4 29 326 1
1 514 32 9 20 91 5831 16830 8 2 140 0.28 24 325 1
1 514 32 9 20 91 5831 16830 10 2 140 0.4 28 324 1
1 514 32 9 20 91 5831 16830 12 2 140 0.64 35 323 1
1 514 32 9 20 91 5831 16830 19 2 140 0.91 40 322 1
1 514 32 9 20 91 5831 16830 15 2 140 0.7 34 321 1
1 514 24 8 26 91 5950 16913 10 1 140 0.4 31 190 1
1 514 24 8 26 91 5950 16913 12 1 140 0.4 31 189 1
1 514 24 8 26 91 5950 16913 19 1 140 1 42 188 1
1 514 24 8 26 91 5950 16913 10 1 140 0.39 31 187 1
1 514 24 8 26 91 5950 16913 8 1 140 0.38 29 186 1
1 514 24 8 26 91 5950 16913 11 2 140 0.44 33 185 1
1 514 24 8 26 91 5950 16913 10 2 140 0.43 31 184 1
1 514 24 8 26 91 5950 16913 10 2 140 0.5 33 183 1
1 514 24 8 26 91 5950 16913 17 2 140 0.8 38 182 1
1 514 24 8 26 91 5950 16913 11 2 140 0.62 34 181 1
1 514 25 8 31 91 5950 16929 10 1 140 0.35 29 310 1
1 514 25 8 31 91 5950 16929 12 1 140 0.42 33 309 1
1 514 25 8 31 91 5950 16929 8 1 140 0.29 27 308 1
1 514 25 8 31 91 5950 16929 12 1 140 0.48 31 307 1
1 514 25 8 31 91 5950 16929 13 1 140 0.5 34 306 1
1 514 25 8 31 91 5950 16929 11 2 140 0.64 36 305 1
1 514 25 8 31 91 5950 16929 8 2 140 0.29 25 304 1
1 514 25 8 31 91 5950 16929 8 2 140 0.3 26 303 1
1 514 25 8 31 91 5950 16929 21 2 140 0.65 36 302 1
1 514 25 8 31 91 5950 16929 8 2 140 0.3 26 301 1
1 514 24 7 14 91 5916 16818 -9 1 140 0.2 26 280 1
1 514 24 7 14 91 5916 16818 -9 1 140 0.25 29 279 1
1 514 24 7 14 91 5916 16818 -9 1 140 0.25 28 278 1
1 514 24 7 14 91 5916 16818 -9 1 140 0.15 25 277 1
1 514 24 7 14 91 5916 16818 -9 1 140 0.25 29 276 1
1 514 24 7 14 91 5916 16818 -9 2 140 0.7 37 275 1
1 514 24 7 14 91 5916 16818 -9 2 140 0.4 32 274 1
1 514 24 7 14 91 5916 16818 -9 2 140 0.45 34 273 1
1 514 24 7 14 91 5916 16818 -9 2 140 0.35 31 272 1
1 514 24 7 14 91 5916 16818 -9 2 140 0.65 36 271 1
1 514 23 7 15 91 5915 16824 -9 2 140 0.9 41 270 1
1 514 23 7 15 91 5915 16824 -9 2 140 0.7 38 269 1
1 514 23 7 15 91 5915 16824 -9 2 140 0.2 28 268 1
1 514 23 7 15 91 5915 16824 -9 2 140 0.68 37 267 1
1 514 23 7 15 91 5915 16824 -9 2 140 0.07 21 266 1
1 514 23 7 15 91 5915 16824 -9 1 140 0.45 34 265 1
1 514 23 7 15 91 5915 16824 -9 1 140 0.25 29 264 1
1 514 23 7 15 91 5915 16824 -9 1 140 0.22 27 263 1
1 514 23 7 15 91 5915 16824 -9 1 140 0.1 22 262 1
1 514 23 7 15 91 5915 16824 -9 1 140 0.06 20 261 1
1 514 20 7 15 91 5937 16843 -9 1 140 0.35 31 260 1
1 514 20 7 15 91 5937 16843 -9 1 140 0.14 24 259 1
1 514 20 7 15 91 5937 16843 -9 1 140 0.2 27 258 1
1 514 20 7 15 91 5937 16843 -9 1 140 0.25 28 257 1
1 514 20 7 15 91 5937 16843 -9 1 140 0.25 27 256 1
1 514 20 7 15 91 5937 16843 -9 2 140 0.55 36 255 1
1 514 20 7 15 91 5937 16843 -9 2 140 0.35 30 254 1
1 514 20 7 15 91 5937 16843 -9 2 140 0.35 31 253 1
1 514 20 7 15 91 5937 16843 -9 2 140 0.3 27 252 1
1 514 20 7 15 91 5937 16843 -9 2 140 0.25 27 251 1
1 514 24 7 17 91 5930 16844 -9 2 140 0.32 30 230 1
1 514 24 7 17 91 5930 16844 -9 2 140 0.35 29 229 1
1 514 24 7 17 91 5930 16844 -9 2 140 0.32 29 228 1
1 514 24 7 17 91 5930 16844 -9 2 140 0.15 24 227 1
1 514 24 7 17 91 5930 16844 -9 2 140 0.45 33 226 1
1 514 24 7 17 91 5930 16844 -9 2 140 0.3 29 225 1
1 514 24 7 17 91 5930 16844 -9 2 140 0.2 26 224 1
1 514 24 7 17 91 5930 16844 -9 2 140 0.35 31 223 1
1 514 24 7 17 91 5930 16844 -9 2 140 0.1 21 222 1
1 514 24 7 17 91 5930 16844 -9 2 140 0.7 36 221 1
1 514 24 7 17 91 5930 16844 -9 1 140 0.47 33 220 1
1 514 24 7 17 91 5930 16844 -9 1 140 0.1 21 219 1
1 514 24 7 17 91 5930 16844 -9 1 140 0.27 30 218 1
1 514 24 7 17 91 5930 16844 -9 1 140 0.55 35 217 1
1 514 24 7 17 91 5930 16844 -9 1 140 0.35 31 216 1
1 514 24 7 17 91 5930 16844 -9 1 140 0.34 29 215 1
1 514 24 7 17 91 5930 16844 -9 1 140 0.35 30 214 1
1 514 24 7 17 91 5930 16844 -9 1 140 0.15 24 213 1
1 514 24 7 17 91 5930 16844 -9 1 140 0.1 22 212 1
1 514 24 7 17 91 5930 16844 -9 1 140 0.1 21 211 1
1 514 23 7 18 91 5930 16837 -9 2 140 0.4 32 210 1
1 514 23 7 18 91 5930 16837 -9 2 140 0.3 29 209 1
1 514 23 7 18 91 5930 16837 -9 2 140 0.3 28 208 1
1 514 23 7 18 91 5930 16837 -9 2 140 0.3 29 207 1
1 514 23 7 18 91 5930 16837 -9 2 140 0.27 27 206 1
1 514 23 7 18 91 5930 16837 -9 2 140 0.2 26 205 1
1 514 23 7 18 91 5930 16837 -9 2 140 0.33 30 204 1
1 514 23 7 18 91 5930 16837 -9 2 140 0.2 26 203 1
1 514 23 7 18 91 5930 16837 -9 2 140 0.3 28 202 1
1 514 23 7 18 91 5930 16837 -9 2 140 0.2 25 201 1
1 514 23 7 18 91 5930 16837 -9 1 140 0.21 26 200 1
1 514 23 7 18 91 5930 16837 -9 1 140 0.16 25 199 1
1 514 23 7 18 91 5930 16837 -9 1 140 0.35 30 198 1
1 514 23 7 18 91 5930 16837 -9 1 140 0.3 29 197 1
1 514 23 7 18 91 5930 16837 -9 1 140 0.21 27 196 1
1 514 23 7 18 91 5930 16837 -9 1 140 0.27 28 195 1
1 514 23 7 18 91 5930 16837 -9 1 140 0.15 24 194 1
1 514 23 7 18 91 5930 16837 -9 1 140 0.2 24 193 1
1 514 23 7 18 91 5930 16837 -9 1 140 0.08 19 192 1
1 514 23 7 18 91 5930 16837 -9 1 140 0.1 20 191 1
1 514 22 7 20 91 5923 16820 -9 2 140 0.43 32 190 1
1 514 22 7 20 91 5923 16820 -9 2 140 0.4 31 189 1
1 514 22 7 20 91 5923 16820 -9 2 140 0.24 25 188 1
1 514 22 7 20 91 5923 16820 -9 2 140 0.3 27 187 1
1 514 22 7 20 91 5923 16820 -9 2 140 0.5 32 186 1
1 514 22 7 20 91 5923 16820 -9 2 140 0.22 26 185 1
1 514 22 7 20 91 5923 16820 -9 2 140 0.4 30 184 1
1 514 22 7 20 91 5923 16820 -9 2 140 0.2 25 183 1
1 514 22 7 20 91 5923 16820 -9 2 140 0.19 24 182 1
1 514 22 7 20 91 5923 16820 -9 2 140 1.2 40 181 1
1 514 22 7 20 91 5923 16820 -9 1 140 0.4 32 180 1
1 514 22 7 20 91 5923 16820 -9 1 140 0.4 30 179 1
1 514 22 7 20 91 5923 16820 -9 1 140 0.4 31 178 1
1 514 22 7 20 91 5923 16820 -9 1 140 0.55 34 177 1
1 514 22 7 20 91 5923 16820 -9 1 140 0.15 22 176 1
1 514 22 7 20 91 5923 16820 -9 1 140 0.16 23 175 1
1 514 22 7 20 91 5923 16820 -9 1 140 0.13 21 174 1
1 514 22 7 20 91 5923 16820 -9 1 140 0.15 22 173 1
1 514 22 7 20 91 5923 16820 -9 1 140 0.11 19 172 1
1 514 22 7 20 91 5923 16820 -9 1 140 0.08 16 171 1
1 514 23 7 21 91 5928 16840 -9 2 140 0.55 34 170 1
1 514 23 7 21 91 5928 16840 -9 2 140 0.55 33 169 1
1 514 23 7 21 91 5928 16840 -9 2 140 0.54 33 168 1
1 514 23 7 21 91 5928 16840 -9 2 140 0.2 24 167 1
1 514 23 7 21 91 5928 16840 -9 2 140 0.15 22 166 1
1 514 23 7 21 91 5928 16840 -9 2 140 0.7 38 165 1
1 514 23 7 21 91 5928 16840 -9 2 140 0.65 34 164 1
1 514 23 7 21 91 5928 16840 -9 2 140 0.2 24 163 1
1 514 23 7 21 91 5928 16840 -9 2 140 0.18 22 162 1
1 514 23 7 21 91 5928 16840 -9 2 140 0.16 21 161 1
1 514 23 7 21 91 5928 16840 -9 1 140 0.16 23 160 1
1 514 23 7 21 91 5928 16840 -9 1 140 0.2 23 159 1
1 514 23 7 21 91 5928 16840 -9 1 140 0.55 34 158 1
1 514 23 7 21 91 5928 16840 -9 1 140 0.35 30 157 1
1 514 23 7 21 91 5928 16840 -9 1 140 0.45 32 156 1
1 514 23 7 21 91 5928 16840 -9 1 140 0.41 33 155 1
1 514 23 7 21 91 5928 16840 -9 1 140 0.5 34 154 1
1 514 23 7 21 91 5928 16840 -9 1 140 0.2 23 153 1
1 514 23 7 21 91 5928 16840 -9 1 140 0.2 22 152 1
1 514 23 7 21 91 5928 16840 -9 1 140 0.17 21 151 1
1 514 26 9 10 91 5923 16921 10 1 140 0.6 34 320 1
1 514 26 9 10 91 5923 16921 14 1 140 0.77 37 319 1
1 514 26 9 10 91 5923 16921 9 1 140 0.3 25 318 1
1 514 26 9 10 91 5923 16921 9 1 140 0.32 26 317 1
1 514 26 9 10 91 5923 16921 11 1 140 0.56 35 316 1
1 514 26 9 10 91 5923 16921 8 2 140 0.2 23 315 1
1 514 26 9 10 91 5923 16921 10 2 140 0.35 28 314 1
1 514 26 9 10 91 5923 16921 10 2 140 0.48 32 313 1
1 514 26 9 10 91 5923 16921 8 2 140 0.3 28 312 1
1 514 26 9 10 91 5923 16921 10 2 140 0.6 34 311 1
1 514 24 8 20 91 6029 16936 12 2 140 0.65 35 110 1
1 514 24 8 20 91 6029 16936 8 1 140 0.35 28 109 1
1 514 24 8 20 91 6029 16936 14 2 140 0.68 37 108 1
1 514 24 8 20 91 6029 16936 7 1 140 0.19 22 107 1
1 514 24 8 20 91 6029 16936 8 1 140 0.2 23 106 1
1 514 24 8 20 91 6029 16936 10 1 140 0.4 29 105 1
1 514 24 8 20 91 6029 16936 9 2 140 0.45 31 104 1
1 514 24 8 20 91 6029 16936 10 2 140 0.45 30 103 1
1 514 24 8 20 91 6029 16936 10 1 140 0.4 30 102 1
1 514 24 8 20 91 6029 16936 8 2 140 0.4 30 101 1
1 514 24 7 25 91 5928 16844 -9 1 140 0.46 34 122 1
1 514 24 7 25 91 5928 16844 -9 1 140 0.51 34 121 1
1 514 24 7 25 91 5928 16844 -9 1 140 0.55 35 120 1
1 514 24 7 25 91 5928 16844 -9 1 140 0.08 16 119 1
1 514 24 7 25 91 5928 16844 -9 2 140 0.5 34 118 1
1 514 24 7 25 91 5928 16844 -9 2 140 0.2 24 117 1
1 514 24 7 25 91 5928 16844 -9 2 140 0.49 33 116 1
1 514 24 7 25 91 5928 16844 -9 2 140 0.6 35 115 1
1 514 24 7 27 91 5922 16827 -9 1 140 0.4 35 108 1
1 514 24 7 27 91 5922 16827 -9 1 140 0.48 35 107 1
1 514 24 7 27 91 5922 16827 -9 1 140 0.08 18 106 1
1 514 24 7 27 91 5922 16827 -9 1 140 0.65 37 105 1
1 514 24 7 27 91 5922 16827 -9 2 140 0.7 38 104 1
1 514 24 7 27 91 5922 16827 -9 2 140 0.8 37 103 1
1 514 24 7 27 91 5922 16827 -9 2 140 0.5 35 102 1
1 514 24 7 27 91 5922 16827 -9 2 140 0.1 21 101 1
1 514 39 9 16 91 5819 16831 15 1 140 0.29 29 10 1
1 514 39 9 16 91 5819 16831 14 1 140 0.33 30 9 1
1 514 39 9 16 91 5819 16831 14 1 140 0.34 31 8 1
1 514 39 9 16 91 5819 16831 17 1 140 0.38 32 7 1
1 514 39 9 16 91 5819 16831 12 2 140 0.46 33 6 1
1 514 39 9 16 91 5819 16831 18 2 140 0.48 34 5 1
1 514 39 9 16 91 5819 16831 12 2 140 0.35 31 4 1
1 514 39 9 16 91 5819 16831 11 2 140 0.32 30 3 1
1 514 39 9 16 91 5819 16831 20 2 140 0.53 36 1 1
1 514 38 9 16 91 5806 16737 18 1 140 0.37 32 220 1
1 514 38 9 16 91 5806 16737 8 1 140 0.33 29 219 1
1 514 38 9 16 91 5806 16737 16 1 140 0.32 30 218 1
1 514 38 9 16 91 5806 16737 18 1 140 0.41 32 217 1
1 514 38 9 16 91 5806 16737 12 1 140 0.42 34 216 1
1 514 38 9 16 91 5806 16737 13 2 140 0.45 34 215 1
1 514 38 9 16 91 5806 16737 10 2 140 0.42 31 214 1
1 514 38 9 16 91 5806 16737 10 2 140 0.34 30 213 1
1 514 38 9 16 91 5806 16737 12 2 140 0.5 35 212 1
1 514 38 9 16 91 5806 16737 16 2 140 0.3 29 211 1
1 514 36 9 18 91 5809 16804 18 1 140 0.31 30 250 1
1 514 36 9 18 91 5809 16804 17 1 140 0.41 32 249 1
1 514 36 9 18 91 5809 16804 12 1 140 0.34 31 248 1
1 514 36 9 18 91 5809 16804 25 2 140 0.32 30 247 1
1 514 36 9 18 91 5809 16804 26 2 140 0.64 37 246 1
1 514 36 9 18 91 5809 16804 18 2 140 0.52 35 245 1
1 514 36 9 18 91 5809 16804 14 2 140 0.34 31 244 1
1 514 36 9 18 91 5809 16804 18 2 140 0.45 34 243 1
1 514 36 9 18 91 5809 16804 16 2 140 0.42 33 242 1
1 514 36 9 18 91 5809 16804 10 2 140 0.43 32 241 1
1 514 36 9 19 91 5804 16646 13 1 140 0.32 29 260 1
1 514 36 9 19 91 5804 16646 10 1 140 0.32 30 259 1
1 514 36 9 19 91 5804 16646 12 1 140 0.35 30 258 1
1 514 36 9 19 91 5804 16646 11 2 140 0.38 31 257 1
1 514 36 9 19 91 5804 16646 12 2 140 0.41 31 256 1
1 514 36 9 19 91 5804 16646 14 2 140 0.4 33 255 1
1 514 36 9 19 91 5804 16646 22 2 140 0.4 32 254 1
1 514 36 9 19 91 5804 16646 16 2 140 0.55 34 253 1
1 514 36 9 19 91 5804 16646 14 2 140 0.54 36 252 1
1 514 36 9 19 91 5804 16646 12 2 140 0.63 38 251 1
1 514 33 9 20 91 5852 16903 16 1 140 0.4 31 270 1
1 514 33 9 20 91 5852 16903 26 1 140 0.36 32 269 1
1 514 33 9 20 91 5852 16903 22 1 140 0.46 33 268 1
1 514 33 9 20 91 5852 16903 20 1 140 0.41 32 267 1
1 514 33 9 20 91 5852 16903 18 2 140 0.5 35 266 1
1 514 33 9 20 91 5852 16903 14 2 140 0.45 34 265 1
1 514 33 9 20 91 5852 16903 13 2 140 0.48 33 264 1
1 514 33 9 20 91 5852 16903 11 2 140 0.4 31 263 1
1 514 33 9 20 91 5852 16903 15 2 140 0.5 34 262 1
1 514 33 9 20 91 5852 16903 18 2 140 0.65 39 261 1
1 514 36 9 21 91 5843 16856 12 1 140 0.3 31 280 1
1 514 36 9 21 91 5843 16856 10 1 140 0.23 29 279 1
1 514 36 9 21 91 5843 16856 12 1 140 0.32 32 278 1
1 514 36 9 21 91 5843 16856 10 1 140 0.24 27 277 1
1 514 36 9 21 91 5843 16856 16 1 140 0.42 37 276 1
1 514 36 9 21 91 5843 16856 14 2 140 0.46 35 275 1
1 514 36 9 21 91 5843 16856 21 2 140 0.7 40 274 1
1 514 36 9 21 91 5843 16856 21 2 140 0.52 37 273 1
1 514 36 9 21 91 5843 16856 20 2 140 0.45 34 272 1
1 514 36 9 21 91 5843 16856 18 2 140 0.39 35 271 1
1 514 38 9 25 91 5830 16853 10 1 140 0.28 30 290 1
1 514 38 9 25 91 5830 16853 14 1 140 0.34 32 289 1
1 514 38 9 25 91 5830 16853 21 1 140 0.4 33 288 1
1 514 38 9 25 91 5830 16853 10 1 140 0.32 29 287 1
1 514 38 9 25 91 5830 16853 22 2 140 0.51 36 286 1
1 514 38 9 25 91 5830 16853 14 2 140 0.5 34 285 1
1 514 38 9 25 91 5830 16853 10 2 140 0.4 33 284 1
1 514 38 9 25 91 5830 16853 21 2 140 0.6 40 283 1
1 514 38 9 25 91 5830 16853 10 2 140 0.38 32 282 1
1 514 38 9 25 91 5830 16853 17 2 140 0.52 37 281 1
1 514 38 9 26 91 5817 16854 16 1 140 0.34 30 300 1
1 514 38 9 26 91 5817 16854 12 1 140 0.36 32 299 1
1 514 38 9 26 91 5817 16854 14 2 140 0.44 36 298 1
1 514 38 9 26 91 5817 16854 12 2 140 0.4 32 297 1
1 514 38 9 26 91 5817 16854 24 2 140 0.45 32 296 1
1 514 38 9 26 91 5817 16854 16 2 140 0.48 33 295 1
1 514 38 9 26 91 5817 16854 21 2 140 0.62 39 294 1
1 514 38 9 26 91 5817 16854 16 2 140 0.48 34 293 1
1 514 38 9 26 91 5817 16854 15 2 140 0.59 37 292 1
1 514 38 9 26 91 5817 16854 17 2 140 0.89 42 291 1
1 513 39 8 25 91 5742 16746 14 2 140 0.5 34 160 1
1 513 39 8 25 91 5742 16746 15 2 140 0.4 31 159 1
1 513 39 8 25 91 5742 16746 13 2 140 0.44 31 158 1
1 513 39 8 25 91 5742 16746 21 2 140 0.5 34 157 1
1 513 39 8 25 91 5742 16746 21 2 140 0.53 36 156 1
1 513 39 8 25 91 5742 16746 15 2 140 0.4 31 155 1
1 513 39 8 25 91 5742 16746 15 1 140 0.28 29 154 1
1 513 39 8 25 91 5742 16746 20 1 140 0.32 29 153 1
1 513 39 8 25 91 5742 16746 23 1 140 0.34 31 152 1
1 513 39 8 25 91 5742 16746 11 1 140 0.27 28 151 1
1 513 39 8 27 91 5737 16752 13 2 140 0.5 34 170 1
1 513 39 8 27 91 5737 16752 20 2 140 0.55 36 169 1
1 513 39 8 27 91 5737 16752 16 2 140 0.45 33 168 1
1 513 39 8 27 91 5737 16752 18 2 140 0.44 33 167 1
1 513 39 8 27 91 5737 16752 21 2 140 0.46 35 166 1
1 513 39 8 27 91 5737 16752 8 1 140 0.28 26 165 1
1 513 39 8 27 91 5737 16752 15 1 140 0.35 31 164 1
1 513 39 8 27 91 5737 16752 10 1 140 0.3 29 163 1
1 513 39 8 27 91 5737 16752 10 1 140 0.25 25 162 1
1 513 39 8 27 91 5737 16752 10 1 140 0.2 24 161 1
1 513 40 8 29 91 5732 16745 9 1 140 0.2 16 180 1
1 513 40 8 29 91 5732 16745 14 1 140 0.3 21 179 1
1 513 40 8 29 91 5732 16745 14 2 140 0.4 23 178 1
1 513 40 8 29 91 5732 16745 -9 2 140 0.35 21 177 1
1 513 40 8 29 91 5732 16745 11 2 140 0.3 20 176 1
1 513 40 8 29 91 5732 16745 15 2 140 0.45 27 175 1
1 513 40 8 29 91 5732 16745 11 2 140 0.25 22 174 1
1 513 40 8 29 91 5732 16745 15 2 140 0.43 26 173 1
1 513 40 8 29 91 5732 16745 15 2 140 0.36 24 172 1
1 513 40 8 29 91 5732 16745 15 2 140 0.34 25 171 1
1 513 40 8 30 91 5734 16747 12 1 140 0.3 28 190 1
1 513 40 8 30 91 5734 16747 10 1 140 0.2 24 189 1
1 513 40 8 30 91 5734 16747 10 1 140 0.1 20 188 1
1 513 40 8 30 91 5734 16747 22 2 140 0.44 34 187 1
1 513 40 8 30 91 5734 16747 18 2 140 0.39 32 186 1
1 513 40 8 30 91 5734 16747 10 2 140 0.3 28 185 1
1 513 40 8 30 91 5734 16747 16 2 140 0.41 33 184 1
1 513 40 8 30 91 5734 16747 15 2 140 0.31 30 183 1
1 513 40 8 30 91 5734 16747 16 2 140 0.35 31 182 1
1 513 40 8 30 91 5734 16747 11 2 140 0.3 29 181 1
1 513 40 8 31 91 5736 16811 8 1 140 0.15 22 200 1
1 513 40 8 31 91 5736 16811 10 1 140 0.13 22 199 1
1 513 40 8 31 91 5736 16811 13 1 140 0.3 30 198 1
1 513 40 8 31 91 5736 16811 8 1 140 0.19 24 197 1
1 513 40 8 31 91 5736 16811 10 2 140 0.31 30 196 1
1 513 40 8 31 91 5736 16811 14 2 140 0.39 32 195 1
1 513 40 8 31 91 5736 16811 12 2 140 0.38 31 194 1
1 513 40 8 31 91 5736 16811 10 2 140 0.32 29 193 1
1 513 40 8 31 91 5736 16811 22 2 140 0.52 38 192 1
1 513 40 8 31 91 5736 16811 13 2 140 0.31 32 191 1
1 513 39 9 2 91 5744 16745 18 2 140 0.3 29 210 1
1 513 39 9 2 91 5744 16745 12 2 140 0.35 32 209 1
1 513 39 9 2 91 5744 16745 17 2 140 0.35 31 208 1
1 513 39 9 2 91 5744 16745 12 2 140 0.41 33 207 1
1 513 39 9 2 91 5744 16745 21 2 140 0.54 35 206 1
1 513 39 9 2 91 5744 16745 10 2 140 0.32 30 205 1
1 513 39 9 2 91 5744 16745 10 1 140 0.21 25 204 1
1 513 39 9 2 91 5744 16745 10 1 140 0.2 25 203 1
1 513 39 9 2 91 5744 16745 16 1 140 0.32 31 202 1
1 513 39 9 2 91 5744 16745 10 1 140 0.3 28 201 1
1 513 38 8 18 91 5748 16705 12 1 140 0.32 23 120 1
1 513 38 8 18 91 5748 16705 16 1 140 0.5 25 119 1
1 513 38 8 18 91 5748 16705 10 1 140 0.2 16 118 1
1 513 38 8 18 91 5748 16705 12 1 140 0.5 27 117 1
1 513 38 8 18 91 5748 16705 8 1 140 0.2 19 116 1
1 513 38 8 18 91 5748 16705 -9 1 140 0.3 21 115 1
1 513 38 8 18 91 5748 16705 23 1 140 0.5 26 114 1
1 513 38 8 18 91 5748 16705 10 2 140 0.2 18 113 1
1 513 38 8 18 91 5748 16705 11 2 140 0.3 22 112 1
1 513 38 8 18 91 5748 16705 8 2 140 0.15 15 111 1
1 513 39 8 19 91 5723 16607 10 1 140 0.2 16 130 1
1 513 39 8 19 91 5723 16607 13 1 140 0.4 25 129 1
1 513 39 8 19 91 5723 16607 -9 1 140 0.2 19 128 1
1 513 39 8 19 91 5723 16607 11 1 140 0.3 21 127 1
1 513 39 8 19 91 5723 16607 10 1 140 0.3 20 126 1
1 513 39 8 19 91 5723 16607 12 2 140 0.3 23 125 1
1 513 39 8 19 91 5723 16607 15 2 140 0.42 26 124 1
1 513 39 8 19 91 5723 16607 11 2 140 0.2 19 123 1
1 513 39 8 19 91 5723 16607 -9 2 140 0.35 22 122 1
1 513 39 8 19 91 5723 16607 -9 2 140 0.4 24 121 1
1 513 40 8 20 91 5733 16708 12 1 140 0.35 23 140 1
1 513 40 8 20 91 5733 16708 10 1 140 0.3 20 139 1
1 513 40 8 20 91 5733 16708 12 1 140 0.35 24 138 1
1 513 40 8 20 91 5733 16708 10 1 140 0.2 17 137 1
1 513 40 8 20 91 5733 16708 8 1 140 0.15 15 136 1
1 513 40 8 20 91 5733 16708 10 1 140 0.35 22 135 1
1 513 40 8 20 91 5733 16708 12 2 140 0.25 20 134 1
1 513 40 8 20 91 5733 16708 10 2 140 0.15 17 133 1
1 513 40 8 20 91 5733 16708 -9 2 140 0.45 25 132 1
1 513 40 8 20 91 5733 16708 24 2 140 0.5 28 131 1
1 513 40 8 23 91 5725 16707 10 1 140 0.25 29 150 1
1 513 40 8 23 91 5725 16707 19 1 140 0.4 32 149 1
1 513 40 8 23 91 5725 16707 15 1 140 0.3 30 148 1
1 513 40 8 23 91 5725 16707 17 1 140 0.35 30 147 1
1 513 40 8 23 91 5725 16707 17 1 140 0.4 31 146 1
1 513 40 8 23 91 5725 16707 14 2 140 0.6 38 145 1
1 513 40 8 23 91 5725 16707 10 2 140 0.35 29 144 1
1 513 40 8 23 91 5725 16707 13 2 140 0.45 34 143 1
1 513 40 8 23 91 5725 16707 11 2 140 0.3 31 142 1
1 513 40 8 23 91 5725 16707 15 2 140 0.4 33 141 1
1 514 32 9 25 91 5859 16933 -9 2 140 0.38 32 11 1
1 514 32 9 25 91 5859 16933 -9 1 140 0.29 32 10 1
1 514 32 9 25 91 5859 16933 -9 2 140 0.41 32 9 1
1 514 32 9 25 91 5859 16933 -9 2 140 0.55 36 8 1
1 514 32 9 25 91 5859 16933 -9 1 140 0.3 32 7 1
1 514 32 9 25 91 5859 16933 -9 1 140 0.22 28 5 1
1 514 32 9 25 91 5859 16933 -9 1 140 0.36 31 4 1
1 514 32 9 25 91 5859 16933 -9 2 140 0.21 27 3 1
1 514 32 9 25 91 5859 16933 -9 1 140 0.26 29 2 1
1 514 32 9 25 91 5859 16933 -9 1 140 0.4 33 1 1
1 514 33 9 30 91 5827 16832 -9 2 140 0.35 33 53 1
1 514 33 9 30 91 5827 16832 -9 1 140 0.44 35 52 1
1 514 33 9 30 91 5827 16832 -9 1 140 0.22 28 51 1
1 514 33 9 30 91 5827 16832 -9 2 140 0.26 29 50 1
1 514 33 9 30 91 5827 16832 -9 2 140 0.09 23 49 1
1 514 33 9 30 91 5827 16832 -9 2 140 0.45 33 48 1
1 514 33 9 30 91 5827 16832 -9 2 140 0.43 34 47 1
1 514 33 9 30 91 5827 16832 -9 1 140 0.32 30 46 1
1 514 33 9 30 91 5827 16832 -9 1 140 0.42 34 45 1
1 514 33 9 30 91 5827 16832 -9 2 140 0.35 32 44 1
1 514 33 9 30 91 5827 16832 -9 2 140 0.1 21 43 1
1 514 33 9 30 91 5827 16832 -9 1 140 0.25 31 42 1
1 514 33 9 30 91 5827 16832 -9 2 140 0.28 30 41 1
1 514 33 9 30 91 5827 16832 -9 2 140 0.34 30 40 1
1 514 33 9 30 91 5827 16832 -9 2 140 0.35 31 38 1
1 514 33 9 30 91 5827 16832 -9 1 140 0.2 26 37 1
1 514 33 9 30 91 5827 16832 -9 1 140 0.2 27 36 1
1 514 33 9 30 91 5827 16832 -9 1 140 0.34 31 35 1
1 514 33 9 30 91 5827 16832 -9 1 140 0.18 26 34 1
1 514 33 9 30 91 5827 16832 -9 2 140 0.42 36 33 1
1 514 33 9 30 91 5827 16832 -9 2 140 0.63 39 32 1
1 514 33 9 30 91 5827 16832 -9 2 140 0.29 29 31 1
1 514 33 9 30 91 5827 16832 -9 2 140 0.25 29 29 1
1 514 33 9 30 91 5827 16832 -9 1 140 0.28 30 28 1
1 514 33 9 30 91 5827 16832 -9 1 140 0.26 30 27 1
1 514 33 9 30 91 5827 16832 -9 1 140 0.24 30 26 1
1 514 33 9 30 91 5827 16832 -9 2 140 0.46 36 25 1
1 514 33 9 30 91 5827 16832 -9 1 140 0.37 32 24 1
1 514 33 9 30 91 5827 16832 -9 1 140 0.37 31 23 1
1 514 33 9 30 91 5827 16832 -9 1 140 0.32 30 22 1
1 514 33 9 30 91 5827 16832 -9 2 140 0.46 34 21 1
1 514 33 9 30 91 5827 16832 -9 2 140 0.47 36 20 1
1 514 33 9 30 91 5827 16832 -9 1 140 0.3 31 19 1
1 514 33 9 30 91 5827 16832 -9 1 140 0.36 32 18 1
1 514 33 9 30 91 5827 16832 -9 1 140 0.39 32 17 1
1 514 33 9 30 91 5827 16832 -9 1 140 0.19 27 16 1
1 514 33 9 30 91 5827 16832 -9 2 140 0.24 29 15 1
1 514 33 9 30 91 5827 16832 -9 2 140 0.23 28 14 1
1 514 33 9 30 91 5827 16832 -9 1 140 0.38 34 13 1
1 514 33 9 30 91 5827 16832 -9 2 140 0.22 28 12 1
1 514 33 9 21 91 5840 16915 8 1 140 0.2 34 140 1
1 514 33 9 21 91 5840 16915 10 1 140 0.5 31 139 1
1 514 33 9 21 91 5840 16915 21 1 140 0.45 31 138 1
1 514 33 9 21 91 5840 16915 8 1 140 0.25 25 137 1
1 514 33 9 21 91 5840 16915 15 1 140 0.4 29 136 1
1 514 33 9 21 91 5840 16915 17 1 140 0.5 33 135 1
1 514 33 9 21 91 5840 16915 12 1 140 0.25 25 134 1
1 514 33 9 21 91 5840 16915 20 1 140 0.5 33 133 1
1 514 33 9 21 91 5840 16915 11 1 140 0.4 29 132 1
1 514 33 9 21 91 5840 16915 10 1 140 0.3 29 131 1
1 514 33 9 21 91 5840 16915 8 2 140 0.2 24 130 1
1 514 33 9 21 91 5840 16915 9 2 140 0.4 28 129 1
1 514 33 9 21 91 5840 16915 8 2 140 0.4 29 128 1
1 514 33 9 21 91 5840 16915 15 2 140 0.6 33 127 1
1 514 33 9 21 91 5840 16915 10 2 140 0.35 29 126 1
1 514 33 9 21 91 5840 16915 17 2 140 0.7 33 125 1
1 514 33 9 21 91 5840 16915 8 2 140 0.3 25 124 1
1 514 33 9 21 91 5840 16915 16 2 140 0.7 36 123 1
1 514 33 9 21 91 5840 16915 10 2 140 0.55 34 122 1
1 514 33 9 21 91 5840 16915 10 2 140 0.4 28 121 1
1 514 21 9 12 91 5936 16921 12 1 140 0.55 34 100 1
1 514 21 9 12 91 5936 16921 7 1 140 0.25 25 99 1
1 514 21 9 12 91 5936 16921 8 1 140 0.25 25 98 1
1 514 21 9 12 91 5936 16921 12 1 140 0.6 34 97 1
1 514 21 9 12 91 5936 16921 17 1 140 0.55 34 96 1
1 514 21 9 12 91 5936 16921 10 1 140 0.4 30 95 1
1 514 21 9 12 91 5936 16921 8 1 140 0.35 28 94 1
1 514 21 9 12 91 5936 16921 10 1 140 0.45 32 93 1
1 514 21 9 12 91 5936 16921 20 1 140 0.65 35 92 1
1 514 21 9 12 91 5936 16921 10 1 140 0.3 26 91 1
1 514 21 9 12 91 5936 16921 10 2 140 0.3 28 90 1
1 514 21 9 12 91 5936 16921 10 2 140 0.5 30 89 1
1 514 21 9 12 91 5936 16921 8 2 140 0.15 22 88 1
1 514 21 9 12 91 5936 16921 17 2 140 0.75 36 87 1
1 514 21 9 12 91 5936 16921 10 2 140 0.5 30 86 1
1 514 21 9 12 91 5936 16921 10 2 140 0.4 28 85 1
1 514 21 9 12 91 5936 16921 10 2 140 0.4 29 84 1
1 514 21 9 12 91 5936 16921 10 2 140 0.5 31 83 1
1 514 21 9 12 91 5936 16921 18 2 140 0.75 36 82 1
1 514 21 9 12 91 5936 16921 18 2 140 1 38 81 1
1 514 21 9 5 91 5927 16822 8 1 140 0.35 26 40 1
1 514 21 9 5 91 5927 16822 16 1 140 0.65 35 39 1
1 514 21 9 5 91 5927 16822 10 1 140 0.6 32 38 1
1 514 21 9 5 91 5927 16822 10 1 140 0.25 27 37 1
1 514 21 9 5 91 5927 16822 10 1 140 0.35 28 36 1
1 514 21 9 5 91 5927 16822 11 1 140 0.5 32 35 1
1 514 21 9 5 91 5927 16822 10 1 140 0.5 31 34 1
1 514 21 9 5 91 5927 16822 10 1 140 0.5 32 33 1
1 514 21 9 5 91 5927 16822 20 1 140 0.55 34 32 1
1 514 21 9 5 91 5927 16822 14 1 140 0.85 37 31 1
1 514 21 9 5 91 5927 16822 10 2 140 0.3 26 30 1
1 514 21 9 5 91 5927 16822 10 2 140 0.55 31 29 1
1 514 21 9 5 91 5927 16822 10 2 140 0.55 33 28 1
1 514 21 9 5 91 5927 16822 10 2 140 0.4 31 27 1
1 514 21 9 5 91 5927 16822 19 2 140 0.4 31 26 1
1 514 21 9 5 91 5927 16822 10 2 140 0.95 38 25 1
1 514 21 9 5 91 5927 16822 17 2 140 1.35 44 24 1
1 514 21 9 5 91 5927 16822 12 2 140 0.6 35 23 1
1 514 21 9 5 91 5927 16822 14 2 140 0.65 34 22 1
1 514 21 9 5 91 5927 16822 10 2 140 0.45 30 21 1
1 514 21 9 10 91 5927 16824 10 1 140 0.35 28 68 1
1 514 21 9 10 91 5927 16824 20 1 140 0.5 32 67 1
1 514 21 9 10 91 5927 16824 11 1 140 0.7 35 66 1
1 514 21 9 10 91 5927 16824 8 1 140 0.4 28 65 1
1 514 21 9 10 91 5927 16824 8 1 140 0.35 28 64 1
1 514 21 9 10 91 5927 16824 12 1 140 0.55 33 63 1
1 514 21 9 10 91 5927 16824 10 2 140 0.4 30 76 1
1 514 21 9 10 91 5927 16824 12 2 140 1 38 75 1
1 514 21 9 10 91 5927 16824 8 2 140 0.3 28 74 1
1 514 21 9 10 91 5927 16824 11 2 140 0.65 34 73 1
1 514 21 9 10 91 5927 16824 10 2 140 0.45 30 72 1
1 514 21 9 10 91 5927 16824 11 2 140 0.55 32 71 1
1 514 21 9 10 91 5927 16824 10 1 140 0.4 28 70 1
1 514 21 9 10 91 5927 16824 8 1 140 0.3 26 69 1
1 514 21 9 10 91 5927 16824 22 1 140 0.45 31 62 1
1 514 21 9 10 91 5927 16824 16 1 140 0.6 33 61 1
1 514 22 7 23 91 5926 16802 -9 2 140 0.15 22 150 1
1 514 22 7 23 91 5926 16802 -9 2 140 0.55 35 149 1
1 514 22 7 23 91 5926 16802 -9 2 140 0.1 20 148 1
1 514 22 7 23 91 5926 16802 -9 2 140 0.15 23 147 1
1 514 22 7 23 91 5926 16802 -9 2 140 0.6 35 146 1
1 514 22 7 23 91 5926 16802 -9 2 140 0.1 19 145 1
1 514 22 7 23 91 5926 16802 -9 2 140 0.42 34 144 1
1 514 22 7 23 91 5926 16802 -9 1 140 0.64 38 143 1
1 514 22 7 23 91 5926 16802 -9 1 140 0.1 20 142 1
1 514 22 7 23 91 5926 16802 -9 1 140 0.1 19 141 1
1 514 22 7 23 91 5926 16802 -9 1 140 0.35 32 140 1
1 514 22 7 23 91 5926 16802 -9 1 140 0.45 33 139 1
1 514 22 7 23 91 5926 16802 -9 1 140 0.1 17 138 1
1 514 22 7 23 91 5926 16802 -9 1 140 0.12 17 137 1
1 513 38 8 30 91 5730 16714 16 1 140 0.4 31 20 1
1 513 38 8 30 91 5730 16714 17 1 140 0.4 30 19 1
1 513 38 8 30 91 5730 16714 8 1 140 0.35 28 18 1
1 513 38 8 30 91 5730 16714 10 1 140 0.3 25 17 1
1 513 38 8 30 91 5730 16714 12 1 140 0.35 27 16 1
1 513 38 8 30 91 5730 16714 23 1 140 0.45 29 15 1
1 513 38 8 30 91 5730 16714 10 1 140 0.4 28 14 1
1 513 38 8 30 91 5730 16714 8 1 140 0.35 28 13 1
1 513 38 8 30 91 5730 16714 10 1 140 0.3 28 12 1
1 513 38 8 30 91 5730 16714 10 1 140 0.35 28 11 1
1 513 38 8 30 91 5730 16714 8 2 140 0.35 27 10 1
1 513 38 8 30 91 5730 16714 12 2 140 0.5 31 9 1
1 513 38 8 30 91 5730 16714 14 2 140 0.55 32 8 1
1 513 38 8 30 91 5730 16714 8 2 140 0.3 26 7 1
1 513 38 8 30 91 5730 16714 14 2 140 0.45 32 6 1
1 513 38 8 30 91 5730 16714 11 2 140 0.4 30 5 1
1 513 38 8 30 91 5730 16714 14 2 140 0.55 32 4 1
1 513 38 8 30 91 5730 16714 11 2 140 0.45 31 3 1
1 513 38 8 30 91 5730 16714 16 2 140 0.6 34 2 1
1 513 38 8 30 91 5730 16714 15 2 140 0.55 32 1 1
1 514 21 7 8 91 5951 16808 -9 1 140 0.18 24 270 1
1 514 21 7 8 91 5951 16808 -9 1 140 0.65 34 269 1
1 514 21 7 8 91 5951 16808 -9 1 140 0.15 24 268 1
1 514 21 7 8 91 5951 16808 -9 1 140 0.3 30 267 1
1 514 21 7 8 91 5951 16808 -9 1 140 0.1 21 266 1
1 514 21 7 8 91 5951 16808 -9 2 140 1.2 40 265 1
1 514 21 7 8 91 5951 16808 -9 2 140 0.1 20 264 1
1 514 21 7 8 91 5951 16808 -9 2 140 0.85 39 263 1
1 514 21 7 8 91 5951 16808 -9 2 140 0.6 37 262 1
1 514 21 7 8 91 5951 16808 -9 2 140 0.9 38 261 1
1 514 20 7 10 91 5916 16828 -9 1 140 0.12 23 320 1
1 514 20 7 10 91 5916 16828 -9 1 140 0.2 27 319 1
1 514 20 7 10 91 5916 16828 -9 1 140 0.28 29 318 1
1 514 20 7 10 91 5916 16828 -9 1 140 0.12 22 317 1
1 514 20 7 10 91 5916 16828 -9 1 140 0.4 32 316 1
1 514 20 7 10 91 5916 16828 -9 2 140 0.3 31 315 1
1 514 20 7 10 91 5916 16828 -9 2 140 0.15 24 314 1
1 514 20 7 10 91 5916 16828 -9 2 140 0.17 24 313 1
1 514 20 7 10 91 5916 16828 -9 2 140 0.2 26 312 1
1 514 20 7 10 91 5916 16828 -9 2 140 0.45 32 311 1
1 514 20 7 14 91 5916 16810 -9 2 140 0.56 34 369 1
1 514 20 7 14 91 5916 16810 -9 2 140 0.7 36 368 1
1 514 20 7 14 91 5916 16810 -9 2 140 0.4 32 367 1
1 514 20 7 14 91 5916 16810 -9 2 140 0.58 35 366 1
1 514 20 7 14 91 5916 16810 -9 2 140 0.35 30 365 1
1 514 20 7 14 91 5916 16810 -9 2 140 0.14 23 364 1
1 514 20 7 14 91 5916 16810 -9 2 140 0.66 38 363 1
1 514 20 7 14 91 5916 16810 -9 2 140 0.18 25 362 1
1 514 20 7 14 91 5916 16810 -9 2 140 0.75 36 361 1
1 514 14 6 11 91 5830 15922 -9 1 140 0.23 27 260 1
1 514 14 6 11 91 5830 15922 -9 1 140 0.07 20 259 1
1 514 14 6 11 91 5830 15922 -9 1 140 0.15 24 258 1
1 514 14 6 11 91 5830 15922 -9 1 140 0.37 34 257 1
1 514 14 6 11 91 5830 15922 -9 1 140 0.17 25 256 1
1 514 14 6 11 91 5830 15922 -9 2 140 0.25 28 255 1
1 514 14 6 11 91 5830 15922 -9 2 140 0.37 33 254 1
1 514 14 6 11 91 5830 15922 -9 2 140 0.25 29 253 1
1 514 14 6 11 91 5830 15922 -9 2 140 0.27 36 252 1
1 514 14 6 11 91 5830 15922 -9 2 140 0.65 39 251 1
1 513 37 9 11 91 5702 16540 -9 2 140 0.55 34 222 1
1 513 37 9 11 91 5702 16540 -9 1 140 0.15 19 221 1
1 513 37 9 11 91 5702 16540 -9 1 140 0.45 31 220 1
1 513 37 9 11 91 5702 16540 -9 2 140 0.6 34 219 1
1 513 37 9 11 91 5702 16540 -9 2 140 0.7 36 218 1
1 513 37 9 11 91 5702 16540 -9 2 140 0.5 33 217 1
1 513 37 9 11 91 5702 16540 -9 2 140 0.6 35 216 1
1 513 37 9 11 91 5702 16540 -9 2 140 0.25 25 215 1
1 513 37 9 11 91 5702 16540 -9 2 140 0.5 34 214 1
1 513 37 9 11 91 5702 16540 -9 2 140 0.5 32 213 1
1 513 37 9 11 91 5702 16540 -9 1 140 0.45 31 212 1
1 513 37 9 11 91 5702 16540 -9 2 140 0.45 33 211 1
1 513 37 9 11 91 5702 16540 -9 2 140 0.55 33 210 1
1 513 37 9 11 91 5702 16540 -9 1 140 0.35 29 209 1
1 513 37 9 11 91 5702 16540 -9 2 140 0.4 31 208 1
1 513 37 9 11 91 5702 16540 -9 2 140 0.6 35 207 1
1 513 37 9 11 91 5702 16540 -9 2 140 0.65 34 206 1
1 513 37 9 11 91 5702 16540 -9 2 140 0.5 32 205 1
1 513 37 9 11 91 5702 16540 -9 2 140 0.45 30 204 1
1 513 37 9 11 91 5702 16540 -9 2 140 0.5 32 203 1
1 513 37 9 11 91 5702 16540 -9 1 140 0.4 30 202 1
1 513 37 9 11 91 5702 16540 -9 2 140 0.4 30 201 1
1 513 37 9 11 91 5702 16540 -9 2 140 0.5 32 230 1
1 513 37 9 11 91 5702 16540 -9 2 140 0.6 35 229 1
1 513 37 9 11 91 5702 16540 -9 2 140 0.65 36 228 1
1 513 37 9 11 91 5702 16540 -9 2 140 0.65 35 227 1
1 513 37 9 11 91 5702 16540 -9 2 140 0.5 32 226 1
1 513 37 9 11 91 5702 16540 -9 2 140 0.45 31 225 1
1 513 37 9 11 91 5702 16540 -9 1 140 0.3 27 224 1
1 513 37 9 11 91 5702 16540 -9 2 140 0.25 23 223 1
1 514 35 9 17 91 5817 16815 10 1 140 0.22 26 240 1
1 514 35 9 17 91 5817 16815 17 1 140 0.3 31 239 1
1 514 35 9 17 91 5817 16815 15 2 140 0.58 37 238 1
1 514 35 9 17 91 5817 16815 17 2 140 0.53 33 237 1
1 514 35 9 17 91 5817 16815 12 2 140 0.42 34 236 1
1 514 35 9 17 91 5817 16815 16 2 140 0.44 32 235 1
1 514 35 9 17 91 5817 16815 12 2 140 0.4 31 234 1
1 514 35 9 17 91 5817 16815 18 2 140 0.58 36 233 1
1 514 35 9 17 91 5817 16815 21 2 140 0.48 37 232 1
1 514 35 9 17 91 5817 16815 14 2 140 0.5 35 231 1
1 514 9 6 2 91 5847 15938 -9 1 140 0.21 29 20 1
1 514 9 6 2 91 5847 15938 -9 1 140 0.22 29 19 1
1 514 9 6 2 91 5847 15938 -9 1 140 0.22 29 18 1
1 514 9 6 2 91 5847 15938 -9 1 140 0.35 32 17 1
1 514 9 6 2 91 5847 15938 -9 1 140 0.2 29 16 1
1 514 9 6 2 91 5847 15938 -9 1 140 0.1 24 15 1
1 514 9 6 2 91 5847 15938 -9 1 140 0.22 29 14 1
1 514 9 6 2 91 5847 15938 -9 1 140 0.3 31 13 1
1 514 9 6 2 91 5847 15938 -9 1 140 0.19 26 12 1
1 514 9 6 2 91 5847 15938 -9 1 140 0.2 28 11 1
1 514 9 6 2 91 5847 15938 -9 2 140 0.25 31 10 1
1 514 9 6 2 91 5847 15938 -9 2 140 0.24 29 9 1
1 514 9 6 2 91 5847 15938 -9 2 140 0.31 32 8 1
1 514 9 6 2 91 5847 15938 -9 2 140 0.45 34 7 1
1 514 9 6 2 91 5847 15938 -9 2 140 0.38 34 6 1
1 514 9 6 2 91 5847 15938 -9 2 140 0.25 32 5 1
1 514 9 6 2 91 5847 15938 -9 2 140 0.44 34 4 1
1 514 9 6 2 91 5847 15938 -9 2 140 0.3 32 3 1
1 514 9 6 2 91 5847 15938 -9 2 140 0.4 32 2 1
1 514 9 6 2 91 5847 15938 -9 2 140 0.38 33 1 1
1 514 31 7 7 91 5821 16834 -9 2 140 0.35 31 250 1
1 514 31 7 7 91 5821 16834 -9 1 140 0.15 22 249 1
1 514 31 7 7 91 5821 16834 -9 2 140 0.28 28 248 1
1 514 31 7 7 91 5821 16834 -9 2 140 0.6 35 247 1
1 514 31 7 7 91 5821 16834 -9 2 140 0.15 23 246 1
1 514 31 7 7 91 5821 16834 -9 2 140 0.25 28 245 1
1 514 31 7 7 91 5821 16834 -9 2 140 0.08 19 244 1
1 514 31 7 7 91 5821 16834 -9 2 140 0.35 30 243 1
1 514 31 7 7 91 5821 16834 -9 2 140 0.13 22 242 1
1 514 31 7 7 91 5821 16834 -9 2 140 0.8 35 241 1
1 514 37 9 17 91 5807 16706 15 1 140 0.35 33 230 1
1 514 37 9 17 91 5807 16706 11 1 140 0.35 30 229 1
1 514 37 9 17 91 5807 16706 12 1 140 0.31 30 228 1
1 514 37 9 17 91 5807 16706 15 1 140 0.4 31 227 1
1 514 37 9 17 91 5807 16706 12 2 140 0.4 33 226 1
1 514 37 9 17 91 5807 16706 22 2 140 0.46 34 225 1
1 514 37 9 17 91 5807 16706 15 2 140 0.41 32 224 1
1 514 37 9 17 91 5807 16706 15 2 140 0.48 34 223 1
1 514 37 9 17 91 5807 16706 15 2 140 0.32 30 222 1
1 514 37 9 17 91 5807 16706 17 2 140 0.46 32 221 1
1 514 33 9 24 91 5848 16920 10 1 140 0.3 29 151 1
1 514 33 9 24 91 5848 16920 18 2 140 0.7 38 150 1
1 514 33 9 24 91 5848 16920 16 2 140 0.5 33 149 1
1 514 33 9 24 91 5848 16920 10 2 140 0.25 26 148 1
1 514 33 9 24 91 5848 16920 10 2 140 0.35 28 147 1
1 514 33 9 24 91 5848 16920 10 2 140 0.4 29 146 1
1 514 33 9 24 91 5848 16920 7 2 140 0.3 27 145 1
1 514 33 9 24 91 5848 16920 15 2 140 0.5 35 144 1
1 514 33 9 24 91 5848 16920 14 2 140 0.6 33 143 1
1 514 33 9 24 91 5848 16920 17 2 140 0.55 36 142 1
1 514 33 9 24 91 5848 16920 15 2 140 0.65 36 141 1
1 514 33 9 24 91 5848 16920 10 1 140 0.25 25 158 1
1 514 33 9 24 91 5848 16920 8 1 140 0.25 24 157 1
1 514 33 9 24 91 5848 16920 10 1 140 0.2 24 156 1
1 514 33 9 24 91 5848 16920 10 1 140 0.55 33 155 1
1 514 33 9 24 91 5848 16920 21 1 140 0.6 33 154 1
1 514 33 9 24 91 5848 16920 10 1 140 0.35 29 153 1
1 514 33 9 24 91 5848 16920 12 1 140 0.4 31 152 1
1 514 20 7 13 91 5927 16833 -9 2 140 0.15 25 300 1
1 514 20 7 13 91 5927 16833 -9 2 140 0.4 31 299 1
1 514 20 7 13 91 5927 16833 -9 2 140 0.2 28 298 1
1 514 20 7 13 91 5927 16833 -9 2 140 0.3 30 297 1
1 514 20 7 13 91 5927 16833 -9 2 140 0.12 25 296 1
1 514 20 7 13 91 5927 16833 -9 2 140 0.25 28 295 1
1 514 20 7 13 91 5927 16833 -9 2 140 0.1 23 294 1
1 514 20 7 13 91 5927 16833 -9 2 140 0.8 39 293 1
1 514 20 7 13 91 5927 16833 -9 2 140 0.45 33 292 1
1 514 20 7 13 91 5927 16833 -9 2 140 0.07 22 291 1
1 514 20 7 13 91 5927 16833 -9 1 140 0.45 33 290 1
1 514 20 7 13 91 5927 16833 -9 1 140 0.2 26 289 1
1 514 20 7 13 91 5927 16833 -9 1 140 0.15 26 288 1
1 514 20 7 13 91 5927 16833 -9 1 140 0.04 20 287 1
1 514 20 7 13 91 5927 16833 -9 1 140 0.4 32 286 1
1 514 20 7 13 91 5927 16833 -9 1 140 0.35 32 285 1
1 514 20 7 13 91 5927 16833 -9 1 140 0.15 25 284 1
1 514 20 7 13 91 5927 16833 -9 1 140 0.25 27 283 1
1 514 20 7 13 91 5927 16833 -9 1 140 0.2 26 282 1
1 514 20 7 13 91 5927 16833 -9 1 140 0.1 24 281 1
1 514 23 7 26 91 5923 16816 -9 1 140 0.8 37 114 1
1 514 23 7 26 91 5923 16816 -9 1 140 0.75 38 113 1
1 514 23 7 26 91 5923 16816 -9 1 140 0.46 35 112 1
1 514 23 7 26 91 5923 16816 -9 2 140 0.15 21 111 1
1 514 23 7 26 91 5923 16816 -9 2 140 0.19 22 110 1
1 514 23 7 26 91 5923 16816 -9 2 140 0.69 35 109 1
1 514 22 8 21 91 5956 16906 18 1 140 0.85 40 130 1
1 514 22 8 21 91 5956 16906 10 1 140 0.39 30 129 1
1 514 22 8 21 91 5956 16906 12 1 140 0.51 35 128 1
1 514 22 8 21 91 5956 16906 8 1 140 0.34 28 127 1
1 514 22 8 21 91 5956 16906 10 1 140 0.3 27 126 1
1 514 22 8 21 91 5956 16906 8 2 140 0.3 26 125 1
1 514 22 8 21 91 5956 16906 8 2 140 0.25 24 124 1
1 514 22 8 21 91 5956 16906 11 2 140 0.49 32 123 1
1 514 22 8 21 91 5956 16906 10 2 140 0.55 33 122 1
1 514 22 8 21 91 5956 16906 10 2 140 0.42 31 121 1
1 514 22 8 21 91 5956 16906 10 2 140 0.3 27 120 1
1 514 22 8 21 91 5956 16906 10 2 140 0.38 30 119 1
1 514 22 8 21 91 5956 16906 8 2 140 0.3 26 118 1
1 514 22 8 21 91 5956 16906 18 2 140 0.61 37 117 1
1 514 22 8 21 91 5956 16906 10 2 140 0.33 30 116 1
1 514 22 8 21 91 5956 16906 9 2 140 0.39 29 115 1
1 514 22 8 21 91 5956 16906 14 2 140 0.64 38 114 1
1 514 22 8 21 91 5956 16906 10 2 140 0.4 31 113 1
1 514 22 8 21 91 5956 16906 9 2 140 0.32 27 112 1
1 514 22 8 21 91 5956 16906 22 2 140 1.08 45 111 1
1 514 9 6 7 91 5825 15923 -9 1 140 0.16 24 116 1
1 514 9 6 7 91 5825 15923 -9 1 140 0.16 24 115 1
1 514 9 6 7 91 5825 15923 -9 1 140 0.18 25 114 1
1 514 9 6 7 91 5825 15923 -9 1 140 0.2 25 113 1
1 514 9 6 7 91 5825 15923 -9 1 140 0.13 23 112 1
1 514 9 6 7 91 5825 15923 -9 1 140 0.16 25 111 1
1 514 9 6 7 91 5825 15923 -9 2 140 0.61 38 110 1
1 514 9 6 7 91 5825 15923 -9 2 140 0.54 38 109 1
1 514 9 6 7 91 5825 15923 -9 2 140 0.78 40 108 1
1 514 9 6 7 91 5825 15923 -9 2 140 0.59 38 107 1
1 514 9 6 7 91 5825 15923 -9 2 140 0.64 38 106 1
1 514 9 6 7 91 5825 15923 -9 2 140 0.53 38 105 1
1 514 9 6 7 91 5825 15923 -9 2 140 0.5 38 104 1
1 514 9 6 7 91 5825 15923 -9 2 140 0.08 19 103 1
1 514 9 6 7 91 5825 15923 -9 2 140 0.23 26 102 1
1 514 9 6 7 91 5825 15923 -9 2 140 0.18 21 101 1
1 514 9 6 7 91 5825 15923 -9 1 140 0.1 20 120 1
1 514 9 6 7 91 5825 15923 -9 1 140 0.15 23 119 1
1 514 9 6 7 91 5825 15923 -9 1 140 0.13 22 118 1
1 514 9 6 7 91 5825 15923 -9 1 140 0.08 18 117 1
1 514 4 5 28 91 5838 15923 -9 1 140 0.3 30 220 1
1 514 4 5 28 91 5838 15923 -9 1 140 0.19 26 219 1
1 514 4 5 28 91 5838 15923 -9 1 140 0.25 28 218 1
1 514 4 5 28 91 5838 15923 -9 1 140 0.33 29 217 1
1 514 4 5 28 91 5838 15923 -9 1 140 0.5 35 216 1
1 514 4 5 28 91 5838 15923 -9 2 140 0.8 39 215 1
1 514 4 5 28 91 5838 15923 -9 2 140 0.35 33 214 1
1 514 4 5 28 91 5838 15923 -9 2 140 0.26 28 213 1
1 514 4 5 28 91 5838 15923 -9 2 140 0.54 37 212 1
1 514 4 5 28 91 5838 15923 -9 2 140 0.34 30 211 1
1 514 23 8 25 91 6022 16932 11 2 140 0.49 33 167 1
1 514 23 8 25 91 6022 16932 19 2 140 0.84 39 166 1
1 514 23 8 25 91 6022 16932 7 2 140 0.28 26 165 1
1 514 23 8 25 91 6022 16932 12 2 140 0.7 36 164 1
1 514 23 8 25 91 6022 16932 19 2 140 0.53 34 163 1
1 514 23 8 25 91 6022 16932 12 2 140 0.55 34 162 1
1 514 23 8 25 91 6022 16932 8 2 140 0.35 27 161 1
1 514 23 8 25 91 6022 16932 11 1 140 0.5 32 180 1
1 514 23 8 25 91 6022 16932 11 1 140 0.6 35 179 1
1 514 23 8 25 91 6022 16932 10 1 140 0.4 31 178 1
1 514 23 8 25 91 6022 16932 11 1 140 0.42 30 177 1
1 514 23 8 25 91 6022 16932 11 1 140 0.6 34 176 1
1 514 23 8 25 91 6022 16932 8 1 140 0.3 27 175 1
1 514 23 8 25 91 6022 16932 10 1 140 0.3 27 174 1
1 514 23 8 25 91 6022 16932 10 1 140 0.4 30 173 1
1 514 23 8 25 91 6022 16932 7 1 140 0.3 25 172 1
1 514 23 8 25 91 6022 16932 8 1 140 0.3 27 171 1
1 514 23 8 25 91 6022 16932 17 2 140 0.8 39 170 1
1 514 23 8 25 91 6022 16932 11 2 140 0.48 30 169 1
1 514 23 8 25 91 6022 16932 8 2 140 0.35 29 168 1
1 514 24 8 28 91 6018 16935 8 1 140 0.26 24 200 1
1 514 24 8 28 91 6018 16935 15 1 140 0.53 35 199 1
1 514 24 8 28 91 6018 16935 8 1 140 0.3 26 198 1
1 514 24 8 28 91 6018 16935 15 1 140 0.5 33 197 1
1 514 24 8 28 91 6018 16935 12 1 140 0.6 36 196 1
1 514 24 8 28 91 6018 16935 17 2 140 0.64 37 195 1
1 514 24 8 28 91 6018 16935 8 2 140 0.2 22 194 1
1 514 24 8 28 91 6018 16935 10 2 140 0.35 29 193 1
1 514 24 8 28 91 6018 16935 23 2 140 0.9 40 192 1
1 514 24 8 28 91 6018 16935 10 2 140 0.46 33 191 1
1 514 23 7 16 91 5934 16832 -9 2 140 0.85 37 250 1
1 514 23 7 16 91 5934 16832 -9 2 140 0.8 36 249 1
1 514 23 7 16 91 5934 16832 -9 2 140 1.25 49 248 1
1 514 23 7 16 91 5934 16832 -9 2 140 0.2 27 247 1
1 514 23 7 16 91 5934 16832 -9 2 140 0.05 18 246 1
1 514 23 7 16 91 5934 16832 -9 2 140 0.15 26 245 1
1 514 23 7 16 91 5934 16832 -9 2 140 0.4 33 244 1
1 514 23 7 16 91 5934 16832 -9 2 140 0.35 32 243 1
1 514 23 7 16 91 5934 16832 -9 2 140 1.15 41 242 1
1 514 23 7 16 91 5934 16832 -9 2 140 0.12 23 241 1
1 514 23 7 16 91 5934 16832 -9 1 140 0.2 27 240 1
1 514 23 7 16 91 5934 16832 -9 1 140 0.12 25 239 1
1 514 23 7 16 91 5934 16832 -9 1 140 0.25 28 238 1
1 514 23 7 16 91 5934 16832 -9 1 140 0.32 31 237 1
1 514 23 7 16 91 5934 16832 -9 1 140 0.45 33 236 1
1 514 23 7 16 91 5934 16832 -9 1 140 0.35 31 235 1
1 514 23 7 16 91 5934 16832 -9 1 140 0.2 25 234 1
1 514 23 7 16 91 5934 16832 -9 1 140 0.1 20 233 1
1 514 23 7 16 91 5934 16832 -9 1 140 0.25 28 232 1
1 514 23 7 16 91 5934 16832 -9 1 140 0.15 23 231 1
1 514 23 7 24 91 5922 16804 -9 1 140 0.09 18 136 1
1 514 23 7 24 91 5922 16804 -9 1 140 0.15 21 135 1
1 514 23 7 24 91 5922 16804 -9 1 140 0.1 19 134 1
1 514 23 7 24 91 5922 16804 -9 1 140 0.1 19 133 1
1 514 23 7 24 91 5922 16804 -9 1 140 0.08 18 132 1
1 514 23 7 24 91 5922 16804 -9 1 140 0.05 16 131 1
1 514 23 7 24 91 5922 16804 -9 1 140 0.1 18 130 1
1 514 23 7 24 91 5922 16804 -9 2 140 0.95 40 129 1
1 514 23 7 24 91 5922 16804 -9 2 140 0.15 23 128 1
1 514 23 7 24 91 5922 16804 -9 2 140 0.15 23 127 1
1 514 23 7 24 91 5922 16804 -9 2 140 0.1 19 126 1
1 514 23 7 24 91 5922 16804 -9 2 140 0.56 36 125 1
1 514 23 7 24 91 5922 16804 -9 2 140 0.12 20 124 1
1 514 23 7 24 91 5922 16804 -9 2 140 0.8 37 123 1
1 514 16 6 9 91 5840 15931 -9 1 140 0.05 18 240 1
1 514 16 6 9 91 5840 15931 -9 1 140 0.27 29 239 1
1 514 16 6 9 91 5840 15931 -9 1 140 0.4 34 238 1
1 514 16 6 9 91 5840 15931 -9 1 140 0.43 35 237 1
1 514 16 6 9 91 5840 15931 -9 1 140 0.07 20 236 1
1 514 16 6 9 91 5840 15931 -9 1 140 0.35 32 235 1
1 514 16 6 9 91 5840 15931 -9 1 140 0.2 26 234 1
1 514 16 6 9 91 5840 15931 -9 1 140 0.27 30 233 1
1 514 16 6 9 91 5840 15931 -9 1 140 0.27 29 232 1
1 514 16 6 9 91 5840 15931 -9 1 140 0.13 23 231 1
1 514 16 6 9 91 5840 15931 -9 2 140 0.35 31 230 1
1 514 16 6 9 91 5840 15931 -9 2 140 0.45 35 229 1
1 514 16 6 9 91 5840 15931 -9 2 140 0.43 34 228 1
1 514 16 6 9 91 5840 15931 -9 2 140 0.27 30 227 1
1 514 16 6 9 91 5840 15931 -9 2 140 0.4 34 226 1
1 514 16 6 9 91 5840 15931 -9 2 140 0.35 31 225 1
1 514 16 6 9 91 5840 15931 -9 2 140 0.15 23 224 1
1 514 16 6 9 91 5840 15931 -9 2 140 0.3 30 223 1
1 514 16 6 9 91 5840 15931 -9 2 140 0.35 33 222 1
1 514 16 6 9 91 5840 15931 -9 2 140 0.23 29 221 1
1 514 34 7 7 91 5843 16904 -9 1 140 0.05 15 260 1
1 514 34 7 7 91 5843 16904 -9 1 140 0.15 24 259 1
1 514 34 7 7 91 5843 16904 -9 1 140 0.1 19 258 1
1 514 34 7 7 91 5843 16904 -9 1 140 0.25 27 257 1
1 514 34 7 7 91 5843 16904 -9 1 140 0.1 20 256 1
1 514 34 7 7 91 5843 16904 -9 2 140 0.15 24 255 1
1 514 34 7 7 91 5843 16904 -9 2 140 0.2 26 254 1
1 514 34 7 7 91 5843 16904 -9 2 140 0.8 37 253 1
1 514 34 7 7 91 5843 16904 -9 2 140 0.4 32 252 1
1 514 34 7 7 91 5843 16904 -9 2 140 0.75 39 251 1
1 514 28 7 13 91 5849 16810 -9 1 140 0.08 19 350 1
1 514 28 7 13 91 5849 16810 -9 1 140 0.31 31 349 1
1 514 28 7 13 91 5849 16810 -9 2 140 0.3 28 341 1
1 514 28 7 13 91 5849 16810 -9 1 140 0.3 31 348 1
1 514 28 7 13 91 5849 16810 -9 1 140 0.42 32 347 1
1 514 28 7 13 91 5849 16810 -9 1 140 0.08 20 346 1
1 514 28 7 13 91 5849 16810 -9 2 140 0.52 32 345 1
1 514 28 7 13 91 5849 16810 -9 2 140 0.2 26 344 1
1 514 28 7 13 91 5849 16810 -9 2 140 0.25 27 343 1
1 514 28 7 13 91 5849 16810 -9 2 140 0.85 40 342 1
1 514 21 9 9 91 5914 16800 10 1 140 0.4 30 60 1
1 514 21 9 9 91 5914 16800 20 1 140 0.8 37 59 1
1 514 21 9 9 91 5914 16800 10 1 140 0.4 29 58 1
1 514 21 9 9 91 5914 16800 10 1 140 0.35 27 57 1
1 514 21 9 9 91 5914 16800 18 1 140 0.7 37 56 1
1 514 21 9 9 91 5914 16800 10 1 140 0.55 34 55 1
1 514 21 9 9 91 5914 16800 10 1 140 0.3 28 54 1
1 514 21 9 9 91 5914 16800 8 1 140 0.3 26 53 1
1 514 21 9 9 91 5914 16800 11 1 140 0.3 27 52 1
1 514 21 9 9 91 5914 16800 10 1 140 0.75 35 51 1
1 514 21 9 9 91 5914 16800 9 2 140 0.4 29 50 1
1 514 21 9 9 91 5914 16800 19 2 140 0.6 34 49 1
1 514 21 9 9 91 5914 16800 8 2 140 0.4 31 48 1
1 514 21 9 9 91 5914 16800 8 2 140 0.2 23 47 1
1 514 21 9 9 91 5914 16800 15 2 140 0.8 38 46 1
1 514 21 9 9 91 5914 16800 17 2 140 1.5 42 45 1
1 514 21 9 9 91 5914 16800 8 2 140 0.4 30 44 1
1 514 21 9 9 91 5914 16800 8 2 140 0.4 29 43 1
1 514 21 9 9 91 5914 16800 10 2 140 0.45 30 42 1
1 514 21 9 9 91 5914 16800 18 2 140 1.05 40 41 1
1 513 38 9 13 91 5745 16936 10 1 140 0.35 29 120 1
1 513 38 9 13 91 5745 16936 10 1 140 0.25 26 119 1
1 513 38 9 13 91 5745 16936 12 1 140 0.45 31 118 1
1 513 38 9 13 91 5745 16936 10 1 140 0.35 27 117 1
1 513 38 9 13 91 5745 16936 17 1 140 0.4 30 116 1
1 513 38 9 13 91 5745 16936 15 1 140 0.45 31 115 1
1 513 38 9 13 91 5745 16936 17 1 140 0.5 30 114 1
1 513 38 9 13 91 5745 16936 10 1 140 0.5 33 113 1
1 513 38 9 13 91 5745 16936 20 1 140 0.6 35 112 1
1 513 38 9 13 91 5745 16936 8 1 140 0.2 24 111 1
1 513 38 9 13 91 5745 16936 10 2 140 0.3 27 110 1
1 513 38 9 13 91 5745 16936 11 2 140 0.25 25 109 1
1 513 38 9 13 91 5745 16936 14 2 140 0.6 34 108 1
1 513 38 9 13 91 5745 16936 15 2 140 0.9 36 107 1
1 513 38 9 13 91 5745 16936 15 2 140 0.6 33 106 1
1 513 38 9 13 91 5745 16936 10 2 140 0.4 28 105 1
1 513 38 9 13 91 5745 16936 8 2 140 0.3 26 104 1
1 513 38 9 13 91 5745 16936 10 2 140 0.4 29 103 1
1 513 38 9 13 91 5745 16936 16 2 140 0.65 35 102 1
1 513 38 9 13 91 5745 16936 10 2 140 0.25 23 101 1
1 514 19 7 11 91 5923 16808 -9 1 140 0.44 33 330 1
1 514 19 7 11 91 5923 16808 -9 1 140 0.14 23 329 1
1 514 19 7 11 91 5923 16808 -9 1 140 0.14 23 328 1
1 514 19 7 11 91 5923 16808 -9 1 140 0.12 21 327 1
1 514 19 7 11 91 5923 16808 -9 1 140 0.17 25 326 1
1 514 19 7 11 91 5923 16808 -9 2 140 0.76 38 325 1
1 514 19 7 11 91 5923 16808 -9 2 140 0.25 28 324 1
1 514 19 7 11 91 5923 16808 -9 2 140 0.36 31 323 1
1 514 19 7 11 91 5923 16808 -9 2 140 1.3 40 322 1
1 514 19 7 11 91 5923 16808 -9 2 140 0.48 34 321 1
1 514 -9 5 29 91 -9 -9 -9 1 140 0.37 33 120 1
1 514 -9 5 29 91 -9 -9 -9 1 140 0.27 29 119 1
1 514 -9 5 29 91 -9 -9 -9 1 140 0.28 29 118 1
1 514 -9 5 29 91 -9 -9 -9 1 140 0.34 32 117 1
1 514 -9 5 29 91 -9 -9 -9 1 140 0.22 28 116 1
1 514 -9 5 29 91 -9 -9 -9 1 140 0.2 26 115 1
1 514 -9 5 29 91 -9 -9 -9 1 140 0.25 27 114 1
1 514 -9 5 29 91 -9 -9 -9 1 140 0.22 28 113 1
1 514 -9 5 29 91 -9 -9 -9 1 140 0.28 30 112 1
1 514 -9 5 29 91 -9 -9 -9 1 140 0.26 30 111 1
1 514 -9 5 29 91 -9 -9 -9 2 140 0.52 35 110 1
1 514 -9 5 29 91 -9 -9 -9 2 140 0.47 34 109 1
1 514 -9 5 29 91 -9 -9 -9 2 140 0.47 34 108 1
1 514 -9 5 29 91 -9 -9 -9 2 140 0.36 33 107 1
1 514 -9 5 29 91 -9 -9 -9 2 140 0.4 34 106 1
1 514 -9 5 29 91 -9 -9 -9 2 140 0.35 29 105 1
1 514 -9 5 29 91 -9 -9 -9 2 140 0.3 32 104 1
1 514 -9 5 29 91 -9 -9 -9 2 140 0.4 33 103 1
1 514 -9 5 29 91 -9 -9 -9 2 140 0.53 34 102 1
1 514 -9 5 29 91 -9 -9 -9 2 140 0.4 32 101 1
1 514 -9 5 6 91 -9 -9 15 1 140 0.25 29 20 1
1 514 -9 5 6 91 -9 -9 8 1 140 0.13 23 19 1
1 514 -9 5 6 91 -9 -9 11 1 140 0.18 26 18 1
1 514 -9 5 6 91 -9 -9 21 1 140 0.4 34 17 1
1 514 -9 5 6 91 -9 -9 11 1 140 0.27 29 16 1
1 514 -9 5 6 91 -9 -9 6 1 140 0.19 27 15 1
1 514 -9 5 6 91 -9 -9 19 1 140 0.24 28 14 1
1 514 -9 5 6 91 -9 -9 18 1 140 0.35 32 13 1
1 514 -9 5 6 91 -9 -9 17 1 140 0.32 31 12 1
1 514 -9 5 6 91 -9 -9 14 1 140 0.3 30 11 1
1 514 -9 5 6 91 -9 -9 14 2 140 0.19 27 10 1
1 514 -9 5 6 91 -9 -9 10 2 140 0.16 25 9 1
1 514 -9 5 6 91 -9 -9 7 2 140 0.11 23 8 1
1 514 -9 5 6 91 -9 -9 12 2 140 0.3 30 7 1
1 514 -9 5 6 91 -9 -9 -9 2 140 0.3 31 6 1
1 514 -9 5 6 91 -9 -9 29 2 140 0.47 37 5 1
1 514 -9 5 6 91 -9 -9 17 2 140 0.35 32 4 1
1 514 -9 5 6 91 -9 -9 25 2 140 0.35 34 3 1
1 514 -9 5 6 91 -9 -9 10 2 140 0.4 32 2 1
1 514 -9 5 6 91 -9 -9 12 2 140 0.3 31 1 1
1 514 -9 5 6 91 -9 -9 12 1 140 0.24 30 40 1
1 514 -9 5 6 91 -9 -9 22 1 140 0.27 29 39 1
1 514 -9 5 6 91 -9 -9 7 1 140 0.1 21 38 1
1 514 -9 5 6 91 -9 -9 22 1 140 0.36 33 37 1
1 514 -9 5 6 91 -9 -9 22 1 140 0.45 35 36 1
1 514 -9 5 6 91 -9 -9 24 1 140 0.36 33 35 1
1 514 -9 5 6 91 -9 -9 8 1 140 0.16 24 34 1
1 514 -9 5 6 91 -9 -9 16 1 140 0.22 28 33 1
1 514 -9 5 6 91 -9 -9 13 1 140 0.2 27 32 1
1 514 -9 5 6 91 -9 -9 10 1 140 0.16 25 31 1
1 514 -9 5 6 91 -9 -9 10 2 140 0.26 29 30 1
1 514 -9 5 6 91 -9 -9 18 2 140 0.4 32 29 1
1 514 -9 5 6 91 -9 -9 21 2 140 0.71 40 28 1
1 514 -9 5 6 91 -9 -9 15 2 140 0.51 35 27 1
1 514 -9 5 6 91 -9 -9 17 2 140 0.48 36 26 1
1 514 -9 5 6 91 -9 -9 13 2 140 0.4 34 25 1
1 514 -9 5 6 91 -9 -9 20 2 140 0.3 31 24 1
1 514 -9 5 6 91 -9 -9 10 2 140 0.2 26 23 1
1 514 -9 5 6 91 -9 -9 12 2 140 0.19 27 22 1
1 514 -9 5 6 91 -9 -9 10 2 140 0.16 25 21 1
1 514 -9 5 8 91 -9 -9 21 1 140 0.46 34 70 1
1 514 -9 5 8 91 -9 -9 6 1 140 0.15 25 69 1
1 514 -9 5 8 91 -9 -9 10 1 140 0.19 27 68 1
1 514 -9 5 8 91 -9 -9 8 1 140 0.2 20 67 1
1 514 -9 5 8 91 -9 -9 14 1 140 0.3 30 66 1
1 514 -9 5 8 91 -9 -9 -9 1 140 0.38 33 65 1
1 514 -9 5 8 91 -9 -9 14 1 140 0.28 29 64 1
1 514 -9 5 8 91 -9 -9 10 1 140 0.18 26 63 1
1 514 -9 5 8 91 -9 -9 8 1 140 0.11 22 62 1
1 514 -9 5 8 91 -9 -9 14 1 140 0.32 31 61 1
1 514 -9 5 8 91 -9 -9 10 2 140 0.32 31 60 1
1 514 -9 5 8 91 -9 -9 -9 2 140 0.05 17 59 1
1 514 -9 5 8 91 -9 -9 14 2 140 0.47 34 58 1
1 514 -9 5 8 91 -9 -9 11 2 140 0.46 35 57 1
1 514 -9 5 8 91 -9 -9 20 2 140 0.33 32 56 1
1 514 -9 5 8 91 -9 -9 10 2 140 0.28 30 55 1
1 514 -9 5 8 91 -9 -9 14 2 140 0.36 33 54 1
1 514 -9 5 8 91 -9 -9 10 2 140 0.22 28 53 1
1 514 -9 5 8 91 -9 -9 22 2 140 0.74 39 52 1
1 514 -9 5 8 91 -9 -9 18 2 140 0.4 36 51 1
1 514 -9 5 9 91 -9 -9 24 1 140 0.3 30 90 1
1 514 -9 5 9 91 -9 -9 5 1 140 0.08 19 89 1
1 514 -9 5 9 91 -9 -9 7 1 140 0.05 18 88 1
1 514 -9 5 9 91 -9 -9 17 1 140 0.32 31 87 1
1 514 -9 5 9 91 -9 -9 11 1 140 0.21 28 86 1
1 514 -9 5 9 91 -9 -9 17 1 140 0.4 34 85 1
1 514 -9 5 9 91 -9 -9 11 1 140 0.2 27 84 1
1 514 -9 5 9 91 -9 -9 11 1 140 0.15 24 83 1
1 514 -9 5 9 91 -9 -9 7 1 140 0.09 22 82 1
1 514 -9 5 9 91 -9 -9 19 1 140 0.39 32 81 1
1 514 -9 5 9 91 -9 -9 17 2 140 0.59 36 80 1
1 514 -9 5 9 91 -9 -9 12 2 140 0.39 32 79 1
1 514 -9 5 9 91 -9 -9 8 2 140 0.13 21 78 1
1 514 -9 5 9 91 -9 -9 10 2 140 0.28 29 77 1
1 514 -9 5 9 91 -9 -9 4 2 140 0.03 14 76 1
1 514 -9 5 9 91 -9 -9 17 2 140 0.7 37 75 1
1 514 -9 5 9 91 -9 -9 7 2 140 0.07 19 74 1
1 514 -9 5 9 91 -9 -9 8 2 140 0.09 22 73 1
1 514 -9 5 9 91 -9 -9 8 2 140 0.12 24 72 1
1 514 -9 5 9 91 -9 -9 11 2 140 0.23 28 71 1
1 514 -9 5 16 91 -9 -9 23 1 140 0.37 33 210 1
1 514 -9 5 16 91 -9 -9 22 1 140 0.41 32 209 1
1 514 -9 5 16 91 -9 -9 16 1 140 0.21 28 208 1
1 514 -9 5 16 91 -9 -9 10 1 140 0.18 26 207 1
1 514 -9 5 16 91 -9 -9 14 1 140 0.26 29 206 1
1 514 -9 5 16 91 -9 -9 12 1 140 0.2 27 205 1
1 514 -9 5 16 91 -9 -9 11 1 140 0.32 30 204 1
1 514 -9 5 16 91 -9 -9 5 1 140 0.1 20 203 1
1 514 -9 5 16 91 -9 -9 10 1 140 0.2 25 202 1
1 514 -9 5 16 91 -9 -9 14 1 140 0.36 31 201 1
1 514 -9 5 16 91 -9 -9 6 2 140 0.09 19 200 1
1 514 -9 5 16 91 -9 -9 18 2 140 0.65 36 99 1
1 514 -9 5 16 91 -9 -9 18 2 140 0.51 35 98 1
1 514 -9 5 16 91 -9 -9 18 2 140 0.4 33 97 1
1 514 -9 5 16 91 -9 -9 18 2 140 0.47 34 96 1
1 514 -9 5 16 91 -9 -9 10 2 140 0.31 30 95 1
1 514 -9 5 16 91 -9 -9 24 2 140 0.35 31 94 1
1 514 -9 5 16 91 -9 -9 11 2 140 0.25 29 93 1
1 514 -9 5 16 91 -9 -9 16 2 140 0.4 33 92 1
1 514 -9 5 16 91 -9 -9 18 2 140 0.55 37 91 1
1 514 -9 5 19 91 -9 -9 8 1 140 0.15 22 230 1
1 514 -9 5 19 91 -9 -9 8 1 140 0.15 21 229 1
1 514 -9 5 19 91 -9 -9 5 1 140 0.07 18 228 1
1 514 -9 5 19 91 -9 -9 7 1 140 0.08 19 227 1
1 514 -9 5 19 91 -9 -9 4 1 140 0.01 11 226 1
1 514 -9 5 19 91 -9 -9 5 1 140 0.04 16 225 1
1 514 -9 5 19 91 -9 -9 4 1 140 0.02 12 224 1
1 514 -9 5 19 91 -9 -9 4 1 140 0.02 13 223 1
1 514 -9 5 19 91 -9 -9 6 1 140 0.03 14 222 1
1 514 -9 5 19 91 -9 -9 4 1 140 0.01 10 221 1
1 514 -9 5 19 91 -9 -9 5 2 140 0.03 15 220 1
1 514 -9 5 19 91 -9 -9 5 2 140 0.07 18 219 1
1 514 -9 5 19 91 -9 -9 7 2 140 0.1 20 218 1
1 514 -9 5 19 91 -9 -9 -9 2 140 0.01 9 217 1
1 514 -9 5 19 91 -9 -9 5 2 140 0.04 16 216 1
1 514 -9 5 19 91 -9 -9 3 2 140 0.02 12 215 1
1 514 -9 5 19 91 -9 -9 5 2 140 0.04 14 214 1
1 514 -9 5 19 91 -9 -9 5 2 140 0.04 16 213 1
1 514 -9 5 19 91 -9 -9 4 2 140 0.01 11 212 1
1 514 -9 5 19 91 -9 -9 5 2 140 0.05 19 211 1
1 514 -9 5 20 91 -9 -9 15 1 140 0.44 33 250 1
1 514 -9 5 20 91 -9 -9 9 1 140 0.19 24 249 1
1 514 -9 5 20 91 -9 -9 24 1 140 0.39 36 248 1
1 514 -9 5 20 91 -9 -9 4 1 140 0.1 18 247 1
1 514 -9 5 20 91 -9 -9 7 1 140 0.19 22 246 1
1 514 -9 5 20 91 -9 -9 10 1 140 0.2 25 245 1
1 514 -9 5 20 91 -9 -9 23 1 140 0.45 32 244 1
1 514 -9 5 20 91 -9 -9 10 1 140 0.21 26 243 1
1 514 -9 5 20 91 -9 -9 8 1 140 0.25 28 242 1
1 514 -9 5 20 91 -9 -9 16 1 140 0.35 31 241 1
1 514 -9 5 20 91 -9 -9 16 2 140 0.45 33 240 1
1 514 -9 5 20 91 -9 -9 6 2 140 0.09 19 239 1
1 514 -9 5 20 91 -9 -9 8 2 140 0.22 27 238 1
1 514 -9 5 20 91 -9 -9 8 2 140 0.15 24 237 1
1 514 -9 5 20 91 -9 -9 10 2 140 0.3 28 236 1
1 514 -9 5 20 91 -9 -9 18 2 140 0.59 35 235 1
1 514 -9 5 20 91 -9 -9 15 2 140 0.55 34 234 1
1 514 -9 5 20 91 -9 -9 18 2 140 0.45 33 233 1
1 514 -9 5 20 91 -9 -9 13 2 140 0.25 30 232 1
1 514 -9 5 20 91 -9 -9 11 2 140 0.27 29 231 1
1 514 -9 5 20 91 -9 -9 6 1 140 0.15 22 269 1
1 514 -9 5 20 91 -9 -9 8 1 140 0.15 23 268 1
1 514 -9 5 20 91 -9 -9 6 1 140 0.16 20 267 1
1 514 -9 5 20 91 -9 -9 5 1 140 0.03 15 266 1
1 514 -9 5 20 91 -9 -9 9 1 140 0.16 25 265 1
1 514 -9 5 20 91 -9 -9 10 1 140 0.21 26 264 1
1 514 -9 5 20 91 -9 -9 18 1 140 0.4 34 263 1
1 514 -9 5 20 91 -9 -9 21 1 140 0.65 38 262 1
1 514 -9 5 20 91 -9 -9 14 1 140 0.4 32 261 1
1 514 -9 5 20 91 -9 -9 5 2 140 0.14 17 260 1
1 514 -9 5 20 91 -9 -9 4 2 140 0.01 12 259 1
1 514 -9 5 20 91 -9 -9 24 2 140 0.79 39 258 1
1 514 -9 5 20 91 -9 -9 22 2 140 0.72 38 257 1
1 514 -9 5 20 91 -9 -9 21 2 140 1 41 256 1
1 514 -9 5 20 91 -9 -9 17 2 140 0.8 40 255 1
1 514 -9 5 20 91 -9 -9 20 2 140 0.63 37 254 1
1 514 -9 5 20 91 -9 -9 15 2 140 0.53 36 253 1
1 514 -9 5 20 91 -9 -9 14 2 140 0.5 35 252 1
1 514 -9 5 20 91 -9 -9 8 2 140 0.3 30 251 1
1 514 -9 5 21 91 -9 -9 5 1 140 0.18 25 290 1
1 514 -9 5 21 91 -9 -9 4 1 140 0.02 12 289 1
1 514 -9 5 21 91 -9 -9 11 1 140 0.13 23 288 1
1 514 -9 5 21 91 -9 -9 8 1 140 0.09 19 287 1
1 514 -9 5 21 91 -9 -9 8 1 140 0.1 21 286 1
1 514 -9 5 21 91 -9 -9 3 1 140 0.01 10 285 1
1 514 -9 5 21 91 -9 -9 11 1 140 0.16 24 284 1
1 514 -9 5 21 91 -9 -9 5 1 140 0.04 16 283 1
1 514 -9 5 21 91 -9 -9 6 1 140 0.1 20 282 1
1 514 -9 5 21 91 -9 -9 5 1 140 0.03 14 281 1
1 514 -9 5 21 91 -9 -9 -9 2 140 0.04 16 280 1
1 514 -9 5 21 91 -9 -9 7 2 140 0.15 21 279 1
1 514 -9 5 21 91 -9 -9 8 2 140 0.13 23 278 1
1 514 -9 5 21 91 -9 -9 5 2 140 0.1 20 277 1
1 514 -9 5 21 91 -9 -9 5 2 140 0.03 15 276 1
1 514 -9 5 21 91 -9 -9 7 2 140 0.2 26 275 1
1 514 -9 5 21 91 -9 -9 17 2 140 0.54 37 274 1
1 514 -9 5 21 91 -9 -9 4 2 140 0.01 13 273 1
1 514 -9 5 21 91 -9 -9 5 2 140 0.08 18 272 1
1 514 -9 5 21 91 -9 -9 7 2 140 0.19 25 271 1
1 514 -9 5 22 91 -9 -9 5 1 140 0.04 15 307 1
1 514 -9 5 22 91 -9 -9 18 1 140 0.5 36 306 1
1 514 -9 5 22 91 -9 -9 7 1 140 0.12 20 305 1
1 514 -9 5 22 91 -9 -9 8 1 140 0.15 23 304 1
1 514 -9 5 22 91 -9 -9 4 1 140 0.02 13 303 1
1 514 -9 5 22 91 -9 -9 7 1 140 0.17 24 302 1
1 514 -9 5 22 91 -9 -9 7 1 140 0.12 21 301 1
1 514 -9 5 22 91 -9 -9 5 2 140 0.07 17 300 1
1 514 -9 5 22 91 -9 -9 4 2 140 0.09 18 299 1
1 514 -9 5 22 91 -9 -9 18 2 140 0.6 38 298 1
1 514 -9 5 22 91 -9 -9 4 2 140 0.01 13 297 1
1 514 -9 5 22 91 -9 -9 10 2 140 0.32 29 296 1
1 514 -9 5 22 91 -9 -9 18 2 140 0.7 39 295 1
1 514 -9 5 22 91 -9 -9 22 2 140 1.13 41 294 1
1 514 -9 5 22 91 -9 -9 3 2 140 0.01 9 293 1
1 514 -9 5 22 91 -9 -9 8 2 140 0.3 28 292 1
1 514 -9 5 22 91 -9 -9 4 2 140 0.04 15 291 1
1 514 -9 5 22 91 -9 -9 6 1 140 0.12 20 310 1
1 514 -9 5 22 91 -9 -9 7 1 140 0.15 23 309 1
1 514 -9 5 22 91 -9 -9 5 1 140 0.05 16 308 1
1 514 -9 5 23 91 -9 -9 7 1 140 0.15 23 330 1
1 514 -9 5 23 91 -9 -9 4 1 140 0.01 11 329 1
1 514 -9 5 23 91 -9 -9 6 1 140 0.09 17 328 1
1 514 -9 5 23 91 -9 -9 6 1 140 0.1 19 327 1
1 514 -9 5 23 91 -9 -9 17 1 140 0.55 35 326 1
1 514 -9 5 23 91 -9 -9 5 1 140 0.11 18 325 1
1 514 -9 5 23 91 -9 -9 5 1 140 0.09 16 324 1
1 514 -9 5 23 91 -9 -9 5 1 140 0.09 15 323 1
1 514 -9 5 23 91 -9 -9 -9 1 140 0.52 37 322 1
1 514 -9 5 23 91 -9 -9 24 1 140 0.46 34 321 1
1 514 -9 5 23 91 -9 -9 5 2 140 0.02 13 320 1
1 514 -9 5 23 91 -9 -9 5 2 140 0.14 22 319 1
1 514 -9 5 23 91 -9 -9 4 2 140 0.01 12 318 1
1 514 -9 5 23 91 -9 -9 5 2 140 0.08 15 317 1
1 514 -9 5 23 91 -9 -9 7 2 140 0.15 21 316 1
1 514 -9 5 23 91 -9 -9 7 2 140 0.16 23 315 1
1 514 -9 5 23 91 -9 -9 4 2 140 0.01 11 314 1
1 514 -9 5 23 91 -9 -9 5 2 140 0.09 16 313 1
1 514 -9 5 23 91 -9 -9 7 2 140 0.1 18 312 1
1 514 -9 5 23 91 -9 -9 5 2 140 0.08 17 311 1
1 514 -9 5 24 91 -9 -9 4 1 140 0.01 12 350 1
1 514 -9 5 24 91 -9 -9 4 1 140 0.01 12 349 1
1 514 -9 5 24 91 -9 -9 5 1 140 0.07 19 348 1
1 514 -9 5 24 91 -9 -9 4 1 140 0.02 13 347 1
1 514 -9 5 24 91 -9 -9 5 1 140 0.04 15 346 1
1 514 -9 5 24 91 -9 -9 5 1 140 0.06 17 345 1
1 514 -9 5 24 91 -9 -9 3 1 140 0.01 11 344 1
1 514 -9 5 24 91 -9 -9 5 1 140 0.06 18 343 1
1 514 -9 5 24 91 -9 -9 4 1 140 0.03 14 342 1
1 514 -9 5 24 91 -9 -9 5 1 140 0.05 16 341 1
1 514 -9 5 24 91 -9 -9 20 2 140 0.81 40 340 1
1 514 -9 5 24 91 -9 -9 16 2 140 0.62 38 339 1
1 514 -9 5 24 91 -9 -9 4 2 140 0.03 14 338 1
1 514 -9 5 24 91 -9 -9 5 2 140 0.02 13 337 1
1 514 -9 5 24 91 -9 -9 7 2 140 0.08 20 336 1
1 514 -9 5 24 91 -9 -9 5 2 140 0.07 19 335 1
1 514 -9 5 24 91 -9 -9 5 2 140 0.04 15 334 1
1 514 -9 5 24 91 -9 -9 6 2 140 0.06 18 333 1
1 514 -9 5 24 91 -9 -9 5 2 140 0.05 16 332 1
1 514 -9 5 24 91 -9 -9 5 2 140 0.06 17 331 1
1 514 -9 6 5 91 -9 -9 5 1 140 0.03 15 370 1
1 514 -9 6 5 91 -9 -9 4 1 140 0.01 10 369 1
1 514 -9 6 5 91 -9 -9 3 1 140 0.01 9 368 1
1 514 -9 6 5 91 -9 -9 4 1 140 0.01 10 367 1
1 514 -9 6 5 91 -9 -9 5 1 140 0.03 14 366 1
1 514 -9 6 5 91 -9 -9 4 1 140 0.01 11 365 1
1 514 -9 6 5 91 -9 -9 4 1 140 0.01 10 364 1
1 514 -9 6 5 91 -9 -9 3 1 140 0.01 8 363 1
1 514 -9 6 5 91 -9 -9 5 1 140 0.04 14 362 1
1 514 -9 6 5 91 -9 -9 3 1 140 0.01 9 361 1
1 514 -9 6 5 91 -9 -9 3 2 140 0.01 9 360 1
1 514 -9 6 5 91 -9 -9 4 2 140 0.01 11 359 1
1 514 -9 6 5 91 -9 -9 4 2 140 0.01 11 358 1
1 514 -9 6 5 91 -9 -9 4 2 140 0.01 10 357 1
1 514 -9 6 5 91 -9 -9 3 2 140 0.01 9 356 1
1 514 -9 6 5 91 -9 -9 7 2 140 0.11 21 355 1
1 514 -9 6 5 91 -9 -9 4 2 140 0.01 11 354 1
1 514 -9 6 5 91 -9 -9 5 2 140 0.04 16 353 1
1 514 -9 6 5 91 -9 -9 3 2 140 0.01 11 352 1
1 514 -9 6 5 91 -9 -9 3 2 140 0.01 10 351 1
1 514 -9 6 6 91 -9 -9 5 1 140 0.04 16 390 1
1 514 -9 6 6 91 -9 -9 5 1 140 0.05 18 389 1
1 514 -9 6 6 91 -9 -9 5 1 140 0.04 16 388 1
1 514 -9 6 6 91 -9 -9 5 1 140 0.04 15 387 1
1 514 -9 6 6 91 -9 -9 4 1 140 0.03 14 386 1
1 514 -9 6 6 91 -9 -9 6 1 140 0.09 21 385 1
1 514 -9 6 6 91 -9 -9 3 1 140 0.01 10 384 1
1 514 -9 6 6 91 -9 -9 5 1 140 0.05 18 383 1
1 514 -9 6 6 91 -9 -9 7 1 140 0.07 20 382 1
1 514 -9 6 6 91 -9 -9 22 1 140 0.42 35 381 1
1 514 -9 6 6 91 -9 -9 5 2 140 0.04 16 380 1
1 514 -9 6 6 91 -9 -9 4 2 140 0.03 13 379 1
1 514 -9 6 6 91 -9 -9 5 2 140 0.04 16 378 1
1 514 -9 6 6 91 -9 -9 18 2 140 0.7 38 377 1
1 514 -9 6 6 91 -9 -9 18 2 140 0.5 37 376 1
1 514 -9 6 6 91 -9 -9 29 2 140 0.94 41 375 1
1 514 -9 6 6 91 -9 -9 18 2 140 0.8 39 374 1
1 514 -9 6 6 91 -9 -9 21 2 140 0.69 39 373 1
1 514 -9 6 6 91 -9 -9 5 2 140 0.04 16 372 1
1 514 -9 6 6 91 -9 -9 5 2 140 0.05 17 371 1
1 514 -9 6 7 91 -9 -9 10 1 140 0.22 27 410 1
1 514 -9 6 7 91 -9 -9 8 1 140 0.15 24 409 1
1 514 -9 6 7 91 -9 -9 3 1 140 0.01 9 408 1
1 514 -9 6 7 91 -9 -9 8 1 140 0.14 23 407 1
1 514 -9 6 7 91 -9 -9 8 1 140 0.14 22 406 1
1 514 -9 6 7 91 -9 -9 3 1 140 0.01 10 405 1
1 514 -9 6 7 91 -9 -9 7 1 140 0.1 20 404 1
1 514 -9 6 7 91 -9 -9 3 1 140 0.02 12 403 1
1 514 -9 6 7 91 -9 -9 5 1 140 0.04 16 402 1
1 514 -9 6 7 91 -9 -9 7 1 140 0.06 19 401 1
1 514 -9 6 7 91 -9 -9 11 2 140 0.25 28 400 1
1 514 -9 6 7 91 -9 -9 7 2 140 0.13 22 399 1
1 514 -9 6 7 91 -9 -9 5 2 140 0.09 18 398 1
1 514 -9 6 7 91 -9 -9 7 2 140 0.14 22 397 1
1 514 -9 6 7 91 -9 -9 4 2 140 0.02 12 396 1
1 514 -9 6 7 91 -9 -9 4 2 140 0.01 11 395 1
1 514 -9 6 7 91 -9 -9 3 2 140 0.01 8 394 1
1 514 -9 6 7 91 -9 -9 3 2 140 0.01 10 393 1
1 514 -9 6 7 91 -9 -9 5 2 140 0.04 16 392 1
1 514 -9 6 7 91 -9 -9 24 2 140 0.76 41 391 1
1 514 -9 5 31 91 -9 -9 -9 1 140 0.3 31 135 1
1 514 -9 5 31 91 -9 -9 -9 1 140 0.26 31 134 1
1 514 -9 5 31 91 -9 -9 -9 1 140 0.31 32 133 1
1 514 -9 5 31 91 -9 -9 -9 1 140 0.21 29 132 1
1 514 -9 5 31 91 -9 -9 -9 1 140 0.2 29 131 1
1 514 -9 5 31 91 -9 -9 -9 1 140 0.01 11 130 1
1 514 -9 5 31 91 -9 -9 -9 1 140 0.1 16 129 1
1 514 -9 5 31 91 -9 -9 -9 2 140 0.51 37 128 1
1 514 -9 5 31 91 -9 -9 -9 2 140 0.32 30 127 1
1 514 -9 5 31 91 -9 -9 -9 2 140 0.35 33 126 1
1 514 -9 5 31 91 -9 -9 -9 2 140 0.59 37 125 1
1 514 -9 5 31 91 -9 -9 -9 2 140 0.39 34 124 1
1 514 -9 5 31 91 -9 -9 -9 2 140 0.39 33 123 1
1 514 -9 5 31 91 -9 -9 -9 2 140 0.39 33 122 1
1 514 -9 5 31 91 -9 -9 -9 2 140 0.27 30 121 1
1 514 -9 5 31 91 -9 -9 -9 1 140 0.01 14 140 1
1 514 -9 5 31 91 -9 -9 -9 1 140 0.04 18 139 1
1 514 -9 5 31 91 -9 -9 -9 1 140 0.19 27 138 1
1 514 -9 5 31 91 -9 -9 -9 1 140 0.27 31 137 1
1 514 -9 5 31 91 -9 -9 -9 1 140 0.19 27 136 1
1 514 -9 6 1 91 -9 -9 -9 1 140 0.41 33 160 1
1 514 -9 6 1 91 -9 -9 -9 1 140 0.31 31 159 1
1 514 -9 6 1 91 -9 -9 -9 1 140 0.24 29 158 1
1 514 -9 6 1 91 -9 -9 -9 1 140 0.43 34 157 1
1 514 -9 6 1 91 -9 -9 -9 1 140 0.31 31 156 1
1 514 -9 6 1 91 -9 -9 -9 1 140 0.4 32 155 1
1 514 -9 6 1 91 -9 -9 -9 1 140 0.38 34 154 1
1 514 -9 6 1 91 -9 -9 -9 1 140 0.32 32 153 1
1 514 -9 6 1 91 -9 -9 -9 2 140 0.3 31 152 1
1 514 -9 6 1 91 -9 -9 -9 2 140 0.32 31 151 1
1 514 -9 6 1 91 -9 -9 -9 2 140 0.35 29 150 1
1 514 -9 6 1 91 -9 -9 -9 2 140 0.5 36 149 1
1 514 -9 6 1 91 -9 -9 -9 2 140 0.3 30 148 1
1 514 -9 6 1 91 -9 -9 -9 2 140 0.5 32 147 1
1 514 -9 6 1 91 -9 -9 -9 2 140 0.52 36 146 1
1 514 -9 6 1 91 -9 -9 -9 2 140 0.38 31 145 1
1 514 -9 6 1 91 -9 -9 -9 2 140 0.36 32 144 1
1 514 -9 6 1 91 -9 -9 -9 2 140 0.65 38 143 1
1 514 -9 6 1 91 -9 -9 -9 2 140 0.55 36 142 1
1 514 -9 6 1 91 -9 -9 -9 2 140 0.39 32 141 1
1 514 -9 6 2 91 -9 -9 -9 1 140 0.24 27 180 1
1 514 -9 6 2 91 -9 -9 -9 1 140 0.29 30 179 1
1 514 -9 6 2 91 -9 -9 -9 1 140 0.37 33 178 1
1 514 -9 6 2 91 -9 -9 -9 1 140 0.24 26 177 1
1 514 -9 6 2 91 -9 -9 -9 1 140 0.2 26 176 1
1 514 -9 6 2 91 -9 -9 -9 1 140 0.16 24 175 1
1 514 -9 6 2 91 -9 -9 -9 1 140 0.26 28 174 1
1 514 -9 6 2 91 -9 -9 -9 1 140 0.34 32 173 1
1 514 -9 6 2 91 -9 -9 -9 1 140 0.32 33 172 1
1 514 -9 6 2 91 -9 -9 -9 1 140 0.23 27 171 1
1 514 -9 6 2 91 -9 -9 -9 2 140 0.26 28 170 1
1 514 -9 6 2 91 -9 -9 -9 2 140 0.62 37 169 1
1 514 -9 6 2 91 -9 -9 -9 2 140 0.32 30 168 1
1 514 -9 6 2 91 -9 -9 -9 2 140 0.63 37 167 1
1 514 -9 6 2 91 -9 -9 -9 2 140 0.48 35 166 1
1 514 -9 6 2 91 -9 -9 -9 2 140 0.22 26 165 1
1 514 -9 6 2 91 -9 -9 -9 2 140 0.4 31 164 1
1 514 -9 6 2 91 -9 -9 -9 2 140 0.46 35 163 1
1 514 -9 6 2 91 -9 -9 -9 2 140 0.31 31 162 1
1 514 -9 6 2 91 -9 -9 -9 2 140 0.52 36 161 1
1 514 -9 6 3 91 -9 -9 -9 1 140 0.17 25 200 1
1 514 -9 6 3 91 -9 -9 -9 1 140 0.06 16 199 1
1 514 -9 6 3 91 -9 -9 -9 1 140 0.29 30 198 1
1 514 -9 6 3 91 -9 -9 -9 1 140 0.13 22 197 1
1 514 -9 6 3 91 -9 -9 -9 1 140 0.02 12 196 1
1 514 -9 6 3 91 -9 -9 -9 1 140 0.25 28 195 1
1 514 -9 6 3 91 -9 -9 -9 1 140 0.27 30 194 1
1 514 -9 6 3 91 -9 -9 -9 1 140 0.2 26 193 1
1 514 -9 6 3 91 -9 -9 -9 1 140 0.14 22 192 1
1 514 -9 6 3 91 -9 -9 -9 1 140 0.24 28 191 1
1 514 -9 6 3 91 -9 -9 -9 2 140 0.81 40 190 1
1 514 -9 6 3 91 -9 -9 -9 2 140 0.57 36 189 1
1 514 -9 6 3 91 -9 -9 -9 2 140 0.61 39 188 1
1 514 -9 6 3 91 -9 -9 -9 2 140 0.25 29 187 1
1 514 -9 6 3 91 -9 -9 -9 2 140 0.25 29 186 1
1 514 -9 6 3 91 -9 -9 -9 2 140 0.26 28 185 1
1 514 -9 6 3 91 -9 -9 -9 2 140 0.29 29 184 1
1 514 -9 6 3 91 -9 -9 -9 2 140 0.49 35 183 1
1 514 -9 6 3 91 -9 -9 -9 2 140 0.48 35 182 1
1 514 -9 6 3 91 -9 -9 -9 2 140 0.3 29 181 1
1 514 -9 6 8 91 -9 -9 5 1 140 0.04 16 430 1
1 514 -9 6 8 91 -9 -9 5 1 140 0.03 14 429 1
1 514 -9 6 8 91 -9 -9 5 1 140 0.04 15 428 1
1 514 -9 6 8 91 -9 -9 4 1 140 0.02 12 427 1
1 514 -9 6 8 91 -9 -9 4 1 140 0.01 11 426 1
1 514 -9 6 8 91 -9 -9 3 1 140 0.01 9 425 1
1 514 -9 6 8 91 -9 -9 4 1 140 0.02 12 424 1
1 514 -9 6 8 91 -9 -9 5 1 140 0.05 17 423 1
1 514 -9 6 8 91 -9 -9 5 1 140 0.04 15 422 1
1 514 -9 6 8 91 -9 -9 5 1 140 0.04 15 421 1
1 514 -9 6 8 91 -9 -9 5 2 140 0.04 16 420 1
1 514 -9 6 8 91 -9 -9 4 2 140 0.03 13 419 1
1 514 -9 6 8 91 -9 -9 4 2 140 0.02 12 418 1
1 514 -9 6 8 91 -9 -9 4 2 140 0.02 12 417 1
1 514 -9 6 8 91 -9 -9 4 2 140 0.03 13 416 1
1 514 -9 6 8 91 -9 -9 5 2 140 0.05 17 415 1
1 514 -9 6 8 91 -9 -9 4 2 140 0.03 13 414 1
1 514 -9 6 8 91 -9 -9 3 2 140 0.01 11 413 1
1 514 -9 6 8 91 -9 -9 4 2 140 0.03 14 412 1
1 514 -9 6 8 91 -9 -9 3 2 140 0.02 12 411 1
1 514 -9 6 9 91 -9 -9 4 1 140 0.02 13 450 1
1 514 -9 6 9 91 -9 -9 4 1 140 0.02 12 449 1
1 514 -9 6 9 91 -9 -9 5 1 140 0.15 17 448 1
1 514 -9 6 9 91 -9 -9 5 1 140 0.03 14 447 1
1 514 -9 6 9 91 -9 -9 8 1 140 0.13 22 446 1
1 514 -9 6 9 91 -9 -9 9 1 140 0.12 21 445 1
1 514 -9 6 9 91 -9 -9 7 1 140 0.13 22 444 1
1 514 -9 6 9 91 -9 -9 8 1 140 0.12 21 443 1
1 514 -9 6 9 91 -9 -9 10 1 140 0.15 24 442 1
1 514 -9 6 9 91 -9 -9 -9 1 140 0.09 10 441 1
1 514 -9 6 9 91 -9 -9 3 2 140 0.01 10 440 1
1 514 -9 6 9 91 -9 -9 2 2 140 -9 7 439 1
1 514 -9 6 9 91 -9 -9 4 2 140 0.02 13 438 1
1 514 -9 6 9 91 -9 -9 5 2 140 0.04 15 437 1
1 514 -9 6 9 91 -9 -9 -9 2 140 0.05 17 436 1
1 514 -9 6 9 91 -9 -9 7 2 140 0.15 24 435 1
1 514 -9 6 9 91 -9 -9 5 2 140 0.04 15 434 1
1 514 -9 6 9 91 -9 -9 7 2 140 0.13 22 433 1
1 514 -9 6 9 91 -9 -9 5 2 140 0.02 13 432 1
1 514 -9 6 9 91 -9 -9 7 2 140 0.13 22 431 1
1 514 -9 6 11 91 -9 -9 7 2 140 0.11 21 451 1
1 514 -9 6 11 91 -9 -9 5 1 140 0.09 18 470 1
1 514 -9 6 11 91 -9 -9 10 1 140 0.24 29 469 1
1 514 -9 6 11 91 -9 -9 7 1 140 0.16 26 468 1
1 514 -9 6 11 91 -9 -9 -9 1 140 0.28 29 467 1
1 514 -9 6 11 91 -9 -9 10 1 140 0.18 27 466 1
1 514 -9 6 11 91 -9 -9 8 1 140 0.14 23 465 1
1 514 -9 6 11 91 -9 -9 5 1 140 0.05 17 464 1
1 514 -9 6 11 91 -9 -9 24 1 140 0.5 36 463 1
1 514 -9 6 11 91 -9 -9 10 1 140 0.23 27 462 1
1 514 -9 6 11 91 -9 -9 11 1 140 0.18 28 461 1
1 514 -9 6 11 91 -9 -9 5 2 140 0.04 15 460 1
1 514 -9 6 11 91 -9 -9 5 2 140 0.03 14 459 1
1 514 -9 6 11 91 -9 -9 17 2 140 0.46 34 458 1
1 514 -9 6 11 91 -9 -9 7 2 140 0.1 19 457 1
1 514 -9 6 11 91 -9 -9 17 2 140 0.32 29 456 1
1 514 -9 6 11 91 -9 -9 3 2 140 0.01 10 455 1
1 514 -9 6 11 91 -9 -9 17 2 140 0.98 42 454 1
1 514 -9 6 11 91 -9 -9 5 2 140 0.03 14 453 1
1 514 -9 6 11 91 -9 -9 5 2 140 0.04 15 452 1
1 514 -9 6 12 91 -9 -9 20 1 140 0.2 29 490 1
1 514 -9 6 12 91 -9 -9 21 1 140 0.32 33 489 1
1 514 -9 6 12 91 -9 -9 24 1 140 0.26 31 488 1
1 514 -9 6 12 91 -9 -9 20 1 140 0.27 32 487 1
1 514 -9 6 12 91 -9 -9 12 1 140 0.21 30 486 1
1 514 -9 6 12 91 -9 -9 13 1 140 0.2 29 485 1
1 514 -9 6 12 91 -9 -9 11 1 140 0.17 28 484 1
1 514 -9 6 12 91 -9 -9 12 1 140 0.2 28 483 1
1 514 -9 6 12 91 -9 -9 10 1 140 0.17 27 482 1
1 514 -9 6 12 91 -9 -9 8 1 140 0.1 24 481 1
1 514 -9 6 12 91 -9 -9 17 2 140 0.37 35 480 1
1 514 -9 6 12 91 -9 -9 20 2 140 0.61 36 479 1
1 514 -9 6 12 91 -9 -9 16 2 140 0.32 34 478 1
1 514 -9 6 12 91 -9 -9 20 2 140 0.45 35 477 1
1 514 -9 6 12 91 -9 -9 11 2 140 0.39 31 476 1
1 514 -9 6 12 91 -9 -9 16 2 140 0.38 32 475 1
1 514 -9 6 12 91 -9 -9 12 2 140 0.32 30 474 1
1 514 -9 6 12 91 -9 -9 17 2 140 0.34 33 473 1
1 514 -9 6 12 91 -9 -9 -9 2 140 0.35 32 472 1
1 514 -9 6 12 91 -9 -9 15 2 140 0.43 34 471 1
1 514 -9 6 13 91 -9 -9 18 1 140 0.31 31 500 1
1 514 -9 6 13 91 -9 -9 9 1 140 0.23 29 499 1
1 514 -9 6 13 91 -9 -9 10 1 140 0.2 26 498 1
1 514 -9 6 13 91 -9 -9 11 1 140 0.2 27 497 1
1 514 -9 6 13 91 -9 -9 24 1 140 0.39 34 496 1
1 514 -9 6 13 91 -9 -9 14 2 140 0.32 23 495 1
1 514 -9 6 13 91 -9 -9 14 2 140 0.3 21 494 1
1 514 -9 6 13 91 -9 -9 14 2 140 0.63 38 493 1
1 514 -9 6 13 91 -9 -9 15 2 140 0.49 36 492 1
1 514 -9 6 13 91 -9 -9 21 2 140 0.44 34 491 1
1 511 -9 5 13 91 -9 -9 10 1 140 0.16 26 90 1
1 511 -9 5 13 91 -9 -9 13 2 140 0.31 32 89 1
1 511 -9 5 13 91 -9 -9 10 1 140 0.2 27 88 1
1 511 -9 5 13 91 -9 -9 16 2 140 0.32 32 87 1
1 511 -9 5 13 91 -9 -9 10 1 140 0.16 24 86 1
1 511 -9 5 13 91 -9 -9 10 2 140 0.19 26 85 1
1 511 -9 5 13 91 -9 -9 23 2 140 0.51 35 84 1
1 511 -9 5 13 91 -9 -9 10 1 140 0.32 33 83 1
1 511 -9 5 13 91 -9 -9 19 2 140 0.43 31 82 1
1 511 -9 5 13 91 -9 -9 23 2 140 0.41 36 81 1
1 511 -9 5 13 91 -9 -9 22 2 140 0.38 34 80 1
1 511 -9 5 13 91 -9 -9 17 2 140 0.59 37 79 1
1 511 -9 5 13 91 -9 -9 11 1 140 0.22 28 78 1
1 511 -9 5 13 91 -9 -9 11 2 140 0.3 30 77 1
1 511 -9 5 13 91 -9 -9 16 2 140 0.56 36 76 1
1 511 -9 5 13 91 -9 -9 23 1 140 0.37 34 75 1
1 511 -9 5 13 91 -9 -9 10 1 140 0.29 30 74 1
1 511 -9 5 13 91 -9 -9 12 2 140 0.31 31 73 1
1 511 -9 5 13 91 -9 -9 21 2 140 0.55 37 72 1
1 511 -9 5 13 91 -9 -9 21 1 140 0.28 34 71 1
1 511 -9 5 14 91 -9 -9 14 2 140 0.32 32 110 1
1 511 -9 5 14 91 -9 -9 19 2 140 0.62 38 109 1
1 511 -9 5 14 91 -9 -9 12 2 140 0.52 35 108 1
1 511 -9 5 14 91 -9 -9 24 2 140 0.43 36 107 1
1 511 -9 5 14 91 -9 -9 12 2 140 0.17 26 106 1
1 511 -9 5 14 91 -9 -9 16 2 140 0.35 31 105 1
1 511 -9 5 14 91 -9 -9 12 1 140 0.35 30 104 1
1 511 -9 5 14 91 -9 -9 22 2 140 0.46 35 103 1
1 511 -9 5 14 91 -9 -9 10 1 140 0.12 23 102 1
1 511 -9 5 14 91 -9 -9 12 1 140 0.2 28 101 1
1 511 -9 5 14 91 -9 -9 21 1 140 0.3 32 100 1
1 511 -9 5 14 91 -9 -9 10 2 140 0.15 23 99 1
1 511 -9 5 14 91 -9 -9 10 1 140 0.22 27 98 1
1 511 -9 5 14 91 -9 -9 10 2 140 0.18 24 97 1
1 511 -9 5 14 91 -9 -9 20 1 140 0.3 29 96 1
1 511 -9 5 14 91 -9 -9 12 2 140 0.35 31 95 1
1 511 -9 5 14 91 -9 -9 13 2 140 0.38 31 94 1
1 511 -9 5 14 91 -9 -9 16 2 140 0.37 33 93 1
1 511 -9 5 14 91 -9 -9 17 2 140 0.42 32 92 1
1 511 -9 5 14 91 -9 -9 24 2 140 0.69 38 91 1
1 513 -9 5 15 91 -9 -9 8 1 140 0.12 23 130 1
1 513 -9 5 15 91 -9 -9 8 1 140 0.23 26 129 1
1 513 -9 5 15 91 -9 -9 12 2 140 0.4 30 128 1
1 513 -9 5 15 91 -9 -9 10 2 140 0.1 21 127 1
1 513 -9 5 15 91 -9 -9 9 1 140 0.25 29 126 1
1 513 -9 5 15 91 -9 -9 8 2 140 0.37 29 125 1
1 513 -9 5 15 91 -9 -9 12 1 140 0.36 33 124 1
1 513 -9 5 15 91 -9 -9 10 2 140 0.16 24 123 1
1 513 -9 5 15 91 -9 -9 8 2 140 0.18 25 122 1
1 513 -9 5 15 91 -9 -9 12 2 140 0.35 30 121 1
1 513 -9 5 15 91 -9 -9 10 1 140 0.17 25 120 1
1 513 -9 5 15 91 -9 -9 10 2 140 0.2 27 119 1
1 513 -9 5 15 91 -9 -9 17 2 140 0.47 34 118 1
1 513 -9 5 15 91 -9 -9 19 2 140 0.44 34 117 1
1 513 -9 5 15 91 -9 -9 19 2 140 0.37 30 116 1
1 513 -9 5 15 91 -9 -9 19 1 140 0.28 32 115 1
1 513 -9 5 15 91 -9 -9 8 2 140 0.15 24 114 1
1 513 -9 5 15 91 -9 -9 11 2 140 0.26 30 113 1
1 513 -9 5 15 91 -9 -9 10 2 140 0.3 29 112 1
1 513 -9 5 15 91 -9 -9 12 1 140 0.37 31 111 1
1 513 -9 5 16 91 -9 -9 23 2 140 0.6 35 150 1
1 513 -9 5 16 91 -9 -9 10 1 140 0.28 28 149 1
1 513 -9 5 16 91 -9 -9 12 1 140 0.4 32 148 1
1 513 -9 5 16 91 -9 -9 8 1 140 0.15 24 147 1
1 513 -9 5 16 91 -9 -9 8 2 140 0.08 22 146 1
1 513 -9 5 16 91 -9 -9 10 2 140 0.2 26 145 1
1 513 -9 5 16 91 -9 -9 10 1 140 0.18 25 144 1
1 513 -9 5 16 91 -9 -9 14 2 140 0.52 34 143 1
1 513 -9 5 16 91 -9 -9 23 2 140 0.5 35 142 1
1 513 -9 5 16 91 -9 -9 8 2 140 0.14 24 141 1
1 513 -9 5 16 91 -9 -9 16 2 140 0.5 34 140 1
1 513 -9 5 16 91 -9 -9 10 1 140 0.19 25 139 1
1 513 -9 5 16 91 -9 -9 14 2 140 0.37 32 138 1
1 513 -9 5 16 91 -9 -9 12 2 140 0.34 33 137 1
1 513 -9 5 16 91 -9 -9 10 2 140 0.24 27 136 1
1 513 -9 5 16 91 -9 -9 15 2 140 0.49 34 135 1
1 513 -9 5 16 91 -9 -9 17 1 140 0.39 32 134 1
1 513 -9 5 16 91 -9 -9 21 2 140 0.53 34 133 1
1 513 -9 5 16 91 -9 -9 15 2 140 0.4 31 132 1
1 513 -9 5 16 91 -9 -9 12 2 140 0.4 33 131 1
1 513 -9 5 18 91 -9 -9 -9 2 140 0.44 33 170 1
1 513 -9 5 18 91 -9 -9 -9 2 140 0.12 23 169 1
1 513 -9 5 18 91 -9 -9 -9 2 140 0.2 26 168 1
1 513 -9 5 18 91 -9 -9 -9 2 140 0.16 24 167 1
1 513 -9 5 18 91 -9 -9 -9 1 140 0.2 26 166 1
1 513 -9 5 18 91 -9 -9 -9 1 140 0.22 27 165 1
1 513 -9 5 18 91 -9 -9 -9 1 140 0.12 22 164 1
1 513 -9 5 18 91 -9 -9 -9 2 140 0.24 27 163 1
1 513 -9 5 18 91 -9 -9 -9 1 140 0.22 27 162 1
1 513 -9 5 18 91 -9 -9 -9 2 140 0.2 26 161 1
1 513 -9 5 18 91 -9 -9 -9 2 140 0.18 26 160 1
1 513 -9 5 18 91 -9 -9 -9 2 140 0.14 24 159 1
1 513 -9 5 18 91 -9 -9 -9 2 140 0.3 32 158 1
1 513 -9 5 18 91 -9 -9 -9 1 140 0.28 28 157 1
1 513 -9 5 18 91 -9 -9 -9 2 140 0.4 34 156 1
1 513 -9 5 18 91 -9 -9 -9 2 140 0.08 20 155 1
1 513 -9 5 18 91 -9 -9 -9 1 140 0.22 26 154 1
1 513 -9 5 18 91 -9 -9 -9 2 140 0.18 26 153 1
1 513 -9 5 18 91 -9 -9 -9 2 140 0.24 29 152 1
1 513 -9 5 18 91 -9 -9 -9 2 140 0.26 28 151 1
