1 514 17 6 21 93 5838 16305 7 2 140 0.2 20 200 1
1 514 17 6 21 93 5838 16305 12 2 140 0.29 29 199 1
1 514 17 6 21 93 5838 16305 6 2 140 0.08 18 198 1
1 514 17 6 21 93 5838 16305 12 2 140 0.28 28 197 1
1 514 17 6 21 93 5838 16305 9 2 140 0.23 27 196 1
1 514 17 6 21 93 5838 16305 6 2 140 0.21 21 195 1
1 514 17 6 21 93 5838 16305 5 2 140 0.06 16 194 1
1 514 17 6 21 93 5838 16305 10 2 140 0.25 27 193 1
1 514 17 6 21 93 5838 16305 10 2 140 0.18 25 192 1
1 514 17 6 21 93 5838 16305 14 2 140 0.28 28 191 1
1 514 15 6 17 93 5853 16325 5 1 140 0.04 14 120 1
1 514 15 6 17 93 5853 16325 7 1 140 0.09 20 119 1
1 514 15 6 17 93 5853 16325 9 1 140 0.14 24 118 1
1 514 15 6 17 93 5853 16325 10 1 140 0.19 25 117 1
1 514 15 6 17 93 5853 16325 12 1 140 0.24 28 116 1
1 514 15 6 17 93 5853 16325 9 1 140 0.23 26 115 1
1 514 15 6 17 93 5853 16325 12 1 140 0.26 29 114 1
1 514 15 6 17 93 5853 16325 21 1 140 0.37 34 113 1
1 514 15 6 17 93 5853 16325 19 1 140 0.3 31 112 1
1 514 15 6 17 93 5853 16325 16 1 140 0.4 33 111 1
1 514 15 6 17 93 5853 16325 6 2 140 0.07 19 110 1
1 514 15 6 17 93 5853 16325 -9 2 140 0.11 26 109 1
1 514 15 6 17 93 5853 16325 7 2 140 0.14 23 108 1
1 514 15 6 17 93 5853 16325 6 2 140 0.19 24 107 1
1 514 15 6 17 93 5853 16325 12 2 140 0.41 33 106 1
1 514 15 6 17 93 5853 16325 12 2 140 0.35 30 105 1
1 514 15 6 17 93 5853 16325 13 2 140 0.34 31 104 1
1 514 15 6 17 93 5853 16325 21 2 140 0.6 37 103 1
1 514 15 6 17 93 5853 16325 12 2 140 0.24 28 102 1
1 514 15 6 17 93 5853 16325 14 2 140 0.36 32 101 1
1 514 16 6 18 93 5854 16343 16 2 140 0.4 33 147 1
1 514 16 6 18 93 5854 16343 10 2 140 0.23 27 146 1
1 514 16 6 18 93 5854 16343 16 2 140 0.39 35 145 1
1 514 16 6 18 93 5854 16343 18 2 140 0.41 34 144 1
1 514 16 6 18 93 5854 16343 14 2 140 0.35 32 143 1
1 514 16 6 18 93 5854 16343 12 2 140 0.38 32 142 1
1 514 16 6 18 93 5854 16343 16 2 140 0.46 34 141 1
1 514 16 6 18 93 5854 16343 7 1 140 0.17 24 140 1
1 514 16 6 18 93 5854 16343 12 1 140 0.36 32 139 1
1 514 16 6 18 93 5854 16343 15 1 140 0.27 28 138 1
1 514 16 6 18 93 5854 16343 14 1 140 0.31 31 137 1
1 514 16 6 18 93 5854 16343 10 1 140 0.21 26 136 1
1 514 16 6 18 93 5854 16343 14 1 140 0.37 33 135 1
1 514 16 6 18 93 5854 16343 14 1 140 0.27 29 134 1
1 514 16 6 18 93 5854 16343 10 1 140 0.25 27 133 1
1 514 16 6 18 93 5854 16343 17 1 140 0.43 35 132 1
1 514 16 6 18 93 5854 16343 14 1 140 0.31 30 131 1
1 514 16 6 18 93 5854 16343 6 1 140 0.1 19 130 1
1 514 16 6 18 93 5854 16343 6 1 140 0.06 17 129 1
1 514 16 6 18 93 5854 16343 10 1 140 0.27 29 128 1
1 514 16 6 18 93 5854 16343 12 1 140 0.23 27 127 1
1 514 16 6 18 93 5854 16343 19 1 140 0.33 31 126 1
1 514 16 6 18 93 5854 16343 16 1 140 0.42 36 125 1
1 514 16 6 18 93 5854 16343 19 1 140 0.31 30 124 1
1 514 16 6 18 93 5854 16343 12 1 140 0.24 26 123 1
1 514 16 6 18 93 5854 16343 12 1 140 0.27 28 122 1
1 514 16 6 18 93 5854 16343 19 1 140 0.33 32 121 1
1 514 16 6 18 93 5854 16343 14 2 140 0.43 31 150 1
1 514 16 6 18 93 5854 16343 12 2 140 0.36 32 149 1
1 514 16 6 18 93 5854 16343 12 2 140 0.37 31 148 1
1 514 16 6 20 93 5849 16354 5 1 140 0.07 17 190 1
1 514 16 6 20 93 5849 16354 6 1 140 0.11 20 189 1
1 514 16 6 20 93 5849 16354 7 1 140 0.06 18 188 1
1 514 16 6 20 93 5849 16354 7 1 140 0.12 22 187 1
1 514 16 6 20 93 5849 16354 8 1 140 0.12 23 186 1
1 514 16 6 20 93 5849 16354 10 1 140 0.19 25 185 1
1 514 16 6 20 93 5849 16354 7 1 140 0.11 19 184 1
1 514 16 6 20 93 5849 16354 19 1 140 0.42 35 183 1
1 514 16 6 20 93 5849 16354 5 1 140 0.05 16 182 1
1 514 16 6 20 93 5849 16354 19 1 140 0.44 34 181 1
1 514 16 6 20 93 5849 16354 5 2 140 0.05 17 180 1
1 514 16 6 20 93 5849 16354 5 2 140 0.04 15 179 1
1 514 16 6 20 93 5849 16354 12 2 140 0.29 29 178 1
1 514 16 6 20 93 5849 16354 5 2 140 0.04 13 177 1
1 514 16 6 20 93 5849 16354 15 2 140 0.46 35 176 1
1 514 16 6 20 93 5849 16354 24 2 140 1.21 47 175 1
1 514 16 6 20 93 5849 16354 18 2 140 0.51 36 174 1
1 514 16 6 20 93 5849 16354 15 2 140 0.52 36 173 1
1 514 16 6 20 93 5849 16354 10 2 140 0.24 24 172 1
1 514 16 6 20 93 5849 16354 19 2 140 0.47 36 171 1
1 514 39 8 18 93 5835 16957 12 2 140 0.25 29 210 1
1 514 39 8 18 93 5835 16957 19 2 140 0.55 37 209 1
1 514 39 8 18 93 5835 16957 20 2 140 0.55 37 208 1
1 514 39 8 18 93 5835 16957 10 2 140 0.3 30 207 1
1 514 39 8 18 93 5835 16957 16 2 140 0.45 36 206 1
1 514 39 8 18 93 5835 16957 12 1 140 0.25 29 205 1
1 514 39 8 18 93 5835 16957 10 1 140 0.3 30 204 1
1 514 39 8 18 93 5835 16957 12 1 140 0.25 29 203 1
1 514 39 8 18 93 5835 16957 23 1 140 0.5 35 202 1
1 514 39 8 18 93 5835 16957 27 1 140 0.4 35 201 1
1 514 40 8 19 93 5832 16954 12 2 140 0.4 34 230 1
1 514 40 8 19 93 5832 16954 10 2 140 0.35 33 229 1
1 514 40 8 19 93 5832 16954 12 2 140 0.45 35 228 1
1 514 40 8 19 93 5832 16954 10 2 140 0.25 27 227 1
1 514 40 8 19 93 5832 16954 10 2 140 0.25 28 226 1
1 514 40 8 19 93 5832 16954 12 2 140 0.3 31 225 1
1 514 40 8 19 93 5832 16954 10 2 140 0.25 28 224 1
1 514 40 8 19 93 5832 16954 12 2 140 0.35 32 223 1
1 514 40 8 19 93 5832 16954 10 2 140 0.35 30 222 1
1 514 40 8 19 93 5832 16954 8 2 140 0.15 26 221 1
1 514 40 8 19 93 5832 16954 12 1 140 0.25 30 220 1
1 514 40 8 19 93 5832 16954 21 1 140 0.4 33 219 1
1 514 40 8 19 93 5832 16954 10 1 140 0.2 26 218 1
1 514 40 8 19 93 5832 16954 12 1 140 0.3 31 217 1
1 514 40 8 19 93 5832 16954 23 1 140 0.4 33 216 1
1 514 40 8 19 93 5832 16954 10 1 140 0.25 28 215 1
1 514 40 8 19 93 5832 16954 12 1 140 0.3 30 214 1
1 514 40 8 19 93 5832 16954 18 1 140 0.4 33 213 1
1 514 40 8 19 93 5832 16954 16 1 140 0.35 32 212 1
1 514 40 8 19 93 5832 16954 15 1 140 0.35 34 211 1
1 514 40 8 20 93 5817 16935 10 2 140 0.22 28 250 1
1 514 40 8 20 93 5817 16935 10 2 140 0.36 31 249 1
1 514 40 8 20 93 5817 16935 21 2 140 0.45 35 248 1
1 514 40 8 20 93 5817 16935 12 2 140 0.3 29 247 1
1 514 40 8 20 93 5817 16935 10 2 140 0.14 24 246 1
1 514 40 8 20 93 5817 16935 27 2 140 0.43 34 245 1
1 514 40 8 20 93 5817 16935 22 2 140 0.53 36 244 1
1 514 40 8 20 93 5817 16935 16 2 140 0.4 33 243 1
1 514 40 8 20 93 5817 16935 19 2 140 0.45 35 242 1
1 514 40 8 20 93 5817 16935 11 2 140 0.42 33 241 1
1 514 40 8 20 93 5817 16935 12 1 140 0.27 28 240 1
1 514 40 8 20 93 5817 16935 16 1 140 0.27 32 239 1
1 514 40 8 20 93 5817 16935 13 1 140 0.37 32 238 1
1 514 40 8 20 93 5817 16935 23 1 140 0.43 35 237 1
1 514 40 8 20 93 5817 16935 20 1 140 0.43 35 236 1
1 514 40 8 20 93 5817 16935 21 1 140 0.36 32 235 1
1 514 40 8 20 93 5817 16935 13 1 140 0.3 28 234 1
1 514 40 8 20 93 5817 16935 10 1 140 0.27 31 233 1
1 514 40 8 20 93 5817 16935 12 1 140 0.3 31 232 1
1 514 40 8 20 93 5817 16935 23 1 140 0.45 36 231 1
1 514 13 6 20 93 5840 16324 12 2 140 0.3 31 60 1
1 514 13 6 20 93 5840 16324 7 1 140 0.15 24 59 1
1 514 13 6 20 93 5840 16324 23 1 140 0.4 31 58 1
1 514 13 6 20 93 5840 16324 16 2 140 0.35 31 57 1
1 514 13 6 20 93 5840 16324 21 2 140 0.3 35 56 1
1 514 13 6 20 93 5840 16324 10 2 140 0.15 24 55 1
1 514 13 6 20 93 5840 16324 -9 2 140 0.1 21 54 1
1 514 13 6 20 93 5840 16324 -9 2 140 0.25 28 53 1
1 514 13 6 20 93 5840 16324 10 2 140 0.25 29 52 1
1 514 13 6 20 93 5840 16324 24 2 140 0.9 41 51 1
1 514 14 6 21 93 5854 16345 6 1 140 0.14 24 70 1
1 514 14 6 21 93 5854 16345 10 1 140 0.2 27 69 1
1 514 14 6 21 93 5854 16345 7 1 140 0.2 25 68 1
1 514 14 6 21 93 5854 16345 23 1 140 0.4 35 67 1
1 514 14 6 21 93 5854 16345 13 2 140 0.32 32 66 1
1 514 14 6 21 93 5854 16345 9 1 140 0.13 24 65 1
1 514 14 6 21 93 5854 16345 9 1 140 0.15 23 64 1
1 514 14 6 21 93 5854 16345 9 1 140 0.21 26 63 1
1 514 14 6 21 93 5854 16345 12 2 140 0.24 28 62 1
1 514 14 6 21 93 5854 16345 17 1 140 0.4 33 61 1
1 514 40 8 21 93 5817 16930 9 2 140 0.28 30 270 1
1 514 40 8 21 93 5817 16930 14 2 140 0.52 35 269 1
1 514 40 8 21 93 5817 16930 10 2 140 0.28 29 268 1
1 514 40 8 21 93 5817 16930 16 2 140 0.46 36 267 1
1 514 40 8 21 93 5817 16930 18 2 140 0.47 35 266 1
1 514 40 8 21 93 5817 16930 10 2 140 0.27 29 265 1
1 514 40 8 21 93 5817 16930 25 2 140 0.55 37 264 1
1 514 40 8 21 93 5817 16930 12 2 140 0.37 32 263 1
1 514 40 8 21 93 5817 16930 12 2 140 0.4 33 262 1
1 514 40 8 21 93 5817 16930 12 2 140 0.35 32 261 1
1 514 40 8 21 93 5817 16930 13 1 140 0.34 32 260 1
1 514 40 8 21 93 5817 16930 23 1 140 0.26 30 259 1
1 514 40 8 21 93 5817 16930 12 1 140 0.26 28 258 1
1 514 40 8 21 93 5817 16930 10 1 140 0.2 27 257 1
1 514 40 8 21 93 5817 16930 10 1 140 0.32 31 256 1
1 514 40 8 21 93 5817 16930 20 1 140 0.36 31 255 1
1 514 40 8 21 93 5817 16930 23 1 140 0.4 33 254 1
1 514 40 8 21 93 5817 16930 12 1 140 0.25 28 253 1
1 514 40 8 21 93 5817 16930 14 1 140 0.4 33 252 1
1 514 40 8 21 93 5817 16930 17 1 140 0.35 34 251 1
1 514 40 8 22 93 5827 16948 24 2 140 0.56 38 290 1
1 514 40 8 22 93 5827 16948 15 2 140 0.44 34 289 1
1 514 40 8 22 93 5827 16948 10 2 140 0.2 26 288 1
1 514 40 8 22 93 5827 16948 25 2 140 0.62 39 287 1
1 514 40 8 22 93 5827 16948 12 2 140 0.38 32 286 1
1 514 40 8 22 93 5827 16948 10 2 140 0.25 28 285 1
1 514 40 8 22 93 5827 16948 18 2 140 0.59 38 284 1
1 514 40 8 22 93 5827 16948 9 2 140 0.25 29 283 1
1 514 40 8 22 93 5827 16948 12 2 140 0.39 33 282 1
1 514 40 8 22 93 5827 16948 12 2 140 0.27 30 281 1
1 514 40 8 22 93 5827 16948 24 1 140 0.36 34 280 1
1 514 40 8 22 93 5827 16948 10 1 140 0.23 27 279 1
1 514 40 8 22 93 5827 16948 10 1 140 0.2 26 278 1
1 514 40 8 22 93 5827 16948 10 1 140 0.25 27 277 1
1 514 40 8 22 93 5827 16948 10 1 140 0.25 29 276 1
1 514 40 8 22 93 5827 16948 10 1 140 0.25 29 275 1
1 514 40 8 22 93 5827 16948 16 1 140 0.44 36 274 1
1 514 40 8 22 93 5827 16948 8 1 140 0.21 28 273 1
1 514 40 8 22 93 5827 16948 10 1 140 0.33 31 272 1
1 514 40 8 22 93 5827 16948 10 1 140 0.29 30 271 1
1 514 11 6 17 93 5834 16336 14 2 140 0.45 34 20 1
1 514 11 6 17 93 5834 16336 10 2 140 0.15 24 19 1
1 514 11 6 17 93 5834 16336 17 1 140 0.4 31 18 1
1 514 11 6 17 93 5834 16336 10 1 140 0.2 27 17 1
1 514 11 6 17 93 5834 16336 20 2 140 0.35 32 16 1
1 514 11 6 17 93 5834 16336 23 2 140 0.6 37 15 1
1 514 11 6 17 93 5834 16336 13 1 140 0.35 30 14 1
1 514 11 6 17 93 5834 16336 16 2 140 0.45 34 13 1
1 514 11 6 17 93 5834 16336 12 1 140 0.2 27 12 1
1 514 11 6 17 93 5834 16336 17 1 140 0.3 30 11 1
1 514 11 6 17 93 5834 16336 12 1 140 0.3 29 10 1
1 514 11 6 17 93 5834 16336 12 2 140 0.2 28 9 1
1 514 11 6 17 93 5834 16336 22 2 140 0.6 37 8 1
1 514 11 6 17 93 5834 16336 28 1 140 0.4 34 7 1
1 514 11 6 17 93 5834 16336 -9 1 140 0.25 29 6 1
1 514 11 6 17 93 5834 16336 12 2 140 0.3 31 5 1
1 514 11 6 17 93 5834 16336 15 1 140 0.25 30 4 1
1 514 11 6 17 93 5834 16336 14 1 140 0.3 31 3 1
1 514 11 6 17 93 5834 16336 18 2 140 0.35 32 2 1
1 514 11 6 17 93 5834 16336 19 1 140 0.4 35 1 1
1 514 12 6 18 93 5900 16355 24 1 140 0.35 33 30 1
1 514 12 6 18 93 5900 16355 19 2 140 0.45 33 29 1
1 514 12 6 18 93 5900 16355 20 2 140 0.45 35 28 1
1 514 12 6 18 93 5900 16355 19 2 140 0.45 34 27 1
1 514 12 6 18 93 5900 16355 17 1 140 0.35 31 26 1
1 514 12 6 18 93 5900 16355 16 1 140 0.4 34 25 1
1 514 12 6 18 93 5900 16355 14 1 140 0.3 31 24 1
1 514 12 6 18 93 5900 16355 10 1 140 0.23 29 23 1
1 514 12 6 18 93 5900 16355 12 2 140 0.2 26 22 1
1 514 12 6 18 93 5900 16355 22 1 140 0.55 36 21 1
1 514 12 6 19 93 5846 16329 7 1 140 0.2 25 39 1
1 514 12 6 19 93 5846 16329 10 2 140 0.25 29 38 1
1 514 12 6 19 93 5846 16329 23 2 140 0.55 38 37 1
1 514 12 6 19 93 5846 16329 14 1 140 0.45 36 36 1
1 514 12 6 19 93 5846 16329 -9 1 140 0.4 33 35 1
1 514 12 6 19 93 5846 16329 17 2 140 0.35 33 34 1
1 514 12 6 19 93 5846 16329 12 1 140 0.3 32 33 1
1 514 12 6 19 93 5846 16329 12 2 140 0.25 29 32 1
1 514 12 6 19 93 5846 16329 19 1 140 0.4 30 31 1
1 514 13 6 19 93 5900 16405 15 2 140 0.3 30 43 1
1 514 13 6 19 93 5900 16405 20 2 140 0.5 36 42 1
1 514 13 6 19 93 5900 16405 11 2 140 0.25 30 41 1
1 514 13 6 19 93 5900 16405 12 1 140 0.25 28 40 1
1 514 13 6 19 93 5900 16405 10 1 140 0.2 26 50 1
1 514 13 6 19 93 5900 16405 17 1 140 0.35 32 49 1
1 514 13 6 19 93 5900 16405 10 1 140 0.15 25 48 1
1 514 13 6 19 93 5900 16405 13 2 140 0.32 33 47 1
1 514 13 6 19 93 5900 16405 12 1 140 0.27 28 46 1
1 514 13 6 19 93 5900 16405 22 1 140 0.45 35 45 1
1 514 13 6 19 93 5900 16405 18 2 140 0.4 31 44 1
1 513 38 9 9 93 5713 16608 14 2 140 0.43 33 221 1
1 513 38 9 9 93 5713 16608 14 1 140 0.35 31 220 1
1 513 38 9 9 93 5713 16608 18 2 140 0.38 33 219 1
1 513 38 9 9 93 5713 16608 -9 2 140 0.3 29 218 1
1 513 38 9 9 93 5713 16608 20 1 140 0.44 33 217 1
1 513 38 9 9 93 5713 16608 13 2 140 0.47 34 216 1
1 513 38 9 9 93 5713 16608 22 2 140 0.44 34 215 1
1 513 38 9 9 93 5713 16608 10 2 140 0.4 33 214 1
1 513 38 9 9 93 5713 16608 12 1 140 0.27 30 213 1
1 513 38 9 9 93 5713 16608 10 2 140 0.37 32 212 1
1 513 38 9 9 93 5713 16608 10 2 140 0.29 30 211 1
1 513 38 9 9 93 5713 16608 18 2 140 0.5 35 210 1
1 513 38 9 9 93 5713 16608 17 2 140 0.33 30 209 1
1 513 38 9 9 93 5713 16608 10 2 140 0.33 31 208 1
1 513 38 9 9 93 5713 16608 10 2 140 0.33 31 207 1
1 513 38 9 9 93 5713 16608 21 2 140 0.52 35 206 1
1 513 38 9 9 93 5713 16608 16 2 140 0.41 33 205 1
1 513 38 9 9 93 5713 16608 15 2 140 0.38 32 204 1
1 513 38 9 9 93 5713 16608 17 2 140 0.44 34 203 1
1 513 38 9 9 93 5713 16608 25 2 140 0.41 33 202 1
1 513 38 9 9 93 5713 16608 25 2 140 0.53 35 201 1
1 513 38 9 9 93 5713 16608 11 1 140 0.17 25 240 1
1 513 38 9 9 93 5713 16608 14 1 140 0.25 28 239 1
1 513 38 9 9 93 5713 16608 12 2 140 0.25 27 238 1
1 513 38 9 9 93 5713 16608 15 1 140 0.36 31 237 1
1 513 38 9 9 93 5713 16608 12 2 140 0.36 30 236 1
1 513 38 9 9 93 5713 16608 12 2 140 0.3 29 235 1
1 513 38 9 9 93 5713 16608 12 2 140 0.5 30 234 1
1 513 38 9 9 93 5713 16608 22 2 140 0.53 36 233 1
1 513 38 9 9 93 5713 16608 10 2 140 0.27 28 232 1
1 513 38 9 9 93 5713 16608 17 1 140 0.35 32 231 1
1 513 38 9 9 93 5713 16608 20 1 140 0.25 29 230 1
1 513 38 9 9 93 5713 16608 26 2 140 0.59 37 229 1
1 513 38 9 9 93 5713 16608 12 2 140 0.31 31 228 1
1 513 38 9 9 93 5713 16608 10 1 140 0.32 30 227 1
1 513 38 9 9 93 5713 16608 10 1 140 0.31 29 226 1
1 513 38 9 9 93 5713 16608 18 2 140 0.57 37 225 1
1 513 38 9 9 93 5713 16608 12 2 140 0.41 35 224 1
1 513 38 9 9 93 5713 16608 24 2 140 0.5 35 223 1
1 513 38 9 9 93 5713 16608 9 2 140 0.32 30 222 1
1 513 37 9 22 93 5708 16543 12 1 140 0.3 30 280 1
1 513 37 9 22 93 5708 16543 28 1 140 0.36 30 279 1
1 513 37 9 22 93 5708 16543 12 1 140 0.25 27 278 1
1 513 37 9 22 93 5708 16543 9 1 140 0.18 25 277 1
1 513 37 9 22 93 5708 16543 14 1 140 0.32 29 276 1
1 513 37 9 22 93 5708 16543 12 1 140 0.3 30 275 1
1 513 37 9 22 93 5708 16543 11 1 140 0.24 29 274 1
1 513 37 9 22 93 5708 16543 10 1 140 0.19 26 273 1
1 513 37 9 22 93 5708 16543 10 1 140 0.18 26 272 1
1 513 37 9 22 93 5708 16543 12 1 140 0.39 33 271 1
1 513 37 9 22 93 5708 16543 7 1 140 0.13 22 270 1
1 513 37 9 22 93 5708 16543 10 1 140 0.29 29 269 1
1 513 37 9 22 93 5708 16543 12 1 140 0.25 28 268 1
1 513 37 9 22 93 5708 16543 10 1 140 0.26 28 267 1
1 513 37 9 22 93 5708 16543 25 1 140 0.36 31 266 1
1 513 37 9 22 93 5708 16543 23 1 140 0.38 32 265 1
1 513 37 9 22 93 5708 16543 11 1 140 0.26 28 264 1
1 513 37 9 22 93 5708 16543 16 1 140 0.34 32 263 1
1 513 37 9 22 93 5708 16543 12 1 140 0.32 32 262 1
1 513 37 9 22 93 5708 16543 16 1 140 0.34 31 261 1
1 513 39 9 17 93 5702 16622 18 2 140 0.38 34 260 3
1 513 39 9 17 93 5702 16622 16 2 140 0.57 36 259 3
1 513 39 9 17 93 5702 16622 20 2 140 0.58 37 258 3
1 513 39 9 17 93 5702 16622 18 1 140 0.39 32 257 3
1 513 39 9 17 93 5702 16622 7 2 140 0.15 23 256 3
1 513 39 9 17 93 5702 16622 12 2 140 0.23 29 255 3
1 513 39 9 17 93 5702 16622 10 2 140 0.27 28 254 3
1 513 39 9 17 93 5702 16622 10 1 140 0.26 28 253 3
1 513 39 9 17 93 5702 16622 13 2 140 0.32 29 252 3
1 513 39 9 17 93 5702 16622 17 1 140 0.37 31 251 3
1 513 39 9 17 93 5702 16622 10 2 140 0.26 29 250 3
1 513 39 9 17 93 5702 16622 12 1 140 0.37 31 249 3
1 513 39 9 17 93 5702 16622 18 2 140 0.58 36 248 3
1 513 39 9 17 93 5702 16622 12 2 140 0.36 32 247 3
1 513 39 9 17 93 5702 16622 25 2 140 0.58 36 246 3
1 513 39 9 17 93 5702 16622 15 2 140 0.53 36 245 3
1 513 39 9 17 93 5702 16622 11 2 140 0.4 32 244 3
1 513 39 9 17 93 5702 16622 12 1 140 0.24 27 243 3
1 513 39 9 17 93 5702 16622 18 2 140 0.39 31 242 3
1 513 39 9 17 93 5702 16622 19 2 140 0.46 34 241 3
1 514 38 8 28 93 5831 16951 14 2 140 0.49 35 20 1
1 514 38 8 28 93 5831 16951 15 2 140 0.5 36 19 1
1 514 38 8 28 93 5831 16951 28 2 140 0.47 34 18 1
1 514 38 8 28 93 5831 16951 -9 2 140 0.36 33 17 1
1 514 38 8 28 93 5831 16951 12 2 140 0.39 31 16 1
1 514 38 8 28 93 5831 16951 12 2 140 0.47 33 15 1
1 514 38 8 28 93 5831 16951 15 2 140 0.45 32 14 1
1 514 38 8 28 93 5831 16951 16 2 140 0.49 36 13 1
1 514 38 8 28 93 5831 16951 20 2 140 0.49 36 12 1
1 514 38 8 28 93 5831 16951 13 2 140 0.5 35 11 1
1 514 38 8 28 93 5831 16951 13 1 140 0.36 32 10 1
1 514 38 8 28 93 5831 16951 11 1 140 0.4 32 9 1
1 514 38 8 28 93 5831 16951 13 1 140 0.3 30 8 1
1 514 38 8 28 93 5831 16951 25 1 140 0.45 34 7 1
1 514 38 8 28 93 5831 16951 16 1 140 0.39 31 6 1
1 514 38 8 28 93 5831 16951 12 1 140 0.35 31 5 1
1 514 38 8 28 93 5831 16951 21 1 140 0.35 31 4 1
1 514 38 8 28 93 5831 16951 17 1 140 0.31 30 3 1
1 514 38 8 28 93 5831 16951 11 1 140 0.4 31 2 1
1 514 38 8 28 93 5831 16951 24 1 140 0.6 36 1 1
1 514 38 8 30 93 5835 16953 10 2 140 0.19 26 60 1
1 514 38 8 30 93 5835 16953 8 2 140 0.25 27 59 1
1 514 38 8 30 93 5835 16953 8 2 140 0.19 24 58 1
1 514 38 8 30 93 5835 16953 12 2 140 0.39 32 57 1
1 514 38 8 30 93 5835 16953 10 2 140 0.18 24 56 1
1 514 38 8 30 93 5835 16953 21 2 140 0.76 40 55 1
1 514 38 8 30 93 5835 16953 16 2 140 0.58 37 54 1
1 514 38 8 30 93 5835 16953 9 2 140 0.29 28 53 1
1 514 38 8 30 93 5835 16953 10 2 140 0.25 27 52 1
1 514 38 8 30 93 5835 16953 21 2 140 0.5 35 51 1
1 514 38 8 30 93 5835 16953 21 1 140 0.41 33 50 1
1 514 38 8 30 93 5835 16953 11 1 140 0.24 26 49 1
1 514 38 8 30 93 5835 16953 10 1 140 0.24 26 48 1
1 514 38 8 30 93 5835 16953 -9 1 140 0.52 35 47 1
1 514 38 8 30 93 5835 16953 23 1 140 0.38 33 46 1
1 514 38 8 30 93 5835 16953 10 1 140 0.3 30 45 1
1 514 38 8 30 93 5835 16953 12 1 140 0.35 30 44 1
1 514 38 8 30 93 5835 16953 10 1 140 0.2 25 43 1
1 514 38 8 30 93 5835 16953 11 1 140 0.46 34 42 1
1 514 38 8 30 93 5835 16953 14 1 140 0.44 34 41 1
1 514 39 8 31 93 5826 16957 10 2 140 0.4 31 80 1
1 514 39 8 31 93 5826 16957 12 2 140 0.32 29 79 1
1 514 39 8 31 93 5826 16957 20 2 140 0.6 36 78 1
1 514 39 8 31 93 5826 16957 17 2 140 0.64 39 77 1
1 514 39 8 31 93 5826 16957 6 2 140 0.15 22 76 1
1 514 39 8 31 93 5826 16957 31 2 140 0.82 41 75 1
1 514 39 8 31 93 5826 16957 23 2 140 0.6 37 74 1
1 514 39 8 31 93 5826 16957 26 2 140 0.52 36 73 1
1 514 39 8 31 93 5826 16957 14 2 140 0.51 34 72 1
1 514 39 8 31 93 5826 16957 10 2 140 0.31 30 71 1
1 514 39 8 31 93 5826 16957 12 1 140 0.25 28 70 1
1 514 39 8 31 93 5826 16957 12 1 140 0.31 29 69 1
1 514 39 8 31 93 5826 16957 10 1 140 0.3 29 68 1
1 514 39 8 31 93 5826 16957 10 1 140 0.3 28 67 1
1 514 39 8 31 93 5826 16957 23 1 140 0.43 33 66 1
1 514 39 8 31 93 5826 16957 22 1 140 0.52 35 65 1
1 514 39 8 31 93 5826 16957 16 1 140 0.6 37 64 1
1 514 39 8 31 93 5826 16957 17 1 140 0.45 33 63 1
1 514 39 8 31 93 5826 16957 9 1 140 0.24 27 62 1
1 514 39 8 31 93 5826 16957 10 1 140 0.24 28 61 1
1 514 39 9 1 93 5820 16951 12 2 140 0.35 31 100 1
1 514 39 9 1 93 5820 16951 10 2 140 0.22 25 99 1
1 514 39 9 1 93 5820 16951 9 2 140 0.21 24 98 1
1 514 39 9 1 93 5820 16951 14 2 140 0.39 33 97 1
1 514 39 9 1 93 5820 16951 25 2 140 0.55 37 96 1
1 514 39 9 1 93 5820 16951 10 2 140 0.34 31 95 1
1 514 39 9 1 93 5820 16951 24 2 140 0.55 37 94 1
1 514 39 9 1 93 5820 16951 17 2 140 0.71 41 93 1
1 514 39 9 1 93 5820 16951 8 2 140 0.36 30 92 1
1 514 39 9 1 93 5820 16951 12 2 140 0.44 33 91 1
1 514 39 9 1 93 5820 16951 10 1 140 0.28 26 90 1
1 514 39 9 1 93 5820 16951 12 1 140 0.19 26 89 1
1 514 39 9 1 93 5820 16951 12 1 140 0.32 29 88 1
1 514 39 9 1 93 5820 16951 17 1 140 0.45 34 87 1
1 514 39 9 1 93 5820 16951 17 1 140 0.43 33 86 1
1 514 39 9 1 93 5820 16951 10 1 140 0.3 29 85 1
1 514 39 9 1 93 5820 16951 26 1 140 0.56 35 84 1
1 514 39 9 1 93 5820 16951 22 1 140 0.54 35 83 1
1 514 39 9 1 93 5820 16951 10 1 140 0.31 28 82 1
1 514 39 9 1 93 5820 16951 12 1 140 0.28 28 81 1
1 514 38 9 2 93 5835 16955 10 2 140 0.31 29 120 1
1 514 38 9 2 93 5835 16955 10 2 140 0.33 29 119 1
1 514 38 9 2 93 5835 16955 14 2 140 0.45 34 118 1
1 514 38 9 2 93 5835 16955 8 2 140 0.15 23 117 1
1 514 38 9 2 93 5835 16955 10 2 140 0.4 33 116 1
1 514 38 9 2 93 5835 16955 6 2 140 0.14 21 115 1
1 514 38 9 2 93 5835 16955 9 2 140 0.35 29 114 1
1 514 38 9 2 93 5835 16955 12 2 140 0.41 31 113 1
1 514 38 9 2 93 5835 16955 10 2 140 0.27 27 112 1
1 514 38 9 2 93 5835 16955 20 2 140 0.4 34 111 1
1 514 38 9 2 93 5835 16955 10 1 140 0.2 25 110 1
1 514 38 9 2 93 5835 16955 7 1 140 0.16 23 109 1
1 514 38 9 2 93 5835 16955 10 1 140 0.21 24 108 1
1 514 38 9 2 93 5835 16955 7 1 140 0.19 25 107 1
1 514 38 9 2 93 5835 16955 10 1 140 0.2 25 106 1
1 514 38 9 2 93 5835 16955 7 1 140 0.18 23 105 1
1 514 38 9 2 93 5835 16955 12 1 140 0.25 26 104 1
1 514 38 9 2 93 5835 16955 8 1 140 0.19 24 103 1
1 514 38 9 2 93 5835 16955 19 1 140 0.46 34 102 1
1 514 38 9 2 93 5835 16955 12 1 140 0.19 23 101 1
1 513 35 10 3 93 5747 16928 10 1 140 0.35 25 35 1
1 513 35 10 3 93 5747 16928 15 2 140 0.65 35 34 1
1 513 35 10 3 93 5747 16928 11 1 140 0.45 29 33 1
1 513 35 10 3 93 5747 16928 12 2 140 0.5 30 32 1
1 513 35 10 3 93 5747 16928 12 1 140 0.35 25 31 1
1 513 35 10 3 93 5747 16928 20 2 140 0.6 34 30 1
1 513 35 10 3 93 5747 16928 24 2 140 0.55 33 29 1
1 513 35 10 3 93 5747 16928 24 1 140 0.5 31 28 1
1 513 35 10 3 93 5747 16928 12 2 140 0.5 30 27 1
1 513 35 10 3 93 5747 16928 20 2 140 0.65 34 26 1
1 513 35 10 3 93 5747 16928 21 2 140 0.6 33 25 1
1 513 35 10 3 93 5747 16928 17 2 140 0.65 35 24 1
1 513 35 10 3 93 5747 16928 15 2 140 0.55 32 23 1
1 514 38 9 3 93 5833 16946 27 2 140 0.66 38 130 1
1 514 38 9 3 93 5833 16946 12 2 140 0.34 32 129 1
1 514 38 9 3 93 5833 16946 7 1 140 0.2 24 128 1
1 514 38 9 3 93 5833 16946 12 1 140 0.18 25 127 1
1 514 38 9 3 93 5833 16946 8 1 140 0.14 22 126 1
1 514 38 9 3 93 5833 16946 12 1 140 0.45 35 125 1
1 514 38 9 3 93 5833 16946 7 1 140 0.15 23 124 1
1 514 38 9 3 93 5833 16946 10 1 140 0.19 24 123 1
1 514 38 9 3 93 5833 16946 6 1 140 0.16 22 122 1
1 514 38 9 3 93 5833 16946 14 1 140 0.5 36 121 1
1 514 38 9 3 93 5833 16946 12 2 140 0.4 32 140 1
1 514 38 9 3 93 5833 16946 9 2 140 0.15 23 139 1
1 514 38 9 3 93 5833 16946 24 2 140 0.58 38 138 1
1 514 38 9 3 93 5833 16946 10 2 140 0.21 26 137 1
1 514 38 9 3 93 5833 16946 9 2 140 0.17 24 136 1
1 514 38 9 3 93 5833 16946 10 2 140 0.22 26 135 1
1 514 38 9 3 93 5833 16946 10 2 140 0.35 32 134 1
1 514 38 9 3 93 5833 16946 12 2 140 0.35 29 133 1
1 514 38 9 3 93 5833 16946 10 2 140 0.22 25 132 1
1 514 38 9 3 93 5833 16946 12 2 140 0.28 28 131 1
1 513 37 10 15 93 5657 16547 19 2 140 0.6 37 350 1
1 513 37 10 15 93 5657 16547 20 2 140 0.7 38 349 1
1 513 37 10 15 93 5657 16547 8 2 140 0.1 23 345 1
1 513 37 10 15 93 5657 16547 17 1 140 0.4 34 344 1
1 513 40 10 22 93 5718 16602 6 2 140 0.1 22 358 1
1 513 40 10 22 93 5718 16602 8 2 140 0.1 21 357 1
1 513 37 10 23 93 5658 16538 9 2 140 0.1 23 361 1
1 513 37 10 23 93 5658 16538 8 1 140 0.1 21 360 1
1 513 37 10 23 93 5658 16538 10 2 140 0.1 23 359 1
1 513 39 10 24 93 5648 16557 7 2 140 0.15 23 362 1
1 513 40 11 4 93 5718 16521 7 2 140 0.25 28 115 1
1 513 40 11 4 93 5718 16521 10 2 140 0.25 28 114 1
1 513 40 11 4 93 5718 16521 30 1 140 0.35 31 113 1
1 513 40 11 4 93 5718 16521 12 2 140 0.35 31 112 1
1 513 40 11 4 93 5718 16521 19 2 140 0.45 35 111 1
1 513 40 11 4 93 5718 16521 -9 2 140 0.25 26 110 1
1 513 40 11 4 93 5718 16521 16 1 140 0.45 32 109 1
1 513 40 11 4 93 5718 16521 24 2 140 0.55 36 108 1
1 513 40 11 4 93 5718 16521 18 2 140 0.65 38 107 1
1 513 38 11 5 93 5719 16525 6 1 140 0.15 23 130 1
1 513 38 11 5 93 5719 16525 5 2 140 0.15 22 129 1
1 513 38 11 5 93 5719 16525 10 1 140 0.2 27 128 1
1 513 38 11 5 93 5719 16525 10 1 140 0.2 26 127 1
1 513 38 11 5 93 5719 16525 7 1 140 0.15 23 126 1
1 513 38 11 5 93 5719 16525 12 1 140 0.15 24 125 1
1 513 38 11 5 93 5719 16525 6 2 140 0.15 23 124 1
1 513 38 11 5 93 5719 16525 10 1 140 0.25 27 123 1
1 513 38 11 5 93 5719 16525 5 2 140 0.15 23 122 1
1 513 38 11 5 93 5719 16525 10 1 140 0.2 26 121 1
1 513 38 11 5 93 5719 16525 10 1 140 0.15 25 120 1
1 513 38 11 5 93 5719 16525 10 1 140 0.15 24 119 1
1 513 38 11 5 93 5719 16525 12 1 140 0.2 27 118 1
1 513 38 11 5 93 5719 16525 8 2 140 0.15 23 117 1
1 513 38 11 5 93 5719 16525 12 2 140 0.25 26 116 1
1 513 43 10 25 93 5649 16550 16 1 140 0.3 30 52 1
1 513 43 10 25 93 5649 16550 16 2 140 0.35 31 51 1
1 513 43 10 25 93 5649 16550 13 2 140 0.25 29 50 1
1 513 43 10 25 93 5649 16550 12 1 140 0.35 33 49 1
1 513 43 10 25 93 5649 16550 7 2 140 0.15 24 48 1
1 513 43 10 25 93 5649 16550 10 2 140 0.3 29 47 1
1 513 43 10 25 93 5649 16550 10 1 140 0.2 27 46 1
1 513 40 10 28 93 5708 16532 10 2 140 0.25 27 69 1
1 513 40 10 28 93 5708 16532 16 2 140 0.55 39 68 1
1 513 40 10 28 93 5708 16532 18 2 140 0.45 34 67 1
1 513 40 10 28 93 5708 16532 10 2 140 0.25 27 66 1
1 513 40 10 28 93 5708 16532 10 2 140 0.2 26 65 1
1 513 40 10 28 93 5708 16532 10 1 140 0.35 29 64 1
1 513 40 10 28 93 5708 16532 18 2 140 0.5 37 63 1
1 513 40 10 28 93 5708 16532 12 1 140 0.3 29 62 1
1 513 40 10 28 93 5708 16532 12 1 140 0.3 30 61 1
1 513 40 10 28 93 5708 16532 10 2 140 0.25 28 60 1
1 513 40 10 28 93 5708 16532 12 2 140 0.35 31 59 1
1 513 40 10 28 93 5708 16532 11 2 140 0.25 30 58 1
1 513 40 10 28 93 5708 16532 23 1 140 0.35 32 57 1
1 513 40 10 30 93 5703 16506 12 1 140 0.2 26 88 1
1 513 40 10 30 93 5703 16506 19 2 140 0.45 36 87 1
1 513 40 10 30 93 5703 16506 17 2 140 0.4 32 86 1
1 513 40 10 30 93 5703 16506 25 2 140 0.45 32 85 1
1 513 40 10 30 93 5703 16506 19 2 140 0.3 34 84 1
1 513 40 10 30 93 5703 16506 12 1 140 0.25 30 83 1
1 513 40 10 30 93 5703 16506 10 2 140 0.25 29 82 1
1 513 40 10 30 93 5703 16506 8 2 140 0.2 25 81 1
1 513 40 10 30 93 5703 16506 14 2 140 0.4 32 80 1
1 513 40 10 30 93 5703 16506 10 2 140 0.25 27 79 1
1 513 40 10 30 93 5703 16506 10 2 140 0.2 25 78 1
1 513 40 10 30 93 5703 16506 10 2 140 0.25 28 77 1
1 513 40 10 30 93 5703 16506 10 2 140 0.2 27 76 1
1 513 40 10 30 93 5703 16506 20 1 140 0.3 31 75 1
1 513 40 10 30 93 5703 16506 14 1 140 0.3 31 74 1
1 513 40 10 30 93 5703 16506 12 1 140 0.25 29 73 1
1 513 40 10 30 93 5703 16506 10 1 140 0.25 27 72 1
1 513 40 10 30 93 5703 16506 7 1 140 0.2 25 71 1
1 513 40 10 30 93 5703 16506 9 2 140 0.25 28 70 1
1 513 40 10 31 93 5707 16506 24 1 140 0.4 33 99 1
1 513 40 10 31 93 5707 16506 8 2 140 0.2 26 98 1
1 513 40 10 31 93 5707 16506 6 2 140 0.15 22 97 1
1 513 40 10 31 93 5707 16506 10 2 140 0.2 25 96 1
1 513 40 10 31 93 5707 16506 22 2 140 0.7 38 95 1
1 513 40 10 31 93 5707 16506 14 1 140 0.45 34 94 1
1 513 40 10 31 93 5707 16506 10 1 140 0.2 26 93 1
1 513 40 10 31 93 5707 16506 22 2 140 0.55 37 92 1
1 513 40 10 31 93 5707 16506 8 2 140 0.15 22 91 1
1 513 40 10 31 93 5707 16506 22 2 140 0.65 38 90 1
1 513 40 10 31 93 5707 16506 10 2 140 0.3 30 89 1
1 513 39 11 1 93 5708 16504 14 2 140 0.65 37 106 1
1 513 39 11 1 93 5708 16504 12 1 140 0.2 28 105 1
1 513 39 11 1 93 5708 16504 6 2 140 0.2 26 104 1
1 513 39 11 1 93 5708 16504 26 1 140 0.4 33 103 1
1 513 39 11 1 93 5708 16504 12 1 140 0.25 27 102 1
1 513 39 11 1 93 5708 16504 15 1 140 0.35 33 101 1
1 513 39 11 1 93 5708 16504 19 1 140 0.4 33 100 1
1 513 42 11 4 93 5657 16541 10 1 140 0.13 24 97 1
1 513 42 11 4 93 5657 16541 12 1 140 0.18 27 96 1
1 513 42 11 4 93 5657 16541 9 1 140 0.13 24 95 1
1 513 42 11 4 93 5657 16541 9 1 140 0.23 28 94 1
1 513 42 11 4 93 5657 16541 26 1 140 0.45 34 93 1
1 513 42 11 4 93 5657 16541 12 1 140 0.22 27 92 1
1 513 42 11 4 93 5657 16541 12 1 140 0.2 27 91 1
1 513 42 11 4 93 5657 16541 26 2 140 0.58 38 90 1
1 513 42 11 4 93 5657 16541 10 2 140 0.24 29 89 1
1 513 42 11 4 93 5657 16541 14 2 140 0.5 37 88 1
1 513 42 11 4 93 5657 16541 26 2 140 0.55 38 87 1
1 513 42 11 4 93 5657 16541 26 2 140 0.46 36 86 1
1 513 42 11 4 93 5657 16541 19 2 140 0.24 29 85 1
1 513 42 11 4 93 5657 16541 12 2 140 0.25 29 84 1
1 513 42 11 4 93 5657 16541 10 2 140 0.23 27 83 1
1 513 42 11 4 93 5657 16541 12 2 140 0.26 30 82 1
1 513 42 11 4 93 5657 16541 18 2 140 0.43 36 81 1
1 513 36 9 18 93 5708 16542 6 2 140 0.1 24 40 1
1 513 36 9 18 93 5708 16542 7 2 140 0.1 24 39 1
1 513 36 9 18 93 5708 16542 8 1 140 0.2 26 38 1
1 513 36 9 18 93 5708 16542 8 2 140 0.2 27 37 1
1 513 36 9 18 93 5708 16542 20 2 140 0.7 40 36 1
1 513 36 9 18 93 5708 16542 18 2 140 0.4 31 35 1
1 513 36 9 18 93 5708 16542 16 2 140 0.35 32 34 1
1 513 36 9 18 93 5708 16542 20 2 140 0.4 33 33 1
1 513 36 9 18 93 5708 16542 22 2 140 0.6 36 32 1
1 513 36 9 18 93 5708 16542 19 2 140 0.6 37 31 1
1 513 36 9 18 93 5708 16542 27 2 140 0.65 38 30 1
1 513 36 9 18 93 5708 16542 22 2 140 0.4 33 29 1
1 513 36 9 18 93 5708 16542 17 2 140 0.5 36 28 1
1 513 36 9 18 93 5708 16542 27 2 140 0.7 37 27 1
1 513 36 9 18 93 5708 16542 12 1 140 0.2 29 26 1
1 513 36 9 18 93 5708 16542 12 2 140 0.6 38 25 1
1 513 36 9 18 93 5708 16542 20 2 140 0.5 33 24 1
1 513 36 9 18 93 5708 16542 14 2 140 0.5 33 23 1
1 513 36 9 18 93 5708 16542 13 2 140 0.2 28 22 1
1 513 36 9 18 93 5708 16542 12 1 140 0.3 30 21 1
1 513 36 9 18 93 5708 16542 14 2 140 0.35 33 20 1
1 513 36 9 18 93 5708 16542 20 1 140 0.4 32 19 1
1 513 36 9 18 93 5708 16542 22 2 140 0.5 35 18 1
1 513 36 9 18 93 5708 16542 8 1 140 0.2 27 17 1
1 513 36 9 18 93 5708 16542 15 2 140 0.3 31 16 1
1 513 36 9 18 93 5708 16542 14 2 140 0.5 35 15 1
1 513 36 9 18 93 5708 16542 16 2 140 0.5 35 14 1
1 513 36 9 18 93 5708 16542 12 2 140 0.5 34 13 1
1 513 36 9 18 93 5708 16542 16 2 140 0.5 34 12 1
1 513 36 9 18 93 5708 16542 23 2 140 0.5 34 11 1
1 513 36 9 18 93 5708 16542 7 2 140 0.2 26 10 1
1 513 36 9 18 93 5708 16542 15 2 140 0.4 34 9 1
1 513 36 9 18 93 5708 16542 17 2 140 0.5 35 8 1
1 513 36 9 18 93 5708 16542 7 2 140 0.15 24 7 1
1 513 36 9 18 93 5708 16542 19 2 140 0.45 36 6 1
1 513 36 9 18 93 5708 16542 15 2 140 0.6 35 5 1
1 513 36 9 18 93 5708 16542 13 2 140 0.4 32 4 1
1 513 36 9 18 93 5708 16542 13 1 140 0.25 30 3 1
1 513 36 9 18 93 5708 16542 14 2 140 0.25 30 2 1
1 513 36 9 18 93 5708 16542 21 2 140 0.5 34 1 1
1 513 37 9 22 93 5658 16554 6 2 140 0.1 22 109 1
1 513 37 9 22 93 5658 16554 17 1 140 0.3 31 108 1
1 513 37 9 22 93 5658 16554 9 2 140 0.2 25 107 1
1 513 37 9 22 93 5658 16554 12 1 140 0.3 31 106 1
1 513 37 9 22 93 5658 16554 7 2 140 0.1 23 105 1
1 513 37 9 22 93 5658 16554 7 2 140 0.1 21 104 1
1 513 37 9 22 93 5658 16554 10 2 140 0.1 24 103 1
1 513 37 9 22 93 5658 16554 17 1 140 0.4 34 102 1
1 513 37 9 22 93 5658 16554 7 1 140 0.1 23 101 1
1 513 37 9 22 93 5658 16554 10 1 140 0.2 28 100 1
1 513 37 9 22 93 5658 16554 18 2 140 0.6 38 99 1
1 513 37 9 22 93 5658 16554 10 2 140 0.1 24 98 1
1 513 37 9 22 93 5658 16554 12 1 140 0.2 25 97 1
1 513 37 9 22 93 5658 16554 12 1 140 0.2 26 96 1
1 513 37 9 22 93 5658 16554 18 1 140 0.3 31 95 1
1 513 37 9 22 93 5658 16554 12 1 140 0.3 31 94 1
1 513 37 9 22 93 5658 16554 12 1 140 0.2 28 93 1
1 513 37 9 22 93 5658 16554 9 1 140 0.2 26 92 1
1 513 37 9 22 93 5658 16554 10 1 140 0.2 27 91 1
1 513 37 9 22 93 5658 16554 20 2 140 0.55 39 90 1
1 513 37 9 22 93 5658 16554 12 1 140 0.2 27 89 1
1 513 37 9 22 93 5658 16554 15 2 140 0.6 37 88 1
1 513 37 9 22 93 5658 16554 9 2 140 0.2 26 87 1
1 513 37 9 22 93 5658 16554 19 2 140 0.6 37 86 1
1 513 37 9 22 93 5658 16554 12 1 140 0.2 28 85 1
1 513 37 9 22 93 5658 16554 12 2 140 0.3 31 84 1
1 513 37 9 22 93 5658 16554 20 2 140 0.6 36 83 1
1 513 37 9 22 93 5658 16554 12 1 140 0.3 30 82 1
1 513 37 9 22 93 5658 16554 14 1 140 0.3 29 81 1
1 513 37 9 22 93 5658 16554 9 2 140 0.2 25 110 1
1 513 35 11 15 93 5736 16501 10 2 140 0.2 27 117 1
1 513 35 11 15 93 5736 16501 8 2 140 0.13 24 116 1
1 513 35 11 15 93 5736 16501 19 2 140 0.56 39 115 1
1 513 35 11 15 93 5736 16501 10 2 140 0.21 27 114 1
1 513 35 11 15 93 5736 16501 12 2 140 0.23 28 113 1
1 513 35 11 15 93 5736 16501 7 2 140 0.23 28 112 1
1 513 35 11 15 93 5736 16501 7 2 140 0.15 26 111 1
1 513 35 11 15 93 5736 16501 9 2 140 0.15 26 110 1
1 513 35 11 15 93 5736 16501 10 2 140 0.15 24 109 1
1 513 35 11 15 93 5736 16501 9 2 140 0.17 26 108 1
1 513 35 11 15 93 5736 16501 10 1 140 0.16 24 106 1
1 513 35 11 15 93 5736 16501 8 1 140 0.14 23 105 1
1 513 35 11 15 93 5736 16501 10 1 140 0.15 25 104 1
1 513 35 11 15 93 5736 16501 7 1 140 0.17 25 103 1
1 513 35 11 15 93 5736 16501 10 1 140 0.16 25 102 1
1 513 35 11 15 93 5736 16501 17 1 140 0.36 34 101 1
1 513 35 11 15 93 5736 16501 16 1 140 0.4 34 100 1
1 513 35 11 15 93 5736 16501 19 1 140 0.25 30 99 1
1 513 35 11 15 93 5736 16501 14 1 140 0.27 30 98 1
1 513 36 10 1 93 5733 16558 10 2 140 0.25 30 320 1
1 513 36 10 1 93 5733 16558 7 2 140 0.1 22 319 1
1 513 36 10 1 93 5733 16558 23 2 140 0.45 35 318 1
1 513 36 10 1 93 5733 16558 8 2 140 0.1 23 317 1
1 513 36 10 1 93 5733 16558 7 2 140 0.2 26 316 1
1 513 36 10 1 93 5733 16558 22 2 140 0.5 37 315 1
1 513 36 10 1 93 5733 16558 10 2 140 0.3 30 314 1
1 513 36 10 1 93 5733 16558 8 2 140 0.25 30 313 1
1 513 36 10 1 93 5733 16558 9 2 140 0.1 22 312 1
1 513 36 10 1 93 5733 16558 7 2 140 0.15 24 311 1
1 513 36 10 1 93 5733 16558 26 1 140 0.4 33 305 1
1 513 36 10 1 93 5733 16558 8 1 140 0.1 22 304 1
1 513 36 10 1 93 5733 16558 7 1 140 0.1 21 303 1
1 513 36 10 1 93 5733 16558 12 1 140 0.35 33 302 1
1 513 36 10 1 93 5733 16558 20 1 140 0.4 33 301 1
1 513 38 10 4 93 5653 16540 24 2 140 0.6 36 340 1
1 513 38 10 4 93 5653 16540 10 2 140 0.15 26 339 1
1 513 38 10 4 93 5653 16540 23 2 140 0.6 37 338 1
1 513 38 10 4 93 5653 16540 10 2 140 0.2 26 337 1
1 513 38 10 4 93 5653 16540 23 2 140 0.75 38 336 1
1 513 38 10 4 93 5653 16540 18 2 140 0.6 37 335 1
1 513 38 10 4 93 5653 16540 8 2 140 0.15 24 334 1
1 513 38 10 4 93 5653 16540 7 2 140 0.1 25 333 1
1 513 38 10 4 93 5653 16540 23 2 140 0.55 35 332 1
1 513 38 10 4 93 5653 16540 23 2 140 0.7 39 331 1
1 513 38 10 4 93 5653 16540 26 1 140 0.35 33 321 1
1 513 36 10 14 93 5656 16544 7 2 140 0.15 24 348 1
1 513 36 10 14 93 5656 16544 20 2 140 0.5 38 347 1
1 513 36 10 14 93 5656 16544 19 2 140 0.6 38 346 1
1 513 36 10 14 93 5656 16544 7 1 140 0.15 23 343 1
1 513 36 10 14 93 5656 16544 5 1 140 0.1 21 342 1
1 513 36 10 14 93 5656 16544 20 1 140 0.45 34 341 1
1 513 43 10 23 93 5651 16546 10 1 140 0.14 24 20 1
1 513 43 10 23 93 5651 16546 -9 1 140 0.32 32 19 1
1 513 43 10 23 93 5651 16546 12 1 140 0.31 31 18 1
1 513 43 10 23 93 5651 16546 18 1 140 0.28 31 17 1
1 513 43 10 23 93 5651 16546 13 1 140 0.3 30 16 1
1 513 43 10 23 93 5651 16546 13 1 140 0.3 32 15 1
1 513 43 10 23 93 5651 16546 10 1 140 0.23 27 14 1
1 513 43 10 23 93 5651 16546 13 1 140 0.29 29 13 1
1 513 43 10 23 93 5651 16546 16 2 140 0.28 30 12 1
1 513 43 10 23 93 5651 16546 13 2 140 0.33 32 11 1
1 513 43 10 23 93 5651 16546 13 2 140 0.34 32 10 1
1 513 43 10 23 93 5651 16546 12 2 140 0.31 32 9 1
1 513 43 10 23 93 5651 16546 22 2 140 0.47 36 8 1
1 513 43 10 23 93 5651 16546 14 2 140 0.39 34 7 1
1 513 43 10 23 93 5651 16546 12 2 140 0.38 33 6 1
1 513 43 10 23 93 5651 16546 11 1 140 0.31 30 5 1
1 513 43 10 23 93 5651 16546 19 2 140 0.52 37 4 1
1 513 43 10 23 93 5651 16546 20 2 140 0.42 34 3 1
1 513 43 10 23 93 5651 16546 22 1 140 0.32 32 2 1
1 513 43 10 23 93 5651 16546 20 2 140 0.39 33 1 1
1 513 43 10 25 93 5650 16548 12 1 140 0.34 31 40 1
1 513 43 10 25 93 5650 16548 12 1 140 0.29 30 39 1
1 513 43 10 25 93 5650 16548 14 1 140 0.25 29 38 1
1 513 43 10 25 93 5650 16548 19 1 140 0.32 33 37 1
1 513 43 10 25 93 5650 16548 20 1 140 0.3 32 36 1
1 513 43 10 25 93 5650 16548 14 1 140 0.29 30 35 1
1 513 43 10 25 93 5650 16548 21 1 140 0.34 31 34 1
1 513 43 10 25 93 5650 16548 21 1 140 0.34 33 33 1
1 513 43 10 25 93 5650 16548 18 1 140 0.31 32 32 1
1 513 43 10 25 93 5650 16548 12 1 140 0.23 29 31 1
1 513 43 10 25 93 5650 16548 13 2 140 0.52 37 30 1
1 513 43 10 25 93 5650 16548 18 2 140 0.36 32 29 1
1 513 43 10 25 93 5650 16548 21 2 140 0.45 35 28 1
1 513 43 10 25 93 5650 16548 20 2 140 0.38 33 27 1
1 513 43 10 25 93 5650 16548 20 2 140 0.43 34 26 1
1 513 43 10 25 93 5650 16548 20 2 140 0.37 33 25 1
1 513 43 10 25 93 5650 16548 20 2 140 0.37 33 24 1
1 513 43 10 25 93 5650 16548 19 2 140 0.32 31 23 1
1 513 43 10 25 93 5650 16548 20 2 140 0.41 34 22 1
1 513 43 10 25 93 5650 16548 22 2 140 0.44 35 21 1
1 513 37 9 21 93 5702 16602 13 2 140 0.25 28 220 1
1 513 37 9 21 93 5702 16602 12 2 140 0.35 32 219 1
1 513 37 9 21 93 5702 16602 19 2 140 0.35 31 218 1
1 513 37 9 21 93 5702 16602 14 2 140 0.45 33 217 1
1 513 37 9 21 93 5702 16602 13 2 140 0.4 32 216 1
1 513 37 9 21 93 5702 16602 12 2 140 0.25 28 215 1
1 513 37 9 21 93 5702 16602 12 2 140 0.25 28 214 1
1 513 37 9 21 93 5702 16602 16 2 140 0.45 34 213 1
1 513 37 9 21 93 5702 16602 10 2 140 0.25 28 212 1
1 513 37 9 21 93 5702 16602 12 2 140 0.35 33 211 1
1 513 37 9 21 93 5702 16602 10 1 140 0.2 26 210 1
1 513 37 9 21 93 5702 16602 12 1 140 0.35 30 209 1
1 513 37 9 21 93 5702 16602 11 1 140 0.25 26 208 1
1 513 37 9 21 93 5702 16602 12 1 140 0.25 27 207 1
1 513 37 9 21 93 5702 16602 8 1 140 0.2 26 206 1
1 513 37 9 21 93 5702 16602 10 1 140 0.18 24 205 1
1 513 37 9 21 93 5702 16602 16 1 140 0.33 30 204 1
1 513 37 9 21 93 5702 16602 13 1 140 0.28 29 203 1
1 513 37 9 21 93 5702 16602 8 1 140 0.25 28 202 1
1 513 37 9 21 93 5702 16602 12 1 140 0.35 30 201 1
1 513 37 9 22 93 5704 16612 13 2 140 0.3 30 240 1
1 513 37 9 22 93 5704 16612 12 2 140 0.4 31 239 1
1 513 37 9 22 93 5704 16612 7 2 140 0.25 28 238 1
1 513 37 9 22 93 5704 16612 20 2 140 0.5 34 237 1
1 513 37 9 22 93 5704 16612 -9 2 140 0.25 20 236 1
1 513 37 9 22 93 5704 16612 12 2 140 0.45 34 235 1
1 513 37 9 22 93 5704 16612 14 2 140 0.5 33 234 1
1 513 37 9 22 93 5704 16612 12 2 140 0.4 33 233 1
1 513 37 9 22 93 5704 16612 12 2 140 0.3 30 232 1
1 513 37 9 22 93 5704 16612 12 2 140 0.35 33 231 1
1 513 37 9 22 93 5704 16612 7 1 140 0.25 26 230 1
1 513 37 9 22 93 5704 16612 12 1 140 0.3 31 229 1
1 513 37 9 22 93 5704 16612 7 1 140 0.2 24 228 1
1 513 37 9 22 93 5704 16612 10 1 140 0.25 28 227 1
1 513 37 9 22 93 5704 16612 17 1 140 0.35 30 226 1
1 513 37 9 22 93 5704 16612 9 1 140 0.3 29 225 1
1 513 37 9 22 93 5704 16612 12 1 140 0.35 29 224 1
1 513 37 9 22 93 5704 16612 12 1 140 0.3 28 223 1
1 513 37 9 22 93 5704 16612 25 1 140 0.4 32 222 1
1 513 37 9 22 93 5704 16612 9 1 140 0.15 24 221 1
1 513 36 9 24 93 5712 16538 18 2 140 0.45 36 260 1
1 513 36 9 24 93 5712 16538 13 2 140 0.3 32 259 1
1 513 36 9 24 93 5712 16538 21 2 140 0.6 35 258 1
1 513 36 9 24 93 5712 16538 11 2 140 0.35 29 257 1
1 513 36 9 24 93 5712 16538 17 2 140 0.4 32 256 1
1 513 36 9 24 93 5712 16538 10 2 140 0.4 34 255 1
1 513 36 9 24 93 5712 16538 21 2 140 0.4 32 254 1
1 513 36 9 24 93 5712 16538 10 2 140 0.2 27 253 1
1 513 36 9 24 93 5712 16538 10 2 140 0.25 27 252 1
1 513 36 9 24 93 5712 16538 14 2 140 0.3 29 251 1
1 513 36 9 24 93 5712 16538 11 1 140 0.25 29 250 1
1 513 36 9 24 93 5712 16538 9 1 140 0.15 24 249 1
1 513 36 9 24 93 5712 16538 10 1 140 0.2 26 248 1
1 513 36 9 24 93 5712 16538 12 1 140 0.3 29 247 1
1 513 36 9 24 93 5712 16538 13 1 140 0.2 27 246 1
1 513 36 9 24 93 5712 16538 12 1 140 0.25 28 244 1
1 513 36 9 24 93 5712 16538 12 1 140 0.2 27 243 1
1 513 36 9 24 93 5712 16538 5 1 140 0.15 22 241 1
1 513 38 9 26 93 5731 16622 16 2 140 0.4 35 300 1
1 513 38 9 26 93 5731 16622 7 2 140 0.2 25 299 1
1 513 38 9 26 93 5731 16622 18 2 140 0.55 35 298 1
1 513 38 9 26 93 5731 16622 7 2 140 0.15 26 297 1
1 513 38 9 26 93 5731 16622 19 2 140 0.35 31 296 1
1 513 38 9 26 93 5731 16622 18 2 140 0.35 31 295 1
1 513 38 9 26 93 5731 16622 13 2 140 0.45 34 294 1
1 513 38 9 26 93 5731 16622 24 2 140 0.5 36 293 1
1 513 38 9 26 93 5731 16622 7 2 140 0.15 25 292 1
1 513 38 9 26 93 5731 16622 12 2 140 0.35 31 291 1
1 513 38 9 26 93 5731 16622 8 1 140 0.15 23 288 1
1 513 38 9 26 93 5731 16622 16 1 140 0.4 33 287 1
1 513 38 9 26 93 5731 16622 17 1 140 0.35 32 286 1
1 513 38 9 26 93 5731 16622 10 1 140 0.2 25 285 1
1 513 38 9 26 93 5731 16622 10 1 140 0.15 25 284 1
1 513 38 9 26 93 5731 16622 10 1 140 0.1 22 283 1
1 513 38 9 26 93 5731 16622 7 1 140 0.15 25 282 1
1 513 38 9 26 93 5731 16622 10 1 140 0.15 25 281 1
1 513 38 9 26 93 5707 16604 8 1 140 0.15 24 290 1
1 513 38 9 26 93 5707 16604 10 1 140 0.15 25 289 1
1 513 39 11 24 93 5659 16532 -9 2 140 0.16 25 127 1
1 513 39 11 24 93 5659 16532 7 2 140 0.17 25 126 1
1 513 39 11 24 93 5659 16532 7 2 140 0.14 23 125 1
1 513 39 11 24 93 5659 16532 10 2 140 0.15 24 124 1
1 513 39 11 24 93 5659 16532 10 2 140 0.18 26 123 1
1 513 39 11 24 93 5659 16532 9 2 140 0.16 24 122 1
1 513 39 11 24 93 5659 16532 10 2 140 0.21 27 121 1
1 513 39 11 24 93 5659 16532 8 2 140 0.24 28 120 1
1 513 39 11 24 93 5659 16532 10 2 140 0.22 27 119 1
1 513 39 11 24 93 5659 16532 6 2 140 0.17 25 118 1
1 513 39 11 24 93 5659 16532 12 2 140 0.24 28 107 1
1 513 41 10 28 93 5657 16533 31 1 140 0.37 33 80 1
1 513 41 10 28 93 5657 16533 11 1 140 0.16 26 79 1
1 513 41 10 28 93 5657 16533 12 1 140 0.25 28 78 1
1 513 41 10 28 93 5657 16533 10 1 140 0.2 26 77 1
1 513 41 10 28 93 5657 16533 10 1 140 0.18 26 76 1
1 513 41 10 28 93 5657 16533 12 1 140 0.38 33 75 1
1 513 41 10 28 93 5657 16533 6 1 140 0.14 24 74 1
1 513 41 10 28 93 5657 16533 9 1 140 0.18 26 73 1
1 513 41 10 28 93 5657 16533 12 1 140 0.25 28 72 1
1 513 41 10 28 93 5657 16533 9 1 140 0.12 23 71 1
1 513 41 10 28 93 5657 16533 12 2 140 0.21 30 70 1
1 513 41 10 28 93 5657 16533 14 2 140 0.48 36 69 1
1 513 41 10 28 93 5657 16533 19 2 140 0.38 33 68 1
1 513 41 10 28 93 5657 16533 17 2 140 0.34 32 67 1
1 513 41 10 28 93 5657 16533 10 2 140 0.33 30 66 1
1 513 41 10 28 93 5657 16533 12 2 140 0.45 35 65 1
1 513 41 10 28 93 5657 16533 21 2 140 0.47 36 64 1
1 513 41 10 28 93 5657 16533 12 2 140 0.22 29 63 1
1 513 41 10 28 93 5657 16533 10 2 140 0.33 31 62 1
1 513 41 10 28 93 5657 16533 19 2 140 0.48 35 61 1
1 513 38 9 24 93 5656 16608 6 2 140 0.1 22 120 1
1 513 38 9 24 93 5656 16608 6 2 140 0.1 19 119 1
1 513 38 9 24 93 5656 16608 8 2 140 0.1 22 118 1
1 513 38 9 24 93 5656 16608 8 2 140 0.1 23 117 1
1 513 38 9 24 93 5656 16608 6 2 140 0.1 23 116 1
1 513 38 9 24 93 5656 16608 6 2 140 0.1 22 115 1
1 513 38 9 24 93 5656 16608 8 2 140 0.1 23 114 1
1 513 38 9 24 93 5656 16608 22 2 140 0.7 38 113 1
1 513 38 9 24 93 5656 16608 12 1 140 0.2 28 112 1
1 513 38 9 24 93 5656 16608 9 2 140 0.15 25 111 1
1 513 40 10 4 93 5701 16624 21 2 140 0.55 38 330 1
1 513 40 10 4 93 5701 16624 21 2 140 0.5 36 329 1
1 513 40 10 4 93 5701 16624 9 2 140 0.15 24 328 1
1 513 40 10 4 93 5701 16624 19 2 140 0.6 37 327 1
1 513 40 10 4 93 5701 16624 10 1 140 0.15 23 326 1
1 513 40 10 4 93 5701 16624 -9 1 140 0.05 20 325 1
1 513 40 10 4 93 5701 16624 17 1 140 0.45 33 324 1
1 513 40 10 4 93 5701 16624 6 1 140 0.1 21 323 1
1 513 40 10 4 93 5701 16624 6 1 140 0.15 22 322 1
1 514 16 6 19 93 5902 16403 6 2 140 0.07 19 170 1
1 514 16 6 19 93 5902 16403 5 2 140 0.09 20 169 1
1 514 16 6 19 93 5902 16403 8 2 140 0.14 22 168 1
1 514 16 6 19 93 5902 16403 6 2 140 0.15 23 167 1
1 514 16 6 19 93 5902 16403 12 2 140 0.28 30 166 1
1 514 16 6 19 93 5902 16403 10 2 140 0.29 29 165 1
1 514 16 6 19 93 5902 16403 14 2 140 0.47 34 164 1
1 514 16 6 19 93 5902 16403 17 2 140 0.45 35 163 1
1 514 16 6 19 93 5902 16403 19 2 140 0.95 41 162 1
1 514 16 6 19 93 5902 16403 16 2 140 0.35 33 161 1
1 514 16 6 19 93 5902 16403 9 1 140 0.1 21 160 1
1 514 16 6 19 93 5902 16403 10 1 140 0.18 25 159 1
1 514 16 6 19 93 5902 16403 10 1 140 0.19 25 158 1
1 514 16 6 19 93 5902 16403 6 1 140 0.04 15 157 1
1 514 16 6 19 93 5902 16403 -9 1 140 0.06 18 156 1
1 514 16 6 19 93 5902 16403 28 1 140 0.41 33 155 1
1 514 16 6 19 93 5902 16403 19 1 140 0.3 32 154 1
1 514 16 6 19 93 5902 16403 10 1 140 0.15 24 153 1
1 514 16 6 19 93 5902 16403 12 1 140 0.21 27 152 1
1 514 16 6 19 93 5902 16403 12 1 140 0.29 30 151 1
1 513 36 9 20 93 5659 16551 18 2 140 0.3 31 60 1
1 513 36 9 20 93 5659 16551 -9 2 140 0.3 30 59 1
1 513 36 9 20 93 5659 16551 10 2 140 0.3 32 58 1
1 513 36 9 20 93 5659 16551 16 2 140 0.3 32 57 1
1 513 36 9 20 93 5659 16551 12 2 140 0.2 29 56 1
1 513 36 9 20 93 5659 16551 12 2 140 0.1 25 55 1
1 513 36 9 20 93 5659 16551 12 2 140 0.3 30 54 1
1 513 36 9 20 93 5659 16551 10 2 140 0.2 26 53 1
1 513 36 9 20 93 5659 16551 13 2 140 0.3 31 52 1
1 513 36 9 20 93 5659 16551 12 2 140 0.2 29 51 1
1 513 36 9 20 93 5659 16551 7 2 140 0.2 26 50 1
1 513 36 9 20 93 5659 16551 12 2 140 0.2 28 49 1
1 513 36 9 20 93 5659 16551 13 1 140 0.2 28 48 1
1 513 36 9 20 93 5659 16551 9 2 140 0.2 27 47 1
1 513 36 9 20 93 5659 16551 12 1 140 0.2 29 46 1
1 513 36 9 20 93 5659 16551 12 2 140 0.2 28 45 1
1 513 36 9 20 93 5659 16551 21 2 140 0.4 36 44 1
1 513 36 9 20 93 5659 16551 12 1 140 0.2 27 43 1
1 513 36 9 20 93 5659 16551 7 2 140 0.2 27 42 1
1 513 36 9 20 93 5659 16551 15 1 140 0.2 30 41 1
1 513 43 10 26 93 5649 16605 10 1 140 0.23 28 60 1
1 513 43 10 26 93 5649 16605 7 1 140 0.17 25 59 1
1 513 43 10 26 93 5649 16605 12 1 140 0.26 28 58 1
1 513 43 10 26 93 5649 16605 12 1 140 0.3 29 57 1
1 513 43 10 26 93 5649 16605 17 1 140 0.31 30 56 1
1 513 43 10 26 93 5649 16605 10 1 140 0.24 29 55 1
1 513 43 10 26 93 5649 16605 23 1 140 0.33 33 54 1
1 513 43 10 26 93 5649 16605 8 1 140 0.15 26 53 1
1 513 43 10 26 93 5649 16605 11 1 140 0.21 27 52 1
1 513 43 10 26 93 5649 16605 12 1 140 0.27 30 51 1
1 513 43 10 26 93 5649 16605 21 2 140 0.41 34 50 1
1 513 43 10 26 93 5649 16605 17 2 140 0.53 37 49 1
1 513 43 10 26 93 5649 16605 13 2 140 0.27 30 48 1
1 513 43 10 26 93 5649 16605 18 2 140 0.33 31 47 1
1 513 43 10 26 93 5649 16605 13 2 140 0.29 31 46 1
1 513 43 10 26 93 5649 16605 9 2 140 0.27 29 45 1
1 513 43 10 26 93 5649 16605 12 2 140 0.35 31 44 1
1 513 43 10 26 93 5649 16605 24 2 140 0.58 39 43 1
1 513 43 10 26 93 5649 16605 16 2 140 0.5 37 42 1
1 513 43 10 26 93 5649 16605 23 2 140 0.65 39 41 1
1 513 37 9 20 93 5705 16559 6 2 140 0.1 23 80 1
1 513 37 9 20 93 5705 16559 9 1 140 0.2 28 79 1
1 513 37 9 20 93 5705 16559 8 1 140 0.2 27 78 1
1 513 37 9 20 93 5705 16559 8 1 140 0.2 29 77 1
1 513 37 9 20 93 5705 16559 12 2 140 0.3 30 76 1
1 513 37 9 20 93 5705 16559 11 2 140 0.2 27 75 1
1 513 37 9 20 93 5705 16559 10 2 140 0.2 28 74 1
1 513 37 9 20 93 5705 16559 7 2 140 0.15 25 73 1
1 513 37 9 20 93 5705 16559 23 1 140 0.3 30 72 1
1 513 37 9 20 93 5705 16559 12 2 140 0.2 29 71 1
1 513 37 9 20 93 5705 16559 10 2 140 0.2 26 70 1
1 513 37 9 20 93 5705 16559 20 2 140 0.5 37 69 1
1 513 37 9 20 93 5705 16559 14 2 140 0.2 29 68 1
1 513 37 9 20 93 5705 16559 7 2 140 0.2 28 67 1
1 513 37 9 20 93 5705 16559 12 2 140 0.3 30 66 1
1 513 37 9 20 93 5705 16559 13 2 140 0.2 29 65 1
1 513 37 9 20 93 5705 16559 12 1 140 0.2 26 64 1
1 513 37 9 20 93 5705 16559 -9 1 140 0.2 29 63 1
1 513 37 9 20 93 5705 16559 10 2 140 0.2 27 62 1
1 513 37 9 20 93 5705 16559 12 2 140 0.3 32 61 1
1 513 38 10 21 93 5657 16534 8 2 140 0.1 22 355 1
1 513 38 10 21 93 5657 16534 20 2 140 0.75 40 354 1
1 513 38 10 21 93 5657 16534 7 2 140 0.1 20 353 1
1 513 38 10 21 93 5657 16534 20 2 140 0.95 41 352 1
1 513 38 10 21 93 5657 16534 19 1 140 0.45 34 351 1
1 513 39 10 2 93 5745 16931 10 1 140 0.35 25 22 1
1 513 39 10 2 93 5745 16931 19 2 140 0.65 35 21 1
1 513 39 10 2 93 5745 16931 10 1 140 0.3 24 20 1
1 513 39 10 2 93 5745 16931 10 1 140 0.4 28 19 1
1 513 39 10 2 93 5745 16931 26 1 140 0.55 34 18 1
1 513 39 10 2 93 5745 16931 14 1 140 0.6 32 17 1
1 513 39 10 2 93 5745 16931 10 1 140 0.3 24 16 1
1 513 39 10 2 93 5745 16931 11 1 140 0.4 28 15 1
1 513 39 10 2 93 5745 16931 10 1 140 0.4 26 14 1
1 513 39 10 2 93 5745 16931 19 2 140 0.9 38 13 1
1 513 39 10 2 93 5745 16931 23 2 140 0.6 36 12 1
1 513 39 10 2 93 5745 16931 14 1 140 0.5 31 11 1
1 513 39 10 2 93 5745 16931 15 2 140 0.65 33 10 1
1 513 39 10 2 93 5745 16931 10 2 140 0.5 30 9 1
1 513 39 10 2 93 5745 16931 12 2 140 0.6 33 8 1
1 513 39 10 2 93 5745 16931 21 2 140 0.8 36 7 1
1 513 39 10 2 93 5745 16931 14 1 140 0.4 31 6 1
1 513 39 10 2 93 5745 16931 16 2 140 0.6 33 5 1
1 513 39 10 2 93 5745 16931 19 2 140 0.6 35 4 1
1 513 39 10 2 93 5745 16931 17 2 140 0.8 36 3 1
1 513 39 10 2 93 5745 16931 19 2 140 0.6 34 2 1
1 513 39 10 2 93 5745 16931 13 1 140 0.5 29 1 1
1 514 40 8 23 93 5818 16938 10 2 140 0.34 31 300 1
1 514 40 8 23 93 5818 16938 24 2 140 0.58 38 299 1
1 514 40 8 23 93 5818 16938 23 2 140 0.44 36 298 1
1 514 40 8 23 93 5818 16938 12 2 140 0.4 34 297 1
1 514 40 8 23 93 5818 16938 21 2 140 0.47 36 296 1
1 514 40 8 23 93 5818 16938 10 1 140 0.18 26 295 1
1 514 40 8 23 93 5818 16938 10 1 140 0.24 27 294 1
1 514 40 8 23 93 5818 16938 21 1 140 0.43 34 293 1
1 514 40 8 23 93 5818 16938 12 1 140 0.2 27 292 1
1 514 40 8 23 93 5818 16938 12 1 140 0.29 29 291 1
1 513 36 9 25 93 5712 16649 9 2 140 0.2 25 280 1
1 513 36 9 25 93 5712 16649 10 2 140 0.2 27 279 1
1 513 36 9 25 93 5712 16649 8 2 140 0.25 27 277 1
1 513 36 9 25 93 5712 16649 7 2 140 0.2 25 276 1
1 513 36 9 25 93 5712 16649 12 2 140 0.5 36 275 1
1 513 36 9 25 93 5712 16649 13 2 140 0.25 29 274 1
1 513 36 9 25 93 5712 16649 10 2 140 0.25 29 273 1
1 513 36 9 25 93 5712 16649 12 2 140 0.35 30 272 1
1 513 36 9 25 93 5712 16649 10 2 140 0.2 26 271 1
1 513 36 9 25 93 5712 16649 14 1 140 0.3 32 270 1
1 513 36 9 25 93 5712 16649 10 1 140 0.2 27 269 1
1 513 36 9 25 93 5712 16649 17 1 140 0.4 32 268 1
1 513 36 9 25 93 5712 16649 16 1 140 0.3 31 267 1
1 513 36 9 25 93 5712 16649 10 1 140 0.35 31 266 1
1 513 36 9 25 93 5712 16649 24 1 140 0.3 31 265 1
1 513 36 9 25 93 5712 16649 15 1 140 0.4 32 264 1
1 513 36 9 25 93 5712 16649 9 1 140 0.25 28 263 1
1 513 36 9 25 93 5712 16649 26 1 140 0.4 34 262 1
1 513 36 9 25 93 5712 16649 13 1 140 0.2 27 261 1
1 513 34 10 1 93 5742 16652 9 1 140 0.15 23 310 1
1 513 34 10 1 93 5742 16652 12 1 140 0.5 34 309 1
1 513 34 10 1 93 5742 16652 10 1 140 0.15 23 308 1
1 513 34 10 1 93 5742 16652 7 1 140 0.15 23 307 1
1 513 34 10 1 93 5742 16652 6 1 140 0.15 22 306 1
1 513 39 10 21 93 5713 16602 6 1 140 0.1 21 356 1
1 513 37 10 25 93 5645 16527 7 2 140 0.1 21 363 1
1 513 42 10 7 93 5646 16528 12 1 140 0.5 29 37 1
1 513 42 10 7 93 5646 16528 10 1 140 0.45 28 36 1
1 513 42 10 7 93 5646 16528 21 2 140 0.7 37 38 1
1 514 39 10 11 93 5811 16927 7 2 140 0.15 23 45 1
1 514 39 10 11 93 5811 16927 12 1 140 0.3 29 44 1
1 514 39 10 11 93 5811 16927 10 2 140 0.25 29 43 1
1 514 39 10 11 93 5811 16927 7 2 140 0.2 25 42 1
1 514 39 10 11 93 5811 16927 12 2 140 0.25 29 41 1
1 514 39 10 11 93 5811 16927 23 2 140 0.6 34 40 1
1 514 39 10 11 93 5811 16927 15 2 140 0.55 32 39 1
1 513 42 10 26 93 5653 16600 23 2 140 0.55 39 56 1
1 513 42 10 26 93 5653 16600 17 1 140 0.3 30 55 1
1 513 42 10 26 93 5653 16600 17 2 140 0.5 36 54 1
1 513 42 10 26 93 5653 16600 19 1 140 0.3 31 53 1
1 513 37 6 23 93 5658 16528 18 2 140 0.47 34 80 1
1 513 37 6 23 93 5658 16528 9 1 140 0.2 26 79 1
1 513 37 6 23 93 5658 16528 13 2 140 0.2 26 78 1
1 513 37 6 23 93 5658 16528 14 2 140 0.35 31 77 1
1 513 37 6 23 93 5658 16528 24 1 140 0.35 32 76 1
1 513 37 6 23 93 5658 16528 17 2 140 0.45 35 75 1
1 513 37 6 23 93 5658 16528 10 2 140 0.4 32 74 1
1 513 37 6 23 93 5658 16528 22 2 140 0.55 35 73 1
1 513 37 6 23 93 5658 16528 21 2 140 0.42 32 72 1
1 513 37 6 23 93 5658 16528 15 2 140 0.5 36 71 1
1 514 38 8 29 93 5840 16956 21 2 140 0.63 37 40 1
1 514 38 8 29 93 5840 16956 9 2 140 0.2 25 39 1
1 514 38 8 29 93 5840 16956 10 2 140 0.2 25 38 1
1 514 38 8 29 93 5840 16956 21 2 140 0.52 35 37 1
1 514 38 8 29 93 5840 16956 9 2 140 0.28 27 36 1
1 514 38 8 29 93 5840 16956 10 2 140 0.2 24 35 1
1 514 38 8 29 93 5840 16956 9 2 140 0.19 25 34 1
1 514 38 8 29 93 5840 16956 22 2 140 0.59 34 33 1
1 514 38 8 29 93 5840 16956 20 2 140 0.5 35 32 1
1 514 38 8 29 93 5840 16956 10 2 140 0.41 30 31 1
1 514 38 8 29 93 5840 16956 -9 1 140 0.27 29 30 1
1 514 38 8 29 93 5840 16956 13 1 140 0.41 32 29 1
1 514 38 8 29 93 5840 16956 12 1 140 0.39 32 28 1
1 514 38 8 29 93 5840 16956 14 1 140 0.4 31 27 1
1 514 38 8 29 93 5840 16956 9 1 140 0.2 24 26 1
1 514 38 8 29 93 5840 16956 7 1 140 0.28 27 25 1
1 514 38 8 29 93 5840 16956 10 1 140 0.25 27 24 1
1 514 38 8 29 93 5840 16956 12 1 140 0.25 27 23 1
1 514 38 8 29 93 5840 16956 15 1 140 0.39 32 22 1
1 514 38 8 29 93 5840 16956 10 1 140 0.35 30 21 1
