1 508 0 5 9 81 5653 15950 11 2 140 0.2 28 39 0
1 508 0 5 9 81 5653 15950 11 2 140 0.18 27 38 0
1 508 0 5 9 81 5653 15950 12 2 140 0.22 28 37 0
1 508 0 5 9 81 5653 15950 11 2 140 0.25 30 35 0
1 508 0 5 9 81 5653 15950 14 2 140 0.3 32 34 0
1 508 0 5 9 81 5653 15950 13 2 140 0.34 32 33 0
1 508 0 5 9 81 5653 15950 14 2 140 0.45 35 31 0
1 508 0 5 9 81 5653 15950 15 1 140 0.33 33 29 0
1 508 0 5 9 81 5653 15950 11 1 140 0.2 28 21 0
1 508 0 5 9 81 5653 15950 8 1 140 0.07 21 24 0
1 508 0 5 9 81 5653 15950 14 1 140 0.3 32 28 0
1 508 0 5 9 81 5653 15950 11 2 140 0.23 29 32 0
1 508 0 5 9 81 5653 15950 13 2 140 0.27 31 36 0
1 508 0 5 9 81 5653 15950 12 2 140 0.27 30 40 0
1 508 0 5 9 81 5653 15950 15 1 140 0.37 33 27 0
1 508 0 5 9 81 5653 15950 12 1 140 0.14 25 26 0
1 508 0 5 9 81 5653 15950 13 1 140 0.16 25 25 0
1 508 0 5 9 81 5653 15950 12 1 140 0.15 26 23 0
1 508 0 5 9 81 5653 15950 13 1 140 0.15 27 22 0
1 512 0 8 12 81 5639 16023 4 1 140 0.06 17 176 0
1 512 0 8 12 81 5639 16023 15 2 140 0.38 34 175 0
1 512 0 8 12 81 5639 16023 14 2 140 0.66 39 174 0
1 512 0 8 12 81 5639 16023 7 2 140 0.15 24 173 0
1 512 0 8 12 81 5639 16023 5 2 140 0.06 17 172 0
1 508 0 5 7 81 5652 15954 13 2 140 0.32 32 20 0
1 508 0 5 7 81 5652 15954 14 2 140 0.25 31 19 0
1 508 0 5 7 81 5652 15954 10 2 140 0.15 25 18 0
1 508 0 5 7 81 5652 15954 13 2 140 0.28 31 17 0
1 508 0 5 7 81 5652 15954 12 2 140 0.45 34 16 0
1 508 0 5 7 81 5652 15954 14 2 140 0.23 28 15 0
1 508 0 5 7 81 5652 15954 13 2 140 0.25 29 14 0
1 508 0 5 7 81 5652 15954 11 2 140 0.2 28 13 0
1 508 0 5 7 81 5652 15954 12 2 140 0.3 32 12 0
1 508 0 5 7 81 5652 15954 14 2 140 0.34 31 11 0
1 508 0 5 7 81 5652 15954 12 1 140 0.17 27 10 0
1 508 0 5 7 81 5652 15954 13 1 140 0.2 29 9 0
1 508 0 5 7 81 5652 15954 12 1 140 0.17 29 8 0
1 508 0 5 7 81 5652 15954 11 1 140 0.2 27 7 0
1 508 0 5 7 81 5652 15954 14 1 140 0.22 29 6 0
1 508 0 5 7 81 5652 15954 13 1 140 0.28 30 5 0
1 508 0 5 7 81 5652 15954 13 1 140 0.25 30 4 0
1 508 0 5 7 81 5652 15954 12 1 140 0.28 31 3 0
1 508 0 5 7 81 5652 15954 13 1 140 0.23 27 2 0
1 508 0 5 7 81 5652 15954 11 1 140 0.15 26 1 0
1 508 0 5 10 81 5746 15927 15 2 140 0.47 35 60 0
1 508 0 5 10 81 5746 15927 12 2 140 0.24 29 59 0
1 508 0 5 10 81 5746 15927 12 2 140 0.36 33 58 0
1 508 0 5 10 81 5746 15927 10 2 140 0.13 24 57 0
1 508 0 5 10 81 5746 15927 7 2 140 0.1 22 56 0
1 508 0 5 10 81 5746 15927 13 1 140 0.29 31 43 0
1 508 0 5 10 81 5746 15927 14 2 140 0.32 30 55 0
1 508 0 5 10 81 5746 15927 15 2 140 0.52 35 54 0
1 508 0 5 10 81 5746 15927 11 2 140 0.23 27 53 0
1 508 0 5 10 81 5746 15927 13 2 140 0.27 30 52 0
1 508 0 5 10 81 5746 15927 18 2 140 0.3 33 51 0
1 508 0 5 10 81 5746 15927 11 1 140 0.17 26 50 0
1 508 0 5 10 81 5746 15927 11 1 140 0.15 24 49 0
1 508 0 5 10 81 5746 15927 12 1 140 0.18 26 48 0
1 508 0 5 10 81 5746 15927 11 1 140 0.13 25 47 0
1 508 0 5 10 81 5746 15927 9 1 140 0.13 23 46 0
1 508 0 5 10 81 5746 15927 8 1 140 0.11 22 45 0
1 508 0 5 10 81 5746 15927 13 1 140 0.26 30 44 0
1 508 0 5 10 81 5746 15927 11 1 140 0.17 25 41 0
1 508 0 5 12 81 5743 15934 16 2 140 0.4 34 80 0
1 508 0 5 12 81 5743 15934 8 2 140 0.17 26 79 0
1 508 0 5 12 81 5743 15934 10 2 140 0.16 25 78 0
1 508 0 5 12 81 5743 15934 14 2 140 0.26 29 76 0
1 508 0 5 12 81 5743 15934 9 2 140 0.18 27 75 0
1 508 0 5 12 81 5743 15934 11 2 140 0.26 30 73 0
1 508 0 5 12 81 5743 15934 15 1 140 0.3 31 66 0
1 508 0 5 12 81 5743 15934 13 1 140 0.31 32 70 0
1 508 0 5 12 81 5743 15934 13 2 140 0.36 32 74 0
1 508 0 5 12 81 5743 15934 8 2 140 0.1 22 77 0
1 508 0 5 12 81 5743 15934 12 2 140 0.42 34 72 0
1 508 0 5 12 81 5743 15934 12 2 140 0.23 28 71 0
1 508 0 5 12 81 5743 15934 15 1 140 0.46 34 69 0
1 508 0 5 12 81 5743 15934 10 1 140 0.1 22 68 0
1 508 0 5 12 81 5743 15934 12 1 140 0.27 28 67 0
1 508 0 5 12 81 5743 15934 9 1 140 0.13 24 65 0
1 508 0 5 12 81 5743 15934 12 1 140 0.14 24 64 0
1 508 0 5 12 81 5743 15934 11 1 140 0.2 27 63 0
1 508 0 5 12 81 5743 15934 12 1 140 0.23 29 62 0
1 508 0 5 12 81 5743 15934 13 1 140 0.17 26 61 0
1 508 0 5 13 81 5741 15955 17 2 140 0.39 33 100 0
1 508 0 5 13 81 5741 15955 14 2 140 0.18 26 99 0
1 508 0 5 13 81 5741 15955 11 2 140 0.15 25 98 0
1 508 0 5 13 81 5741 15955 12 2 140 0.14 24 97 0
1 508 0 5 13 81 5741 15955 8 2 140 0.15 24 96 0
1 508 0 5 13 81 5741 15955 13 2 140 0.2 27 95 0
1 508 0 5 13 81 5741 15955 14 2 140 0.38 33 94 0
1 508 0 5 13 81 5741 15955 11 2 140 0.23 29 93 0
1 508 0 5 13 81 5741 15955 12 2 140 0.21 27 92 0
1 508 0 5 13 81 5741 15955 13 1 140 0.17 24 81 0
1 508 0 5 13 81 5741 15955 12 2 140 0.16 25 91 0
1 508 0 5 13 81 5741 15955 14 1 140 0.25 28 90 0
1 508 0 5 13 81 5741 15955 12 1 140 0.11 23 89 0
1 508 0 5 13 81 5741 15955 8 1 140 0.08 21 88 0
1 508 0 5 13 81 5741 15955 11 1 140 0.13 23 87 0
1 508 0 5 13 81 5741 15955 12 1 140 0.24 28 86 0
1 508 0 5 13 81 5741 15955 11 1 140 0.13 23 84 0
1 508 0 5 13 81 5741 15955 15 1 140 0.3 33 83 0
1 508 0 5 13 81 5741 15955 12 1 140 0.25 30 85 0
1 508 0 5 13 81 5741 15955 11 1 140 0.18 25 82 0
1 508 0 5 14 81 5739 15919 8 2 140 0.09 22 120 0
1 508 0 5 14 81 5739 15919 7 2 140 0.08 19 119 0
1 508 0 5 14 81 5739 15919 7 2 140 0.07 20 118 0
1 508 0 5 14 81 5739 15919 8 2 140 0.07 21 116 0
1 508 0 5 14 81 5739 15919 12 2 140 0.16 25 115 0
1 508 0 5 14 81 5739 15919 13 2 140 0.29 31 114 0
1 508 0 5 14 81 5739 15919 7 2 140 0.11 22 112 0
1 508 0 5 14 81 5739 15919 11 2 140 0.17 26 111 0
1 508 0 5 14 81 5739 15919 7 1 140 0.08 20 110 0
1 508 0 5 14 81 5739 15919 8 1 140 0.07 20 108 0
1 508 0 5 14 81 5739 15919 13 1 140 0.22 28 105 0
1 508 0 5 14 81 5739 15919 7 1 140 0.09 21 109 0
1 508 0 5 14 81 5739 15919 10 2 140 0.11 23 117 0
1 508 0 5 14 81 5739 15919 15 1 140 0.33 31 107 0
1 508 0 5 14 81 5739 15919 11 1 140 0.12 22 106 0
1 508 0 5 14 81 5739 15919 8 1 140 0.1 22 102 0
1 508 0 5 14 81 5739 15919 11 1 140 0.11 22 101 0
1 508 0 5 15 81 5740 15959 10 2 140 0.12 23 140 0
1 508 0 5 15 81 5740 15959 7 2 140 0.07 20 139 0
1 508 0 5 15 81 5740 15959 7 2 140 0.08 21 138 0
1 508 0 5 15 81 5740 15959 7 2 140 0.06 19 137 0
1 508 0 5 15 81 5740 15959 8 2 140 0.12 22 136 0
1 508 0 5 15 81 5740 15959 7 2 140 0.12 21 135 0
1 508 0 5 15 81 5740 15959 6 1 140 0.06 20 125 0
1 508 0 5 15 81 5740 15959 9 2 140 0.13 24 134 0
1 508 0 5 15 81 5740 15959 11 2 140 0.18 26 133 0
1 508 0 5 15 81 5740 15959 12 2 140 0.39 33 132 0
1 508 0 5 15 81 5740 15959 12 2 140 0.14 26 131 0
1 508 0 5 15 81 5740 15959 7 1 140 0.07 19 130 0
1 508 0 5 15 81 5740 15959 7 1 140 0.07 18 129 0
1 508 0 5 15 81 5740 15959 15 1 140 0.25 31 128 0
1 508 0 5 15 81 5740 15959 7 1 140 0.1 21 121 0
1 508 0 5 15 81 5740 15959 7 1 140 0.1 20 127 0
1 508 0 5 15 81 5740 15959 7 1 140 0.09 20 126 0
1 508 0 5 15 81 5740 15959 8 1 140 0.1 21 124 0
1 508 0 5 15 81 5740 15959 7 1 140 0.07 19 123 0
1 508 0 5 15 81 5740 15959 8 1 140 0.07 19 122 0
1 512 0 5 16 81 5741 16016 4 2 140 0.06 16 158 0
1 512 0 5 16 81 5741 16016 6 2 140 0.06 18 157 0
1 512 0 5 16 81 5741 16016 8 2 140 0.15 23 155 0
1 512 0 5 16 81 5741 16016 10 2 140 0.13 23 154 0
1 512 0 5 16 81 5741 16016 14 2 140 0.4 34 153 0
1 512 0 5 16 81 5741 16016 16 2 140 0.56 35 151 0
1 512 0 5 16 81 5741 16016 7 2 140 0.12 21 150 0
1 512 0 5 16 81 5741 16016 18 2 140 0.58 35 149 0
1 512 0 5 16 81 5741 16016 8 2 140 0.1 21 147 0
1 512 0 5 16 81 5741 16016 4 1 140 0.03 15 146 0
1 512 0 5 16 81 5741 16016 6 1 140 0.06 18 145 0
1 512 0 5 16 81 5741 16016 7 1 140 0.06 19 143 0
1 512 0 5 16 81 5741 16016 6 1 140 0.07 19 144 0
1 512 0 5 16 81 5741 16016 15 2 140 0.42 34 148 0
1 512 0 5 16 81 5741 16016 8 2 140 0.12 23 152 0
1 512 0 5 16 81 5741 16016 8 2 140 0.18 19 156 0
1 512 0 5 16 81 5741 16016 15 1 140 0.36 32 142 0
1 512 0 5 16 81 5741 16016 12 1 140 0.3 33 141 0
1 508 0 5 17 81 5741 15944 4 2 140 -9 12 169 0
1 508 0 5 17 81 5741 15944 7 2 140 0.06 19 168 0
1 508 0 5 17 81 5741 15944 7 2 140 0.08 20 167 0
1 508 0 5 17 81 5741 15944 6 2 140 0.05 16 166 0
1 508 0 5 17 81 5741 15944 8 2 140 0.07 20 165 0
1 508 0 5 17 81 5741 15944 6 2 140 0.06 19 163 0
1 508 0 5 17 81 5741 15944 16 1 140 0.34 32 160 0
1 508 0 5 17 81 5741 15944 7 2 140 0.07 20 164 0
1 508 0 5 17 81 5741 15944 7 1 140 0.06 18 161 0
1 508 0 5 17 81 5741 15944 14 1 140 0.32 32 159 0
1 508 0 5 20 81 5749 15821 4 2 140 0.03 14 179 0
1 508 0 5 20 81 5749 15821 4 2 140 0.05 15 178 0
1 508 0 5 20 81 5749 15821 4 2 140 0.06 18 177 0
1 508 0 5 20 81 5749 15821 4 2 140 0.06 17 176 0
1 508 0 5 20 81 5749 15821 8 2 140 0.07 18 175 0
1 508 0 5 20 81 5749 15821 4 1 140 0.03 15 174 0
1 508 0 5 20 81 5749 15821 4 1 140 0.06 16 173 0
1 508 0 5 20 81 5749 15821 4 1 140 0.03 15 172 0
1 508 0 5 20 81 5749 15821 4 1 140 0.04 16 170 0
1 508 0 5 21 81 5724 15831 4 2 140 0.04 16 182 0
1 508 0 5 21 81 5724 15831 4 2 140 0.03 16 181 0
1 508 0 5 21 81 5724 15831 20 2 140 0.57 37 180 0
1 508 0 5 22 81 5752 15811 4 2 140 0.03 15 188 0
1 508 0 5 22 81 5752 15811 5 2 140 0.05 18 187 0
1 508 0 5 22 81 5752 15811 4 2 140 0.05 18 186 0
1 508 0 5 22 81 5752 15811 4 1 140 0.03 15 185 0
1 508 0 5 22 81 5752 15811 6 1 140 0.06 18 184 0
1 508 0 5 22 81 5752 15811 4 1 140 0.05 17 183 0
1 508 0 5 23 81 5735 15832 5 2 140 0.04 18 192 0
1 508 0 5 23 81 5735 15832 14 2 140 0.55 36 190 0
1 508 0 5 23 81 5735 15832 13 2 140 0.56 36 191 0
1 508 0 5 23 81 5735 15832 4 1 140 0.03 16 189 0
1 508 0 5 24 81 5750 15814 4 2 140 0.05 17 195 0
1 508 0 5 24 81 5750 15814 4 2 140 0.04 16 194 0
1 508 0 5 24 81 5750 15814 17 2 140 0.46 36 193 0
1 508 0 5 25 81 5738 15823 4 2 140 0.03 14 200 0
1 508 0 5 25 81 5738 15823 6 2 140 0.05 17 199 0
1 508 0 5 25 81 5738 15823 4 1 140 0.05 16 197 0
1 508 0 5 25 81 5738 15823 15 2 140 0.46 36 198 0
1 508 0 5 25 81 5738 15823 4 1 140 0.05 16 196 0
1 512 0 7 24 81 5646 16042 12 1 140 0.16 26 30 0
1 512 0 7 24 81 5646 16042 12 1 140 0.15 29 29 0
1 512 0 7 24 81 5646 16042 12 1 140 0.09 21 28 0
1 512 0 7 24 81 5646 16042 8 1 140 0.09 21 26 0
1 512 0 7 24 81 5646 16042 14 1 140 0.28 32 25 0
1 512 0 7 24 81 5646 16042 12 1 140 0.14 25 24 0
1 512 0 7 24 81 5646 16042 14 1 140 0.21 29 22 0
1 512 0 7 24 81 5646 16042 12 1 140 0.17 25 21 0
1 512 0 7 24 81 5646 16042 12 1 140 0.2 26 19 0
1 512 0 7 24 81 5646 16042 12 1 140 0.34 31 18 0
1 512 0 7 24 81 5646 16042 9 1 140 0.16 25 17 0
1 512 0 7 24 81 5646 16042 11 1 140 0.16 25 23 0
1 512 0 7 24 81 5646 16042 7 1 140 0.1 22 27 0
1 512 0 7 24 81 5646 16042 11 1 140 0.21 27 16 0
1 512 0 7 24 81 5646 16042 11 1 140 0.25 28 15 0
1 512 0 7 24 81 5646 16042 7 2 140 0.12 23 14 0
1 512 0 7 24 81 5646 16042 7 2 140 0.26 29 13 0
1 512 0 7 24 81 5646 16042 8 2 140 0.19 26 12 0
1 512 0 7 24 81 5646 16042 9 2 140 0.2 27 11 0
1 512 0 7 24 81 5646 16042 13 2 140 0.42 31 10 0
1 512 0 7 24 81 5646 16042 11 2 140 0.27 28 3 0
1 512 0 7 24 81 5646 16042 13 2 140 0.21 27 9 0
1 512 0 7 24 81 5646 16042 7 2 140 0.1 22 8 0
1 512 0 7 24 81 5646 16042 11 2 140 0.21 28 7 0
1 512 0 7 24 81 5646 16042 11 2 140 0.28 29 6 0
1 512 0 7 24 81 5646 16042 13 2 140 0.3 33 5 0
1 512 0 7 24 81 5646 16042 13 2 140 0.21 29 4 0
1 512 0 7 24 81 5646 16042 12 2 140 0.3 32 2 0
1 512 0 7 24 81 5646 16042 9 2 140 0.15 24 1 0
1 512 0 7 25 81 5643 16034 12 1 140 0.2 26 52 0
1 512 0 7 25 81 5643 16034 7 1 140 0.1 23 51 0
1 512 0 7 25 81 5643 16034 7 1 140 0.06 20 50 0
1 512 0 7 25 81 5643 16034 7 1 140 0.08 20 49 0
1 512 0 7 25 81 5643 16034 12 1 140 0.14 24 48 0
1 512 0 7 25 81 5643 16034 11 1 140 0.18 26 47 0
1 512 0 7 25 81 5643 16034 5 2 140 0.07 19 31 0
1 512 0 7 25 81 5643 16034 10 2 140 0.19 26 35 0
1 512 0 7 25 81 5643 16034 14 2 140 0.35 32 39 0
1 512 0 7 25 81 5643 16034 9 1 140 0.22 28 42 0
1 512 0 7 25 81 5643 16034 11 1 140 0.24 29 46 0
1 512 0 7 25 81 5643 16034 6 1 140 0.07 19 45 0
1 512 0 7 25 81 5643 16034 10 1 140 0.12 22 44 0
1 512 0 7 25 81 5643 16034 7 1 140 0.06 19 43 0
1 512 0 7 25 81 5643 16034 4 1 140 0.04 17 41 0
1 512 0 7 25 81 5643 16034 12 2 140 0.28 30 40 0
1 512 0 7 25 81 5643 16034 7 2 140 0.08 20 38 0
1 512 0 7 25 81 5643 16034 12 2 140 0.23 28 37 0
1 512 0 7 25 81 5643 16034 7 2 140 0.11 21 36 0
1 512 0 7 25 81 5643 16034 5 2 140 0.1 21 34 0
1 512 0 7 25 81 5643 16034 8 2 140 0.13 23 33 0
1 512 0 7 25 81 5643 16034 11 2 140 0.24 28 32 0
1 512 0 7 25 81 5643 16034 11 1 140 0.15 24 60 0
1 512 0 7 25 81 5643 16034 13 1 140 0.18 27 59 0
1 512 0 7 25 81 5643 16034 7 1 140 0.08 21 58 0
1 512 0 7 25 81 5643 16034 12 1 140 0.2 27 57 0
1 512 0 7 25 81 5643 16034 12 1 140 0.32 31 56 0
1 512 0 7 25 81 5643 16034 11 1 140 0.16 26 55 0
1 512 0 7 25 81 5643 16034 8 1 140 0.1 22 54 0
1 512 0 7 25 81 5643 16034 11 1 140 0.25 30 53 0
1 512 0 7 26 81 5634 16042 12 2 140 0.42 33 90 0
1 512 0 7 26 81 5634 16042 10 2 140 0.26 29 89 0
1 512 0 7 26 81 5634 16042 12 2 140 0.37 33 88 0
1 512 0 7 26 81 5634 16042 11 2 140 0.31 32 87 0
1 512 0 7 26 81 5634 16042 8 2 140 0.08 20 86 0
1 512 0 7 26 81 5634 16042 7 2 140 0.1 21 84 0
1 512 0 7 26 81 5634 16042 12 2 140 0.35 31 83 0
1 512 0 7 26 81 5634 16042 4 2 140 0.06 18 82 0
1 512 0 7 26 81 5634 16042 13 1 140 0.28 31 68 0
1 512 0 7 26 81 5634 16042 9 1 140 0.12 22 72 0
1 512 0 7 26 81 5634 16042 7 2 140 0.24 27 76 0
1 512 0 7 26 81 5634 16042 8 2 140 0.08 20 77 0
1 512 0 7 26 81 5634 16042 7 2 140 0.08 19 81 0
1 512 0 7 26 81 5634 16042 11 2 140 0.27 29 85 0
1 512 0 7 26 81 5634 16042 7 2 140 0.08 20 79 0
1 512 0 7 26 81 5634 16042 5 2 140 0.09 20 78 0
1 512 0 7 26 81 5634 16042 8 1 140 0.08 20 75 0
1 512 0 7 26 81 5634 16042 7 1 140 0.1 21 74 0
1 512 0 7 26 81 5634 16042 13 1 140 0.28 29 73 0
1 512 0 7 26 81 5634 16042 4 1 140 0.08 19 71 0
1 512 0 7 26 81 5634 16042 9 1 140 0.12 23 70 0
1 512 0 7 26 81 5634 16042 11 1 140 0.25 24 69 0
1 512 0 7 26 81 5634 16042 11 1 140 0.24 28 67 0
1 512 0 7 26 81 5634 16042 10 1 140 0.21 28 66 0
1 512 0 7 26 81 5634 16042 14 1 140 0.28 29 65 0
1 512 0 7 26 81 5634 16042 12 1 140 0.2 28 64 0
1 512 0 7 26 81 5634 16042 12 1 140 0.13 23 63 0
1 512 0 7 26 81 5634 16042 7 1 140 0.12 22 62 0
1 512 0 7 26 81 5634 16042 10 1 140 0.2 27 61 0
1 512 0 7 27 81 5642 16037 9 1 140 0.15 21 119 0
1 512 0 7 27 81 5642 16037 11 1 140 0.19 27 118 0
1 512 0 7 27 81 5642 16037 12 1 140 0.16 24 117 0
1 512 0 7 27 81 5642 16037 8 1 140 0.16 25 114 0
1 512 0 7 27 81 5642 16037 13 1 140 0.26 30 111 0
1 512 0 7 27 81 5642 16037 11 1 140 0.36 33 109 0
1 512 0 7 27 81 5642 16037 8 1 140 0.08 20 107 0
1 512 0 7 27 81 5642 16037 5 2 140 0.07 19 106 0
1 512 0 7 27 81 5642 16037 9 2 140 0.17 26 105 0
1 512 0 7 27 81 5642 16037 16 1 140 0.39 32 112 0
1 512 0 7 27 81 5642 16037 12 1 140 0.28 30 116 0
1 512 0 7 27 81 5642 16037 9 1 140 0.28 31 120 0
1 512 0 7 27 81 5642 16037 7 2 140 0.09 21 104 0
1 512 0 7 27 81 5642 16037 8 2 140 0.12 23 103 0
1 512 0 7 27 81 5642 16037 12 2 140 0.38 33 102 0
1 512 0 7 27 81 5642 16037 13 2 140 0.42 34 101 0
1 512 0 7 27 81 5642 16037 12 2 140 0.23 28 100 0
1 512 0 7 27 81 5642 16037 13 2 140 0.31 31 99 0
1 512 0 7 27 81 5642 16037 12 2 140 0.35 32 98 0
1 512 0 7 27 81 5642 16037 14 1 140 0.35 33 108 0
1 512 0 7 27 81 5642 16037 14 2 140 0.33 30 97 0
1 512 0 7 27 81 5642 16037 7 2 140 0.12 23 96 0
1 512 0 7 27 81 5642 16037 5 2 140 0.08 19 95 0
1 512 0 7 27 81 5642 16037 7 2 140 0.12 23 94 0
1 512 0 7 27 81 5642 16037 9 2 140 0.21 26 93 0
1 512 0 7 27 81 5642 16037 12 2 140 0.37 33 92 0
1 512 0 7 27 81 5642 16037 13 2 140 0.5 34 91 0
1 512 0 7 28 81 5639 16039 4 2 140 0.05 18 150 0
1 512 0 7 28 81 5639 16039 10 2 140 0.28 30 149 0
1 512 0 7 28 81 5639 16039 14 1 140 0.32 32 124 0
1 512 0 7 28 81 5639 16039 7 1 140 0.08 19 128 0
1 512 0 7 28 81 5639 16039 8 2 140 0.06 19 148 0
1 512 0 7 28 81 5639 16039 11 2 140 0.2 27 147 0
1 512 0 7 28 81 5639 16039 13 2 140 0.5 36 146 0
1 512 0 7 28 81 5639 16039 6 2 140 0.06 18 145 0
1 512 0 7 28 81 5639 16039 5 2 140 0.06 18 144 0
1 512 0 7 28 81 5639 16039 12 2 140 0.28 30 143 0
1 512 0 7 28 81 5639 16039 7 2 140 0.16 25 142 0
1 512 0 7 28 81 5639 16039 14 2 140 0.22 26 141 0
1 512 0 7 28 81 5639 16039 5 2 140 0.07 18 140 0
1 512 0 7 28 81 5639 16039 10 2 140 0.38 32 139 0
1 512 0 7 28 81 5639 16039 6 2 140 0.06 17 138 0
1 512 0 7 28 81 5639 16039 8 2 140 0.1 22 137 0
1 512 0 7 28 81 5639 16039 6 2 140 0.13 22 136 0
1 512 0 7 28 81 5639 16039 9 2 140 0.18 25 135 0
1 512 0 7 28 81 5639 16039 11 2 140 0.17 25 134 0
1 512 0 7 28 81 5639 16039 11 2 140 0.24 27 133 0
1 512 0 7 28 81 5639 16039 13 2 140 0.31 31 132 0
1 512 0 7 28 81 5639 16039 5 2 140 0.06 17 131 0
1 512 0 7 28 81 5639 16039 8 2 140 0.11 21 130 0
1 512 0 7 28 81 5639 16039 4 1 140 0.07 18 129 0
1 512 0 7 28 81 5639 16039 13 1 140 0.26 30 126 0
1 512 0 7 28 81 5639 16039 7 1 140 0.08 19 125 0
1 512 0 7 28 81 5639 16039 11 1 140 0.26 30 123 0
1 512 0 7 28 81 5639 16039 10 1 140 0.15 23 122 0
1 512 0 7 28 81 5639 16039 9 1 140 0.07 20 121 0
1 512 0 7 29 81 5639 16040 7 1 140 0.15 25 161 0
1 512 0 7 29 81 5639 16040 4 1 140 0.08 18 160 0
1 512 0 7 29 81 5639 16040 7 1 140 0.07 18 158 0
1 512 0 7 29 81 5639 16040 12 2 140 0.36 31 151 0
1 512 0 7 29 81 5639 16040 10 2 140 0.15 24 155 0
1 512 0 7 29 81 5639 16040 13 1 140 0.38 32 159 0
1 512 0 7 29 81 5639 16040 8 2 140 0.15 24 157 0
1 512 0 7 29 81 5639 16040 7 2 140 0.07 17 156 0
1 512 0 7 29 81 5639 16040 7 2 140 0.12 22 154 0
1 512 0 7 29 81 5639 16040 8 2 140 0.1 22 153 0
1 512 0 7 29 81 5639 16040 7 2 140 0.16 25 152 0
1 512 0 8 2 81 5639 16036 4 1 140 0.05 16 166 0
1 512 0 8 2 81 5639 16036 4 1 140 0.06 17 165 0
1 512 0 8 2 81 5639 16036 4 1 140 0.08 18 163 0
1 512 0 8 2 81 5639 16036 4 1 140 0.07 18 164 0
1 512 0 8 2 81 5639 16036 16 1 140 0.34 33 162 0
1 512 0 8 9 81 5645 16021 7 2 140 0.12 24 171 0
1 512 0 8 9 81 5645 16021 4 1 140 0.05 17 170 0
1 512 0 8 9 81 5645 16021 4 2 140 0.05 17 169 0
1 512 0 8 9 81 5645 16021 15 2 140 0.47 34 167 0
1 512 0 8 9 81 5645 16021 12 2 140 0.37 35 168 0
1 508 0 5 31 81 5752 15931 15 2 140 0.44 34 299 0
1 508 0 5 31 81 5752 15931 13 2 140 0.34 33 298 0
1 508 0 5 31 81 5752 15931 12 2 140 0.35 31 297 0
1 508 0 5 31 81 5752 15931 14 2 140 0.3 31 295 0
1 508 0 5 31 81 5752 15931 9 2 140 0.1 22 294 0
1 508 0 5 31 81 5752 15931 12 2 140 0.2 28 293 0
1 508 0 5 31 81 5752 15931 11 2 140 0.27 30 292 0
1 508 0 5 31 81 5752 15931 12 2 140 0.32 31 291 0
1 508 0 5 31 81 5752 15931 12 1 140 0.21 27 290 0
1 508 0 5 31 81 5752 15931 13 1 140 0.16 27 289 0
1 508 0 5 31 81 5752 15931 9 1 140 0.13 24 288 0
1 508 0 5 31 81 5752 15931 13 1 140 0.15 25 287 0
1 508 0 5 31 81 5752 15931 15 1 140 0.27 30 286 0
1 508 0 5 31 81 5752 15931 11 1 140 0.15 26 285 0
1 508 0 5 31 81 5752 15931 10 1 140 0.16 27 284 0
1 508 0 5 31 81 5752 15931 7 1 140 0.1 22 272 0
1 508 0 5 31 81 5752 15931 14 2 140 0.5 37 276 0
1 508 0 5 31 81 5752 15931 12 2 140 0.2 29 296 0
1 508 0 5 31 81 5752 15931 11 2 140 0.15 25 300 0
1 508 0 5 31 81 5752 15931 16 1 140 0.26 30 282 0
1 508 0 5 31 81 5752 15931 10 1 140 0.2 27 281 0
1 508 0 5 31 81 5752 15931 12 2 140 0.38 33 280 0
1 508 0 5 31 81 5752 15931 12 2 140 0.26 30 278 0
1 508 0 5 31 81 5752 15931 12 2 140 0.21 28 277 0
1 508 0 5 31 81 5752 15931 11 1 140 0.16 26 275 0
1 508 0 5 31 81 5752 15931 11 1 140 0.21 28 274 0
1 508 0 5 31 81 5752 15931 11 1 140 0.13 23 273 0
1 508 0 5 31 81 5752 15931 13 1 140 0.2 26 271 0
1 508 0 6 1 81 5744 15942 13 1 140 0.25 30 264 0
1 508 0 6 1 81 5744 15942 16 2 140 0.35 31 268 0
1 508 0 6 1 81 5744 15942 12 2 140 0.22 28 269 0
1 508 0 6 1 81 5744 15942 11 2 140 0.25 29 267 0
1 508 0 6 1 81 5744 15942 12 2 140 0.25 28 266 0
1 508 0 6 1 81 5744 15942 14 1 140 0.3 31 265 0
1 508 0 6 1 81 5744 15942 9 1 140 0.13 24 263 0
1 508 0 6 1 81 5744 15942 12 1 140 0.15 24 262 0
1 508 0 6 1 81 5744 15942 9 1 140 0.11 24 261 0
1 508 0 6 1 81 5744 15942 9 2 140 0.25 28 270 0
1 508 0 6 2 81 5740 15831 8 2 140 0.15 25 260 0
1 508 0 6 2 81 5740 15831 13 2 140 0.29 30 259 0
1 508 0 6 2 81 5740 15831 13 2 140 0.32 31 258 0
1 508 0 6 2 81 5740 15831 12 2 140 0.26 30 257 0
1 508 0 6 2 81 5740 15831 10 2 140 0.18 26 256 0
1 508 0 6 2 81 5740 15831 12 1 140 0.15 25 255 0
1 508 0 6 2 81 5740 15831 7 1 140 0.11 21 254 0
1 508 0 6 2 81 5740 15831 11 1 140 0.18 26 253 0
1 508 0 6 2 81 5740 15831 8 1 140 0.17 23 252 0
1 508 0 6 2 81 5740 15831 11 1 140 0.18 26 251 0
1 508 0 6 2 81 5740 15831 13 2 140 0.26 30 250 0
1 508 0 6 2 81 5740 15831 6 1 140 0.12 22 241 0
1 508 0 6 2 81 5740 15831 14 1 140 0.28 29 245 0
1 508 0 6 2 81 5740 15831 12 2 140 0.23 29 247 0
1 508 0 6 2 81 5740 15831 10 2 140 0.2 26 246 0
1 508 0 6 2 81 5740 15831 12 1 140 0.23 28 244 0
1 508 0 6 2 81 5740 15831 12 1 140 0.18 25 243 0
1 508 0 6 2 81 5740 15831 10 1 140 0.2 27 242 0
1 508 0 6 3 81 5706 15901 13 2 140 0.21 27 240 0
1 508 0 6 3 81 5706 15901 8 2 140 0.13 23 239 0
1 508 0 6 3 81 5706 15901 5 2 140 0.1 21 238 0
1 508 0 6 3 81 5706 15901 14 2 140 0.39 34 237 0
1 508 0 6 3 81 5706 15901 11 1 140 0.2 28 235 0
1 508 0 6 3 81 5706 15901 11 1 140 0.15 25 233 0
1 508 0 6 3 81 5706 15901 14 1 140 0.22 29 231 0
1 508 0 6 3 81 5706 15901 14 2 140 0.21 27 230 0
1 508 0 6 3 81 5706 15901 10 2 140 0.22 27 229 0
1 508 0 6 3 81 5706 15901 13 2 140 0.37 32 227 0
1 508 0 6 3 81 5706 15901 7 2 140 0.08 19 226 0
1 508 0 6 3 81 5706 15901 15 1 140 0.26 30 225 0
1 508 0 6 3 81 5706 15901 8 2 140 0.07 21 217 0
1 508 0 6 3 81 5706 15901 7 1 140 0.1 21 221 0
1 508 0 6 3 81 5706 15901 11 1 140 0.15 25 224 0
1 508 0 6 3 81 5706 15901 12 2 140 0.4 33 228 0
1 508 0 6 3 81 5706 15901 14 1 140 0.23 28 232 0
1 508 0 6 3 81 5706 15901 13 2 140 0.47 34 236 0
1 508 0 6 3 81 5706 15901 5 1 140 0.07 21 223 0
1 508 0 6 3 81 5706 15901 5 1 140 0.06 19 222 0
1 508 0 6 3 81 5706 15901 10 2 140 0.11 23 220 0
1 508 0 6 3 81 5706 15901 7 2 140 0.11 22 219 0
1 508 0 6 3 81 5706 15901 5 2 140 0.07 19 218 0
1 508 0 6 3 81 5706 15901 7 2 140 0.11 23 216 0
1 508 0 6 3 81 5706 15901 12 1 140 0.11 23 215 0
1 508 0 6 3 81 5706 15901 11 1 140 0.11 23 214 0
1 508 0 6 3 81 5706 15901 8 1 140 0.13 24 213 0
1 508 0 6 3 81 5706 15901 8 1 140 0.1 22 212 0
1 508 0 6 3 81 5706 15901 8 1 140 0.1 23 211 0
1 508 0 6 4 81 5712 15847 12 2 140 0.25 27 210 0
1 508 0 6 4 81 5712 15847 13 2 140 0.21 27 208 0
1 508 0 6 4 81 5712 15847 13 2 140 0.45 34 207 0
1 508 0 6 4 81 5712 15847 10 2 140 0.15 26 206 0
1 508 0 6 4 81 5712 15847 8 1 140 0.08 20 204 0
1 508 0 6 4 81 5712 15847 17 1 140 0.32 31 203 0
1 508 0 6 4 81 5712 15847 7 1 140 0.1 21 202 0
1 508 0 6 4 81 5712 15847 12 2 140 0.35 32 200 0
1 508 0 6 4 81 5712 15847 11 2 140 0.15 24 199 0
1 508 0 6 4 81 5712 15847 8 1 140 0.09 20 201 0
1 508 0 6 4 81 5712 15847 12 2 140 0.36 33 209 0
1 508 0 6 4 81 5712 15847 4 2 140 0.03 16 197 0
1 508 0 6 4 81 5712 15847 8 2 140 0.11 22 196 0
1 508 0 6 4 81 5712 15847 5 1 140 0.03 17 195 0
1 508 0 6 4 81 5712 15847 13 1 140 0.27 28 194 0
1 508 0 6 4 81 5712 15847 4 1 140 -9 14 193 0
1 508 0 6 4 81 5712 15847 4 1 140 0.03 16 192 0
1 508 0 6 4 81 5712 15847 15 1 140 0.33 31 191 0
1 508 0 6 4 81 5712 15847 4 1 140 0.03 16 190 0
1 508 0 6 4 81 5712 15847 6 1 140 0.1 21 189 0
1 508 0 6 4 81 5712 15847 13 1 140 0.23 29 188 0
1 508 0 6 4 81 5712 15847 14 1 140 0.25 29 187 0
1 508 0 6 4 81 5712 15847 14 1 140 0.26 29 186 0
1 508 0 6 4 81 5712 15847 8 2 140 0.13 24 185 0
1 508 0 6 4 81 5712 15847 9 2 140 0.17 26 184 0
1 508 0 6 4 81 5712 15847 12 2 140 0.17 25 183 0
1 508 0 6 4 81 5712 15847 7 2 140 0.1 23 182 0
1 508 0 6 4 81 5712 15847 14 2 140 0.38 32 181 0
1 508 0 6 5 81 5724 15846 13 2 140 0.13 25 180 0
1 508 0 6 5 81 5724 15846 7 2 140 0.1 25 179 0
1 508 0 6 5 81 5724 15846 5 2 140 0.05 16 178 0
1 508 0 6 5 81 5724 15846 13 2 140 0.35 32 177 0
1 508 0 6 5 81 5724 15846 9 2 140 0.17 26 176 0
1 508 0 6 5 81 5724 15846 5 1 140 0.07 20 175 0
1 508 0 6 5 81 5724 15846 7 1 140 0.07 22 174 0
1 508 0 6 5 81 5724 15846 4 1 140 0.03 15 173 0
1 508 0 6 5 81 5724 15846 7 1 140 0.07 20 164 0
1 508 0 6 5 81 5724 15846 8 1 140 0.07 20 172 0
1 508 0 6 5 81 5724 15846 15 1 140 0.43 34 171 0
1 508 0 6 5 81 5724 15846 5 2 140 0.06 18 170 0
1 508 0 6 5 81 5724 15846 9 2 140 0.13 24 169 0
1 508 0 6 5 81 5724 15846 4 2 140 0.05 17 168 0
1 508 0 6 5 81 5724 15846 13 2 140 0.36 32 167 0
1 508 0 6 5 81 5724 15846 8 2 140 0.1 21 166 0
1 508 0 6 5 81 5724 15846 11 2 140 0.11 22 160 0
1 508 0 6 5 81 5724 15846 5 1 140 0.06 18 165 0
1 508 0 6 5 81 5724 15846 16 1 140 0.37 31 163 0
1 508 0 6 5 81 5724 15846 6 1 140 0.07 19 162 0
1 508 0 6 5 81 5724 15846 4 1 140 0.03 16 161 0
1 508 0 6 5 81 5724 15846 8 2 140 0.11 22 159 0
1 508 0 6 5 81 5724 15846 4 2 140 0.03 15 158 0
1 508 0 6 6 81 5708 15902 6 2 140 -9 15 156 0
1 508 0 6 6 81 5708 15902 12 2 140 0.13 24 157 0
1 508 0 6 6 81 5708 15902 7 2 140 0.09 21 153 0
1 508 0 6 6 81 5708 15902 7 2 140 0.07 21 152 0
1 508 0 6 6 81 5708 15902 4 1 140 0.05 18 151 0
1 513 0 3 6 81 5712 16513 5 2 140 0.06 17 216 2
1 513 0 3 6 81 5712 16513 5 2 140 0.07 17 215 2
1 513 0 3 6 81 5712 16513 14 2 140 0.66 39 214 2
1 513 0 3 6 81 5712 16513 18 2 140 0.65 39 213 2
1 513 0 3 6 81 5712 16513 12 2 140 0.55 36 212 2
1 513 0 3 6 81 5712 16513 15 2 140 0.79 40 211 2
1 513 0 3 22 81 5718 16612 7 2 140 0.1 23 450 0
1 513 0 3 22 81 5718 16612 10 2 140 0.2 27 449 0
1 513 0 3 22 81 5718 16612 10 2 140 0.2 28 447 0
1 513 0 3 22 81 5718 16612 12 2 140 0.35 33 446 0
1 513 0 3 22 81 5718 16612 7 2 140 0.2 27 448 0
1 513 0 3 22 81 5718 16612 8 2 140 0.25 29 445 0
1 513 0 3 22 81 5718 16612 10 2 140 0.3 32 443 0
1 513 0 3 22 81 5718 16612 12 2 140 0.3 31 442 0
1 509 0 4 6 81 5705 16453 18 2 140 0.87 40 169 0
1 509 0 4 6 81 5705 16453 17 1 140 0.6 38 164 0
1 509 0 4 6 81 5705 16453 16 2 140 0.6 36 168 0
1 509 0 4 6 81 5705 16453 14 2 140 0.55 38 167 0
1 509 0 4 6 81 5705 16453 13 1 140 0.4 35 166 0
1 509 0 4 6 81 5705 16453 14 1 140 0.37 34 165 0
1 509 0 2 24 81 5705 16459 10 1 140 0.18 25 39 0
1 509 0 2 24 81 5705 16459 13 1 140 0.21 28 38 0
1 509 0 2 24 81 5705 16459 7 2 140 0.1 22 28 0
1 509 0 2 24 81 5705 16459 11 1 140 0.2 28 32 0
1 509 0 2 24 81 5705 16459 7 1 140 0.11 22 36 0
1 509 0 2 24 81 5705 16459 7 1 140 0.08 21 40 0
1 509 0 2 24 81 5705 16459 11 1 140 0.32 21 37 0
1 509 0 2 24 81 5705 16459 7 1 140 0.11 22 35 0
1 509 0 2 24 81 5705 16459 11 1 140 0.2 27 34 0
1 509 0 2 24 81 5705 16459 15 1 140 0.28 29 33 0
1 509 0 2 24 81 5705 16459 13 1 140 0.23 29 31 0
1 509 0 2 24 81 5705 16459 7 2 140 0.18 24 30 0
1 509 0 2 24 81 5705 16459 13 2 140 0.28 31 29 0
1 509 0 2 24 81 5705 16459 13 2 140 0.32 29 27 0
1 509 0 2 24 81 5705 16459 11 2 140 0.4 32 26 0
1 509 0 2 24 81 5705 16459 11 2 140 0.3 28 25 0
1 509 0 2 24 81 5705 16459 10 2 140 0.21 29 24 0
1 509 0 2 24 81 5705 16459 7 2 140 0.1 22 23 0
1 509 0 2 24 81 5705 16459 13 2 140 0.35 31 22 0
1 509 0 2 24 81 5705 16459 14 2 140 0.44 33 21 0
1 513 0 2 25 81 5658 16513 12 2 140 0.43 34 60 0
1 513 0 2 25 81 5658 16513 12 2 140 0.3 30 59 0
1 513 0 2 25 81 5658 16513 11 2 140 0.16 24 58 0
1 513 0 2 25 81 5658 16513 6 2 140 0.1 22 57 0
1 513 0 2 25 81 5658 16513 11 2 140 0.36 32 56 0
1 513 0 2 25 81 5658 16513 10 2 140 0.23 29 55 0
1 513 0 2 25 81 5658 16513 11 2 140 0.3 31 54 0
1 513 0 2 25 81 5658 16513 7 2 140 0.1 21 53 0
1 513 0 2 25 81 5658 16513 11 2 140 0.2 27 52 0
1 513 0 2 25 81 5658 16513 18 2 140 0.78 40 51 0
1 513 0 2 25 81 5658 16513 14 1 140 0.25 28 50 0
1 513 0 2 25 81 5658 16513 10 1 140 0.26 29 49 0
1 513 0 2 25 81 5658 16513 10 1 140 0.2 26 48 0
1 513 0 2 25 81 5658 16513 14 1 140 0.2 26 47 0
1 513 0 2 25 81 5658 16513 6 1 140 0.1 21 44 0
1 513 0 2 25 81 5658 16513 10 1 140 0.2 26 46 0
1 513 0 2 25 81 5658 16513 10 1 140 0.28 30 45 0
1 513 0 2 25 81 5658 16513 11 1 140 0.2 27 43 0
1 513 0 2 25 81 5658 16513 13 1 140 0.3 30 42 0
1 513 0 2 25 81 5658 16513 10 1 140 0.22 28 41 0
1 513 0 2 26 81 5705 16525 10 2 140 0.34 33 80 0
1 513 0 2 26 81 5705 16525 13 2 140 0.32 32 79 0
1 513 0 2 26 81 5705 16525 16 2 140 0.97 43 77 0
1 513 0 2 26 81 5705 16525 13 2 140 0.21 27 76 0
1 513 0 2 26 81 5705 16525 12 2 140 0.28 30 75 0
1 513 0 2 26 81 5705 16525 12 2 140 0.28 29 73 0
1 513 0 2 26 81 5705 16525 13 2 140 0.44 34 72 0
1 513 0 2 26 81 5705 16525 12 1 140 0.3 32 66 0
1 513 0 2 26 81 5705 16525 13 1 140 0.37 31 70 0
1 513 0 2 26 81 5705 16525 13 2 140 0.26 28 74 0
1 513 0 2 26 81 5705 16525 7 2 140 0.17 25 78 0
1 513 0 2 26 81 5705 16525 9 2 140 0.24 27 71 0
1 513 0 2 26 81 5705 16525 13 1 140 0.31 30 69 0
1 513 0 2 26 81 5705 16525 13 1 140 0.25 29 68 0
1 513 0 2 26 81 5705 16525 11 1 140 0.3 31 67 0
1 513 0 2 26 81 5705 16525 11 1 140 0.17 25 65 0
1 513 0 2 26 81 5705 16525 13 1 140 0.18 27 64 0
1 513 0 2 26 81 5705 16525 12 1 140 0.18 26 63 0
1 513 0 2 26 81 5705 16525 11 1 140 0.26 28 62 0
1 513 0 2 26 81 5705 16525 15 1 140 0.21 27 61 0
1 513 0 2 27 81 5704 16520 6 1 140 0.12 22 87 0
1 513 0 2 27 81 5704 16520 7 1 140 0.1 21 85 0
1 513 0 2 27 81 5704 16520 7 1 140 0.15 24 84 0
1 513 0 2 27 81 5704 16520 11 1 140 0.26 27 83 0
1 513 0 2 27 81 5704 16520 15 1 140 0.37 32 82 0
1 513 0 2 27 81 5704 16520 7 1 140 0.15 24 86 0
1 513 0 2 27 81 5704 16520 12 1 140 0.23 29 81 0
1 513 0 2 27 81 5704 16520 8 2 140 0.2 26 100 0
1 513 0 2 27 81 5704 16520 7 2 140 0.12 22 99 0
1 513 0 2 27 81 5704 16520 7 2 140 0.2 27 98 0
1 513 0 2 27 81 5704 16520 10 2 140 0.2 27 97 0
1 513 0 2 27 81 5704 16520 10 2 140 0.45 33 96 0
1 513 0 2 27 81 5704 16520 7 2 140 0.12 22 95 0
1 513 0 2 27 81 5704 16520 6 2 140 0.11 21 94 0
1 513 0 2 27 81 5704 16520 7 2 140 0.14 23 93 0
1 513 0 2 27 81 5704 16520 7 2 140 0.28 29 92 0
1 513 0 2 27 81 5704 16520 14 2 140 0.48 34 91 0
1 513 0 2 27 81 5704 16520 10 1 140 0.19 26 90 0
1 513 0 2 27 81 5704 16520 8 1 140 0.14 25 89 0
1 513 0 2 27 81 5704 16520 7 1 140 0.18 24 88 0
1 513 0 2 28 81 5711 16515 5 2 140 0.09 20 119 0
1 513 0 2 28 81 5711 16515 7 2 140 0.07 19 118 0
1 513 0 2 28 81 5711 16515 7 2 140 0.1 21 117 0
1 513 0 2 28 81 5711 16515 14 2 140 0.46 33 115 0
1 513 0 2 28 81 5711 16515 12 2 140 0.36 31 114 0
1 513 0 2 28 81 5711 16515 15 2 140 0.34 32 113 0
1 513 0 2 28 81 5711 16515 7 1 140 0.13 22 110 0
1 513 0 2 28 81 5711 16515 11 1 140 0.12 23 109 0
1 513 0 2 28 81 5711 16515 11 1 140 0.13 23 108 0
1 513 0 2 28 81 5711 16515 6 1 140 0.13 23 106 0
1 513 0 2 28 81 5711 16515 7 1 140 0.13 23 107 0
1 513 0 2 28 81 5711 16515 11 2 140 0.41 32 111 0
1 513 0 2 28 81 5711 16515 6 2 140 0.08 20 116 0
1 513 0 2 28 81 5711 16515 10 2 140 0.3 28 120 0
1 513 0 2 28 81 5711 16515 10 1 140 0.17 25 105 0
1 513 0 2 28 81 5711 16515 7 1 140 0.18 24 104 0
1 513 0 2 28 81 5711 16515 6 1 140 0.1 21 103 0
1 513 0 2 28 81 5711 16515 7 1 140 0.1 22 102 0
1 513 0 2 28 81 5711 16515 12 1 140 0.18 25 101 0
1 513 0 3 28 81 5722 16632 8 2 140 0.15 26 103 0
1 513 0 3 28 81 5722 16632 8 2 140 0.15 26 102 0
1 513 0 3 28 81 5722 16632 7 2 140 0.15 24 101 0
1 513 0 3 28 81 5722 16632 14 2 140 0.35 33 110 0
1 513 0 3 28 81 5722 16632 12 2 140 0.4 33 109 0
1 513 0 3 28 81 5722 16632 15 2 140 0.37 33 108 0
1 513 0 3 28 81 5722 16632 8 2 140 0.15 25 107 0
1 513 0 3 28 81 5722 16632 6 2 140 0.1 23 106 0
1 513 0 3 28 81 5722 16632 7 2 140 0.15 25 105 0
1 513 0 3 29 81 5716 16547 5 2 140 0.05 17 120 0
1 513 0 3 29 81 5716 16547 5 1 140 0.06 19 119 0
1 513 0 3 29 81 5716 16547 5 1 140 0.07 20 118 0
1 513 0 3 29 81 5716 16547 5 1 140 0.05 20 117 0
1 513 0 3 29 81 5716 16547 19 1 140 0.5 36 116 0
1 513 0 3 29 81 5716 16547 6 1 140 0.05 20 115 0
1 513 0 3 29 81 5716 16547 7 1 140 0.1 21 114 0
1 513 0 3 29 81 5716 16547 6 1 140 0.1 22 113 0
1 513 0 3 29 81 5716 16547 13 1 140 0.35 32 112 0
1 513 0 3 29 81 5716 16547 15 1 140 0.4 32 111 0
1 509 0 3 30 81 5705 16445 17 2 140 0.47 34 129 0
1 509 0 3 30 81 5705 16445 7 2 140 0.1 22 128 0
1 509 0 3 30 81 5705 16445 18 2 140 0.55 36 126 0
1 509 0 3 30 81 5705 16445 8 1 140 0.1 21 125 0
1 509 0 3 30 81 5705 16445 8 1 140 0.1 21 124 0
1 509 0 3 30 81 5705 16445 14 1 140 0.35 32 123 0
1 509 0 3 30 81 5705 16445 7 2 140 0.1 22 127 0
1 509 0 3 30 81 5705 16445 8 1 140 0.1 22 121 0
1 509 0 3 31 81 5710 16449 14 2 140 0.5 35 138 0
1 509 0 3 31 81 5710 16449 8 2 140 0.1 22 137 0
1 509 0 3 31 81 5710 16449 15 2 140 0.5 34 135 0
1 509 0 3 31 81 5710 16449 16 1 140 0.5 36 134 0
1 509 0 3 31 81 5710 16449 16 1 140 0.5 35 133 0
1 509 0 3 31 81 5710 16449 14 1 140 0.35 33 131 0
1 509 0 3 31 81 5710 16449 14 2 140 0.43 35 136 0
1 509 0 3 31 81 5710 16449 5 2 140 0.05 19 140 0
1 509 0 3 31 81 5710 16449 14 1 140 0.3 32 132 0
1 513 0 4 1 81 5716 16545 5 2 140 0.07 20 150 0
1 513 0 4 1 81 5716 16545 5 2 140 0.05 21 149 0
1 513 0 4 1 81 5716 16545 6 2 140 0.1 21 148 0
1 513 0 4 1 81 5716 16545 8 2 140 0.1 22 147 0
1 513 0 4 1 81 5716 16545 14 2 140 0.45 34 146 0
1 513 0 4 1 81 5716 16545 16 2 140 0.55 35 145 0
1 513 0 4 1 81 5716 16545 14 2 140 0.45 34 144 0
1 513 0 4 1 81 5716 16545 12 1 140 0.4 33 143 0
1 513 0 4 1 81 5716 16545 6 1 140 0.1 21 142 0
1 513 0 4 1 81 5716 16545 13 1 140 0.37 33 141 0
1 513 0 4 2 81 5710 16553 15 2 140 0.45 36 155 0
1 513 0 4 2 81 5710 16553 16 2 140 0.5 36 154 0
1 513 0 4 2 81 5710 16553 18 2 140 0.7 40 153 0
1 513 0 4 2 81 5710 16553 12 1 140 0.37 33 152 0
1 513 0 4 2 81 5710 16553 6 1 140 0.07 20 151 0
1 513 0 4 3 81 5715 16536 5 2 140 0.07 21 159 0
1 513 0 4 3 81 5715 16536 19 2 140 0.65 36 158 0
1 513 0 4 3 81 5715 16536 15 1 140 0.4 34 157 0
1 513 0 4 3 81 5715 16536 14 1 140 0.45 34 156 0
1 513 0 4 4 81 5717 16545 5 1 140 0.07 19 160 0
1 513 0 4 4 81 5717 16545 5 2 140 0.1 21 162 0
1 513 0 4 4 81 5717 16545 7 2 140 0.1 20 161 0
1 513 0 3 26 81 5735 16631 7 2 140 0.15 24 482 0
1 513 0 3 26 81 5735 16631 7 2 140 0.09 22 486 0
1 513 0 3 26 81 5735 16631 6 2 140 0.15 24 490 0
1 513 0 3 26 81 5735 16631 7 2 140 0.08 21 489 0
1 513 0 3 26 81 5735 16631 8 2 140 0.17 26 488 0
1 513 0 3 26 81 5735 16631 7 2 140 0.15 25 487 0
1 513 0 3 26 81 5735 16631 7 2 140 0.1 24 485 0
1 513 0 3 26 81 5735 16631 9 2 140 0.28 29 484 0
1 513 0 3 26 81 5735 16631 11 2 140 0.25 29 483 0
1 513 0 3 26 81 5735 16631 8 2 140 0.15 25 481 0
1 513 0 3 27 81 5731 16637 10 1 140 0.25 29 500 0
1 513 0 3 27 81 5731 16637 5 1 140 0.07 20 494 0
1 513 0 3 27 81 5731 16637 8 1 140 0.15 25 498 0
1 513 0 3 27 81 5731 16637 9 1 140 0.15 25 499 0
1 513 0 3 27 81 5731 16637 8 1 140 0.15 25 497 0
1 513 0 3 27 81 5731 16637 7 1 140 0.1 23 496 0
1 513 0 3 27 81 5731 16637 7 1 140 0.1 23 495 0
1 513 0 3 27 81 5731 16637 7 1 140 0.15 25 493 0
1 513 0 3 27 81 5731 16637 13 1 140 0.3 30 492 0
1 513 0 3 27 81 5731 16637 8 1 140 0.1 23 491 0
1 513 0 3 3 81 5708 16519 5 2 140 0.08 19 175 0
1 513 0 3 3 81 5708 16519 5 2 140 0.08 19 174 0
1 513 0 3 3 81 5708 16519 11 2 140 0.16 25 173 0
1 513 0 3 3 81 5708 16519 8 2 140 0.16 25 172 0
1 513 0 3 3 81 5708 16519 8 2 140 0.19 26 171 0
1 513 0 3 3 81 5708 16519 12 2 140 0.18 26 170 0
1 513 0 3 3 81 5708 16519 6 2 140 0.12 23 169 0
1 513 0 3 3 81 5708 16519 11 2 140 0.27 28 168 0
1 513 0 3 3 81 5708 16519 6 2 140 0.12 23 167 0
1 513 0 3 3 81 5708 16519 8 2 140 0.18 25 166 0
1 513 0 3 3 81 5708 16519 10 2 140 0.15 24 164 0
1 513 0 3 3 81 5708 16519 8 2 140 0.17 25 165 0
1 513 0 3 3 81 5708 16519 12 1 140 0.25 30 163 0
1 513 0 3 3 81 5708 16519 6 1 140 0.08 19 162 0
1 513 0 3 3 81 5708 16519 10 2 140 0.19 26 161 0
1 513 0 3 4 81 5711 16510 5 2 140 0.06 18 183 0
1 513 0 3 4 81 5711 16510 6 2 140 0.08 19 182 0
1 513 0 3 4 81 5711 16510 6 2 140 0.08 19 181 0
1 513 0 3 4 81 5711 16510 5 2 140 0.07 18 180 0
1 513 0 3 4 81 5711 16510 6 1 140 0.07 18 179 0
1 513 0 3 4 81 5711 16510 6 1 140 0.07 18 178 0
1 513 0 3 4 81 5711 16510 14 1 140 0.33 31 177 0
1 513 0 3 4 81 5711 16510 5 1 140 0.09 19 176 0
1 513 0 3 5 81 5709 16514 5 1 140 0.07 17 184 2
1 513 0 3 5 81 5713 16518 5 2 140 0.05 17 192 0
1 513 0 3 5 81 5713 16518 5 2 140 0.07 18 190 0
1 513 0 3 5 81 5713 16518 6 2 140 0.06 18 191 0
1 513 0 3 5 81 5713 16518 5 1 140 0.06 17 189 0
1 513 0 3 5 81 5713 16518 6 1 140 0.07 18 187 0
1 513 0 3 5 81 5713 16518 6 1 140 0.06 17 188 0
1 513 0 3 5 81 5713 16518 6 1 140 0.05 18 186 0
1 513 0 3 5 81 5713 16518 14 1 140 0.34 32 185 0
1 513 0 4 5 81 5705 16500 18 2 140 0.57 37 163 0
1 513 0 3 5 81 5716 16515 16 2 140 0.57 38 194 2
1 513 0 3 5 81 5716 16515 19 2 140 0.84 41 195 2
1 513 0 3 5 81 5716 16515 18 2 140 0.86 41 193 2
1 513 0 3 6 81 5714 16528 4 2 140 0.05 16 199 0
1 513 0 3 6 81 5714 16528 5 1 140 0.06 17 198 0
1 513 0 3 6 81 5714 16528 5 1 140 0.07 17 196 0
1 513 0 3 6 81 5712 16514 5 1 140 0.04 16 210 2
1 513 0 3 6 81 5712 16514 5 2 140 0.06 17 209 2
1 513 0 3 6 81 5712 16514 17 2 140 0.68 37 204 2
1 513 0 3 6 81 5712 16514 14 2 140 0.5 35 208 2
1 513 0 3 6 81 5712 16514 16 2 140 0.51 35 200 2
1 513 0 3 6 81 5712 16514 13 2 140 0.67 38 207 2
1 513 0 3 6 81 5712 16514 12 2 140 0.51 35 206 2
1 513 0 3 6 81 5712 16514 15 2 140 0.68 37 205 2
1 513 0 3 6 81 5712 16514 14 2 140 0.51 35 203 2
1 513 0 3 6 81 5712 16514 13 2 140 0.6 36 202 2
1 513 0 3 6 81 5712 16514 19 2 140 0.56 36 201 2
1 513 0 3 7 81 5715 16516 12 1 140 0.33 32 223 2
1 513 0 3 7 81 5715 16516 5 2 140 0.05 17 222 2
1 513 0 3 7 81 5715 16516 17 2 140 0.64 37 221 2
1 513 0 3 7 81 5715 16516 14 2 140 0.66 39 220 2
1 513 0 3 7 81 5715 16516 14 2 140 0.72 38 219 2
1 513 0 3 7 81 5715 16516 18 2 140 0.75 39 218 2
1 513 0 3 7 81 5715 16516 16 2 140 0.63 37 217 2
1 513 0 3 20 81 5715 16600 12 2 140 0.25 31 420 0
1 513 0 3 20 81 5715 16600 11 2 140 0.3 30 419 0
1 513 0 3 20 81 5715 16600 12 2 140 0.2 30 417 0
1 513 0 3 20 81 5715 16600 9 2 140 0.2 28 416 0
1 513 0 3 20 81 5715 16600 13 2 140 0.3 32 415 0
1 513 0 3 20 81 5715 16600 11 2 140 0.4 33 413 0
1 513 0 3 20 81 5715 16600 16 2 140 0.45 37 412 0
1 513 0 3 20 81 5715 16600 7 2 140 0.15 27 411 0
1 513 0 3 20 81 5715 16600 8 2 140 0.1 23 409 0
1 513 0 3 20 81 5715 16600 11 2 140 0.2 28 408 0
1 513 0 3 20 81 5715 16600 8 2 140 0.1 23 405 0
1 513 0 3 20 81 5715 16600 14 2 140 0.25 30 404 0
1 513 0 3 20 81 5715 16600 15 2 140 0.35 32 403 0
1 513 0 3 20 81 5715 16600 8 2 140 0.15 27 406 0
1 513 0 3 20 81 5715 16600 8 2 140 0.15 26 410 0
1 513 0 3 20 81 5715 16600 13 2 140 0.25 31 414 0
1 513 0 3 20 81 5715 16600 12 2 140 0.25 30 418 0
1 513 0 3 20 81 5715 16600 14 2 140 0.35 32 402 0
1 513 0 3 20 81 5715 16600 10 2 140 0.25 32 401 0
1 513 0 3 10 81 5705 16521 15 2 140 0.84 43 231 2
1 513 0 3 10 81 5705 16521 15 2 140 0.7 38 230 2
1 513 0 3 11 81 5706 16520 20 2 140 0.67 37 233 2
1 513 0 3 13 81 5706 16530 14 2 140 0.69 40 234 0
1 513 0 3 13 81 5705 16525 15 2 140 0.74 40 235 2
1 513 0 3 21 81 5713 16613 11 1 140 0.2 28 440 0
1 513 0 3 21 81 5713 16613 8 1 140 0.1 25 422 0
1 513 0 3 21 81 5713 16613 6 1 140 0.1 23 437 0
1 513 0 3 21 81 5713 16613 8 1 140 0.2 28 435 0
1 513 0 3 21 81 5713 16613 11 1 140 0.2 28 434 0
1 513 0 3 21 81 5713 16613 12 1 140 0.25 29 433 0
1 513 0 3 21 81 5713 16613 7 1 140 0.15 26 431 0
1 513 0 3 21 81 5713 16613 13 1 140 0.3 31 430 0
1 513 0 3 21 81 5713 16613 11 1 140 0.2 28 429 0
1 513 0 3 21 81 5713 16613 13 1 140 0.25 31 428 0
1 513 0 3 21 81 5713 16613 10 1 140 0.15 27 427 0
1 513 0 3 21 81 5713 16613 11 1 140 0.3 31 426 0
1 513 0 3 21 81 5713 16613 9 1 140 0.15 26 425 0
1 513 0 3 21 81 5713 16613 11 1 140 0.35 33 424 0
1 513 0 3 21 81 5713 16613 12 1 140 0.2 30 423 0
1 513 0 3 21 81 5713 16613 11 1 140 0.3 31 421 0
1 513 0 3 23 81 5713 16648 9 1 140 0.2 27 459 0
1 513 0 3 23 81 5713 16648 9 1 140 0.2 27 458 0
1 513 0 3 23 81 5713 16648 11 1 140 0.2 29 457 0
1 513 0 3 23 81 5713 16648 7 1 140 0.15 24 452 0
1 513 0 3 23 81 5713 16648 10 1 140 0.2 27 456 0
1 513 0 3 23 81 5713 16648 7 1 140 0.15 23 460 0
1 513 0 3 23 81 5713 16648 14 1 140 0.3 31 454 0
1 513 0 3 23 81 5713 16648 8 1 140 0.15 24 453 0
1 513 0 3 23 81 5713 16648 10 1 140 0.25 29 451 0
1 513 0 3 24 81 5724 16627 10 2 140 0.2 27 470 0
1 513 0 3 24 81 5724 16627 11 2 140 0.3 31 469 0
1 513 0 3 24 81 5724 16627 7 2 140 0.15 25 468 0
1 513 0 3 24 81 5724 16627 11 2 140 0.3 31 467 0
1 513 0 3 24 81 5724 16627 11 2 140 0.2 28 466 0
1 513 0 3 24 81 5724 16627 7 2 140 0.13 24 465 0
1 513 0 3 24 81 5724 16627 12 2 140 0.3 30 464 0
1 513 0 3 24 81 5724 16627 8 2 140 0.2 28 463 0
1 513 0 3 24 81 5724 16627 8 2 140 0.25 29 462 0
1 513 0 3 24 81 5724 16627 15 2 140 0.3 34 461 0
1 513 0 3 25 81 5716 16652 8 1 140 0.15 24 480 0
1 513 0 3 25 81 5716 16652 5 1 140 0.1 22 479 0
1 513 0 3 25 81 5716 16652 7 1 140 0.1 24 478 0
1 513 0 3 25 81 5716 16652 12 1 140 0.3 30 477 0
1 513 0 3 25 81 5716 16652 6 1 140 0.1 22 476 0
1 513 0 3 25 81 5716 16652 10 1 140 0.15 26 475 0
1 513 0 3 25 81 5716 16652 8 1 140 0.15 24 474 0
1 513 0 3 25 81 5716 16652 8 1 140 0.2 29 473 0
1 513 0 3 25 81 5716 16652 15 1 140 0.4 35 472 0
1 513 0 3 25 81 5716 16652 8 1 140 0.2 28 471 0
1 509 0 4 7 81 5704 16449 15 2 140 0.7 40 171 0
1 513 0 4 8 81 5704 16503 15 1 140 0.4 34 172 0
1 509 0 4 9 81 5703 16455 16 2 140 0.6 38 175 0
1 509 0 4 9 81 5703 16455 7 2 140 0.08 20 174 0
1 509 0 4 9 81 5703 16455 7 1 140 0.1 21 173 0
1 513 0 8 2 81 5703 16503 12 2 140 0.27 30 334 0
1 513 0 8 2 81 5703 16503 16 2 140 0.54 35 333 0
1 513 0 8 2 81 5703 16503 11 2 140 0.23 28 332 0
1 513 0 8 2 81 5703 16503 11 2 140 0.15 25 335 0
1 513 0 8 2 81 5703 16503 13 2 140 0.33 30 331 0
1 513 0 8 2 81 5703 16503 12 1 140 0.2 27 330 0
1 513 0 8 2 81 5703 16503 12 1 140 0.31 31 329 0
1 513 0 8 3 81 5719 16555 9 1 140 0.19 26 328 0
1 513 0 8 3 81 5719 16555 10 2 140 0.2 26 327 0
1 513 0 8 3 81 5719 16555 12 2 140 0.24 29 326 0
1 513 0 8 3 81 5719 16555 8 2 140 0.18 25 324 0
1 513 0 8 3 81 5719 16555 11 2 140 0.22 28 325 0
1 513 0 8 3 81 5719 16555 12 1 140 0.16 26 323 0
1 513 0 8 3 81 5719 16555 17 1 140 0.24 30 322 0
1 513 0 8 4 81 5743 16652 8 1 140 0.17 25 321 0
1 513 0 8 4 81 5743 16652 8 2 140 0.17 25 320 0
1 513 0 8 4 81 5743 16652 8 2 140 0.13 23 319 0
1 513 0 8 4 81 5743 16652 12 1 140 0.16 24 316 0
1 513 0 8 4 81 5743 16652 13 1 140 0.27 30 318 0
1 513 0 8 4 81 5743 16652 10 2 140 0.18 25 317 0
1 513 0 8 4 81 5743 16652 14 2 140 0.25 29 315 0
1 513 0 8 4 81 5743 16652 7 2 140 0.16 24 314 0
1 513 0 8 5 81 5739 16653 12 2 140 0.26 28 313 0
1 513 0 8 5 81 5739 16653 16 1 140 0.32 29 312 0
1 513 0 8 5 81 5739 16653 8 2 140 0.19 27 311 0
1 513 0 8 5 81 5739 16653 12 1 140 0.44 33 310 0
1 513 0 8 5 81 5739 16653 13 1 140 0.27 29 309 0
1 513 0 8 5 81 5739 16653 7 1 140 0.14 23 308 0
1 513 0 8 5 81 5739 16653 13 2 140 0.27 30 307 0
1 513 0 8 5 81 5739 16653 14 2 140 0.24 30 306 0
1 513 0 8 6 81 5711 16650 8 1 140 0.14 25 305 0
1 513 0 8 6 81 5711 16650 12 2 140 0.28 29 304 0
1 513 0 8 6 81 5711 16650 9 1 140 0.17 26 298 0
1 513 0 8 6 81 5711 16650 13 2 140 0.25 30 302 0
1 513 0 8 6 81 5711 16650 13 2 140 0.26 28 303 0
1 513 0 8 6 81 5711 16650 11 2 140 0.25 28 301 0
1 513 0 8 6 81 5711 16650 11 2 140 0.27 29 300 0
1 513 0 8 6 81 5711 16650 12 2 140 0.3 31 299 0
1 513 0 8 7 81 5710 16646 11 1 140 0.2 26 291 0
1 513 0 8 7 81 5710 16646 8 2 140 0.17 24 295 0
1 513 0 8 7 81 5710 16646 12 2 140 0.31 30 297 0
1 513 0 8 7 81 5710 16646 10 2 140 0.35 32 296 0
1 513 0 8 7 81 5710 16646 8 2 140 0.17 26 294 0
1 513 0 8 7 81 5710 16646 15 1 140 0.23 29 293 0
1 513 0 8 7 81 5710 16646 9 2 140 0.22 26 292 0
1 513 0 8 8 81 5716 16640 12 2 140 0.24 29 290 0
1 513 0 8 8 81 5716 16640 11 2 140 0.2 28 288 0
1 513 0 8 8 81 5716 16640 11 2 140 0.17 26 285 0
1 513 0 8 8 81 5716 16640 12 2 140 0.26 30 289 0
1 513 0 8 8 81 5716 16640 13 1 140 0.24 29 287 0
1 513 0 8 8 81 5716 16640 12 2 140 0.24 29 286 0
1 513 0 8 8 81 5716 16640 9 2 140 0.1 22 284 0
1 513 0 8 9 81 5706 16631 11 1 140 0.25 30 283 0
1 513 0 8 9 81 5706 16631 10 1 140 0.16 26 282 0
1 513 0 8 9 81 5706 16631 10 1 140 0.28 29 281 0
1 513 0 8 9 81 5706 16631 12 2 140 0.27 30 280 0
1 513 0 8 9 81 5706 16631 11 2 140 0.25 30 279 0
1 513 0 8 9 81 5706 16631 10 1 140 0.17 25 278 0
1 513 0 8 9 81 5706 16631 18 1 140 0.29 31 277 0
1 513 0 8 10 81 5721 16623 12 1 140 0.19 27 276 0
1 513 0 8 10 81 5721 16623 11 2 140 0.23 29 275 0
1 513 0 8 10 81 5721 16623 13 2 140 0.26 29 274 0
1 513 0 8 10 81 5721 16623 14 2 140 0.32 30 273 0
1 513 0 8 10 81 5721 16623 13 2 140 0.24 30 272 0
1 513 0 8 10 81 5721 16623 14 2 140 0.36 31 271 0
1 513 0 8 10 81 5721 16623 9 1 140 0.18 25 270 0
1 513 0 8 10 81 5721 16623 10 1 140 0.14 25 269 0
1 513 0 8 11 81 5736 16624 13 2 140 0.32 32 268 0
1 513 0 8 11 81 5736 16624 11 2 140 0.23 29 267 0
1 513 0 8 11 81 5736 16624 11 2 140 0.29 31 266 0
1 513 0 8 11 81 5736 16624 12 2 140 0.3 30 265 0
1 513 0 8 11 81 5736 16624 9 2 140 0.18 25 261 0
1 513 0 8 11 81 5736 16624 15 1 140 0.23 27 264 0
1 513 0 8 11 81 5736 16624 12 2 140 0.17 26 263 0
1 513 0 8 11 81 5736 16624 11 2 140 0.19 27 262 0
1 513 0 8 12 81 5717 16545 14 2 140 0.5 35 260 0
1 513 0 8 12 81 5717 16545 11 2 140 0.18 26 258 0
1 513 0 8 12 81 5717 16545 12 2 140 0.32 32 259 0
1 513 0 8 12 81 5717 16545 16 2 140 0.44 35 254 0
1 513 0 8 12 81 5717 16545 15 2 140 0.41 33 257 0
1 513 0 8 12 81 5717 16545 15 2 140 0.4 33 256 0
1 513 0 8 12 81 5717 16545 15 2 140 0.24 28 255 0
1 513 0 8 13 81 5709 16611 12 1 140 0.12 25 247 0
1 513 0 8 13 81 5709 16611 13 1 140 0.17 25 251 0
1 513 0 8 13 81 5709 16611 12 2 140 0.26 30 253 0
1 513 0 8 13 81 5709 16611 14 2 140 0.2 27 252 0
1 513 0 8 13 81 5709 16611 11 2 140 0.22 28 250 0
1 513 0 8 13 81 5709 16611 7 2 140 0.12 22 249 0
1 513 0 8 13 81 5709 16611 11 2 140 0.28 30 248 0
1 513 0 8 13 81 5709 16611 11 2 140 0.28 30 246 0
1 513 0 8 15 81 5710 16648 11 2 140 0.27 29 245 0
1 513 0 8 15 81 5710 16648 13 2 140 0.26 28 244 0
1 513 0 8 15 81 5710 16648 14 2 140 0.28 30 243 0
1 513 0 8 15 81 5710 16648 11 2 140 0.26 28 242 0
1 513 0 8 15 81 5710 16648 15 1 140 0.38 33 240 0
1 513 0 8 15 81 5710 16648 11 2 140 0.4 32 241 0
1 513 0 8 15 81 5710 16648 12 1 140 0.2 26 239 0
1 513 0 8 17 81 5712 16630 11 2 140 0.27 30 238 0
1 513 0 8 17 81 5712 16630 11 1 140 0.2 27 237 0
1 513 0 8 17 81 5712 16630 12 1 140 0.26 29 236 0
1 513 0 8 17 81 5712 16630 8 2 140 0.11 24 235 0
1 513 0 8 17 81 5712 16630 16 2 140 0.31 30 234 0
1 513 0 8 17 81 5712 16630 14 2 140 0.31 32 233 0
1 513 0 8 17 81 5712 16630 13 2 140 0.25 28 232 0
1 513 0 8 18 81 5709 16647 12 2 140 0.32 31 230 0
1 513 0 8 18 81 5709 16647 10 2 140 0.2 28 229 0
1 513 0 8 18 81 5709 16647 13 1 140 0.15 24 228 0
1 513 0 8 18 81 5709 16647 16 2 140 0.29 30 227 0
1 513 0 8 18 81 5709 16647 14 1 140 0.18 27 231 0
1 513 0 8 18 81 5709 16647 13 2 140 0.26 31 226 0
1 513 0 8 18 81 5709 16647 14 2 140 0.25 28 225 0
1 513 0 8 19 81 5713 16651 12 2 140 0.24 30 220 0
1 513 0 8 19 81 5713 16651 14 2 140 0.36 32 224 0
1 513 0 8 19 81 5713 16651 14 2 140 0.42 32 222 0
1 513 0 8 19 81 5713 16651 8 2 140 0.16 24 221 0
1 513 0 8 19 81 5713 16651 10 1 140 0.21 27 219 0
1 513 0 8 19 81 5713 16651 13 1 140 0.25 28 218 0
1 513 0 8 19 81 5713 16651 13 2 140 0.26 30 223 0
1 513 0 8 1 81 5703 16503 10 2 140 0.2 26 338 0
1 513 0 8 1 81 5703 16503 11 2 140 0.19 27 342 0
1 513 0 8 1 81 5703 16503 9 1 140 0.2 28 343 0
1 513 0 8 1 81 5703 16503 13 1 140 0.15 24 341 0
1 513 0 8 1 81 5703 16503 14 1 140 0.18 26 340 0
1 513 0 8 1 81 5703 16503 14 1 140 0.22 29 339 0
1 513 0 8 1 81 5703 16503 12 1 140 0.19 27 337 0
1 513 0 8 1 81 5703 16503 12 1 140 0.18 26 336 0
1 514 0 7 14 81 5837 16636 5 1 140 0.1 21 466 0
1 514 0 7 14 81 5837 16636 5 2 140 0.06 17 465 0
1 514 0 7 14 81 5837 16636 11 1 140 0.25 29 463 0
1 514 0 7 14 81 5837 16636 8 1 140 0.17 24 462 0
1 514 0 7 14 81 5837 16636 13 2 140 0.48 33 460 0
1 514 0 7 14 81 5837 16636 7 1 140 0.12 22 464 0
1 514 0 7 14 81 5837 16636 9 1 140 0.15 25 461 0
1 514 0 7 14 81 5837 16636 7 1 140 0.15 23 459 0
1 514 0 7 14 81 5837 16636 5 2 140 0.06 18 458 0
1 514 0 7 14 81 5837 16636 5 2 140 0.05 17 457 0
1 514 0 7 14 81 5837 16636 8 2 140 0.13 22 456 0
1 514 0 7 16 81 5842 16552 5 1 140 0.05 17 443 0
1 514 0 7 16 81 5842 16552 5 2 140 0.06 18 455 0
1 514 0 7 16 81 5842 16552 4 1 140 0.04 15 454 0
1 514 0 7 16 81 5842 16552 4 1 140 0.04 15 453 0
1 514 0 7 16 81 5842 16552 4 2 140 0.05 17 452 0
1 514 0 7 16 81 5842 16552 5 1 140 0.07 18 450 0
1 514 0 7 16 81 5842 16552 14 1 140 0.25 30 449 0
1 514 0 7 16 81 5842 16552 5 1 140 0.08 19 448 0
1 514 0 7 16 81 5842 16552 5 1 140 0.11 22 446 0
1 514 0 7 16 81 5842 16552 7 1 140 0.09 21 447 0
1 514 0 7 16 81 5842 16552 4 1 140 0.04 15 451 0
1 514 0 7 16 81 5842 16552 10 1 140 0.19 25 445 0
1 514 0 7 16 81 5842 16552 4 2 140 0.03 14 444 0
1 514 0 7 16 81 5842 16552 5 1 140 0.07 18 442 0
1 514 0 7 18 81 5822 16551 13 1 140 0.22 27 441 0
1 514 0 7 18 81 5822 16551 8 2 140 0.22 27 440 0
1 514 0 7 18 81 5822 16551 6 1 140 0.11 22 439 0
1 514 0 7 18 81 5822 16551 8 2 140 0.14 23 438 0
1 514 0 7 18 81 5822 16551 13 2 140 0.41 34 437 0
1 514 0 7 18 81 5822 16551 8 2 140 0.23 28 436 0
1 514 0 7 18 81 5822 16551 8 2 140 0.14 23 435 0
1 514 0 7 18 81 5822 16551 6 2 140 0.09 20 434 0
1 534 0 7 19 81 5813 16609 10 1 140 0.21 27 429 0
1 534 0 7 19 81 5813 16609 10 1 140 0.19 26 433 0
1 534 0 7 19 81 5813 16609 8 1 140 0.13 23 432 0
1 534 0 7 19 81 5813 16609 10 1 140 0.2 26 431 0
1 534 0 7 19 81 5813 16609 13 1 140 0.17 26 430 0
1 534 0 7 19 81 5813 16609 15 1 140 0.32 31 428 0
1 534 0 7 19 81 5813 16609 7 2 140 0.11 22 427 0
1 534 0 7 19 81 5813 16609 14 1 140 0.29 30 426 0
1 534 0 7 20 81 5824 16634 13 1 140 0.18 24 425 0
1 534 0 7 20 81 5824 16634 14 2 140 0.46 36 424 0
1 534 0 7 20 81 5824 16634 14 1 140 0.56 34 423 0
1 534 0 7 20 81 5824 16634 7 1 140 0.1 20 422 0
1 534 0 7 20 81 5824 16634 11 1 140 0.22 27 421 0
1 534 0 7 20 81 5824 16634 10 1 140 0.1 21 420 0
1 534 0 7 20 81 5824 16634 15 2 140 0.41 31 419 0
1 514 0 7 22 81 5822 16546 11 2 140 0.26 29 417 0
1 514 0 7 22 81 5822 16546 9 2 140 0.16 25 416 0
1 514 0 7 22 81 5822 16546 6 2 140 0.09 21 415 0
1 514 0 7 22 81 5822 16546 7 1 140 0.13 22 413 0
1 514 0 7 22 81 5822 16546 8 1 140 0.1 21 412 0
1 514 0 7 22 81 5822 16546 5 2 140 0.1 21 410 0
1 514 0 7 22 81 5822 16546 7 2 140 0.12 22 414 0
1 514 0 7 22 81 5822 16546 11 1 140 0.16 25 418 0
1 514 0 7 22 81 5822 16546 7 1 140 0.12 22 411 0
1 514 0 7 23 81 5822 16555 13 1 140 0.19 25 409 0
1 514 0 7 23 81 5822 16555 15 1 140 0.24 28 408 0
1 514 0 7 23 81 5822 16555 8 2 140 0.18 25 407 0
1 514 0 7 23 81 5822 16555 16 2 140 0.53 35 406 0
1 514 0 7 23 81 5822 16555 10 1 140 0.13 23 405 0
1 514 0 7 23 81 5822 16555 8 2 140 0.17 25 404 0
1 514 0 7 23 81 5822 16555 15 2 140 0.28 30 403 0
1 514 0 7 23 81 5822 16555 11 1 140 0.12 23 402 0
1 513 0 7 24 81 5732 16639 14 1 140 0.26 28 401 0
1 513 0 7 24 81 5732 16639 9 1 140 0.13 24 400 0
1 513 0 7 24 81 5732 16639 14 1 140 0.21 27 399 0
1 513 0 7 24 81 5732 16639 12 1 140 0.18 26 396 0
1 513 0 7 24 81 5732 16639 10 1 140 0.27 27 398 0
1 513 0 7 24 81 5732 16639 14 2 140 0.43 33 397 0
1 513 0 7 24 81 5732 16639 19 2 140 0.41 32 395 0
1 513 0 7 25 81 5735 16637 8 2 140 0.17 24 394 0
1 513 0 7 25 81 5735 16637 14 1 140 0.17 25 393 0
1 513 0 7 25 81 5735 16637 13 2 140 0.3 32 392 0
1 513 0 7 25 81 5735 16637 13 2 140 0.24 28 391 0
1 513 0 7 25 81 5735 16637 12 1 140 0.15 24 390 0
1 513 0 7 25 81 5735 16637 11 2 140 0.3 31 389 0
1 513 0 7 25 81 5735 16637 12 1 140 0.21 27 388 0
1 513 0 7 26 81 5718 16532 14 2 140 0.3 29 380 0
1 513 0 7 26 81 5718 16532 8 1 140 0.14 24 385 0
1 513 0 7 26 81 5718 16532 12 2 140 0.35 30 387 0
1 513 0 7 26 81 5718 16532 13 2 140 0.4 31 381 0
1 513 0 7 26 81 5718 16532 15 2 140 0.42 32 386 0
1 513 0 7 26 81 5718 16532 12 2 140 0.18 25 384 0
1 513 0 7 26 81 5718 16532 18 2 140 0.48 33 383 0
1 513 0 7 26 81 5718 16532 14 2 140 0.28 31 382 0
1 513 0 7 27 81 5713 16505 14 2 140 0.29 28 379 0
1 513 0 7 27 81 5713 16505 16 2 140 0.43 32 377 0
1 513 0 7 27 81 5713 16505 12 1 140 0.23 28 374 0
1 513 0 7 27 81 5713 16505 7 2 140 0.16 24 378 0
1 513 0 7 27 81 5713 16505 15 2 140 0.4 33 376 0
1 513 0 7 27 81 5713 16505 16 2 140 0.34 32 375 0
1 513 0 7 27 81 5713 16505 7 2 140 0.09 21 373 0
1 509 0 7 28 81 5706 16458 9 2 140 0.16 25 371 0
1 509 0 7 28 81 5706 16458 13 2 140 0.23 28 370 0
1 509 0 7 28 81 5706 16458 12 2 140 0.18 26 369 0
1 509 0 7 28 81 5706 16458 11 2 140 0.22 28 368 0
1 509 0 7 28 81 5706 16458 14 2 140 0.28 30 372 0
1 509 0 7 28 81 5706 16458 15 2 140 0.19 26 367 0
1 509 0 7 28 81 5706 16458 12 2 140 0.21 27 366 0
1 513 0 7 29 81 5705 16527 12 1 140 0.25 29 365 0
1 513 0 7 29 81 5705 16527 9 2 140 0.11 23 364 0
1 513 0 7 29 81 5705 16527 13 1 140 0.15 24 363 0
1 513 0 7 29 81 5705 16527 10 2 140 0.31 30 362 0
1 513 0 7 29 81 5705 16527 17 1 140 0.21 27 361 0
1 513 0 7 29 81 5705 16527 13 2 140 0.28 31 360 0
1 513 0 7 29 81 5705 16527 12 2 140 0.2 27 359 0
1 513 0 7 29 81 5705 16527 11 2 140 0.12 24 358 0
1 513 0 7 30 81 5717 16543 13 2 140 0.4 33 357 0
1 513 0 7 30 81 5717 16543 12 2 140 0.36 31 356 0
1 513 0 7 30 81 5717 16543 15 2 140 0.39 32 355 0
1 513 0 7 30 81 5717 16543 10 1 140 0.18 26 354 0
1 513 0 7 30 81 5717 16543 12 2 140 0.22 29 353 0
1 513 0 7 30 81 5717 16543 17 1 140 0.35 31 352 0
1 513 0 7 31 81 5715 16528 11 2 140 0.46 36 351 0
1 513 0 7 31 81 5715 16528 17 2 140 0.58 37 350 0
1 513 0 7 31 81 5715 16528 20 2 140 0.36 32 346 0
1 513 0 7 31 81 5715 16528 13 1 140 0.22 28 349 0
1 513 0 7 31 81 5715 16528 17 2 140 0.6 36 348 0
1 513 0 7 31 81 5715 16528 11 2 140 0.18 28 347 0
1 513 0 7 31 81 5715 16528 13 2 140 0.45 34 345 0
1 513 0 7 31 81 5715 16528 11 2 140 0.17 36 344 0
1 514 0 7 13 81 5842 16647 9 2 140 0.25 27 473 0
1 514 0 7 13 81 5842 16647 10 2 140 0.42 31 472 0
1 514 0 7 13 81 5842 16647 7 2 140 0.15 24 471 0
1 514 0 7 13 81 5842 16647 8 2 140 0.16 23 470 0
1 514 0 7 13 81 5842 16647 5 1 140 0.06 18 469 0
1 514 0 7 13 81 5842 16647 14 2 140 0.32 32 468 0
1 514 0 7 13 81 5842 16647 11 1 140 0.17 25 467 0
1 534 0 7 8 81 5816 16617 15 2 140 0.34 32 498 0
1 534 0 7 8 81 5816 16617 12 2 140 0.35 32 500 0
1 534 0 7 8 81 5816 16617 9 2 140 0.15 27 497 0
1 534 0 7 8 81 5816 16617 8 2 140 0.12 23 496 0
1 534 0 7 8 81 5816 16617 7 2 140 0.04 19 494 0
1 534 0 7 8 81 5816 16617 5 2 140 0.03 18 493 0
1 534 0 7 8 81 5816 16617 9 1 140 0.1 23 492 0
1 534 0 7 8 81 5816 16617 9 2 140 0.21 29 490 0
1 534 0 7 8 81 5816 16617 15 1 140 0.26 30 489 0
1 534 0 7 8 81 5816 16617 7 1 140 0.07 21 487 0
1 534 0 7 8 81 5816 16617 9 2 140 0.15 25 491 0
1 534 0 7 8 81 5816 16617 14 2 140 0.27 29 495 0
1 534 0 7 8 81 5816 16617 11 1 140 0.2 27 499 0
1 534 0 7 8 81 5816 16617 7 2 140 0.08 23 488 0
1 534 0 7 8 81 5816 16617 7 2 140 0.08 23 486 0
1 534 0 7 8 81 5816 16617 6 2 140 -9 19 485 0
1 534 0 7 9 81 5816 16619 5 2 140 0.04 21 484 0
1 534 0 7 9 81 5816 16619 12 2 140 0.35 31 483 0
1 534 0 7 9 81 5816 16619 7 2 140 0.13 25 482 0
1 534 0 7 9 81 5816 16619 8 1 140 0.06 21 481 0
1 534 0 7 9 81 5816 16619 12 2 140 0.23 29 480 0
1 534 0 7 9 81 5816 16619 11 2 140 0.28 29 479 0
1 534 0 7 9 81 5816 16619 8 2 140 0.13 24 478 0
1 534 0 7 9 81 5816 16619 10 2 140 0.08 23 477 0
1 534 0 7 9 81 5816 16619 12 2 140 0.28 29 476 0
1 534 0 7 9 81 5816 16619 10 2 140 0.17 26 475 0
1 534 0 7 9 81 5816 16619 5 1 140 0.03 20 474 0
1 513 0 11 1 81 5734 16627 15 2 140 0.42 36 257 0
1 513 0 11 2 81 5735 16622 16 2 140 0.51 36 258 0
1 513 0 11 5 81 5728 16601 14 1 140 0.38 33 259 0
1 513 0 11 6 81 5725 16600 17 2 140 0.38 35 261 0
1 513 0 11 6 81 5725 16600 13 1 140 0.32 32 260 0
1 513 0 11 9 81 5654 16637 14 1 140 0.25 32 262 0
1 513 0 11 10 81 5730 16715 16 2 140 0.52 37 264 0
1 513 0 11 10 81 5730 16715 16 2 140 0.51 37 263 0
1 513 0 10 16 81 5702 16632 5 1 140 0.09 20 247 0
1 513 0 10 22 81 5727 16602 10 2 140 0.17 26 256 0
1 513 0 10 22 81 5727 16602 11 2 140 0.32 31 250 0
1 513 0 10 22 81 5727 16602 12 2 140 0.23 28 254 0
1 513 0 10 22 81 5727 16602 9 2 140 0.16 25 255 0
1 513 0 10 22 81 5727 16602 8 2 140 0.11 24 253 0
1 513 0 10 22 81 5727 16602 12 2 140 0.28 30 252 0
1 513 0 10 22 81 5727 16602 12 2 140 0.37 32 251 0
1 513 0 10 22 81 5727 16602 13 2 140 0.45 34 249 0
1 513 0 10 22 81 5727 16602 11 2 140 0.38 33 248 0
1 513 0 9 18 81 5700 16630 7 2 140 0.07 20 242 0
1 513 0 9 18 81 5700 16630 7 2 140 0.09 20 243 0
1 513 0 9 20 81 5709 16650 15 1 140 0.37 33 244 0
1 513 0 9 24 81 5706 16640 6 1 140 0.09 21 245 0
1 513 0 9 24 81 5706 16640 14 1 140 0.38 34 246 0
1 513 0 8 29 81 5711 16624 16 2 140 0.38 34 122 0
1 513 0 8 29 81 5711 16624 7 2 140 0.1 21 121 0
1 513 0 9 1 81 5705 16629 11 2 140 0.16 25 141 0
1 513 0 9 1 81 5705 16629 7 2 140 0.11 20 134 0
1 513 0 9 1 81 5705 16629 9 2 140 0.2 26 138 0
1 513 0 9 1 81 5705 16629 8 2 140 0.1 21 142 0
1 513 0 9 1 81 5705 16629 17 2 140 0.5 34 143 0
1 513 0 9 1 81 5705 16629 13 2 140 0.21 28 144 0
1 513 0 9 1 81 5705 16629 14 2 140 0.48 33 145 0
1 513 0 9 1 81 5705 16629 14 2 140 0.55 34 146 0
1 513 0 9 1 81 5705 16629 12 2 140 0.24 29 147 0
1 513 0 9 1 81 5705 16629 11 1 140 0.13 23 126 0
1 513 0 9 1 81 5705 16629 15 1 140 0.25 28 130 0
1 513 0 9 1 81 5705 16629 10 1 140 0.2 27 128 0
1 513 0 9 1 81 5705 16629 9 1 140 0.2 26 129 0
1 513 0 9 1 81 5705 16629 10 1 140 0.18 25 127 0
1 513 0 9 1 81 5705 16629 5 1 140 0.1 22 124 0
1 513 0 9 1 81 5705 16629 10 1 140 0.1 21 123 0
1 513 0 9 1 81 5705 16629 12 1 140 0.15 24 125 0
1 513 0 9 1 81 5705 16629 15 1 140 0.3 30 131 0
1 513 0 9 1 81 5705 16629 16 1 140 0.45 32 132 0
1 513 0 9 1 81 5705 16629 5 2 140 0.1 20 133 0
1 513 0 9 1 81 5705 16629 12 2 140 0.14 23 135 0
1 513 0 9 1 81 5705 16629 7 2 140 0.11 22 136 0
1 513 0 9 1 81 5705 16629 12 2 140 0.21 27 137 0
1 513 0 9 1 81 5705 16629 14 2 140 0.67 36 139 0
1 513 0 9 1 81 5705 16629 8 2 140 0.14 24 140 0
1 513 0 9 2 81 5708 16500 15 2 140 0.55 35 152 0
1 513 0 9 2 81 5708 16500 12 2 140 0.19 25 156 0
1 513 0 9 2 81 5708 16500 14 2 140 0.42 32 157 0
1 513 0 9 2 81 5708 16500 13 2 140 0.26 30 154 0
1 513 0 9 2 81 5708 16500 8 2 140 0.16 24 155 0
1 513 0 9 2 81 5708 16500 13 2 140 0.35 31 153 0
1 513 0 9 2 81 5708 16500 14 2 140 0.57 36 151 0
1 513 0 9 2 81 5708 16500 15 1 140 0.36 33 150 0
1 513 0 9 2 81 5708 16500 14 1 140 0.27 29 149 0
1 513 0 9 2 81 5708 16500 14 1 140 0.27 30 148 0
1 513 0 9 3 81 5713 16543 15 1 140 0.38 31 158 0
1 513 0 9 3 81 5713 16543 8 2 140 0.1 21 162 0
1 513 0 9 3 81 5713 16543 7 2 140 0.09 19 163 0
1 513 0 9 3 81 5713 16543 14 2 140 0.72 38 164 0
1 513 0 9 3 81 5713 16543 5 2 140 0.08 20 161 0
1 513 0 9 3 81 5713 16543 5 1 140 0.07 18 160 0
1 513 0 9 3 81 5713 16543 7 1 140 0.1 21 159 0
1 513 0 9 4 81 5707 16612 18 2 140 0.53 37 173 0
1 513 0 9 4 81 5707 16612 9 2 140 0.2 27 179 0
1 513 0 9 4 81 5707 16612 12 2 140 0.3 30 180 0
1 513 0 9 4 81 5707 16612 7 2 140 0.12 22 181 0
1 513 0 9 4 81 5707 16612 8 2 140 0.18 25 182 0
1 513 0 9 4 81 5707 16612 11 2 140 0.17 24 183 0
1 513 0 9 4 81 5707 16612 10 2 140 0.2 27 184 0
1 513 0 9 4 81 5707 16612 11 2 140 0.21 26 185 0
1 513 0 9 4 81 5707 16612 10 2 140 0.2 27 186 0
1 513 0 9 4 81 5707 16612 10 2 140 0.27 28 187 0
1 513 0 9 4 81 5707 16612 12 2 140 0.26 29 188 0
1 513 0 9 4 81 5707 16612 13 1 140 0.27 29 166 0
1 513 0 9 4 81 5707 16612 7 1 140 0.16 24 170 0
1 513 0 9 4 81 5707 16612 7 2 140 0.13 23 174 0
1 513 0 9 4 81 5707 16612 13 2 140 0.38 32 178 0
1 513 0 9 4 81 5707 16612 18 2 140 0.58 39 176 0
1 513 0 9 4 81 5707 16612 12 2 140 0.3 31 177 0
1 513 0 9 4 81 5707 16612 15 2 140 0.48 34 175 0
1 513 0 9 4 81 5707 16612 8 1 140 0.14 23 172 0
1 513 0 9 4 81 5707 16612 13 1 140 0.23 28 168 0
1 513 0 9 4 81 5707 16612 11 1 140 0.21 27 169 0
1 513 0 9 4 81 5707 16612 7 1 140 0.17 25 171 0
1 513 0 9 4 81 5707 16612 9 1 140 0.2 26 167 0
1 513 0 9 4 81 5707 16612 12 1 140 0.3 31 165 0
1 513 0 9 5 81 5710 16645 14 1 140 0.3 30 193 0
1 513 0 9 5 81 5710 16645 14 1 140 0.17 24 197 0
1 513 0 9 5 81 5710 16645 14 2 140 0.41 33 198 0
1 513 0 9 5 81 5710 16645 10 1 140 0.17 26 195 0
1 513 0 9 5 81 5710 16645 13 1 140 0.3 30 196 0
1 513 0 9 5 81 5710 16645 10 1 140 0.16 25 194 0
1 513 0 9 5 81 5710 16645 10 1 140 0.21 27 192 0
1 513 0 9 5 81 5710 16645 11 1 140 0.35 31 191 0
1 513 0 9 5 81 5710 16645 11 1 140 0.2 28 190 0
1 513 0 9 5 81 5710 16645 13 1 140 0.3 29 189 0
1 513 0 9 6 81 5711 16648 17 2 140 0.62 38 200 0
1 513 0 9 6 81 5711 16648 8 1 140 0.12 23 199 0
1 513 0 9 9 81 5713 16531 9 1 140 0.14 23 202 0
1 513 0 9 9 81 5713 16531 14 1 140 0.23 29 206 0
1 513 0 9 9 81 5713 16531 13 1 140 0.37 31 210 0
1 513 0 9 9 81 5713 16531 13 2 140 0.11 22 214 0
1 513 0 9 9 81 5713 16531 11 1 140 0.12 22 204 0
1 513 0 9 9 81 5713 16531 14 1 140 0.35 30 209 0
1 513 0 9 9 81 5713 16531 8 1 140 0.1 22 211 0
1 513 0 9 9 81 5713 16531 11 1 140 0.14 25 212 0
1 513 0 9 9 81 5713 16531 16 2 140 0.7 38 213 0
1 513 0 9 9 81 5713 16531 10 2 140 0.5 35 215 0
1 513 0 9 9 81 5713 16531 14 2 140 0.54 35 216 0
1 513 0 9 9 81 5713 16531 8 2 140 0.14 23 217 0
1 513 0 9 9 81 5713 16531 9 1 140 0.12 22 207 0
1 513 0 9 9 81 5713 16531 9 1 140 0.12 24 208 0
1 513 0 9 9 81 5713 16531 13 1 140 0.2 27 205 0
1 513 0 9 9 81 5713 16531 10 1 140 0.16 26 203 0
1 513 0 9 9 81 5713 16531 12 1 140 0.2 28 201 0
1 513 0 9 11 81 5714 16528 11 2 140 0.25 29 225 0
1 513 0 9 11 81 5714 16528 11 2 140 0.33 32 229 0
1 513 0 9 11 81 5714 16528 11 2 140 0.46 33 230 0
1 513 0 9 11 81 5714 16528 13 2 140 0.5 33 231 0
1 513 0 9 11 81 5714 16528 13 1 140 0.44 34 218 0
1 513 0 9 11 81 5714 16528 11 2 140 0.31 30 227 0
1 513 0 9 11 81 5714 16528 13 2 140 0.36 31 228 0
1 513 0 9 11 81 5714 16528 16 2 140 0.62 36 226 0
1 513 0 9 11 81 5714 16528 14 2 140 0.23 28 224 0
1 513 0 9 11 81 5714 16528 8 2 140 0.16 25 221 0
1 513 0 9 11 81 5714 16528 8 2 140 0.1 21 222 0
1 513 0 9 11 81 5714 16528 10 2 140 0.14 23 223 0
1 513 0 9 11 81 5714 16528 7 2 140 0.1 22 220 0
1 513 0 9 11 81 5714 16528 15 1 140 0.42 33 219 0
1 513 0 9 12 81 5710 16544 12 1 140 0.36 32 234 0
1 513 0 9 12 81 5710 16544 17 2 140 0.64 38 238 0
1 513 0 9 12 81 5710 16544 13 2 140 0.18 26 236 0
1 513 0 9 12 81 5710 16544 10 2 140 0.28 29 237 0
1 513 0 9 12 81 5710 16544 9 2 140 0.14 24 235 0
1 513 0 9 12 81 5710 16544 5 1 140 0.08 20 233 0
1 513 0 9 12 81 5710 16544 5 1 140 0.1 21 232 0
1 513 0 9 13 81 5706 16633 6 1 140 0.07 20 239 0
1 513 0 9 14 81 5712 16545 8 2 140 0.1 21 241 0
1 513 0 9 14 81 5712 16545 7 1 140 0.1 21 240 0
1 513 0 8 28 81 5730 16630 13 1 140 0.18 27 106 0
1 513 0 8 28 81 5730 16630 11 1 140 0.34 31 110 0
1 513 0 8 28 81 5730 16630 9 2 140 0.24 28 120 0
1 513 0 8 28 81 5730 16630 8 2 140 0.12 23 111 0
1 513 0 8 28 81 5730 16630 6 2 140 0.1 22 112 0
1 513 0 8 28 81 5730 16630 13 2 140 0.25 29 113 0
1 513 0 8 28 81 5730 16630 10 2 140 0.2 26 114 0
1 513 0 8 28 81 5730 16630 14 2 140 0.36 33 115 0
1 513 0 8 28 81 5730 16630 13 2 140 0.18 27 116 0
1 513 0 8 28 81 5730 16630 12 2 140 0.3 31 117 0
1 513 0 8 28 81 5730 16630 10 2 140 0.32 30 119 0
1 513 0 8 28 81 5730 16630 14 2 140 0.35 32 118 0
1 513 0 8 28 81 5730 16630 13 1 140 0.34 32 108 0
1 513 0 8 28 81 5730 16630 12 1 140 0.26 29 109 0
1 513 0 8 28 81 5730 16630 11 1 140 0.23 28 107 0
1 513 0 8 28 81 5730 16630 9 1 140 0.13 24 105 0
1 513 0 8 28 81 5730 16630 10 1 140 0.16 26 102 0
1 513 0 8 28 81 5730 16630 8 1 140 0.1 22 103 0
1 513 0 8 28 81 5730 16630 9 1 140 0.12 23 104 0
1 513 0 8 28 81 5730 16630 11 1 140 0.16 25 101 0
