1 513 101 4 7 88 5638 16700 12 1 140 0.39 33 89 0
1 513 101 4 7 88 5638 16700 14 2 140 0.27 30 82 0
1 513 101 4 7 88 5638 16700 14 1 140 0.45 34 86 0
1 513 101 4 7 88 5638 16700 12 1 140 0.4 33 90 0
1 513 101 4 7 88 5638 16700 9 1 140 0.28 28 88 0
1 513 101 4 7 88 5638 16700 9 1 140 0.24 27 87 0
1 513 101 4 7 88 5638 16700 13 2 140 0.4 31 85 0
1 513 101 4 7 88 5638 16700 10 2 140 0.34 31 84 0
1 513 101 4 7 88 5638 16700 18 2 140 0.37 32 83 0
1 513 101 4 7 88 5638 16700 9 2 140 0.3 29 81 0
1 517 0 4 23 88 5627 16621 14 1 140 0.26 29 57 0
1 517 0 4 23 88 5627 16621 9 1 140 0.2 25 60 0
1 517 0 4 23 88 5627 16621 9 1 140 0.18 24 64 0
1 517 0 4 23 88 5627 16621 9 1 140 0.25 28 63 0
1 517 0 4 23 88 5627 16621 22 1 140 0.34 30 61 0
1 517 0 4 23 88 5627 16621 12 1 140 0.6 36 59 0
1 517 0 4 23 88 5627 16621 14 1 140 0.3 30 58 0
1 517 0 4 23 88 5627 16621 9 1 140 0.33 30 62 0
1 517 0 4 23 88 5627 16621 12 2 140 0.39 32 67 0
1 517 0 4 23 88 5627 16621 17 2 140 0.7 38 68 0
1 517 0 4 23 88 5627 16621 8 2 140 0.33 31 69 0
1 517 0 4 23 88 5627 16621 10 2 140 0.3 30 70 0
1 517 0 4 23 88 5627 16621 21 2 140 0.45 34 71 0
1 517 0 4 23 88 5627 16621 21 2 140 0.54 37 73 0
1 517 0 4 23 88 5627 16621 8 2 140 0.22 28 74 0
1 517 0 4 23 88 5627 16621 17 2 140 0.6 37 75 0
1 517 0 4 23 88 5627 16621 11 2 140 0.25 31 66 0
1 517 0 4 23 88 5627 16621 9 1 140 0.25 27 56 0
1 514 42 5 9 88 5800 15945 8 1 140 0.2 27 20 0
1 514 42 5 9 88 5800 15945 15 1 140 0.4 31 19 0
1 514 42 5 9 88 5800 15945 15 1 140 0.3 30 18 0
1 514 42 5 9 88 5800 15945 15 1 140 0.3 32 17 0
1 514 42 5 9 88 5800 15945 9 1 140 0.2 24 15 0
1 514 42 5 9 88 5800 15945 21 1 140 0.3 29 14 0
1 514 42 5 9 88 5800 15945 7 1 140 0.2 24 13 0
1 514 42 5 9 88 5800 15945 21 1 140 0.3 30 11 0
1 514 42 5 9 88 5800 15945 12 2 140 0.4 32 10 0
1 514 42 5 9 88 5800 15945 11 2 140 0.2 28 9 0
1 514 42 5 9 88 5800 15945 13 2 140 0.3 29 7 0
1 514 42 5 9 88 5800 15945 11 2 140 0.3 29 8 0
1 514 42 5 9 88 5800 15945 15 1 140 0.2 28 12 0
1 514 42 5 9 88 5800 15945 12 1 140 0.3 30 16 0
1 514 42 5 9 88 5800 15945 17 2 140 0.3 31 6 0
1 514 42 5 9 88 5800 15945 15 2 140 0.3 31 5 0
1 514 42 5 9 88 5800 15945 9 2 140 0.3 30 4 0
1 514 42 5 9 88 5800 15945 21 2 140 0.4 33 3 0
1 514 42 5 9 88 5800 15945 19 2 140 0.5 36 2 0
1 514 42 5 9 88 5800 15945 15 2 140 0.6 35 1 0
1 517 99 3 29 88 5623 16622 9 1 140 0.1 26 225 0
1 517 99 3 29 88 5623 16622 9 2 140 0.05 25 229 0
1 517 99 3 29 88 5623 16622 16 2 140 0.65 40 230 0
1 517 99 3 29 88 5623 16622 9 2 140 0.05 23 227 0
1 517 99 3 29 88 5623 16622 9 2 140 0.1 25 228 0
1 517 99 3 29 88 5623 16622 9 2 140 0.1 26 226 0
1 517 99 3 29 88 5623 16622 14 1 140 0.45 36 224 0
1 517 99 3 29 88 5623 16622 9 1 140 0.2 27 223 0
1 517 99 3 29 88 5623 16622 18 1 140 0.4 35 222 0
1 517 99 3 29 88 5623 16622 20 1 140 0.5 38 221 0
1 516 77 3 4 88 5620 16228 8 1 140 0.15 23 122 2
1 516 77 3 4 88 5620 16228 8 1 140 0.22 25 124 2
1 516 77 3 4 88 5620 16228 9 2 140 0.2 25 128 2
1 516 77 3 4 88 5620 16228 8 2 140 0.15 25 129 2
1 516 77 3 4 88 5620 16228 21 2 140 0.82 39 130 2
1 516 77 3 4 88 5620 16228 19 2 140 0.77 38 131 2
1 516 77 3 4 88 5620 16228 10 2 140 0.25 27 132 2
1 516 77 3 4 88 5620 16228 14 1 140 0.62 36 126 2
1 516 77 3 4 88 5620 16228 9 2 140 0.15 23 127 2
1 516 77 3 4 88 5620 16228 19 1 140 0.55 35 125 2
1 516 77 3 4 88 5620 16228 8 1 140 0.22 25 123 2
1 516 77 3 4 88 5620 16228 9 1 140 0.2 25 121 2
1 514 48 5 4 88 5801 15951 7 1 140 0.05 20 294 0
1 514 48 5 4 88 5801 15951 7 2 140 0.05 18 298 0
1 514 48 5 4 88 5801 15951 7 2 140 0.05 18 299 0
1 514 48 5 4 88 5801 15951 7 2 140 0.05 21 300 0
1 514 48 5 4 88 5801 15951 8 1 140 0.05 22 296 0
1 514 48 5 4 88 5801 15951 8 1 140 0.05 22 297 0
1 514 48 5 4 88 5801 15951 7 1 140 0.05 21 295 0
1 514 48 5 4 88 5801 15951 7 1 140 0.05 20 293 0
1 513 0 3 26 88 5636 16515 7 1 140 0.11 22 122 0
1 513 0 3 26 88 5636 16515 14 1 140 0.44 34 124 0
1 513 0 3 26 88 5636 16515 9 1 140 0.17 26 126 0
1 513 0 3 26 88 5636 16515 8 2 140 0.16 24 137 0
1 513 0 3 26 88 5636 16515 9 1 140 0.21 27 128 0
1 513 0 3 26 88 5636 16515 19 2 140 0.62 38 130 0
1 513 0 3 26 88 5636 16515 18 2 140 0.28 30 134 0
1 513 0 3 26 88 5636 16515 15 2 140 0.31 30 135 0
1 513 0 3 26 88 5636 16515 9 2 140 0.2 26 136 0
1 513 0 3 26 88 5636 16515 8 2 140 0.11 23 138 0
1 513 0 3 26 88 5636 16515 9 2 140 0.24 29 139 0
1 513 0 3 26 88 5636 16515 17 2 140 0.4 31 140 0
1 513 0 3 26 88 5636 16515 9 2 140 0.24 27 132 0
1 513 0 3 26 88 5636 16515 9 2 140 0.15 25 133 0
1 513 0 3 26 88 5636 16515 18 2 140 0.57 36 131 0
1 513 0 3 26 88 5636 16515 9 2 140 0.23 27 129 0
1 513 0 3 26 88 5636 16515 8 1 140 0.24 27 127 0
1 513 0 3 26 88 5636 16515 8 1 140 0.14 23 125 0
1 513 0 3 26 88 5636 16515 24 1 140 0.56 37 123 0
1 513 0 3 26 88 5636 16515 9 1 140 0.2 26 121 0
1 509 71 3 5 88 5640 16409 17 1 140 0.57 35 135 0
1 509 71 3 5 88 5640 16409 21 1 140 0.57 36 134 0
1 509 71 3 5 88 5640 16409 9 2 140 0.18 25 139 0
1 509 71 3 5 88 5640 16409 9 2 140 0.17 24 141 0
1 509 71 3 5 88 5640 16409 21 2 140 0.62 38 142 0
1 509 71 3 5 88 5640 16409 9 2 140 0.17 25 136 0
1 509 71 3 5 88 5640 16409 22 2 140 0.65 38 140 0
1 509 71 3 5 88 5640 16409 24 2 140 0.62 38 137 0
1 509 71 3 5 88 5640 16409 18 2 140 0.62 37 138 0
1 509 71 3 5 88 5640 16409 8 1 140 0.2 23 133 0
1 514 0 5 5 88 5802 15933 8 1 140 0.11 22 139 0
1 514 0 5 5 88 5802 15933 7 1 140 0.11 22 140 0
1 514 0 5 5 88 5802 15933 7 1 140 0.08 20 145 0
1 514 0 5 5 88 5802 15933 8 1 140 0.1 23 146 0
1 514 0 5 5 88 5802 15933 7 1 140 0.12 22 144 0
1 514 0 5 5 88 5802 15933 7 1 140 0.08 20 143 0
1 514 0 5 5 88 5802 15933 7 2 140 0.05 18 155 0
1 514 0 5 5 88 5802 15933 22 2 140 0.51 38 156 0
1 514 0 5 5 88 5802 15933 7 2 140 0.1 22 157 0
1 514 0 5 5 88 5802 15933 8 1 140 0.1 21 142 0
1 514 0 5 5 88 5802 15933 7 1 140 0.05 18 147 0
1 514 0 5 5 88 5802 15933 10 2 140 0.19 26 148 0
1 514 0 5 5 88 5802 15933 7 2 140 0.07 20 149 0
1 514 0 5 5 88 5802 15933 5 2 140 0.05 16 150 0
1 514 0 5 5 88 5802 15933 6 2 140 0.07 19 151 0
1 514 0 5 5 88 5802 15933 7 2 140 0.07 20 152 0
1 514 0 5 5 88 5802 15933 7 2 140 0.07 19 153 0
1 514 0 5 5 88 5802 15933 8 2 140 0.51 19 154 0
1 514 0 5 5 88 5802 15933 5 1 140 0.04 14 138 0
1 513 0 5 6 88 5726 16518 15 1 140 0.46 36 160 0
1 513 0 5 6 88 5726 16518 9 1 140 0.17 23 159 0
1 513 0 5 6 88 5726 16518 18 2 140 0.52 36 162 0
1 513 0 5 6 88 5726 16518 8 2 140 0.11 25 165 0
1 513 0 5 6 88 5726 16518 9 2 140 0.15 27 164 0
1 513 0 5 6 88 5726 16518 7 2 140 0.11 22 169 0
1 513 0 5 6 88 5726 16518 17 2 140 0.5 36 168 0
1 513 0 5 6 88 5726 16518 9 2 140 0.17 26 171 0
1 513 0 5 6 88 5726 16518 10 2 140 0.25 28 170 0
1 513 0 5 6 88 5726 16518 9 2 140 0.16 27 167 0
1 513 0 5 6 88 5726 16518 19 2 140 0.84 40 163 0
1 513 0 5 6 88 5726 16518 9 1 140 0.17 23 158 0
1 513 0 5 7 88 5727 16530 7 2 140 0.09 24 173 0
1 513 0 5 7 88 5727 16530 9 2 140 0.1 24 177 0
1 513 0 5 7 88 5727 16530 9 2 140 0.11 27 174 0
1 513 0 5 7 88 5727 16530 8 2 140 0.09 24 176 0
1 513 0 5 7 88 5727 16530 9 2 140 0.09 25 175 0
1 513 0 5 7 88 5727 16530 9 1 140 0.06 21 172 0
1 513 0 5 8 88 5727 16507 9 2 140 0.13 23 181 0
1 513 0 5 8 88 5727 16507 9 2 140 0.16 26 180 0
1 513 0 5 8 88 5727 16507 9 2 140 0.22 27 179 0
1 513 0 5 8 88 5727 16507 8 2 140 0.11 22 184 0
1 513 0 5 8 88 5727 16507 7 2 140 0.13 23 186 0
1 513 0 5 8 88 5727 16507 9 2 140 0.12 23 185 0
1 513 0 5 8 88 5727 16507 7 2 140 0.1 21 183 0
1 513 0 5 8 88 5727 16507 9 2 140 0.19 25 182 0
1 513 0 5 8 88 5727 16507 7 1 140 0.06 19 178 0
1 517 0 4 21 88 5622 16618 13 1 140 0.35 31 20 0
1 517 0 4 21 88 5622 16618 12 1 140 0.36 32 22 0
1 517 0 4 21 88 5622 16618 11 1 140 0.45 35 27 0
1 517 0 4 21 88 5622 16618 8 1 140 0.35 32 28 0
1 517 0 4 21 88 5622 16618 12 1 140 0.3 28 26 0
1 517 0 4 21 88 5622 16618 18 1 140 0.44 33 24 0
1 517 0 4 21 88 5622 16618 11 1 140 0.34 31 21 0
1 517 0 4 21 88 5622 16618 8 1 140 0.4 33 25 0
1 517 0 4 21 88 5622 16618 13 1 140 0.4 32 23 0
1 517 0 4 21 88 5622 16618 14 2 140 0.7 37 29 0
1 517 0 4 21 88 5622 16618 14 2 140 0.45 33 30 0
1 517 0 4 21 88 5622 16618 22 2 140 0.55 35 31 0
1 517 0 4 21 88 5622 16618 15 2 140 0.31 30 32 0
1 517 0 4 21 88 5622 16618 14 2 140 0.4 31 33 0
1 517 0 4 21 88 5622 16618 14 2 140 0.36 30 34 0
1 517 0 4 21 88 5622 16618 12 2 140 0.62 36 35 0
1 517 0 4 21 88 5622 16618 21 1 140 1.6 37 19 0
1 517 0 4 22 88 5628 16642 9 1 140 0.27 28 39 0
1 517 0 4 22 88 5628 16642 9 1 140 0.26 29 42 0
1 517 0 4 22 88 5628 16642 9 1 140 0.28 28 41 0
1 517 0 4 22 88 5628 16642 9 1 140 0.2 25 40 0
1 517 0 4 22 88 5628 16642 12 1 140 0.37 31 38 0
1 517 0 4 22 88 5628 16642 9 1 140 0.31 29 45 0
1 517 0 4 22 88 5628 16642 13 2 140 0.55 37 49 0
1 517 0 4 22 88 5628 16642 15 2 140 0.45 32 54 0
1 517 0 4 22 88 5628 16642 12 2 140 0.5 36 46 0
1 517 0 4 22 88 5628 16642 13 2 140 0.26 30 47 0
1 517 0 4 22 88 5628 16642 10 2 140 0.5 34 48 0
1 517 0 4 22 88 5628 16642 14 2 140 0.37 32 50 0
1 517 0 4 22 88 5628 16642 16 2 140 0.5 34 51 0
1 517 0 4 22 88 5628 16642 14 2 140 0.43 33 52 0
1 517 0 4 22 88 5628 16642 19 2 140 0.44 32 53 0
1 517 0 4 22 88 5628 16642 19 2 140 0.6 37 55 0
1 517 0 4 22 88 5628 16642 18 1 140 0.49 34 43 0
1 517 0 4 22 88 5628 16642 15 1 140 0.35 31 44 0
1 517 0 4 22 88 5628 16642 9 1 140 0.27 28 36 0
1 517 0 4 25 88 5628 16705 19 1 140 0.4 30 78 0
1 517 0 4 25 88 5628 16705 14 2 140 0.65 38 76 0
1 514 0 5 1 88 5802 16030 16 1 140 0.18 26 81 0
1 514 0 5 1 88 5802 16030 7 1 140 0.17 25 80 0
1 514 0 5 1 88 5802 16030 18 1 140 0.27 27 83 0
1 514 0 5 1 88 5802 16030 8 1 140 0.23 27 86 0
1 514 0 5 1 88 5802 16030 7 1 140 0.2 26 88 0
1 514 0 5 1 88 5802 16030 7 2 140 0.16 25 91 0
1 514 0 5 1 88 5802 16030 14 2 140 0.22 29 96 0
1 514 0 5 1 88 5802 16030 7 2 140 0.16 23 98 0
1 514 0 5 1 88 5802 16030 7 1 140 0.08 19 85 0
1 514 0 5 1 88 5802 16030 18 2 140 0.24 27 89 0
1 514 0 5 1 88 5802 16030 12 2 140 0.37 31 93 0
1 514 0 5 1 88 5802 16030 18 2 140 0.25 29 97 0
1 514 0 5 1 88 5802 16030 14 2 140 0.29 29 94 0
1 514 0 5 1 88 5802 16030 8 2 140 0.09 19 95 0
1 514 0 5 1 88 5802 16030 16 2 140 0.24 29 92 0
1 514 0 5 1 88 5802 16030 9 1 140 0.22 26 87 0
1 514 0 5 1 88 5802 16030 12 1 140 0.23 27 84 0
1 514 0 5 1 88 5802 16030 15 1 140 0.24 27 82 0
1 514 0 5 1 88 5802 16030 9 1 140 0.18 26 79 0
1 514 0 5 2 88 5803 15945 9 1 140 0.15 24 102 0
1 514 0 5 2 88 5803 15945 9 1 140 0.17 24 100 0
1 514 0 5 2 88 5803 15945 7 1 140 0.1 21 106 0
1 514 0 5 2 88 5803 15945 7 1 140 0.1 21 108 0
1 514 0 5 2 88 5803 15945 9 2 140 0.15 23 110 0
1 514 0 5 2 88 5803 15945 8 2 140 0.11 20 112 0
1 514 0 5 2 88 5803 15945 7 2 140 0.13 21 116 0
1 514 0 5 2 88 5803 15945 8 2 140 0.2 26 117 0
1 514 0 5 2 88 5803 15945 7 2 140 0.09 18 118 0
1 514 0 5 2 88 5803 15945 7 1 140 0.14 24 101 0
1 514 0 5 2 88 5803 15945 7 1 140 0.1 20 105 0
1 514 0 5 2 88 5803 15945 19 2 140 0.32 31 114 0
1 514 0 5 2 88 5803 15945 9 2 140 0.11 21 115 0
1 514 0 5 2 88 5803 15945 7 2 140 0.14 22 113 0
1 514 0 5 2 88 5803 15945 8 2 140 0.14 24 111 0
1 514 0 5 2 88 5803 15945 9 2 140 0.15 24 109 0
1 514 0 5 2 88 5803 15945 7 1 140 0.11 20 107 0
1 514 0 5 2 88 5803 15945 5 1 140 0.07 18 104 0
1 514 0 5 2 88 5803 15945 7 1 140 0.1 21 103 0
1 514 0 5 2 88 5803 15945 9 1 140 0.14 23 99 0
1 514 0 5 3 88 5815 15957 14 1 140 0.23 26 121 0
1 514 0 5 3 88 5815 15957 15 1 140 0.4 33 120 0
1 514 0 5 3 88 5815 15957 8 1 140 0.15 22 123 0
1 514 0 5 3 88 5815 15957 7 1 140 0.11 19 126 0
1 514 0 5 3 88 5815 15957 10 1 140 0.2 25 128 0
1 514 0 5 3 88 5815 15957 8 2 140 0.08 19 131 0
1 514 0 5 3 88 5815 15957 8 2 140 0.12 22 136 0
1 514 0 5 3 88 5815 15957 9 1 140 0.2 25 125 0
1 514 0 5 3 88 5815 15957 18 2 140 0.3 29 129 0
1 514 0 5 3 88 5815 15957 10 2 140 0.27 28 133 0
1 514 0 5 3 88 5815 15957 12 2 140 0.26 28 137 0
1 514 0 5 3 88 5815 15957 9 2 140 0.18 26 134 0
1 514 0 5 3 88 5815 15957 14 2 140 0.28 28 135 0
1 514 0 5 3 88 5815 15957 14 2 140 0.92 40 132 0
1 514 0 5 3 88 5815 15957 15 2 140 0.64 38 130 0
1 514 0 5 3 88 5815 15957 7 1 140 0.17 23 127 0
1 514 0 5 3 88 5815 15957 23 1 140 0.51 34 124 0
1 514 0 5 3 88 5815 15957 8 1 140 0.14 22 122 0
1 514 0 5 3 88 5815 15957 18 1 140 0.37 33 119 0
1 513 60 5 9 88 5740 16504 8 2 140 0.18 25 166 0
1 513 60 5 9 88 5740 16504 7 2 140 0.08 21 161 0
1 513 60 5 9 88 5740 16504 9 2 140 0.07 20 189 0
1 513 60 5 9 88 5740 16504 9 1 140 0.09 20 191 0
1 513 60 5 9 88 5740 16504 12 1 140 0.48 35 192 0
1 513 60 5 9 88 5740 16504 8 2 140 0.09 20 190 0
1 513 60 5 9 88 5740 16504 18 2 140 0.62 38 188 0
1 513 60 5 9 88 5740 16504 22 2 140 0.75 39 187 0
1 513 60 5 9 88 5740 16504 15 1 140 0.45 34 72 0
1 513 62 5 10 88 5743 16531 7 2 140 0.06 27 194 0
1 513 62 5 10 88 5743 16531 7 2 140 0.06 28 193 0
1 514 49 5 11 88 5801 16006 7 2 140 0.06 18 197 0
1 514 49 5 11 88 5801 16006 7 2 140 0.05 17 198 0
1 514 49 5 11 88 5801 16006 7 1 140 0.04 16 196 0
1 514 49 5 11 88 5801 16006 7 1 140 0.05 18 195 0
1 513 0 4 16 88 5631 16658 14 1 140 0.32 30 8 0
1 513 0 4 16 88 5631 16658 18 2 140 0.52 35 13 0
1 513 0 4 16 88 5631 16658 11 2 140 0.36 32 17 0
1 513 0 4 16 88 5631 16658 16 2 140 0.45 34 15 0
1 513 0 4 16 88 5631 16658 15 2 140 0.36 30 16 0
1 513 0 4 16 88 5631 16658 16 2 140 0.53 35 14 0
1 513 0 4 16 88 5631 16658 20 2 140 0.46 35 11 0
1 513 0 4 16 88 5631 16658 12 2 140 0.39 34 9 0
1 513 0 4 16 88 5631 16658 18 1 140 0.36 32 6 0
1 513 0 4 16 88 5631 16658 11 1 140 0.39 33 2 0
1 513 0 4 16 88 5631 16658 9 1 140 0.27 29 1 0
1 513 0 4 16 88 5631 16658 15 1 140 0.41 31 3 0
1 513 0 4 16 88 5631 16658 9 1 140 0.27 29 4 0
1 513 0 4 16 88 5631 16658 10 1 140 0.41 32 5 0
1 513 0 4 16 88 5631 16658 12 1 140 0.41 34 7 0
1 513 0 4 16 88 5631 16658 14 2 140 0.47 33 10 0
1 513 0 4 16 88 5631 16658 13 2 140 0.42 33 12 0
1 513 79 3 23 88 5636 16537 13 1 140 0.15 30 106 0
1 513 79 3 23 88 5636 16537 12 2 140 0.2 32 110 0
1 513 79 3 23 88 5636 16537 17 2 140 0.3 34 119 0
1 513 79 3 23 88 5636 16537 25 2 140 0.5 37 120 0
1 513 79 3 23 88 5636 16537 14 2 140 0.4 35 111 0
1 513 79 3 23 88 5636 16537 20 2 140 0.25 33 112 0
1 513 79 3 23 88 5636 16537 11 2 140 0.2 32 113 0
1 513 79 3 23 88 5636 16537 10 2 140 0.2 27 114 0
1 513 79 3 23 88 5636 16537 9 2 140 0.05 23 115 0
1 513 79 3 23 88 5636 16537 10 2 140 0.1 25 116 0
1 513 79 3 23 88 5636 16537 19 2 140 0.3 34 117 0
1 513 79 3 23 88 5636 16537 9 2 140 0.2 30 118 0
1 513 79 3 23 88 5636 16537 9 1 140 0.15 27 101 0
1 513 79 3 23 88 5636 16537 20 2 140 0.35 34 108 0
1 513 79 3 23 88 5636 16537 9 2 140 0.15 28 109 0
1 513 79 3 23 88 5636 16537 17 2 140 0.25 33 107 0
1 513 79 3 23 88 5636 16537 11 1 140 0.2 29 105 0
1 513 79 3 23 88 5636 16537 9 1 140 0.15 28 104 0
1 513 79 3 23 88 5636 16537 12 1 140 0.2 30 103 0
1 513 79 3 23 88 5636 16537 9 1 140 0.2 30 102 0
1 517 84 3 24 88 5629 16537 15 1 140 0.35 34 124 0
1 517 84 3 24 88 5629 16537 17 2 140 0.2 32 129 0
1 517 84 3 24 88 5629 16537 8 2 140 0.1 28 131 0
1 517 84 3 24 88 5629 16537 9 2 140 0.1 27 132 0
1 517 84 3 24 88 5629 16537 12 2 140 0.25 33 133 0
1 517 84 3 24 88 5629 16537 12 2 140 0.25 32 135 0
1 517 84 3 24 88 5629 16537 18 2 140 0.3 35 136 0
1 517 84 3 24 88 5629 16537 14 2 140 0.3 34 137 0
1 517 84 3 24 88 5629 16537 11 2 140 0.25 33 139 0
1 517 84 3 24 88 5629 16537 13 2 140 0.35 33 140 0
1 517 84 3 24 88 5629 16537 12 1 140 0.25 32 122 0
1 517 84 3 24 88 5629 16537 11 1 140 0.2 31 126 0
1 517 84 3 24 88 5629 16537 13 2 140 0.2 29 130 0
1 517 84 3 24 88 5629 16537 9 2 140 0.2 30 134 0
1 517 84 3 24 88 5629 16537 13 2 140 0.4 34 138 0
1 517 84 3 24 88 5629 16537 12 1 140 0.25 32 127 0
1 517 84 3 24 88 5629 16537 13 1 140 0.2 30 128 0
1 517 84 3 24 88 5629 16537 14 1 140 0.25 31 125 0
1 517 84 3 24 88 5629 16537 10 1 140 0.2 31 123 0
1 517 84 3 24 88 5629 16537 11 1 140 0.2 28 121 0
1 513 84 3 25 88 5634 16545 14 1 140 0.3 34 145 0
1 513 84 3 25 88 5634 16545 19 2 140 0.55 36 149 0
1 513 84 3 25 88 5634 16545 11 2 140 0.25 32 158 0
1 513 84 3 25 88 5634 16545 8 2 140 0.2 30 159 0
1 513 84 3 25 88 5634 16545 14 2 140 0.35 35 150 0
1 513 84 3 25 88 5634 16545 9 2 140 0.1 26 151 0
1 513 84 3 25 88 5634 16545 9 2 140 0.15 29 152 0
1 513 84 3 25 88 5634 16545 19 2 140 0.65 38 153 0
1 513 84 3 25 88 5634 16545 12 2 140 0.2 30 154 0
1 513 84 3 25 88 5634 16545 19 2 140 0.45 35 155 0
1 513 84 3 25 88 5634 16545 9 2 140 0.1 28 156 0
1 513 84 3 25 88 5634 16545 9 2 140 0.15 28 160 0
1 513 84 3 25 88 5634 16545 9 1 140 0.1 27 147 0
1 513 84 3 25 88 5634 16545 19 1 140 0.3 33 148 0
1 513 84 3 25 88 5634 16545 8 1 140 0.05 24 146 0
1 513 84 3 25 88 5634 16545 9 1 140 0.1 27 144 0
1 513 84 3 25 88 5634 16545 12 1 140 0.1 28 143 0
1 513 84 3 25 88 5634 16545 11 1 140 0.15 29 142 0
1 513 84 3 25 88 5634 16545 11 1 140 0.15 30 141 0
1 513 84 3 26 88 5631 16545 14 1 140 0.2 31 163 0
1 513 84 3 26 88 5631 16545 9 1 140 0.2 33 169 0
1 513 84 3 26 88 5631 16545 10 2 140 0.15 29 170 0
1 513 84 3 26 88 5631 16545 13 2 140 0.5 37 171 0
1 513 84 3 26 88 5631 16545 21 2 140 0.4 35 173 0
1 513 84 3 26 88 5631 16545 17 2 140 0.4 37 174 0
1 513 84 3 26 88 5631 16545 10 2 140 0.1 28 175 0
1 513 84 3 26 88 5631 16545 10 2 140 0.2 31 176 0
1 513 84 3 26 88 5631 16545 14 2 140 0.45 38 178 0
1 513 84 3 26 88 5631 16545 11 2 140 0.25 31 179 0
1 513 84 3 26 88 5631 16545 9 2 140 0.2 31 180 0
1 513 84 3 26 88 5631 16545 11 1 140 0.2 31 164 0
1 513 84 3 26 88 5631 16545 10 1 140 0.15 28 168 0
1 513 84 3 26 88 5631 16545 8 2 140 0.05 25 172 0
1 513 84 3 26 88 5631 16545 9 2 140 0.2 30 177 0
1 513 84 3 26 88 5631 16545 9 1 140 0.15 28 166 0
1 513 84 3 26 88 5631 16545 15 1 140 0.25 32 167 0
1 513 84 3 26 88 5631 16545 14 1 140 0.25 32 165 0
1 513 84 3 26 88 5631 16545 8 1 140 0.1 26 162 0
1 513 84 3 26 88 5631 16545 13 1 140 0.15 29 161 0
1 517 95 3 27 88 5626 16613 15 2 140 0.5 37 191 0
1 517 95 3 27 88 5626 16613 7 2 140 0.1 27 192 0
1 517 95 3 27 88 5626 16613 23 2 140 0.9 43 193 0
1 517 95 3 27 88 5626 16613 23 2 140 0.4 36 194 0
1 517 95 3 27 88 5626 16613 8 2 140 0.1 27 195 0
1 517 95 3 27 88 5626 16613 23 2 140 0.5 38 196 0
1 517 95 3 27 88 5626 16613 18 2 140 0.35 36 197 0
1 517 95 3 27 88 5626 16613 10 2 140 0.1 27 198 0
1 517 95 3 27 88 5626 16613 11 1 140 0.3 34 187 0
1 517 95 3 27 88 5626 16613 17 1 140 0.4 35 188 0
1 517 95 3 27 88 5626 16613 19 1 140 0.35 34 186 0
1 517 95 3 27 88 5626 16613 11 1 140 0.15 29 184 0
1 517 95 3 27 88 5626 16613 14 1 140 0.35 35 183 0
1 517 95 3 27 88 5626 16613 11 1 140 0.3 33 182 0
1 517 95 3 27 88 5626 16613 14 1 140 0.2 32 181 0
1 517 95 3 27 88 5626 16613 9 1 140 0.15 29 185 0
1 517 95 3 27 88 5626 16613 9 1 140 0.1 27 189 0
1 517 95 3 27 88 5626 16613 20 2 140 0.6 39 199 0
1 517 95 3 27 88 5626 16613 12 2 140 0.2 31 200 0
1 517 95 3 27 88 5626 16613 14 2 140 0.4 36 190 0
1 517 93 3 28 88 5627 16614 14 1 140 0.35 34 204 0
1 517 93 3 28 88 5627 16614 17 1 140 0.4 36 209 0
1 517 93 3 28 88 5627 16614 14 2 140 0.5 38 211 0
1 517 93 3 28 88 5627 16614 12 2 140 0.55 38 212 0
1 517 93 3 28 88 5627 16614 19 2 140 0.75 40 213 0
1 517 93 3 28 88 5627 16614 7 2 140 0.05 22 215 0
1 517 93 3 28 88 5627 16614 23 2 140 0.6 39 216 0
1 517 93 3 28 88 5627 16614 9 2 140 0.1 26 217 0
1 517 93 3 28 88 5627 16614 9 2 140 0.15 29 218 0
1 517 93 3 28 88 5627 16614 9 2 140 0.15 29 219 0
1 517 93 3 28 88 5627 16614 18 2 140 0.45 36 220 0
1 517 93 3 28 88 5627 16614 10 1 140 0.1 26 202 0
1 517 93 3 28 88 5627 16614 13 1 140 0.3 33 206 0
1 517 93 3 28 88 5627 16614 14 1 140 0.35 36 210 0
1 517 93 3 28 88 5627 16614 17 2 140 0.5 37 214 0
1 517 93 3 28 88 5627 16614 15 1 140 0.25 33 207 0
1 517 93 3 28 88 5627 16614 19 1 140 0.35 36 208 0
1 517 93 3 28 88 5627 16614 9 1 140 0.05 26 205 0
1 517 93 3 28 88 5627 16614 11 1 140 0.35 35 203 0
1 517 93 3 28 88 5627 16614 7 1 140 0.05 23 201 0
1 513 99 3 30 88 5642 16712 9 2 140 0.05 26 234 0
1 513 99 3 30 88 5642 16712 15 2 140 0.7 39 235 0
1 513 99 3 30 88 5642 16712 9 2 140 0.1 26 233 0
1 513 99 3 30 88 5642 16712 17 1 140 0.35 35 232 0
1 513 99 3 30 88 5642 16712 19 1 140 0.45 37 231 0
1 513 97 3 31 88 5640 16709 19 1 140 0.5 37 236 0
1 513 97 3 31 88 5640 16709 14 2 140 0.85 41 240 0
1 513 97 3 31 88 5640 16709 25 2 140 0.6 39 239 0
1 513 97 3 31 88 5640 16709 16 2 140 0.75 42 241 0
1 513 97 3 31 88 5640 16709 22 2 140 0.6 39 238 0
1 513 97 3 31 88 5640 16709 14 2 140 0.7 40 237 0
1 513 97 4 1 88 5639 16708 8 2 140 0.05 24 245 0
1 513 97 4 1 88 5639 16708 7 2 140 0.05 24 244 0
1 513 97 4 1 88 5639 16708 19 2 140 0.75 40 247 0
1 513 97 4 1 88 5639 16708 8 2 140 0.1 25 246 0
1 513 97 4 1 88 5639 16708 9 2 140 0.05 24 243 0
1 513 97 4 1 88 5639 16708 7 1 140 0.1 26 242 0
1 513 97 4 2 88 5637 16652 9 2 140 0.05 24 254 0
1 513 97 4 2 88 5637 16652 7 1 140 0.05 24 250 0
1 513 97 4 2 88 5637 16652 8 1 140 0.05 25 251 0
1 513 97 4 2 88 5637 16652 9 2 140 0.05 23 252 0
1 513 97 4 2 88 5637 16652 21 1 140 0.4 36 248 0
1 513 97 4 2 88 5637 16652 9 2 140 0.05 23 253 0
1 513 97 4 2 88 5637 16652 8 1 140 0.05 24 249 0
1 513 91 4 2 88 5639 16643 8 2 140 0.05 24 255 0
1 514 11 6 1 88 5847 15936 5 2 140 0.04 15 120 0
1 514 11 6 1 88 5847 15936 13 1 140 0.17 25 105 0
1 514 11 6 1 88 5847 15936 4 2 140 -9 12 119 0
1 514 11 6 1 88 5847 15936 5 2 140 0.03 15 118 0
1 514 11 6 1 88 5847 15936 20 2 140 0.55 36 117 0
1 514 11 6 1 88 5847 15936 9 2 140 0.06 19 116 0
1 514 11 6 1 88 5847 15936 5 2 140 -9 14 115 0
1 514 11 6 1 88 5847 15936 4 2 140 -9 9 114 0
1 514 11 6 1 88 5847 15936 6 2 140 0.04 14 113 0
1 514 11 6 1 88 5847 15936 9 1 140 0.13 22 101 0
1 514 11 6 1 88 5847 15936 22 2 140 0.48 36 112 0
1 514 11 6 1 88 5847 15936 3 2 140 -9 9 111 0
1 514 11 6 1 88 5847 15936 4 1 140 -9 12 110 0
1 514 11 6 1 88 5847 15936 4 1 140 -9 11 109 0
1 514 11 6 1 88 5847 15936 7 1 140 0.07 17 108 0
1 514 11 6 1 88 5847 15936 16 1 140 0.42 34 107 0
1 514 11 6 1 88 5847 15936 4 1 140 0.04 12 106 0
1 514 11 6 1 88 5847 15936 21 1 140 0.22 26 104 0
1 514 11 6 1 88 5847 15936 7 1 140 0.05 17 103 0
1 514 11 6 1 88 5847 15936 9 1 140 0.12 22 102 0
1 514 18 6 2 88 5840 15959 8 1 140 0.07 20 140 0
1 514 18 6 2 88 5840 15959 8 1 140 0.05 16 138 0
1 514 18 6 2 88 5840 15959 8 1 140 0.07 18 131 0
1 514 18 6 2 88 5840 15959 22 1 140 0.37 33 135 0
1 514 18 6 2 88 5840 15959 7 1 140 0.08 19 139 0
1 514 18 6 2 88 5840 15959 4 1 140 -9 12 137 0
1 514 18 6 2 88 5840 15959 8 1 140 0.12 21 136 0
1 514 18 6 2 88 5840 15959 7 1 140 0.09 19 134 0
1 514 18 6 2 88 5840 15959 19 1 140 0.42 34 133 0
1 514 18 6 2 88 5840 15959 8 1 140 0.07 18 132 0
1 514 18 6 2 88 5840 15959 18 2 140 0.61 37 130 0
1 514 18 6 2 88 5840 15959 11 2 140 0.2 26 129 0
1 514 18 6 2 88 5840 15959 8 2 140 0.08 20 126 0
1 514 18 6 2 88 5840 15959 7 2 140 0.06 17 128 0
1 514 18 6 2 88 5840 15959 9 2 140 0.17 25 127 0
1 514 18 6 2 88 5840 15959 7 2 140 0.09 20 125 0
1 514 18 6 2 88 5840 15959 7 2 140 0.06 18 124 0
1 514 18 6 2 88 5840 15959 16 2 140 0.58 37 123 0
1 514 18 6 2 88 5840 15959 21 2 140 0.61 37 122 0
1 514 18 6 2 88 5840 15959 7 2 140 0.11 22 121 0
1 514 73 6 2 88 5830 15939 5 2 140 0.03 14 150 0
1 514 73 6 2 88 5830 15939 5 2 140 -9 13 149 0
1 514 73 6 2 88 5830 15939 7 2 140 0.08 19 148 0
1 514 73 6 2 88 5830 15939 7 1 140 0.07 19 143 0
1 514 73 6 2 88 5830 15939 7 2 140 0.06 17 147 0
1 514 73 6 2 88 5830 15939 5 2 140 0.05 15 146 0
1 514 73 6 2 88 5830 15939 7 1 140 0.03 16 145 0
1 514 73 6 2 88 5830 15939 15 1 140 0.43 34 144 0
1 514 73 6 2 88 5830 15939 7 1 140 0.1 22 142 0
1 514 73 6 2 88 5830 15939 6 1 140 0.03 14 141 0
1 513 91 4 3 88 5640 16641 13 2 140 0.8 41 258 0
1 513 91 4 3 88 5640 16641 15 2 140 0.65 40 257 0
1 513 91 4 3 88 5640 16641 8 2 140 0.05 23 259 0
1 513 91 4 3 88 5640 16641 8 1 140 0.05 23 256 0
1 514 48 5 3 88 5801 16026 7 1 140 0.05 21 283 0
1 514 48 5 3 88 5801 16026 9 1 140 0.05 22 288 0
1 514 48 5 3 88 5801 16026 5 2 140 0.05 17 289 0
1 514 48 5 3 88 5801 16026 5 2 140 0.05 17 290 0
1 514 48 5 3 88 5801 16026 5 2 140 0.05 21 292 0
1 514 48 5 3 88 5801 16026 7 1 140 0.05 21 282 0
1 514 48 5 3 88 5801 16026 8 1 140 0.05 22 286 0
1 514 48 5 3 88 5801 16026 7 2 140 0.05 21 291 0
1 514 48 5 3 88 5801 16026 8 1 140 0.05 21 285 0
1 514 48 5 3 88 5801 16026 7 1 140 0.05 22 287 0
1 514 48 5 3 88 5801 16026 6 1 140 0.05 21 284 0
1 514 48 5 3 88 5801 16026 7 1 140 0.05 20 281 0
1 514 48 5 3 88 5801 16026 5 1 140 0.05 18 280 0
1 513 90 4 10 88 5639 16645 9 1 140 0.05 24 263 0
1 513 90 4 10 88 5639 16645 9 2 140 0.05 22 267 0
1 513 90 4 10 88 5639 16645 8 1 140 0.05 23 265 0
1 513 90 4 10 88 5639 16645 8 1 140 0.05 23 266 0
1 513 90 4 10 88 5639 16645 8 1 140 0.05 24 264 0
1 513 90 4 10 88 5639 16645 8 1 140 0.1 25 262 0
1 513 90 4 10 88 5639 16645 7 1 140 0.05 25 261 0
1 513 90 4 10 88 5639 16645 9 1 140 0.1 25 260 0
1 513 93 4 11 88 5639 16646 21 2 140 0.7 41 274 0
1 513 93 4 11 88 5639 16646 7 2 140 0.05 21 272 0
1 513 93 4 11 88 5639 16646 7 2 140 0.05 22 273 0
1 513 93 4 11 88 5639 16646 8 1 140 0.05 25 271 0
1 513 93 4 11 88 5639 16646 8 1 140 0.05 23 270 0
1 513 93 4 11 88 5639 16646 7 1 140 0.05 22 269 0
1 513 93 4 11 88 5639 16646 7 1 140 0.05 20 268 0
1 513 99 4 14 88 5641 16720 8 2 140 0.05 22 278 0
1 513 99 4 14 88 5641 16720 14 2 140 0.6 41 277 0
1 513 99 4 14 88 5641 16720 9 2 140 0.05 22 279 0
1 513 99 4 14 88 5641 16720 21 2 140 0.75 41 276 0
1 514 44 5 11 88 5802 15941 15 2 140 0.4 34 40 0
1 514 44 5 11 88 5802 15941 22 2 140 0.5 33 39 0
1 514 44 5 11 88 5802 15941 8 2 140 0.1 20 38 0
1 514 44 5 11 88 5802 15941 13 2 140 0.3 30 37 0
1 514 44 5 11 88 5802 15941 11 2 140 0.3 30 36 0
1 514 44 5 11 88 5802 15941 11 2 140 0.3 31 35 0
1 514 44 5 11 88 5802 15941 16 2 140 0.6 36 34 0
1 514 44 5 11 88 5802 15941 15 1 140 0.3 30 25 0
1 514 44 5 11 88 5802 15941 14 2 140 0.4 33 33 0
1 514 44 5 11 88 5802 15941 15 2 140 0.6 36 32 0
1 514 44 5 11 88 5802 15941 17 2 140 0.4 31 31 0
1 514 44 5 11 88 5802 15941 26 1 140 0.5 34 30 0
1 514 44 5 11 88 5802 15941 11 1 140 0.4 31 29 0
1 514 44 5 11 88 5802 15941 8 1 140 0.1 22 28 0
1 514 44 5 11 88 5802 15941 20 1 140 0.3 29 27 0
1 514 44 5 11 88 5802 15941 21 1 140 0.4 35 21 0
1 514 44 5 11 88 5802 15941 17 1 140 0.3 31 26 0
1 514 44 5 11 88 5802 15941 8 1 140 0.1 22 24 0
1 514 44 5 11 88 5802 15941 14 1 140 0.3 31 22 0
1 514 37 5 12 88 5800 15922 15 2 140 0.37 32 60 0
1 514 37 5 12 88 5800 15922 15 2 140 0.38 32 58 0
1 514 37 5 12 88 5800 15922 16 2 140 0.4 34 57 0
1 514 37 5 12 88 5800 15922 14 2 140 0.35 30 54 0
1 514 37 5 12 88 5800 15922 14 2 140 0.4 34 53 0
1 514 37 5 12 88 5800 15922 26 2 140 0.83 41 52 0
1 514 37 5 12 88 5800 15922 15 2 140 0.26 29 51 0
1 514 37 5 12 88 5800 15922 12 1 140 0.17 26 50 0
1 514 37 5 12 88 5800 15922 15 2 140 0.32 31 55 0
1 514 37 5 12 88 5800 15922 15 1 140 0.2 28 49 0
1 514 37 5 12 88 5800 15922 7 1 140 0.09 19 48 0
1 514 37 5 12 88 5800 15922 14 1 140 0.25 29 47 0
1 514 37 5 12 88 5800 15922 15 1 140 0.2 27 45 0
1 514 37 5 12 88 5800 15922 15 1 140 0.19 26 44 0
1 514 37 5 12 88 5800 15922 7 1 140 0.11 23 43 0
1 514 37 5 12 88 5800 15922 13 1 140 0.25 28 42 0
1 514 37 5 12 88 5800 15922 20 1 140 0.2 28 46 0
1 514 37 5 12 88 5800 15922 15 1 140 0.3 30 41 0
1 514 51 5 13 88 5800 15945 21 1 140 0.35 33 80 0
1 514 51 5 13 88 5800 15945 12 1 140 0.17 27 79 0
1 514 51 5 13 88 5800 15945 12 1 140 0.27 29 78 0
1 514 51 5 13 88 5800 15945 7 1 140 0.16 25 77 0
1 514 51 5 13 88 5800 15945 21 2 140 0.45 35 63 0
1 514 51 5 13 88 5800 15945 10 1 140 0.2 29 76 0
1 514 51 5 13 88 5800 15945 15 1 140 0.18 27 75 0
1 514 51 5 13 88 5800 15945 14 1 140 0.32 32 74 0
1 514 51 5 13 88 5800 15945 22 1 140 0.22 27 73 0
1 514 51 5 13 88 5800 15945 17 1 140 0.25 28 72 0
1 514 51 5 13 88 5800 15945 22 1 140 0.38 32 71 0
1 514 51 5 13 88 5800 15945 13 2 140 0.26 29 70 0
1 514 51 5 13 88 5800 15945 16 2 140 0.4 33 69 0
1 514 51 5 13 88 5800 15945 16 2 140 0.43 35 68 0
1 514 51 5 13 88 5800 15945 8 2 140 0.19 28 67 0
1 514 51 5 13 88 5800 15945 15 2 140 0.43 35 66 0
1 514 51 5 13 88 5800 15945 13 2 140 0.2 29 65 0
1 514 51 5 13 88 5800 15945 12 2 140 0.27 30 64 0
1 514 51 5 13 88 5800 15945 14 2 140 0.37 32 62 0
1 514 51 5 13 88 5800 15945 16 2 140 0.39 34 61 0
1 514 16 5 27 88 5827 15923 5 2 140 0.04 15 100 0
1 514 16 5 27 88 5827 15923 7 2 140 0.07 18 99 0
1 514 16 5 27 88 5827 15923 5 2 140 0.05 16 98 0
1 514 16 5 27 88 5827 15923 7 2 140 0.18 26 96 0
1 514 16 5 27 88 5827 15923 13 2 140 0.47 35 95 0
1 514 16 5 27 88 5827 15923 15 1 140 0.32 32 85 0
1 514 16 5 27 88 5827 15923 14 1 140 0.18 25 89 0
1 514 16 5 27 88 5827 15923 15 2 140 0.41 33 93 0
1 514 16 5 27 88 5827 15923 5 2 140 0.05 14 97 0
1 514 16 5 27 88 5827 15923 22 2 140 0.64 38 94 0
1 514 16 5 27 88 5827 15923 15 2 140 0.53 37 92 0
1 514 16 5 27 88 5827 15923 7 2 140 0.12 20 91 0
1 514 16 5 27 88 5827 15923 5 1 140 -9 13 90 0
1 514 16 5 27 88 5827 15923 5 1 140 0.07 18 88 0
1 514 16 5 27 88 5827 15923 15 1 140 0.42 34 86 0
1 514 16 5 27 88 5827 15923 19 1 140 0.34 32 84 0
1 514 16 5 27 88 5827 15923 7 1 140 0.08 17 83 0
1 514 16 5 27 88 5827 15923 14 1 140 0.29 33 82 0
1 514 16 5 27 88 5827 15923 15 1 140 0.36 33 81 0
1 516 66 3 1 88 5629 16205 9 1 140 0.25 26 83 0
1 516 66 3 1 88 5629 16205 22 1 140 0.52 34 85 0
1 516 66 3 1 88 5629 16205 12 2 140 0.45 32 89 0
1 516 66 3 1 88 5629 16205 21 2 140 0.47 34 100 0
1 516 66 3 1 88 5629 16205 18 2 140 0.52 35 90 0
1 516 66 3 1 88 5629 16205 13 2 140 0.45 32 91 0
1 516 66 3 1 88 5629 16205 9 2 140 0.22 26 92 0
1 516 66 3 1 88 5629 16205 14 2 140 0.45 33 93 0
1 516 66 3 1 88 5629 16205 15 2 140 0.35 30 95 0
1 516 66 3 1 88 5629 16205 16 2 140 0.85 38 96 0
1 516 66 3 1 88 5629 16205 15 2 140 0.52 34 97 0
1 516 66 3 1 88 5629 16205 21 2 140 0.55 35 99 0
1 516 66 3 1 88 5629 16205 21 2 140 0.42 32 94 0
1 516 66 3 1 88 5629 16205 19 2 140 0.5 34 98 0
1 516 66 3 1 88 5629 16205 12 2 140 0.47 33 87 0
1 516 66 3 1 88 5629 16205 18 2 140 0.47 33 88 0
1 516 66 3 1 88 5629 16205 14 2 140 0.32 32 86 0
1 516 66 3 1 88 5629 16205 9 1 140 0.25 26 84 0
1 516 66 3 1 88 5629 16205 15 1 140 0.4 30 82 0
1 516 66 3 1 88 5629 16205 19 1 140 0.37 30 81 0
1 516 71 3 2 88 5623 16204 9 1 140 0.22 26 103 0
1 516 71 3 2 88 5623 16204 19 1 140 0.55 35 105 0
1 516 71 3 2 88 5623 16204 12 2 140 0.6 36 110 0
1 516 71 3 2 88 5623 16204 7 2 140 0.2 24 111 0
1 516 71 3 2 88 5623 16204 6 2 140 0.18 22 112 0
1 516 71 3 2 88 5623 16204 12 1 140 0.5 33 102 0
1 516 71 3 2 88 5623 16204 17 2 140 0.47 35 107 0
1 516 71 3 2 88 5623 16204 18 2 140 0.57 36 108 0
1 516 71 3 2 88 5623 16204 18 2 140 0.45 34 109 0
1 516 71 3 2 88 5623 16204 16 1 140 0.5 34 106 0
1 516 71 3 2 88 5623 16204 24 1 140 0.47 33 104 0
1 516 71 3 2 88 5623 16204 9 1 140 0.2 25 101 0
1 516 77 3 3 88 5622 16230 18 1 140 0.62 36 114 0
1 516 77 3 3 88 5622 16230 23 1 140 0.47 33 115 0
1 516 77 3 3 88 5622 16230 18 2 140 0.9 40 119 0
1 516 77 3 3 88 5622 16230 18 2 140 0.25 27 120 0
1 516 77 3 3 88 5622 16230 23 2 140 0.6 36 117 0
1 516 77 3 3 88 5622 16230 15 2 140 0.75 37 118 0
1 516 77 3 3 88 5622 16230 14 1 140 0.47 33 116 0
1 516 77 3 3 88 5622 16230 14 1 140 0.47 33 113 0
1 509 70 3 6 88 5645 16417 18 1 140 0.52 34 143 0
1 509 73 3 8 88 5648 16432 9 2 140 0.17 23 147 0
1 509 73 3 8 88 5648 16432 8 1 140 0.17 23 146 0
1 509 73 3 8 88 5648 16432 22 2 140 0.55 37 150 0
1 509 73 3 8 88 5648 16432 14 2 140 0.82 40 151 0
1 509 73 3 8 88 5648 16432 14 2 140 0.75 39 152 0
1 509 73 3 8 88 5648 16432 8 2 140 0.2 24 153 0
1 509 73 3 8 88 5648 16432 7 1 140 0.15 22 144 0
1 509 73 3 8 88 5648 16432 7 2 140 0.1 21 148 0
1 509 73 3 8 88 5648 16432 8 2 140 0.15 23 149 0
1 509 73 3 8 88 5648 16432 9 1 140 0.17 23 145 0
1 509 73 3 8 88 5652 16458 7 1 140 0.15 22 156 2
1 509 73 3 8 88 5652 16458 14 1 140 0.62 37 155 2
1 509 73 3 8 88 5652 16458 8 2 140 0.15 22 159 2
1 509 73 3 8 88 5652 16458 9 2 140 0.17 24 160 2
1 509 73 3 8 88 5652 16458 9 2 140 0.15 23 161 2
1 509 73 3 8 88 5652 16458 16 2 140 0.85 39 157 2
1 509 73 3 8 88 5652 16458 9 2 140 0.15 23 158 2
1 509 73 3 8 88 5652 16458 13 1 140 0.55 35 154 2
1 516 64 2 24 88 5700 16235 14 1 140 0.2 29 3 0
1 516 64 2 24 88 5700 16235 17 1 140 0.35 31 5 0
1 516 64 2 24 88 5700 16235 17 1 140 0.3 29 9 0
1 516 64 2 24 88 5700 16235 11 2 140 0.4 31 20 0
1 516 64 2 24 88 5700 16235 7 1 140 0.13 24 10 0
1 516 64 2 24 88 5700 16235 12 2 140 0.35 31 11 0
1 516 64 2 24 88 5700 16235 9 2 140 0.2 26 12 0
1 516 64 2 24 88 5700 16235 8 2 140 0.25 28 13 0
1 516 64 2 24 88 5700 16235 18 2 140 0.32 30 15 0
1 516 64 2 24 88 5700 16235 12 2 140 0.32 29 16 0
1 516 64 2 24 88 5700 16235 9 2 140 0.3 28 17 0
1 516 64 2 24 88 5700 16235 15 2 140 0.3 29 19 0
1 516 64 2 24 88 5700 16235 12 2 140 0.35 31 14 0
1 516 64 2 24 88 5700 16235 15 2 140 0.35 31 18 0
1 516 64 2 24 88 5700 16235 24 1 140 0.32 30 7 0
1 516 64 2 24 88 5700 16235 18 1 140 0.32 31 8 0
1 516 64 2 24 88 5700 16235 15 1 140 0.25 28 6 0
1 516 64 2 24 88 5700 16235 20 1 140 0.3 32 4 0
1 516 64 2 24 88 5700 16235 9 1 140 0.15 24 2 0
1 516 64 2 24 88 5700 16235 9 1 140 0.2 25 1 0
1 516 66 2 25 88 5658 16225 11 1 140 0.25 27 23 0
1 516 66 2 25 88 5658 16225 14 1 140 0.3 29 25 0
1 516 66 2 25 88 5658 16225 14 2 140 0.42 33 31 0
1 516 66 2 25 88 5658 16225 22 2 140 0.55 37 32 0
1 516 66 2 25 88 5658 16225 10 2 140 0.3 29 33 0
1 516 66 2 25 88 5658 16225 16 2 140 0.32 30 34 0
1 516 66 2 25 88 5658 16225 9 2 140 0.2 25 35 0
1 516 66 2 25 88 5658 16225 7 2 140 0.2 26 36 0
1 516 66 2 25 88 5658 16225 9 2 140 0.25 27 37 0
1 516 66 2 25 88 5658 16225 7 2 140 0.1 21 38 0
1 516 66 2 25 88 5658 16225 12 2 140 0.35 30 39 0
1 516 66 2 25 88 5658 16225 9 2 140 0.25 28 40 0
1 516 66 2 25 88 5658 16225 12 1 140 0.32 30 22 0
1 516 66 2 25 88 5658 16225 16 1 140 0.3 29 26 0
1 516 66 2 25 88 5658 16225 15 1 140 0.3 29 30 0
1 516 66 2 25 88 5658 16225 9 1 140 0.15 24 28 0
1 516 66 2 25 88 5658 16225 12 1 140 0.2 27 29 0
1 516 66 2 25 88 5658 16225 10 1 140 0.25 28 27 0
1 516 66 2 25 88 5658 16225 12 1 140 0.25 28 24 0
1 516 66 2 25 88 5658 16225 14 1 140 0.4 32 21 0
1 509 62 2 26 88 5652 16318 9 1 140 0.22 27 43 0
1 509 62 2 26 88 5652 16318 19 1 140 0.35 31 45 0
1 509 62 2 26 88 5652 16318 16 1 140 0.4 30 49 0
1 509 62 2 26 88 5652 16318 12 1 140 0.47 34 50 0
1 509 62 2 26 88 5652 16318 12 2 140 0.65 37 51 0
1 509 62 2 26 88 5652 16318 15 2 140 0.47 34 53 0
1 509 62 2 26 88 5652 16318 13 2 140 0.37 29 54 0
1 509 62 2 26 88 5652 16318 14 2 140 0.57 36 55 0
1 509 62 2 26 88 5652 16318 9 2 140 0.25 27 57 0
1 509 62 2 26 88 5652 16318 9 2 140 0.27 29 58 0
1 509 62 2 26 88 5652 16318 12 2 140 0.3 28 59 0
1 509 62 2 26 88 5652 16318 19 2 140 0.65 36 52 0
1 509 62 2 26 88 5652 16318 12 2 140 0.27 28 56 0
1 509 62 2 26 88 5652 16318 14 2 140 0.6 35 60 0
1 509 62 2 26 88 5652 16318 9 1 140 0.17 24 47 0
1 509 62 2 26 88 5652 16318 16 1 140 0.25 27 48 0
1 509 62 2 26 88 5652 16318 9 1 140 0.27 28 46 0
1 509 62 2 26 88 5652 16318 15 1 140 0.3 28 44 0
1 509 62 2 26 88 5652 16318 21 1 140 0.37 31 42 0
1 509 62 2 26 88 5652 16318 14 1 140 0.4 32 41 0
1 509 62 2 28 88 5652 16319 23 1 140 0.65 36 63 0
1 509 62 2 28 88 5652 16319 10 1 140 0.22 27 66 0
1 509 62 2 28 88 5652 16319 22 2 140 0.9 40 71 0
1 509 62 2 28 88 5652 16319 18 2 140 0.45 33 73 0
1 509 62 2 28 88 5652 16319 14 2 140 0.47 35 74 0
1 509 62 2 28 88 5652 16319 10 2 140 0.32 30 75 0
1 509 62 2 28 88 5652 16319 8 2 140 0.22 26 76 0
1 509 62 2 28 88 5652 16319 9 2 140 0.25 27 77 0
1 509 62 2 28 88 5652 16319 9 2 140 0.15 23 78 0
1 509 62 2 28 88 5652 16319 15 2 140 0.22 26 79 0
1 509 62 2 28 88 5652 16319 18 2 140 0.37 32 80 0
1 509 62 2 28 88 5652 16319 12 1 140 0.22 26 64 0
1 509 62 2 28 88 5652 16319 20 1 140 0.3 32 68 0
1 509 62 2 28 88 5652 16319 13 2 140 0.32 31 72 0
1 509 62 2 28 88 5652 16319 9 1 140 0.22 26 69 0
1 509 62 2 28 88 5652 16319 7 1 140 0.12 22 70 0
1 509 62 2 28 88 5652 16319 13 1 140 0.3 31 67 0
1 509 62 2 28 88 5652 16319 11 1 140 0.42 32 65 0
1 509 62 2 28 88 5652 16319 8 1 140 0.17 24 62 0
1 509 62 2 28 88 5652 16319 13 1 140 0.45 34 61 0
1 534 55 10 16 88 5800 16558 7 1 140 0.2 25 59 0
1 534 55 10 16 88 5800 16558 8 1 140 0.15 22 58 0
1 534 55 10 16 88 5800 16558 7 1 140 0.15 24 57 0
1 534 55 10 16 88 5800 16558 9 1 140 0.15 24 56 0
1 534 55 10 16 88 5800 16558 9 1 140 0.25 27 55 0
1 534 55 10 16 88 5800 16558 18 1 140 0.3 30 54 0
1 534 55 10 16 88 5800 16558 20 1 140 0.4 32 53 0
1 534 55 10 16 88 5800 16558 15 1 140 0.4 34 52 0
1 534 55 10 16 88 5800 16558 18 1 140 0.45 33 51 0
1 534 55 10 16 88 5800 16558 7 2 140 0.1 20 50 0
1 534 55 10 16 88 5800 16558 9 2 140 0.1 22 49 0
1 534 55 10 16 88 5800 16558 7 2 140 0.15 25 48 0
1 534 55 10 16 88 5800 16558 9 2 140 0.15 23 47 0
1 534 55 10 16 88 5800 16558 12 2 140 0.3 29 46 0
1 534 55 10 16 88 5800 16558 18 2 140 0.45 33 45 0
1 534 55 10 16 88 5800 16558 14 2 140 0.5 34 44 0
1 534 55 10 16 88 5800 16558 19 2 140 0.6 37 41 0
1 534 55 10 16 88 5800 16558 7 1 140 0.1 23 60 0
1 534 55 10 16 88 5800 16558 18 2 140 0.55 36 43 0
1 534 55 10 16 88 5800 16558 29 2 140 0.6 37 42 0
1 513 53 10 17 88 5751 16628 9 2 140 0.3 29 63 0
1 513 53 10 17 88 5751 16628 14 2 140 0.55 36 62 0
1 513 53 10 17 88 5751 16628 19 2 140 0.5 36 61 0
1 513 53 10 17 88 5751 16628 8 1 140 0.15 24 79 0
1 513 53 10 17 88 5751 16628 8 1 140 0.1 22 78 0
1 513 53 10 17 88 5751 16628 8 1 140 0.2 25 77 0
1 513 53 10 17 88 5751 16628 9 1 140 0.25 29 75 0
1 513 53 10 17 88 5751 16628 14 1 140 0.35 32 74 0
1 513 53 10 17 88 5751 16628 18 1 140 0.25 28 73 0
1 513 53 10 17 88 5751 16628 18 1 140 0.4 33 71 0
1 513 53 10 17 88 5751 16628 7 2 140 0.05 20 70 0
1 513 53 10 17 88 5751 16628 13 2 140 0.55 35 64 0
1 513 53 10 17 88 5751 16628 8 2 140 0.15 25 68 0
1 513 53 10 17 88 5751 16628 14 1 140 0.4 33 72 0
1 513 53 10 17 88 5751 16628 9 1 140 0.2 26 76 0
1 513 53 10 17 88 5751 16628 7 1 140 0.1 22 80 0
1 513 53 10 17 88 5751 16628 7 2 140 0.1 23 69 0
1 513 53 10 17 88 5751 16628 7 2 140 0.1 23 67 0
1 513 53 10 17 88 5751 16628 7 2 140 0.2 26 66 0
1 513 53 10 17 88 5751 16628 16 2 140 0.45 34 65 0
1 513 55 10 18 88 5758 16548 7 1 140 0.1 21 100 0
1 513 55 10 18 88 5758 16548 8 1 140 0.15 23 99 0
1 513 55 10 18 88 5758 16548 7 1 140 0.15 23 98 0
1 513 55 10 18 88 5758 16548 8 1 140 0.2 25 97 0
1 513 55 10 18 88 5758 16548 7 1 140 0.1 22 96 0
1 513 55 10 18 88 5758 16548 8 1 140 0.2 26 95 0
1 513 55 10 18 88 5758 16548 21 1 140 0.3 29 94 0
1 513 55 10 18 88 5758 16548 15 1 140 0.4 34 93 0
1 513 55 10 18 88 5758 16548 19 1 140 0.5 35 92 0
1 513 55 10 18 88 5758 16548 14 1 140 0.45 32 91 0
1 513 55 10 18 88 5758 16548 7 2 140 0.15 23 90 0
1 513 55 10 18 88 5758 16548 7 2 140 0.1 20 89 0
1 513 55 10 18 88 5758 16548 7 2 140 0.1 22 88 0
1 513 55 10 18 88 5758 16548 7 2 140 0.1 23 87 0
1 513 55 10 18 88 5758 16548 7 2 140 0.15 25 86 0
1 513 55 10 18 88 5758 16548 14 2 140 0.4 34 85 0
1 513 55 10 18 88 5758 16548 14 2 140 0.4 33 84 0
1 513 55 10 18 88 5758 16548 18 2 140 0.5 34 83 0
1 513 55 10 18 88 5758 16548 13 2 140 0.5 36 82 0
1 513 55 10 18 88 5758 16548 22 2 140 0.55 37 81 0
1 513 55 10 19 88 5758 16558 7 1 140 0.1 21 120 0
1 513 55 10 19 88 5758 16558 7 1 140 0.1 23 119 0
1 513 55 10 19 88 5758 16558 10 1 140 0.2 27 118 0
1 513 55 10 19 88 5758 16558 8 1 140 0.15 24 117 0
1 513 55 10 19 88 5758 16558 8 1 140 0.2 26 116 0
1 513 55 10 19 88 5758 16558 7 1 140 0.15 25 115 0
1 513 55 10 19 88 5758 16558 11 1 140 0.3 28 113 0
1 513 55 10 19 88 5758 16558 9 2 140 0.25 28 106 0
1 513 55 10 19 88 5758 16558 8 2 140 0.2 25 110 0
1 513 55 10 19 88 5758 16558 11 1 140 0.3 29 114 0
1 513 55 10 19 88 5758 16558 22 1 140 0.55 37 111 0
1 513 55 10 19 88 5758 16558 7 2 140 0.1 22 109 0
1 513 55 10 19 88 5758 16558 9 2 140 0.2 26 108 0
1 513 55 10 19 88 5758 16558 8 2 140 0.2 26 107 0
1 513 55 10 19 88 5758 16558 8 2 140 0.25 27 105 0
1 513 55 10 19 88 5758 16558 9 2 140 0.3 31 104 0
1 513 55 10 19 88 5758 16558 13 2 140 0.4 34 102 0
1 513 55 10 19 88 5758 16558 11 2 140 0.3 30 103 0
1 534 53 10 20 88 5803 16633 8 2 140 0.15 24 140 0
1 534 53 10 20 88 5803 16633 9 2 140 0.2 25 139 0
1 534 53 10 20 88 5803 16633 7 2 140 0.3 29 137 0
1 534 53 10 20 88 5803 16633 19 2 140 0.35 31 136 0
1 534 53 10 20 88 5803 16633 15 2 140 0.45 33 135 0
1 534 53 10 20 88 5803 16633 21 2 140 0.45 35 134 0
1 534 53 10 20 88 5803 16633 14 2 140 0.5 35 133 0
1 534 53 10 20 88 5803 16633 18 2 140 0.6 39 132 0
1 534 53 10 20 88 5803 16633 20 2 140 0.8 40 131 0
1 534 53 10 20 88 5803 16633 7 1 140 0.05 20 130 0
1 534 53 10 20 88 5803 16633 8 1 140 0.1 22 129 0
1 534 53 10 20 88 5803 16633 7 1 140 0.15 25 128 0
1 534 53 10 20 88 5803 16633 9 1 140 0.15 24 127 0
1 534 53 10 20 88 5803 16633 9 1 140 0.35 31 126 0
1 534 53 10 20 88 5803 16633 19 1 140 0.4 31 125 0
1 534 53 10 20 88 5803 16633 12 1 140 0.5 34 124 0
1 534 53 10 20 88 5803 16633 17 1 140 0.45 34 123 0
1 534 53 10 20 88 5803 16633 21 1 140 0.55 36 122 0
1 534 53 10 20 88 5803 16633 8 2 140 0.25 27 138 0
1 534 53 10 20 88 5803 16633 26 1 140 0.5 35 121 0
1 534 57 10 21 88 5802 16628 7 1 140 0.1 21 155 0
1 534 57 10 21 88 5802 16628 9 1 140 0.25 27 153 0
1 534 57 10 21 88 5802 16628 16 1 140 0.35 31 152 0
1 534 57 10 21 88 5802 16628 16 1 140 0.5 35 151 0
1 534 57 10 21 88 5802 16628 7 2 140 0.15 22 149 0
1 534 57 10 21 88 5802 16628 8 2 140 0.15 24 148 0
1 534 57 10 21 88 5802 16628 9 2 140 0.3 30 146 0
1 534 57 10 21 88 5802 16628 7 2 140 0.1 22 150 0
1 534 57 10 21 88 5802 16628 14 1 140 0.3 29 154 0
1 534 57 10 21 88 5802 16628 8 2 140 0.3 31 147 0
1 534 57 10 21 88 5802 16628 12 2 140 0.3 29 142 0
1 534 57 10 21 88 5802 16628 8 2 140 0.2 27 145 0
1 534 57 10 21 88 5802 16628 9 2 140 0.2 27 144 0
1 534 57 10 21 88 5802 16628 8 2 140 0.25 28 143 0
1 534 57 10 21 88 5802 16628 12 2 140 0.5 35 141 0
1 534 57 10 31 88 5804 16549 7 1 140 0.1 20 177 0
1 534 57 10 31 88 5804 16549 7 2 140 0.1 21 175 0
1 534 57 10 31 88 5804 16549 7 2 140 0.1 20 176 0
1 534 57 10 31 88 5804 16549 7 2 140 0.1 21 174 0
1 534 57 10 31 88 5804 16549 23 2 140 0.9 39 173 0
1 513 60 11 1 88 5741 16531 27 2 140 0.65 37 178 0
1 513 64 10 14 88 5745 16534 16 1 140 0.45 33 20 0
1 513 64 10 14 88 5745 16534 9 1 140 0.23 27 19 0
1 513 64 10 14 88 5745 16534 22 1 140 0.5 34 18 0
1 513 64 10 14 88 5745 16534 14 1 140 0.35 31 17 0
1 513 64 10 14 88 5745 16534 17 1 140 0.35 30 16 0
1 513 64 10 14 88 5745 16534 17 1 140 0.35 32 15 0
1 513 64 10 14 88 5745 16534 9 1 140 0.3 29 14 0
1 513 64 10 14 88 5745 16534 14 1 140 0.25 30 13 0
1 513 64 10 14 88 5745 16534 21 1 140 0.4 31 12 0
1 513 64 10 14 88 5745 16534 12 1 140 0.37 30 11 0
1 513 64 10 14 88 5745 16534 15 2 140 0.45 32 10 0
1 513 64 10 14 88 5745 16534 13 2 140 0.35 30 9 0
1 513 64 10 14 88 5745 16534 11 2 140 0.45 32 8 0
1 513 64 10 14 88 5745 16534 13 2 140 0.51 35 7 0
1 513 64 10 14 88 5745 16534 9 2 140 0.42 33 6 0
1 513 64 10 14 88 5745 16534 9 2 140 0.4 31 5 0
1 513 64 10 14 88 5745 16534 20 2 140 0.4 33 4 0
1 513 64 10 14 88 5745 16534 14 2 140 0.5 36 3 0
1 513 64 10 14 88 5745 16534 15 2 140 0.4 32 2 0
1 513 64 10 14 88 5745 16534 18 2 140 0.4 32 1 0
1 513 59 10 15 88 5758 16554 13 1 140 0.4 33 40 0
1 513 59 10 15 88 5758 16554 9 1 140 0.25 28 39 0
1 513 59 10 15 88 5758 16554 8 1 140 0.25 27 38 0
1 513 59 10 15 88 5758 16554 19 1 140 0.3 30 36 0
1 513 59 10 15 88 5758 16554 9 1 140 0.2 26 35 0
1 513 59 10 15 88 5758 16554 14 2 140 0.25 28 21 0
1 513 59 10 15 88 5758 16554 8 2 140 0.15 24 25 0
1 513 59 10 15 88 5758 16554 7 2 140 0.2 26 29 0
1 513 59 10 15 88 5758 16554 14 1 140 0.45 33 33 0
1 513 59 10 15 88 5758 16554 12 1 140 0.25 28 37 0
1 513 59 10 15 88 5758 16554 19 1 140 0.3 28 34 0
1 513 59 10 15 88 5758 16554 7 1 140 0.25 26 32 0
1 513 59 10 15 88 5758 16554 7 1 140 0.1 21 31 0
1 513 59 10 15 88 5758 16554 20 2 140 0.35 31 30 0
1 513 59 10 15 88 5758 16554 7 2 140 0.15 24 28 0
1 513 59 10 15 88 5758 16554 8 2 140 0.2 26 27 0
1 513 59 10 15 88 5758 16554 9 2 140 0.25 28 26 0
1 513 59 10 15 88 5758 16554 12 2 140 0.4 32 24 0
1 513 59 10 15 88 5758 16554 9 2 140 0.35 30 23 0
1 513 59 10 15 88 5758 16554 12 2 140 0.3 30 22 0
1 513 64 11 19 88 5728 16519 18 2 140 0.7 39 185 0
1 513 70 11 21 88 5721 16535 21 2 140 0.65 38 186 0
1 513 60 11 4 88 5741 16503 5 1 140 0.1 20 179 0
1 513 60 11 4 88 5741 16503 7 1 140 0.1 20 180 0
1 513 57 11 6 88 5734 16507 7 1 140 0.1 20 182 0
1 513 57 11 6 88 5734 16507 7 2 140 0.1 20 181 0
1 513 68 11 10 88 5739 16518 19 2 140 0.6 39 183 0
1 513 64 11 11 88 5720 16520 21 2 140 0.55 38 184 0
1 513 59 10 22 88 5747 16552 7 2 140 0.1 21 163 0
1 513 59 10 22 88 5747 16552 7 2 140 0.15 24 162 0
1 513 59 10 22 88 5747 16552 8 2 140 0.2 27 161 0
1 513 59 10 22 88 5747 16552 9 2 140 0.25 29 160 0
1 513 59 10 22 88 5747 16552 7 1 140 0.1 21 159 0
1 513 59 10 22 88 5747 16552 7 1 140 0.1 23 158 0
1 513 59 10 22 88 5747 16552 20 1 140 0.4 35 157 0
1 513 59 10 22 88 5747 16552 18 1 140 0.5 35 156 0
1 513 59 10 23 88 5749 16534 14 1 140 0.5 36 167 0
1 513 59 10 23 88 5749 16534 8 2 140 0.1 21 166 0
1 513 59 10 23 88 5749 16534 8 2 140 0.1 21 165 0
1 513 59 10 23 88 5749 16534 9 2 140 0.25 28 164 0
1 534 55 10 30 88 5802 16545 21 1 140 0.55 37 172 0
1 534 55 10 30 88 5802 16545 15 2 140 0.6 37 171 0
1 534 55 10 30 88 5802 16545 20 2 140 0.75 38 170 0
1 534 55 10 30 88 5802 16545 19 2 140 0.75 38 169 0
1 534 55 10 30 88 5802 16545 18 2 140 0.8 38 168 0
1 513 0 3 17 88 5659 16602 8 2 140 0.15 25 2 0
1 513 0 3 17 88 5659 16602 20 2 140 0.39 34 5 0
1 513 0 3 17 88 5659 16602 16 2 140 0.84 40 18 0
1 513 0 3 17 88 5659 16602 11 2 140 0.4 33 7 0
1 513 0 3 17 88 5659 16602 8 1 140 0.15 25 9 0
1 513 0 3 17 88 5659 16602 10 1 140 0.21 28 11 0
1 513 0 3 17 88 5659 16602 14 1 140 0.39 34 15 0
1 513 0 3 17 88 5659 16602 12 1 140 0.35 33 16 0
1 513 0 3 17 88 5659 16602 17 2 140 0.48 36 17 0
1 513 0 3 17 88 5659 16602 14 1 140 0.25 29 19 0
1 513 0 3 17 88 5659 16602 14 1 140 0.25 31 20 0
1 513 0 3 17 88 5659 16602 21 1 140 0.47 35 13 0
1 513 0 3 17 88 5659 16602 15 2 140 0.3 32 14 0
1 513 0 3 17 88 5659 16602 17 2 140 0.45 36 12 0
1 513 0 3 17 88 5659 16602 16 2 140 0.6 38 10 0
1 513 0 3 17 88 5659 16602 15 2 140 0.4 35 8 0
1 513 0 3 17 88 5659 16602 8 1 140 0.15 24 6 0
1 513 0 3 17 88 5659 16602 11 1 140 0.25 29 4 0
1 513 0 3 17 88 5659 16602 19 1 140 0.35 35 3 0
1 513 0 3 17 88 5659 16602 14 2 140 0.5 45 1 0
1 513 0 3 18 88 5650 16637 17 1 140 0.35 32 22 0
1 513 0 3 18 88 5650 16637 11 2 140 0.35 32 26 0
1 513 0 3 18 88 5650 16637 8 1 140 0.25 29 30 0
1 513 0 3 18 88 5650 16637 18 2 140 0.5 35 34 0
1 513 0 3 18 88 5650 16637 11 1 140 0.2 27 38 0
1 513 0 3 18 88 5650 16637 14 1 140 0.33 31 23 0
1 513 0 3 18 88 5650 16637 14 1 140 0.39 32 24 0
1 513 0 3 18 88 5650 16637 22 1 140 0.3 31 27 0
1 513 0 3 18 88 5650 16637 9 1 140 0.16 26 29 0
1 513 0 3 18 88 5650 16637 13 2 140 0.45 36 32 0
1 513 0 3 18 88 5650 16637 9 2 140 0.22 29 37 0
1 513 0 3 18 88 5650 16637 20 2 140 0.39 33 39 0
1 513 0 3 18 88 5650 16637 19 1 140 0.6 37 40 0
1 513 0 3 18 88 5650 16637 10 1 140 0.24 28 35 0
1 513 0 3 18 88 5650 16637 11 2 140 0.45 34 36 0
1 513 0 3 18 88 5650 16637 14 2 140 0.39 33 33 0
1 513 0 3 18 88 5650 16637 9 1 140 0.1 23 31 0
1 513 0 3 18 88 5650 16637 14 2 140 0.5 36 28 0
1 513 0 3 18 88 5650 16637 14 1 140 0.38 32 25 0
1 513 0 3 18 88 5650 16637 14 2 140 0.44 33 21 0
1 513 0 3 21 88 5708 16705 9 1 140 0.25 29 42 0
1 513 0 3 21 88 5708 16705 10 1 140 0.34 31 45 0
1 513 0 3 21 88 5708 16705 8 1 140 0.18 25 58 0
1 513 0 3 21 88 5708 16705 15 2 140 0.47 34 47 0
1 513 0 3 21 88 5708 16705 14 2 140 0.24 29 49 0
1 513 0 3 21 88 5708 16705 10 1 140 0.25 29 51 0
1 513 0 3 21 88 5708 16705 16 2 140 0.6 37 55 0
1 513 0 3 21 88 5708 16705 17 2 140 0.46 34 56 0
1 513 0 3 21 88 5708 16705 17 1 140 0.26 30 57 0
1 513 0 3 21 88 5708 16705 11 1 140 0.17 26 59 0
1 513 0 3 21 88 5708 16705 10 1 140 0.24 28 60 0
1 513 0 3 21 88 5708 16705 19 2 140 0.56 37 53 0
1 513 0 3 21 88 5708 16705 10 1 140 0.2 28 54 0
1 513 0 3 21 88 5708 16705 18 2 140 0.62 37 52 0
1 513 0 3 21 88 5708 16705 21 2 140 0.34 35 50 0
1 513 0 3 21 88 5708 16705 12 1 140 0.27 31 48 0
1 513 0 3 21 88 5708 16705 17 2 140 0.32 32 46 0
1 513 0 3 21 88 5708 16705 13 2 140 0.45 34 44 0
1 513 0 3 21 88 5708 16705 18 2 140 0.45 37 43 0
1 513 0 3 21 88 5708 16705 8 1 140 0.1 23 41 0
1 513 0 3 22 88 5657 16649 9 2 140 0.32 31 62 0
1 513 0 3 22 88 5657 16649 12 2 140 0.34 33 66 0
1 513 0 3 22 88 5657 16649 14 2 140 0.65 39 70 0
1 513 0 3 22 88 5657 16649 10 2 140 0.2 27 74 0
1 513 0 3 22 88 5657 16649 12 1 140 0.2 28 78 0
1 513 0 3 22 88 5657 16649 12 2 140 0.45 35 63 0
1 513 0 3 22 88 5657 16649 13 2 140 0.32 31 64 0
1 513 0 3 22 88 5657 16649 15 2 140 0.65 38 67 0
1 513 0 3 22 88 5657 16649 12 2 140 0.32 32 69 0
1 513 0 3 22 88 5657 16649 11 2 140 0.25 30 72 0
1 513 0 3 22 88 5657 16649 18 1 140 0.4 33 77 0
1 513 0 3 22 88 5657 16649 11 1 140 0.26 30 79 0
1 513 0 3 22 88 5657 16649 25 1 140 0.29 30 80 0
1 513 0 3 22 88 5657 16649 7 2 140 0.11 23 75 0
1 513 0 3 22 88 5657 16649 9 1 140 0.31 31 76 0
1 513 0 3 22 88 5657 16649 9 2 140 0.16 26 73 0
1 513 0 3 22 88 5657 16649 12 2 140 0.35 32 71 0
1 513 0 3 22 88 5657 16649 15 2 140 0.54 37 68 0
1 513 0 3 22 88 5657 16649 13 2 140 0.39 33 65 0
1 513 0 3 22 88 5657 16649 16 2 140 0.31 31 61 0
1 513 0 3 23 88 5701 16726 26 1 140 0.52 36 82 0
1 513 0 3 23 88 5701 16726 7 1 140 0.1 22 85 0
1 513 0 3 23 88 5701 16726 9 2 140 0.21 29 100 0
1 513 0 3 23 88 5701 16726 14 1 140 0.45 35 87 0
1 513 0 3 23 88 5701 16726 7 1 140 0.11 23 89 0
1 513 0 3 23 88 5701 16726 9 1 140 0.19 26 91 0
1 513 0 3 23 88 5701 16726 18 1 140 0.35 32 95 0
1 513 0 3 23 88 5701 16726 9 2 140 0.24 28 96 0
1 513 0 3 23 88 5701 16726 12 2 140 0.27 31 97 0
1 513 0 3 23 88 5701 16726 8 2 140 0.11 22 98 0
1 513 0 3 23 88 5701 16726 17 2 140 0.65 40 99 0
1 513 0 3 23 88 5701 16726 13 1 140 0.4 33 93 0
1 513 0 3 23 88 5701 16726 13 1 140 0.41 33 94 0
1 513 0 3 23 88 5701 16726 12 1 140 0.25 30 92 0
1 513 0 3 23 88 5701 16726 21 1 140 0.4 35 90 0
1 513 0 3 23 88 5701 16726 13 1 140 0.36 33 88 0
1 513 0 3 23 88 5701 16726 9 1 140 0.23 27 86 0
1 513 0 3 23 88 5701 16726 8 1 140 0.2 25 84 0
1 513 0 3 23 88 5701 16726 9 1 140 0.2 25 83 0
1 513 0 3 23 88 5701 16726 8 1 140 0.14 25 81 0
1 513 0 3 25 88 5637 16507 12 1 140 0.39 34 102 0
1 513 0 3 25 88 5637 16507 14 1 140 0.5 34 104 0
1 513 0 3 25 88 5637 16507 14 1 140 0.28 28 108 0
1 513 0 3 25 88 5637 16507 19 2 140 0.59 38 112 0
1 513 0 3 25 88 5637 16507 10 2 140 0.2 27 116 0
1 513 0 3 25 88 5637 16507 14 1 140 0.47 36 103 0
1 513 0 3 25 88 5637 16507 11 1 140 0.5 35 106 0
1 513 0 3 25 88 5637 16507 17 1 140 0.41 34 109 0
1 513 0 3 25 88 5637 16507 12 1 140 0.35 32 111 0
1 513 0 3 25 88 5637 16507 15 2 140 0.27 30 117 0
1 513 0 3 25 88 5637 16507 9 2 140 0.21 29 118 0
1 513 0 3 25 88 5637 16507 8 2 140 0.15 24 119 0
1 513 0 3 25 88 5637 16507 12 2 140 0.29 30 120 0
1 513 0 3 25 88 5637 16507 20 2 140 0.68 39 114 0
1 513 0 3 25 88 5637 16507 9 2 140 0.2 27 115 0
1 513 0 3 25 88 5637 16507 21 2 140 0.7 39 113 0
1 513 0 3 25 88 5637 16507 9 1 140 0.28 30 110 0
1 513 0 3 25 88 5637 16507 21 1 140 0.39 33 107 0
1 513 0 3 25 88 5637 16507 8 1 140 0.2 27 105 0
1 513 0 3 25 88 5637 16507 18 1 140 0.54 36 101 0
1 513 0 3 27 88 5638 16512 8 1 140 0.15 24 144 0
1 513 0 3 27 88 5638 16512 14 1 140 0.41 35 141 0
1 513 0 3 27 88 5638 16512 9 2 140 0.18 26 145 0
1 513 0 3 27 88 5638 16512 11 2 140 0.2 28 149 0
1 513 0 3 27 88 5638 16512 14 2 140 0.63 41 153 0
1 513 0 3 27 88 5638 16512 19 2 140 0.69 39 157 0
1 513 0 3 27 88 5638 16512 9 1 140 0.14 24 143 0
1 513 0 3 27 88 5638 16512 10 2 140 0.18 28 146 0
1 513 0 3 27 88 5638 16512 9 2 140 0.17 26 148 0
1 513 0 3 27 88 5638 16512 11 2 140 0.25 28 151 0
1 513 0 3 27 88 5638 16512 19 2 140 0.69 40 156 0
1 513 0 3 27 88 5638 16512 15 2 140 0.69 40 158 0
1 513 0 3 27 88 5638 16512 19 2 140 0.7 38 159 0
1 513 0 3 27 88 5638 16512 17 2 140 0.68 39 160 0
1 513 0 3 27 88 5638 16512 11 2 140 0.18 26 154 0
1 513 0 3 27 88 5638 16512 21 2 140 0.75 41 155 0
1 513 0 3 27 88 5638 16512 22 2 140 0.8 41 152 0
1 513 0 3 27 88 5638 16512 21 2 140 0.65 40 150 0
1 513 0 3 27 88 5638 16512 9 2 140 0.21 28 147 0
1 513 0 3 27 88 5638 16512 17 1 140 0.6 37 142 0
1 513 0 3 28 88 5650 16625 18 1 140 0.56 37 162 0
1 513 0 3 28 88 5650 16625 7 1 140 0.14 23 164 0
1 513 0 3 28 88 5650 16625 8 2 140 0.13 22 176 0
1 513 0 3 28 88 5650 16625 10 2 140 0.11 23 180 0
1 513 0 3 28 88 5650 16625 18 1 140 0.55 37 166 0
1 513 0 3 28 88 5650 16625 17 2 140 0.88 41 168 0
1 513 0 3 28 88 5650 16625 9 2 140 0.16 25 170 0
1 513 0 3 28 88 5650 16625 9 2 140 0.12 24 174 0
1 513 0 3 28 88 5650 16625 9 2 140 0.16 25 175 0
1 513 0 3 28 88 5650 16625 8 2 140 0.15 23 177 0
1 513 0 3 28 88 5650 16625 8 2 140 0.1 21 178 0
1 513 0 3 28 88 5650 16625 9 2 140 0.14 22 179 0
1 513 0 3 28 88 5650 16625 8 2 140 0.17 25 172 0
1 513 0 3 28 88 5650 16625 9 2 140 0.11 24 173 0
1 513 0 3 28 88 5650 16625 8 2 140 0.1 21 171 0
1 513 0 3 28 88 5650 16625 9 2 140 0.15 24 169 0
1 513 0 3 28 88 5650 16625 7 1 140 0.15 24 167 0
1 513 0 3 28 88 5650 16625 7 1 140 0.12 21 165 0
1 513 0 3 28 88 5650 16625 9 1 140 0.15 24 163 0
1 513 0 3 28 88 5650 16625 13 1 140 0.54 36 161 0
1 514 0 4 30 88 5801 16012 7 1 140 0.06 18 200 0
1 514 0 4 30 88 5801 16012 7 1 140 0.05 19 199 0
1 514 0 4 30 88 5801 16012 8 1 140 0.09 21 198 0
1 514 0 4 30 88 5801 16012 7 1 140 0.1 21 197 0
1 514 0 4 30 88 5801 16012 8 1 140 0.08 20 196 0
1 514 0 4 30 88 5801 16012 5 1 140 0.04 17 195 0
1 514 0 4 30 88 5801 16012 7 1 140 0.05 19 194 0
1 514 0 4 30 88 5801 16012 8 2 140 0.08 20 193 0
1 513 79 3 24 88 5651 16634 12 1 140 0.55 38 10 0
1 513 79 3 24 88 5651 16634 9 2 140 0.22 27 3 0
1 513 79 3 24 88 5651 16634 19 1 140 0.35 32 7 0
1 513 79 3 24 88 5651 16634 12 1 140 0.3 30 9 0
1 513 79 3 24 88 5651 16634 11 1 140 0.25 29 8 0
1 513 79 3 24 88 5651 16634 11 1 140 0.25 28 6 0
1 513 79 3 24 88 5651 16634 11 2 140 0.3 31 5 0
1 513 79 3 24 88 5651 16634 11 2 140 0.45 35 4 0
1 513 79 3 24 88 5651 16634 15 2 140 0.4 33 2 0
1 513 79 3 24 88 5651 16634 11 2 140 0.4 33 1 0
1 517 79 3 27 88 5628 16515 13 2 140 0.38 33 20 0
1 517 79 3 27 88 5628 16515 17 1 140 0.25 29 11 0
1 517 79 3 27 88 5628 16515 11 1 140 0.3 30 15 0
1 517 79 3 27 88 5628 16515 12 2 140 0.25 29 19 0
1 517 79 3 27 88 5628 16515 9 2 140 0.18 25 18 0
1 517 79 3 27 88 5628 16515 9 2 140 0.37 33 17 0
1 517 79 3 27 88 5628 16515 10 2 140 0.39 32 16 0
1 517 79 3 27 88 5628 16515 15 1 140 0.27 31 14 0
1 517 79 3 27 88 5628 16515 16 1 140 0.31 30 13 0
1 517 79 3 27 88 5628 16515 14 1 140 0.49 37 12 0
1 513 88 3 29 88 5640 16652 19 2 140 0.59 37 30 0
1 513 88 3 29 88 5640 16652 10 2 140 0.25 28 29 0
1 513 88 3 29 88 5640 16652 14 2 140 0.45 34 28 0
1 513 88 3 29 88 5640 16652 15 2 140 0.42 34 27 0
1 513 88 3 29 88 5640 16652 14 2 140 0.56 35 26 0
1 513 88 3 29 88 5640 16652 9 1 140 0.31 30 25 0
1 513 88 3 29 88 5640 16652 10 1 140 0.31 29 24 0
1 513 88 3 29 88 5640 16652 20 1 140 0.48 34 23 0
1 513 88 3 29 88 5640 16652 19 1 140 0.45 35 22 0
1 513 88 3 29 88 5640 16652 9 1 140 0.35 31 21 0
1 513 86 3 30 88 5643 16642 10 1 140 0.3 30 40 0
1 513 86 3 30 88 5643 16642 10 1 140 0.2 26 39 0
1 513 86 3 30 88 5643 16642 12 1 140 0.55 36 37 0
1 513 86 3 30 88 5643 16642 21 1 140 0.34 32 36 0
1 513 86 3 30 88 5643 16642 14 2 140 0.49 36 35 0
1 513 86 3 30 88 5643 16642 11 1 140 0.23 28 38 0
1 513 86 3 30 88 5643 16642 8 2 140 0.22 27 34 0
1 513 86 3 30 88 5643 16642 16 2 140 0.52 35 33 0
1 513 86 3 30 88 5643 16642 15 2 140 0.26 28 32 0
1 513 86 3 30 88 5643 16642 14 2 140 0.36 32 31 0
1 513 88 3 31 88 5644 16635 15 1 140 0.35 31 49 0
1 513 88 3 31 88 5644 16635 22 1 140 0.4 32 48 0
1 513 88 3 31 88 5644 16635 8 1 140 0.19 26 47 0
1 513 88 3 31 88 5644 16635 19 2 140 0.63 38 45 0
1 513 88 3 31 88 5644 16635 12 2 140 0.32 31 42 0
1 513 88 3 31 88 5644 16635 9 1 140 0.19 27 46 0
1 513 88 3 31 88 5644 16635 12 1 140 0.3 32 50 0
1 513 88 3 31 88 5644 16635 19 2 140 0.4 34 44 0
1 513 88 3 31 88 5644 16635 9 2 140 0.21 27 43 0
1 513 88 3 31 88 5644 16635 14 2 140 0.58 38 41 0
1 513 88 3 31 88 5640 16646 13 1 140 0.43 33 60 0
1 513 88 3 31 88 5640 16646 13 1 140 0.28 29 59 0
1 513 88 3 31 88 5640 16646 11 1 140 0.23 28 57 0
1 513 88 3 31 88 5640 16646 20 1 140 0.51 36 56 0
1 513 88 3 31 88 5640 16646 8 2 140 0.2 27 55 0
1 513 88 3 31 88 5640 16646 14 2 140 0.36 32 54 0
1 513 88 3 31 88 5640 16646 11 1 140 0.23 27 58 0
1 513 88 3 31 88 5640 16646 11 2 140 0.4 31 53 0
1 513 88 3 31 88 5640 16646 14 2 140 0.43 34 52 0
1 513 88 3 31 88 5640 16646 9 2 140 0.25 29 51 0
1 517 101 4 5 88 5624 16633 14 1 140 0.45 35 70 0
1 517 101 4 5 88 5624 16633 18 1 140 0.39 33 69 0
1 517 101 4 5 88 5624 16633 15 1 140 0.36 32 68 0
1 517 101 4 5 88 5624 16633 14 1 140 0.41 34 67 0
1 517 101 4 5 88 5624 16633 12 1 140 0.38 31 66 0
1 517 101 4 5 88 5624 16633 12 2 140 0.49 34 65 0
1 517 101 4 5 88 5624 16633 13 2 140 0.5 36 64 0
1 517 101 4 5 88 5624 16633 16 2 140 0.44 33 63 0
1 517 101 4 5 88 5624 16633 21 2 140 0.47 36 62 0
1 517 101 4 5 88 5624 16633 19 2 140 0.45 35 61 0
1 513 88 4 6 88 5645 16735 12 1 140 0.34 31 80 0
1 513 88 4 6 88 5645 16735 8 1 140 0.25 27 78 0
1 513 88 4 6 88 5645 16735 9 1 140 0.25 27 79 0
1 513 88 4 6 88 5645 16735 9 1 140 0.32 29 77 0
1 513 88 4 6 88 5645 16735 9 1 140 0.18 24 76 0
1 513 88 4 6 88 5645 16735 7 2 140 0.19 25 75 0
1 513 88 4 6 88 5645 16735 9 2 140 0.19 24 74 0
1 513 88 4 6 88 5645 16735 10 2 140 0.25 28 73 0
1 513 88 4 6 88 5645 16735 14 2 140 0.49 35 72 0
1 513 88 4 6 88 5645 16735 9 2 140 0.13 22 71 0
1 513 88 4 7 88 5632 16639 9 1 140 0.19 24 100 0
1 513 88 4 7 88 5632 16639 9 2 140 0.27 28 94 0
1 513 88 4 7 88 5632 16639 15 1 140 0.39 33 98 0
1 513 88 4 7 88 5632 16639 10 1 140 0.24 26 99 0
1 513 88 4 7 88 5632 16639 8 1 140 0.2 26 97 0
1 513 88 4 7 88 5632 16639 9 1 140 0.27 28 96 0
1 513 88 4 7 88 5632 16639 9 2 140 0.28 30 95 0
1 513 88 4 7 88 5632 16639 14 2 140 0.46 32 93 0
1 513 88 4 7 88 5632 16639 17 2 140 0.69 38 92 0
1 513 88 4 7 88 5632 16639 8 2 140 0.19 24 91 0
1 513 0 4 9 88 5635 16645 15 1 140 0.4 35 109 0
1 513 0 4 9 88 5635 16645 15 1 140 0.51 34 108 0
1 513 0 4 9 88 5635 16645 14 1 140 0.45 34 107 0
1 513 0 4 9 88 5635 16645 11 1 140 0.48 35 106 0
1 513 0 4 9 88 5635 16645 17 2 140 0.34 30 105 0
1 513 0 4 9 88 5635 16645 9 2 140 0.29 28 104 0
1 513 0 4 9 88 5635 16645 15 2 140 0.64 36 103 0
1 513 0 4 9 88 5635 16645 12 2 140 0.3 30 102 0
1 513 0 4 9 88 5635 16645 14 2 140 0.66 37 101 0
1 513 0 4 12 88 5636 16640 12 2 140 0.3 29 120 0
1 513 0 4 12 88 5636 16640 14 2 140 0.3 30 119 0
1 513 0 4 12 88 5636 16640 10 2 140 0.19 27 117 0
1 513 0 4 12 88 5636 16640 17 2 140 0.35 32 116 0
1 513 0 4 12 88 5636 16640 19 1 140 0.48 35 115 0
1 513 0 4 12 88 5636 16640 18 2 140 0.54 36 118 0
1 513 0 4 12 88 5636 16640 9 1 140 0.21 28 114 0
1 513 0 4 12 88 5636 16640 9 1 140 0.17 26 113 0
1 513 0 4 12 88 5636 16640 9 1 140 0.15 25 112 0
1 513 0 4 12 88 5636 16640 8 1 140 0.15 25 111 0
1 513 0 4 12 88 5636 16640 9 1 140 0.19 26 110 0
1 513 0 4 13 88 5641 16658 17 2 140 0.5 37 124 0
1 513 0 4 13 88 5641 16658 16 2 140 0.58 37 122 0
1 513 0 4 13 88 5641 16658 19 2 140 0.67 39 123 0
1 513 0 4 13 88 5641 16658 9 2 140 0.26 29 121 0
1 513 0 4 16 88 5638 16711 7 1 140 0.14 23 131 0
1 513 0 4 16 88 5638 16711 14 2 140 0.53 37 129 0
1 513 0 4 16 88 5638 16711 15 2 140 0.63 39 128 0
1 513 0 4 16 88 5638 16711 9 2 140 0.14 25 130 0
1 513 0 4 16 88 5638 16711 17 2 140 0.62 38 126 0
1 513 0 4 16 88 5638 16711 9 2 140 0.15 26 127 0
1 513 0 4 16 88 5638 16711 10 2 140 0.2 26 125 0
1 513 0 4 16 88 5638 16737 8 1 140 0.16 24 135 0
1 513 0 4 16 88 5638 16737 8 1 140 0.12 23 134 0
1 513 0 4 16 88 5638 16737 9 1 140 0.15 24 133 0
1 513 0 4 16 88 5638 16737 7 1 140 0.13 24 132 0
1 513 0 4 17 88 5633 16642 9 2 140 0.18 25 139 0
1 513 0 4 17 88 5633 16642 9 2 140 0.16 25 138 0
1 513 0 4 17 88 5633 16642 9 2 140 0.13 23 137 0
1 513 0 4 17 88 5633 16642 8 2 140 0.13 24 136 0
1 513 0 4 18 88 5713 16533 9 1 140 0.12 22 154 0
1 513 0 4 18 88 5713 16533 8 1 140 0.11 21 153 0
1 513 0 4 18 88 5713 16533 9 1 140 0.12 22 152 0
1 513 0 4 18 88 5713 16533 8 1 140 0.13 23 151 0
1 513 0 4 18 88 5713 16533 10 1 140 0.17 25 150 0
1 513 0 4 18 88 5713 16533 8 1 140 0.1 22 149 0
1 513 0 4 18 88 5713 16533 9 1 140 0.16 25 148 0
1 513 0 4 18 88 5713 16533 8 1 140 0.14 23 147 0
1 513 0 4 18 88 5713 16533 8 1 140 0.14 23 146 0
1 513 0 4 18 88 5713 16533 8 1 140 0.11 22 145 0
1 513 0 4 18 88 5713 16533 8 2 140 0.14 23 144 0
1 513 0 4 18 88 5713 16533 7 2 140 0.13 22 143 0
1 513 0 4 18 88 5713 16533 7 2 140 0.12 23 142 0
1 513 0 4 18 88 5713 16533 7 2 140 0.15 24 141 0
1 513 0 4 18 88 5713 16533 9 2 140 0.13 23 140 0
1 514 0 4 19 88 5803 16442 9 1 140 0.09 21 170 0
1 514 0 4 19 88 5803 16442 7 1 140 0.09 20 168 0
1 514 0 4 19 88 5803 16442 7 2 140 0.11 22 157 0
1 514 0 4 19 88 5803 16442 8 2 140 0.22 22 161 0
1 514 0 4 19 88 5803 16442 7 1 140 0.04 17 165 0
1 514 0 4 19 88 5803 16442 7 1 140 0.06 20 169 0
1 514 0 4 19 88 5803 16442 8 1 140 0.06 19 167 0
1 514 0 4 19 88 5803 16442 7 1 140 0.06 18 166 0
1 514 0 4 19 88 5803 16442 7 1 140 0.06 17 164 0
1 514 0 4 19 88 5803 16442 10 1 140 0.1 21 163 0
1 514 0 4 19 88 5803 16442 8 2 140 0.07 20 162 0
1 514 0 4 19 88 5803 16442 8 2 140 0.09 20 160 0
1 514 0 4 19 88 5803 16442 8 2 140 0.15 24 159 0
1 514 0 4 19 88 5803 16442 7 2 140 0.14 23 158 0
1 514 0 4 19 88 5803 16442 9 2 140 0.07 19 156 0
1 514 0 4 19 88 5803 16442 7 2 140 0.06 17 155 0
1 513 0 4 21 88 5632 16604 8 2 140 0.16 26 173 0
1 513 0 4 21 88 5632 16604 5 1 140 0.04 15 185 0
1 513 0 4 21 88 5632 16604 5 1 140 0.04 15 184 0
1 513 0 4 21 88 5632 16604 7 1 140 0.09 22 183 0
1 513 0 4 21 88 5632 16604 7 1 140 0.05 17 182 0
1 513 0 4 21 88 5632 16604 9 1 140 0.15 25 181 0
1 513 0 4 21 88 5632 16604 5 2 140 0.03 14 180 0
1 513 0 4 21 88 5632 16604 8 2 140 0.05 18 179 0
1 513 0 4 21 88 5632 16604 5 2 140 -9 13 178 0
1 513 0 4 21 88 5632 16604 5 2 140 0.04 15 177 0
1 513 0 4 21 88 5632 16604 9 2 140 0.2 26 176 0
1 513 0 4 21 88 5632 16604 5 2 140 0.03 13 175 0
1 513 0 4 21 88 5632 16604 4 2 140 0.03 14 174 0
1 513 0 4 21 88 5632 16604 7 2 140 0.1 20 172 0
1 513 0 4 21 88 5632 16604 8 2 140 0.16 26 171 0
1 513 0 4 21 88 5632 16604 5 1 140 -9 13 190 0
1 513 0 4 21 88 5632 16604 5 1 140 -9 14 189 0
1 513 0 4 21 88 5632 16604 4 1 140 -9 13 188 0
1 513 0 4 21 88 5632 16604 5 1 140 0.04 16 187 0
1 513 0 4 21 88 5632 16604 12 1 140 0.46 36 186 0
1 517 0 4 23 88 5622 16516 19 2 140 0.6 38 192 0
1 517 0 4 23 88 5622 16516 23 2 140 0.71 39 191 0
1 509 71 2 20 88 5643 16302 20 2 140 0.34 33 120 0
1 509 71 2 20 88 5643 16302 15 2 140 0.37 35 119 0
1 509 71 2 20 88 5643 16302 18 2 140 0.28 32 117 0
1 509 71 2 20 88 5643 16302 12 2 140 0.35 33 116 0
1 509 71 2 20 88 5643 16302 18 2 140 0.19 31 115 0
1 509 71 2 20 88 5643 16302 17 2 140 0.36 33 113 0
1 509 71 2 20 88 5643 16302 15 2 140 0.64 38 112 0
1 509 71 2 20 88 5643 16302 19 2 140 0.34 33 111 0
1 509 71 2 20 88 5643 16302 14 1 140 0.2 29 109 0
1 509 71 2 20 88 5643 16302 12 1 140 0.24 31 108 0
1 509 71 2 20 88 5643 16302 18 1 140 0.22 29 107 0
1 509 71 2 20 88 5643 16302 13 1 140 0.22 30 105 0
1 509 71 2 20 88 5643 16302 8 1 140 0.18 29 104 0
1 509 71 2 20 88 5643 16302 21 1 140 0.38 35 102 0
1 509 71 2 20 88 5643 16302 13 1 140 0.19 29 106 0
1 509 71 2 20 88 5643 16302 19 1 140 0.34 33 110 0
1 509 71 2 20 88 5643 16302 15 2 140 0.3 32 114 0
1 509 71 2 20 88 5643 16302 22 2 140 0.54 38 118 0
1 509 71 2 20 88 5643 16302 14 1 140 0.23 31 103 0
1 509 71 2 20 88 5643 16302 9 1 140 0.23 29 101 0
1 509 71 2 21 88 5644 16314 13 2 140 0.35 32 140 0
1 509 71 2 21 88 5644 16314 13 2 140 0.29 31 139 0
1 509 71 2 21 88 5644 16314 11 2 140 0.28 31 137 0
1 509 71 2 21 88 5644 16314 10 2 140 0.26 31 136 0
1 509 71 2 21 88 5644 16314 8 2 140 0.11 26 135 0
1 509 71 2 21 88 5644 16314 9 2 140 0.25 30 134 0
1 509 71 2 21 88 5644 16314 8 2 140 0.1 25 133 0
1 509 71 2 21 88 5644 16314 12 2 140 0.25 32 132 0
1 509 71 2 21 88 5644 16314 12 2 140 0.51 36 131 0
1 509 71 2 21 88 5644 16314 10 2 140 0.23 29 138 0
1 509 71 2 21 88 5644 16314 19 1 140 0.24 30 130 0
1 509 71 2 21 88 5644 16314 12 1 140 0.29 31 129 0
1 509 71 2 21 88 5644 16314 11 1 140 0.4 33 128 0
1 509 71 2 21 88 5644 16314 8 1 140 0.15 27 127 0
1 509 71 2 21 88 5644 16314 11 1 140 0.28 31 126 0
1 509 71 2 21 88 5644 16314 22 1 140 0.32 32 125 0
1 509 71 2 21 88 5644 16314 14 1 140 0.26 30 124 0
1 509 71 2 21 88 5644 16314 16 1 140 0.19 28 123 0
1 509 71 2 21 88 5644 16314 11 1 140 0.27 32 122 0
1 509 71 2 21 88 5644 16314 17 1 140 0.43 36 121 0
1 516 64 2 23 88 5653 16252 15 2 140 0.29 32 160 0
1 516 64 2 23 88 5653 16252 15 2 140 0.44 34 159 0
1 516 64 2 23 88 5653 16252 14 2 140 0.39 35 157 0
1 516 64 2 23 88 5653 16252 12 2 140 0.35 34 156 0
1 516 64 2 23 88 5653 16252 14 2 140 0.35 33 155 0
1 516 64 2 23 88 5653 16252 15 2 140 0.4 34 153 0
1 516 64 2 23 88 5653 16252 20 2 140 0.19 30 152 0
1 516 64 2 23 88 5653 16252 16 2 140 0.24 31 151 0
1 516 64 2 23 88 5653 16252 14 1 140 0.25 32 149 0
1 516 64 2 23 88 5653 16252 13 1 140 0.29 31 142 0
1 516 64 2 23 88 5653 16252 13 1 140 0.28 32 146 0
1 516 64 2 23 88 5653 16252 15 1 140 0.2 28 150 0
1 516 64 2 23 88 5653 16252 11 2 140 0.27 30 154 0
1 516 64 2 23 88 5653 16252 17 2 140 0.15 28 158 0
1 516 64 2 23 88 5653 16252 22 1 140 0.49 37 148 0
1 516 64 2 23 88 5653 16252 12 1 140 0.32 33 147 0
1 516 64 2 23 88 5653 16252 16 1 140 0.27 30 145 0
1 516 64 2 23 88 5653 16252 9 1 140 0.09 24 144 0
1 516 64 2 23 88 5653 16252 15 1 140 0.29 32 143 0
1 516 64 2 23 88 5653 16252 9 1 140 0.21 30 141 0
1 509 0 2 25 88 5650 16315 8 2 140 0.13 26 180 0
1 509 0 2 25 88 5650 16315 14 2 140 0.49 38 179 0
1 509 0 2 25 88 5650 16315 21 2 140 0.45 36 177 0
1 509 0 2 25 88 5650 16315 11 2 140 0.16 27 176 0
1 509 0 2 25 88 5650 16315 11 2 140 0.22 28 175 0
1 509 0 2 25 88 5650 16315 20 2 140 0.25 30 174 0
1 509 0 2 25 88 5650 16315 22 2 140 0.39 35 173 0
1 509 0 2 25 88 5650 16315 22 2 140 0.47 36 172 0
1 509 0 2 25 88 5650 16315 18 2 140 0.25 30 171 0
1 509 0 2 25 88 5650 16315 12 1 140 0.15 27 170 0
1 509 0 2 25 88 5650 16315 9 1 140 0.15 26 169 0
1 509 0 2 25 88 5650 16315 17 1 140 0.18 27 168 0
1 509 0 2 25 88 5650 16315 21 1 140 0.41 35 167 0
1 509 0 2 25 88 5650 16315 10 2 140 0.11 26 178 0
1 509 0 2 25 88 5650 16315 12 1 140 0.36 34 166 0
1 509 0 2 25 88 5650 16315 20 1 140 0.22 28 165 0
1 509 0 2 25 88 5650 16315 13 1 140 0.35 34 164 0
1 509 0 2 25 88 5650 16315 16 1 140 0.16 27 163 0
1 509 0 2 25 88 5650 16315 13 1 140 0.32 33 162 0
1 509 0 2 25 88 5650 16315 14 1 140 0.38 33 161 0
1 509 68 2 26 88 5650 16331 13 2 140 0.42 31 200 0
1 509 68 2 26 88 5650 16331 11 2 140 0.14 27 199 0
1 509 68 2 26 88 5650 16331 11 2 140 0.15 27 197 0
1 509 68 2 26 88 5650 16331 23 2 140 0.5 37 196 0
1 509 68 2 26 88 5650 16331 13 2 140 0.21 29 195 0
1 509 68 2 26 88 5650 16331 15 2 140 0.34 35 193 0
1 509 68 2 26 88 5650 16331 9 2 140 0.17 29 192 0
1 509 68 2 26 88 5650 16331 9 2 140 0.17 28 191 0
1 509 68 2 26 88 5650 16331 13 1 140 0.4 35 189 0
1 509 68 2 26 88 5650 16331 9 1 140 0.08 24 188 0
1 509 68 2 26 88 5650 16331 9 1 140 0.12 26 187 0
1 509 68 2 26 88 5650 16331 9 1 140 0.14 26 185 0
1 509 68 2 26 88 5650 16331 9 1 140 0.13 26 184 0
1 509 68 2 26 88 5650 16331 7 1 140 0.04 21 182 0
1 509 68 2 26 88 5650 16331 8 1 140 0.06 24 186 0
1 509 68 2 26 88 5650 16331 14 1 140 0.34 34 190 0
1 509 68 2 26 88 5650 16331 18 2 140 0.42 36 194 0
1 509 68 2 26 88 5650 16331 11 2 140 0.22 29 198 0
1 509 68 2 26 88 5650 16331 10 1 140 0.12 27 183 0
1 509 68 2 26 88 5650 16331 11 1 140 0.14 26 181 0
