1 513 64 9 17 85 5741 16650 8 2 140 0.1 22 162 0
1 516 59 6 9 85 5650 16233 13 2 140 0.45 35 124 0
1 516 59 6 9 85 5650 16233 13 2 140 0.55 36 125 0
1 516 59 6 9 85 5650 16233 5 1 140 0.05 19 123 0
1 516 59 6 9 85 5650 16233 13 1 140 0.25 27 122 0
1 516 59 6 9 85 5650 16233 14 2 140 0.4 34 126 0
1 516 59 6 9 85 5650 16233 12 2 140 0.45 34 130 0
1 516 59 6 9 85 5650 16233 14 2 140 0.35 34 128 0
1 516 59 6 9 85 5650 16233 14 2 140 0.45 34 129 0
1 516 59 6 9 85 5650 16233 14 2 140 0.3 32 127 0
1 516 59 6 9 85 5650 16233 15 1 140 0.35 32 121 0
1 508 59 6 13 85 5717 15927 14 2 140 0.56 37 150 0
1 508 59 6 13 85 5717 15927 13 1 140 0.28 30 136 0
1 508 59 6 13 85 5717 15927 7 1 140 0.08 25 140 0
1 508 59 6 13 85 5717 15927 14 2 140 0.4 34 144 0
1 508 59 6 13 85 5717 15927 13 2 140 0.49 35 149 0
1 508 59 6 13 85 5717 15927 16 2 140 0.42 35 148 0
1 508 59 6 13 85 5717 15927 15 2 140 0.49 36 147 0
1 508 59 6 13 85 5717 15927 16 2 140 0.65 38 146 0
1 508 59 6 13 85 5717 15927 16 2 140 0.55 36 145 0
1 508 59 6 13 85 5717 15927 14 2 140 0.47 35 143 0
1 508 59 6 13 85 5717 15927 16 2 140 0.62 38 142 0
1 508 59 6 13 85 5717 15927 14 1 140 0.28 30 132 0
1 508 59 6 13 85 5717 15927 14 2 140 0.47 36 141 0
1 508 59 6 13 85 5717 15927 13 1 140 0.22 28 139 0
1 508 59 6 13 85 5717 15927 14 1 140 0.25 29 138 0
1 508 59 6 13 85 5717 15927 14 1 140 0.4 32 137 0
1 508 59 6 13 85 5717 15927 14 1 140 0.16 27 135 0
1 508 59 6 13 85 5717 15927 11 1 140 0.15 25 134 0
1 508 59 6 13 85 5717 15927 13 1 140 0.28 31 133 0
1 508 59 6 13 85 5717 15927 15 1 140 0.3 30 131 0
1 513 62 9 15 85 5749 16631 6 1 140 0.09 20 159 0
1 513 62 9 15 85 5749 16631 8 2 140 0.16 23 161 0
1 513 62 9 15 85 5749 16631 5 1 140 0.08 20 160 0
1 513 62 9 15 85 5749 16631 14 1 140 0.41 33 158 0
1 513 62 9 15 85 5749 16631 10 1 140 0.31 32 157 0
1 516 64 6 7 85 5654 16212 15 2 140 0.35 32 156 0
1 516 64 6 7 85 5654 16212 12 2 140 0.45 35 157 0
1 516 64 6 7 85 5654 16212 12 2 140 0.2 27 154 0
1 516 64 6 7 85 5654 16212 5 2 140 0.05 19 153 0
1 516 64 6 7 85 5654 16212 12 1 140 0.2 27 151 0
1 516 64 6 7 85 5654 16212 15 2 140 0.4 33 155 0
1 516 64 6 7 85 5654 16212 13 2 140 0.5 35 159 0
1 516 64 6 7 85 5654 16212 11 2 140 0.4 34 158 0
1 516 64 6 7 85 5654 16212 15 2 140 0.4 33 160 0
1 516 64 6 7 85 5654 16212 12 1 140 0.25 29 152 0
1 534 51 9 1 85 5814 16632 14 2 140 0.36 31 29 0
1 534 51 9 1 85 5814 16632 8 2 140 0.17 23 28 0
1 534 51 9 1 85 5814 16632 13 2 140 0.45 33 30 0
1 534 51 9 1 85 5814 16632 15 2 140 0.39 33 27 0
1 534 51 9 1 85 5814 16632 15 2 140 0.26 28 25 0
1 534 51 9 1 85 5814 16632 14 2 140 0.3 29 24 0
1 534 51 9 1 85 5814 16632 19 2 140 0.48 35 23 0
1 534 51 9 1 85 5814 16632 7 2 140 0.15 21 22 0
1 534 51 9 1 85 5814 16632 15 2 140 0.3 30 21 0
1 534 51 9 1 85 5814 16632 9 2 140 0.25 27 20 0
1 534 51 9 1 85 5814 16632 13 2 140 0.34 30 26 0
1 534 51 9 1 85 5814 16632 10 2 140 0.21 26 19 0
1 534 51 9 1 85 5814 16632 8 2 140 0.14 22 18 0
1 534 51 9 1 85 5814 16632 6 2 140 0.12 20 17 0
1 534 51 9 1 85 5814 16632 8 2 140 0.25 28 16 0
1 534 51 9 1 85 5814 16632 16 1 140 0.3 29 15 0
1 534 51 9 1 85 5814 16632 7 1 140 0.14 21 14 0
1 534 51 9 1 85 5814 16632 12 1 140 0.29 29 13 0
1 534 51 9 1 85 5814 16632 9 1 140 0.2 26 12 0
1 534 51 9 1 85 5814 16632 13 1 140 0.3 30 11 0
1 534 51 9 1 85 5814 16632 11 1 140 0.21 27 10 0
1 534 51 9 1 85 5814 16632 12 1 140 0.35 31 9 0
1 534 51 9 1 85 5814 16632 15 1 140 0.3 29 8 0
1 534 51 9 1 85 5814 16632 11 1 140 0.29 29 7 0
1 534 51 9 1 85 5814 16632 10 1 140 0.22 26 6 0
1 534 51 9 1 85 5814 16632 15 1 140 0.34 31 5 0
1 534 51 9 1 85 5814 16632 11 1 140 0.24 27 4 0
1 534 51 9 1 85 5814 16632 9 1 140 0.13 22 3 0
1 534 51 9 1 85 5814 16632 11 1 140 0.3 29 2 0
1 534 51 9 1 85 5814 16632 12 1 140 0.25 28 1 0
1 534 53 9 2 85 5816 16626 14 2 140 0.35 31 60 0
1 534 53 9 2 85 5816 16626 10 2 140 0.35 31 59 0
1 534 53 9 2 85 5816 16626 15 2 140 0.4 32 58 0
1 534 53 9 2 85 5816 16626 11 2 140 0.35 31 57 0
1 534 53 9 2 85 5816 16626 11 2 140 0.38 32 56 0
1 534 53 9 2 85 5816 16626 10 1 140 0.28 28 34 0
1 534 53 9 2 85 5816 16626 14 1 140 0.33 30 38 0
1 534 53 9 2 85 5816 16626 16 1 140 0.35 30 42 0
1 534 53 9 2 85 5816 16626 11 2 140 0.29 28 46 0
1 534 53 9 2 85 5816 16626 15 2 140 0.34 30 55 0
1 534 53 9 2 85 5816 16626 10 2 140 0.3 29 54 0
1 534 53 9 2 85 5816 16626 15 2 140 0.4 33 53 0
1 534 53 9 2 85 5816 16626 13 2 140 0.32 30 52 0
1 534 53 9 2 85 5816 16626 12 2 140 0.26 28 51 0
1 534 53 9 2 85 5816 16626 9 2 140 0.26 27 50 0
1 534 53 9 2 85 5816 16626 13 2 140 0.38 32 49 0
1 534 53 9 2 85 5816 16626 11 2 140 0.27 28 48 0
1 534 53 9 2 85 5816 16626 13 2 140 0.42 34 47 0
1 534 53 9 2 85 5816 16626 6 1 140 0.19 22 45 0
1 534 53 9 2 85 5816 16626 8 1 140 0.21 25 44 0
1 534 53 9 2 85 5816 16626 9 1 140 0.28 23 43 0
1 534 53 9 2 85 5816 16626 12 1 140 0.21 26 41 0
1 534 53 9 2 85 5816 16626 12 1 140 0.3 28 40 0
1 534 53 9 2 85 5816 16626 8 1 140 0.2 26 39 0
1 534 53 9 2 85 5816 16626 13 1 140 0.31 30 37 0
1 534 53 9 2 85 5816 16626 10 1 140 0.24 26 36 0
1 534 53 9 2 85 5816 16626 12 1 140 0.26 27 35 0
1 534 53 9 2 85 5816 16626 9 1 140 0.3 28 33 0
1 534 53 9 2 85 5816 16626 12 1 140 0.27 28 32 0
1 534 53 9 2 85 5816 16626 13 1 140 0.37 32 31 0
1 512 64 9 5 85 5623 16059 6 2 140 0.1 19 84 0
1 512 64 9 5 85 5623 16059 9 2 140 0.2 26 83 0
1 512 64 9 5 85 5623 16059 4 2 140 0.08 20 82 0
1 512 64 9 5 85 5623 16059 5 2 140 0.05 14 80 0
1 512 64 9 5 85 5623 16059 7 2 140 0.1 21 79 0
1 512 64 9 5 85 5623 16059 15 2 140 0.39 34 78 0
1 512 64 9 5 85 5623 16059 12 2 140 0.34 32 76 0
1 512 64 9 5 85 5623 16059 7 1 140 0.11 21 75 0
1 512 64 9 5 85 5623 16059 11 1 140 0.36 33 74 0
1 512 64 9 5 85 5623 16059 9 1 140 0.15 23 72 0
1 512 64 9 5 85 5623 16059 13 1 140 0.3 31 71 0
1 512 64 9 5 85 5623 16059 5 1 140 0.09 20 70 0
1 512 64 9 5 85 5623 16059 7 1 140 0.19 24 68 0
1 512 64 9 5 85 5623 16059 8 1 140 0.15 22 67 0
1 512 64 9 5 85 5623 16059 16 1 140 0.33 30 66 0
1 512 64 9 5 85 5623 16059 5 1 140 0.09 18 64 0
1 512 64 9 5 85 5623 16059 17 1 140 0.31 32 63 0
1 512 64 9 5 85 5623 16059 9 1 140 0.16 24 65 0
1 512 64 9 5 85 5623 16059 12 1 140 0.22 27 69 0
1 512 64 9 5 85 5623 16059 15 1 140 0.36 31 73 0
1 512 64 9 5 85 5623 16059 16 2 140 0.3 29 77 0
1 512 64 9 5 85 5623 16059 14 2 140 0.45 35 81 0
1 512 64 9 5 85 5623 16059 9 2 140 0.2 27 85 0
1 512 64 9 5 85 5623 16059 15 1 140 0.25 27 62 0
1 512 64 9 5 85 5623 16059 11 1 140 0.15 25 61 0
1 512 64 9 6 85 5655 16048 7 2 140 0.14 25 111 0
1 512 64 9 6 85 5655 16048 17 2 140 0.42 36 109 0
1 512 64 9 6 85 5655 16048 10 2 140 0.25 29 108 0
1 512 64 9 6 85 5655 16048 13 2 140 0.31 31 106 0
1 512 64 9 6 85 5655 16048 13 2 140 0.4 35 110 0
1 512 64 9 6 85 5655 16048 13 2 140 0.24 29 107 0
1 512 64 9 6 85 5655 16048 9 2 140 0.15 24 105 0
1 512 64 9 6 85 5655 16048 19 2 140 0.45 35 104 0
1 512 64 9 6 85 5655 16048 10 2 140 0.2 27 103 0
1 512 64 9 6 85 5655 16048 15 2 140 0.36 32 102 0
1 512 64 9 6 85 5655 16048 11 2 140 0.18 26 101 0
1 512 64 9 6 85 5655 16048 4 2 140 0.05 16 100 0
1 512 64 9 6 85 5655 16048 15 2 140 0.4 34 99 0
1 512 64 9 6 85 5655 16048 14 2 140 0.38 33 98 0
1 512 64 9 6 85 5655 16048 14 2 140 0.32 31 97 0
1 512 64 9 6 85 5655 16048 17 1 140 0.32 32 96 0
1 512 64 9 6 85 5655 16048 17 1 140 0.36 33 95 0
1 512 64 9 6 85 5655 16048 7 1 140 0.14 24 94 0
1 512 64 9 6 85 5655 16048 11 1 140 0.15 24 93 0
1 512 64 9 6 85 5655 16048 12 1 140 0.19 25 92 0
1 512 64 9 6 85 5655 16048 11 1 140 0.2 25 91 0
1 512 64 9 6 85 5655 16048 14 1 140 0.2 25 90 0
1 512 64 9 6 85 5655 16048 5 1 140 0.11 21 89 0
1 512 64 9 6 85 5655 16048 15 1 140 0.38 32 88 0
1 512 64 9 6 85 5655 16048 7 1 140 0.09 23 87 0
1 512 64 9 6 85 5655 16048 15 1 140 0.37 32 86 0
1 512 53 9 8 85 5733 16005 15 2 140 0.36 33 124 0
1 512 53 9 8 85 5733 16005 9 2 140 0.15 26 122 0
1 512 53 9 8 85 5733 16005 7 2 140 0.07 19 121 0
1 512 53 9 8 85 5733 16005 5 2 140 0.06 17 120 0
1 512 53 9 8 85 5733 16005 15 2 140 0.44 35 118 0
1 512 53 9 8 85 5733 16005 16 2 140 0.45 36 117 0
1 512 53 9 8 85 5733 16005 5 1 140 0.06 21 114 0
1 512 53 9 8 85 5733 16005 7 2 140 0.13 24 119 0
1 512 53 9 8 85 5733 16005 7 2 140 0.1 23 123 0
1 512 53 9 8 85 5733 16005 5 1 140 0.05 17 116 0
1 512 53 9 8 85 5733 16005 4 1 140 0.03 15 115 0
1 512 53 9 8 85 5733 16005 5 1 140 0.05 17 113 0
1 512 53 9 8 85 5733 16005 10 1 140 0.21 24 112 0
1 516 48 9 9 85 5727 16218 7 2 140 0.1 23 142 0
1 516 48 9 9 85 5727 16218 11 2 140 0.16 26 141 0
1 516 48 9 9 85 5727 16218 8 2 140 0.1 23 140 0
1 516 48 9 9 85 5727 16218 6 2 140 0.04 18 139 0
1 516 48 9 9 85 5727 16218 6 2 140 0.06 19 138 0
1 516 48 9 9 85 5727 16218 6 2 140 0.06 19 137 0
1 516 48 9 9 85 5727 16218 6 2 140 0.1 22 136 0
1 516 48 9 9 85 5727 16218 13 2 140 0.17 27 135 0
1 516 48 9 9 85 5727 16218 7 1 140 0.06 20 134 0
1 516 48 9 9 85 5727 16218 9 1 140 0.12 23 133 0
1 516 48 9 9 85 5727 16218 10 1 140 0.1 23 132 0
1 516 48 9 9 85 5727 16218 5 1 140 0.03 16 131 0
1 516 48 9 9 85 5727 16218 9 1 140 0.09 21 130 0
1 516 48 9 9 85 5727 16218 5 1 140 0.03 17 129 0
1 516 48 9 9 85 5727 16218 5 1 140 0.04 18 128 0
1 516 48 9 9 85 5727 16218 6 1 140 0.05 19 127 0
1 516 48 9 9 85 5727 16218 8 1 140 0.08 22 126 0
1 516 48 9 9 85 5727 16218 6 1 140 0.06 20 125 0
1 513 68 9 21 85 5723 16702 13 1 140 0.4 34 163 0
1 534 59 9 10 85 5801 16631 13 2 140 0.3 30 143 0
1 534 59 9 10 85 5801 16631 7 2 140 0.15 25 150 0
1 534 59 9 10 85 5801 16631 11 2 140 0.42 34 149 0
1 534 59 9 10 85 5801 16631 18 2 140 0.4 34 148 0
1 534 59 9 10 85 5801 16631 9 2 140 0.14 25 147 0
1 534 59 9 10 85 5801 16631 5 2 140 0.04 19 146 0
1 534 59 9 10 85 5801 16631 9 2 140 0.12 24 145 0
1 534 59 9 10 85 5801 16631 7 2 140 0.11 24 144 0
1 513 60 9 12 85 5752 16613 8 2 140 0.14 25 154 0
1 513 60 9 12 85 5752 16613 12 2 140 0.15 25 153 0
1 513 60 9 12 85 5752 16613 6 1 140 0.09 21 151 0
1 513 60 9 12 85 5752 16613 8 2 140 0.14 24 152 0
1 534 57 9 13 85 5800 16600 19 1 140 0.39 33 155 0
1 534 57 9 13 85 5800 16600 8 2 140 0.14 23 156 0
1 508 0 6 9 85 5727 15958 12 1 140 0.25 30 9 0
1 508 0 6 9 85 5727 15958 11 1 140 0.25 28 2 0
1 508 0 6 9 85 5727 15958 11 1 140 0.2 28 8 0
1 508 0 6 9 85 5727 15958 13 1 140 0.25 29 7 0
1 508 0 6 9 85 5727 15958 13 1 140 0.2 27 6 0
1 508 0 6 9 85 5727 15958 15 1 140 0.2 28 5 0
1 508 0 6 9 85 5727 15958 12 1 140 0.25 28 4 0
1 508 0 6 9 85 5727 15958 17 2 140 0.35 33 1 0
1 508 0 6 11 85 5713 15930 16 1 140 0.25 30 18 0
1 508 0 6 11 85 5713 15930 13 2 140 0.3 31 17 0
1 508 0 6 11 85 5713 15930 13 2 140 0.5 36 16 0
1 508 0 6 11 85 5713 15930 12 2 140 0.3 30 15 0
1 508 0 6 11 85 5713 15930 14 2 140 0.3 31 14 0
1 508 0 6 11 85 5713 15930 15 1 140 0.4 33 13 0
1 508 0 6 11 85 5713 15930 8 1 140 0.1 22 12 0
1 508 0 6 11 85 5713 15930 11 2 140 0.35 34 11 0
1 508 0 6 11 85 5713 15930 9 1 140 0.25 30 10 0
1 512 0 6 19 85 5724 16004 14 2 140 0.3 31 60 0
1 512 0 6 19 85 5724 16004 14 2 140 0.5 36 59 0
1 512 0 6 19 85 5724 16004 10 2 140 0.2 28 58 0
1 512 0 6 19 85 5724 16004 13 2 140 0.2 29 57 0
1 512 0 6 19 85 5724 16004 11 2 140 0.25 29 56 0
1 512 0 6 19 85 5724 16004 11 2 140 0.35 32 55 0
1 512 0 6 19 85 5724 16004 12 2 140 0.25 29 54 0
1 512 0 6 19 85 5724 16004 10 1 140 0.15 26 53 0
1 512 0 6 19 85 5724 16004 19 2 140 0.5 35 23 0
1 512 0 6 19 85 5724 16004 20 1 140 0.4 34 31 0
1 512 0 6 19 85 5724 16004 14 1 140 0.35 31 35 0
1 512 0 6 19 85 5724 16004 11 1 140 0.25 29 39 0
1 512 0 6 19 85 5724 16004 14 2 140 0.35 32 43 0
1 512 0 6 19 85 5724 16004 8 1 140 0.15 26 52 0
1 512 0 6 19 85 5724 16004 16 2 140 0.3 31 51 0
1 512 0 6 19 85 5724 16004 8 1 140 0.05 20 50 0
1 512 0 6 19 85 5724 16004 16 1 140 0.3 31 49 0
1 512 0 6 19 85 5724 16004 13 1 140 0.25 29 48 0
1 512 0 6 19 85 5724 16004 13 2 140 0.5 35 47 0
1 512 0 6 19 85 5724 16004 18 1 140 0.4 34 46 0
1 512 0 6 19 85 5724 16004 12 2 140 0.4 34 45 0
1 512 0 6 19 85 5724 16004 10 2 140 0.3 31 44 0
1 512 0 6 19 85 5724 16004 13 1 140 0.15 26 42 0
1 512 0 6 19 85 5724 16004 7 1 140 0.1 24 41 0
1 512 0 6 19 85 5724 16004 14 1 140 0.2 27 40 0
1 512 0 6 19 85 5724 16004 13 1 140 0.25 29 38 0
1 512 0 6 19 85 5724 16004 12 1 140 0.2 28 37 0
1 512 0 6 19 85 5724 16004 14 1 140 0.25 29 36 0
1 512 0 6 19 85 5724 16004 15 2 140 0.55 34 34 0
1 512 0 6 19 85 5724 16004 17 1 140 0.35 32 33 0
1 512 0 6 19 85 5724 16004 14 2 140 0.4 32 32 0
1 512 0 6 19 85 5724 16004 14 2 140 0.45 33 30 0
1 512 0 6 19 85 5724 16004 11 2 140 0.3 30 29 0
1 512 0 6 19 85 5724 16004 11 1 140 0.25 25 28 0
1 512 0 6 19 85 5724 16004 10 2 140 0.35 33 26 0
1 512 0 6 19 85 5724 16004 11 1 140 0.25 29 25 0
1 512 0 6 19 85 5724 16004 13 1 140 0.25 30 24 0
1 512 0 6 19 85 5724 16004 15 2 140 0.25 28 22 0
1 512 0 6 19 85 5724 16004 8 1 140 0.2 26 21 0
1 512 0 6 19 85 5724 16004 10 2 140 0.25 30 20 0
1 512 0 6 19 85 5724 16004 14 2 140 0.35 31 19 0
1 508 0 6 21 85 5725 15955 7 2 140 0.05 19 109 0
1 508 0 6 21 85 5725 15955 7 1 140 0.1 23 108 0
1 508 0 6 21 85 5725 15955 11 2 140 0.35 32 107 0
1 508 0 6 21 85 5725 15955 12 2 140 0.25 28 105 0
1 508 0 6 21 85 5725 15955 14 2 140 0.45 34 62 0
1 508 0 6 21 85 5725 15955 7 1 140 0.05 21 70 0
1 508 0 6 21 85 5725 15955 10 2 140 0.2 27 74 0
1 508 0 6 21 85 5725 15955 10 2 140 0.2 26 78 0
1 508 0 6 21 85 5725 15955 10 1 140 0.15 26 82 0
1 508 0 6 21 85 5725 15955 7 2 140 0.15 26 102 0
1 508 0 6 21 85 5725 15955 13 2 140 0.25 30 106 0
1 508 0 6 21 85 5725 15955 8 1 140 0.1 23 104 0
1 508 0 6 21 85 5725 15955 11 1 140 0.2 30 103 0
1 508 0 6 21 85 5725 15955 12 2 140 0.2 28 101 0
1 508 0 6 21 85 5725 15955 17 2 140 0.3 30 100 0
1 508 0 6 21 85 5725 15955 15 1 140 0.35 31 99 0
1 508 0 6 21 85 5725 15955 14 1 140 0.4 32 98 0
1 508 0 6 21 85 5725 15955 11 2 140 0.35 32 97 0
1 508 0 6 21 85 5725 15955 10 2 140 0.2 26 96 0
1 508 0 6 21 85 5725 15955 14 1 140 0.35 32 95 0
1 508 0 6 21 85 5725 15955 14 2 140 0.25 29 94 0
1 508 0 6 21 85 5725 15955 16 1 140 0.35 33 93 0
1 508 0 6 21 85 5725 15955 18 1 140 0.5 35 92 0
1 508 0 6 21 85 5725 15955 14 2 140 0.35 31 90 0
1 508 0 6 21 85 5725 15955 6 2 140 0.1 21 89 0
1 508 0 6 21 85 5725 15955 15 2 140 0.5 37 66 0
1 508 0 6 21 85 5725 15955 7 1 140 0.1 21 88 0
1 508 0 6 21 85 5725 15955 11 1 140 0.2 27 87 0
1 508 0 6 21 85 5725 15955 11 2 140 0.2 27 86 0
1 508 0 6 21 85 5725 15955 18 1 140 0.35 32 85 0
1 508 0 6 21 85 5725 15955 15 2 140 0.55 35 84 0
1 508 0 6 21 85 5725 15955 17 1 140 0.3 31 83 0
1 508 0 6 21 85 5725 15955 14 2 140 0.35 32 81 0
1 508 0 6 21 85 5725 15955 8 1 140 0.15 25 80 0
1 508 0 6 21 85 5725 15955 17 2 140 0.55 37 79 0
1 508 0 6 21 85 5725 15955 16 2 140 0.6 37 77 0
1 508 0 6 21 85 5725 15955 9 1 140 0.1 24 76 0
1 508 0 6 21 85 5725 15955 12 2 140 0.25 30 75 0
1 508 0 6 21 85 5725 15955 8 1 140 0.1 23 73 0
1 508 0 6 21 85 5725 15955 15 1 140 0.35 32 72 0
1 508 0 6 21 85 5725 15955 7 1 140 0.05 21 71 0
1 508 0 6 21 85 5725 15955 14 2 140 0.35 34 69 0
1 508 0 6 21 85 5725 15955 6 1 140 0.05 21 68 0
1 508 0 6 21 85 5725 15955 9 2 140 0.2 27 67 0
1 508 0 6 21 85 5725 15955 11 2 140 0.45 33 65 0
1 508 0 6 21 85 5725 15955 9 2 140 0.25 28 64 0
1 508 0 6 21 85 5725 15955 10 1 140 0.3 32 63 0
1 508 0 6 21 85 5725 15955 9 2 140 0.2 27 61 0
1 508 60 6 11 85 5718 15928 11 2 140 0.28 32 120 0
1 508 60 6 11 85 5718 15928 14 2 140 0.37 32 119 0
1 508 60 6 11 85 5718 15928 14 2 140 0.5 35 118 0
1 508 60 6 11 85 5718 15928 15 2 140 0.3 32 117 0
1 508 60 6 11 85 5718 15928 9 2 140 0.2 29 116 0
1 508 60 6 11 85 5718 15928 15 2 140 0.47 36 115 0
1 508 60 6 11 85 5718 15928 12 2 140 0.58 27 114 0
1 508 60 6 11 85 5718 15928 10 1 140 0.17 28 106 0
1 508 60 6 11 85 5718 15928 9 2 140 0.3 30 113 0
1 508 60 6 11 85 5718 15928 11 2 140 0.27 31 112 0
1 508 60 6 11 85 5718 15928 13 2 140 0.2 29 111 0
1 508 60 6 11 85 5718 15928 8 1 140 0.1 23 110 0
1 508 60 6 11 85 5718 15928 14 1 140 0.22 28 109 0
1 508 60 6 11 85 5718 15928 8 1 140 0.15 25 108 0
1 508 60 6 11 85 5718 15928 9 1 140 0.07 21 107 0
1 508 60 6 11 85 5718 15928 12 1 140 0.2 29 102 0
1 508 60 6 11 85 5718 15928 11 1 140 0.2 29 105 0
1 508 60 6 11 85 5718 15928 13 1 140 0.25 30 104 0
1 508 60 6 11 85 5718 15928 9 1 140 0.25 31 103 0
1 508 60 6 11 85 5718 15928 8 1 140 0.1 23 101 0
1 508 57 6 12 85 5709 15936 7 1 140 0.15 25 130 0
1 508 57 6 12 85 5709 15936 11 1 140 0.19 27 129 0
1 508 57 6 12 85 5709 15936 15 1 140 0.26 31 127 0
1 508 57 6 12 85 5709 15936 16 1 140 0.25 31 126 0
1 508 57 6 12 85 5709 15936 15 1 140 0.26 31 125 0
1 508 57 6 12 85 5709 15936 11 1 140 0.16 27 124 0
1 508 57 6 12 85 5709 15936 9 1 140 0.15 27 123 0
1 508 57 6 12 85 5709 15936 9 1 140 0.12 24 128 0
1 508 57 6 12 85 5709 15936 17 1 140 0.25 30 122 0
1 508 60 6 14 85 5717 15952 14 2 140 0.4 33 165 0
1 508 60 6 14 85 5717 15952 14 2 140 0.37 34 164 0
1 508 60 6 14 85 5717 15952 15 2 140 0.37 32 163 0
1 508 60 6 14 85 5717 15952 13 2 140 0.32 32 162 0
1 508 60 6 14 85 5717 15952 15 2 140 0.45 35 161 0
1 508 60 6 14 85 5717 15952 16 2 140 0.43 37 160 0
1 508 60 6 14 85 5717 15952 12 2 140 0.43 33 159 0
1 508 60 6 14 85 5717 15952 11 2 140 0.27 30 158 0
1 508 60 6 14 85 5717 15952 14 2 140 0.37 33 157 0
1 508 60 6 14 85 5717 15952 12 2 140 0.28 30 156 0
1 508 60 6 14 85 5717 15952 12 2 140 0.31 30 155 0
1 508 60 6 14 85 5717 15952 14 2 140 0.4 32 154 0
1 508 60 6 14 85 5717 15952 17 2 140 0.65 38 153 0
1 508 60 6 14 85 5717 15952 16 2 140 0.47 34 152 0
1 508 60 6 14 85 5717 15952 14 2 140 0.3 31 151 0
1 512 57 6 18 85 5721 16014 14 2 140 0.43 34 174 0
1 512 57 6 18 85 5721 16014 15 2 140 0.57 36 175 0
1 512 57 6 18 85 5721 16014 7 1 140 0.1 24 173 0
1 512 57 6 18 85 5721 16014 10 1 140 0.15 26 172 0
1 512 57 6 18 85 5721 16014 12 1 140 0.15 26 171 0
1 512 57 6 18 85 5721 16014 11 1 140 0.21 28 169 0
1 512 57 6 18 85 5721 16014 9 1 140 0.22 28 168 0
1 512 57 6 18 85 5721 16014 15 1 140 0.35 32 167 0
1 512 57 6 18 85 5721 16014 12 2 140 0.25 31 177 0
1 512 57 6 18 85 5721 16014 13 2 140 0.4 34 176 0
1 512 57 6 18 85 5721 16014 13 1 140 0.25 29 166 0
1 512 57 6 18 85 5721 16014 11 1 140 0.15 27 170 0
1 512 53 6 19 85 5733 16025 12 2 140 0.17 27 200 0
1 512 53 6 19 85 5733 16025 11 2 140 0.23 28 199 0
1 512 53 6 19 85 5733 16025 9 2 140 0.16 26 198 0
1 512 53 6 19 85 5733 16025 12 2 140 0.2 28 197 0
1 512 53 6 19 85 5733 16025 10 2 140 0.13 27 196 0
1 512 53 6 19 85 5733 16025 9 2 140 0.2 29 195 0
1 512 53 6 19 85 5733 16025 11 2 140 0.2 29 194 0
1 512 53 6 19 85 5733 16025 9 2 140 0.2 28 193 0
1 512 53 6 19 85 5733 16025 13 1 140 0.3 33 178 0
1 512 53 6 19 85 5733 16025 13 1 140 0.35 32 183 0
1 512 53 6 19 85 5733 16025 10 2 140 0.15 26 192 0
1 512 53 6 19 85 5733 16025 16 2 140 0.57 37 191 0
1 512 53 6 19 85 5733 16025 15 2 140 0.3 31 190 0
1 512 53 6 19 85 5733 16025 16 2 140 0.7 38 189 0
1 512 53 6 19 85 5733 16025 11 1 140 0.09 24 188 0
1 512 53 6 19 85 5733 16025 15 1 140 0.37 32 187 0
1 512 53 6 19 85 5733 16025 10 1 140 0.15 26 186 0
1 512 53 6 19 85 5733 16025 10 1 140 0.11 25 185 0
1 512 53 6 19 85 5733 16025 11 1 140 0.1 24 184 0
1 512 53 6 19 85 5733 16025 8 1 140 0.1 24 181 0
1 512 53 6 19 85 5733 16025 13 1 140 0.2 29 180 0
1 512 53 6 19 85 5733 16025 16 1 140 0.35 32 179 0
1 509 53 6 5 85 5720 16323 7 2 140 0.1 22 186 0
1 509 53 6 5 85 5720 16323 11 2 140 0.2 27 187 0
1 509 53 6 5 85 5720 16323 9 1 140 0.15 25 184 0
1 509 53 6 5 85 5720 16323 6 1 140 0.05 20 181 0
1 509 53 6 5 85 5720 16323 13 2 140 0.25 30 185 0
1 509 53 6 5 85 5720 16323 13 1 140 0.25 28 189 0
1 509 53 6 5 85 5720 16323 12 2 140 0.25 30 193 0
1 509 53 6 5 85 5720 16323 14 1 140 0.25 28 197 0
1 509 53 6 5 85 5720 16323 9 1 140 0.1 22 183 0
1 509 53 6 5 85 5720 16323 10 2 140 0.1 24 188 0
1 509 53 6 5 85 5720 16323 7 2 140 0.15 24 194 0
1 509 53 6 5 85 5720 16323 11 1 140 0.2 26 195 0
1 509 53 6 5 85 5720 16323 8 2 140 0.15 24 196 0
1 509 53 6 5 85 5720 16323 11 2 140 0.3 30 198 0
1 509 53 6 5 85 5720 16323 11 2 140 0.2 28 199 0
1 509 53 6 5 85 5720 16323 7 1 140 0.1 24 200 0
1 509 53 6 5 85 5720 16323 9 2 140 0.2 27 191 0
1 509 53 6 5 85 5720 16323 8 2 140 0.1 22 192 0
1 509 53 6 5 85 5720 16323 9 2 140 0.2 27 190 0
1 509 53 6 5 85 5720 16323 10 1 140 0.15 25 182 0
1 516 62 6 6 85 5704 16250 5 2 140 0.05 20 161 0
1 516 62 6 6 85 5704 16250 7 2 140 0.05 21 173 0
1 516 62 6 6 85 5704 16250 11 1 140 0.2 27 174 0
1 516 62 6 6 85 5704 16250 5 2 140 0.05 18 175 0
1 516 62 6 6 85 5704 16250 13 1 140 0.25 29 176 0
1 516 62 6 6 85 5704 16250 13 2 140 0.35 32 177 0
1 516 62 6 6 85 5704 16250 10 2 140 0.15 26 178 0
1 516 62 6 6 85 5704 16250 10 2 140 0.25 30 179 0
1 516 62 6 6 85 5704 16250 15 2 140 0.3 31 180 0
1 516 62 6 6 85 5704 16250 7 1 140 0.1 23 171 0
1 516 62 6 6 85 5704 16250 13 2 140 0.25 31 172 0
1 516 62 6 6 85 5704 16250 13 2 140 0.3 31 170 0
1 516 62 6 6 85 5704 16250 9 1 140 0.1 23 168 0
1 516 62 6 6 85 5704 16250 12 2 140 0.2 28 166 0
1 516 62 6 6 85 5704 16250 12 2 140 0.3 32 162 0
1 516 62 6 6 85 5704 16250 6 2 140 0.05 21 164 0
1 516 62 6 6 85 5704 16250 15 1 140 0.35 31 163 0
1 516 62 6 6 85 5704 16250 11 2 140 0.2 28 165 0
1 516 62 6 6 85 5704 16250 13 1 140 0.35 32 167 0
1 516 62 6 6 85 5704 16250 5 1 140 0.05 18 169 0
1 516 64 6 8 85 5655 16213 12 2 140 0.35 33 145 0
1 516 64 6 8 85 5655 16213 15 2 140 0.6 36 144 0
1 516 64 6 8 85 5655 16213 14 2 140 0.45 35 142 0
1 516 64 6 8 85 5655 16213 12 1 140 0.35 33 146 0
1 516 64 6 8 85 5655 16213 14 1 140 0.3 31 143 0
1 516 64 6 8 85 5655 16213 13 2 140 0.35 32 147 0
1 516 64 6 8 85 5655 16213 16 1 140 0.4 34 149 0
1 516 64 6 8 85 5655 16213 12 2 140 0.35 33 150 0
1 516 64 6 8 85 5655 16213 13 1 140 0.45 34 148 0
1 516 64 6 8 85 5655 16213 6 2 140 0.1 22 141 0
1 516 59 6 8 85 5658 16235 9 2 140 0.15 25 135 0
1 516 59 6 8 85 5658 16235 11 2 140 0.25 29 134 0
1 516 59 6 8 85 5658 16235 11 1 140 0.25 28 133 0
1 516 59 6 8 85 5658 16235 7 1 140 0.15 24 136 0
1 516 59 6 8 85 5658 16235 11 1 140 0.2 28 138 0
1 516 59 6 8 85 5658 16235 12 1 140 0.25 29 140 0
1 516 59 6 8 85 5658 16235 14 2 140 0.3 31 139 0
1 516 59 6 8 85 5658 16235 13 1 140 0.2 28 137 0
1 516 59 6 8 85 5658 16235 14 2 140 0.35 31 132 0
1 516 62 6 9 85 5651 16233 10 1 140 0.25 29 114 0
1 516 62 6 9 85 5651 16233 6 2 140 0.05 20 118 0
1 516 62 6 9 85 5651 16233 5 1 140 0.05 19 117 0
1 516 62 6 9 85 5651 16233 7 2 140 0.2 28 116 0
1 516 62 6 9 85 5651 16233 8 1 140 0.1 23 113 0
1 516 62 6 9 85 5651 16233 9 2 140 0.2 26 111 0
1 516 62 6 9 85 5651 16233 15 2 140 0.25 29 115 0
1 516 62 6 9 85 5651 16233 14 2 140 0.6 37 119 0
1 516 62 6 9 85 5651 16233 13 2 140 0.4 33 120 0
1 516 62 6 9 85 5651 16233 14 1 140 0.2 27 112 0
1 516 60 6 11 85 5700 16204 15 2 140 0.25 30 105 0
1 516 60 6 11 85 5700 16204 15 1 140 0.25 29 106 0
1 516 60 6 11 85 5700 16204 8 2 140 0.15 24 104 0
1 516 60 6 11 85 5700 16204 9 2 140 0.2 26 102 0
1 516 60 6 11 85 5700 16204 15 1 140 0.25 30 108 0
1 516 60 6 11 85 5700 16204 10 1 140 0.2 27 103 0
1 516 60 6 11 85 5700 16204 13 2 140 0.25 28 107 0
1 516 60 6 11 85 5700 16204 9 1 140 0.15 26 110 0
1 516 60 6 11 85 5700 16204 9 1 140 0.15 25 109 0
1 516 60 6 11 85 5700 16204 8 1 140 0.1 23 101 0
1 512 60 6 12 85 5700 16157 8 1 140 0.1 22 95 0
1 512 60 6 12 85 5700 16157 6 1 140 0.1 21 96 0
1 512 60 6 12 85 5700 16157 13 1 140 0.3 30 94 0
1 512 60 6 12 85 5700 16157 13 1 140 0.3 30 93 0
1 512 60 6 12 85 5700 16157 6 1 140 0.1 21 97 0
1 512 60 6 12 85 5700 16157 9 1 140 0.15 25 91 0
1 512 60 6 12 85 5700 16157 17 1 140 0.4 33 99 0
1 512 60 6 12 85 5700 16157 18 2 140 0.7 38 100 0
1 512 60 6 12 85 5700 16157 15 1 140 0.35 32 98 0
1 512 60 6 12 85 5700 16157 13 1 140 0.2 26 92 0
1 512 60 6 12 85 5701 16151 13 2 140 0.25 29 74 0
1 512 60 6 12 85 5701 16151 10 1 140 0.2 24 75 0
1 512 60 6 12 85 5701 16151 9 2 140 0.2 25 73 0
1 512 60 6 12 85 5701 16151 12 2 140 0.25 29 72 0
1 512 60 6 12 85 5701 16151 12 2 140 0.2 26 76 0
1 512 60 6 12 85 5701 16151 12 1 140 0.15 24 80 0
1 512 60 6 12 85 5701 16151 13 1 140 0.2 26 81 0
1 512 60 6 12 85 5701 16151 9 1 140 0.2 26 82 0
1 512 60 6 12 85 5701 16151 10 1 140 0.15 25 83 0
1 512 60 6 12 85 5701 16151 7 2 140 0.1 21 85 0
1 512 60 6 12 85 5701 16151 5 2 140 0.05 19 86 0
1 512 60 6 12 85 5701 16151 6 2 140 0.05 19 87 0
1 512 60 6 12 85 5701 16151 8 1 140 0.1 21 89 0
1 512 60 6 12 85 5701 16151 7 1 140 0.1 22 90 0
1 512 60 6 12 85 5701 16151 7 2 140 0.1 22 84 0
1 512 60 6 12 85 5701 16151 5 2 140 0.05 19 88 0
1 512 60 6 12 85 5701 16151 10 2 140 0.25 29 78 0
1 512 60 6 12 85 5701 16151 8 1 140 0.2 24 79 0
1 512 60 6 12 85 5701 16151 9 2 140 0.15 26 77 0
1 512 60 6 12 85 5701 16151 9 2 140 0.15 24 71 0
1 512 60 6 13 85 5700 16154 9 2 140 0.2 27 54 0
1 512 60 6 13 85 5700 16154 8 2 140 0.15 25 58 0
1 512 60 6 13 85 5700 16154 7 2 140 0.15 23 57 0
1 512 60 6 13 85 5700 16154 9 2 140 0.1 25 55 0
1 512 60 6 13 85 5700 16154 14 2 140 0.55 36 53 0
1 512 60 6 13 85 5700 16154 6 2 140 0.1 23 62 0
1 512 60 6 13 85 5700 16154 6 2 140 0.1 21 63 0
1 512 60 6 13 85 5700 16154 6 1 140 0.05 19 64 0
1 512 60 6 13 85 5700 16154 6 1 140 0.05 20 65 0
1 512 60 6 13 85 5700 16154 5 2 140 0.1 21 66 0
1 512 60 6 13 85 5700 16154 6 1 140 0.05 18 67 0
1 512 60 6 13 85 5700 16154 7 2 140 0.1 22 68 0
1 512 60 6 13 85 5700 16154 7 1 140 0.05 21 69 0
1 512 60 6 13 85 5700 16154 6 2 140 0.05 20 70 0
1 512 60 6 13 85 5700 16154 14 1 140 0.3 30 52 0
1 512 60 6 13 85 5700 16154 9 1 140 0.1 22 56 0
1 512 60 6 13 85 5700 16154 5 2 140 0.05 20 60 0
1 512 60 6 13 85 5700 16154 6 1 140 0.05 19 59 0
1 512 60 6 13 85 5700 16154 6 2 140 0.1 22 61 0
1 512 60 6 13 85 5700 16154 5 1 140 0.05 16 51 0
1 516 60 6 14 85 5700 16204 7 1 140 0.1 21 47 0
1 516 60 6 14 85 5700 16204 5 2 140 0.05 18 50 0
1 516 60 6 14 85 5700 16204 6 2 140 0.1 20 49 0
1 516 60 6 14 85 5700 16204 6 2 140 0.05 19 48 0
1 516 60 6 14 85 5700 16204 5 2 140 0.05 18 46 0
1 516 60 6 14 85 5700 16204 7 1 140 0.05 18 45 0
1 516 62 6 14 85 5700 16206 5 2 140 0.05 18 39 0
1 516 62 6 14 85 5700 16206 15 1 140 0.4 32 37 0
1 516 62 6 14 85 5700 16206 14 1 140 0.35 32 36 0
1 516 62 6 14 85 5700 16206 8 1 140 0.05 20 40 0
1 516 62 6 14 85 5700 16206 8 2 140 0.15 25 38 0
1 516 62 6 14 85 5700 16206 15 2 140 0.5 36 42 0
1 516 62 6 14 85 5700 16206 15 2 140 0.55 37 43 0
1 516 62 6 14 85 5700 16206 14 1 140 0.25 30 44 0
1 516 62 6 14 85 5700 16206 6 1 140 0.05 19 41 0
1 516 62 6 14 85 5700 16206 14 1 140 0.4 32 35 0
1 516 60 6 16 85 5700 16200 6 2 140 0.1 23 31 0
1 516 60 6 16 85 5700 16200 9 1 140 0.1 23 34 0
1 516 60 6 16 85 5700 16200 6 2 140 0.05 18 33 0
1 516 60 6 16 85 5700 16200 7 1 140 0.05 18 32 0
1 516 60 6 16 85 5700 16200 8 2 140 0.1 23 30 0
1 516 64 6 16 85 5656 16235 9 2 140 0.1 23 26 0
1 516 64 6 16 85 5656 16235 16 1 140 0.35 31 28 0
1 516 64 6 16 85 5656 16235 6 1 140 0.05 18 24 0
1 516 64 6 16 85 5656 16235 6 1 140 0.1 20 29 0
1 516 64 6 16 85 5656 16235 15 1 140 0.3 31 27 0
1 516 64 6 16 85 5656 16235 6 1 140 0.05 20 25 0
1 512 62 6 18 85 5727 16005 6 1 140 0.05 17 22 0
1 512 62 6 18 85 5727 16005 16 1 140 0.35 33 23 0
1 512 62 6 18 85 5727 16005 5 1 140 0.05 16 21 0
1 516 0 6 12 85 5721 16254 10 1 140 0.17 26 121 0
1 516 0 6 12 85 5721 16254 12 1 140 0.14 26 125 0
1 516 0 6 12 85 5721 16254 14 1 140 0.15 28 130 0
1 516 0 6 12 85 5721 16254 18 2 140 0.71 41 129 0
1 516 0 6 12 85 5721 16254 8 2 140 0.12 25 128 0
1 516 0 6 12 85 5721 16254 7 2 140 0.11 24 127 0
1 516 0 6 12 85 5721 16254 8 1 140 0.15 24 126 0
1 516 0 6 12 85 5721 16254 8 2 140 0.13 24 124 0
1 516 0 6 12 85 5721 16254 9 2 140 0.18 26 123 0
1 516 0 6 12 85 5721 16254 12 1 140 0.15 25 122 0
1 509 0 6 8 85 5757 16302 10 1 140 0.25 27 170 0
1 509 0 6 8 85 5757 16302 10 2 140 0.35 29 169 0
1 509 0 6 8 85 5757 16302 14 1 140 0.3 29 168 0
1 509 0 6 8 85 5757 16302 11 2 140 0.3 28 162 0
1 509 0 6 8 85 5757 16302 15 2 140 0.35 30 166 0
1 509 0 6 8 85 5757 16302 17 1 140 0.46 33 167 0
1 509 0 6 8 85 5757 16302 10 2 140 0.42 31 165 0
1 509 0 6 8 85 5757 16302 14 2 140 0.45 33 164 0
1 509 0 6 8 85 5757 16302 14 2 140 0.55 34 163 0
1 509 0 6 8 85 5757 16302 11 2 140 0.29 28 161 0
1 509 0 6 9 85 5709 16305 14 2 140 0.3 28 160 0
1 509 0 6 9 85 5709 16305 11 1 140 0.35 28 159 0
1 509 0 6 9 85 5709 16305 12 1 140 0.32 30 158 0
1 509 0 6 9 85 5709 16305 14 2 140 0.52 34 157 0
1 509 0 6 9 85 5709 16305 16 2 140 0.52 34 154 0
1 509 0 6 9 85 5709 16305 9 1 140 0.22 25 153 0
1 509 0 6 9 85 5709 16305 11 2 140 0.25 26 152 0
1 509 0 6 9 85 5709 16305 14 2 140 0.56 36 151 0
1 509 0 6 10 85 5708 16322 12 2 140 0.35 30 150 0
1 509 0 6 10 85 5708 16322 16 2 140 0.6 35 148 0
1 509 0 6 10 85 5708 16322 10 1 140 0.25 25 147 0
1 509 0 6 10 85 5708 16322 8 2 140 0.23 25 146 0
1 509 0 6 10 85 5708 16322 10 1 140 0.28 28 145 0
1 509 0 6 10 85 5708 16322 12 2 140 0.27 27 144 0
1 509 0 6 10 85 5708 16322 12 1 140 0.34 29 143 0
1 509 0 6 10 85 5708 16322 17 1 140 0.47 31 149 0
1 509 0 6 10 85 5708 16322 10 1 140 0.32 27 142 0
1 509 0 6 10 85 5708 16322 10 1 140 0.36 27 141 0
1 516 0 6 11 85 5719 16250 13 1 140 0.19 27 137 0
1 516 0 6 11 85 5719 16250 15 2 140 0.51 37 140 0
1 516 0 6 11 85 5719 16250 14 1 140 0.31 31 139 0
1 516 0 6 11 85 5719 16250 17 1 140 0.3 31 138 0
1 516 0 6 11 85 5719 16250 9 2 140 0.16 26 136 0
1 516 0 6 11 85 5719 16250 15 2 140 0.34 33 135 0
1 516 0 6 11 85 5719 16250 12 2 140 0.26 30 134 0
1 516 0 6 11 85 5719 16250 17 2 140 0.52 34 132 0
1 516 0 6 11 85 5719 16250 17 1 140 0.33 32 133 0
1 516 0 6 13 85 5717 16248 12 1 140 0.21 29 120 0
1 516 0 6 13 85 5717 16248 14 2 140 0.4 33 119 0
1 516 0 6 13 85 5717 16248 9 1 140 0.15 26 118 0
1 516 0 6 13 85 5717 16248 9 2 140 0.17 25 117 0
1 516 0 6 13 85 5717 16248 13 2 140 0.38 33 116 0
1 516 0 6 13 85 5717 16248 10 2 140 0.17 24 115 0
1 516 0 6 13 85 5717 16248 11 1 140 0.16 26 114 0
1 516 0 6 13 85 5717 16248 8 1 140 0.16 24 113 0
1 516 0 6 13 85 5717 16248 8 2 140 0.15 25 112 0
1 516 0 6 13 85 5717 16248 7 1 140 0.08 22 111 0
1 516 0 6 14 85 5729 16212 9 1 140 0.06 22 109 0
1 516 0 6 14 85 5729 16212 18 2 140 0.55 35 108 0
1 516 0 6 14 85 5729 16212 8 1 140 0.07 22 107 0
1 516 0 6 14 85 5729 16212 8 2 140 0.12 24 106 0
1 516 0 6 14 85 5729 16212 16 2 140 0.53 35 110 0
1 516 0 6 14 85 5729 16212 10 2 140 0.38 32 105 0
1 516 0 6 14 85 5729 16212 7 2 140 0.07 23 104 0
1 516 0 6 14 85 5729 16212 10 1 140 0.13 24 103 0
1 516 0 6 14 85 5729 16212 15 2 140 0.56 36 102 0
1 516 0 6 14 85 5729 16212 10 1 140 0.1 24 101 0
1 516 0 6 5 85 5742 16248 11 2 140 0.4 31 200 0
1 516 0 6 5 85 5742 16248 10 1 140 0.2 25 198 0
1 516 0 6 5 85 5742 16248 11 1 140 0.27 28 196 0
1 516 0 6 5 85 5742 16248 10 2 140 0.32 28 195 0
1 516 0 6 5 85 5742 16248 14 2 140 0.4 31 194 0
1 516 0 6 5 85 5742 16248 11 2 140 0.37 30 193 0
1 516 0 6 5 85 5742 16248 14 1 140 0.35 30 192 0
1 516 0 6 5 85 5742 16248 11 2 140 0.27 27 191 0
1 509 0 6 6 85 5750 16306 13 1 140 0.25 28 190 0
1 509 0 6 6 85 5750 16306 14 1 140 0.3 30 188 0
1 509 0 6 6 85 5750 16306 14 2 140 0.35 30 189 0
1 509 0 6 6 85 5750 16306 11 2 140 0.37 31 187 0
1 509 0 6 6 85 5750 16306 12 2 140 0.35 29 186 0
1 509 0 6 6 85 5750 16306 14 2 140 0.33 29 185 0
1 509 0 6 6 85 5750 16306 15 2 140 0.37 31 184 0
1 509 0 6 6 85 5750 16306 14 1 140 0.25 27 183 0
1 509 0 6 6 85 5750 16306 13 2 140 0.32 28 182 0
1 509 0 6 6 85 5750 16306 11 2 140 0.3 29 181 0
1 516 0 6 7 85 5752 16259 11 2 140 0.23 27 180 0
1 516 0 6 7 85 5752 16259 13 1 140 0.35 30 179 0
1 516 0 6 7 85 5752 16259 9 1 140 0.3 29 174 0
1 516 0 6 7 85 5752 16259 15 1 140 0.35 30 178 0
1 516 0 6 7 85 5752 16259 10 2 140 0.19 25 177 0
1 516 0 6 7 85 5752 16259 9 1 140 0.2 25 176 0
1 516 0 6 7 85 5752 16259 13 1 140 0.33 29 175 0
1 516 0 6 7 85 5752 16259 15 2 140 0.41 33 173 0
1 516 0 6 7 85 5752 16259 14 1 140 0.32 30 172 0
1 516 0 6 7 85 5752 16259 12 2 140 0.33 29 171 0
1 514 0 8 1 85 5837 16430 6 2 140 0.1 22 219 0
1 514 0 8 1 85 5837 16430 3 2 140 -9 10 218 0
1 514 0 8 1 85 5837 16430 6 2 140 0.05 18 217 0
1 514 0 8 1 85 5837 16430 12 2 140 0.38 31 214 0
1 514 0 8 1 85 5837 16430 16 2 140 0.52 35 213 0
1 514 0 8 1 85 5837 16430 17 2 140 0.66 37 211 0
1 514 0 8 1 85 5837 16430 4 1 140 -9 14 208 0
1 514 0 8 1 85 5837 16430 18 2 140 0.68 40 212 0
1 514 0 8 1 85 5837 16430 17 2 140 0.38 34 216 0
1 514 0 8 1 85 5837 16430 5 2 140 -9 13 220 0
1 514 0 8 1 85 5837 16430 10 2 140 0.27 29 215 0
1 514 0 8 1 85 5837 16430 14 1 140 0.28 31 210 0
1 514 0 8 1 85 5837 16430 6 1 140 0.06 19 209 0
1 514 0 8 1 85 5837 16430 5 1 140 0.03 16 207 0
1 514 0 8 1 85 5837 16430 3 1 140 -9 13 206 0
1 514 0 8 1 85 5837 16430 7 1 140 0.09 20 205 0
1 514 0 8 1 85 5837 16430 14 1 140 0.27 30 203 0
1 514 0 8 1 85 5837 16430 16 1 140 0.21 29 202 0
1 514 0 8 1 85 5837 16430 4 1 140 -9 13 204 0
1 514 0 8 1 85 5837 16430 16 1 140 0.41 34 201 0
1 514 0 8 2 85 5835 16440 16 2 140 0.42 33 240 0
1 514 0 8 2 85 5835 16440 12 2 140 0.49 35 239 0
1 514 0 8 2 85 5835 16440 5 2 140 0.04 17 238 0
1 514 0 8 2 85 5835 16440 6 2 140 0.08 20 237 0
1 514 0 8 2 85 5835 16440 5 2 140 0.04 15 235 0
1 514 0 8 2 85 5835 16440 5 2 140 0.04 16 234 0
1 514 0 8 2 85 5835 16440 5 2 140 -9 14 233 0
1 514 0 8 2 85 5835 16440 4 2 140 -9 14 232 0
1 514 0 8 2 85 5835 16440 5 2 140 -9 13 231 0
1 514 0 8 2 85 5835 16440 17 1 140 0.25 32 230 0
1 514 0 8 2 85 5835 16440 17 1 140 0.32 32 229 0
1 514 0 8 2 85 5835 16440 18 1 140 0.45 36 228 0
1 514 0 8 2 85 5835 16440 14 1 140 0.33 31 227 0
1 514 0 8 2 85 5835 16440 5 1 140 0.03 16 226 0
1 514 0 8 2 85 5835 16440 3 1 140 -9 12 225 0
1 514 0 8 2 85 5835 16440 3 1 140 -9 13 224 0
1 514 0 8 2 85 5835 16440 4 1 140 -9 14 223 0
1 514 0 8 2 85 5835 16440 5 2 140 0.08 21 236 0
1 514 0 8 2 85 5835 16440 5 1 140 0.03 14 222 0
1 514 0 8 2 85 5835 16440 6 1 140 0.07 18 221 0
1 514 0 8 3 85 5831 16435 5 2 140 0.03 15 259 0
1 514 0 8 3 85 5831 16435 9 2 140 0.12 24 258 0
1 514 0 8 3 85 5831 16435 18 1 140 0.48 36 244 0
1 514 0 8 3 85 5831 16435 14 1 140 0.28 29 248 0
1 514 0 8 3 85 5831 16435 14 2 140 0.41 35 252 0
1 514 0 8 3 85 5831 16435 4 2 140 0.04 16 256 0
1 514 0 8 3 85 5831 16435 5 2 140 0.04 17 260 0
1 514 0 8 3 85 5831 16435 16 2 140 0.46 33 257 0
1 514 0 8 3 85 5831 16435 4 2 140 -9 11 255 0
1 514 0 8 3 85 5831 16435 8 2 140 0.12 24 254 0
1 514 0 8 3 85 5831 16435 16 2 140 0.42 36 253 0
1 514 0 8 3 85 5831 16435 18 2 140 0.45 35 251 0
1 514 0 8 3 85 5831 16435 12 1 140 0.22 28 250 0
1 514 0 8 3 85 5831 16435 13 1 140 0.19 26 249 0
1 514 0 8 3 85 5831 16435 5 1 140 -9 13 247 0
1 514 0 8 3 85 5831 16435 11 1 140 0.24 28 246 0
1 514 0 8 3 85 5831 16435 12 1 140 0.26 29 245 0
1 514 0 8 3 85 5831 16435 15 1 140 0.34 33 243 0
1 514 0 8 3 85 5831 16435 5 1 140 0.04 16 242 0
1 514 0 8 3 85 5831 16435 5 1 140 0.04 15 241 0
1 514 0 8 4 85 5839 16453 14 2 140 0.36 33 290 0
1 514 0 8 4 85 5839 16453 10 2 140 0.28 31 289 0
1 514 0 8 4 85 5839 16453 16 2 140 0.26 30 287 0
1 514 0 8 4 85 5839 16453 12 2 140 0.34 32 286 0
1 514 0 8 4 85 5839 16453 17 2 140 0.4 32 285 0
1 514 0 8 4 85 5839 16453 12 2 140 0.22 28 283 0
1 514 0 8 4 85 5839 16453 10 2 140 0.23 28 282 0
1 514 0 8 4 85 5839 16453 10 2 140 0.22 29 281 0
1 514 0 8 4 85 5839 16453 15 2 140 0.55 35 279 0
1 514 0 8 4 85 5839 16453 10 2 140 0.08 26 278 0
1 514 0 8 4 85 5839 16453 9 2 140 0.09 27 277 0
1 514 0 8 4 85 5839 16453 8 2 140 0.08 25 276 0
1 514 0 8 4 85 5839 16453 13 1 140 0.31 31 275 0
1 514 0 8 4 85 5839 16453 15 1 140 0.32 31 265 0
1 514 0 8 4 85 5839 16453 17 1 140 0.42 35 274 0
1 514 0 8 4 85 5839 16453 10 1 140 0.23 27 273 0
1 514 0 8 4 85 5839 16453 7 1 140 0.17 26 272 0
1 514 0 8 4 85 5839 16453 10 1 140 0.22 28 271 0
1 514 0 8 4 85 5839 16453 10 1 140 0.21 28 270 0
1 514 0 8 4 85 5839 16453 13 1 140 0.28 30 269 0
1 514 0 8 4 85 5839 16453 17 1 140 0.28 30 268 0
1 514 0 8 4 85 5839 16453 18 1 140 0.35 30 267 0
1 514 0 8 4 85 5839 16453 16 2 140 0.38 34 280 0
1 514 0 8 4 85 5839 16453 13 2 140 0.33 32 284 0
1 514 0 8 4 85 5839 16453 9 2 140 0.19 27 288 0
1 514 0 8 4 85 5839 16453 9 1 140 0.24 28 266 0
1 514 0 8 4 85 5839 16453 9 1 140 0.19 26 264 0
1 514 0 8 4 85 5839 16453 15 1 140 0.3 32 263 0
1 514 0 8 4 85 5839 16453 15 1 140 0.29 33 262 0
1 514 0 8 4 85 5839 16453 6 1 140 0.07 19 261 0
1 514 0 8 6 85 5832 16425 6 2 140 0.06 18 330 0
1 514 0 8 6 85 5832 16425 13 2 140 0.43 36 321 0
1 514 0 8 6 85 5832 16425 9 2 140 0.22 27 325 0
1 514 0 8 6 85 5832 16425 5 2 140 0.06 18 329 0
1 514 0 8 6 85 5832 16425 6 2 140 0.08 19 328 0
1 514 0 8 6 85 5832 16425 7 2 140 0.14 24 327 0
1 514 0 8 6 85 5832 16425 11 2 140 0.26 29 326 0
1 514 0 8 6 85 5832 16425 9 2 140 0.32 30 324 0
1 514 0 8 6 85 5832 16425 14 2 140 0.28 30 323 0
1 514 0 8 6 85 5832 16425 13 2 140 0.26 29 322 0
1 514 0 8 6 85 5832 16425 14 1 140 0.17 25 320 0
1 514 0 8 6 85 5832 16425 14 1 140 0.33 31 319 0
1 514 0 8 6 85 5832 16425 8 1 140 0.13 23 318 0
1 514 0 8 6 85 5832 16425 8 1 140 0.14 24 317 0
1 514 0 8 6 85 5832 16425 7 1 140 0.13 24 316 0
1 514 0 8 6 85 5832 16425 7 1 140 0.14 23 315 0
1 514 0 8 6 85 5832 16425 9 1 140 0.15 24 314 0
1 514 0 8 6 85 5832 16425 18 1 140 0.37 33 313 0
1 514 0 8 6 85 5832 16425 7 1 140 0.11 22 312 0
1 514 0 8 6 85 5832 16425 11 1 140 0.31 29 311 0
1 514 0 8 7 85 5839 16541 8 2 140 0.14 25 350 0
1 514 0 8 7 85 5839 16541 10 2 140 0.19 26 349 0
1 514 0 8 7 85 5839 16541 11 2 140 0.34 31 348 0
1 514 0 8 7 85 5839 16541 12 2 140 0.25 29 347 0
1 514 0 8 7 85 5839 16541 10 2 140 0.22 28 346 0
1 514 0 8 7 85 5839 16541 13 2 140 0.19 28 345 0
1 514 0 8 7 85 5839 16541 15 2 140 0.3 33 344 0
1 514 0 8 7 85 5839 16541 6 2 140 0.21 27 343 0
1 514 0 8 7 85 5839 16541 18 2 140 0.66 38 342 0
1 514 0 8 7 85 5839 16541 7 1 140 0.09 21 340 0
1 514 0 8 7 85 5839 16541 8 1 140 0.12 23 339 0
1 514 0 8 7 85 5839 16541 8 1 140 0.14 25 333 0
1 514 0 8 7 85 5839 16541 12 1 140 0.32 32 337 0
1 514 0 8 7 85 5839 16541 14 2 140 0.32 33 341 0
1 514 0 8 7 85 5839 16541 7 1 140 0.14 23 338 0
1 514 0 8 7 85 5839 16541 16 1 140 0.21 27 335 0
1 514 0 8 7 85 5839 16541 8 1 140 0.16 24 334 0
1 514 0 8 7 85 5839 16541 7 1 140 0.14 24 332 0
1 514 0 8 7 85 5839 16541 8 1 140 0.06 25 331 0
1 514 0 8 9 85 5835 16445 5 2 140 0.03 15 380 0
1 514 0 8 9 85 5835 16445 5 2 140 0.04 16 379 0
1 514 0 8 9 85 5835 16445 6 2 140 0.05 17 377 0
1 514 0 8 9 85 5835 16445 6 2 140 0.06 18 376 0
1 514 0 8 9 85 5835 16445 6 2 140 0.06 18 375 0
1 514 0 8 9 85 5835 16445 6 2 140 0.08 19 373 0
1 514 0 8 9 85 5835 16445 7 2 140 0.09 21 372 0
1 514 0 8 9 85 5835 16445 7 2 140 0.11 22 371 0
1 514 0 8 9 85 5835 16445 8 2 140 0.13 23 369 0
1 514 0 8 9 85 5835 16445 13 2 140 0.32 31 368 0
1 514 0 8 9 85 5835 16445 15 2 140 0.55 37 367 0
1 514 0 8 9 85 5835 16445 5 1 140 0.03 15 365 0
1 514 0 8 9 85 5835 16445 5 1 140 0.03 15 364 0
1 514 0 8 9 85 5835 16445 18 2 140 0.54 36 366 0
1 514 0 8 9 85 5835 16445 9 2 140 0.19 26 370 0
1 514 0 8 9 85 5835 16445 5 2 140 0.06 17 374 0
1 514 0 8 9 85 5835 16445 5 2 140 0.05 16 378 0
1 514 0 8 9 85 5835 16445 6 1 140 0.07 19 358 0
1 514 0 8 9 85 5835 16445 5 1 140 0.04 16 363 0
1 514 0 8 9 85 5835 16445 5 1 140 0.04 16 362 0
1 514 0 8 9 85 5835 16445 5 1 140 0.05 17 361 0
1 514 0 8 9 85 5835 16445 6 1 140 0.05 17 360 0
1 514 0 8 9 85 5835 16445 7 1 140 0.06 18 359 0
1 514 0 8 9 85 5835 16445 6 1 140 0.06 18 357 0
1 514 0 8 9 85 5835 16445 5 1 140 0.06 18 356 0
1 514 0 8 9 85 5835 16445 6 1 140 0.08 19 355 0
1 514 0 8 9 85 5835 16445 8 1 140 0.12 22 354 0
1 514 0 8 9 85 5835 16445 8 1 140 0.12 23 353 0
1 514 0 8 9 85 5835 16445 18 1 140 0.35 33 352 0
1 514 0 8 9 85 5835 16445 15 1 140 0.44 34 351 0
1 516 0 8 11 85 5741 16244 6 2 140 0.06 19 400 0
1 516 0 8 11 85 5741 16244 8 2 140 0.09 21 399 0
1 516 0 8 11 85 5741 16244 8 2 140 0.19 25 398 0
1 516 0 8 11 85 5741 16244 14 2 140 0.38 34 397 0
1 516 0 8 11 85 5741 16244 15 2 140 0.42 34 396 0
1 516 0 8 11 85 5741 16244 17 2 140 0.55 37 395 0
1 516 0 8 11 85 5741 16244 10 2 140 0.19 26 394 0
1 516 0 8 11 85 5741 16244 14 2 140 0.29 31 393 0
1 516 0 8 11 85 5741 16244 8 2 140 0.09 21 392 0
1 516 0 8 11 85 5741 16244 6 2 140 0.07 19 391 0
1 516 0 8 11 85 5741 16244 6 2 140 0.09 21 390 0
1 516 0 8 11 85 5741 16244 7 2 140 0.09 20 389 0
1 516 0 8 11 85 5741 16244 6 1 140 0.05 17 388 0
1 516 0 8 11 85 5741 16244 5 1 140 0.06 17 387 0
1 516 0 8 11 85 5741 16244 6 1 140 0.1 21 386 0
1 516 0 8 11 85 5741 16244 6 1 140 0.1 21 385 0
1 516 0 8 11 85 5741 16244 5 1 140 0.06 18 384 0
1 516 0 8 11 85 5741 16244 7 1 140 0.1 22 382 0
1 516 0 8 11 85 5741 16244 6 1 140 0.08 21 383 0
1 516 0 8 11 85 5741 16244 5 1 140 0.06 19 381 0
1 514 0 8 5 85 5839 16458 11 2 140 0.42 34 301 0
1 514 0 8 5 85 5839 16458 9 1 140 0.18 25 299 0
1 514 0 8 5 85 5839 16458 10 1 140 0.19 25 298 0
1 514 0 8 5 85 5839 16458 9 1 140 0.19 27 297 0
1 514 0 8 5 85 5839 16458 9 1 140 0.2 27 295 0
1 514 0 8 5 85 5839 16458 13 1 140 0.28 29 294 0
1 514 0 8 5 85 5839 16458 9 1 140 0.19 27 292 0
1 514 0 8 5 85 5839 16458 16 1 140 0.18 26 296 0
1 514 0 8 5 85 5839 16458 15 1 140 0.34 31 300 0
1 514 0 8 5 85 5839 16458 11 2 140 0.28 30 308 0
1 514 0 8 5 85 5839 16458 12 1 140 0.18 26 293 0
1 514 0 8 5 85 5839 16458 17 1 140 0.46 35 291 0
1 514 0 8 5 85 5839 16458 9 2 140 0.16 24 310 0
1 514 0 8 5 85 5839 16458 9 2 140 0.22 27 309 0
1 514 0 8 5 85 5839 16458 9 2 140 0.17 26 307 0
1 514 0 8 5 85 5839 16458 11 2 140 0.32 30 306 0
1 514 0 8 5 85 5839 16458 13 2 140 0.38 32 305 0
1 514 0 8 5 85 5839 16458 15 2 140 0.34 32 304 0
1 514 0 8 5 85 5839 16458 9 2 140 0.22 28 303 0
1 514 0 8 5 85 5839 16458 6 2 140 0.15 24 302 0
