1 514 22 5 24 87 5839 15948 12 2 140 0.25 29 48 0
1 514 22 5 24 87 5839 15948 15 2 140 0.39 34 52 0
1 514 22 5 24 87 5839 15948 14 1 140 0.25 30 56 0
1 514 22 5 24 87 5839 15948 21 1 140 0.32 31 60 0
1 514 22 5 24 87 5839 15948 17 1 140 0.23 28 59 0
1 514 22 5 24 87 5839 15948 8 1 140 0.2 27 58 0
1 514 22 5 24 87 5839 15948 14 1 140 0.25 30 55 0
1 514 22 5 24 87 5839 15948 8 1 140 0.17 26 54 0
1 514 22 5 24 87 5839 15948 18 2 140 0.37 33 51 0
1 514 22 5 24 87 5839 15948 12 2 140 0.56 38 44 0
1 514 22 5 24 87 5839 15948 17 2 140 0.4 34 50 0
1 514 22 5 24 87 5839 15948 16 2 140 0.31 31 49 0
1 514 22 5 24 87 5839 15948 12 2 140 0.27 29 47 0
1 514 22 5 24 87 5839 15948 13 2 140 0.3 30 46 0
1 514 22 5 24 87 5839 15948 20 2 140 0.74 38 45 0
1 534 60 4 29 87 5817 16745 18 2 140 0.9 38 115 0
1 534 60 4 29 87 5817 16745 18 2 140 1.05 41 114 0
1 534 60 4 29 87 5817 16745 19 2 140 0.35 29 113 0
1 534 60 4 29 87 5817 16745 19 2 140 0.45 31 111 0
1 534 60 4 29 87 5817 16745 12 2 140 0.4 31 108 0
1 534 60 4 29 87 5817 16745 17 2 140 0.65 37 112 0
1 534 60 4 29 87 5817 16745 11 2 140 0.35 30 110 0
1 534 60 4 29 87 5817 16745 16 2 140 0.55 36 109 0
1 534 60 4 29 87 5817 16745 17 2 140 0.55 36 107 0
1 534 60 4 29 87 5817 16745 11 2 140 0.3 30 106 0
1 534 60 4 29 87 5817 16745 12 2 140 0.3 30 105 0
1 534 60 4 29 87 5817 16745 17 2 140 0.65 36 103 0
1 534 60 4 29 87 5817 16745 17 2 140 0.5 34 102 0
1 534 60 4 29 87 5817 16745 10 2 140 0.5 34 101 0
1 534 57 5 3 87 5824 16804 10 2 140 0.3 29 139 0
1 534 57 5 3 87 5824 16804 21 2 140 0.9 42 138 0
1 534 57 5 3 87 5824 16804 7 2 140 0.1 22 137 0
1 534 57 5 3 87 5824 16804 8 2 140 0.15 24 136 0
1 534 57 5 3 87 5824 16804 11 2 140 0.25 27 135 0
1 534 57 5 3 87 5824 16804 8 2 140 0.1 20 134 0
1 534 57 5 3 87 5824 16804 8 2 140 0.25 28 133 0
1 534 57 5 3 87 5824 16804 7 2 140 0.05 20 132 0
1 534 57 5 3 87 5824 16804 8 2 140 0.1 21 131 0
1 534 57 5 3 87 5824 16804 10 2 140 0.25 27 130 0
1 534 57 5 3 87 5824 16804 13 2 140 0.35 29 129 0
1 534 57 5 3 87 5824 16804 8 2 140 0.1 20 128 0
1 534 57 5 3 87 5824 16804 8 1 140 0.1 21 116 0
1 534 57 5 3 87 5824 16804 8 2 140 0.1 22 140 0
1 534 57 5 3 87 5824 16804 7 1 140 0.1 20 127 0
1 534 57 5 3 87 5824 16804 7 1 140 0.1 22 126 0
1 534 57 5 3 87 5824 16804 7 1 140 0.15 24 125 0
1 534 57 5 3 87 5824 16804 8 1 140 0.15 22 124 0
1 534 57 5 3 87 5824 16804 7 1 140 0.05 18 123 0
1 534 57 5 3 87 5824 16804 8 1 140 0.15 23 122 0
1 534 57 5 3 87 5824 16804 8 1 140 0.1 22 121 0
1 534 57 5 3 87 5824 16804 8 1 140 0.1 22 120 0
1 534 57 5 3 87 5824 16804 9 1 140 0.2 24 119 0
1 534 57 5 3 87 5824 16804 8 1 140 0.15 24 118 0
1 534 57 5 3 87 5824 16804 8 1 140 0.2 25 117 0
1 516 49 4 7 87 5721 16228 14 2 140 0.36 31 164 0
1 516 49 4 7 87 5721 16228 11 2 140 0.44 34 163 0
1 516 49 4 7 87 5721 16228 10 2 140 0.35 31 161 0
1 516 49 4 7 87 5721 16228 9 2 140 0.44 33 160 0
1 516 49 4 7 87 5721 16228 20 1 140 0.52 37 154 0
1 516 49 4 7 87 5721 16228 10 1 140 0.4 32 158 0
1 516 49 4 7 87 5721 16228 19 2 140 0.36 30 162 0
1 516 49 4 7 87 5721 16228 6 1 140 0.11 21 156 0
1 516 49 4 7 87 5721 16228 17 1 140 0.46 35 155 0
1 534 59 4 16 87 5807 16648 8 2 140 0.06 19 196 0
1 534 59 4 16 87 5807 16648 6 2 140 0.05 19 195 0
1 534 59 4 16 87 5807 16648 7 2 140 0.06 20 194 0
1 534 59 4 16 87 5807 16648 8 1 140 0.05 19 193 0
1 534 59 4 16 87 5807 16648 15 2 140 0.92 40 197 0
1 534 59 4 16 87 5807 16648 8 1 140 0.06 20 192 0
1 534 59 4 16 87 5807 16648 7 1 140 0.06 20 191 0
1 514 26 5 7 87 5846 16005 7 2 140 0.05 17 200 0
1 514 26 5 7 87 5846 16005 7 2 140 0.05 15 199 0
1 514 26 5 7 87 5846 16005 7 2 140 0.1 20 197 0
1 514 26 5 7 87 5846 16005 14 2 140 0.75 38 196 0
1 514 26 5 7 87 5846 16005 7 2 140 0.1 21 195 0
1 514 26 5 7 87 5846 16005 7 2 140 0.05 18 193 0
1 514 26 5 7 87 5846 16005 18 2 140 0.65 37 192 0
1 514 26 5 7 87 5846 16005 6 2 140 0.05 18 191 0
1 514 26 5 7 87 5846 16005 9 1 140 0.1 21 189 0
1 514 26 5 7 87 5846 16005 4 1 140 0.05 12 188 0
1 514 26 5 7 87 5846 16005 6 1 140 0.05 17 187 0
1 514 26 5 7 87 5846 16005 7 1 140 0.1 18 185 0
1 514 26 5 7 87 5846 16005 7 1 140 0.1 18 184 0
1 514 26 5 7 87 5846 16005 5 1 140 0.1 20 183 0
1 514 26 5 7 87 5846 16005 7 1 140 0.05 16 186 0
1 514 26 5 7 87 5846 16005 4 1 140 0.05 10 190 0
1 514 26 5 7 87 5846 16005 14 2 140 0.85 40 194 0
1 514 26 5 7 87 5846 16005 7 2 140 0.1 20 198 0
1 514 26 5 7 87 5846 16005 8 1 140 0.1 21 182 0
1 514 26 5 7 87 5846 16005 5 1 140 0.15 23 181 0
1 513 64 4 17 87 5754 16613 11 2 140 0.45 33 79 0
1 513 64 4 17 87 5754 16613 13 2 140 0.35 32 78 0
1 513 64 4 17 87 5754 16613 13 2 140 0.35 33 77 0
1 513 64 4 17 87 5754 16613 10 1 140 0.25 27 68 0
1 513 64 4 17 87 5754 16613 8 1 140 0.1 20 72 0
1 513 64 4 17 87 5754 16613 13 2 140 0.6 35 76 0
1 513 64 4 17 87 5754 16613 14 2 140 0.6 37 80 0
1 513 64 4 17 87 5754 16613 15 1 140 0.4 33 74 0
1 513 64 4 17 87 5754 16613 10 1 140 0.15 24 73 0
1 513 64 4 17 87 5754 16613 8 1 140 0.1 20 71 0
1 513 64 4 17 87 5754 16613 19 1 140 0.45 34 70 0
1 513 64 4 17 87 5754 16613 17 1 140 0.45 34 69 0
1 513 64 4 17 87 5754 16613 9 1 140 0.15 25 67 0
1 513 64 4 17 87 5754 16613 8 1 140 0.15 23 66 0
1 513 64 4 17 87 5754 16613 8 1 140 0.1 20 65 0
1 513 64 4 17 87 5754 16613 11 1 140 0.4 31 63 0
1 513 64 4 17 87 5754 16613 8 1 140 0.2 25 62 0
1 509 75 3 19 87 5639 16340 9 2 140 0.18 26 10 0
1 509 75 3 19 87 5639 16340 9 2 140 0.18 26 9 0
1 509 75 3 19 87 5639 16340 7 2 140 0.15 23 7 0
1 509 75 3 19 87 5639 16340 8 2 140 0.15 24 6 0
1 509 75 3 19 87 5639 16340 10 1 140 0.26 30 5 0
1 509 75 3 19 87 5639 16340 9 1 140 0.22 27 3 0
1 509 75 3 19 87 5639 16340 8 1 140 0.15 26 4 0
1 509 75 3 19 87 5639 16340 9 2 140 0.16 25 8 0
1 509 75 3 19 87 5639 16340 8 1 140 0.18 26 2 0
1 509 75 3 19 87 5639 16340 8 1 140 0.2 27 1 0
1 514 11 5 20 87 5833 15937 13 2 140 0.2 27 24 0
1 514 11 5 20 87 5833 15937 17 1 140 0.23 27 33 0
1 514 11 5 20 87 5833 15937 19 1 140 0.3 30 32 0
1 514 11 5 20 87 5833 15937 17 1 140 0.41 32 31 0
1 514 11 5 20 87 5833 15937 9 1 140 0.14 22 30 0
1 514 11 5 20 87 5833 15937 12 1 140 0.3 31 29 0
1 514 11 5 20 87 5833 15937 23 1 140 0.4 33 28 0
1 514 11 5 20 87 5833 15937 11 1 140 0.23 27 27 0
1 514 11 5 20 87 5833 15937 18 2 140 0.48 35 26 0
1 514 11 5 20 87 5833 15937 10 2 140 0.34 31 25 0
1 514 11 5 20 87 5833 15937 11 2 140 0.25 28 22 0
1 514 11 5 20 87 5833 15937 13 2 140 0.39 32 21 0
1 514 27 6 11 87 5818 15945 16 2 140 0.35 29 40 0
1 514 27 6 11 87 5818 15945 10 2 140 0.34 29 39 0
1 514 27 6 11 87 5818 15945 14 2 140 0.6 34 38 0
1 514 27 6 11 87 5818 15945 17 2 140 0.47 34 37 0
1 514 27 6 11 87 5818 15945 15 2 140 0.57 35 36 0
1 514 27 6 11 87 5818 15945 18 2 140 0.44 32 35 0
1 514 27 6 11 87 5818 15945 11 2 140 0.39 31 34 0
1 514 27 6 11 87 5818 15945 10 2 140 0.47 32 33 0
1 514 27 6 11 87 5818 15945 18 2 140 0.68 38 32 0
1 514 27 6 11 87 5818 15945 11 1 140 0.22 27 30 0
1 514 27 6 11 87 5818 15945 13 1 140 0.48 34 29 0
1 514 27 6 11 87 5818 15945 16 1 140 0.19 27 24 0
1 514 27 6 11 87 5818 15945 11 1 140 0.25 28 28 0
1 514 27 6 11 87 5818 15945 12 1 140 0.25 27 27 0
1 514 27 6 11 87 5818 15945 16 1 140 0.37 32 26 0
1 514 27 6 11 87 5818 15945 17 1 140 0.21 27 25 0
1 514 27 6 11 87 5818 15945 14 1 140 0.27 29 23 0
1 514 27 6 11 87 5818 15945 8 1 140 0.12 22 22 0
1 514 27 6 11 87 5818 15945 12 1 140 0.27 29 21 0
1 514 31 6 12 87 5817 15939 13 2 140 0.32 30 59 0
1 514 31 6 12 87 5817 15939 15 2 140 0.71 38 58 0
1 514 31 6 12 87 5817 15939 17 2 140 0.5 33 57 0
1 514 31 6 12 87 5817 15939 14 2 140 0.32 30 55 0
1 514 31 6 12 87 5817 15939 15 2 140 0.39 30 54 0
1 514 31 6 12 87 5817 15939 12 2 140 0.4 33 53 0
1 514 31 6 12 87 5817 15939 14 2 140 0.35 32 51 0
1 514 31 6 12 87 5817 15939 12 2 140 0.32 31 56 0
1 514 31 6 12 87 5817 15939 14 2 140 0.29 30 60 0
1 514 31 6 12 87 5817 15939 17 1 140 0.26 30 50 0
1 514 31 6 12 87 5817 15939 10 1 140 0.12 22 49 0
1 514 31 6 12 87 5817 15939 13 1 140 0.35 31 48 0
1 514 31 6 12 87 5817 15939 11 1 140 0.2 27 46 0
1 514 31 6 12 87 5817 15939 14 1 140 0.21 28 45 0
1 514 31 6 12 87 5817 15939 18 1 140 0.36 31 44 0
1 514 31 6 12 87 5817 15939 13 2 140 0.26 28 52 0
1 514 31 6 12 87 5817 15939 14 1 140 0.29 30 43 0
1 514 31 6 12 87 5817 15939 17 1 140 0.26 30 42 0
1 514 31 6 12 87 5817 15939 12 1 140 0.11 23 41 0
1 514 18 6 14 87 5909 16359 18 2 140 0.48 34 80 0
1 514 18 6 14 87 5909 16359 6 2 140 0.1 12 79 0
1 514 18 6 14 87 5909 16359 8 1 140 0.19 26 67 0
1 514 18 6 14 87 5909 16359 12 2 140 0.27 28 77 0
1 514 18 6 14 87 5909 16359 16 2 140 0.4 31 76 0
1 514 18 6 14 87 5909 16359 15 2 140 0.45 36 75 0
1 514 18 6 14 87 5909 16359 13 2 140 0.34 29 74 0
1 514 18 6 14 87 5909 16359 10 2 140 0.23 28 72 0
1 514 18 6 14 87 5909 16359 12 2 140 0.25 29 71 0
1 514 18 6 14 87 5909 16359 16 1 140 0.41 33 70 0
1 514 18 6 14 87 5909 16359 20 1 140 0.61 37 69 0
1 514 18 6 14 87 5909 16359 10 1 140 0.22 26 68 0
1 514 18 6 14 87 5909 16359 8 1 140 0.21 26 66 0
1 514 18 6 14 87 5909 16359 13 1 140 0.2 25 65 0
1 514 18 6 14 87 5909 16359 11 1 140 0.16 25 63 0
1 514 18 6 14 87 5909 16359 14 1 140 0.45 33 62 0
1 514 18 6 14 87 5909 16359 13 1 140 0.33 31 61 0
1 514 15 6 15 87 5900 16318 12 2 140 0.29 28 99 0
1 514 15 6 15 87 5900 16318 14 2 140 0.66 37 97 0
1 514 15 6 15 87 5900 16318 16 2 140 0.55 35 95 0
1 514 15 6 15 87 5900 16318 19 2 140 0.56 35 94 0
1 514 15 6 15 87 5900 16318 22 2 140 0.9 39 93 0
1 514 15 6 15 87 5900 16318 20 2 140 0.52 35 91 0
1 514 15 6 15 87 5900 16318 17 1 140 0.52 35 90 0
1 514 15 6 15 87 5900 16318 8 1 140 0.2 25 89 0
1 514 15 6 15 87 5900 16318 14 1 140 0.43 34 87 0
1 514 15 6 15 87 5900 16318 8 1 140 0.14 24 86 0
1 514 15 6 15 87 5900 16318 16 1 140 0.2 26 88 0
1 514 15 6 15 87 5900 16318 13 2 140 0.59 35 92 0
1 514 15 6 15 87 5900 16318 8 2 140 0.1 19 96 0
1 514 15 6 15 87 5900 16318 11 1 140 0.38 32 85 0
1 514 15 6 15 87 5900 16318 12 1 140 0.47 33 84 0
1 514 15 6 15 87 5900 16318 15 1 140 0.36 32 83 0
1 514 15 6 15 87 5900 16318 10 1 140 0.17 24 82 0
1 514 15 6 15 87 5900 16318 10 1 140 0.18 26 81 0
1 514 22 6 17 87 5919 16419 12 1 140 0.23 28 130 0
1 514 22 6 17 87 5919 16419 20 1 140 0.35 32 129 0
1 514 22 6 17 87 5919 16419 12 2 140 0.38 33 124 0
1 514 22 6 17 87 5919 16419 14 1 140 0.41 33 128 0
1 514 22 6 17 87 5919 16419 15 2 140 0.52 36 126 0
1 514 22 6 17 87 5919 16419 9 2 140 0.33 32 125 0
1 514 22 6 17 87 5919 16419 14 2 140 0.36 33 123 0
1 514 22 6 17 87 5919 16419 13 2 140 0.4 35 122 0
1 514 22 6 17 87 5919 16419 15 2 140 0.49 38 121 0
1 514 9 5 18 87 5845 15931 13 1 140 0.5 30 19 0
1 514 9 5 18 87 5845 15931 14 1 140 0.4 29 17 0
1 514 9 5 18 87 5845 15931 15 2 140 0.6 33 4 0
1 514 9 5 18 87 5845 15931 14 2 140 0.6 30 8 0
1 514 9 5 18 87 5845 15931 17 1 140 0.4 29 12 0
1 514 9 5 18 87 5845 15931 21 1 140 0.6 31 20 0
1 514 9 5 18 87 5845 15931 11 1 140 0.4 28 15 0
1 514 9 5 18 87 5845 15931 16 1 140 0.4 29 14 0
1 514 9 5 18 87 5845 15931 13 1 140 0.4 29 13 0
1 514 9 5 18 87 5845 15931 17 1 140 0.6 32 11 0
1 514 9 5 18 87 5845 15931 14 2 140 0.7 33 10 0
1 514 9 5 18 87 5845 15931 13 2 140 0.6 32 9 0
1 514 9 5 18 87 5845 15931 16 2 140 0.7 33 7 0
1 514 9 5 18 87 5845 15931 16 2 140 0.6 31 6 0
1 514 9 5 18 87 5845 15931 15 2 140 0.7 34 5 0
1 514 9 5 18 87 5845 15931 13 2 140 0.8 36 3 0
1 514 9 5 18 87 5845 15931 17 2 140 0.5 32 2 0
1 514 9 5 18 87 5845 15931 13 2 140 0.5 32 1 0
1 514 9 5 21 87 5836 15922 21 1 140 0.68 40 43 0
1 514 9 5 21 87 5836 15922 19 1 140 0.34 34 42 0
1 514 9 5 21 87 5836 15922 19 1 140 0.4 33 41 0
1 514 9 5 21 87 5836 15922 22 1 140 0.31 31 40 0
1 514 9 5 21 87 5836 15922 14 1 140 0.18 26 39 0
1 514 9 5 21 87 5836 15922 13 1 140 0.35 33 38 0
1 514 9 5 21 87 5836 15922 15 1 140 0.15 26 37 0
1 514 9 5 21 87 5836 15922 16 1 140 0.22 27 36 0
1 514 9 5 21 87 5836 15922 11 1 140 0.18 26 35 0
1 514 9 5 21 87 5836 15922 20 1 140 0.35 33 34 0
1 514 15 6 17 87 5859 16300 15 2 140 0.25 27 113 0
1 514 15 6 17 87 5859 16300 15 2 140 0.39 34 111 0
1 514 15 6 17 87 5859 16300 11 2 140 0.3 28 112 0
1 514 15 6 17 87 5859 16300 7 1 140 0.08 18 106 0
1 514 15 6 17 87 5859 16300 12 1 140 0.2 25 104 0
1 514 15 6 17 87 5859 16300 20 1 140 0.47 34 105 0
1 514 15 6 17 87 5859 16300 25 1 140 0.39 33 103 0
1 514 15 6 17 87 5859 16300 20 1 140 0.52 34 102 0
1 514 15 6 17 87 5859 16300 21 1 140 0.48 35 101 0
1 514 22 6 21 87 5850 16250 10 2 140 0.27 27 116 0
1 514 22 6 21 87 5850 16250 16 2 140 0.65 37 115 0
1 514 22 6 21 87 5850 16250 8 2 140 0.12 21 114 0
1 514 22 6 21 87 5850 16250 8 1 140 0.13 23 109 0
1 514 22 6 21 87 5850 16250 12 1 140 0.19 25 108 0
1 514 22 6 21 87 5850 16250 7 1 140 0.13 23 107 0
1 514 37 6 23 87 5841 16235 12 2 140 0.6 37 119 0
1 514 37 6 23 87 5841 16235 20 2 140 0.59 36 118 0
1 514 37 6 23 87 5841 16235 16 2 140 0.62 36 117 0
1 534 57 6 24 87 5804 16639 8 2 140 0.18 23 140 0
1 534 57 6 24 87 5804 16639 8 2 140 0.13 22 139 0
1 534 57 6 24 87 5804 16639 7 2 140 0.12 22 138 0
1 534 57 6 24 87 5804 16639 5 2 140 0.13 22 136 0
1 534 57 6 24 87 5804 16639 8 2 140 0.21 25 135 0
1 534 57 6 24 87 5804 16639 8 2 140 0.15 23 134 0
1 534 57 6 24 87 5804 16639 10 2 140 0.16 24 132 0
1 534 57 6 24 87 5804 16639 7 2 140 0.14 21 131 0
1 534 57 6 24 87 5804 16639 8 2 140 0.16 23 129 0
1 534 57 6 24 87 5804 16639 8 2 140 0.17 23 133 0
1 534 57 6 24 87 5804 16639 7 2 140 0.14 23 137 0
1 534 57 6 24 87 5804 16639 7 2 140 0.09 20 130 0
1 534 57 6 24 87 5804 16639 12 2 140 0.2 26 128 0
1 534 57 6 24 87 5804 16639 8 1 140 0.18 25 127 0
1 534 57 6 24 87 5804 16639 8 1 140 0.13 21 126 0
1 534 57 6 24 87 5804 16639 8 1 140 0.11 21 125 0
1 534 57 6 24 87 5804 16639 8 1 140 0.15 21 124 0
1 534 57 6 24 87 5804 16639 8 1 140 0.15 23 123 0
1 534 57 6 24 87 5804 16639 8 1 140 0.19 25 122 0
1 534 57 6 24 87 5804 16639 8 1 140 0.14 22 121 0
1 534 57 6 24 87 5804 16639 7 2 140 0.12 21 120 0
1 534 57 6 24 87 5804 16639 8 1 140 0.11 20 110 0
1 514 20 6 19 87 5917 16431 12 1 140 0.28 32 144 0
1 514 20 6 19 87 5917 16431 20 1 140 0.3 31 143 0
1 514 20 6 19 87 5917 16431 13 1 140 0.3 32 142 0
1 514 20 6 19 87 5917 16431 11 1 140 0.26 29 140 0
1 514 20 6 19 87 5917 16431 20 1 140 0.3 30 139 0
1 514 20 6 19 87 5917 16431 12 2 140 0.33 31 132 0
1 514 20 6 19 87 5917 16431 12 2 140 0.25 29 136 0
1 514 20 6 19 87 5917 16431 9 1 140 0.26 30 141 0
1 514 20 6 19 87 5917 16431 13 1 140 0.28 30 138 0
1 514 20 6 19 87 5917 16431 13 2 140 0.2 28 137 0
1 514 20 6 19 87 5917 16431 11 2 140 0.3 30 135 0
1 514 20 6 19 87 5917 16431 10 2 140 0.43 35 134 0
1 514 20 6 19 87 5917 16431 10 2 140 0.37 30 133 0
1 514 20 6 19 87 5917 16431 15 2 140 0.62 35 131 0
1 514 18 6 3 87 5838 15946 13 2 140 0.33 30 100 0
1 514 18 6 3 87 5838 15946 16 2 140 0.24 28 99 0
1 514 18 6 3 87 5838 15946 14 2 140 0.3 30 98 0
1 514 18 6 21 87 5930 16443 13 1 140 0.19 27 157 0
1 514 18 6 21 87 5930 16443 17 1 140 0.3 33 156 0
1 514 18 6 21 87 5930 16443 12 1 140 0.21 28 155 0
1 514 18 6 21 87 5930 16443 11 1 140 0.25 30 154 0
1 514 18 6 21 87 5930 16443 11 1 140 0.22 28 153 0
1 514 18 6 21 87 5930 16443 9 1 140 0.2 29 152 0
1 514 18 6 21 87 5930 16443 18 2 140 0.63 38 151 0
1 514 18 6 21 87 5930 16443 14 2 140 0.43 35 150 0
1 514 18 6 21 87 5930 16443 14 2 140 0.45 33 149 0
1 514 18 6 21 87 5930 16443 13 2 140 0.49 36 148 0
1 514 18 6 21 87 5930 16443 15 2 140 0.42 33 147 0
1 514 18 6 21 87 5930 16443 19 2 140 0.5 35 146 0
1 514 18 6 21 87 5930 16443 8 2 140 0.31 31 145 0
1 514 27 6 23 87 5857 16344 12 1 140 0.34 32 170 0
1 514 27 6 23 87 5857 16344 9 1 140 0.21 28 168 0
1 514 27 6 23 87 5857 16344 21 1 140 0.31 33 166 0
1 514 27 6 23 87 5857 16344 17 2 140 0.38 36 165 0
1 514 27 6 23 87 5857 16344 19 2 140 0.54 36 164 0
1 514 27 6 23 87 5857 16344 12 2 140 0.26 30 162 0
1 514 27 6 23 87 5857 16344 13 2 140 0.28 29 163 0
1 514 27 6 23 87 5857 16344 17 1 140 0.34 32 167 0
1 514 27 6 23 87 5857 16344 21 1 140 0.44 33 171 0
1 514 27 6 23 87 5857 16344 11 2 140 0.28 30 161 0
1 514 27 6 23 87 5857 16344 11 2 140 0.26 29 160 0
1 514 27 6 23 87 5857 16344 11 2 140 0.25 30 159 0
1 514 27 6 23 87 5857 16344 13 2 140 0.31 30 158 0
1 534 59 6 25 87 5834 16914 14 2 140 0.55 36 160 0
1 534 59 6 25 87 5834 16914 18 2 140 0.71 36 159 0
1 534 59 6 25 87 5834 16914 7 2 140 0.16 22 158 0
1 534 59 6 25 87 5834 16914 8 1 140 0.14 21 145 0
1 534 59 6 25 87 5834 16914 8 2 140 0.16 22 149 0
1 534 59 6 25 87 5834 16914 9 2 140 0.17 24 157 0
1 534 59 6 25 87 5834 16914 8 2 140 0.2 24 156 0
1 534 59 6 25 87 5834 16914 8 2 140 0.2 24 155 0
1 534 59 6 25 87 5834 16914 10 2 140 0.24 26 154 0
1 534 59 6 25 87 5834 16914 9 2 140 0.2 24 153 0
1 534 59 6 25 87 5834 16914 8 2 140 0.23 26 152 0
1 534 59 6 25 87 5834 16914 9 2 140 0.29 27 151 0
1 534 59 6 25 87 5834 16914 8 1 140 0.19 24 141 0
1 534 59 6 25 87 5834 16914 9 2 140 0.23 25 150 0
1 534 59 6 25 87 5834 16914 9 2 140 0.18 24 148 0
1 534 59 6 25 87 5834 16914 8 1 140 0.14 22 147 0
1 534 59 6 25 87 5834 16914 7 1 140 0.16 24 146 0
1 534 59 6 25 87 5834 16914 7 1 140 0.17 24 144 0
1 534 59 6 25 87 5834 16914 8 1 140 0.18 23 143 0
1 534 59 6 25 87 5834 16914 8 1 140 0.15 22 142 0
1 514 27 6 8 87 5826 15950 18 2 140 0.41 31 19 0
1 514 27 6 8 87 5826 15950 12 2 140 0.41 32 18 0
1 514 27 6 8 87 5826 15950 13 2 140 0.43 32 17 0
1 514 27 6 8 87 5826 15950 14 2 140 0.5 34 15 0
1 514 27 6 8 87 5826 15950 13 2 140 0.29 29 14 0
1 514 27 6 8 87 5826 15950 18 2 140 0.48 33 13 0
1 514 27 6 8 87 5826 15950 13 1 140 0.28 29 10 0
1 514 27 6 8 87 5826 15950 10 1 140 0.25 29 9 0
1 514 27 6 8 87 5826 15950 15 2 140 0.45 33 12 0
1 514 27 6 8 87 5826 15950 3 2 140 0.1 16 16 0
1 514 27 6 8 87 5826 15950 16 2 140 0.48 33 20 0
1 514 27 6 8 87 5826 15950 13 1 140 0.25 28 8 0
1 514 27 6 8 87 5826 15950 20 1 140 0.25 28 7 0
1 514 27 6 8 87 5826 15950 20 1 140 0.35 31 6 0
1 514 27 6 8 87 5826 15950 19 1 140 0.25 29 4 0
1 514 27 6 8 87 5826 15950 19 1 140 0.38 32 2 0
1 514 27 6 8 87 5826 15950 14 1 140 0.29 30 1 0
1 514 26 5 27 87 5837 15952 13 1 140 0.35 33 75 0
1 514 26 5 27 87 5837 15952 14 1 140 0.21 28 74 0
1 514 26 5 27 87 5837 15952 13 1 140 0.38 34 73 0
1 514 26 5 27 87 5837 15952 6 1 140 0.08 20 72 0
1 514 26 5 27 87 5837 15952 10 1 140 0.15 25 71 0
1 514 26 5 27 87 5837 15952 14 2 140 0.27 30 69 0
1 514 26 5 27 87 5837 15952 13 2 140 0.4 34 68 0
1 514 26 5 27 87 5837 15952 17 2 140 0.3 29 67 0
1 514 26 5 27 87 5837 15952 12 2 140 0.31 31 66 0
1 514 26 5 27 87 5837 15952 8 2 140 0.36 31 65 0
1 514 26 5 27 87 5837 15952 14 2 140 0.28 29 63 0
1 514 26 5 27 87 5837 15952 7 1 140 0.13 25 80 0
1 514 26 5 27 87 5837 15952 14 1 140 0.17 26 79 0
1 514 26 5 27 87 5837 15952 22 1 140 0.3 30 78 0
1 514 26 5 27 87 5837 15952 12 1 140 0.29 32 77 0
1 514 26 5 27 87 5837 15952 11 1 140 0.31 32 76 0
1 514 24 5 28 87 5837 15952 13 2 140 0.42 35 97 0
1 514 24 5 28 87 5837 15952 11 2 140 0.3 29 96 0
1 514 24 5 28 87 5837 15952 10 2 140 0.25 28 94 0
1 514 24 5 28 87 5837 15952 10 2 140 0.35 32 93 0
1 514 24 5 28 87 5837 15952 20 2 140 0.65 38 92 0
1 514 24 5 28 87 5837 15952 10 2 140 0.25 27 90 0
1 514 24 5 28 87 5837 15952 17 2 140 0.85 41 89 0
1 514 24 5 28 87 5837 15952 18 1 140 0.5 37 88 0
1 514 24 5 28 87 5837 15952 15 1 140 0.33 32 86 0
1 514 24 5 28 87 5837 15952 13 1 140 0.4 34 85 0
1 514 24 5 28 87 5837 15952 13 1 140 0.17 25 87 0
1 514 24 5 28 87 5837 15952 11 2 140 0.29 28 95 0
1 514 24 5 28 87 5837 15952 16 1 140 0.18 25 84 0
1 514 24 5 28 87 5837 15952 14 1 140 0.3 32 83 0
1 514 24 5 28 87 5837 15952 8 1 140 0.15 24 82 0
1 514 24 5 28 87 5837 15952 21 1 140 0.32 32 81 0
1 514 20 6 27 87 5909 16343 9 1 140 0.18 27 176 0
1 514 20 6 27 87 5909 16343 17 1 140 0.36 33 174 0
1 514 20 6 27 87 5909 16343 16 2 140 0.44 35 173 0
1 514 20 6 27 87 5909 16343 12 1 140 0.22 27 175 0
1 514 20 6 27 87 5909 16343 13 2 140 0.5 36 172 0
1 514 24 6 14 87 5916 16350 10 2 140 0.35 32 120 0
1 514 24 6 14 87 5916 16350 10 1 140 0.24 29 103 0
1 514 24 6 14 87 5916 16350 12 2 140 0.3 31 119 0
1 514 24 6 14 87 5916 16350 11 2 140 0.32 32 118 0
1 514 24 6 14 87 5916 16350 12 2 140 0.35 32 117 0
1 514 24 6 14 87 5916 16350 16 2 140 0.3 31 116 0
1 514 24 6 14 87 5916 16350 15 2 140 0.41 34 115 0
1 514 24 6 14 87 5916 16350 16 2 140 0.35 34 114 0
1 514 24 6 14 87 5916 16350 11 2 140 0.45 33 113 0
1 514 24 6 14 87 5916 16350 15 2 140 0.32 32 112 0
1 514 24 6 14 87 5916 16350 11 2 140 0.33 31 111 0
1 514 24 6 14 87 5916 16350 10 1 140 0.2 27 110 0
1 514 24 6 14 87 5916 16350 14 1 140 0.3 30 109 0
1 514 24 6 14 87 5916 16350 13 1 140 0.3 31 108 0
1 514 24 6 14 87 5916 16350 17 1 140 0.3 31 107 0
1 514 24 6 14 87 5916 16350 10 1 140 0.25 29 106 0
1 514 24 6 14 87 5916 16350 10 1 140 0.2 28 105 0
1 514 24 6 14 87 5916 16350 12 1 140 0.33 31 104 0
1 514 24 6 14 87 5916 16350 14 1 140 0.25 31 102 0
1 514 24 6 14 87 5916 16350 14 1 140 0.36 33 101 0
1 513 66 4 23 87 5732 16628 10 1 140 0.3 31 29 0
1 513 66 4 23 87 5732 16628 8 1 140 0.15 23 28 0
1 513 66 4 23 87 5732 16628 21 1 140 0.25 32 27 0
1 513 66 4 23 87 5732 16628 17 1 140 0.3 29 26 0
1 513 66 4 23 87 5732 16628 12 1 140 0.25 29 25 0
1 513 66 4 23 87 5732 16628 18 1 140 0.35 31 24 0
1 513 66 4 23 87 5732 16628 15 1 140 0.35 29 23 0
1 513 66 4 23 87 5732 16628 13 1 140 0.3 31 22 0
1 513 66 4 23 87 5732 16628 18 2 140 0.4 33 21 0
1 513 66 4 23 87 5732 16628 9 2 140 0.2 27 20 0
1 513 66 4 23 87 5732 16628 18 2 140 0.55 37 19 0
1 513 66 4 23 87 5732 16628 8 2 140 0.25 29 18 0
1 513 66 4 23 87 5732 16628 11 1 140 0.35 32 17 0
1 513 66 4 23 87 5732 16628 13 2 140 0.2 27 16 0
1 513 66 4 23 87 5732 16628 7 2 140 0.25 29 15 0
1 513 66 4 23 87 5732 16628 11 2 140 0.3 31 14 0
1 513 66 4 23 87 5732 16628 20 2 140 0.35 32 13 0
1 513 66 4 23 87 5732 16628 14 2 140 0.3 30 12 0
1 513 66 4 23 87 5732 16628 15 1 140 0.25 28 30 0
1 513 66 4 23 87 5732 16628 12 2 140 0.35 33 11 0
1 513 73 4 26 87 5704 16609 20 1 140 0.35 32 50 0
1 513 73 4 26 87 5704 16609 18 1 140 0.3 29 49 0
1 513 73 4 26 87 5704 16609 9 1 140 0.3 29 48 0
1 513 73 4 26 87 5704 16609 9 1 140 0.15 24 46 0
1 513 73 4 26 87 5704 16609 15 2 140 0.35 31 34 0
1 513 73 4 26 87 5704 16609 9 2 140 0.25 26 38 0
1 513 73 4 26 87 5704 16609 8 1 140 0.25 28 42 0
1 513 73 4 26 87 5704 16609 9 1 140 0.2 25 47 0
1 513 73 4 26 87 5704 16609 12 1 140 0.4 31 45 0
1 513 73 4 26 87 5704 16609 8 1 140 0.25 28 44 0
1 513 73 4 26 87 5704 16609 13 1 140 0.35 31 43 0
1 513 73 4 26 87 5704 16609 8 1 140 0.25 25 41 0
1 513 73 4 26 87 5704 16609 15 2 140 0.55 34 39 0
1 513 73 4 26 87 5704 16609 12 2 140 0.25 29 37 0
1 513 73 4 26 87 5704 16609 13 2 140 0.3 30 36 0
1 513 73 4 26 87 5704 16609 19 2 140 0.4 32 35 0
1 513 73 4 26 87 5704 16609 12 2 140 0.45 33 33 0
1 513 73 4 26 87 5704 16609 12 2 140 0.35 30 32 0
1 513 73 4 26 87 5704 16609 10 2 140 0.4 32 31 0
1 534 60 4 29 87 5821 16816 16 1 140 0.45 35 70 0
1 534 60 4 29 87 5821 16816 10 1 140 0.35 32 68 0
1 534 60 4 29 87 5821 16816 13 1 140 0.45 33 67 0
1 534 60 4 29 87 5821 16816 12 1 140 0.4 33 66 0
1 534 60 4 29 87 5821 16816 10 1 140 0.4 33 65 0
1 534 60 4 29 87 5821 16816 13 1 140 0.2 26 64 0
1 534 60 4 29 87 5821 16816 8 1 140 0.2 26 63 0
1 534 60 4 29 87 5821 16816 13 1 140 0.3 30 62 0
1 534 60 4 29 87 5821 16816 12 1 140 0.3 30 69 0
1 534 60 4 29 87 5821 16816 20 1 140 0.55 36 61 0
1 534 60 4 29 87 5821 16816 8 2 140 0.2 26 60 0
1 534 60 4 29 87 5821 16816 12 2 140 0.35 31 59 0
1 534 60 4 29 87 5821 16816 7 2 140 0.3 30 58 0
1 534 60 4 29 87 5821 16816 12 2 140 0.3 30 57 0
1 534 60 4 29 87 5821 16816 18 2 140 0.35 32 56 0
1 534 60 4 29 87 5821 16816 15 2 140 0.7 37 55 0
1 534 60 4 29 87 5821 16816 12 2 140 0.4 33 54 0
1 534 60 4 29 87 5821 16816 17 2 140 0.6 36 53 0
1 534 60 4 29 87 5821 16816 14 2 140 0.3 29 52 0
1 534 60 4 29 87 5821 16816 16 2 140 0.6 36 51 0
1 534 60 4 30 87 5817 16759 9 2 140 0.15 25 100 0
1 534 60 4 30 87 5817 16759 9 1 140 0.25 28 87 0
1 534 60 4 30 87 5817 16759 8 2 140 0.2 26 91 0
1 534 60 4 30 87 5817 16759 9 2 140 0.15 24 95 0
1 534 60 4 30 87 5817 16759 18 2 140 0.45 34 99 0
1 534 60 4 30 87 5817 16759 9 2 140 0.25 28 98 0
1 534 60 4 30 87 5817 16759 12 2 140 0.55 35 97 0
1 534 60 4 30 87 5817 16759 17 2 140 0.6 37 96 0
1 534 60 4 30 87 5817 16759 13 2 140 0.5 35 94 0
1 534 60 4 30 87 5817 16759 10 2 140 0.4 34 93 0
1 534 60 4 30 87 5817 16759 12 2 140 0.5 36 92 0
1 534 60 4 30 87 5817 16759 9 1 140 0.15 22 90 0
1 534 60 4 30 87 5817 16759 15 1 140 0.45 34 83 0
1 534 60 4 30 87 5817 16759 8 1 140 0.2 22 89 0
1 534 60 4 30 87 5817 16759 11 1 140 0.35 33 88 0
1 534 60 4 30 87 5817 16759 18 1 140 0.4 32 86 0
1 534 60 4 30 87 5817 16759 10 1 140 0.4 32 85 0
1 534 60 4 30 87 5817 16759 12 1 140 0.35 30 84 0
1 534 60 4 30 87 5817 16759 13 1 140 0.35 33 82 0
1 534 60 4 30 87 5817 16759 12 1 140 0.3 30 81 0
1 514 27 5 2 87 5821 15946 10 1 140 0.2 25 80 0
1 514 27 5 2 87 5821 15946 8 1 140 0.1 19 79 0
1 514 27 5 2 87 5821 15946 9 1 140 0.15 23 78 0
1 514 27 5 2 87 5821 15946 9 1 140 0.1 18 77 0
1 514 27 5 2 87 5821 15946 9 1 140 0.2 27 76 0
1 514 27 5 2 87 5821 15946 11 1 140 0.2 27 75 0
1 514 27 5 2 87 5821 15946 7 1 140 0.1 20 74 0
1 514 27 5 2 87 5821 15946 12 1 140 0.25 27 73 0
1 514 27 5 2 87 5821 15946 3 1 140 0.05 11 72 0
1 514 27 5 2 87 5821 15946 12 1 140 0.2 26 71 0
1 514 29 5 3 87 5828 15932 5 2 140 0.05 15 120 0
1 514 29 5 3 87 5828 15932 9 2 140 0.1 21 119 0
1 514 29 5 3 87 5828 15932 19 2 140 0.45 35 117 0
1 514 29 5 3 87 5828 15932 14 2 140 0.35 29 116 0
1 514 29 5 3 87 5828 15932 6 2 140 0.05 15 115 0
1 514 29 5 3 87 5828 15932 7 1 140 0.1 20 110 0
1 514 29 5 3 87 5828 15932 16 2 140 0.55 36 114 0
1 514 29 5 3 87 5828 15932 11 2 140 0.28 28 118 0
1 514 29 5 3 87 5828 15932 5 2 140 0.05 14 113 0
1 514 29 5 3 87 5828 15932 10 2 140 0.25 29 112 0
1 514 29 5 3 87 5828 15932 12 2 140 0.2 28 111 0
1 514 29 5 3 87 5828 15932 5 1 140 0.05 13 109 0
1 514 29 5 3 87 5828 15932 4 1 140 0.05 11 108 0
1 514 29 5 3 87 5828 15932 7 1 140 0.05 18 107 0
1 514 29 5 3 87 5828 15932 6 1 140 0.05 15 106 0
1 514 29 5 3 87 5828 15932 6 1 140 0.05 12 105 0
1 514 29 5 3 87 5828 15932 7 1 140 0.05 16 104 0
1 514 29 5 3 87 5828 15932 8 1 140 0.1 22 103 0
1 514 29 5 3 87 5828 15932 7 1 140 0.15 24 102 0
1 514 29 5 3 87 5828 15932 8 1 140 0.1 22 101 0
1 514 37 5 4 87 5817 15959 7 2 140 0.15 22 140 0
1 514 37 5 4 87 5817 15959 6 1 140 0.05 17 126 0
1 514 37 5 4 87 5817 15959 13 2 140 0.25 27 139 0
1 514 37 5 4 87 5817 15959 12 2 140 0.5 35 138 0
1 514 37 5 4 87 5817 15959 6 2 140 0.25 27 137 0
1 514 37 5 4 87 5817 15959 5 2 140 0.05 12 136 0
1 514 37 5 4 87 5817 15959 9 2 140 0.2 25 135 0
1 514 37 5 4 87 5817 15959 8 2 140 0.05 18 134 0
1 514 37 5 4 87 5817 15959 6 2 140 0.05 16 133 0
1 514 37 5 4 87 5817 15959 11 1 140 0.15 24 122 0
1 514 37 5 4 87 5817 15959 16 2 140 0.6 36 132 0
1 514 37 5 4 87 5817 15959 8 2 140 0.05 19 131 0
1 514 37 5 4 87 5817 15959 10 1 140 0.2 25 130 0
1 514 37 5 4 87 5817 15959 12 1 140 0.15 23 129 0
1 514 37 5 4 87 5817 15959 11 1 140 0.2 25 128 0
1 514 37 5 4 87 5817 15959 12 1 140 0.15 24 127 0
1 514 37 5 4 87 5817 15959 8 1 140 0.05 14 125 0
1 514 37 5 4 87 5817 15959 7 1 140 0.1 21 124 0
1 514 37 5 4 87 5817 15959 8 1 140 0.05 19 123 0
1 514 37 5 4 87 5817 15959 7 1 140 0.1 19 121 0
1 514 42 5 5 87 5823 15953 6 2 140 0.15 22 160 0
1 514 42 5 5 87 5823 15953 14 2 140 0.45 35 158 0
1 514 42 5 5 87 5823 15953 6 2 140 0.1 19 157 0
1 514 42 5 5 87 5823 15953 7 2 140 0.05 18 156 0
1 514 42 5 5 87 5823 15953 16 2 140 0.65 38 154 0
1 514 42 5 5 87 5823 15953 20 2 140 0.65 37 153 0
1 514 42 5 5 87 5823 15953 19 2 140 0.85 40 152 0
1 514 42 5 5 87 5823 15953 8 1 140 0.1 20 150 0
1 514 42 5 5 87 5823 15953 7 1 140 0.15 24 149 0
1 514 42 5 5 87 5823 15953 5 1 140 0.05 16 147 0
1 514 42 5 5 87 5823 15953 5 2 140 0.05 11 151 0
1 514 42 5 5 87 5823 15953 4 2 140 0.05 10 155 0
1 514 42 5 5 87 5823 15953 4 2 140 0.05 12 159 0
1 514 42 5 5 87 5823 15953 5 1 140 0.05 17 148 0
1 514 42 5 5 87 5823 15953 7 1 140 0.1 20 146 0
1 514 42 5 5 87 5823 15953 6 1 140 0.1 20 145 0
1 514 42 5 5 87 5823 15953 7 1 140 0.05 17 144 0
1 514 42 5 5 87 5823 15953 7 1 140 0.05 16 143 0
1 514 42 5 5 87 5823 15953 7 1 140 0.15 22 142 0
1 514 42 5 5 87 5823 15953 7 1 140 0.1 21 141 0
1 514 40 5 6 87 5809 15950 6 2 140 0.05 18 180 0
1 514 40 5 6 87 5809 15950 6 2 140 0.05 14 179 0
1 514 40 5 6 87 5809 15950 7 2 140 0.05 15 178 0
1 514 40 5 6 87 5809 15950 6 2 140 0.05 17 177 0
1 514 40 5 6 87 5809 15950 5 2 140 0.05 17 176 0
1 514 40 5 6 87 5809 15950 7 2 140 0.1 21 175 0
1 514 40 5 6 87 5809 15950 9 2 140 0.15 22 174 0
1 514 40 5 6 87 5809 15950 7 2 140 0.15 25 173 0
1 514 40 5 6 87 5809 15950 5 2 140 0.05 14 172 0
1 514 40 5 6 87 5809 15950 7 2 140 0.05 19 171 0
1 514 40 5 6 87 5809 15950 8 1 140 0.1 21 170 0
1 514 40 5 6 87 5809 15950 7 1 140 0.15 23 169 0
1 514 40 5 6 87 5809 15950 8 1 140 0.05 19 168 0
1 514 40 5 6 87 5809 15950 8 1 140 0.1 22 164 0
1 514 40 5 6 87 5809 15950 7 1 140 0.05 15 167 0
1 514 40 5 6 87 5809 15950 7 1 140 0.1 19 166 0
1 514 40 5 6 87 5809 15950 7 1 140 0.1 19 163 0
1 514 40 5 6 87 5809 15950 6 1 140 0.05 17 162 0
1 514 40 5 6 87 5809 15950 6 1 140 0.05 18 161 0
1 509 75 3 20 87 5636 16345 8 2 140 0.21 27 20 0
1 509 75 3 20 87 5636 16345 11 2 140 0.28 29 19 0
1 509 75 3 20 87 5636 16345 8 2 140 0.15 25 18 0
1 509 75 3 20 87 5636 16345 14 2 140 0.3 30 17 0
1 509 75 3 20 87 5636 16345 7 2 140 0.18 26 16 0
1 509 75 3 20 87 5636 16345 13 1 140 0.18 26 15 0
1 509 75 3 20 87 5636 16345 10 1 140 0.24 27 14 0
1 509 75 3 20 87 5636 16345 13 1 140 0.28 29 13 0
1 509 75 3 20 87 5636 16345 9 1 140 0.12 22 12 0
1 509 75 3 20 87 5636 16345 8 1 140 0.19 26 11 0
1 509 79 3 23 87 5636 16405 13 1 140 0.2 28 25 0
1 509 79 3 23 87 5636 16405 13 1 140 0.26 29 24 0
1 509 79 3 23 87 5636 16405 8 1 140 0.16 25 23 0
1 509 79 3 23 87 5636 16405 9 1 140 0.21 27 22 0
1 509 79 3 23 87 5636 16405 9 1 140 0.22 27 21 0
1 509 79 3 23 87 5636 16405 15 2 140 0.44 34 35 0
1 509 79 3 23 87 5636 16405 11 2 140 0.3 29 33 0
1 509 79 3 23 87 5636 16405 8 2 140 0.15 24 32 0
1 509 79 3 23 87 5636 16405 8 2 140 0.15 24 31 0
1 509 79 3 23 87 5636 16405 7 2 140 0.13 22 30 0
1 509 79 3 23 87 5636 16405 15 2 140 0.2 27 29 0
1 509 79 3 23 87 5636 16405 8 2 140 0.16 25 28 0
1 509 79 3 23 87 5636 16405 9 2 140 0.16 26 34 0
1 509 79 3 23 87 5636 16405 11 2 140 0.18 27 26 0
1 509 77 3 24 87 5634 16410 8 2 140 0.1 21 45 0
1 509 77 3 24 87 5634 16410 9 2 140 0.2 27 44 0
1 509 77 3 24 87 5634 16410 8 2 140 0.18 25 43 0
1 509 77 3 24 87 5634 16410 8 2 140 0.35 32 41 0
1 509 77 3 24 87 5634 16410 18 1 140 0.36 33 40 0
1 509 77 3 24 87 5634 16410 12 1 140 0.32 31 39 0
1 509 77 3 24 87 5634 16410 12 1 140 0.3 31 37 0
1 509 77 3 24 87 5634 16410 11 1 140 0.26 30 38 0
1 509 77 3 24 87 5634 16410 15 2 140 0.4 35 42 0
1 509 77 3 24 87 5634 16410 14 1 140 0.3 31 36 0
1 509 77 3 25 87 5634 16410 8 2 140 0.15 24 55 0
1 509 77 3 25 87 5634 16410 8 2 140 0.14 23 53 0
1 509 77 3 25 87 5634 16410 8 2 140 0.2 26 52 0
1 509 77 3 25 87 5634 16410 9 1 140 0.2 28 46 0
1 509 77 3 25 87 5634 16410 8 2 140 0.16 24 54 0
1 509 77 3 25 87 5634 16410 8 1 140 0.15 24 50 0
1 509 77 3 25 87 5634 16410 8 2 140 0.17 27 51 0
1 509 77 3 25 87 5634 16410 18 1 140 0.48 36 49 0
1 509 77 3 25 87 5634 16410 8 1 140 0.16 25 48 0
1 509 77 3 25 87 5634 16410 8 1 140 0.15 24 47 0
1 509 79 3 26 87 5631 16357 13 2 140 0.26 29 70 0
1 509 79 3 26 87 5631 16357 8 2 140 0.22 28 69 0
1 509 79 3 26 87 5631 16357 10 2 140 0.17 25 68 0
1 509 79 3 26 87 5631 16357 8 2 140 0.11 22 67 0
1 509 79 3 26 87 5631 16357 18 2 140 0.6 37 66 0
1 509 79 3 26 87 5631 16357 8 1 140 0.15 24 65 0
1 509 79 3 26 87 5631 16357 9 1 140 0.15 25 64 0
1 509 79 3 26 87 5631 16357 9 1 140 0.2 26 63 0
1 509 79 3 26 87 5631 16357 11 1 140 0.2 28 62 0
1 509 79 3 26 87 5631 16357 13 1 140 0.14 25 61 0
1 509 79 3 26 87 5631 16357 11 1 140 0.26 29 60 0
1 509 79 3 26 87 5631 16357 10 1 140 0.24 28 59 0
1 509 79 3 26 87 5631 16357 14 1 140 0.25 28 58 0
1 509 79 3 26 87 5631 16357 9 1 140 0.16 25 57 0
1 509 79 3 26 87 5631 16357 8 1 140 0.14 23 56 0
1 509 77 3 27 87 5633 16351 13 2 140 0.25 29 78 0
1 509 77 3 27 87 5633 16351 11 2 140 0.26 30 80 0
1 509 77 3 27 87 5633 16351 10 2 140 0.25 28 79 0
1 509 77 3 27 87 5633 16351 8 2 140 0.12 23 77 0
1 509 77 3 27 87 5633 16351 11 1 140 0.23 30 75 0
1 509 77 3 27 87 5633 16351 20 1 140 0.35 33 73 0
1 509 77 3 27 87 5633 16351 15 1 140 0.32 33 72 0
1 509 77 3 27 87 5633 16351 21 1 140 0.33 32 74 0
1 509 77 3 27 87 5633 16351 12 1 140 0.3 31 71 0
1 509 80 3 29 87 5630 16337 18 2 140 0.56 38 95 0
1 509 80 3 29 87 5630 16337 21 2 140 0.3 30 93 0
1 509 80 3 29 87 5630 16337 20 2 140 0.72 39 92 0
1 509 80 3 29 87 5630 16337 15 1 140 0.32 30 82 0
1 509 80 3 29 87 5630 16337 10 1 140 0.4 33 86 0
1 509 80 3 29 87 5630 16337 13 2 140 0.26 29 90 0
1 509 80 3 29 87 5630 16337 11 2 140 0.19 28 91 0
1 509 80 3 29 87 5630 16337 11 2 140 0.24 28 89 0
1 509 80 3 29 87 5630 16337 17 1 140 0.36 33 87 0
1 509 80 3 29 87 5630 16337 11 1 140 0.24 29 85 0
1 509 80 3 29 87 5630 16337 14 1 140 0.26 30 84 0
1 509 80 3 29 87 5630 16337 16 1 140 0.2 29 83 0
1 509 80 3 29 87 5630 16337 19 1 140 0.54 36 81 0
1 509 79 3 29 87 5633 16325 10 2 140 0.25 28 105 0
1 509 79 3 29 87 5633 16325 19 2 140 1.18 44 104 0
1 509 79 3 29 87 5633 16325 18 2 140 0.6 36 103 0
1 509 79 3 29 87 5633 16325 16 2 140 0.46 36 102 0
1 509 79 3 29 87 5633 16325 8 1 140 0.18 26 100 0
1 509 79 3 29 87 5633 16325 18 1 140 0.4 33 99 0
1 509 79 3 29 87 5633 16325 18 1 140 0.46 35 98 0
1 509 79 3 29 87 5633 16325 19 1 140 0.32 31 97 0
1 509 79 3 29 87 5633 16325 16 1 140 0.3 31 96 0
1 514 22 5 4 87 5828 15959 6 1 140 0.05 15 151 0
1 514 22 5 4 87 5828 15959 15 2 140 0.55 38 150 0
1 514 22 5 4 87 5828 15959 19 2 140 0.75 42 149 0
1 514 22 5 4 87 5828 15959 12 2 140 0.3 28 147 0
1 514 22 5 4 87 5828 15959 12 2 140 0.2 26 146 0
1 514 22 5 4 87 5828 15959 15 2 140 0.3 29 145 0
1 514 22 5 4 87 5828 15959 12 2 140 0.2 26 144 0
1 514 22 5 4 87 5828 15959 11 2 140 0.15 26 148 0
1 514 22 5 4 87 5828 15959 5 1 140 0.05 13 152 0
1 514 22 5 4 87 5828 15959 13 2 140 0.2 26 143 0
1 514 22 5 4 87 5828 15959 14 2 140 0.2 27 142 0
1 514 22 5 4 87 5828 15959 14 2 140 0.3 28 141 0
1 514 31 5 5 87 5831 15938 7 2 140 0.05 18 165 0
1 514 31 5 5 87 5831 15938 8 2 140 0.05 17 164 0
1 514 31 5 5 87 5831 15938 8 2 140 0.1 20 163 0
1 514 31 5 5 87 5831 15938 11 2 140 0.15 26 162 0
1 514 31 5 5 87 5831 15938 17 2 140 0.8 40 161 0
1 514 31 5 5 87 5831 15938 7 1 140 0.05 15 160 0
1 514 31 5 5 87 5831 15938 7 1 140 0.05 17 159 0
1 514 31 5 5 87 5831 15938 7 1 140 0.05 18 158 0
1 514 31 5 5 87 5831 15938 7 1 140 0.05 17 157 0
1 514 31 5 5 87 5831 15938 8 1 140 0.05 19 155 0
1 514 31 5 5 87 5831 15938 8 1 140 0.1 20 154 0
1 514 31 5 5 87 5831 15938 8 1 140 0.05 19 156 0
1 514 31 5 5 87 5831 15938 9 1 140 0.1 21 153 0
1 514 40 5 6 87 5806 15946 7 2 140 0.05 18 183 0
1 514 40 5 6 87 5806 15946 7 2 140 0.05 19 181 0
1 514 40 5 6 87 5806 15946 8 2 140 0.1 21 180 0
1 514 40 5 6 87 5806 15946 8 2 140 0.1 19 179 0
1 514 40 5 6 87 5806 15946 6 2 140 0.1 21 178 0
1 514 40 5 6 87 5806 15946 7 2 140 0.05 18 182 0
1 514 40 5 6 87 5806 15946 7 2 140 0.05 20 177 0
1 514 40 5 6 87 5806 15946 8 2 140 0.1 21 176 0
1 514 40 5 6 87 5806 15946 10 2 140 0.2 25 175 0
1 514 40 5 6 87 5806 15946 8 1 140 0.1 21 174 0
1 514 40 5 6 87 5806 15946 8 1 140 0.1 21 173 0
1 514 40 5 6 87 5806 15946 6 2 140 0.05 13 172 0
1 514 40 5 6 87 5806 15946 6 2 140 0.05 13 171 0
1 514 40 5 6 87 5806 15946 4 2 140 0.05 15 170 0
1 514 40 5 6 87 5806 15946 7 2 140 0.05 16 169 0
1 514 40 5 6 87 5806 15946 19 2 140 0.65 38 168 0
1 514 40 5 6 87 5806 15946 8 2 140 0.05 16 167 0
1 514 40 5 6 87 5806 15946 21 2 140 0.7 39 166 0
1 509 79 3 30 87 5630 16330 17 2 140 0.32 31 114 0
1 509 79 3 30 87 5630 16330 14 2 140 0.5 35 113 0
1 509 79 3 30 87 5630 16330 18 2 140 0.6 39 112 0
1 509 79 3 30 87 5630 16330 14 2 140 0.46 37 111 0
1 509 79 3 30 87 5630 16330 21 1 140 0.3 32 110 0
1 509 79 3 30 87 5630 16330 14 1 140 0.35 32 108 0
1 509 79 3 30 87 5630 16330 13 2 140 0.32 31 115 0
1 509 79 3 30 87 5630 16330 11 1 140 0.12 24 107 0
1 509 79 3 30 87 5630 16330 19 1 140 0.36 32 106 0
1 513 64 4 4 87 5746 16620 12 2 140 0.52 36 130 0
1 513 64 4 4 87 5746 16620 10 2 140 0.27 30 129 0
1 513 64 4 4 87 5746 16620 17 2 140 0.8 40 128 0
1 513 64 4 4 87 5746 16620 14 2 140 0.46 34 126 0
1 513 64 4 4 87 5746 16620 19 1 140 0.48 34 119 0
1 513 64 4 4 87 5746 16620 13 2 140 0.78 40 123 0
1 513 64 4 4 87 5746 16620 17 2 140 0.42 35 127 0
1 513 64 4 4 87 5746 16620 19 2 140 0.68 38 122 0
1 513 64 4 4 87 5746 16620 13 1 140 0.52 35 121 0
1 513 64 4 4 87 5746 16620 13 1 140 0.56 36 120 0
1 513 64 4 4 87 5746 16620 12 1 140 0.48 34 118 0
1 513 64 4 4 87 5746 16620 11 1 140 0.6 36 117 0
1 513 64 4 4 87 5746 16620 8 1 140 0.1 21 116 0
1 516 51 4 5 87 5715 16229 8 2 140 0.13 22 140 0
1 516 51 4 5 87 5715 16229 8 2 140 0.14 23 139 0
1 516 51 4 5 87 5715 16229 20 2 140 0.52 34 138 0
1 516 51 4 5 87 5715 16229 7 1 140 0.13 22 137 0
1 516 51 4 5 87 5715 16229 8 1 140 0.15 23 136 0
1 516 51 4 5 87 5715 16229 7 1 140 0.11 21 135 0
1 516 51 4 5 87 5715 16229 8 1 140 0.14 23 131 0
1 516 51 4 5 87 5715 16229 5 1 140 0.11 22 134 0
1 516 51 4 5 87 5715 16229 8 1 140 0.16 24 133 0
1 516 51 4 5 87 5715 16229 8 1 140 0.14 23 132 0
1 516 51 4 6 87 5717 16244 8 2 140 0.14 22 153 0
1 516 51 4 6 87 5717 16244 8 2 140 0.12 21 152 0
1 516 51 4 6 87 5717 16244 17 2 140 0.38 33 151 0
1 516 51 4 6 87 5717 16244 18 2 140 0.4 34 150 0
1 516 51 4 6 87 5717 16244 19 2 140 0.51 35 149 0
1 516 51 4 6 87 5717 16244 17 2 140 0.52 36 148 0
1 516 51 4 6 87 5717 16244 17 2 140 0.41 36 147 0
1 516 51 4 6 87 5717 16244 18 2 140 0.36 33 146 0
1 516 51 4 6 87 5717 16244 7 1 140 0.08 19 145 0
1 516 51 4 6 87 5717 16244 8 1 140 0.14 23 144 0
1 516 51 4 6 87 5717 16244 7 1 140 0.12 22 143 0
1 516 51 4 6 87 5717 16244 17 1 140 0.38 32 142 0
1 516 51 4 6 87 5717 16244 16 1 140 0.55 36 141 0
1 516 0 4 8 87 5724 16213 13 2 140 0.36 32 175 0
1 516 0 4 8 87 5724 16213 19 2 140 0.45 34 173 0
1 516 0 4 8 87 5724 16213 13 2 140 0.36 33 172 0
1 516 0 4 8 87 5724 16213 8 2 140 0.09 22 171 0
1 516 0 4 8 87 5724 16213 9 2 140 0.08 21 169 0
1 516 0 4 8 87 5724 16213 7 2 140 0.06 21 170 0
1 516 0 4 8 87 5724 16213 8 1 140 0.08 21 168 0
1 516 0 4 8 87 5724 16213 11 1 140 0.38 35 167 0
1 516 0 4 8 87 5724 16213 8 1 140 0.13 24 165 0
1 513 64 4 11 87 5748 16624 20 2 140 0.66 39 180 0
1 513 64 4 11 87 5748 16624 17 2 140 0.81 41 178 0
1 513 64 4 11 87 5748 16624 12 1 140 0.5 35 177 0
1 513 64 4 11 87 5748 16624 7 1 140 0.08 22 176 0
1 513 66 4 22 87 5737 16620 12 2 140 0.35 31 10 0
1 513 66 4 22 87 5737 16620 8 1 140 0.15 26 9 0
1 513 66 4 22 87 5737 16620 13 1 140 0.25 28 7 0
1 513 66 4 22 87 5737 16620 13 2 140 0.4 32 6 0
1 513 66 4 22 87 5737 16620 10 1 140 0.3 30 5 0
1 513 66 4 22 87 5737 16620 8 2 140 0.2 27 3 0
1 513 66 4 22 87 5737 16620 16 2 140 0.5 34 2 0
1 513 66 4 22 87 5737 16620 16 2 140 0.4 33 4 0
1 513 66 4 22 87 5737 16620 10 1 140 0.2 27 8 0
1 513 66 4 22 87 5737 16620 21 2 140 0.3 31 1 0
1 513 62 4 14 87 5758 16651 8 2 140 0.1 21 188 0
1 513 62 4 14 87 5758 16651 20 2 140 0.71 39 187 0
1 513 62 4 14 87 5758 16651 11 2 140 0.4 32 186 0
1 513 62 4 14 87 5758 16651 10 2 140 0.34 32 185 0
1 513 62 4 14 87 5758 16651 19 2 140 0.99 44 184 0
1 513 62 4 14 87 5758 16651 17 2 140 0.58 39 183 0
1 513 62 4 14 87 5758 16651 16 1 140 0.48 35 182 0
1 513 62 4 14 87 5758 16651 8 1 140 0.1 21 181 0
1 534 62 4 15 87 5800 16637 15 2 140 0.72 40 190 0
1 534 62 4 15 87 5800 16637 18 1 140 0.59 39 189 0
1 534 59 4 17 87 5807 16645 15 2 140 0.8 41 199 0
1 534 59 4 17 87 5807 16645 8 2 140 0.15 23 198 0
1 516 49 4 6 87 5718 16251 17 1 140 0.25 30 19 0
1 516 49 4 6 87 5718 16251 12 1 140 0.15 26 20 0
1 516 49 4 6 87 5718 16251 13 1 140 0.25 30 18 0
1 516 49 4 6 87 5718 16251 16 1 140 0.25 30 17 0
1 516 49 4 6 87 5718 16251 12 1 140 0.3 31 16 0
1 516 49 4 6 87 5718 16251 13 1 140 0.3 31 15 0
1 516 49 4 6 87 5718 16251 10 1 140 0.2 29 14 0
1 516 49 4 6 87 5718 16251 12 1 140 0.25 27 13 0
1 516 49 4 6 87 5718 16251 14 1 140 0.25 29 12 0
1 516 49 4 6 87 5718 16251 17 1 140 0.3 31 11 0
1 516 49 4 6 87 5718 16251 8 2 140 0.15 24 10 0
1 516 49 4 6 87 5718 16251 10 2 140 0.25 31 9 0
1 516 49 4 6 87 5718 16251 14 2 140 0.25 28 8 0
1 516 49 4 6 87 5718 16251 18 2 140 0.3 30 7 0
1 516 49 4 6 87 5718 16251 13 2 140 0.3 31 6 0
1 516 49 4 6 87 5718 16251 16 2 140 0.6 36 5 0
1 516 49 4 6 87 5718 16251 9 2 140 0.25 29 4 0
1 516 49 4 6 87 5718 16251 11 2 140 0.35 33 3 0
1 516 49 4 6 87 5718 16251 14 2 140 0.45 35 2 0
1 516 49 4 6 87 5718 16251 14 2 140 0.3 30 1 0
1 516 51 4 7 87 5719 16219 18 2 140 0.4 34 23 0
1 516 51 4 7 87 5719 16219 13 1 140 0.25 27 27 0
1 516 51 4 7 87 5719 16219 11 1 140 0.25 28 31 0
1 516 51 4 7 87 5719 16219 23 1 140 0.35 31 35 0
1 516 51 4 7 87 5719 16219 14 1 140 0.25 28 40 0
1 516 51 4 7 87 5719 16219 15 1 140 0.25 29 38 0
1 516 51 4 7 87 5719 16219 13 1 140 0.25 30 37 0
1 516 51 4 7 87 5719 16219 10 1 140 0.25 28 36 0
1 516 51 4 7 87 5719 16219 16 1 140 0.25 29 34 0
1 516 51 4 7 87 5719 16219 16 1 140 0.35 32 32 0
1 516 51 4 7 87 5719 16219 7 1 140 0.1 23 30 0
1 516 51 4 7 87 5719 16219 14 1 140 0.2 28 29 0
1 516 51 4 7 87 5719 16219 17 1 140 0.2 26 28 0
1 516 51 4 7 87 5719 16219 11 1 140 0.25 29 26 0
1 516 51 4 7 87 5719 16219 14 2 140 0.2 28 25 0
1 516 51 4 7 87 5719 16219 14 2 140 0.2 27 24 0
1 516 51 4 7 87 5719 16219 18 2 140 0.3 32 22 0
1 516 51 4 7 87 5719 16219 11 2 140 0.2 27 21 0
1 534 62 4 15 87 5802 16629 15 2 140 0.75 37 58 0
1 534 62 4 15 87 5802 16629 19 2 140 0.6 38 57 0
1 534 62 4 15 87 5802 16629 18 2 140 0.4 32 56 0
1 534 62 4 15 87 5802 16629 11 2 140 0.4 31 55 0
1 534 62 4 15 87 5802 16629 17 2 140 0.5 34 54 0
1 534 62 4 15 87 5802 16629 13 2 140 0.65 35 53 0
1 534 62 4 15 87 5802 16629 11 2 140 0.65 36 52 0
1 534 62 4 15 87 5802 16629 20 2 140 0.6 37 51 0
1 534 62 4 15 87 5802 16629 8 1 140 0.15 23 50 0
1 534 62 4 15 87 5802 16629 13 1 140 0.5 34 49 0
1 534 62 4 15 87 5802 16629 13 1 140 0.4 32 48 0
1 534 62 4 15 87 5802 16629 13 1 140 0.45 33 47 0
1 534 62 4 15 87 5802 16629 8 1 140 0.25 26 46 0
1 534 62 4 15 87 5802 16629 12 1 140 0.4 32 45 0
1 534 62 4 15 87 5802 16629 12 1 140 0.45 33 44 0
1 534 62 4 15 87 5802 16629 10 1 140 0.4 32 43 0
1 534 62 4 15 87 5802 16629 9 1 140 0.3 28 42 0
1 534 62 4 15 87 5802 16629 13 1 140 0.35 32 41 0
1 513 64 4 20 87 5731 16502 12 2 140 0.4 32 99 0
1 513 64 4 20 87 5731 16502 19 2 140 0.65 38 98 0
1 513 64 4 20 87 5731 16502 13 2 140 0.55 35 97 0
1 513 64 4 20 87 5731 16502 8 1 140 0.2 26 96 0
1 513 64 4 20 87 5731 16502 8 1 140 0.1 22 95 0
1 513 64 4 20 87 5731 16502 8 1 140 0.2 25 94 0
1 513 64 4 20 87 5731 16502 7 1 140 0.15 23 93 0
1 513 64 4 20 87 5731 16502 8 1 140 0.15 24 92 0
1 513 64 4 20 87 5731 16502 6 1 140 0.05 21 91 0
1 513 64 4 20 87 5731 16502 9 1 140 0.25 26 90 0
1 513 64 4 20 87 5731 16502 8 1 140 0.15 25 89 0
1 513 64 4 20 87 5731 16502 10 1 140 0.2 26 88 0
1 513 64 4 20 87 5731 16502 8 1 140 0.2 26 87 0
1 513 64 4 20 87 5731 16502 20 1 140 0.5 34 86 0
1 513 64 4 20 87 5731 16502 20 1 140 0.5 37 85 0
1 513 64 4 20 87 5731 16502 11 2 140 0.35 32 100 0
1 513 64 4 20 87 5731 16502 8 1 140 0.2 27 84 0
1 513 64 4 20 87 5731 16502 9 1 140 0.25 27 83 0
1 513 64 4 20 87 5731 16502 11 1 140 0.4 32 82 0
1 513 64 4 20 87 5731 16502 19 1 140 0.55 34 81 0
1 516 0 4 3 87 5611 16247 6 2 140 0.15 20 40 0
1 516 0 4 3 87 5611 16247 12 1 140 0.2 26 24 0
1 516 0 4 3 87 5611 16247 18 1 140 0.3 29 28 0
1 516 0 4 3 87 5611 16247 21 2 140 0.5 34 39 0
1 516 0 4 3 87 5611 16247 17 2 140 0.4 34 38 0
1 516 0 4 3 87 5611 16247 17 2 140 0.45 33 37 0
1 516 0 4 3 87 5611 16247 14 2 140 0.35 32 36 0
1 516 0 4 3 87 5611 16247 21 2 140 0.5 35 35 0
1 516 0 4 3 87 5611 16247 19 2 140 0.45 34 34 0
1 516 0 4 3 87 5611 16247 13 2 140 0.3 28 33 0
1 516 0 4 3 87 5611 16247 18 2 140 0.4 31 32 0
1 516 0 4 3 87 5611 16247 17 2 140 0.4 33 31 0
1 516 0 4 3 87 5611 16247 20 1 140 0.4 32 29 0
1 516 0 4 3 87 5611 16247 10 1 140 0.25 25 27 0
1 516 0 4 3 87 5611 16247 17 1 140 0.3 30 26 0
1 516 0 4 3 87 5611 16247 20 1 140 0.3 31 25 0
1 516 0 4 3 87 5611 16247 17 1 140 0.25 27 23 0
1 516 0 4 3 87 5611 16247 11 1 140 0.15 25 22 0
1 516 0 4 3 87 5611 16247 17 1 140 0.25 27 21 0
1 516 0 4 5 87 5642 16241 19 1 140 0.35 30 70 0
1 516 0 4 5 87 5642 16241 17 1 140 0.3 28 69 0
1 516 0 4 5 87 5642 16241 22 1 140 0.3 31 67 0
1 516 0 4 5 87 5642 16241 15 2 140 0.35 30 60 0
1 516 0 4 5 87 5642 16241 19 1 140 0.3 30 66 0
1 516 0 4 5 87 5642 16241 17 2 140 0.55 36 65 0
1 516 0 4 5 87 5642 16241 17 2 140 0.45 34 63 0
1 516 0 4 5 87 5642 16241 24 2 140 0.45 35 62 0
1 516 0 4 5 87 5642 16241 19 2 140 0.35 31 61 0
1 516 0 4 5 87 5642 16241 19 2 140 0.6 36 59 0
1 516 0 4 5 87 5642 16241 14 2 140 0.35 31 58 0
1 516 0 4 5 87 5642 16241 14 2 140 0.3 29 57 0
1 516 0 4 5 87 5642 16241 16 2 140 0.55 36 64 0
1 516 0 4 5 87 5642 16241 12 1 140 0.3 28 68 0
1 516 0 4 5 87 5642 16241 16 2 140 0.4 34 56 0
1 516 0 4 5 87 5642 16241 17 2 140 0.4 32 55 0
1 516 0 4 5 87 5642 16241 16 2 140 0.4 32 54 0
1 516 0 4 5 87 5642 16241 23 2 140 0.45 34 53 0
1 516 0 4 5 87 5642 16241 10 2 140 0.3 30 52 0
1 516 0 4 5 87 5642 16241 28 2 140 0.55 37 51 0
1 516 0 4 7 87 5721 16219 13 2 140 0.42 35 80 0
1 516 0 4 7 87 5721 16219 16 2 140 0.41 33 79 0
1 516 0 4 7 87 5721 16219 8 2 140 0.17 26 78 0
1 516 0 4 7 87 5721 16219 6 2 140 0.13 22 77 0
1 516 0 4 7 87 5721 16219 8 2 140 0.08 20 76 0
1 516 0 4 7 87 5721 16219 8 1 140 0.15 23 42 0
1 516 0 4 7 87 5721 16219 8 1 140 0.1 21 47 0
1 516 0 4 7 87 5721 16219 7 2 140 0.12 20 75 0
1 516 0 4 7 87 5721 16219 10 2 140 0.16 24 74 0
1 516 0 4 7 87 5721 16219 6 2 140 0.08 19 73 0
1 516 0 4 7 87 5721 16219 6 2 140 0.1 20 72 0
1 516 0 4 7 87 5721 16219 9 2 140 0.1 23 71 0
1 516 0 4 7 87 5721 16219 13 1 140 0.18 25 48 0
1 516 0 4 7 87 5721 16219 7 1 140 0.08 19 46 0
1 516 0 4 7 87 5721 16219 8 1 140 0.06 18 45 0
1 516 0 4 7 87 5721 16219 7 1 140 0.12 22 44 0
1 516 0 4 7 87 5721 16219 8 1 140 0.1 21 43 0
1 516 0 4 7 87 5721 16219 9 1 140 0.15 25 41 0
1 509 0 3 30 87 5634 16327 9 1 140 0.2 28 19 0
1 509 0 3 30 87 5634 16327 22 1 140 0.4 32 18 0
1 509 0 3 30 87 5634 16327 16 1 140 0.4 32 17 0
1 509 0 3 30 87 5634 16327 10 1 140 0.3 30 15 0
1 509 0 3 30 87 5634 16327 17 1 140 0.25 28 13 0
1 509 0 3 30 87 5634 16327 15 1 140 0.25 29 11 0
1 509 0 3 30 87 5634 16327 12 2 140 0.2 28 10 0
1 509 0 3 30 87 5634 16327 14 2 140 0.2 29 9 0
1 509 0 3 30 87 5634 16327 12 2 140 0.3 30 8 0
1 509 0 3 30 87 5634 16327 15 2 140 0.25 28 5 0
1 509 0 3 30 87 5634 16327 16 2 140 0.4 35 4 0
1 509 0 3 30 87 5634 16327 9 1 140 0.2 27 12 0
1 509 0 3 30 87 5634 16327 19 1 140 0.35 31 16 0
1 509 0 3 30 87 5634 16327 12 1 140 0.25 29 20 0
1 509 0 3 30 87 5634 16327 11 2 140 0.2 27 2 0
1 509 0 3 30 87 5634 16327 19 2 140 0.45 32 1 0
1 514 0 6 24 87 5947 16700 15 1 140 0.43 33 49 0
1 514 0 6 24 87 5947 16700 8 1 140 0.23 26 48 0
1 514 0 6 24 87 5947 16700 7 1 140 0.09 16 47 0
1 514 0 6 24 87 5947 16700 10 1 140 0.44 31 46 0
1 514 0 6 24 87 5947 16700 10 1 140 0.52 34 45 0
1 514 0 6 24 87 5947 16700 18 1 140 0.55 35 44 0
1 514 0 6 24 87 5947 16700 11 1 140 0.24 27 43 0
1 514 0 6 24 87 5947 16700 18 1 140 0.53 34 42 0
1 514 0 6 24 87 5947 16700 15 2 140 0.49 36 40 0
1 514 0 6 24 87 5947 16700 13 2 140 0.5 33 33 0
1 514 0 6 24 87 5947 16700 13 2 140 0.43 34 37 0
1 514 0 6 24 87 5947 16700 13 1 140 0.37 30 41 0
1 514 0 6 24 87 5947 16700 13 2 140 0.46 33 39 0
1 514 0 6 24 87 5947 16700 13 2 140 0.64 36 38 0
1 514 0 6 24 87 5947 16700 10 2 140 0.35 32 36 0
1 514 0 6 24 87 5947 16700 14 2 140 0.42 32 35 0
1 514 0 6 24 87 5947 16700 9 2 140 0.46 32 34 0
1 514 0 6 24 87 5947 16700 12 2 140 0.41 31 32 0
1 514 0 6 24 87 5947 16700 13 2 140 0.57 36 31 0
1 514 0 6 25 87 5914 16414 20 1 140 0.32 30 60 0
1 514 0 6 25 87 5914 16414 8 1 140 0.1 18 59 0
1 514 0 6 25 87 5914 16414 18 1 140 0.28 28 58 0
1 514 0 6 25 87 5914 16414 12 1 140 0.2 26 56 0
1 514 0 6 25 87 5914 16414 9 1 140 0.1 19 55 0
1 514 0 6 25 87 5914 16414 14 1 140 0.42 32 54 0
1 514 0 6 25 87 5914 16414 6 1 140 0.05 12 53 0
1 514 0 6 25 87 5914 16414 19 1 140 0.42 32 57 0
1 514 0 6 25 87 5914 16414 7 1 140 0.07 15 52 0
1 514 0 6 25 87 5914 16414 5 1 140 0.04 12 51 0
1 514 0 6 25 87 5914 16414 18 2 140 0.68 37 29 0
1 514 0 6 25 87 5914 16414 19 2 140 0.7 39 28 0
1 514 0 6 25 87 5914 16414 4 2 140 0.03 8 27 0
1 514 0 6 25 87 5914 16414 19 2 140 0.78 41 26 0
1 514 0 6 25 87 5914 16414 6 2 140 0.05 14 25 0
1 514 0 6 25 87 5914 16414 9 2 140 0.15 22 24 0
1 514 0 6 25 87 5914 16414 16 2 140 0.46 33 23 0
1 514 0 6 25 87 5914 16414 13 2 140 0.39 32 22 0
1 514 0 6 25 87 5914 16414 11 2 140 0.31 30 21 0
1 514 0 6 25 87 5926 16416 19 1 140 0.3 28 80 0
1 514 0 6 25 87 5926 16416 18 1 140 0.44 33 79 0
1 514 0 6 25 87 5926 16416 11 1 140 0.36 32 78 0
1 514 0 6 25 87 5926 16416 18 1 140 0.32 31 77 0
1 514 0 6 25 87 5926 16416 19 1 140 0.32 30 76 0
1 514 0 6 25 87 5926 16416 13 1 140 0.34 30 75 0
1 514 0 6 25 87 5926 16416 12 2 140 0.45 32 61 0
1 514 0 6 25 87 5926 16416 14 2 140 0.32 30 65 0
1 514 0 6 25 87 5926 16416 10 1 140 0.33 31 73 0
1 514 0 6 25 87 5926 16416 16 1 140 0.33 29 74 0
1 514 0 6 25 87 5926 16416 14 1 140 0.28 28 72 0
1 514 0 6 25 87 5926 16416 17 1 140 0.31 30 71 0
1 514 0 6 25 87 5926 16416 11 2 140 0.36 30 68 0
1 514 0 6 25 87 5926 16416 13 2 140 0.5 33 67 0
1 514 0 6 25 87 5926 16416 16 2 140 0.58 36 66 0
1 514 0 6 25 87 5926 16416 11 2 140 0.44 32 64 0
1 514 0 6 25 87 5926 16416 19 2 140 0.39 30 63 0
1 514 0 6 25 87 5926 16416 13 2 140 0.42 33 62 0
1 514 0 6 26 87 5909 16348 16 1 140 0.28 29 100 0
1 514 0 6 26 87 5909 16348 14 1 140 0.27 29 99 0
1 514 0 6 26 87 5909 16348 19 1 140 0.34 29 98 0
1 514 0 6 26 87 5909 16348 16 1 140 0.41 32 96 0
1 514 0 6 26 87 5909 16348 16 1 140 0.32 29 95 0
1 514 0 6 26 87 5909 16348 14 1 140 0.44 33 94 0
1 514 0 6 26 87 5909 16348 20 1 140 0.46 35 92 0
1 514 0 6 26 87 5909 16348 18 1 140 0.45 33 91 0
1 514 0 6 26 87 5909 16348 17 1 140 0.41 33 93 0
1 514 0 6 26 87 5909 16348 21 1 140 0.4 32 97 0
1 514 0 6 27 87 5918 16406 10 2 140 0.22 27 111 0
1 514 0 6 27 87 5918 16406 13 2 140 0.28 28 110 0
1 514 0 6 27 87 5918 16406 18 1 140 0.48 34 105 0
1 514 0 6 27 87 5918 16406 18 2 140 0.46 34 109 0
1 514 0 6 27 87 5918 16406 19 1 140 0.45 34 108 0
1 514 0 6 27 87 5918 16406 16 1 140 0.25 27 101 0
1 514 0 6 27 87 5918 16406 11 1 140 0.24 27 106 0
1 514 0 6 27 87 5918 16406 16 1 140 0.38 31 104 0
1 514 0 6 27 87 5918 16406 19 1 140 0.26 27 103 0
1 514 0 6 27 87 5918 16406 12 1 140 0.24 26 102 0
1 514 0 6 27 87 5924 16411 9 1 140 0.25 26 123 0
1 514 0 6 27 87 5924 16411 10 1 140 0.2 25 122 0
1 514 0 6 27 87 5924 16411 8 1 140 0.2 25 121 0
1 514 0 6 27 87 5924 16411 9 2 140 0.2 26 120 0
1 514 0 6 27 87 5924 16411 10 1 140 0.23 26 119 0
1 514 0 6 27 87 5924 16411 9 2 140 0.21 26 118 0
1 514 0 6 27 87 5924 16411 15 2 140 0.5 35 114 0
1 514 0 6 27 87 5924 16411 14 2 140 0.55 37 117 0
1 514 0 6 27 87 5924 16411 18 2 140 0.62 38 115 0
1 514 0 6 27 87 5924 16411 18 2 140 0.56 35 113 0
1 514 0 6 27 87 5924 16411 16 2 140 0.58 37 112 0
1 514 0 6 28 87 5921 16406 8 1 140 0.15 23 140 0
1 514 0 6 28 87 5921 16406 9 1 140 0.17 25 139 0
1 514 0 6 28 87 5921 16406 16 1 140 0.16 25 138 0
1 514 0 6 28 87 5921 16406 20 1 140 0.57 38 136 0
1 514 0 6 28 87 5921 16406 18 1 140 0.58 38 134 0
1 514 0 6 28 87 5921 16406 18 1 140 0.46 35 133 0
1 514 0 6 28 87 5921 16406 17 2 140 0.52 37 132 0
1 514 0 6 28 87 5921 16406 21 2 140 0.69 39 131 0
1 514 0 6 28 87 5921 16406 17 2 140 0.6 38 130 0
1 514 0 6 28 87 5921 16406 7 2 140 0.12 22 129 0
1 514 0 6 28 87 5921 16406 11 2 140 0.2 28 128 0
1 514 0 6 28 87 5921 16406 14 2 140 0.49 38 127 0
1 514 0 6 28 87 5921 16406 19 2 140 0.73 40 126 0
1 514 0 6 28 87 5921 16406 9 2 140 0.24 28 125 0
1 514 0 6 28 87 5921 16406 9 1 140 0.17 25 137 0
1 514 0 6 28 87 5921 16406 21 2 140 0.74 40 124 0
1 514 0 6 28 87 5909 16401 10 2 140 0.2 26 162 0
1 514 0 6 28 87 5909 16401 20 2 140 0.93 40 161 0
1 514 0 6 28 87 5909 16401 14 2 140 0.22 26 160 0
1 514 0 6 28 87 5909 16401 22 2 140 0.8 38 159 0
1 514 0 6 28 87 5909 16401 13 2 140 0.26 28 158 0
1 514 0 6 28 87 5909 16401 8 2 140 0.14 21 157 0
1 514 0 6 28 87 5909 16401 8 2 140 0.15 22 156 0
1 514 0 6 28 87 5909 16401 8 2 140 0.19 23 155 0
1 514 0 6 28 87 5909 16401 8 2 140 0.16 22 154 0
1 514 0 6 28 87 5909 16401 8 1 140 0.13 21 153 0
1 514 0 6 28 87 5909 16401 9 1 140 0.17 23 142 0
1 514 0 6 28 87 5909 16401 10 1 140 0.19 24 146 0
1 514 0 6 28 87 5909 16401 8 1 140 0.16 22 150 0
1 514 0 6 28 87 5909 16401 9 1 140 0.18 23 152 0
1 514 0 6 28 87 5909 16401 8 1 140 0.18 24 151 0
1 514 0 6 28 87 5909 16401 8 1 140 0.16 21 149 0
1 514 0 6 28 87 5909 16401 8 1 140 0.16 21 148 0
1 514 0 6 28 87 5909 16401 9 1 140 0.19 23 147 0
1 514 0 6 28 87 5909 16401 9 1 140 0.2 23 145 0
1 514 0 6 28 87 5909 16401 8 1 140 0.12 21 144 0
1 514 0 6 28 87 5909 16401 9 2 140 0.2 24 143 0
1 514 0 6 28 87 5909 16401 8 1 140 0.16 22 141 0
