1 517 0 2 28 83 5448 16507 15 2 140 0.55 35 19 0
1 517 0 2 28 83 5448 16507 13 2 140 0.25 32 18 0
1 517 0 2 28 83 5448 16507 14 2 140 0.27 30 17 0
1 517 0 2 28 83 5448 16507 18 2 140 0.42 35 16 0
1 517 0 2 28 83 5448 16507 13 2 140 0.28 32 15 0
1 517 0 2 28 83 5448 16507 14 2 140 0.4 34 3 0
1 517 0 2 28 83 5448 16507 11 2 140 0.37 34 14 0
1 517 0 2 28 83 5448 16507 12 2 140 0.3 31 12 0
1 517 0 2 28 83 5448 16507 17 2 140 0.49 34 11 0
1 517 0 2 28 83 5448 16507 15 2 140 0.53 35 10 0
1 517 0 2 28 83 5448 16507 15 2 140 0.28 32 7 0
1 517 0 2 28 83 5448 16507 13 2 140 0.35 33 6 0
1 517 0 2 28 83 5448 16507 12 1 140 0.26 29 5 0
1 517 0 2 28 83 5448 16507 13 2 140 0.37 33 4 0
1 517 0 2 28 83 5448 16507 15 2 140 0.35 33 2 0
1 517 0 2 28 83 5448 16507 15 2 140 0.44 36 1 0
1 516 0 5 1 83 5601 16242 7 1 140 0.11 24 80 0
1 516 0 5 1 83 5601 16242 12 2 140 0.2 28 77 0
1 516 0 5 1 83 5601 16242 14 2 140 0.51 35 76 0
1 516 0 5 1 83 5601 16242 15 2 140 0.26 29 75 0
1 516 0 5 1 83 5601 16242 14 1 140 0.31 31 74 0
1 516 0 5 1 83 5601 16242 14 1 140 0.35 32 73 0
1 516 0 5 1 83 5601 16242 9 1 140 0.12 23 72 0
1 516 0 4 11 83 5556 16233 14 2 140 0.4 35 138 0
1 516 0 4 11 83 5556 16233 15 1 140 0.36 33 137 0
1 516 0 3 10 83 5555 16236 10 2 140 0.04 21 90 0
1 516 0 3 10 83 5555 16236 10 2 140 0.07 22 89 0
1 516 0 3 10 83 5555 16236 9 2 140 0.12 26 87 0
1 516 0 3 10 83 5555 16236 9 2 140 0.16 26 86 0
1 516 0 3 10 83 5555 16236 12 2 140 0.14 26 85 0
1 516 0 3 10 83 5555 16236 12 2 140 0.12 24 84 0
1 516 0 3 10 83 5555 16236 9 2 140 0.1 23 83 0
1 516 0 3 10 83 5555 16236 9 2 140 0.08 22 82 0
1 516 0 3 10 83 5555 16236 15 2 140 0.3 31 81 0
1 516 0 3 10 83 5555 16236 9 2 140 0.12 24 80 0
1 516 0 3 10 83 5555 16236 14 2 140 0.34 32 79 0
1 516 0 3 10 83 5555 16236 13 2 140 0.32 32 77 0
1 516 0 3 10 83 5555 16236 11 2 140 0.1 24 76 0
1 516 0 3 10 83 5555 16236 13 2 140 0.2 29 75 0
1 516 0 3 10 83 5555 16236 15 2 140 0.26 31 74 0
1 516 0 3 10 83 5555 16236 11 2 140 0.18 26 73 0
1 516 0 3 10 83 5555 16236 13 2 140 0.22 30 72 0
1 516 0 3 10 83 5555 16236 9 2 140 0.18 27 71 0
1 516 0 3 10 83 5555 16236 10 2 140 0.14 27 70 0
1 516 0 3 10 83 5555 16236 8 2 140 0.1 23 69 0
1 516 0 3 10 83 5555 16236 13 2 140 0.38 34 68 0
1 516 0 3 10 83 5555 16236 12 2 140 0.26 31 67 0
1 516 0 3 10 83 5555 16236 9 2 140 0.14 25 66 0
1 516 0 3 10 83 5555 16236 12 2 140 0.14 26 65 0
1 516 0 3 10 83 5555 16236 14 2 140 0.2 27 64 0
1 516 0 3 10 83 5555 16236 13 2 140 0.3 31 63 0
1 516 0 3 10 83 5555 16236 10 2 140 0.1 23 62 0
1 516 0 3 10 83 5555 16236 10 2 140 0.08 24 61 0
1 516 0 3 10 83 5555 16236 13 2 140 0.12 25 60 0
1 516 0 3 10 83 5555 16236 13 2 140 0.26 30 58 0
1 516 0 3 10 83 5555 16236 13 2 140 0.16 28 57 0
1 516 0 3 10 83 5555 16236 10 2 140 0.24 29 56 0
1 516 0 3 10 83 5555 16236 12 2 140 0.2 28 55 0
1 516 0 3 10 83 5555 16236 12 2 140 0.2 28 54 0
1 516 0 3 10 83 5555 16236 13 2 140 0.18 27 52 0
1 516 0 3 10 83 5555 16236 14 2 140 0.26 29 51 0
1 516 0 3 10 83 5555 16236 14 2 140 0.24 30 50 0
1 516 0 3 10 83 5555 16236 12 2 140 0.14 26 49 0
1 516 0 3 10 83 5555 16236 12 2 140 0.14 25 47 0
1 516 0 3 10 83 5555 16236 12 2 140 0.12 25 46 0
1 516 0 3 10 83 5555 16236 11 2 140 0.14 24 45 0
1 516 0 3 10 83 5555 16236 14 2 140 0.2 28 44 0
1 516 0 3 10 83 5555 16236 11 2 140 0.21 28 42 0
1 516 0 3 10 83 5555 16236 10 2 140 0.28 29 41 0
1 516 0 3 10 83 5555 16236 11 1 140 0.08 22 40 0
1 516 0 3 10 83 5555 16236 9 1 140 0.08 23 39 0
1 516 0 3 10 83 5555 16236 12 1 140 0.08 22 38 0
1 516 0 3 10 83 5555 16236 12 1 140 0.1 23 15 0
1 516 0 3 10 83 5555 16236 10 1 140 0.1 23 21 0
1 516 0 3 10 83 5555 16236 11 2 140 0.22 29 53 0
1 516 0 3 10 83 5555 16236 13 2 140 0.3 32 59 0
1 516 0 3 10 83 5555 16236 10 2 140 0.1 23 88 0
1 516 0 3 10 83 5555 16236 13 1 140 0.2 28 37 0
1 516 0 3 10 83 5555 16236 13 1 140 0.26 29 36 0
1 516 0 3 10 83 5555 16236 12 1 140 0.2 28 34 0
1 516 0 3 10 83 5555 16236 12 1 140 0.09 22 33 0
1 516 0 3 10 83 5555 16236 9 1 140 0.1 23 32 0
1 516 0 3 10 83 5555 16236 14 1 140 0.26 30 31 0
1 516 0 3 10 83 5555 16236 15 1 140 0.22 30 30 0
1 516 0 3 10 83 5555 16236 13 1 140 0.26 29 29 0
1 516 0 3 10 83 5555 16236 15 1 140 0.26 31 28 0
1 516 0 3 10 83 5555 16236 10 1 140 0.22 28 27 0
1 516 0 3 10 83 5555 16236 10 1 140 0.08 22 26 0
1 516 0 3 10 83 5555 16236 10 1 140 0.12 24 25 0
1 516 0 3 10 83 5555 16236 10 1 140 0.18 27 24 0
1 516 0 3 10 83 5555 16236 11 1 140 0.2 27 23 0
1 516 0 3 10 83 5555 16236 12 1 140 0.12 25 22 0
1 516 0 3 10 83 5555 16236 11 1 140 0.08 22 20 0
1 516 0 3 10 83 5555 16236 11 1 140 0.12 25 19 0
1 516 0 3 10 83 5555 16236 10 1 140 0.1 24 18 0
1 516 0 3 10 83 5555 16236 10 1 140 0.14 25 17 0
1 516 0 3 10 83 5555 16236 10 1 140 0.12 25 16 0
1 516 0 3 10 83 5555 16236 11 1 140 0.16 27 14 0
1 516 0 3 10 83 5555 16236 11 1 140 0.16 27 13 0
1 516 0 3 10 83 5555 16236 11 1 140 0.16 26 12 0
1 516 0 3 10 83 5555 16236 9 1 140 0.18 27 10 0
1 516 0 3 10 83 5555 16236 13 1 140 0.14 26 9 0
1 516 0 3 10 83 5555 16236 7 1 140 0.12 24 8 0
1 516 0 3 10 83 5555 16236 11 1 140 0.14 26 7 0
1 516 0 3 10 83 5555 16236 12 1 140 0.1 24 6 0
1 516 0 3 10 83 5555 16236 10 1 140 0.17 26 5 0
1 516 0 3 10 83 5555 16236 13 1 140 0.16 26 4 0
1 516 0 3 10 83 5555 16236 9 1 140 0.12 25 3 0
1 516 0 3 10 83 5555 16236 11 1 140 0.1 23 2 0
1 516 0 3 10 83 5555 16236 7 1 140 0.06 21 1 0
1 516 0 3 21 83 5552 16238 13 2 140 0.34 32 119 0
1 516 0 3 21 83 5552 16238 14 2 140 0.32 33 117 0
1 516 0 3 21 83 5552 16238 9 2 140 0.06 22 118 0
1 516 0 3 21 83 5552 16238 13 1 140 0.26 29 116 0
1 516 0 3 21 83 5552 16238 13 1 140 0.32 32 115 0
1 516 0 3 23 83 5557 16226 16 2 140 0.68 39 125 0
1 516 0 3 23 83 5557 16226 15 2 140 0.37 33 124 0
1 516 0 3 23 83 5557 16226 14 2 140 0.4 35 123 0
1 516 0 3 23 83 5557 16226 13 2 140 0.34 33 122 0
1 516 0 3 23 83 5557 16226 14 2 140 0.3 32 121 0
1 516 0 3 23 83 5557 16226 6 1 140 0.04 19 120 0
1 516 0 3 24 83 5603 16229 16 2 140 0.4 34 134 0
1 516 0 3 24 83 5603 16229 16 2 140 0.4 34 133 0
1 516 0 3 24 83 5603 16229 13 2 140 0.34 33 132 0
1 516 0 3 24 83 5603 16229 19 2 140 0.46 36 131 0
1 516 0 3 24 83 5603 16229 14 2 140 0.4 34 130 0
1 516 0 3 24 83 5603 16229 14 2 140 0.42 34 129 0
1 516 0 3 24 83 5603 16229 13 1 140 0.32 31 128 0
1 516 0 3 24 83 5603 16229 18 1 140 0.48 36 127 0
1 516 0 3 24 83 5603 16229 15 1 140 0.3 31 126 0
1 516 0 4 9 83 5558 16232 20 2 140 0.72 41 136 0
1 516 0 4 9 83 5558 16232 13 1 140 0.4 32 135 0
1 509 0 4 13 83 5601 16300 14 2 140 0.42 36 139 0
1 516 0 4 14 83 5556 16238 14 2 140 0.44 34 144 0
1 516 0 4 14 83 5556 16238 12 2 140 0.4 34 143 0
1 516 0 4 14 83 5556 16238 17 2 140 0.5 34 142 0
1 516 0 4 14 83 5556 16238 13 2 140 0.42 36 141 0
1 516 0 4 14 83 5556 16238 15 1 140 0.32 32 140 0
1 512 0 6 10 83 5727 16006 10 1 140 0.18 24 10 0
1 512 0 6 10 83 5727 16006 12 1 140 0.26 28 9 0
1 512 0 6 10 83 5727 16006 15 2 140 0.35 31 4 0
1 512 0 6 10 83 5727 16006 10 1 140 0.18 25 8 0
1 512 0 6 10 83 5727 16006 13 1 140 0.28 27 7 0
1 512 0 6 10 83 5727 16006 8 1 140 0.12 21 6 0
1 512 0 6 10 83 5727 16006 15 2 140 0.37 31 5 0
1 512 0 6 10 83 5727 16006 14 2 140 0.37 31 3 0
1 512 0 6 10 83 5727 16006 15 2 140 0.33 31 2 0
1 512 0 6 10 83 5727 16006 12 2 140 0.32 30 1 0
1 512 0 6 11 83 5726 16014 13 1 140 0.25 28 30 0
1 512 0 6 11 83 5726 16014 7 1 140 0.16 26 29 0
1 512 0 6 11 83 5726 16014 9 1 140 0.2 26 28 0
1 512 0 6 11 83 5726 16014 12 2 140 0.24 28 26 0
1 512 0 6 11 83 5726 16014 10 1 140 0.21 27 25 0
1 512 0 6 11 83 5726 16014 11 1 140 0.3 30 24 0
1 512 0 6 11 83 5726 16014 13 2 140 0.29 27 23 0
1 512 0 6 11 83 5726 16014 9 2 140 0.28 28 21 0
1 512 0 6 11 83 5726 16014 7 2 140 0.1 21 20 0
1 512 0 6 11 83 5726 16014 8 2 140 0.16 24 19 0
1 512 0 6 11 83 5726 16014 11 2 140 0.2 27 18 0
1 512 0 6 11 83 5726 16014 9 2 140 0.2 27 17 0
1 512 0 6 11 83 5726 16014 7 2 140 0.1 22 16 0
1 512 0 6 11 83 5726 16014 12 1 140 0.19 25 15 0
1 512 0 6 11 83 5726 16014 9 1 140 0.15 25 14 0
1 512 0 6 11 83 5726 16014 11 1 140 0.21 27 13 0
1 512 0 6 11 83 5726 16014 12 1 140 0.15 24 12 0
1 512 0 6 11 83 5726 16014 15 1 140 0.23 26 11 0
1 512 0 6 12 83 5729 16002 9 1 140 0.28 28 50 0
1 512 0 6 12 83 5729 16002 12 2 140 0.22 27 43 0
1 512 0 6 12 83 5729 16002 12 1 140 0.27 29 46 0
1 512 0 6 12 83 5729 16002 12 2 140 0.28 33 45 0
1 512 0 6 12 83 5729 16002 12 2 140 0.25 29 44 0
1 512 0 6 12 83 5729 16002 10 2 140 0.38 32 42 0
1 512 0 6 12 83 5729 16002 12 2 140 0.24 28 41 0
1 512 0 6 12 83 5729 16002 9 1 140 0.14 24 40 0
1 512 0 6 12 83 5729 16002 14 1 140 0.3 30 38 0
1 512 0 6 12 83 5729 16002 15 1 140 0.38 32 39 0
1 512 0 6 12 83 5729 16002 12 1 140 0.31 31 37 0
1 512 0 6 12 83 5729 16002 14 1 140 0.24 28 36 0
1 512 0 6 12 83 5729 16002 11 2 140 0.3 30 35 0
1 512 0 6 12 83 5729 16002 13 2 140 0.35 30 34 0
1 512 0 6 12 83 5729 16002 11 2 140 0.33 31 33 0
1 512 0 6 12 83 5729 16002 9 2 140 0.26 29 32 0
1 512 0 6 12 83 5729 16002 13 2 140 0.35 33 31 0
1 508 0 6 13 83 5729 15959 6 1 140 0.12 18 70 0
1 508 0 6 13 83 5729 15959 10 1 140 0.15 24 69 0
1 508 0 6 13 83 5729 15959 14 1 140 0.32 30 68 0
1 508 0 6 13 83 5729 15959 9 1 140 0.13 22 67 0
1 508 0 6 13 83 5729 15959 16 1 140 0.41 32 66 0
1 508 0 6 13 83 5729 15959 12 2 140 0.16 26 65 0
1 508 0 6 13 83 5729 15959 12 2 140 0.23 25 64 0
1 508 0 6 13 83 5729 15959 14 2 140 0.26 29 63 0
1 508 0 6 13 83 5729 15959 13 2 140 0.28 28 62 0
1 508 0 6 13 83 5729 15959 10 2 140 0.14 24 61 0
1 508 0 6 13 83 5729 15959 15 2 140 0.4 33 60 0
1 508 0 6 13 83 5729 15959 11 2 140 0.37 32 59 0
1 508 0 6 13 83 5729 15959 11 2 140 0.25 26 58 0
1 508 0 6 13 83 5729 15959 13 2 140 0.32 30 57 0
1 508 0 6 13 83 5729 15959 14 2 140 0.38 34 56 0
1 508 0 6 13 83 5729 15959 15 1 140 0.24 30 55 0
1 508 0 6 13 83 5729 15959 15 1 140 0.37 32 54 0
1 508 0 6 13 83 5729 15959 13 1 140 0.25 27 53 0
1 508 0 6 13 83 5729 15959 17 1 140 0.26 29 52 0
1 508 0 6 13 83 5729 15959 11 1 140 0.24 25 51 0
1 508 0 6 14 83 5729 15957 9 1 140 0.22 27 80 0
1 508 0 6 14 83 5729 15957 7 1 140 0.15 25 79 0
1 508 0 6 14 83 5729 15957 12 2 140 0.18 27 74 0
1 508 0 6 14 83 5729 15957 10 1 140 0.13 22 78 0
1 508 0 6 14 83 5729 15957 13 1 140 0.17 24 77 0
1 508 0 6 14 83 5729 15957 14 1 140 0.26 31 76 0
1 508 0 6 14 83 5729 15957 7 2 140 0.1 21 75 0
1 508 0 6 14 83 5729 15957 10 2 140 0.2 26 73 0
1 508 0 6 14 83 5729 15957 10 2 140 0.18 26 72 0
1 508 0 6 14 83 5729 15957 16 2 140 0.4 33 71 0
1 512 0 6 15 83 5728 16003 9 2 140 0.16 23 90 0
1 512 0 6 15 83 5728 16003 10 2 140 0.11 22 89 0
1 512 0 6 15 83 5728 16003 10 2 140 0.15 24 88 0
1 512 0 6 15 83 5728 16003 15 2 140 0.45 34 87 0
1 512 0 6 15 83 5728 16003 15 2 140 0.56 35 86 0
1 512 0 6 15 83 5728 16003 9 1 140 0.14 23 84 0
1 512 0 6 15 83 5728 16003 8 1 140 0.09 19 83 0
1 512 0 6 15 83 5728 16003 9 1 140 0.13 22 82 0
1 512 0 6 15 83 5728 16003 13 1 140 0.23 31 81 0
1 512 0 6 16 83 5727 16000 10 2 140 0.15 25 100 0
1 512 0 6 16 83 5727 16000 9 2 140 0.15 25 99 0
1 512 0 6 16 83 5727 16000 9 2 140 0.17 25 98 0
1 512 0 6 16 83 5727 16000 9 2 140 0.12 22 97 0
1 512 0 6 16 83 5727 16000 13 2 140 0.45 35 96 0
1 512 0 6 16 83 5727 16000 9 1 140 0.22 29 95 0
1 512 0 6 16 83 5727 16000 8 1 140 0.25 23 94 0
1 512 0 6 16 83 5727 16000 14 1 140 0.25 29 93 0
1 512 0 6 16 83 5727 16000 16 1 140 0.3 31 92 0
1 512 0 6 16 83 5727 16000 10 1 140 0.27 28 91 0
1 512 0 6 20 83 5634 16010 6 2 140 0.09 20 110 0
1 512 0 6 20 83 5634 16010 13 2 140 0.16 24 109 0
1 512 0 6 20 83 5634 16010 15 2 140 0.44 32 107 0
1 512 0 6 20 83 5634 16010 15 2 140 0.45 33 106 0
1 512 0 6 20 83 5634 16010 7 1 140 0.09 19 105 0
1 512 0 6 20 83 5634 16010 10 1 140 0.12 21 104 0
1 512 0 6 20 83 5634 16010 13 1 140 0.2 26 103 0
1 512 0 6 20 83 5634 16010 7 2 140 0.11 22 108 0
1 512 0 6 20 83 5634 16010 14 1 140 0.31 30 102 0
1 512 0 6 20 83 5634 16010 6 1 140 0.1 20 101 0
1 508 0 5 9 83 5742 15924 6 2 140 0.08 21 111 0
1 508 0 5 9 83 5742 15924 9 2 140 0.11 24 110 0
1 508 0 5 9 83 5742 15924 9 2 140 0.13 23 109 0
1 508 0 5 9 83 5742 15924 8 1 140 0.1 22 108 0
1 508 0 5 9 83 5742 15924 12 2 140 0.17 25 107 0
1 508 0 5 9 83 5742 15924 9 1 140 0.19 26 106 0
1 508 0 5 9 83 5742 15924 11 1 140 0.21 29 84 0
1 508 0 5 9 83 5742 15924 14 2 140 0.55 35 112 0
1 508 0 5 9 83 5742 15924 12 2 140 0.16 25 105 0
1 508 0 5 9 83 5742 15924 12 1 140 0.25 29 104 0
1 508 0 5 9 83 5742 15924 8 2 140 0.14 25 103 0
1 508 0 5 9 83 5742 15924 6 1 140 0.07 19 102 0
1 508 0 5 9 83 5742 15924 8 2 140 0.1 23 101 0
1 508 0 5 9 83 5742 15924 9 1 140 0.1 23 100 0
1 508 0 5 9 83 5742 15924 11 1 140 0.18 26 99 0
1 508 0 5 9 83 5742 15924 9 2 140 0.15 25 98 0
1 508 0 5 9 83 5742 15924 11 1 140 0.13 24 97 0
1 508 0 5 9 83 5742 15924 10 2 140 0.19 27 96 0
1 508 0 5 9 83 5742 15924 13 1 140 0.29 30 95 0
1 508 0 5 9 83 5742 15924 9 2 140 0.25 28 93 0
1 508 0 5 9 83 5742 15924 12 1 140 0.27 31 92 0
1 508 0 5 9 83 5742 15924 8 1 140 0.09 22 91 0
1 508 0 5 9 83 5742 15924 6 2 140 0.07 19 90 0
1 508 0 5 9 83 5742 15924 12 2 140 0.2 27 89 0
1 508 0 5 9 83 5742 15924 11 2 140 0.13 24 88 0
1 508 0 5 9 83 5742 15924 12 2 140 0.21 27 87 0
1 508 0 5 9 83 5742 15924 9 1 140 0.13 24 86 0
1 508 0 5 9 83 5742 15924 12 1 140 0.22 28 85 0
1 508 0 5 9 83 5742 15924 10 1 140 0.1 23 83 0
1 508 0 5 9 83 5742 15924 7 2 140 0.1 22 82 0
1 508 0 5 10 83 5736 15854 7 1 140 0.09 21 123 0
1 508 0 5 10 83 5736 15854 7 1 140 0.1 21 118 0
1 508 0 5 10 83 5736 15854 5 1 140 0.05 18 122 0
1 508 0 5 10 83 5736 15854 7 2 140 0.1 21 121 0
1 508 0 5 10 83 5736 15854 7 1 140 0.05 18 120 0
1 508 0 5 10 83 5736 15854 10 2 140 0.1 22 119 0
1 508 0 5 10 83 5736 15854 10 1 140 0.12 22 117 0
1 508 0 5 10 83 5736 15854 7 2 140 0.07 20 114 0
1 508 0 5 10 83 5736 15854 11 2 140 0.15 25 113 0
1 508 0 5 10 83 5736 15854 8 2 140 0.07 21 145 0
1 508 0 5 10 83 5736 15854 4 1 140 0.03 16 144 0
1 508 0 5 10 83 5736 15854 6 1 140 0.05 19 143 0
1 508 0 5 10 83 5736 15854 15 1 140 0.3 31 142 0
1 508 0 5 10 83 5736 15854 5 1 140 0.05 18 141 0
1 508 0 5 10 83 5736 15854 10 2 140 0.13 24 140 0
1 508 0 5 10 83 5736 15854 6 1 140 0.08 20 139 0
1 508 0 5 10 83 5736 15854 6 1 140 0.1 21 138 0
1 508 0 5 10 83 5736 15854 5 2 140 0.07 19 137 0
1 508 0 5 10 83 5736 15854 19 2 140 0.5 36 136 0
1 508 0 5 10 83 5736 15854 11 2 140 0.14 24 135 0
1 508 0 5 10 83 5736 15854 9 2 140 0.1 21 134 0
1 508 0 5 10 83 5736 15854 14 1 140 0.28 31 133 0
1 508 0 5 10 83 5736 15854 7 2 140 0.12 23 132 0
1 508 0 5 10 83 5736 15854 9 2 140 0.11 22 131 0
1 508 0 5 10 83 5736 15854 10 1 140 0.09 22 130 0
1 508 0 5 10 83 5736 15854 6 1 140 0.07 20 129 0
1 508 0 5 10 83 5736 15854 5 2 140 0.05 18 128 0
1 508 0 5 10 83 5736 15854 9 2 140 0.12 23 127 0
1 508 0 5 10 83 5736 15854 9 1 140 0.08 22 126 0
1 508 0 5 10 83 5736 15854 13 1 140 0.26 30 125 0
1 508 0 5 10 83 5736 15854 7 1 140 0.06 18 124 0
1 517 0 2 20 83 5457 16516 16 1 140 0.26 29 108 0
1 517 0 2 20 83 5457 16516 15 1 140 0.24 31 107 0
1 517 0 2 20 83 5457 16516 13 1 140 0.2 28 106 0
1 517 0 2 20 83 5457 16516 13 1 140 0.28 30 105 0
1 517 0 2 20 83 5457 16516 13 1 140 0.28 31 104 0
1 517 0 2 20 83 5457 16516 12 1 140 0.28 30 103 0
1 517 0 2 20 83 5457 16516 15 1 140 0.3 31 102 0
1 517 0 2 20 83 5457 16516 13 1 140 0.3 30 101 0
1 517 0 2 20 83 5457 16516 17 2 140 0.5 36 100 0
1 517 0 2 20 83 5457 16516 12 2 140 0.38 33 99 0
1 517 0 2 20 83 5457 16516 12 2 140 0.26 30 96 0
1 517 0 2 20 83 5457 16516 10 2 140 0.1 23 95 0
1 517 0 2 20 83 5457 16516 8 2 140 0.06 21 94 0
1 517 0 2 20 83 5457 16516 7 2 140 0.06 22 93 0
1 517 0 2 20 83 5457 16516 9 2 140 0.06 21 92 0
1 517 0 2 20 83 5457 16516 8 1 140 0.06 21 114 0
1 517 0 2 20 83 5457 16516 9 1 140 0.08 21 113 0
1 517 0 2 20 83 5457 16516 9 2 140 0.08 22 91 0
1 517 0 2 20 83 5457 16516 9 1 140 0.1 21 112 0
1 517 0 2 20 83 5457 16516 12 1 140 0.24 29 111 0
1 517 0 2 20 83 5457 16516 10 1 140 0.06 21 110 0
1 512 0 6 26 83 5611 16120 16 2 140 0.63 36 120 0
1 512 0 6 26 83 5611 16120 15 1 140 0.36 33 113 0
1 512 0 6 26 83 5611 16120 14 2 140 0.42 34 119 0
1 512 0 6 26 83 5611 16120 13 2 140 0.49 35 118 0
1 512 0 6 26 83 5611 16120 14 2 140 0.56 35 117 0
1 512 0 6 26 83 5611 16120 16 2 140 0.54 36 116 0
1 512 0 6 26 83 5611 16120 14 1 140 0.31 29 115 0
1 512 0 6 26 83 5611 16120 8 1 140 0.13 21 114 0
1 512 0 6 26 83 5611 16120 14 1 140 0.39 33 112 0
1 512 0 6 26 83 5611 16120 15 1 140 0.38 33 111 0
1 512 0 6 28 83 5615 16109 8 1 140 0.14 20 130 0
1 512 0 6 28 83 5615 16109 12 1 140 0.24 26 129 0
1 512 0 6 28 83 5615 16109 9 1 140 0.19 23 128 0
1 512 0 6 28 83 5615 16109 7 1 140 0.14 21 127 0
1 512 0 6 28 83 5615 16109 13 1 140 0.36 32 126 0
1 512 0 6 28 83 5615 16109 16 2 140 0.59 36 124 0
1 512 0 6 28 83 5615 16109 16 2 140 0.61 36 123 0
1 512 0 6 28 83 5615 16109 12 2 140 0.38 32 122 0
1 512 0 6 29 83 5622 16047 14 2 140 0.37 34 140 0
1 512 0 6 29 83 5622 16047 12 2 140 0.48 34 139 0
1 512 0 6 29 83 5622 16047 18 2 140 0.58 37 138 0
1 512 0 6 29 83 5622 16047 17 2 140 0.51 35 137 0
1 512 0 6 29 83 5622 16047 10 1 140 0.12 22 135 0
1 512 0 6 29 83 5622 16047 9 1 140 0.12 22 134 0
1 512 0 6 29 83 5622 16047 7 1 140 0.08 20 133 0
1 512 0 6 29 83 5622 16047 22 1 140 0.44 35 132 0
1 512 0 6 30 83 5615 16123 10 1 140 0.1 21 150 0
1 512 0 6 30 83 5615 16123 9 1 140 0.15 23 149 0
1 512 0 6 30 83 5615 16123 5 1 140 0.07 19 148 2
1 512 0 6 30 83 5615 16123 6 2 140 0.1 20 146 0
1 512 0 6 30 83 5615 16123 10 2 140 0.26 29 145 0
1 512 0 6 30 83 5615 16123 16 2 140 0.33 32 144 0
1 512 0 6 30 83 5615 16123 16 1 140 0.39 33 147 2
1 512 0 6 30 83 5615 16123 12 2 140 0.25 29 143 0
1 512 0 6 30 83 5615 16123 16 2 140 0.68 37 141 2
1 512 0 6 30 83 5615 16123 9 2 140 0.19 25 142 0
1 512 0 7 1 83 5605 16125 8 2 140 0.11 21 154 0
1 512 0 7 1 83 5605 16125 9 2 140 0.14 23 153 0
1 512 0 7 1 83 5605 16125 7 2 140 0.09 21 152 0
1 512 0 7 1 83 5605 16125 6 1 140 0.08 20 151 2
1 516 0 7 3 83 5555 16204 6 1 140 0.08 18 158 0
1 516 0 7 3 83 5555 16204 8 2 140 0.1 21 157 0
1 516 0 7 3 83 5555 16204 9 2 140 0.12 23 156 0
1 516 0 7 3 83 5555 16204 9 2 140 0.14 24 155 0
1 516 0 5 1 83 5604 16211 16 1 140 0.4 32 145 0
1 516 0 5 1 83 5604 16211 14 1 140 0.34 32 146 0
1 508 0 5 7 83 5748 15854 5 1 140 0.06 20 150 0
1 508 0 5 7 83 5748 15854 7 2 140 0.08 20 157 0
1 508 0 5 7 83 5748 15854 6 2 140 0.06 19 152 0
1 508 0 5 7 83 5748 15854 7 1 140 0.08 20 151 0
1 508 0 5 7 83 5748 15854 5 1 140 0.06 20 149 0
1 508 0 5 7 83 5748 15854 8 1 140 0.08 20 148 0
1 508 0 5 7 83 5748 15854 8 1 140 0.06 20 147 0
1 508 0 5 9 83 5736 15836 8 2 140 0.07 19 185 0
1 508 0 5 9 83 5736 15836 9 2 140 0.07 19 184 0
1 508 0 5 9 83 5736 15836 5 2 140 0.06 18 183 0
1 508 0 5 9 83 5736 15836 7 2 140 0.06 18 182 0
1 508 0 5 9 83 5736 15836 6 2 140 0.06 18 180 0
1 508 0 5 9 83 5736 15836 4 2 140 0.04 16 179 0
1 508 0 5 9 83 5736 15836 5 2 140 -9 14 178 0
1 508 0 5 9 83 5736 15836 6 1 140 0.06 18 177 0
1 508 0 5 9 83 5736 15836 6 1 140 0.06 19 176 0
1 508 0 5 9 83 5736 15836 6 1 140 0.06 19 175 0
1 508 0 5 9 83 5736 15836 5 1 140 0.06 18 174 0
1 508 0 5 9 83 5736 15836 5 1 140 0.04 15 173 0
1 508 0 5 9 83 5736 15836 5 2 140 0.04 16 181 0
1 508 0 5 9 83 5736 15836 7 1 140 0.07 19 172 0
1 508 0 5 9 83 5736 15836 6 1 140 0.05 18 171 0
1 508 0 5 9 83 5736 15836 4 1 140 0.04 16 170 0
1 508 0 5 9 83 5736 15836 5 1 140 0.05 17 169 0
1 508 0 5 9 83 5736 15836 4 1 140 -9 13 168 0
1 508 0 5 9 83 5736 15836 4 1 140 0.05 17 167 0
1 508 0 5 9 83 5736 15836 4 1 140 -9 12 166 0
1 508 0 5 9 83 5736 15836 5 1 140 0.04 16 165 0
1 508 0 5 9 83 5736 15836 6 1 140 0.04 17 164 0
1 508 0 5 9 83 5736 15836 6 1 140 0.06 18 163 0
1 508 0 5 9 83 5736 15836 6 1 140 0.06 19 162 0
1 508 0 5 9 83 5736 15836 18 1 140 0.38 33 161 0
1 508 0 5 9 83 5736 15836 3 1 140 -9 11 160 0
1 508 0 5 10 83 5746 15845 5 2 140 0.04 17 196 0
1 508 0 5 10 83 5746 15845 5 2 140 0.05 18 195 0
1 508 0 5 10 83 5746 15845 7 2 140 0.05 18 194 0
1 508 0 5 10 83 5746 15845 5 2 140 0.06 19 193 0
1 508 0 5 10 83 5746 15845 4 2 140 -9 15 192 0
1 508 0 5 10 83 5746 15845 5 2 140 0.03 16 191 0
1 508 0 5 10 83 5746 15845 4 1 140 -9 12 190 0
1 508 0 5 10 83 5746 15845 6 1 140 0.04 18 186 0
1 508 0 5 10 83 5746 15845 4 1 140 -9 14 189 0
1 508 0 5 10 83 5746 15845 4 1 140 -9 15 188 0
1 508 0 5 10 83 5746 15845 6 1 140 0.03 17 187 0
1 508 0 5 11 83 5739 15856 4 2 140 -9 13 200 0
1 508 0 5 11 83 5739 15856 4 1 140 -9 13 199 0
1 508 0 5 11 83 5739 15856 4 2 140 -9 14 198 0
1 508 0 5 11 83 5739 15856 3 1 140 -9 10 197 0
1 516 0 4 24 83 5557 16227 7 2 140 0.1 24 10 0
1 516 0 4 24 83 5557 16227 11 1 140 0.16 26 9 0
1 516 0 4 24 83 5557 16227 10 2 140 0.16 26 4 0
1 516 0 4 24 83 5557 16227 13 2 140 0.22 28 8 0
1 516 0 4 24 83 5557 16227 16 1 140 0.38 32 7 0
1 516 0 4 24 83 5557 16227 10 1 140 0.1 24 6 0
1 516 0 4 24 83 5557 16227 12 1 140 0.24 30 5 0
1 516 0 4 24 83 5557 16227 11 1 140 0.22 28 3 0
1 516 0 4 24 83 5557 16227 12 1 140 0.22 29 2 0
1 516 0 4 24 83 5557 16227 11 2 140 0.24 30 1 0
1 516 0 4 25 83 5604 16225 13 1 140 0.2 27 20 0
1 516 0 4 25 83 5604 16225 13 1 140 0.36 32 19 0
1 516 0 4 25 83 5604 16225 13 2 140 0.3 30 15 0
1 516 0 4 25 83 5604 16225 14 1 140 0.28 29 18 0
1 516 0 4 25 83 5604 16225 13 1 140 0.26 29 17 0
1 516 0 4 25 83 5604 16225 14 1 140 0.14 25 16 0
1 516 0 4 25 83 5604 16225 12 2 140 0.32 32 14 0
1 516 0 4 25 83 5604 16225 12 2 140 0.24 27 13 0
1 516 0 4 25 83 5604 16225 8 2 140 0.18 26 12 0
1 516 0 4 25 83 5604 16225 13 2 140 0.32 31 11 0
1 516 0 7 5 83 5554 16209 4 2 140 0.06 16 160 0
1 516 0 7 5 83 5554 16209 8 2 140 0.1 20 159 0
1 516 0 5 3 83 5556 16234 14 1 140 0.26 29 40 0
1 516 0 5 3 83 5556 16234 12 1 140 0.24 28 39 0
1 516 0 5 3 83 5556 16234 12 1 140 0.18 27 38 0
1 516 0 5 3 83 5556 16234 13 1 140 0.22 27 37 0
1 516 0 5 3 83 5556 16234 12 1 140 0.28 30 36 0
1 516 0 5 3 83 5556 16234 10 1 140 0.22 27 35 0
1 516 0 5 3 83 5556 16234 14 1 140 0.28 29 34 0
1 516 0 5 3 83 5556 16234 9 1 140 0.12 25 32 0
1 516 0 5 3 83 5556 16234 11 1 140 0.14 26 31 0
1 516 0 5 3 83 5556 16234 14 2 140 0.38 31 29 0
1 516 0 5 3 83 5556 16234 16 2 140 0.56 36 28 0
1 516 0 5 3 83 5556 16234 14 2 140 0.42 33 26 0
1 516 0 5 3 83 5556 16234 13 2 140 0.26 27 25 0
1 516 0 5 3 83 5556 16234 14 2 140 0.24 30 24 0
1 516 0 5 3 83 5556 16234 11 2 140 0.32 30 23 0
1 516 0 5 3 83 5556 16234 12 2 140 0.16 26 22 0
1 516 0 5 3 83 5556 16234 13 2 140 0.3 32 21 0
1 516 0 5 4 83 5604 16237 12 1 140 0.2 28 60 0
1 516 0 5 4 83 5604 16237 14 1 140 0.2 26 59 0
1 516 0 5 4 83 5604 16237 15 1 140 0.22 30 58 0
1 516 0 5 4 83 5604 16237 17 1 140 0.32 32 51 0
1 516 0 5 4 83 5604 16237 16 1 140 0.26 31 56 0
1 516 0 5 4 83 5604 16237 15 1 140 0.18 28 55 0
1 516 0 5 4 83 5604 16237 15 1 140 0.22 28 54 0
1 516 0 5 4 83 5604 16237 15 1 140 0.22 27 53 0
1 516 0 5 4 83 5604 16237 10 1 140 0.14 26 52 0
1 516 0 5 4 83 5604 16237 13 2 140 0.24 28 50 0
1 516 0 5 4 83 5604 16237 13 2 140 0.32 31 46 0
1 516 0 5 4 83 5604 16237 11 2 140 0.28 29 49 0
1 516 0 5 4 83 5604 16237 13 2 140 0.24 30 48 0
1 516 0 5 4 83 5604 16237 13 2 140 0.3 32 47 0
1 516 0 5 4 83 5604 16237 12 2 140 0.28 28 45 0
1 516 0 5 4 83 5604 16237 14 2 140 0.34 32 44 0
1 516 0 5 4 83 5604 16237 11 2 140 0.2 28 43 0
1 516 0 5 4 83 5604 16237 12 2 140 0.32 32 42 0
1 516 0 5 5 83 5558 16236 12 1 140 0.14 23 80 0
1 516 0 5 5 83 5558 16236 10 1 140 0.08 22 79 0
1 516 0 5 5 83 5558 16236 15 1 140 0.28 30 78 0
1 516 0 5 5 83 5558 16236 11 1 140 0.12 24 77 0
1 516 0 5 5 83 5558 16236 17 1 140 0.22 30 74 0
1 516 0 5 5 83 5558 16236 12 1 140 0.2 26 73 0
1 516 0 5 5 83 5558 16236 8 1 140 0.2 25 72 0
1 516 0 5 5 83 5558 16236 16 1 140 0.32 32 71 0
1 516 0 5 5 83 5558 16236 11 2 140 0.12 24 70 0
1 516 0 5 5 83 5558 16236 10 2 140 0.18 27 69 0
1 516 0 5 5 83 5558 16236 12 2 140 0.2 29 68 0
1 516 0 5 5 83 5558 16236 12 2 140 0.22 28 67 0
1 516 0 5 5 83 5558 16236 13 2 140 0.2 29 66 0
1 516 0 5 5 83 5558 16236 10 2 140 0.16 26 65 0
1 516 0 5 5 83 5558 16236 12 2 140 0.36 33 64 0
1 516 0 5 5 83 5558 16236 15 2 140 0.3 34 63 0
1 516 0 5 5 83 5558 16236 13 2 140 0.22 29 62 0
1 516 0 5 5 83 5558 16236 14 2 140 0.34 34 61 0
1 508 0 5 9 83 5740 15959 9 2 140 0.07 22 100 0
1 508 0 5 9 83 5740 15959 10 2 140 0.1 24 99 0
1 508 0 5 9 83 5740 15959 14 2 140 0.38 35 98 0
1 508 0 5 9 83 5740 15959 12 1 140 0.1 23 81 0
1 508 0 5 9 83 5740 15959 10 1 140 0.12 24 87 0
1 508 0 5 9 83 5740 15959 9 2 140 0.08 24 97 0
1 508 0 5 9 83 5740 15959 11 2 140 0.11 23 96 0
1 508 0 5 9 83 5740 15959 12 2 140 0.22 26 95 0
1 508 0 5 9 83 5740 15959 12 2 140 0.16 29 94 0
1 508 0 5 9 83 5740 15959 13 2 140 0.38 34 93 0
1 508 0 5 9 83 5740 15959 16 2 140 0.38 35 92 0
1 508 0 5 9 83 5740 15959 11 2 140 0.16 27 91 0
1 508 0 5 9 83 5740 15959 8 1 140 0.08 23 90 0
1 508 0 5 9 83 5740 15959 7 1 140 0.11 22 89 0
1 508 0 5 9 83 5740 15959 8 1 140 0.08 20 88 0
1 508 0 5 9 83 5740 15959 10 1 140 0.08 22 86 0
1 508 0 5 9 83 5740 15959 8 1 140 0.1 23 85 0
1 508 0 5 9 83 5740 15959 8 1 140 0.1 23 84 0
1 508 0 5 9 83 5740 15959 12 1 140 0.12 24 83 0
1 508 0 5 9 83 5740 15959 16 1 140 0.32 33 82 0
1 508 0 5 10 83 5749 15832 7 2 140 0.1 23 130 0
1 508 0 5 10 83 5749 15832 5 2 140 0.04 18 113 0
1 508 0 5 10 83 5749 15832 11 2 140 0.12 25 119 0
1 508 0 5 10 83 5749 15832 13 2 140 0.4 34 129 0
1 508 0 5 10 83 5749 15832 17 2 140 0.33 33 127 0
1 508 0 5 10 83 5749 15832 9 2 140 0.09 22 126 0
1 508 0 5 10 83 5749 15832 12 2 140 0.09 25 125 0
1 508 0 5 10 83 5749 15832 10 2 140 0.13 25 124 0
1 508 0 5 10 83 5749 15832 8 2 140 0.1 21 123 0
1 508 0 5 10 83 5749 15832 9 2 140 0.1 22 122 0
1 508 0 5 10 83 5749 15832 13 2 140 0.32 33 121 0
1 508 0 5 10 83 5749 15832 8 2 140 0.09 21 120 0
1 508 0 5 10 83 5749 15832 12 2 140 0.14 25 118 0
1 508 0 5 10 83 5749 15832 12 2 140 0.09 23 117 0
1 508 0 5 10 83 5749 15832 9 2 140 0.13 24 116 0
1 508 0 5 10 83 5749 15832 14 2 140 0.33 33 115 0
1 508 0 5 10 83 5749 15832 5 2 140 0.05 18 114 0
1 508 0 5 10 83 5749 15832 5 2 140 0.05 18 112 0
1 508 0 5 10 83 5749 15832 16 1 140 0.24 31 111 0
1 508 0 5 10 83 5749 15832 6 1 140 0.05 19 110 0
1 508 0 5 10 83 5749 15832 6 1 140 0.06 22 109 0
1 508 0 5 10 83 5749 15832 7 1 140 0.04 20 108 0
1 508 0 5 10 83 5749 15832 5 1 140 0.03 17 107 0
1 508 0 5 10 83 5749 15832 13 1 140 0.3 31 106 0
1 508 0 5 10 83 5749 15832 15 1 140 0.26 31 105 0
1 508 0 5 10 83 5749 15832 8 1 140 0.24 31 104 0
1 508 0 5 10 83 5749 15832 15 1 140 0.28 32 103 0
1 508 0 5 10 83 5749 15832 2 1 140 -9 12 102 0
1 508 0 5 10 83 5749 15832 4 1 140 0.04 16 101 0
1 508 0 5 11 83 5743 15843 5 1 140 0.06 18 150 0
1 508 0 5 11 83 5743 15843 4 1 140 -9 15 149 0
1 508 0 5 11 83 5743 15843 6 1 140 0.09 21 147 0
1 508 0 5 11 83 5743 15843 7 1 140 0.09 21 146 0
1 508 0 5 11 83 5743 15843 6 1 140 0.04 17 145 0
1 508 0 5 11 83 5743 15843 8 1 140 0.09 22 148 0
1 508 0 5 11 83 5743 15843 6 1 140 0.08 20 144 0
1 508 0 5 11 83 5743 15843 6 1 140 0.04 18 143 0
1 508 0 5 11 83 5743 15843 9 1 140 0.1 21 142 0
1 508 0 5 11 83 5743 15843 8 1 140 0.08 20 141 0
1 508 0 5 11 83 5743 15843 11 2 140 0.12 22 140 0
1 508 0 5 11 83 5743 15843 9 2 140 0.12 23 139 0
1 508 0 5 11 83 5743 15843 7 2 140 0.07 22 138 0
1 508 0 5 11 83 5743 15843 6 2 140 0.06 20 137 0
1 508 0 5 11 83 5743 15843 7 2 140 0.1 23 136 0
1 508 0 5 11 83 5743 15843 13 2 140 0.44 35 135 0
1 508 0 5 11 83 5743 15843 7 2 140 0.09 21 134 0
1 508 0 5 11 83 5743 15843 5 2 140 0.03 17 133 0
1 508 0 5 11 83 5743 15843 16 2 140 0.51 36 132 0
1 508 0 5 11 83 5743 15843 8 2 140 0.12 25 131 0
1 508 0 5 12 83 5739 15853 7 1 140 0.09 21 162 0
1 508 0 5 12 83 5739 15853 6 1 140 0.08 20 161 0
1 508 0 5 12 83 5739 15853 9 1 140 0.09 21 159 0
1 508 0 5 12 83 5739 15853 6 1 140 0.05 19 158 0
1 508 0 5 12 83 5739 15853 15 2 140 0.38 35 157 0
1 508 0 5 12 83 5739 15853 6 2 140 0.07 20 156 0
1 508 0 5 12 83 5739 15853 15 2 140 0.43 36 155 0
1 508 0 5 12 83 5739 15853 8 2 140 0.07 21 153 0
1 508 0 5 12 83 5739 15853 4 2 140 0.03 16 154 0
1 508 0 5 12 83 5739 15853 9 2 140 0.07 21 152 0
1 508 0 5 12 83 5739 15853 6 2 140 0.04 18 151 0
1 517 0 3 2 83 5448 16501 14 2 140 0.39 33 23 0
1 517 0 3 2 83 5448 16501 11 1 140 0.2 28 22 0
1 517 0 3 2 83 5448 16501 16 2 140 0.37 33 21 0
1 509 0 3 7 83 5540 16318 11 2 140 0.15 26 29 0
1 509 0 3 7 83 5540 16318 9 2 140 0.22 28 27 0
1 509 0 3 7 83 5540 16318 13 2 140 0.23 31 26 0
1 509 0 3 7 83 5540 16318 14 2 140 0.27 31 25 0
1 509 0 3 7 83 5540 16318 9 1 140 0.09 23 24 0
1 516 0 3 11 83 5548 16236 12 2 140 0.25 30 40 0
1 516 0 3 11 83 5548 16236 14 2 140 0.21 29 39 0
1 516 0 3 11 83 5548 16236 11 2 140 0.14 27 38 0
1 516 0 3 11 83 5548 16236 13 2 140 0.29 32 37 0
1 516 0 3 11 83 5548 16236 10 1 140 0.15 27 34 0
1 516 0 3 11 83 5548 16236 12 1 140 0.18 29 33 0
1 516 0 3 11 83 5548 16236 13 2 140 0.16 28 32 0
1 516 0 3 11 83 5548 16236 10 1 140 0.17 27 31 0
1 516 0 3 12 83 5554 16239 13 1 140 0.16 28 50 0
1 516 0 3 12 83 5554 16239 11 2 140 0.18 29 49 0
1 516 0 3 12 83 5554 16239 10 2 140 0.15 26 46 0
1 516 0 3 12 83 5554 16239 9 2 140 0.09 24 48 0
1 516 0 3 12 83 5554 16239 12 1 140 0.16 26 47 0
1 516 0 3 12 83 5554 16239 12 1 140 0.1 25 45 0
1 516 0 3 12 83 5554 16239 14 1 140 0.34 33 43 0
1 516 0 4 30 83 5557 16232 11 1 140 0.16 26 71 0
1 516 0 4 30 83 5557 16232 12 2 140 0.2 25 69 0
1 516 0 4 30 83 5557 16232 10 2 140 0.15 26 68 0
1 516 0 4 30 83 5557 16232 15 2 140 0.27 30 67 0
1 516 0 4 30 83 5557 16232 13 2 140 0.23 29 66 0
1 516 0 4 30 83 5557 16232 15 2 140 0.32 30 65 0
1 516 0 4 30 83 5557 16232 11 1 140 0.15 26 64 0
1 516 0 4 30 83 5557 16232 11 2 140 0.26 29 63 0
1 516 0 4 30 83 5557 16232 12 2 140 0.22 28 62 0
1 516 0 4 30 83 5557 16232 11 2 140 0.32 31 61 0
1 516 0 4 30 83 5557 16232 10 1 140 0.13 24 60 0
1 516 0 4 30 83 5557 16232 12 1 140 0.28 29 59 0
1 516 0 4 30 83 5557 16232 11 2 140 0.28 31 58 0
1 516 0 4 30 83 5557 16232 12 1 140 0.14 25 57 0
1 516 0 4 30 83 5557 16232 9 2 140 0.17 26 56 0
1 516 0 4 30 83 5557 16232 12 1 140 0.2 27 55 0
1 516 0 4 30 83 5557 16232 12 1 140 0.17 27 54 0
1 516 0 4 30 83 5557 16232 11 1 140 0.23 28 53 0
1 516 0 4 30 83 5557 16232 13 1 140 0.23 28 52 0
1 516 0 4 30 83 5557 16232 10 1 140 0.12 23 51 0
1 531 0 4 30 83 5804 17117 15 2 140 0.57 34 54 0
1 531 0 4 30 83 5804 17117 14 2 140 0.51 33 57 0
1 531 0 4 30 83 5804 17117 15 2 140 0.4 33 52 0
1 531 0 4 30 83 5804 17117 15 2 140 0.57 36 56 0
1 531 0 4 30 83 5804 17117 16 2 140 0.66 36 60 0
1 531 0 4 30 83 5804 17117 13 2 140 0.58 37 59 0
1 531 0 4 30 83 5804 17117 13 2 140 0.54 36 58 0
1 531 0 4 30 83 5804 17117 17 2 140 0.58 35 55 0
1 531 0 4 30 83 5804 17117 14 2 140 0.48 35 53 0
1 531 0 4 30 83 5804 17117 16 2 140 0.55 36 51 0
1 513 0 2 10 83 5651 16546 7 2 140 0.15 21 16 0
1 513 0 2 10 83 5651 16546 12 2 140 0.2 26 17 0
1 513 0 2 10 83 5651 16546 13 1 140 0.3 29 18 0
1 513 0 2 10 83 5651 16546 14 2 140 0.4 32 15 0
1 513 0 2 16 83 5651 16525 5 2 140 0.14 22 39 0
1 513 0 2 16 83 5651 16525 12 2 140 0.34 30 40 0
1 513 0 2 16 83 5651 16525 12 1 140 0.25 27 38 0
1 513 0 2 16 83 5651 16525 11 1 140 0.22 28 37 0
1 513 0 2 16 83 5651 16525 11 2 140 0.31 29 36 0
1 513 0 3 9 83 5656 16501 18 2 140 0.81 42 181 0
1 513 0 3 14 83 5653 16513 18 2 140 0.6 39 193 0
1 513 0 2 28 83 5649 16501 14 2 140 0.41 34 150 2
1 513 0 2 28 83 5649 16501 8 1 140 0.1 22 149 2
1 513 0 2 28 83 5649 16501 16 1 140 0.38 33 147 0
1 513 0 2 28 83 5649 16501 15 1 140 0.34 33 148 0
1 509 0 3 13 83 5713 16459 6 2 140 0.05 18 190 0
1 509 0 3 13 83 5713 16459 6 2 140 0.06 19 189 0
1 509 0 3 13 83 5713 16459 7 1 140 0.06 19 188 0
1 524 0 5 1 83 5832 17045 11 2 140 0.31 30 65 0
1 524 0 5 1 83 5832 17045 10 2 140 0.4 32 67 0
1 524 0 5 1 83 5832 17045 8 2 140 0.31 29 64 0
1 524 0 5 1 83 5832 17045 15 2 140 0.3 31 68 0
1 524 0 5 1 83 5832 17045 15 2 140 0.47 34 70 0
1 524 0 5 1 83 5832 17045 14 2 140 0.28 30 69 0
1 524 0 5 1 83 5832 17045 14 2 140 0.57 34 66 0
1 524 0 5 1 83 5832 17045 15 2 140 0.54 35 63 0
1 524 0 5 1 83 5832 17045 14 2 140 0.53 34 62 0
1 524 0 5 1 83 5832 17045 18 2 140 0.57 37 61 0
1 524 0 5 3 83 5815 17053 17 2 140 0.6 37 75 0
1 524 0 5 3 83 5815 17053 12 2 140 0.43 33 77 0
1 524 0 5 3 83 5815 17053 13 2 140 0.44 33 81 0
1 524 0 5 3 83 5815 17053 10 2 140 0.3 28 82 0
1 524 0 5 3 83 5815 17053 9 2 140 0.31 30 83 0
1 524 0 5 3 83 5815 17053 9 2 140 0.21 26 84 0
1 524 0 5 3 83 5815 17053 13 2 140 0.25 28 85 0
1 524 0 5 3 83 5815 17053 14 1 140 0.32 30 86 0
1 524 0 5 3 83 5815 17053 13 1 140 0.33 31 87 0
1 524 0 5 3 83 5815 17053 7 1 140 0.19 25 88 0
1 524 0 5 3 83 5815 17053 13 1 140 0.44 33 89 0
1 524 0 5 3 83 5815 17053 9 1 140 0.23 27 90 0
1 524 0 5 3 83 5815 17053 18 1 140 0.49 36 72 0
1 524 0 5 3 83 5815 17053 14 1 140 0.36 32 79 0
1 524 0 5 3 83 5815 17053 9 2 140 0.31 29 80 0
1 524 0 5 3 83 5815 17053 13 1 140 0.23 27 78 0
1 524 0 5 3 83 5815 17053 9 2 140 0.26 27 76 0
1 524 0 5 3 83 5815 17053 13 1 140 0.34 31 74 0
1 524 0 5 3 83 5815 17053 12 2 140 0.32 29 73 0
1 524 0 5 3 83 5815 17053 15 2 140 0.57 35 71 0
1 524 0 5 4 83 5825 17032 12 2 140 0.38 31 93 0
1 524 0 5 4 83 5825 17032 13 1 140 0.35 32 96 0
1 524 0 5 4 83 5825 17032 12 2 140 0.23 28 94 0
1 524 0 5 4 83 5825 17032 9 1 140 0.37 32 98 0
1 524 0 5 4 83 5825 17032 10 1 140 0.35 32 99 0
1 524 0 5 4 83 5825 17032 13 1 140 0.47 34 100 0
1 524 0 5 4 83 5825 17032 12 1 140 0.24 28 97 0
1 524 0 5 4 83 5825 17032 8 2 140 0.28 29 95 0
1 524 0 5 4 83 5825 17032 14 2 140 0.4 33 92 0
1 524 0 5 4 83 5825 17032 15 2 140 0.73 37 91 0
1 524 0 5 6 83 5848 17016 14 1 140 0.41 34 109 0
1 524 0 5 6 83 5848 17016 14 1 140 0.24 27 110 0
1 524 0 5 6 83 5848 17016 7 2 140 0.17 24 102 0
1 524 0 5 6 83 5848 17016 16 2 140 0.6 37 104 0
1 524 0 5 6 83 5848 17016 8 2 140 0.26 27 103 0
1 524 0 5 6 83 5848 17016 8 2 140 0.2 28 101 0
1 524 0 5 6 83 5828 17037 16 1 140 0.4 33 108 0
1 524 0 5 6 83 5828 17037 10 2 140 0.19 25 112 0
1 524 0 5 6 83 5828 17037 14 1 140 0.43 34 107 0
1 524 0 5 6 83 5828 17037 15 2 140 0.63 38 105 0
1 524 0 5 6 83 5828 17037 7 1 140 0.17 26 111 0
1 524 0 5 6 83 5828 17037 8 2 140 0.22 27 113 0
1 524 0 5 6 83 5828 17037 16 1 140 0.46 34 114 0
1 524 0 5 6 83 5828 17037 7 2 140 0.17 24 115 0
1 524 0 5 6 83 5828 17037 9 2 140 0.24 27 116 0
1 524 0 5 6 83 5828 17037 14 1 140 0.36 33 117 0
1 524 0 5 6 83 5828 17037 10 1 140 0.22 26 118 0
1 524 0 5 6 83 5828 17037 14 1 140 0.45 33 119 0
1 524 0 5 6 83 5828 17037 10 2 140 0.3 25 120 0
1 524 0 5 6 83 5828 17037 8 2 140 0.19 26 106 0
1 534 0 5 8 83 5810 16646 7 1 140 0.12 21 123 0
1 534 0 5 8 83 5810 16646 7 2 140 0.09 20 125 0
1 534 0 5 8 83 5810 16646 8 2 140 0.19 26 129 0
1 534 0 5 8 83 5810 16646 6 1 140 0.09 20 141 0
1 534 0 5 8 83 5810 16646 10 1 140 0.18 25 142 0
1 534 0 5 8 83 5810 16646 9 1 140 0.2 25 144 0
1 534 0 5 8 83 5810 16646 12 2 140 0.49 31 145 0
1 534 0 5 8 83 5810 16646 5 2 140 0.09 20 146 0
1 534 0 5 8 83 5810 16646 8 2 140 0.15 22 148 0
1 534 0 5 8 83 5810 16646 9 2 140 0.17 24 149 0
1 534 0 5 8 83 5810 16646 9 2 140 0.19 24 150 0
1 534 0 5 8 83 5810 16646 7 2 140 0.13 22 131 0
1 534 0 5 8 83 5810 16646 7 2 140 0.16 23 135 0
1 534 0 5 8 83 5810 16646 8 1 140 0.16 24 139 0
1 534 0 5 8 83 5810 16646 7 1 140 0.14 23 143 0
1 534 0 5 8 83 5810 16646 7 2 140 0.13 23 147 0
1 534 0 5 8 83 5810 16646 5 2 140 0.09 20 130 0
1 534 0 5 8 83 5810 16646 6 2 140 0.12 22 132 0
1 534 0 5 8 83 5810 16646 7 2 140 0.14 23 133 0
1 534 0 5 8 83 5810 16646 6 2 140 0.1 20 134 0
1 534 0 5 8 83 5810 16646 9 1 140 0.09 23 136 0
1 534 0 5 8 83 5810 16646 12 1 140 0.2 25 137 0
1 534 0 5 8 83 5810 16646 8 1 140 0.18 25 138 0
1 534 0 5 8 83 5810 16646 7 1 140 0.13 22 140 0
1 534 0 5 8 83 5810 16646 7 2 140 0.18 25 127 0
1 534 0 5 8 83 5810 16646 7 2 140 0.19 25 128 0
1 534 0 5 8 83 5810 16646 7 2 140 0.13 22 126 0
1 534 0 5 8 83 5810 16646 7 1 140 0.1 21 124 0
1 534 0 5 8 83 5810 16646 7 1 140 0.14 23 122 0
1 534 0 5 8 83 5810 16646 7 1 140 0.14 24 121 0
1 534 0 4 26 83 5800 16820 8 2 140 0.1 26 5 0
1 534 0 4 26 83 5800 16820 7 2 140 0.16 25 12 0
1 534 0 4 26 83 5800 16820 12 2 140 0.37 33 16 0
1 534 0 4 26 83 5800 16820 12 2 140 0.38 31 20 0
1 534 0 4 26 83 5800 16820 7 1 140 0.25 29 7 0
1 534 0 4 26 83 5800 16820 13 2 140 0.39 32 11 0
1 534 0 4 26 83 5800 16820 15 2 140 0.58 36 13 0
1 534 0 4 26 83 5800 16820 7 1 140 0.16 24 14 0
1 534 0 4 26 83 5800 16820 16 2 140 0.53 35 15 0
1 534 0 4 26 83 5800 16820 11 2 140 0.28 29 17 0
1 534 0 4 26 83 5800 16820 11 2 140 0.39 31 18 0
1 534 0 4 26 83 5800 16820 7 2 140 0.26 28 19 0
1 534 0 4 26 83 5800 16820 8 2 140 0.28 30 9 0
1 534 0 4 26 83 5800 16820 9 2 140 0.28 30 10 0
1 534 0 4 26 83 5800 16820 15 1 140 0.41 32 8 0
1 534 0 4 26 83 5800 16820 12 2 140 0.39 32 6 0
1 534 0 4 26 83 5800 16820 14 2 140 0.33 32 4 0
1 534 0 4 26 83 5800 16820 13 2 140 0.38 32 2 0
1 534 0 4 26 83 5800 16820 8 1 140 0.25 28 3 0
1 534 0 4 26 83 5800 16820 8 2 140 0.23 27 1 0
1 534 0 4 26 83 5805 16823 14 1 140 0.32 30 26 0
1 534 0 4 26 83 5805 16823 6 1 140 0.09 21 24 0
1 534 0 4 26 83 5805 16823 10 1 140 0.17 26 28 0
1 534 0 4 26 83 5805 16823 11 1 140 0.16 24 29 0
1 534 0 4 26 83 5805 16823 11 1 140 0.3 30 30 0
1 534 0 4 26 83 5805 16823 16 1 140 0.27 31 27 0
1 534 0 4 26 83 5805 16823 6 2 140 0.06 19 25 0
1 534 0 4 26 83 5805 16823 11 2 140 0.49 34 22 0
1 534 0 4 26 83 5805 16823 7 2 140 0.16 24 23 0
1 534 0 4 26 83 5805 16823 6 2 140 0.09 21 21 0
1 514 0 5 12 83 5833 16647 7 1 140 0.1 22 163 0
1 514 0 5 12 83 5833 16647 7 1 140 0.14 23 165 0
1 514 0 5 12 83 5833 16647 21 2 140 0.9 42 164 0
1 514 0 5 12 83 5833 16647 7 1 140 0.12 22 162 0
1 514 0 5 12 83 5833 16647 6 1 140 0.09 20 161 0
1 534 0 5 13 83 5831 16656 7 1 140 0.09 20 170 0
1 534 0 5 13 83 5831 16656 6 2 140 0.07 19 167 0
1 534 0 5 13 83 5831 16656 7 1 140 0.1 20 169 0
1 534 0 5 13 83 5831 16656 5 2 140 0.07 18 168 0
1 534 0 5 13 83 5831 16656 19 2 140 0.74 39 166 0
1 534 0 5 11 83 5820 16638 7 2 140 0.1 20 154 0
1 534 0 5 11 83 5820 16638 6 2 140 0.07 18 156 0
1 534 0 5 11 83 5820 16638 7 2 140 0.1 21 160 0
1 534 0 5 11 83 5820 16638 7 1 140 0.13 22 151 0
1 534 0 5 11 83 5820 16638 7 2 140 0.15 23 159 0
1 534 0 5 11 83 5820 16638 6 2 140 0.09 19 157 0
1 534 0 5 11 83 5820 16638 7 2 140 0.09 21 155 0
1 534 0 5 11 83 5820 16638 7 1 140 0.14 23 153 0
1 534 0 5 11 83 5820 16638 7 1 140 0.12 22 152 0
1 534 0 4 27 83 5808 16825 7 1 140 0.16 24 36 0
1 534 0 4 27 83 5808 16825 9 1 140 0.31 29 38 0
1 534 0 4 27 83 5808 16825 11 1 140 0.27 29 42 0
1 534 0 4 27 83 5808 16825 9 1 140 0.34 31 32 0
1 534 0 4 27 83 5808 16825 8 1 140 0.23 27 43 0
1 534 0 4 27 83 5808 16825 9 1 140 0.25 28 44 0
1 534 0 4 27 83 5808 16825 11 1 140 0.3 30 45 0
1 534 0 4 27 83 5808 16825 9 1 140 0.21 26 46 0
1 534 0 4 27 83 5808 16825 6 1 140 0.07 20 47 0
1 534 0 4 27 83 5808 16825 7 1 140 0.08 20 48 0
1 534 0 4 27 83 5808 16825 14 1 140 0.37 31 49 0
1 534 0 4 27 83 5808 16825 6 1 140 0.1 21 50 0
1 534 0 4 27 83 5808 16825 10 1 140 0.26 29 40 0
1 534 0 4 27 83 5808 16825 9 1 140 0.29 30 41 0
1 534 0 4 27 83 5808 16825 8 1 140 0.23 27 39 0
1 534 0 4 27 83 5808 16825 9 1 140 0.33 28 37 0
1 534 0 4 27 83 5808 16825 12 1 140 0.28 29 35 0
1 534 0 4 27 83 5808 16825 7 1 140 0.29 26 33 0
1 534 0 4 27 83 5808 16825 17 1 140 0.24 28 34 0
1 534 0 4 27 83 5808 16825 17 1 140 0.41 34 31 0
1 513 0 3 29 83 5651 16618 12 1 140 0.28 30 40 0
1 513 0 3 29 83 5651 16618 9 2 140 0.22 28 42 0
1 513 0 3 29 83 5651 16618 8 2 140 0.22 27 1 0
1 513 0 3 29 83 5651 16618 13 1 140 0.34 31 4 0
1 513 0 3 29 83 5651 16618 13 2 140 0.25 29 5 0
1 513 0 3 29 83 5651 16618 11 2 140 0.34 31 17 0
1 513 0 3 29 83 5651 16618 9 2 140 0.24 29 18 0
1 513 0 3 29 83 5651 16618 10 2 140 0.26 30 19 0
1 513 0 3 29 83 5651 16618 14 2 140 0.38 31 20 0
1 513 0 3 29 83 5651 16618 8 2 140 0.21 28 21 0
1 513 0 3 29 83 5651 16618 9 2 140 0.22 28 22 0
1 513 0 3 29 83 5651 16618 14 2 140 0.28 30 23 0
1 513 0 3 29 83 5651 16618 13 2 140 0.41 33 24 0
1 513 0 3 29 83 5651 16618 10 2 140 0.32 31 6 0
1 513 0 3 29 83 5651 16618 13 2 140 0.3 28 8 0
1 513 0 3 29 83 5651 16618 14 2 140 0.35 31 9 0
1 513 0 3 29 83 5651 16618 9 2 140 0.26 29 10 0
1 513 0 3 29 83 5651 16618 13 1 140 0.21 27 12 0
1 513 0 3 29 83 5651 16618 9 2 140 0.24 26 13 0
1 513 0 3 29 83 5651 16618 10 2 140 0.2 25 14 0
1 513 0 3 29 83 5651 16618 9 1 140 0.3 28 16 0
1 513 0 3 29 83 5651 16618 9 2 140 0.41 31 25 0
1 513 0 3 29 83 5651 16618 11 2 140 0.3 31 26 0
1 513 0 3 29 83 5651 16618 9 2 140 0.24 28 27 0
1 513 0 3 29 83 5651 16618 10 1 140 0.34 31 28 0
1 513 0 3 29 83 5651 16618 9 1 140 0.37 33 29 0
1 513 0 3 29 83 5651 16618 12 2 140 0.3 30 30 0
1 513 0 3 29 83 5651 16618 11 1 140 0.23 28 31 0
1 513 0 3 29 83 5651 16618 10 2 140 0.18 26 32 0
1 513 0 3 29 83 5651 16618 7 2 140 0.2 26 43 0
1 513 0 3 29 83 5651 16618 12 1 140 0.18 26 44 0
1 513 0 3 29 83 5651 16618 9 1 140 0.21 28 46 0
1 513 0 3 29 83 5651 16618 9 1 140 0.22 28 47 0
1 513 0 3 29 83 5651 16618 9 2 140 0.19 26 48 0
1 513 0 3 29 83 5651 16618 10 2 140 0.21 28 50 0
1 513 0 3 29 83 5651 16618 9 2 140 0.3 27 3 0
1 513 0 3 29 83 5651 16618 11 2 140 0.32 31 7 0
1 513 0 3 29 83 5651 16618 8 2 140 0.31 29 11 0
1 513 0 3 29 83 5651 16618 11 2 140 0.26 30 15 0
1 513 0 3 29 83 5651 16618 9 2 140 0.18 26 37 0
1 513 0 3 29 83 5651 16618 12 2 140 0.26 28 41 0
1 513 0 3 29 83 5651 16618 14 2 140 0.23 30 45 0
1 513 0 3 29 83 5651 16618 9 2 140 0.26 30 49 0
1 513 0 3 29 83 5651 16618 9 2 140 0.22 27 33 0
1 513 0 3 29 83 5651 16618 11 1 140 0.21 26 34 0
1 513 0 3 29 83 5651 16618 14 1 140 0.22 29 35 0
1 513 0 3 29 83 5651 16618 12 1 140 0.2 27 36 0
1 513 0 3 29 83 5651 16618 9 1 140 0.2 26 38 0
1 513 0 3 29 83 5651 16618 9 1 140 0.23 27 39 0
1 513 0 3 29 83 5652 16620 10 2 140 0.29 30 54 0
1 513 0 3 29 83 5652 16620 7 2 140 0.18 27 56 0
1 513 0 3 29 83 5652 16620 7 2 140 0.21 28 53 0
1 513 0 3 29 83 5652 16620 7 2 140 0.16 27 73 0
1 513 0 3 29 83 5652 16620 11 2 140 0.29 30 77 0
1 513 0 3 29 83 5652 16620 8 1 140 0.1 24 81 0
1 513 0 3 29 83 5652 16620 12 1 140 0.25 29 85 0
1 513 0 3 29 83 5652 16620 7 1 140 0.11 23 89 0
1 513 0 3 29 83 5652 16620 14 1 140 0.35 32 93 0
1 513 0 3 29 83 5652 16620 11 2 140 0.2 26 69 0
1 513 0 3 29 83 5652 16620 8 2 140 0.19 27 70 0
1 513 0 3 29 83 5652 16620 7 2 140 0.1 22 71 0
1 513 0 3 29 83 5652 16620 9 2 140 0.13 24 72 0
1 513 0 3 29 83 5652 16620 14 2 140 0.28 30 74 0
1 513 0 3 29 83 5652 16620 8 2 140 0.18 27 75 0
1 513 0 3 29 83 5652 16620 8 2 140 0.28 27 76 0
1 513 0 3 29 83 5652 16620 13 1 140 0.32 30 78 0
1 513 0 3 29 83 5652 16620 9 1 140 0.1 23 90 0
1 513 0 3 29 83 5652 16620 13 1 140 0.24 29 91 0
1 513 0 3 29 83 5652 16620 9 1 140 0.2 27 92 0
1 513 0 3 29 83 5652 16620 8 1 140 0.25 29 94 0
1 513 0 3 29 83 5652 16620 7 1 140 0.15 24 95 0
1 513 0 3 29 83 5652 16620 7 1 140 0.2 27 96 0
1 513 0 3 29 83 5652 16620 11 1 140 0.2 28 97 0
1 513 0 3 29 83 5652 16620 7 1 140 0.18 25 98 0
1 513 0 3 29 83 5652 16620 9 1 140 0.14 24 99 0
1 513 0 3 29 83 5652 16620 7 1 140 0.2 26 100 0
1 513 0 3 29 83 5652 16620 7 1 140 0.16 26 79 0
1 513 0 3 29 83 5652 16620 10 1 140 0.22 29 80 0
1 513 0 3 29 83 5652 16620 9 1 140 0.34 31 82 0
1 513 0 3 29 83 5652 16620 8 1 140 0.13 25 83 0
1 513 0 3 29 83 5652 16620 9 1 140 0.19 27 84 0
1 513 0 3 29 83 5652 16620 12 1 140 0.16 26 86 0
1 513 0 3 29 83 5652 16620 13 1 140 0.22 28 87 0
1 513 0 3 29 83 5652 16620 10 1 140 0.15 26 88 0
1 513 0 3 29 83 5652 16620 7 2 140 0.16 26 61 0
1 513 0 3 29 83 5652 16620 9 2 140 0.25 29 62 0
1 513 0 3 29 83 5652 16620 7 2 140 0.21 28 63 0
1 513 0 3 29 83 5652 16620 7 2 140 0.13 25 64 0
1 513 0 3 29 83 5652 16620 13 2 140 0.28 31 65 0
1 513 0 3 29 83 5652 16620 11 2 140 0.23 29 66 0
1 513 0 3 29 83 5652 16620 13 2 140 0.31 32 67 0
1 513 0 3 29 83 5652 16620 9 2 140 0.19 26 68 0
1 513 0 3 29 83 5652 16620 8 2 140 0.18 27 58 0
1 513 0 3 29 83 5652 16620 8 2 140 0.22 29 59 0
1 513 0 3 29 83 5652 16620 9 2 140 0.3 31 57 0
1 513 0 3 29 83 5652 16620 10 2 140 0.14 25 55 0
1 513 0 3 29 83 5652 16620 12 2 140 0.36 33 52 0
1 513 0 3 29 83 5652 16620 11 2 140 0.14 26 51 0
1 513 0 3 30 83 5655 16618 13 1 140 0.2 28 103 0
1 513 0 3 30 83 5655 16618 7 1 140 0.15 24 105 0
1 513 0 3 30 83 5655 16618 12 1 140 0.19 26 109 0
1 513 0 3 30 83 5655 16618 9 2 140 0.14 24 148 0
1 513 0 3 30 83 5655 16618 7 2 140 0.12 23 149 0
1 513 0 3 30 83 5655 16618 13 2 140 0.36 31 150 0
1 513 0 3 30 83 5655 16618 7 2 140 0.1 22 140 0
1 513 0 3 30 83 5655 16618 9 2 140 0.25 29 141 0
1 513 0 3 30 83 5655 16618 8 2 140 0.25 24 142 0
1 513 0 3 30 83 5655 16618 7 2 140 0.2 26 143 0
1 513 0 3 30 83 5655 16618 9 2 140 0.19 26 144 0
1 513 0 3 30 83 5655 16618 7 2 140 0.16 25 145 0
1 513 0 3 30 83 5655 16618 8 2 140 0.15 24 146 0
1 513 0 3 30 83 5655 16618 8 2 140 0.13 23 147 0
1 513 0 3 30 83 5655 16618 10 1 140 0.18 25 115 0
1 513 0 3 30 83 5655 16618 8 1 140 0.18 26 119 0
1 513 0 3 30 83 5655 16618 14 2 140 0.36 31 123 0
1 513 0 3 30 83 5655 16618 7 2 140 0.14 25 127 0
1 513 0 3 30 83 5655 16618 9 2 140 0.31 31 131 0
1 513 0 3 30 83 5655 16618 7 2 140 0.11 24 135 0
1 513 0 3 30 83 5655 16618 13 1 140 0.32 30 110 0
1 513 0 3 30 83 5655 16618 9 1 140 0.15 25 111 0
1 513 0 3 30 83 5655 16618 15 1 140 0.36 31 113 0
1 513 0 3 30 83 5655 16618 9 1 140 0.22 27 114 0
1 513 0 3 30 83 5655 16618 8 1 140 0.16 24 116 0
1 513 0 3 30 83 5655 16618 14 2 140 0.36 32 130 0
1 513 0 3 30 83 5655 16618 7 2 140 0.18 25 132 0
1 513 0 3 30 83 5655 16618 14 2 140 0.24 29 133 0
1 513 0 3 30 83 5655 16618 13 2 140 0.32 30 134 0
1 513 0 3 30 83 5655 16618 7 2 140 0.2 26 136 0
1 513 0 3 30 83 5655 16618 9 2 140 0.26 29 137 0
1 513 0 3 30 83 5655 16618 9 2 140 0.16 26 138 0
1 513 0 3 30 83 5655 16618 7 2 140 0.17 26 139 0
1 513 0 3 30 83 5655 16618 7 2 140 0.2 27 120 0
1 513 0 3 30 83 5655 16618 11 2 140 0.18 26 121 0
1 513 0 3 30 83 5655 16618 9 2 140 0.2 28 122 0
1 513 0 3 30 83 5655 16618 7 2 140 0.2 25 124 0
1 513 0 3 30 83 5655 16618 12 2 140 0.28 30 125 0
1 513 0 3 30 83 5655 16618 12 2 140 0.18 27 126 0
1 513 0 3 30 83 5655 16618 7 2 140 0.26 28 128 0
1 513 0 3 30 83 5655 16618 10 2 140 0.25 29 129 0
1 513 0 3 30 83 5655 16618 13 1 140 0.22 28 107 0
1 513 0 3 30 83 5655 16618 15 1 140 0.3 30 108 0
1 513 0 3 30 83 5655 16618 7 1 140 0.16 25 106 0
1 513 0 3 30 83 5655 16618 17 1 140 0.35 31 104 0
1 513 0 3 30 83 5655 16618 9 1 140 0.2 28 102 0
1 513 0 3 30 83 5655 16618 13 1 140 0.21 28 101 0
1 513 0 3 30 83 5652 16613 11 1 140 0.2 26 153 0
1 513 0 3 30 83 5652 16613 7 1 140 0.11 23 152 0
1 513 0 3 30 83 5652 16613 13 1 140 0.26 31 157 0
1 513 0 3 30 83 5652 16613 8 1 140 0.16 25 160 0
1 513 0 3 30 83 5652 16613 12 1 140 0.2 28 161 0
1 513 0 3 30 83 5652 16613 8 1 140 0.11 24 162 0
1 513 0 3 30 83 5652 16613 9 1 140 0.16 25 164 0
1 513 0 3 30 83 5652 16613 10 1 140 0.18 27 165 0
1 513 0 3 30 83 5652 16613 12 2 140 0.24 29 166 0
1 513 0 3 30 83 5652 16613 11 2 140 0.28 30 168 0
1 513 0 3 30 83 5652 16613 8 2 140 0.15 24 169 0
1 513 0 3 30 83 5652 16613 9 2 140 0.1 23 170 0
1 513 0 3 30 83 5652 16613 12 2 140 0.35 33 173 0
1 513 0 3 30 83 5652 16613 12 2 140 0.22 30 174 0
1 513 0 3 30 83 5652 16613 8 2 140 0.1 23 176 0
1 513 0 3 30 83 5652 16613 7 2 140 0.18 27 177 0
1 513 0 3 30 83 5652 16613 11 2 140 0.21 27 178 0
1 513 0 3 30 83 5652 16613 13 1 140 0.16 27 155 0
1 513 0 3 30 83 5652 16613 14 1 140 0.22 28 159 0
1 513 0 3 30 83 5652 16613 13 1 140 0.16 26 163 0
1 513 0 3 30 83 5652 16613 12 2 140 0.38 31 167 0
1 513 0 3 30 83 5652 16613 6 2 140 0.14 24 171 0
1 513 0 3 30 83 5652 16613 11 2 140 0.28 29 175 0
1 513 0 3 30 83 5652 16613 16 2 140 0.39 34 196 0
1 513 0 3 30 83 5652 16613 12 2 140 0.25 28 200 0
1 513 0 3 30 83 5652 16613 13 2 140 0.28 27 188 0
1 513 0 3 30 83 5652 16613 7 2 140 0.12 24 189 0
1 513 0 3 30 83 5652 16613 8 2 140 0.28 29 190 0
1 513 0 3 30 83 5652 16613 15 2 140 0.38 32 191 0
1 513 0 3 30 83 5652 16613 10 2 140 0.3 31 192 0
1 513 0 3 30 83 5652 16613 13 2 140 0.26 29 193 0
1 513 0 3 30 83 5652 16613 8 2 140 0.15 25 194 0
1 513 0 3 30 83 5652 16613 14 2 140 0.4 33 195 0
1 513 0 3 30 83 5652 16613 7 2 140 0.17 26 197 0
1 513 0 3 30 83 5652 16613 13 2 140 0.3 31 198 0
1 513 0 3 30 83 5652 16613 7 2 140 0.2 27 199 0
1 513 0 3 30 83 5652 16613 12 2 140 0.5 34 513 0
1 513 0 3 30 83 5652 16613 7 2 140 0.15 24 179 0
1 513 0 3 30 83 5652 16613 7 2 140 0.1 22 180 0
1 513 0 3 30 83 5652 16613 14 2 140 0.5 36 182 0
1 513 0 3 30 83 5652 16613 9 2 140 0.25 30 183 0
1 513 0 3 30 83 5652 16613 13 2 140 0.32 31 184 0
1 513 0 3 30 83 5652 16613 7 2 140 0.19 27 185 0
1 513 0 3 30 83 5652 16613 12 2 140 0.32 33 186 0
1 513 0 3 30 83 5652 16613 10 2 140 0.21 26 187 0
1 513 0 3 30 83 5652 16613 7 1 140 0.14 24 154 0
1 513 0 3 30 83 5652 16613 10 1 140 0.19 27 156 0
1 513 0 3 30 83 5652 16613 7 1 140 0.1 23 151 0
1 513 0 2 6 83 5655 16612 11 1 140 0.25 31 2 0
1 513 0 2 6 83 5655 16612 10 1 140 0.23 29 3 0
1 513 0 2 6 83 5655 16612 14 1 140 0.25 30 4 0
1 513 0 2 6 83 5655 16612 8 2 140 0.15 25 1 0
1 513 0 2 7 83 5653 16610 12 1 140 0.2 26 7 0
1 513 0 2 7 83 5653 16610 9 1 140 0.25 30 5 0
1 513 0 2 8 83 5650 16610 8 2 140 0.21 26 10 0
1 513 0 2 8 83 5650 16610 10 2 140 0.25 29 9 0
1 513 0 2 9 83 5651 16553 10 2 140 0.18 26 14 0
1 513 0 2 9 83 5651 16553 19 2 140 0.65 40 13 0
1 513 0 2 9 83 5651 16553 8 2 140 0.29 28 12 0
1 513 0 2 9 83 5651 16553 13 2 140 0.4 33 11 0
1 513 0 2 11 83 5650 16548 13 2 140 0.4 32 20 0
1 513 0 2 11 83 5650 16548 11 1 140 0.35 30 19 0
1 513 0 3 28 83 5653 16614 6 2 140 0.05 18 203 2
1 513 0 3 28 83 5653 16614 7 2 140 0.07 20 202 2
1 513 0 3 28 83 5653 16614 21 2 140 0.91 43 201 2
1 513 0 3 28 83 5651 16612 19 2 140 0.84 40 204 2
1 513 0 3 29 83 5653 16624 16 1 140 0.5 36 206 2
1 513 0 3 29 83 5653 16624 17 2 140 0.86 42 205 2
1 513 0 3 29 83 5701 16610 7 2 140 0.08 18 208 2
1 513 0 3 29 83 5701 16610 18 2 140 0.69 38 207 2
1 513 0 3 7 83 5644 16515 15 2 140 0.61 38 175 0
1 513 0 3 8 83 5654 16506 17 1 140 0.41 35 177 0
1 513 0 3 8 83 5654 16506 7 2 140 0.05 20 179 0
1 513 0 3 8 83 5654 16506 18 2 140 0.53 38 178 0
1 513 0 3 8 83 5654 16506 12 2 140 0.58 37 176 0
1 513 0 3 8 83 5655 16502 18 2 140 0.6 37 180 2
1 513 0 3 10 83 5655 16504 6 1 140 0.1 21 183 0
1 513 0 3 10 83 5655 16504 15 1 140 0.53 36 182 0
1 509 0 3 12 83 5707 16459 17 2 140 0.59 39 184 0
1 509 0 3 12 83 5707 16459 7 2 140 0.07 19 185 0
1 509 0 3 12 83 5700 16446 7 2 140 0.05 19 187 0
1 509 0 3 12 83 5700 16446 7 1 140 0.08 21 186 0
1 513 0 3 13 83 5710 16504 6 2 140 0.06 18 192 0
1 513 0 3 13 83 5710 16504 6 2 140 0.06 18 191 0
1 513 0 3 14 83 5700 16520 7 1 140 0.07 19 195 0
1 513 0 3 14 83 5700 16520 19 2 140 0.96 41 194 0
1 513 0 3 17 83 5655 16518 16 2 140 0.64 38 196 0
1 513 0 3 18 83 5650 16508 18 2 140 0.7 39 197 0
1 513 0 3 24 83 5700 16600 7 1 140 0.06 19 198 0
1 513 0 3 25 83 5653 16540 18 2 140 0.76 40 200 2
1 513 0 3 25 83 5653 16540 19 2 140 0.85 41 199 2
1 513 0 2 12 83 5648 16603 8 2 140 0.29 29 24 0
1 513 0 2 12 83 5648 16603 9 1 140 0.26 30 21 0
1 513 0 2 12 83 5648 16603 14 1 140 0.3 30 23 0
1 513 0 2 12 83 5648 16603 12 2 140 0.29 30 22 0
1 513 0 2 13 83 5643 16555 12 2 140 0.24 28 30 0
1 513 0 2 13 83 5643 16555 11 2 140 0.38 33 29 0
1 513 0 2 13 83 5643 16555 9 2 140 0.31 29 25 0
1 513 0 2 13 83 5643 16555 10 2 140 0.31 31 27 0
1 513 0 2 13 83 5643 16555 12 2 140 0.4 32 28 0
1 513 0 2 13 83 5643 16555 10 2 140 0.34 31 26 0
1 513 0 2 15 83 5658 16554 13 1 140 0.25 28 33 0
1 513 0 2 15 83 5658 16554 9 2 140 0.19 26 32 0
1 513 0 2 15 83 5658 16554 9 2 140 0.17 24 34 0
1 513 0 2 15 83 5658 16554 10 2 140 0.23 28 35 0
1 513 0 2 15 83 5658 16554 16 2 140 0.36 32 31 0
1 513 0 2 17 83 5652 16527 8 2 140 0.29 29 43 0
1 513 0 2 17 83 5652 16527 9 1 140 0.2 27 44 0
1 513 0 2 17 83 5652 16527 9 2 140 0.28 29 42 0
1 513 0 2 17 83 5652 16527 12 2 140 0.32 30 41 0
1 513 0 2 18 83 5648 16522 8 2 140 0.17 25 48 0
1 513 0 2 18 83 5648 16522 12 2 140 0.29 30 49 0
1 513 0 2 18 83 5648 16522 9 2 140 0.21 25 47 0
1 513 0 2 18 83 5648 16522 12 2 140 0.3 29 46 0
1 513 0 2 18 83 5648 16522 12 2 140 0.29 29 50 0
1 513 0 2 18 83 5648 16522 11 2 140 0.42 34 45 0
1 513 0 2 19 83 5708 16615 7 1 140 0.14 23 52 0
1 513 0 2 19 83 5708 16615 7 1 140 0.08 21 53 0
1 513 0 2 19 83 5708 16615 9 1 140 0.21 28 51 0
1 513 0 2 19 83 5708 16615 7 1 140 0.14 23 54 0
1 513 0 2 19 83 5708 16615 7 2 140 0.11 22 55 0
1 513 0 2 20 83 5703 16614 6 2 140 0.05 19 57 0
1 513 0 2 20 83 5703 16614 6 2 140 0.1 19 60 0
1 513 0 2 20 83 5703 16614 7 1 140 0.12 20 58 0
1 513 0 2 20 83 5703 16614 14 2 140 0.49 35 56 0
1 513 0 2 20 83 5709 16622 8 1 140 0.15 23 64 0
1 513 0 2 20 83 5709 16622 7 1 140 0.1 21 63 0
1 513 0 2 20 83 5709 16622 6 2 140 0.08 21 61 0
1 513 0 2 20 83 5709 16622 7 1 140 0.15 25 65 0
1 513 0 2 21 83 5658 16647 7 1 140 0.11 22 69 0
1 513 0 2 21 83 5658 16647 7 1 140 0.08 20 70 0
1 513 0 2 21 83 5658 16647 7 2 140 0.1 22 68 0
1 513 0 2 21 83 5658 16647 14 1 140 0.35 31 67 0
1 513 0 2 21 83 5658 16647 14 2 140 0.56 36 66 0
1 513 0 2 22 83 5646 16547 14 2 140 0.55 35 73 0
1 513 0 2 22 83 5646 16547 14 2 140 0.34 32 74 0
1 513 0 2 22 83 5646 16547 11 2 140 0.26 28 72 0
1 513 0 2 22 83 5646 16547 9 2 140 0.24 28 75 0
1 513 0 2 22 83 5646 16547 9 2 140 0.35 31 76 0
1 513 0 2 22 83 5646 16547 11 2 140 0.46 35 77 0
1 513 0 2 22 83 5646 16547 9 1 140 0.28 29 78 0
1 513 0 2 22 83 5646 16547 6 2 140 0.11 21 79 0
1 513 0 2 22 83 5646 16547 14 2 140 0.39 33 80 2
1 513 0 2 22 83 5646 16547 15 1 140 0.46 34 71 0
1 513 0 2 23 83 5653 16519 10 1 140 0.21 28 85 0
1 513 0 2 23 83 5653 16519 9 2 140 0.27 30 87 0
1 513 0 2 23 83 5653 16519 7 1 140 0.15 24 89 0
1 513 0 2 23 83 5653 16519 11 1 140 0.19 26 90 2
1 513 0 2 23 83 5653 16519 15 2 140 0.58 37 88 0
1 513 0 2 23 83 5653 16519 14 2 140 0.55 36 86 0
1 513 0 2 23 83 5653 16519 13 1 140 0.2 27 84 0
1 513 0 2 23 83 5653 16519 11 1 140 0.2 26 82 0
1 513 0 2 23 83 5653 16519 12 1 140 0.26 28 83 0
1 513 0 2 23 83 5653 16519 13 2 140 0.54 35 81 0
1 513 0 2 24 83 5656 16507 15 2 140 0.42 34 95 0
1 513 0 2 24 83 5656 16507 12 1 140 0.19 27 96 0
1 513 0 2 24 83 5656 16507 14 1 140 0.2 26 94 0
1 513 0 2 24 83 5656 16507 9 1 140 0.12 23 92 0
1 513 0 2 24 83 5656 16507 8 2 140 0.14 24 93 0
1 513 0 2 24 83 5656 16507 7 2 140 0.1 22 91 0
1 513 0 2 24 83 5654 16533 7 1 140 0.11 22 102 0
1 513 0 2 24 83 5654 16533 7 1 140 0.1 20 99 0
1 513 0 2 24 83 5654 16533 6 2 140 0.09 20 103 0
1 513 0 2 24 83 5654 16533 7 1 140 0.13 22 104 0
1 513 0 2 24 83 5654 16533 7 1 140 0.09 19 97 0
1 513 0 2 24 83 5654 16533 7 2 140 0.1 22 101 0
1 513 0 2 24 83 5654 16533 7 1 140 0.12 23 98 0
1 513 0 2 25 83 5652 16556 12 1 140 0.2 26 107 0
1 513 0 2 25 83 5652 16556 12 1 140 0.3 31 108 0
1 513 0 2 25 83 5652 16556 14 1 140 0.4 34 105 0
1 513 0 2 25 83 5652 16556 12 1 140 0.18 25 110 0
1 513 0 2 25 83 5652 16556 11 1 140 0.19 27 109 0
1 513 0 2 25 83 5652 16556 9 2 140 0.14 24 106 0
1 513 0 2 25 83 5656 16602 13 1 140 0.29 29 114 0
1 513 0 2 25 83 5656 16602 16 2 140 0.37 33 116 0
1 513 0 2 25 83 5656 16602 6 2 140 0.21 25 120 0
1 513 0 2 25 83 5656 16602 9 2 140 0.25 27 118 0
1 513 0 2 25 83 5656 16602 7 2 140 0.16 24 119 0
1 513 0 2 25 83 5656 16602 7 2 140 0.27 27 117 0
1 513 0 2 25 83 5656 16602 8 2 140 0.21 26 115 0
1 513 0 2 25 83 5656 16602 9 2 140 0.23 27 113 0
1 513 0 2 25 83 5656 16602 13 2 140 0.4 31 112 0
1 513 0 2 25 83 5656 16602 8 2 140 0.25 27 111 0
1 513 0 2 26 83 5655 16558 8 1 140 0.1 24 123 0
1 513 0 2 26 83 5655 16558 7 1 140 0.17 25 125 0
1 513 0 2 26 83 5655 16558 10 1 140 0.2 25 130 0
1 513 0 2 26 83 5655 16558 10 2 140 0.18 25 127 0
1 513 0 2 26 83 5655 16558 8 2 140 0.09 21 128 0
1 513 0 2 26 83 5655 16558 9 1 140 0.16 24 129 0
1 513 0 2 26 83 5655 16558 7 1 140 0.1 25 126 0
1 513 0 2 26 83 5655 16558 7 2 140 0.14 23 124 0
1 513 0 2 26 83 5655 16558 12 2 140 0.37 31 122 0
1 513 0 2 26 83 5655 16558 7 1 140 0.22 24 121 0
1 513 0 2 27 83 5655 16612 7 2 140 0.12 23 135 0
1 513 0 2 27 83 5655 16612 16 2 140 0.53 35 137 0
1 513 0 2 27 83 5655 16612 12 1 140 0.35 33 138 0
1 513 0 2 27 83 5655 16612 15 1 140 0.36 31 136 0
1 513 0 2 27 83 5655 16612 7 1 140 0.16 24 133 0
1 513 0 2 27 83 5655 16612 15 2 140 0.45 34 132 0
1 509 0 2 28 83 5654 16451 13 2 140 0.45 34 145 0
1 509 0 2 28 83 5654 16451 11 2 140 0.11 23 146 0
1 509 0 2 28 83 5654 16451 14 1 140 0.37 33 144 0
1 509 0 2 28 83 5654 16451 13 2 140 0.22 27 141 0
1 509 0 2 28 83 5654 16451 9 1 140 0.12 23 139 0
1 509 0 2 28 83 5654 16451 16 1 140 0.38 32 143 0
1 509 0 2 28 83 5654 16451 6 2 140 0.09 21 142 0
1 509 0 2 28 83 5654 16451 8 2 140 0.15 24 140 0
1 513 0 3 1 83 5648 16503 16 1 140 0.34 31 154 0
1 513 0 3 1 83 5648 16503 15 1 140 0.41 33 156 0
1 513 0 3 1 83 5648 16503 13 1 140 0.36 32 155 0
1 513 0 3 1 83 5648 16503 15 2 140 0.58 37 153 0
1 513 0 3 1 83 5648 16503 14 1 140 0.43 34 151 0
1 509 0 3 1 83 5646 16457 15 1 140 0.33 32 158 0
1 509 0 3 1 83 5646 16457 15 1 140 0.39 34 157 0
1 513 0 3 2 83 5647 16500 22 1 140 0.59 37 160 0
1 513 0 3 2 83 5647 16500 16 1 140 0.38 32 159 0
1 513 0 3 3 83 5652 16510 6 1 140 0.07 20 162 0
1 513 0 3 3 83 5652 16510 16 2 140 0.66 37 161 0
1 513 0 3 4 83 5650 16513 9 2 140 0.1 21 165 0
1 513 0 3 4 83 5650 16513 10 1 140 0.34 32 164 0
1 513 0 3 4 83 5650 16513 6 1 140 0.09 20 166 0
1 513 0 3 4 83 5650 16513 14 2 140 0.51 36 163 0
1 513 0 3 5 83 5654 16502 6 1 140 0.11 21 167 0
1 513 0 3 5 83 5656 16505 6 1 140 0.06 17 169 0
1 513 0 3 5 83 5656 16505 15 1 140 0.45 34 168 0
1 509 0 3 6 83 5658 16454 14 2 140 0.45 36 171 0
1 509 0 3 6 83 5658 16454 7 2 140 0.08 20 172 0
1 509 0 3 6 83 5658 16454 8 2 140 0.05 20 174 0
1 509 0 3 6 83 5658 16454 6 1 140 0.09 20 173 0
1 509 0 3 6 83 5658 16454 14 2 140 0.54 37 170 0
