1 516 77 2 10 89 5616 16230 11 2 140 0.3 31 70 0
1 516 77 2 10 89 5616 16230 20 2 140 0.3 31 68 0
1 516 77 2 10 89 5616 16230 20 2 140 0.25 30 67 0
1 516 77 2 10 89 5616 16230 10 1 140 0.25 29 54 0
1 516 77 2 10 89 5616 16230 18 2 140 0.35 33 66 0
1 516 77 2 10 89 5616 16230 13 2 140 0.3 31 64 0
1 516 77 2 10 89 5616 16230 8 2 140 0.15 24 63 0
1 516 77 2 10 89 5616 16230 10 2 140 0.3 30 62 0
1 516 77 2 10 89 5616 16230 19 1 140 0.25 29 60 0
1 516 77 2 10 89 5616 16230 18 1 140 0.3 32 59 0
1 516 77 2 10 89 5616 16230 9 1 140 0.15 25 58 0
1 516 77 2 10 89 5616 16230 16 1 140 0.3 32 56 0
1 516 77 2 10 89 5616 16230 13 1 140 0.25 28 57 0
1 516 77 2 10 89 5616 16230 19 2 140 0.4 35 61 0
1 516 77 2 10 89 5616 16230 15 2 140 0.35 32 65 0
1 516 77 2 10 89 5616 16230 19 2 140 0.3 31 69 0
1 516 77 2 10 89 5616 16230 12 1 140 0.2 28 55 0
1 516 77 2 10 89 5616 16230 13 1 140 0.25 31 53 0
1 516 77 2 10 89 5616 16230 19 1 140 0.35 31 52 0
1 516 77 2 10 89 5616 16230 10 1 140 0.2 27 51 0
1 513 68 10 22 89 5743 16739 8 1 140 0.1 22 166 0
1 513 68 10 22 89 5743 16739 9 2 140 0.29 28 165 0
1 513 68 10 22 89 5743 16739 6 2 140 0.12 22 164 0
1 516 82 2 22 89 5608 16252 23 1 140 0.51 36 136 0
1 516 82 2 22 89 5608 16252 19 1 140 0.41 34 135 0
1 516 77 2 19 89 5619 16246 6 1 140 0.13 23 120 0
1 516 77 2 19 89 5619 16246 7 1 140 0.11 22 119 0
1 513 64 9 13 89 5749 16702 15 2 140 0.42 32 20 0
1 513 64 9 13 89 5749 16702 12 1 140 0.25 28 4 0
1 513 64 9 13 89 5749 16702 14 1 140 0.35 31 8 0
1 513 64 9 13 89 5749 16702 20 2 140 0.46 34 12 0
1 513 64 9 13 89 5749 16702 15 2 140 0.42 33 16 0
1 513 64 9 13 89 5749 16702 9 2 140 0.25 27 19 0
1 513 64 9 13 89 5749 16702 12 2 140 0.4 30 18 0
1 513 64 9 13 89 5749 16702 16 2 140 0.45 32 17 0
1 513 64 9 13 89 5749 16702 31 2 140 1.03 43 15 0
1 513 64 9 13 89 5749 16702 11 2 140 0.35 30 14 0
1 513 64 9 13 89 5749 16702 8 2 140 0.1 21 13 0
1 513 64 9 13 89 5749 16702 15 2 140 0.4 31 11 0
1 513 64 9 13 89 5749 16702 16 1 140 0.33 30 10 0
1 513 64 9 13 89 5749 16702 10 1 140 0.26 27 9 0
1 513 64 9 13 89 5749 16702 20 1 140 0.4 33 7 0
1 513 64 9 13 89 5749 16702 12 1 140 0.23 27 6 0
1 513 64 9 13 89 5749 16702 10 1 140 0.28 29 5 0
1 513 64 9 13 89 5749 16702 18 1 140 0.36 31 3 0
1 513 64 9 13 89 5749 16702 18 1 140 0.39 30 2 0
1 513 64 9 13 89 5749 16702 13 1 140 0.37 29 1 0
1 534 64 9 16 89 5824 16858 8 1 140 0.19 25 26 0
1 534 64 9 16 89 5824 16858 9 1 140 0.17 23 25 0
1 534 64 9 16 89 5824 16858 14 2 140 0.57 38 23 0
1 534 64 9 16 89 5824 16858 17 1 140 0.45 35 24 0
1 534 64 9 16 89 5824 16858 14 2 140 0.57 39 22 0
1 534 64 9 16 89 5824 16858 17 2 140 0.56 37 21 0
1 534 64 9 16 89 5840 16918 12 2 140 0.56 37 32 0
1 534 64 9 16 89 5840 16918 9 1 140 0.22 27 31 0
1 534 64 9 16 89 5840 16918 18 2 140 0.53 35 30 0
1 534 64 9 16 89 5840 16918 11 1 140 0.2 26 29 0
1 534 64 9 16 89 5840 16918 8 1 140 0.18 25 27 0
1 534 64 9 16 89 5840 16918 14 2 140 0.54 36 28 0
1 516 79 2 21 89 5609 16230 16 1 140 0.38 33 20 0
1 516 79 2 21 89 5609 16230 14 2 140 0.35 31 19 0
1 516 79 2 21 89 5609 16230 14 2 140 0.28 30 18 0
1 516 79 2 21 89 5609 16230 16 1 140 0.34 31 16 0
1 516 79 2 21 89 5609 16230 23 2 140 0.9 45 15 0
1 516 79 2 21 89 5609 16230 15 2 140 0.35 32 13 0
1 516 79 2 21 89 5609 16230 10 2 140 0.25 29 12 0
1 516 79 2 21 89 5609 16230 15 2 140 0.34 31 14 0
1 516 79 2 21 89 5609 16230 20 2 140 0.35 33 17 0
1 516 79 2 21 89 5609 16230 10 2 140 0.23 29 11 0
1 516 79 2 21 89 5609 16230 18 1 140 0.3 31 9 0
1 516 79 2 21 89 5609 16230 19 1 140 0.28 30 8 0
1 516 79 2 21 89 5609 16230 15 2 140 0.45 35 7 0
1 516 79 2 21 89 5609 16230 13 1 140 0.27 30 6 0
1 516 79 2 21 89 5609 16230 13 2 140 0.3 33 5 0
1 516 79 2 21 89 5609 16230 8 2 140 0.15 28 4 0
1 516 79 2 21 89 5609 16230 15 2 140 0.35 31 10 0
1 516 79 2 21 89 5609 16230 10 2 140 0.25 28 3 0
1 516 79 2 21 89 5609 16230 13 2 140 0.4 32 2 0
1 516 79 2 21 89 5609 16230 17 2 140 0.4 34 1 0
1 516 77 2 7 89 5614 16226 10 1 140 0.2 27 75 0
1 516 77 2 7 89 5614 16226 10 1 140 0.11 23 76 0
1 516 77 2 7 89 5614 16226 16 1 140 0.47 34 77 0
1 516 77 2 7 89 5614 16226 15 1 140 0.31 29 78 0
1 516 77 2 7 89 5614 16226 16 1 140 0.36 31 79 0
1 516 77 2 7 89 5614 16226 14 1 140 0.26 28 80 0
1 516 77 2 7 89 5614 16226 10 2 140 0.18 26 66 0
1 516 77 2 7 89 5614 16226 10 2 140 0.26 28 67 0
1 516 77 2 7 89 5614 16226 16 2 140 0.47 36 69 0
1 516 77 2 7 89 5614 16226 12 2 140 0.3 31 70 0
1 516 77 2 7 89 5614 16226 20 1 140 0.42 35 71 0
1 516 77 2 7 89 5614 16226 16 1 140 0.44 35 72 0
1 516 77 2 7 89 5614 16226 9 1 140 0.17 25 73 0
1 516 77 2 7 89 5614 16226 9 1 140 0.19 25 74 0
1 516 77 2 7 89 5614 16226 12 2 140 0.4 31 64 0
1 516 77 2 7 89 5614 16226 19 2 140 0.42 33 68 0
1 516 77 2 7 89 5614 16226 17 2 140 0.43 33 62 0
1 516 77 2 7 89 5614 16226 11 2 140 0.3 30 63 0
1 516 77 2 7 89 5614 16226 17 2 140 0.35 33 61 0
1 516 0 2 9 89 5619 16230 15 1 140 0.39 35 126 0
1 516 0 2 9 89 5619 16230 8 1 140 0.15 25 128 0
1 516 0 2 9 89 5619 16230 7 1 140 0.14 25 121 0
1 516 0 2 9 89 5619 16230 9 1 140 0.1 23 125 0
1 516 0 2 9 89 5619 16230 12 1 140 0.29 30 130 0
1 516 0 2 9 89 5619 16230 6 2 140 0.07 20 134 0
1 516 0 2 9 89 5619 16230 10 2 140 0.24 28 135 0
1 516 0 2 9 89 5619 16230 7 2 140 0.09 22 136 0
1 516 0 2 9 89 5619 16230 8 2 140 0.16 26 137 0
1 516 0 2 9 89 5619 16230 17 2 140 0.51 36 138 0
1 516 0 2 9 89 5619 16230 19 2 140 0.52 36 139 0
1 516 0 2 9 89 5619 16230 10 2 140 0.12 23 140 0
1 516 0 2 9 89 5619 16230 17 2 140 0.27 28 132 0
1 516 0 2 9 89 5619 16230 8 2 140 0.12 25 133 0
1 516 0 2 9 89 5619 16230 8 2 140 0.11 23 131 0
1 516 0 2 9 89 5619 16230 8 1 140 0.1 21 129 0
1 516 0 2 9 89 5619 16230 15 1 140 0.45 35 127 0
1 516 0 2 9 89 5619 16230 8 1 140 0.09 21 124 0
1 516 0 2 9 89 5619 16230 9 1 140 0.12 23 123 0
1 516 0 2 9 89 5619 16230 20 1 140 0.37 34 122 0
1 516 0 2 19 89 5619 16224 9 1 140 0.14 25 130 0
1 516 0 2 19 89 5619 16224 18 2 140 0.51 37 113 0
1 516 0 2 19 89 5619 16224 21 2 140 0.71 39 116 0
1 516 0 2 19 89 5619 16224 17 2 140 0.48 34 120 0
1 516 0 2 19 89 5619 16224 15 1 140 0.44 34 124 0
1 516 0 2 19 89 5619 16224 8 1 140 0.12 23 128 0
1 516 0 2 19 89 5619 16224 12 1 140 0.16 26 131 0
1 516 0 2 19 89 5619 16224 8 1 140 0.14 24 129 0
1 516 0 2 19 89 5619 16224 8 1 140 0.13 23 127 0
1 516 0 2 19 89 5619 16224 19 1 140 0.44 34 126 0
1 516 0 2 19 89 5619 16224 9 1 140 0.12 24 125 0
1 516 0 2 19 89 5619 16224 8 1 140 0.13 24 123 0
1 516 0 2 19 89 5619 16224 16 2 140 0.4 32 122 0
1 516 0 2 19 89 5619 16224 16 2 140 0.32 31 121 0
1 516 0 2 19 89 5619 16224 8 2 140 0.16 24 119 0
1 516 0 2 19 89 5619 16224 6 2 140 0.09 21 118 0
1 516 0 2 19 89 5619 16224 9 2 140 0.18 25 117 0
1 516 0 2 19 89 5619 16224 9 2 140 0.18 27 115 0
1 516 0 2 19 89 5619 16224 8 2 140 0.08 21 114 0
1 516 0 2 25 89 5618 16255 22 2 140 -9 37 151 0
1 516 0 2 25 89 5618 16255 18 2 140 -9 38 149 0
1 516 0 2 25 89 5618 16255 9 2 140 -9 25 150 0
1 516 0 2 25 89 5618 16255 8 1 140 -9 20 148 0
1 516 0 2 25 89 5618 16255 10 1 140 -9 24 146 0
1 516 0 2 25 89 5618 16255 8 1 140 -9 23 145 0
1 516 0 2 25 89 5618 16255 9 1 140 -9 27 147 0
1 516 0 2 25 89 5618 16255 8 1 140 -9 25 144 0
1 516 70 2 5 89 5602 16228 9 1 140 0.1 22 29 0
1 516 70 2 5 89 5602 16228 16 1 140 0.3 29 27 0
1 516 70 2 5 89 5602 16228 19 1 140 0.3 30 23 0
1 516 70 2 5 89 5602 16228 9 1 140 0.17 26 22 0
1 516 70 2 5 89 5602 16228 22 2 140 0.52 35 33 0
1 516 70 2 5 89 5602 16228 16 2 140 0.27 29 34 0
1 516 70 2 5 89 5602 16228 11 2 140 0.37 32 35 0
1 516 70 2 5 89 5602 16228 16 2 140 0.51 34 36 0
1 516 70 2 5 89 5602 16228 22 1 140 0.41 32 21 0
1 516 70 2 5 89 5602 16228 15 1 140 0.38 34 24 0
1 516 70 2 5 89 5602 16228 21 1 140 0.35 32 28 0
1 516 70 2 5 89 5602 16228 9 2 140 0.31 31 31 0
1 516 70 2 5 89 5602 16228 16 2 140 0.31 31 32 0
1 516 70 2 5 89 5602 16228 15 1 140 0.38 33 30 0
1 516 70 2 5 89 5602 16228 26 1 140 0.3 30 25 0
1 516 70 2 5 89 5602 16228 22 1 140 0.31 32 26 0
1 516 75 2 13 89 5614 16232 6 1 140 0.11 22 152 0
1 516 75 2 13 89 5614 16232 19 1 140 0.57 37 154 0
1 516 75 2 13 89 5614 16232 7 2 140 0.13 23 162 0
1 516 75 2 13 89 5614 16232 6 2 140 0.11 22 163 0
1 516 75 2 13 89 5614 16232 9 2 140 0.1 22 149 0
1 516 75 2 13 89 5614 16232 15 2 140 0.59 37 150 0
1 516 75 2 13 89 5614 16232 8 2 140 0.13 23 148 0
1 516 75 2 13 89 5614 16232 7 2 140 0.11 22 147 0
1 516 75 2 13 89 5614 16232 6 2 140 0.1 22 146 0
1 516 75 2 13 89 5614 16232 9 2 140 0.19 27 145 0
1 516 0 2 6 89 5610 16229 16 1 140 0.37 33 62 0
1 516 0 2 6 89 5610 16229 9 1 140 0.09 22 64 0
1 516 0 2 6 89 5610 16229 19 1 140 0.21 29 68 0
1 516 0 2 6 89 5610 16229 8 2 140 0.15 24 72 0
1 516 0 2 6 89 5610 16229 10 2 140 0.2 26 75 0
1 516 0 2 6 89 5610 16229 8 2 140 0.25 29 79 0
1 516 0 2 6 89 5610 16229 13 1 140 0.27 30 65 0
1 516 0 2 6 89 5610 16229 9 1 140 0.24 29 67 0
1 516 0 2 6 89 5610 16229 18 2 140 0.22 29 73 0
1 516 0 2 6 89 5610 16229 17 2 140 0.33 32 74 0
1 516 0 2 6 89 5610 16229 22 2 140 0.22 29 76 0
1 516 0 2 6 89 5610 16229 8 2 140 0.14 25 77 0
1 516 0 2 6 89 5610 16229 21 2 140 0.28 30 78 0
1 516 0 2 6 89 5610 16229 20 2 140 0.35 30 80 0
1 516 0 2 6 89 5610 16229 9 2 140 0.14 24 70 0
1 516 0 2 6 89 5610 16229 9 2 140 0.12 24 71 0
1 516 0 2 6 89 5610 16229 13 2 140 0.5 36 69 0
1 516 0 2 6 89 5610 16229 8 1 140 0.11 23 66 0
1 516 0 2 6 89 5610 16229 8 1 140 0.13 24 63 0
1 516 0 2 6 89 5610 16229 14 1 140 0.21 28 61 0
1 534 66 9 23 89 5804 16854 9 2 140 0.22 26 70 0
1 534 66 9 23 89 5804 16854 12 2 140 0.48 32 69 0
1 534 66 9 23 89 5804 16854 16 2 140 0.5 36 67 0
1 534 66 9 23 89 5804 16854 15 2 140 0.5 36 66 0
1 534 66 9 23 89 5804 16854 8 2 140 0.16 23 56 0
1 534 66 9 23 89 5804 16854 8 2 140 0.18 24 60 0
1 534 66 9 23 89 5804 16854 8 1 140 0.19 25 64 0
1 534 66 9 23 89 5804 16854 16 2 140 0.45 35 68 0
1 534 66 9 23 89 5804 16854 8 2 140 0.16 23 65 0
1 534 66 9 23 89 5804 16854 8 1 140 0.19 25 63 0
1 534 66 9 23 89 5804 16854 8 2 140 0.19 24 62 0
1 534 66 9 23 89 5804 16854 6 2 140 0.14 23 61 0
1 534 66 9 23 89 5804 16854 8 1 140 0.19 26 59 0
1 534 66 9 23 89 5804 16854 10 2 140 0.19 26 58 0
1 534 66 9 23 89 5804 16854 9 2 140 0.13 22 57 0
1 534 66 9 23 89 5804 16854 8 1 140 0.16 24 53 0
1 534 66 9 23 89 5804 16854 8 1 140 0.17 24 55 0
1 534 66 9 23 89 5804 16854 10 2 140 0.14 24 54 0
1 534 66 9 23 89 5804 16854 10 2 140 0.11 22 52 0
1 534 70 9 21 89 5811 16833 16 2 140 0.6 35 36 0
1 534 70 9 21 89 5811 16833 22 2 140 0.55 34 35 0
1 534 70 9 21 89 5811 16833 15 2 140 0.75 39 34 0
1 534 71 9 22 89 5814 16840 16 1 140 0.5 35 51 0
1 534 71 9 22 89 5814 16840 19 2 140 0.57 37 50 0
1 534 71 9 22 89 5814 16840 8 2 140 0.2 26 48 0
1 534 71 9 22 89 5814 16840 8 1 140 0.19 26 47 0
1 534 71 9 22 89 5814 16840 19 1 140 0.42 34 46 0
1 534 71 9 22 89 5814 16840 23 2 140 0.8 39 44 0
1 534 71 9 22 89 5814 16840 8 1 140 0.13 22 43 0
1 534 71 9 22 89 5814 16840 9 1 140 0.15 23 42 0
1 534 71 9 22 89 5814 16840 8 2 140 0.19 25 41 0
1 534 71 9 22 89 5814 16840 8 1 140 0.19 26 40 0
1 534 71 9 22 89 5814 16840 8 2 140 0.14 23 39 0
1 534 71 9 22 89 5814 16840 8 1 140 0.14 23 38 0
1 534 71 9 22 89 5814 16840 8 2 140 0.18 25 45 0
1 534 71 9 22 89 5814 16840 9 2 140 0.14 24 49 0
1 534 71 9 22 89 5814 16840 8 1 140 0.15 24 37 0
1 534 68 9 24 89 5803 16840 8 2 140 0.12 22 77 0
1 534 68 9 24 89 5803 16840 9 2 140 0.19 25 76 0
1 534 68 9 24 89 5803 16840 8 1 140 0.18 26 75 0
1 534 68 9 24 89 5803 16840 8 1 140 0.16 24 74 0
1 534 68 9 24 89 5803 16840 8 1 140 0.12 22 73 0
1 534 68 9 24 89 5803 16840 9 2 140 0.18 25 72 0
1 534 68 9 24 89 5803 16840 8 1 140 0.18 24 71 0
1 534 66 9 24 89 5811 16821 13 2 140 0.6 38 79 0
1 534 66 9 24 89 5811 16821 23 1 140 0.56 36 78 0
1 513 66 9 25 89 5752 16731 24 2 140 0.58 35 82 0
1 513 66 9 25 89 5752 16731 21 2 140 0.55 36 81 0
1 513 66 9 25 89 5752 16731 9 1 140 0.16 23 80 0
1 513 66 9 25 89 5746 16730 8 1 140 0.12 22 88 0
1 513 66 9 25 89 5746 16730 8 1 140 0.2 26 90 0
1 513 66 9 25 89 5746 16730 9 2 140 0.23 27 89 0
1 513 66 9 25 89 5746 16730 8 1 140 0.1 21 87 0
1 513 66 9 25 89 5746 16730 9 2 140 0.16 23 86 0
1 513 66 9 25 89 5746 16730 14 2 140 0.47 35 85 0
1 513 66 9 25 89 5746 16730 13 2 140 0.6 37 84 0
1 513 66 9 25 89 5746 16730 16 2 140 0.52 36 83 0
1 513 66 9 26 89 5743 16727 8 1 140 0.13 22 92 0
1 513 66 9 26 89 5743 16727 21 2 140 0.69 38 94 0
1 513 66 9 26 89 5743 16727 9 2 140 0.21 26 93 0
1 513 66 9 26 89 5743 16727 8 2 140 0.12 21 91 0
1 534 62 9 28 89 5822 16824 19 2 140 0.51 34 104 0
1 534 62 9 28 89 5822 16824 9 2 140 0.1 22 102 0
1 534 62 9 28 89 5822 16824 25 2 140 0.68 38 101 0
1 534 62 9 28 89 5822 16824 22 2 140 0.62 38 96 0
1 534 62 9 28 89 5822 16824 15 2 140 0.46 34 99 0
1 534 62 9 28 89 5822 16824 16 2 140 0.62 37 103 0
1 534 62 9 28 89 5822 16824 20 1 140 0.59 37 100 0
1 534 62 9 28 89 5822 16824 11 1 140 0.27 29 98 0
1 534 62 9 28 89 5822 16824 12 1 140 0.42 32 97 0
1 534 62 9 28 89 5822 16824 9 1 140 0.18 25 95 0
1 534 64 9 29 89 5828 16828 12 2 140 0.45 33 120 0
1 534 64 9 29 89 5828 16828 8 1 140 0.27 28 119 0
1 534 64 9 29 89 5828 16828 15 2 140 0.53 34 118 0
1 534 64 9 29 89 5828 16828 9 1 140 0.29 29 117 0
1 534 64 9 29 89 5828 16828 16 1 140 0.55 35 116 0
1 534 64 9 29 89 5828 16828 9 2 140 0.23 28 115 0
1 534 64 9 29 89 5828 16828 15 1 140 0.34 31 114 0
1 534 64 9 29 89 5828 16828 20 1 140 0.38 32 113 0
1 534 64 9 29 89 5828 16828 21 1 140 0.32 31 112 0
1 534 64 9 29 89 5828 16828 21 2 140 0.39 32 111 0
1 534 64 9 29 89 5828 16828 21 1 140 0.3 30 107 0
1 534 64 9 29 89 5828 16828 13 1 140 0.37 32 110 0
1 534 64 9 29 89 5828 16828 13 2 140 0.51 33 109 0
1 534 64 9 29 89 5828 16828 21 1 140 0.47 34 108 0
1 534 64 9 29 89 5828 16828 8 1 140 0.2 27 106 0
1 534 64 9 29 89 5828 16828 9 2 140 0.16 25 105 0
1 534 64 9 29 89 5815 16808 17 2 140 0.6 39 121 0
1 513 68 9 30 89 5752 16804 9 1 140 0.29 28 126 0
1 513 68 9 30 89 5752 16804 14 1 140 0.32 30 125 0
1 513 68 9 30 89 5752 16804 10 1 140 0.35 30 123 0
1 513 68 9 30 89 5752 16804 21 1 140 0.39 32 122 0
1 513 68 9 30 89 5752 16804 15 1 140 0.4 33 130 0
1 513 68 9 30 89 5752 16804 23 1 140 0.4 32 129 0
1 513 68 9 30 89 5752 16804 8 1 140 0.29 28 127 0
1 513 68 9 30 89 5752 16804 8 1 140 0.14 23 124 0
1 513 68 9 30 89 5752 16804 12 1 140 0.33 31 128 0
1 534 66 10 4 89 5809 16809 8 1 140 0.21 27 134 0
1 534 66 10 4 89 5809 16809 21 1 140 0.44 34 132 0
1 534 66 10 4 89 5809 16809 9 2 140 0.46 33 133 0
1 534 66 10 4 89 5809 16809 13 1 140 0.43 34 131 0
1 534 66 10 5 89 5820 16822 15 1 140 0.43 33 140 0
1 534 66 10 5 89 5820 16822 11 2 140 0.39 32 138 0
1 534 66 10 5 89 5820 16822 21 1 140 0.48 33 137 0
1 534 66 10 5 89 5820 16822 15 2 140 0.45 33 135 0
1 534 66 10 5 89 5820 16822 15 2 140 0.37 31 139 0
1 534 66 10 5 89 5820 16822 12 1 140 0.52 34 136 0
1 513 66 10 16 89 5759 16803 9 1 140 0.32 29 154 0
1 513 66 10 16 89 5759 16803 8 2 140 0.14 24 153 0
1 513 66 10 16 89 5759 16803 8 2 140 0.23 27 152 0
1 513 66 10 16 89 5759 16803 11 2 140 0.37 30 151 0
1 513 66 10 16 89 5759 16803 8 2 140 0.23 27 150 0
1 513 66 10 16 89 5759 16803 10 1 140 0.29 30 149 0
1 513 66 10 16 89 5759 16803 12 2 140 0.36 31 148 0
1 513 66 10 16 89 5759 16803 10 1 140 0.25 28 147 0
1 513 66 10 16 89 5759 16803 8 2 140 0.09 21 143 0
1 513 66 10 16 89 5759 16803 8 2 140 0.33 30 146 0
1 513 66 10 16 89 5759 16803 8 2 140 0.28 29 145 0
1 513 66 10 16 89 5759 16803 9 2 140 0.22 27 144 0
1 513 66 10 16 89 5759 16803 8 1 140 0.11 21 142 0
1 513 66 10 16 89 5759 16803 8 2 140 0.09 20 141 0
1 513 79 10 22 89 5733 16755 8 2 140 0.25 28 162 0
1 513 79 10 22 89 5733 16755 22 1 140 0.52 35 163 0
1 513 79 10 22 89 5733 16755 10 2 140 0.34 31 161 0
1 513 79 10 22 89 5733 16755 9 2 140 0.34 31 160 0
1 513 79 10 22 89 5733 16755 9 2 140 0.37 30 159 0
1 513 79 10 22 89 5733 16755 23 2 140 0.67 39 158 0
1 513 79 10 22 89 5733 16755 9 2 140 0.29 29 157 0
1 513 79 10 22 89 5733 16755 10 2 140 0.3 29 156 0
1 513 79 10 22 89 5733 16755 9 2 140 0.31 29 155 0
1 513 59 10 24 89 5706 16945 9 2 140 0.24 29 173 0
1 513 59 10 24 89 5706 16945 24 2 140 0.81 40 172 0
1 513 59 10 24 89 5706 16945 22 2 140 1.3 42 167 0
1 513 59 10 24 89 5706 16945 8 2 140 0.22 28 171 0
1 513 59 10 24 89 5706 16945 19 2 140 0.66 40 170 0
1 513 59 10 24 89 5706 16945 19 2 140 0.76 40 169 0
1 513 59 10 24 89 5706 16945 22 2 140 0.81 40 168 0
1 513 60 10 25 89 5703 16947 10 2 140 0.24 28 174 0
1 516 79 2 11 89 5617 16236 10 2 140 0.3 30 90 0
1 516 79 2 11 89 5617 16236 18 2 140 0.35 32 88 0
1 516 79 2 11 89 5617 16236 8 2 140 0.2 26 87 0
1 516 79 2 11 89 5617 16236 13 2 140 0.4 32 86 0
1 516 79 2 11 89 5617 16236 13 2 140 0.35 30 85 0
1 516 79 2 11 89 5617 16236 22 2 140 0.55 38 84 0
1 516 79 2 11 89 5617 16236 8 2 140 0.1 23 83 0
1 516 79 2 11 89 5617 16236 15 2 140 0.3 32 89 0
1 516 79 2 11 89 5617 16236 8 2 140 0.2 26 82 0
1 516 79 2 11 89 5617 16236 14 2 140 0.5 35 81 0
1 516 79 2 11 89 5617 16236 18 1 140 0.35 33 80 0
1 516 79 2 11 89 5617 16236 22 1 140 0.4 34 79 0
1 516 79 2 11 89 5617 16236 18 1 140 0.35 33 78 0
1 516 79 2 11 89 5617 16236 8 1 140 0.15 26 77 0
1 516 79 2 11 89 5617 16236 20 1 140 0.3 31 76 0
1 516 79 2 11 89 5617 16236 9 1 140 0.2 27 75 0
1 516 79 2 11 89 5617 16236 18 1 140 0.4 33 74 0
1 516 79 2 11 89 5617 16236 10 1 140 0.2 28 73 0
1 516 79 2 11 89 5617 16236 24 1 140 0.5 35 72 0
1 516 79 2 11 89 5617 16236 8 1 140 0.2 25 71 0
1 516 73 2 13 89 5614 16224 10 2 140 0.3 31 99 0
1 516 73 2 13 89 5614 16224 19 2 140 0.4 34 98 0
1 516 73 2 13 89 5614 16224 24 2 140 0.5 37 96 0
1 516 73 2 13 89 5614 16224 8 1 140 0.15 25 93 0
1 516 73 2 13 89 5614 16224 19 2 140 0.4 35 100 0
1 516 73 2 13 89 5614 16224 7 2 140 0.2 27 97 0
1 516 73 2 13 89 5614 16224 19 1 140 0.2 27 95 0
1 516 73 2 13 89 5614 16224 19 1 140 0.2 26 94 0
1 516 73 2 13 89 5614 16224 12 1 140 0.4 33 92 0
1 516 73 2 13 89 5614 16224 8 1 140 0.2 26 91 0
1 516 79 2 14 89 5609 16244 10 2 140 0.2 26 108 0
1 516 79 2 14 89 5609 16244 15 2 140 0.25 29 110 0
1 516 79 2 14 89 5609 16244 10 2 140 0.2 27 109 0
1 516 79 2 14 89 5609 16244 8 2 140 0.15 25 107 0
1 516 79 2 14 89 5609 16244 10 2 140 0.25 28 106 0
1 516 79 2 14 89 5609 16244 10 1 140 0.2 25 105 0
1 516 79 2 14 89 5609 16244 9 1 140 0.15 26 103 0
1 516 79 2 14 89 5609 16244 6 1 140 0.15 24 102 0
1 516 79 2 14 89 5609 16244 9 1 140 0.15 24 104 0
1 516 79 2 14 89 5609 16244 10 1 140 0.15 24 101 0
1 516 82 2 15 89 5611 16248 9 2 140 0.2 27 119 0
1 516 82 2 15 89 5611 16248 22 2 140 0.45 36 118 0
1 516 82 2 15 89 5611 16248 9 2 140 0.15 24 117 0
1 516 82 2 15 89 5611 16248 9 2 140 0.15 25 116 0
1 516 82 2 15 89 5611 16248 8 1 140 0.1 23 115 0
1 516 82 2 15 89 5611 16248 8 1 140 0.15 25 114 0
1 516 82 2 15 89 5611 16248 10 1 140 0.15 25 113 0
1 516 82 2 15 89 5611 16248 8 1 140 0.15 24 112 0
1 516 82 2 15 89 5611 16248 9 1 140 0.15 25 111 0
1 516 82 2 15 89 5611 16248 12 2 140 0.55 37 120 0
1 509 84 2 16 89 5610 16308 14 1 140 0.45 34 130 0
1 509 84 2 16 89 5610 16308 12 1 140 0.45 34 128 0
1 509 84 2 16 89 5610 16308 20 1 140 0.5 36 129 0
1 509 84 2 16 89 5610 16308 16 1 140 0.45 34 127 0
1 509 84 2 16 89 5610 16308 21 2 140 0.25 29 125 0
1 509 84 2 16 89 5610 16308 23 1 140 0.4 34 126 0
1 509 84 2 16 89 5610 16308 19 2 140 0.35 29 124 0
1 509 84 2 16 89 5610 16308 15 2 140 0.65 38 123 0
1 509 84 2 16 89 5610 16308 11 2 140 0.55 36 122 0
1 509 84 2 16 89 5610 16308 14 2 140 0.65 37 121 0
1 516 82 2 17 89 5613 16236 9 1 140 0.1 22 142 0
1 516 82 2 17 89 5613 16236 9 2 140 0.1 22 140 0
1 516 82 2 17 89 5613 16236 8 2 140 0.15 25 139 0
1 516 82 2 17 89 5613 16236 8 2 140 0.15 23 138 0
1 516 82 2 17 89 5613 16236 17 2 140 0.5 36 133 0
1 516 82 2 17 89 5613 16236 8 2 140 0.2 27 137 0
1 516 82 2 17 89 5613 16236 17 1 140 0.5 35 141 0
1 516 82 2 17 89 5613 16236 10 2 140 0.15 24 136 0
1 516 82 2 17 89 5613 16236 8 2 140 0.2 27 135 0
1 516 82 2 17 89 5613 16236 11 2 140 0.25 28 134 0
1 516 82 2 17 89 5613 16236 21 2 140 0.5 36 132 0
1 516 82 2 17 89 5613 16236 16 2 140 0.5 36 131 0
1 516 73 2 18 89 5611 16231 8 2 140 0.15 24 144 0
1 516 73 2 18 89 5611 16231 10 2 140 0.2 25 145 0
1 516 73 2 18 89 5611 16231 8 1 140 0.15 23 143 0
1 516 80 2 19 89 5613 16241 8 2 140 0.1 22 150 0
1 516 80 2 19 89 5613 16241 10 2 140 0.2 25 149 0
1 516 80 2 19 89 5613 16241 8 2 140 0.25 28 148 0
1 516 80 2 19 89 5613 16241 9 2 140 0.2 28 147 0
1 516 80 2 19 89 5613 16241 9 2 140 0.25 28 146 0
1 516 79 2 11 89 5619 16230 14 2 140 0.36 32 19 0
1 516 79 2 11 89 5619 16230 11 2 140 0.35 31 18 0
1 516 79 2 11 89 5619 16230 13 1 140 0.23 28 9 0
1 516 79 2 11 89 5619 16230 15 2 140 0.25 31 12 0
1 516 79 2 11 89 5619 16230 20 2 140 0.35 32 16 0
1 516 79 2 11 89 5619 16230 10 2 140 0.23 29 20 0
1 516 79 2 11 89 5619 16230 21 2 140 0.45 35 17 0
1 516 79 2 11 89 5619 16230 11 2 140 0.2 27 15 0
1 516 79 2 11 89 5619 16230 11 2 140 0.19 27 14 0
1 516 79 2 11 89 5619 16230 16 2 140 0.39 32 13 0
1 516 79 2 11 89 5619 16230 16 2 140 0.36 32 11 0
1 516 79 2 11 89 5619 16230 15 1 140 0.38 32 10 0
1 516 79 2 11 89 5619 16230 21 1 140 0.3 30 8 0
1 516 79 2 11 89 5619 16230 15 1 140 0.31 31 7 0
1 516 79 2 11 89 5619 16230 16 1 140 0.25 29 6 0
1 516 79 2 11 89 5619 16230 8 1 140 0.19 27 5 0
1 516 79 2 11 89 5619 16230 15 1 140 0.35 32 4 0
1 516 79 2 11 89 5619 16230 10 1 140 0.17 26 3 0
1 516 79 2 11 89 5619 16230 14 1 140 0.35 31 2 0
1 516 79 2 11 89 5619 16230 22 1 140 0.33 32 1 0
1 516 79 2 12 89 5618 16220 8 1 140 0.13 24 40 0
1 516 79 2 12 89 5618 16220 23 1 140 0.33 31 39 0
1 516 79 2 12 89 5618 16220 16 1 140 0.21 28 38 0
1 516 79 2 12 89 5618 16220 8 1 140 0.13 24 37 0
1 516 79 2 12 89 5618 16220 17 1 140 0.25 29 36 0
1 516 79 2 12 89 5618 16220 16 2 140 0.49 35 24 0
1 516 79 2 12 89 5618 16220 15 2 140 0.41 34 27 0
1 516 79 2 12 89 5618 16220 24 1 140 0.42 33 35 0
1 516 79 2 12 89 5618 16220 19 1 140 0.25 30 34 0
1 516 79 2 12 89 5618 16220 19 1 140 0.32 32 33 0
1 516 79 2 12 89 5618 16220 22 1 140 0.2 27 32 0
1 516 79 2 12 89 5618 16220 18 1 140 0.41 32 31 0
1 516 79 2 12 89 5618 16220 7 2 140 0.14 23 30 0
1 516 79 2 12 89 5618 16220 18 2 140 0.35 33 29 0
1 516 79 2 12 89 5618 16220 9 2 140 0.13 24 28 0
1 516 79 2 12 89 5618 16220 9 2 140 0.12 23 26 0
1 516 79 2 12 89 5618 16220 14 2 140 0.4 34 25 0
1 516 79 2 12 89 5618 16220 12 2 140 0.34 32 23 0
1 516 79 2 12 89 5618 16220 19 2 140 0.34 31 22 0
1 516 79 2 12 89 5618 16220 11 2 140 0.25 28 21 0
1 516 80 2 15 89 5611 16253 19 1 140 0.34 30 59 0
1 516 80 2 15 89 5611 16253 17 1 140 0.33 30 58 0
1 516 80 2 15 89 5611 16253 18 1 140 0.28 29 57 0
1 516 80 2 15 89 5611 16253 18 1 140 0.33 30 55 0
1 516 80 2 15 89 5611 16253 14 1 140 0.25 27 54 0
1 516 80 2 15 89 5611 16253 17 2 140 0.36 31 45 0
1 516 80 2 15 89 5611 16253 20 2 140 0.4 33 49 0
1 516 80 2 15 89 5611 16253 17 1 140 0.29 29 53 0
1 516 80 2 15 89 5611 16253 18 1 140 0.37 33 56 0
1 516 80 2 15 89 5611 16253 18 1 140 0.25 29 60 0
1 516 80 2 15 89 5611 16253 16 1 140 0.35 31 52 0
1 516 80 2 15 89 5611 16253 20 1 140 0.34 31 51 0
1 516 80 2 15 89 5611 16253 9 2 140 0.24 29 50 0
1 516 80 2 15 89 5611 16253 20 2 140 0.4 33 48 0
1 516 80 2 15 89 5611 16253 18 2 140 0.37 33 46 0
1 516 80 2 15 89 5611 16253 16 2 140 0.46 35 44 0
1 516 80 2 15 89 5611 16253 14 2 140 0.43 34 43 0
1 516 80 2 15 89 5611 16253 18 2 140 0.52 37 42 0
1 516 80 2 15 89 5611 16253 15 2 140 0.41 31 41 0
1 516 80 2 16 89 5611 16257 17 2 140 0.54 37 80 0
1 516 80 2 16 89 5611 16257 20 2 140 0.3 29 79 0
1 516 80 2 16 89 5611 16257 13 2 140 0.49 34 78 0
1 516 80 2 16 89 5611 16257 9 2 140 0.21 28 77 0
1 516 80 2 16 89 5611 16257 22 2 140 0.5 36 76 0
1 516 80 2 16 89 5611 16257 15 2 140 0.64 36 75 0
1 516 80 2 16 89 5611 16257 12 2 140 0.33 30 74 0
1 516 80 2 16 89 5611 16257 9 2 140 0.16 25 73 0
1 516 80 2 16 89 5611 16257 12 2 140 0.21 28 72 0
1 516 80 2 16 89 5611 16257 19 2 140 0.38 33 71 0
1 516 80 2 16 89 5611 16257 9 1 140 0.18 26 70 0
1 516 80 2 16 89 5611 16257 8 1 140 0.14 24 69 0
1 516 80 2 16 89 5611 16257 16 1 140 0.47 34 67 0
1 516 80 2 16 89 5611 16257 10 1 140 0.26 28 66 0
1 516 80 2 16 89 5611 16257 16 1 140 0.28 28 65 0
1 516 80 2 16 89 5611 16257 9 1 140 0.18 24 63 0
1 516 80 2 16 89 5611 16257 13 1 140 0.23 28 64 0
1 516 80 2 16 89 5611 16257 19 1 140 0.37 33 68 0
1 516 80 2 16 89 5611 16257 11 1 140 0.22 27 62 0
1 516 80 2 16 89 5611 16257 10 1 140 0.21 27 61 0
1 516 80 2 17 89 5613 16250 20 1 140 0.4 33 92 0
1 516 80 2 17 89 5613 16250 10 1 140 0.17 26 96 0
1 516 80 2 17 89 5613 16250 22 1 140 0.39 34 97 0
1 516 80 2 17 89 5613 16250 11 1 140 0.18 25 95 0
1 516 80 2 17 89 5613 16250 24 1 140 0.45 33 94 0
1 516 80 2 17 89 5613 16250 8 1 140 0.13 23 93 0
1 516 80 2 17 89 5613 16250 8 1 140 0.18 25 91 0
1 516 80 2 17 89 5613 16250 9 2 140 0.18 26 90 0
1 516 80 2 17 89 5613 16250 11 2 140 0.31 30 89 0
1 516 80 2 17 89 5613 16250 9 2 140 0.38 28 88 0
1 516 80 2 17 89 5613 16250 22 2 140 0.55 36 87 0
1 516 80 2 17 89 5613 16250 20 2 140 0.56 35 86 0
1 516 80 2 17 89 5613 16250 10 2 140 0.26 28 85 0
1 516 80 2 17 89 5613 16250 14 2 140 0.42 34 84 0
1 516 80 2 17 89 5613 16250 8 2 140 0.13 23 83 0
1 516 80 2 17 89 5613 16250 22 2 140 0.65 35 82 0
1 516 80 2 17 89 5613 16250 8 2 140 0.15 25 81 0
1 516 77 2 17 89 5614 16247 7 1 140 0.13 23 99 0
1 516 77 2 17 89 5614 16247 8 1 140 0.17 25 100 0
1 516 77 2 17 89 5614 16247 10 1 140 0.2 26 98 0
1 516 77 2 19 89 5616 16230 9 2 140 0.15 25 118 0
1 516 77 2 19 89 5616 16230 11 2 140 0.25 30 117 0
1 516 77 2 19 89 5616 16230 8 2 140 0.12 23 116 0
1 516 77 2 19 89 5616 16230 20 2 140 0.3 30 115 0
1 516 77 2 19 89 5616 16230 13 2 140 0.3 29 114 0
1 516 77 2 19 89 5616 16230 9 2 140 0.27 30 113 0
1 516 77 2 19 89 5616 16230 6 2 140 0.13 24 112 0
1 516 77 2 19 89 5616 16230 9 2 140 0.12 23 111 0
1 516 77 2 19 89 5616 16230 7 2 140 0.14 24 110 0
1 516 77 2 19 89 5616 16230 9 2 140 0.29 29 109 0
1 516 77 2 19 89 5616 16230 8 1 140 0.21 26 103 0
1 516 77 2 19 89 5616 16230 9 1 140 0.15 25 107 0
1 516 77 2 19 89 5616 16230 8 1 140 0.08 21 108 0
1 516 77 2 19 89 5616 16230 8 1 140 0.11 23 106 0
1 516 77 2 19 89 5616 16230 10 1 140 0.14 25 105 0
1 516 77 2 19 89 5616 16230 8 1 140 0.15 24 104 0
1 516 77 2 19 89 5616 16230 6 1 140 0.1 22 102 0
1 516 77 2 19 89 5616 16230 9 1 140 0.11 22 101 0
1 516 82 2 20 89 5610 16256 7 2 140 0.2 26 127 0
1 516 82 2 20 89 5610 16256 9 2 140 0.14 24 126 0
1 516 82 2 20 89 5610 16256 8 2 140 0.19 26 124 0
1 516 82 2 20 89 5610 16256 7 2 140 0.12 22 125 0
1 516 82 2 20 89 5610 16256 6 2 140 0.16 26 128 0
1 516 82 2 20 89 5610 16256 8 2 140 0.14 24 123 0
1 516 82 2 20 89 5610 16256 24 2 140 0.52 37 122 0
1 516 84 2 21 89 5609 16253 8 2 140 0.17 25 131 0
1 516 84 2 21 89 5609 16253 20 2 140 0.56 36 132 0
1 516 84 2 21 89 5609 16253 9 2 140 0.21 27 130 0
1 516 84 2 21 89 5609 16253 20 1 140 0.6 37 129 0
1 516 82 2 22 89 5608 16253 20 2 140 0.47 36 134 0
1 516 82 2 22 89 5608 16253 10 2 140 0.2 26 133 0
1 516 80 2 23 89 5613 16258 11 2 140 0.22 27 142 0
1 516 80 2 23 89 5613 16258 20 2 140 0.65 37 141 0
1 516 80 2 23 89 5613 16258 6 2 140 0.11 21 139 0
1 516 80 2 23 89 5613 16258 7 1 140 0.14 22 138 0
1 516 80 2 23 89 5613 16258 9 2 140 0.21 27 140 0
1 516 80 2 23 89 5613 16258 10 1 140 0.16 23 137 0
1 516 82 2 23 89 5609 16255 19 2 140 0.64 39 144 0
1 516 82 2 23 89 5609 16255 10 2 140 0.16 25 143 0
1 516 77 2 24 89 5618 16253 15 1 140 0.47 35 148 0
1 516 77 2 24 89 5618 16253 9 1 140 0.11 22 147 0
1 516 77 2 24 89 5618 16253 22 2 140 0.55 37 146 0
1 516 77 2 24 89 5618 16253 21 2 140 0.65 38 145 0
1 509 77 2 24 89 5611 16303 22 2 140 0.69 38 152 0
1 509 77 2 24 89 5611 16303 18 2 140 0.7 38 151 0
1 509 77 2 24 89 5611 16303 13 1 140 0.44 35 150 0
1 509 77 2 24 89 5611 16303 24 1 140 0.4 34 149 0
1 516 82 2 25 89 5602 16252 22 2 140 0.56 38 153 0
1 509 80 2 26 89 5604 16309 21 2 140 0.58 38 157 0
1 509 80 2 26 89 5604 16309 19 1 140 0.42 35 156 0
1 509 80 2 26 89 5604 16309 20 1 140 0.55 36 155 0
1 509 80 2 26 89 5604 16309 21 1 140 0.46 35 154 0
1 509 84 2 28 89 5622 16317 20 1 140 0.38 35 158 0
1 509 82 2 28 89 5620 16321 8 1 140 0.1 21 160 0
1 509 84 2 28 89 5622 16316 10 2 140 0.1 22 171 0
1 509 84 2 28 89 5622 16316 8 2 140 0.11 22 169 0
1 509 84 2 28 89 5622 16316 9 2 140 0.1 21 166 0
1 509 84 2 28 89 5622 16316 18 2 140 0.64 39 170 0
1 509 84 2 28 89 5622 16316 8 2 140 0.1 21 168 0
1 509 84 2 28 89 5622 16316 8 2 140 0.12 22 167 0
1 509 84 2 28 89 5622 16316 8 2 140 0.1 21 165 0
1 509 84 2 28 89 5622 16316 8 2 140 0.12 22 164 0
1 509 84 2 28 89 5622 16316 8 1 140 0.1 21 163 0
1 509 84 2 28 89 5622 16316 9 1 140 0.09 21 162 0
1 509 84 2 28 89 5622 16316 8 1 140 0.09 21 161 0
1 516 0 2 12 89 5619 16236 16 2 140 0.35 30 13 0
1 516 0 2 12 89 5619 16236 13 2 140 0.34 31 14 0
1 516 0 2 12 89 5619 16236 20 1 140 0.3 30 16 0
1 516 0 2 12 89 5619 16236 15 2 140 0.36 38 17 0
1 516 0 2 12 89 5619 16236 18 1 140 0.35 32 18 0
1 516 0 2 12 89 5619 16236 19 2 140 0.46 33 19 0
1 516 0 2 12 89 5619 16236 12 1 140 0.37 30 20 0
1 516 0 2 12 89 5619 16236 9 2 140 0.2 27 4 0
1 516 0 2 12 89 5619 16236 13 1 140 0.3 29 7 0
1 516 0 2 12 89 5619 16236 16 1 140 0.27 29 11 0
1 516 0 2 12 89 5619 16236 15 2 140 0.42 33 15 0
1 516 0 2 12 89 5619 16236 12 2 140 0.33 32 10 0
1 516 0 2 12 89 5619 16236 19 1 140 0.33 30 12 0
1 516 0 2 12 89 5619 16236 14 1 140 0.25 27 9 0
1 516 0 2 12 89 5619 16236 12 2 140 0.4 33 3 0
1 516 0 2 12 89 5619 16236 8 2 140 0.15 24 5 0
1 516 0 2 12 89 5619 16236 13 2 140 0.29 30 8 0
1 516 0 2 12 89 5619 16236 16 2 140 0.42 33 2 0
1 516 0 2 12 89 5619 16236 20 2 140 0.48 38 1 0
1 516 0 2 13 89 5619 16242 13 1 140 0.3 30 22 0
1 516 0 2 13 89 5619 16242 23 2 140 0.42 34 23 0
1 516 0 2 13 89 5619 16242 14 2 140 0.35 31 24 0
1 516 0 2 13 89 5619 16242 16 1 140 0.25 28 25 0
1 516 0 2 13 89 5619 16242 8 1 140 0.25 29 26 0
1 516 0 2 13 89 5619 16242 22 1 140 0.31 31 27 0
1 516 0 2 13 89 5619 16242 18 2 140 0.3 29 28 0
1 516 0 2 13 89 5619 16242 17 1 140 0.25 29 29 0
1 516 0 2 13 89 5619 16242 13 2 140 0.32 31 30 0
1 516 0 2 13 89 5619 16242 16 2 140 0.5 35 34 0
1 516 0 2 13 89 5619 16242 20 1 140 0.31 31 38 0
1 516 0 2 13 89 5619 16242 19 1 140 0.37 32 31 0
1 516 0 2 13 89 5619 16242 20 2 140 0.48 36 32 0
1 516 0 2 13 89 5619 16242 21 1 140 0.37 31 33 0
1 516 0 2 13 89 5619 16242 16 1 140 0.25 27 35 0
1 516 0 2 13 89 5619 16242 13 1 140 0.28 29 37 0
1 516 0 2 13 89 5619 16242 16 2 140 0.5 34 39 0
1 516 0 2 13 89 5619 16242 9 1 140 0.2 26 40 0
1 516 0 2 13 89 5619 16242 10 2 140 0.45 34 21 0
1 516 0 2 14 89 5627 16248 16 2 140 0.5 34 52 0
1 516 0 2 14 89 5627 16248 15 2 140 0.28 29 54 0
1 516 0 2 14 89 5627 16248 19 2 140 0.5 35 55 0
1 516 0 2 14 89 5627 16248 19 2 140 0.5 37 56 0
1 516 0 2 14 89 5627 16248 16 2 140 0.35 31 58 0
1 516 0 2 14 89 5627 16248 16 2 140 0.35 35 59 0
1 516 0 2 14 89 5627 16248 13 2 140 0.4 32 60 0
1 516 0 2 14 89 5627 16248 10 1 140 0.2 25 42 0
1 516 0 2 14 89 5627 16248 10 1 140 0.22 26 45 0
1 516 0 2 14 89 5627 16248 16 1 140 0.25 28 49 0
1 516 0 2 14 89 5627 16248 20 2 140 0.55 36 53 0
1 516 0 2 14 89 5627 16248 15 2 140 0.41 32 57 0
1 516 0 2 14 89 5627 16248 20 1 140 0.32 31 50 0
1 516 0 2 14 89 5627 16248 19 2 140 0.4 34 51 0
1 516 0 2 14 89 5627 16248 19 1 140 0.35 32 48 0
1 516 0 2 14 89 5627 16248 20 1 140 0.34 32 43 0
1 516 0 2 14 89 5627 16248 10 1 140 0.3 30 44 0
1 516 0 2 14 89 5627 16248 10 1 140 0.28 28 47 0
1 516 0 2 14 89 5627 16248 10 1 140 0.25 28 46 0
1 516 0 2 14 89 5627 16248 19 1 140 0.25 31 41 0
1 516 0 2 15 89 5620 16257 11 1 140 0.22 27 62 0
1 516 0 2 15 89 5620 16257 12 2 140 0.3 28 71 0
1 516 0 2 15 89 5620 16257 15 2 140 0.45 36 72 0
1 516 0 2 15 89 5620 16257 21 2 140 0.33 31 73 0
1 516 0 2 15 89 5620 16257 16 2 140 0.4 32 75 0
1 516 0 2 15 89 5620 16257 8 2 140 0.2 26 76 0
1 516 0 2 15 89 5620 16257 16 2 140 0.47 35 77 0
1 516 0 2 15 89 5620 16257 11 2 140 0.3 30 80 0
1 516 0 2 15 89 5620 16257 16 2 140 0.39 32 74 0
1 516 0 2 15 89 5620 16257 18 2 140 0.55 35 78 0
1 516 0 2 15 89 5620 16257 10 1 140 0.17 25 63 0
1 516 0 2 15 89 5620 16257 9 1 140 0.2 26 64 0
1 516 0 2 15 89 5620 16257 10 1 140 0.23 28 65 0
1 516 0 2 15 89 5620 16257 15 1 140 0.43 32 66 0
1 516 0 2 15 89 5620 16257 14 1 140 0.23 28 67 0
1 516 0 2 15 89 5620 16257 9 1 140 0.2 24 68 0
1 516 0 2 15 89 5620 16257 14 1 140 0.23 27 69 0
1 516 0 2 15 89 5620 16257 16 1 140 0.24 27 70 0
1 516 0 2 15 89 5620 16257 16 1 140 0.32 30 61 0
1 516 0 2 16 89 5617 16252 16 2 140 0.8 38 92 0
1 516 0 2 16 89 5617 16252 18 2 140 0.69 39 94 0
1 516 0 2 16 89 5617 16252 10 2 140 0.2 27 95 0
1 516 0 2 16 89 5617 16252 15 2 140 0.25 27 96 0
1 516 0 2 16 89 5617 16252 13 2 140 0.6 38 98 0
1 516 0 2 16 89 5617 16252 22 2 140 0.58 36 99 0
1 516 0 2 16 89 5617 16252 20 2 140 0.3 29 100 0
1 516 0 2 16 89 5617 16252 6 1 140 0.15 22 82 0
1 516 0 2 16 89 5617 16252 16 1 140 0.4 33 85 0
1 516 0 2 16 89 5617 16252 20 1 140 0.4 34 89 0
1 516 0 2 16 89 5617 16252 9 2 140 0.12 25 93 0
1 516 0 2 16 89 5617 16252 18 2 140 0.55 36 97 0
1 516 0 2 16 89 5617 16252 14 1 140 0.4 34 90 0
1 516 0 2 16 89 5617 16252 18 2 140 0.28 30 91 0
1 516 0 2 16 89 5617 16252 24 1 140 0.55 36 88 0
1 516 0 2 16 89 5617 16252 9 1 140 0.2 26 83 0
1 516 0 2 16 89 5617 16252 20 1 140 0.42 34 84 0
1 516 0 2 16 89 5617 16252 9 1 140 0.2 26 87 0
1 516 0 2 16 89 5617 16252 8 1 140 0.15 24 86 0
1 516 0 2 16 89 5617 16252 9 1 140 0.15 24 81 0
1 516 0 2 22 89 5612 16233 8 1 140 0.15 24 104 0
1 516 0 2 22 89 5612 16233 20 1 140 0.7 39 105 0
1 516 0 2 22 89 5612 16233 18 2 140 0.5 37 106 0
1 516 0 2 22 89 5612 16233 11 2 140 0.55 37 107 0
1 516 0 2 22 89 5612 16233 8 2 140 0.3 26 108 0
1 516 0 2 22 89 5612 16233 8 2 140 0.15 23 110 0
1 516 0 2 22 89 5612 16233 6 1 140 0.15 21 101 0
1 516 0 2 22 89 5612 16233 6 1 140 0.15 23 102 0
1 516 0 2 22 89 5612 16233 9 1 140 0.23 27 103 0
1 516 0 2 23 89 5611 16250 8 2 140 0.2 25 121 0
1 516 0 2 23 89 5611 16250 9 2 140 0.15 25 122 0
1 516 0 2 23 89 5611 16250 18 1 140 0.53 35 115 0
1 516 0 2 23 89 5611 16250 13 2 140 0.5 37 119 0
1 516 0 2 23 89 5611 16250 9 2 140 0.1 23 123 0
1 516 0 2 23 89 5611 16250 8 2 140 0.15 24 118 0
1 516 0 2 23 89 5611 16250 9 2 140 0.2 26 120 0
1 516 0 2 23 89 5611 16250 20 1 140 0.5 35 117 0
1 516 0 2 23 89 5611 16250 29 1 140 0.45 36 112 0
1 516 0 2 23 89 5611 16250 8 1 140 0.15 22 113 0
1 516 0 2 23 89 5611 16250 9 1 140 0.1 20 114 0
1 516 0 2 23 89 5611 16250 8 1 140 0.11 23 111 0
1 516 0 2 24 89 5611 16257 9 1 140 0.1 25 124 0
1 516 0 2 24 89 5611 16257 11 1 140 0.2 25 133 0
1 516 0 2 24 89 5611 16257 8 2 140 0.2 25 143 0
1 516 0 2 24 89 5611 16257 11 2 140 0.22 26 137 0
1 516 0 2 24 89 5611 16257 8 2 140 0.25 25 138 0
1 516 0 2 24 89 5611 16257 10 2 140 0.25 28 139 0
1 516 0 2 24 89 5611 16257 8 2 140 0.25 26 140 0
1 516 0 2 24 89 5611 16257 15 2 140 0.3 29 141 0
1 516 0 2 24 89 5611 16257 21 2 140 0.25 28 142 0
1 516 0 2 24 89 5611 16257 23 1 140 0.42 33 127 0
1 516 0 2 24 89 5611 16257 8 1 140 0.1 23 131 0
1 516 0 2 24 89 5611 16257 8 2 140 0.1 23 135 0
1 516 0 2 24 89 5611 16257 22 1 140 0.35 34 130 0
1 516 0 2 24 89 5611 16257 22 1 140 0.32 33 132 0
1 516 0 2 24 89 5611 16257 20 1 140 0.4 33 129 0
1 516 0 2 24 89 5611 16257 19 1 140 0.45 33 126 0
1 516 0 2 24 89 5611 16257 10 1 140 0.15 26 125 0
1 516 0 2 24 89 5611 16257 9 1 140 0.1 23 128 0
1 509 135 2 27 89 5626 16301 9 2 140 0.15 24 153 0
1 509 135 2 27 89 5626 16301 8 2 140 0.1 23 154 0
1 509 135 2 27 89 5626 16301 9 2 140 0.15 25 155 0
1 509 135 2 27 89 5626 16301 8 2 140 0.1 24 152 0
1 509 0 1 31 89 5621 16318 13 1 140 0.33 32 3 0
1 509 0 1 31 89 5621 16318 8 1 140 0.19 27 6 0
1 509 0 1 31 89 5621 16318 10 1 140 0.16 26 8 0
1 509 0 1 31 89 5621 16318 20 2 140 0.43 35 12 0
1 509 0 1 31 89 5621 16318 10 1 140 0.15 24 1 0
1 509 0 1 31 89 5621 16318 20 1 140 0.31 31 5 0
1 509 0 1 31 89 5621 16318 13 2 140 0.38 32 13 0
1 509 0 1 31 89 5621 16318 13 2 140 0.28 29 14 0
1 509 0 1 31 89 5621 16318 17 2 140 0.4 34 15 0
1 509 0 1 31 89 5621 16318 8 2 140 0.08 20 16 0
1 509 0 1 31 89 5621 16318 13 2 140 0.26 31 17 0
1 509 0 1 31 89 5621 16318 17 2 140 0.3 31 18 0
1 509 0 1 31 89 5621 16318 17 2 140 0.51 35 19 0
1 509 0 1 31 89 5621 16318 10 2 140 0.23 27 20 0
1 509 0 1 31 89 5621 16318 8 1 140 0.13 24 10 0
1 509 0 1 31 89 5621 16318 16 2 140 0.33 32 11 0
1 509 0 1 31 89 5621 16318 9 1 140 0.21 28 9 0
1 509 0 1 31 89 5621 16318 10 1 140 0.19 25 7 0
1 509 0 1 31 89 5621 16318 16 1 140 0.25 31 4 0
1 509 0 1 31 89 5621 16318 17 1 140 0.41 33 2 0
1 509 0 2 1 89 5628 16318 7 1 140 0.1 23 22 0
1 509 0 2 1 89 5628 16318 8 1 140 0.1 22 23 0
1 509 0 2 1 89 5628 16318 10 1 140 0.14 24 24 0
1 509 0 2 1 89 5628 16318 21 1 140 0.35 32 28 0
1 509 0 2 1 89 5628 16318 8 1 140 0.1 22 32 0
1 509 0 2 1 89 5628 16318 18 2 140 0.4 35 35 0
1 509 0 2 1 89 5628 16318 15 2 140 0.3 31 39 0
1 509 0 2 1 89 5628 16318 11 1 140 0.24 29 26 0
1 509 0 2 1 89 5628 16318 9 1 140 0.07 20 31 0
1 509 0 2 1 89 5628 16318 9 2 140 0.15 25 33 0
1 509 0 2 1 89 5628 16318 10 2 140 0.15 25 34 0
1 509 0 2 1 89 5628 16318 10 2 140 0.2 26 36 0
1 509 0 2 1 89 5628 16318 11 2 140 0.39 33 37 0
1 509 0 2 1 89 5628 16318 18 2 140 0.53 35 38 0
1 509 0 2 1 89 5628 16318 8 2 140 0.08 21 40 0
1 509 0 2 1 89 5628 16318 11 1 140 0.19 28 29 0
1 509 0 2 1 89 5628 16318 8 1 140 0.08 21 30 0
1 509 0 2 1 89 5628 16318 11 1 140 0.41 34 27 0
1 509 0 2 1 89 5628 16318 8 1 140 0.12 24 25 0
1 509 0 2 1 89 5628 16318 10 1 140 0.22 27 21 0
1 516 0 2 2 89 5628 16255 8 1 140 0.09 22 44 0
1 516 0 2 2 89 5628 16255 9 1 140 0.11 22 46 0
1 516 0 2 2 89 5628 16255 15 1 140 0.34 31 49 0
1 516 0 2 2 89 5628 16255 16 1 140 0.37 33 43 0
1 516 0 2 2 89 5628 16255 9 1 140 0.1 23 47 0
1 516 0 2 2 89 5628 16255 6 2 140 0.05 18 53 0
1 516 0 2 2 89 5628 16255 8 2 140 0.22 28 54 0
1 516 0 2 2 89 5628 16255 23 2 140 0.33 31 55 0
1 516 0 2 2 89 5628 16255 14 2 140 0.29 32 56 0
1 516 0 2 2 89 5628 16255 8 2 140 0.07 20 57 0
1 516 0 2 2 89 5628 16255 9 2 140 0.14 23 58 0
1 516 0 2 2 89 5628 16255 8 2 140 0.15 24 59 0
1 516 0 2 2 89 5628 16255 13 2 140 0.31 31 60 0
1 516 0 2 2 89 5628 16255 10 1 140 0.2 27 51 0
1 516 0 2 2 89 5628 16255 13 2 140 0.36 32 52 0
1 516 0 2 2 89 5628 16255 20 1 140 0.26 30 50 0
1 516 0 2 2 89 5628 16255 19 1 140 0.32 32 48 0
1 516 0 2 2 89 5628 16255 8 1 140 0.1 21 45 0
1 516 0 2 2 89 5628 16255 21 1 140 0.4 31 42 0
1 516 0 2 2 89 5628 16255 25 1 140 0.36 34 41 0
1 516 0 2 7 89 5616 16224 13 1 140 0.24 28 85 0
1 516 0 2 7 89 5616 16224 11 1 140 0.21 29 88 0
1 516 0 2 7 89 5616 16224 9 1 140 0.22 28 83 0
1 516 0 2 7 89 5616 16224 12 1 140 0.38 32 87 0
1 516 0 2 7 89 5616 16224 22 2 140 0.45 34 90 0
1 516 0 2 7 89 5616 16224 19 2 140 0.46 35 94 0
1 516 0 2 7 89 5616 16224 6 2 140 0.15 24 95 0
1 516 0 2 7 89 5616 16224 10 2 140 0.2 28 96 0
1 516 0 2 7 89 5616 16224 13 2 140 0.32 30 97 0
1 516 0 2 7 89 5616 16224 11 2 140 0.33 32 98 0
1 516 0 2 7 89 5616 16224 12 2 140 0.24 29 99 0
1 516 0 2 7 89 5616 16224 16 2 140 0.37 34 100 0
1 516 0 2 7 89 5616 16224 22 2 140 0.71 39 92 0
1 516 0 2 7 89 5616 16224 11 2 140 0.3 30 93 0
1 516 0 2 7 89 5616 16224 9 2 140 0.16 26 91 0
1 516 0 2 7 89 5616 16224 20 1 140 0.32 31 89 0
1 516 0 2 7 89 5616 16224 18 1 140 0.34 32 86 0
1 516 0 2 7 89 5616 16224 11 1 140 0.19 26 84 0
1 516 0 2 7 89 5616 16224 21 1 140 0.27 29 82 0
1 516 0 2 7 89 5616 16224 20 1 140 0.25 30 81 0
1 516 0 2 8 89 5617 16225 17 1 140 0.42 34 103 0
1 516 0 2 8 89 5617 16225 10 1 140 0.2 27 106 0
1 516 0 2 8 89 5617 16225 10 1 140 0.28 30 109 0
1 516 0 2 8 89 5617 16225 11 2 140 0.24 28 113 0
1 516 0 2 8 89 5617 16225 14 2 140 0.41 33 117 0
1 516 0 2 8 89 5617 16225 16 1 140 0.44 33 105 0
1 516 0 2 8 89 5617 16225 20 1 140 0.31 30 108 0
1 516 0 2 8 89 5617 16225 20 2 140 0.58 39 114 0
1 516 0 2 8 89 5617 16225 9 2 140 0.15 25 115 0
1 516 0 2 8 89 5617 16225 16 2 140 0.41 33 116 0
1 516 0 2 8 89 5617 16225 21 2 140 0.35 33 118 0
1 516 0 2 8 89 5617 16225 21 2 140 0.36 33 119 0
1 516 0 2 8 89 5617 16225 9 2 140 0.2 27 120 0
1 516 0 2 8 89 5617 16225 11 2 140 0.47 34 111 0
1 516 0 2 8 89 5617 16225 8 2 140 0.08 21 112 0
1 516 0 2 8 89 5617 16225 13 1 140 0.16 26 110 0
1 516 0 2 8 89 5617 16225 8 1 140 0.15 25 107 0
1 516 0 2 8 89 5617 16225 10 1 140 0.24 27 104 0
1 516 0 2 8 89 5617 16225 10 1 140 0.18 25 102 0
1 516 0 2 8 89 5617 16225 20 1 140 0.47 34 101 0
1 516 0 2 13 89 5613 16214 13 2 140 0.5 37 144 0
1 516 0 2 13 89 5613 16214 16 2 140 0.49 36 146 0
1 516 0 2 13 89 5613 16214 10 2 140 0.21 27 143 0
1 516 0 2 13 89 5613 16214 19 2 140 0.47 36 147 0
1 516 0 2 13 89 5613 16214 26 2 140 0.82 40 151 0
1 516 0 2 13 89 5613 16214 9 2 140 0.19 27 149 0
1 516 0 2 13 89 5613 16214 8 2 140 0.08 21 150 0
1 516 0 2 13 89 5613 16214 9 2 140 0.2 26 148 0
1 516 0 2 13 89 5613 16214 15 2 140 0.52 37 145 0
1 516 0 2 13 89 5613 16214 9 1 140 0.16 26 142 0
1 516 0 2 13 89 5613 16214 16 1 140 0.35 33 141 0
1 516 0 2 15 89 5621 16253 7 2 140 0.11 23 154 0
1 516 0 2 15 89 5621 16253 8 2 140 0.09 22 157 0
1 516 0 2 15 89 5621 16253 8 2 140 0.1 21 160 0
1 516 0 2 15 89 5621 16253 8 2 140 0.09 22 155 0
1 516 0 2 15 89 5621 16253 8 2 140 0.1 22 159 0
1 516 0 2 15 89 5621 16253 6 1 140 0.06 20 163 0
1 516 0 2 15 89 5621 16253 8 1 140 0.06 20 162 0
1 516 0 2 15 89 5621 16253 8 1 140 0.05 20 164 0
1 516 0 2 15 89 5621 16253 7 1 140 0.06 21 161 0
1 516 0 2 15 89 5621 16253 6 2 140 0.09 22 158 0
1 516 0 2 15 89 5621 16253 6 2 140 0.07 20 156 0
1 516 0 2 15 89 5621 16253 20 2 140 0.55 38 153 0
1 516 0 2 15 89 5621 16253 21 2 140 0.52 38 152 0
1 516 0 2 19 89 5613 16246 19 1 140 0.45 35 166 0
1 516 0 2 19 89 5613 16246 8 1 140 0.06 20 168 0
1 516 0 2 19 89 5613 16246 19 1 140 0.4 35 170 0
1 516 0 2 19 89 5613 16246 21 1 140 0.41 35 169 0
1 516 0 2 19 89 5613 16246 13 1 140 0.44 35 167 0
1 516 0 2 19 89 5613 16246 22 1 140 0.51 38 165 0
1 516 79 2 7 89 5614 16233 13 2 140 0.25 29 19 0
1 516 79 2 7 89 5614 16233 12 2 140 0.35 32 18 0
1 516 79 2 7 89 5614 16233 10 2 140 0.25 29 16 0
1 516 79 2 7 89 5614 16233 17 2 140 0.35 33 15 0
1 516 79 2 7 89 5614 16233 9 2 140 0.15 26 13 0
1 516 79 2 7 89 5614 16233 21 2 140 0.6 37 12 0
1 516 79 2 7 89 5614 16233 17 2 140 0.4 34 11 0
1 516 79 2 7 89 5614 16233 14 1 140 0.25 29 6 0
1 516 79 2 7 89 5614 16233 16 1 140 0.25 29 10 0
1 516 79 2 7 89 5614 16233 8 2 140 0.15 25 14 0
1 516 79 2 7 89 5614 16233 17 2 140 0.4 34 17 0
1 516 79 2 7 89 5614 16233 19 1 140 0.25 30 9 0
1 516 79 2 7 89 5614 16233 20 1 140 0.35 32 8 0
1 516 79 2 7 89 5614 16233 8 1 140 0.15 26 7 0
1 516 79 2 7 89 5614 16233 13 1 140 0.35 32 5 0
1 516 79 2 7 89 5614 16233 19 1 140 0.35 31 4 0
1 516 79 2 7 89 5614 16233 10 1 140 0.25 28 3 0
1 516 79 2 7 89 5614 16233 8 1 140 0.2 27 2 0
1 516 79 2 7 89 5614 16233 14 1 140 0.3 32 1 0
1 516 79 2 8 89 5612 16229 15 2 140 0.6 37 21 0
1 516 79 2 8 89 5612 16229 15 2 140 0.45 35 25 0
1 516 79 2 8 89 5612 16229 8 1 140 0.15 24 29 0
1 516 79 2 8 89 5612 16229 8 1 140 0.1 22 30 0
1 516 79 2 8 89 5612 16229 7 1 140 0.1 23 28 0
1 516 79 2 8 89 5612 16229 10 1 140 0.2 27 27 0
1 516 79 2 8 89 5612 16229 9 1 140 0.15 25 26 0
1 516 79 2 8 89 5612 16229 8 2 140 0.1 23 24 0
1 516 79 2 8 89 5612 16229 16 2 140 0.8 41 23 0
1 516 79 2 8 89 5612 16229 20 2 140 0.85 42 22 0
1 516 79 2 8 89 5612 16229 9 2 140 0.15 24 20 0
1 516 80 2 9 89 5614 16232 8 2 140 0.2 26 49 0
1 516 80 2 9 89 5614 16232 13 2 140 0.4 33 48 0
1 516 80 2 9 89 5614 16232 19 2 140 0.35 33 47 0
1 516 80 2 9 89 5614 16232 12 2 140 0.3 30 46 0
1 516 80 2 9 89 5614 16232 22 2 140 0.45 34 50 0
1 516 80 2 9 89 5614 16232 14 2 140 0.4 33 45 0
1 516 80 2 9 89 5614 16232 21 2 140 0.5 35 44 0
1 516 80 2 9 89 5614 16232 13 2 140 0.45 34 43 0
1 516 80 2 9 89 5614 16232 8 2 140 0.1 23 42 0
1 516 80 2 9 89 5614 16232 6 2 140 0.1 21 41 0
1 516 80 2 9 89 5614 16232 18 1 140 0.35 33 40 0
1 516 80 2 9 89 5614 16232 19 1 140 0.3 31 39 0
1 516 80 2 9 89 5614 16232 7 1 140 0.1 22 38 0
1 516 80 2 9 89 5614 16232 9 1 140 0.2 28 37 0
1 516 80 2 9 89 5614 16232 11 1 140 0.3 30 36 0
1 516 80 2 9 89 5614 16232 14 1 140 0.25 30 35 0
1 516 80 2 9 89 5614 16232 15 1 140 0.25 30 34 0
1 516 80 2 9 89 5614 16232 13 1 140 0.25 30 33 0
1 516 80 2 9 89 5614 16232 12 1 140 0.25 29 32 0
1 516 80 2 9 89 5614 16232 8 1 140 0.2 26 31 0
1 509 82 2 1 89 5628 16323 23 2 140 0.55 38 6 0
1 509 82 2 1 89 5628 16323 18 2 140 0.41 32 9 0
1 509 82 2 1 89 5628 16323 21 1 140 0.33 32 13 0
1 509 82 2 1 89 5628 16323 9 1 140 0.15 25 17 0
1 509 82 2 1 89 5628 16323 20 1 140 0.26 30 11 0
1 509 82 2 1 89 5628 16323 14 1 140 0.3 31 12 0
1 509 82 2 1 89 5628 16323 17 1 140 0.3 31 14 0
1 509 82 2 1 89 5628 16323 11 1 140 0.22 28 15 0
1 509 82 2 1 89 5628 16323 9 1 140 0.17 26 16 0
1 509 82 2 1 89 5628 16323 10 1 140 0.25 29 18 0
1 509 82 2 1 89 5628 16323 8 1 140 0.1 22 19 0
1 509 82 2 1 89 5628 16323 8 1 140 0.1 22 20 0
1 509 82 2 1 89 5628 16323 21 2 140 0.43 36 8 0
1 509 82 2 1 89 5628 16323 19 2 140 0.37 34 10 0
1 509 82 2 1 89 5628 16323 18 2 140 0.36 33 7 0
1 509 82 2 1 89 5628 16323 11 2 140 0.2 26 2 0
1 509 82 2 1 89 5628 16323 8 2 140 0.2 26 3 0
1 509 82 2 1 89 5628 16323 9 2 140 0.1 22 5 0
1 509 82 2 1 89 5628 16323 18 2 140 0.37 31 4 0
1 509 82 2 1 89 5628 16323 21 2 140 0.46 36 1 0
1 516 0 2 5 89 5607 16245 11 2 140 0.16 26 40 0
1 516 0 2 5 89 5607 16245 10 2 140 0.31 30 39 0
1 516 0 2 5 89 5607 16245 9 2 140 0.31 32 38 0
1 516 0 2 5 89 5607 16245 16 2 140 0.68 38 37 0
1 516 80 2 6 89 5611 16226 14 1 140 0.34 31 52 0
1 516 80 2 6 89 5611 16226 13 1 140 0.3 30 54 0
1 516 80 2 6 89 5611 16226 11 1 140 0.18 26 55 0
1 516 80 2 6 89 5611 16226 14 1 140 0.26 28 57 0
1 516 80 2 6 89 5611 16226 18 1 140 0.35 32 58 0
1 516 80 2 6 89 5611 16226 12 1 140 0.29 29 59 0
1 516 80 2 6 89 5611 16226 21 2 140 0.41 34 45 0
1 516 80 2 6 89 5611 16226 15 2 140 0.46 35 49 0
1 516 80 2 6 89 5611 16226 19 1 140 0.25 29 53 0
1 516 80 2 6 89 5611 16226 12 1 140 0.25 28 56 0
1 516 80 2 6 89 5611 16226 22 1 140 0.3 31 60 0
1 516 80 2 6 89 5611 16226 15 2 140 0.42 33 50 0
1 516 80 2 6 89 5611 16226 13 1 140 0.28 30 51 0
1 516 80 2 6 89 5611 16226 17 2 140 0.32 30 48 0
1 516 80 2 6 89 5611 16226 13 2 140 0.35 32 43 0
1 516 80 2 6 89 5611 16226 10 2 140 0.25 29 44 0
1 516 80 2 6 89 5611 16226 10 2 140 0.25 30 47 0
1 516 80 2 6 89 5611 16226 15 2 140 0.27 30 46 0
1 516 80 2 6 89 5611 16226 14 2 140 0.39 32 42 0
1 516 80 2 6 89 5611 16226 22 2 140 1.02 42 41 0
1 516 0 2 8 89 5620 16225 9 1 140 0.21 25 82 0
1 516 0 2 8 89 5620 16225 10 1 140 0.3 28 83 0
1 516 0 2 8 89 5620 16225 9 1 140 0.26 27 84 0
1 516 0 2 8 89 5620 16225 16 1 140 0.55 35 85 0
1 516 0 2 8 89 5620 16225 10 1 140 0.21 26 86 0
1 516 0 2 8 89 5620 16225 14 1 140 0.46 33 87 0
1 516 0 2 8 89 5620 16225 12 1 140 0.42 34 89 0
1 516 0 2 8 89 5620 16225 10 1 140 0.16 24 90 0
1 516 0 2 8 89 5620 16225 16 2 140 0.43 35 91 0
1 516 0 2 8 89 5620 16225 20 2 140 0.68 38 93 0
1 516 0 2 8 89 5620 16225 19 2 140 0.5 34 94 0
1 516 0 2 8 89 5620 16225 15 2 140 0.48 36 95 0
1 516 0 2 8 89 5620 16225 9 2 140 0.25 28 97 0
1 516 0 2 8 89 5620 16225 14 2 140 0.31 29 98 0
1 516 0 2 8 89 5620 16225 9 2 140 0.2 26 100 0
1 516 0 2 8 89 5620 16225 19 1 140 0.46 33 88 0
1 516 0 2 8 89 5620 16225 15 2 140 0.65 37 92 0
1 516 0 2 8 89 5620 16225 11 2 140 0.45 35 96 0
1 516 0 2 8 89 5620 16225 10 2 140 0.29 28 99 0
1 516 0 2 8 89 5620 16225 17 1 140 0.45 34 81 0
1 516 79 2 10 89 5615 16227 20 2 140 0.55 36 111 0
1 516 79 2 10 89 5615 16227 6 2 140 0.11 21 120 0
1 516 79 2 10 89 5615 16227 10 2 140 0.14 23 112 0
1 516 79 2 10 89 5615 16227 10 2 140 0.15 24 113 0
1 516 79 2 10 89 5615 16227 9 2 140 0.26 28 114 0
1 516 79 2 10 89 5615 16227 16 2 140 0.51 35 115 0
1 516 79 2 10 89 5615 16227 8 2 140 0.15 25 116 0
1 516 79 2 10 89 5615 16227 9 2 140 0.22 27 117 0
1 516 79 2 10 89 5615 16227 9 2 140 0.14 24 118 0
1 516 79 2 10 89 5615 16227 14 2 140 0.21 28 119 0
1 516 79 2 10 89 5615 16227 10 1 140 0.15 24 103 0
1 516 79 2 10 89 5615 16227 8 1 140 0.14 23 107 0
1 516 79 2 10 89 5615 16227 10 1 140 0.22 27 109 0
1 516 79 2 10 89 5615 16227 9 1 140 0.22 27 110 0
1 516 79 2 10 89 5615 16227 8 1 140 0.17 26 108 0
1 516 79 2 10 89 5615 16227 21 1 140 0.37 33 102 0
1 516 79 2 10 89 5615 16227 15 1 140 0.44 35 104 0
1 516 79 2 10 89 5615 16227 8 1 140 0.17 25 106 0
1 516 79 2 10 89 5615 16227 9 1 140 0.15 23 105 0
1 516 79 2 10 89 5615 16227 27 1 140 0.37 34 101 0
1 516 77 2 11 89 5616 16230 9 2 140 0.25 29 137 0
1 516 77 2 11 89 5616 16230 9 2 140 0.14 23 138 0
1 516 77 2 11 89 5616 16230 11 2 140 0.26 29 140 0
1 516 77 2 11 89 5616 16230 8 1 140 0.1 23 125 0
1 516 77 2 11 89 5616 16230 9 2 140 0.15 24 132 0
1 516 77 2 11 89 5616 16230 9 2 140 0.16 25 135 0
1 516 77 2 11 89 5616 16230 8 2 140 0.23 27 139 0
1 516 77 2 11 89 5616 16230 8 1 140 0.1 22 127 0
1 516 77 2 11 89 5616 16230 9 1 140 0.15 24 126 0
1 516 77 2 11 89 5616 16230 13 1 140 0.5 35 123 0
1 516 77 2 11 89 5616 16230 10 1 140 0.2 27 122 0
1 516 77 2 11 89 5616 16230 9 1 140 0.14 24 124 0
1 516 77 2 11 89 5616 16230 14 1 140 0.36 33 121 0
1 516 77 2 11 89 5616 16230 17 2 140 0.57 38 133 0
1 516 77 2 11 89 5616 16230 10 2 140 0.14 24 134 0
1 516 77 2 11 89 5616 16230 16 2 140 0.63 38 136 0
1 516 71 2 12 89 5610 16224 9 2 140 0.19 25 142 0
1 516 71 2 12 89 5610 16224 18 2 140 0.55 37 143 0
1 516 71 2 12 89 5610 16224 22 1 140 0.55 37 130 0
1 516 71 2 12 89 5610 16224 8 2 140 0.19 25 144 0
1 516 71 2 12 89 5610 16224 9 1 140 0.16 24 129 0
1 516 71 2 12 89 5610 16224 9 2 140 0.2 25 141 0
1 516 71 2 12 89 5610 16224 9 1 140 0.14 23 128 0
1 516 80 2 14 89 5613 16248 20 2 140 0.51 37 165 0
1 516 80 2 14 89 5613 16248 18 2 140 0.55 37 164 0
1 516 80 2 15 89 5612 16257 15 2 140 0.72 41 168 0
1 516 80 2 15 89 5612 16257 8 2 140 0.15 23 167 0
1 516 80 2 15 89 5612 16257 19 2 140 0.24 27 166 0
1 509 80 2 16 89 5609 16300 23 2 140 1.02 43 169 0
1 509 82 2 18 89 5609 16305 17 1 140 0.95 43 155 0
1 509 82 2 18 89 5609 16305 15 2 140 0.73 39 171 0
1 509 82 2 18 89 5609 16305 22 2 140 0.81 40 170 0
1 516 86 2 19 89 5609 16250 15 1 140 0.63 37 157 0
1 516 86 2 19 89 5609 16250 20 1 140 0.61 36 156 0
1 509 84 2 19 89 5608 16303 18 2 140 0.83 40 172 0
1 509 84 2 19 89 5608 16303 18 2 140 0.75 40 173 0
1 509 84 2 19 89 5608 16303 18 2 140 0.6 39 174 0
1 509 84 2 19 89 5608 16303 22 1 140 0.86 41 158 0
1 516 80 2 20 89 5614 16242 6 2 140 0.1 20 179 0
1 516 80 2 20 89 5614 16242 8 2 140 0.11 21 177 0
1 516 80 2 20 89 5614 16242 17 2 140 0.71 41 175 0
1 516 80 2 20 89 5614 16242 19 2 140 0.68 39 178 0
1 516 80 2 20 89 5614 16242 16 2 140 0.7 40 176 0
1 516 80 2 20 89 5614 16242 8 1 140 0.1 21 159 0
1 516 79 2 21 89 5609 16242 15 2 140 0.61 39 191 0
1 516 79 2 21 89 5609 16242 16 2 140 0.79 40 180 0
1 516 79 2 21 89 5609 16242 21 1 140 0.48 36 181 0
1 509 86 2 24 89 5608 16305 21 2 140 0.81 43 192 0
1 509 86 2 25 89 5603 16307 20 2 140 1.15 44 194 0
1 509 86 2 25 89 5603 16307 8 2 140 0.09 21 193 0
1 509 86 2 25 89 5603 16307 21 2 140 0.7 39 195 0
1 509 86 2 25 89 5603 16307 17 1 140 0.55 37 182 0
1 509 86 2 27 89 5623 16309 19 2 140 1.08 43 196 0
1 509 79 2 28 89 5623 16301 9 1 140 0.11 21 184 0
1 509 79 2 28 89 5623 16301 8 1 140 0.11 21 185 0
1 509 79 2 28 89 5623 16301 26 2 140 0.91 42 197 0
1 509 79 2 28 89 5623 16301 14 2 140 0.93 42 198 0
1 509 79 2 28 89 5623 16301 20 1 140 0.67 39 183 0
1 509 84 3 1 89 5626 16320 8 2 140 0.11 21 199 0
1 509 84 3 1 89 5626 16320 9 2 140 0.11 21 200 0
1 509 84 3 1 89 5626 16320 9 1 140 0.09 19 189 0
1 509 84 3 1 89 5626 16320 6 1 140 0.1 20 190 0
1 509 84 3 1 89 5626 16320 8 1 140 0.11 21 188 0
1 509 84 3 1 89 5626 16320 8 1 140 0.1 20 187 0
1 509 84 3 1 89 5626 16320 8 1 140 0.11 21 186 0
1 513 70 9 10 89 5758 16730 12 2 140 0.38 31 321 0
1 513 70 9 10 89 5758 16730 8 1 140 0.22 27 339 0
1 513 70 9 10 89 5758 16730 9 1 140 0.25 27 340 0
1 513 70 9 10 89 5758 16730 8 1 140 0.12 22 338 0
1 513 70 9 10 89 5758 16730 8 1 140 0.2 26 337 0
1 513 70 9 10 89 5758 16730 9 1 140 0.05 19 335 0
1 513 70 9 10 89 5758 16730 15 1 140 0.45 33 334 0
1 513 70 9 10 89 5758 16730 10 1 140 0.27 29 333 0
1 513 70 9 10 89 5758 16730 18 1 140 0.45 34 332 0
1 513 70 9 10 89 5758 16730 17 1 140 0.47 34 331 0
1 513 70 9 10 89 5758 16730 7 1 140 0.15 23 336 0
1 513 70 9 10 89 5758 16730 26 1 140 0.46 33 330 0
1 513 70 9 10 89 5758 16730 12 2 140 0.51 36 329 0
1 513 70 9 10 89 5758 16730 18 2 140 0.28 28 328 0
1 513 70 9 10 89 5758 16730 13 2 140 0.38 32 327 0
1 513 70 9 10 89 5758 16730 12 2 140 0.38 32 326 0
1 513 70 9 10 89 5758 16730 12 2 140 0.52 36 325 0
1 513 70 9 10 89 5758 16730 17 2 140 0.32 30 324 0
1 513 70 9 10 89 5758 16730 21 2 140 0.45 36 323 0
1 513 70 9 10 89 5758 16730 13 2 140 0.41 33 322 0
1 534 66 9 11 89 5806 16750 13 2 140 0.26 29 345 0
1 534 66 9 11 89 5806 16750 9 2 140 0.21 27 343 0
1 534 66 9 11 89 5806 16750 10 2 140 0.25 28 344 0
1 534 66 9 11 89 5806 16750 8 2 140 0.3 29 342 0
1 534 66 9 11 89 5806 16750 17 1 140 0.32 31 341 0
1 513 66 9 13 89 5746 16746 8 2 140 0.1 20 356 0
1 513 66 9 13 89 5746 16746 22 2 140 0.53 37 354 0
1 513 66 9 13 89 5746 16746 8 2 140 0.12 22 353 0
1 513 66 9 13 89 5746 16746 12 2 140 0.4 34 351 0
1 513 66 9 13 89 5746 16746 13 2 140 0.36 33 350 0
1 513 66 9 13 89 5746 16746 10 2 140 0.22 27 348 0
1 513 66 9 13 89 5746 16746 8 2 140 0.21 27 352 0
1 513 66 9 13 89 5746 16746 9 2 140 0.19 26 355 0
1 513 66 9 13 89 5746 16746 10 2 140 0.29 30 349 0
1 513 66 9 13 89 5746 16746 9 2 140 0.16 24 347 0
1 513 66 9 13 89 5746 16746 8 1 140 0.12 22 346 0
1 534 62 9 5 89 5813 16754 8 2 140 0.12 23 260 0
1 534 62 9 5 89 5813 16754 15 2 140 0.45 35 259 0
1 534 62 9 5 89 5813 16754 16 2 140 0.35 31 257 0
1 534 62 9 5 89 5813 16754 8 2 140 0.12 23 256 0
1 534 62 9 5 89 5813 16754 19 2 140 0.67 40 255 0
1 534 62 9 5 89 5813 16754 14 2 140 0.45 35 254 0
1 534 62 9 5 89 5813 16754 8 2 140 0.18 24 253 0
1 534 62 9 5 89 5813 16754 13 2 140 0.45 35 252 0
1 534 62 9 5 89 5813 16754 9 2 140 0.23 27 251 0
1 534 62 9 5 89 5813 16754 10 1 140 0.19 26 250 0
1 534 62 9 5 89 5813 16754 14 1 140 0.25 29 249 0
1 534 62 9 5 89 5813 16754 13 1 140 0.35 32 248 0
1 534 62 9 5 89 5813 16754 11 1 140 0.2 26 247 0
1 534 62 9 5 89 5813 16754 12 1 140 0.45 33 246 0
1 534 62 9 5 89 5813 16754 8 1 140 0.12 23 245 0
1 534 62 9 5 89 5813 16754 17 1 140 0.35 32 244 0
1 534 62 9 5 89 5813 16754 23 2 140 0.43 34 258 0
1 534 62 9 5 89 5813 16754 9 1 140 0.17 25 243 0
1 534 62 9 5 89 5813 16754 8 1 140 0.15 24 242 0
1 534 62 9 5 89 5813 16754 17 1 140 0.3 28 241 0
1 534 59 9 6 89 5822 16748 10 2 140 0.12 23 280 0
1 534 59 9 6 89 5822 16748 15 1 140 0.26 30 262 0
1 534 59 9 6 89 5822 16748 13 1 140 0.3 31 266 0
1 534 59 9 6 89 5822 16748 7 1 140 0.13 22 270 0
1 534 59 9 6 89 5822 16748 16 2 140 0.5 36 274 0
1 534 59 9 6 89 5822 16748 21 2 140 0.5 37 278 0
1 534 59 9 6 89 5822 16748 10 2 140 0.28 29 279 0
1 534 59 9 6 89 5822 16748 9 2 140 0.15 25 277 0
1 534 59 9 6 89 5822 16748 8 2 140 0.15 24 276 0
1 534 59 9 6 89 5822 16748 9 2 140 0.36 31 275 0
1 534 59 9 6 89 5822 16748 10 2 140 0.18 26 273 0
1 534 59 9 6 89 5822 16748 10 2 140 0.25 28 272 0
1 534 59 9 6 89 5822 16748 8 2 140 0.12 21 271 0
1 534 59 9 6 89 5822 16748 8 1 140 0.15 24 269 0
1 534 59 9 6 89 5822 16748 8 1 140 0.15 23 268 0
1 534 59 9 6 89 5822 16748 8 1 140 0.15 24 267 0
1 534 59 9 6 89 5822 16748 19 1 140 0.25 29 265 0
1 534 59 9 6 89 5822 16748 11 1 140 0.21 28 264 0
1 534 59 9 6 89 5822 16748 13 1 140 0.26 30 263 0
1 534 59 9 6 89 5822 16748 12 1 140 0.26 30 261 0
1 513 62 9 8 89 5752 16657 8 2 140 0.15 25 300 0
1 513 62 9 8 89 5752 16657 7 2 140 0.05 18 299 0
1 513 62 9 8 89 5752 16657 6 2 140 0.07 19 297 0
1 513 62 9 8 89 5752 16657 9 2 140 0.2 26 296 0
1 513 62 9 8 89 5752 16657 8 2 140 0.14 23 295 0
1 513 62 9 8 89 5752 16657 12 2 140 0.41 33 298 0
1 513 62 9 8 89 5752 16657 16 2 140 0.47 35 294 0
1 513 62 9 8 89 5752 16657 10 2 140 0.21 26 293 0
1 513 62 9 8 89 5752 16657 12 2 140 0.37 33 292 0
1 513 62 9 8 89 5752 16657 8 2 140 0.15 23 291 0
1 513 62 9 8 89 5752 16657 13 1 140 0.22 27 290 0
1 513 62 9 8 89 5752 16657 9 1 140 0.2 25 289 0
1 513 62 9 8 89 5752 16657 9 1 140 0.24 27 288 0
1 513 62 9 8 89 5752 16657 15 1 140 0.24 28 287 0
1 513 62 9 8 89 5752 16657 8 1 140 0.12 21 286 0
1 513 62 9 8 89 5752 16657 19 1 140 0.24 28 285 0
1 513 62 9 8 89 5752 16657 9 1 140 0.22 27 284 0
1 513 62 9 8 89 5752 16657 11 1 140 0.16 25 283 0
1 513 62 9 8 89 5752 16657 8 1 140 0.16 25 282 0
1 513 62 9 8 89 5752 16657 14 1 140 0.23 28 281 0
1 513 66 9 9 89 5750 16700 8 2 140 0.18 24 320 0
1 513 66 9 9 89 5750 16700 16 2 140 0.26 28 319 0
1 513 66 9 9 89 5750 16700 11 2 140 0.33 30 318 0
1 513 66 9 9 89 5750 16700 15 2 140 0.7 38 316 0
1 513 66 9 9 89 5750 16700 9 2 140 0.31 31 315 0
1 513 66 9 9 89 5750 16700 15 2 140 0.46 34 314 0
1 513 66 9 9 89 5750 16700 17 2 140 0.42 33 312 0
1 513 66 9 9 89 5750 16700 13 2 140 0.45 34 311 0
1 513 66 9 9 89 5750 16700 8 1 140 0.11 23 310 0
1 513 66 9 9 89 5750 16700 8 1 140 0.12 22 308 0
1 513 66 9 9 89 5750 16700 19 1 140 0.4 33 307 0
1 513 66 9 9 89 5750 16700 8 1 140 0.16 25 306 0
1 513 66 9 9 89 5750 16700 17 1 140 0.27 29 304 0
1 513 66 9 9 89 5750 16700 19 1 140 0.34 31 301 0
1 513 66 9 9 89 5750 16700 8 1 140 0.2 26 305 0
1 513 66 9 9 89 5750 16700 6 1 140 0.1 21 309 0
1 513 66 9 9 89 5750 16700 14 2 140 0.41 32 313 0
1 513 66 9 9 89 5750 16700 13 2 140 0.26 27 317 0
1 513 66 9 9 89 5750 16700 12 1 140 0.35 32 303 0
1 513 66 9 9 89 5750 16700 8 1 140 0.14 24 302 0
1 534 66 10 7 89 5805 16752 20 1 140 0.45 34 364 0
1 534 66 10 7 89 5805 16752 8 1 140 0.2 26 363 0
1 534 66 10 7 89 5805 16752 13 1 140 0.46 34 362 0
1 534 66 10 7 89 5805 16752 9 2 140 0.15 25 361 0
1 534 66 10 7 89 5805 16752 15 2 140 0.29 30 360 0
1 534 66 10 7 89 5805 16752 8 2 140 0.16 25 359 0
1 534 66 10 7 89 5805 16752 12 2 140 0.54 37 358 0
1 534 66 10 7 89 5805 16752 8 2 140 0.19 25 357 0
1 534 64 10 7 89 5828 16820 16 2 140 0.53 37 365 0
1 534 62 10 8 89 5828 16824 15 2 140 0.55 37 367 0
1 534 62 10 8 89 5828 16824 18 1 140 0.52 36 366 0
1 534 55 9 4 89 5800 16601 13 2 140 0.45 36 220 0
1 534 55 9 4 89 5800 16601 16 2 140 0.4 32 218 0
1 534 55 9 4 89 5800 16601 8 2 140 0.15 24 217 0
1 534 55 9 4 89 5800 16601 10 2 140 0.12 26 216 0
1 534 55 9 4 89 5800 16601 8 2 140 0.1 21 215 0
1 534 55 9 4 89 5800 16601 12 2 140 0.45 34 219 0
1 534 55 9 4 89 5800 16601 10 2 140 0.35 31 214 0
1 534 55 9 4 89 5800 16601 13 2 140 0.4 32 213 0
1 534 55 9 4 89 5800 16601 22 2 140 0.45 35 212 0
1 534 55 9 4 89 5800 16601 22 2 140 0.8 41 211 0
1 534 55 9 4 89 5800 16601 11 1 140 0.12 23 210 0
1 534 55 9 4 89 5800 16601 8 1 140 0.08 21 209 0
1 534 55 9 4 89 5800 16601 9 1 140 0.05 20 208 0
1 534 55 9 4 89 5800 16601 13 1 140 0.3 30 202 0
1 534 55 9 4 89 5800 16601 8 1 140 0.05 20 207 0
1 534 55 9 4 89 5800 16601 19 1 140 0.3 31 206 0
1 534 55 9 4 89 5800 16601 11 1 140 0.28 30 205 0
1 534 55 9 4 89 5800 16601 10 1 140 0.25 29 204 0
1 534 55 9 4 89 5800 16601 7 1 140 0.05 18 203 0
1 534 55 9 4 89 5800 16601 19 1 140 0.35 33 201 0
1 534 59 9 5 89 5808 16648 6 2 140 0.05 18 240 0
1 534 59 9 5 89 5808 16648 11 2 140 0.34 30 238 0
1 534 59 9 5 89 5808 16648 6 2 140 0.08 20 237 0
1 534 59 9 5 89 5808 16648 11 2 140 0.28 28 236 0
1 534 59 9 5 89 5808 16648 10 2 140 0.3 29 234 0
1 534 59 9 5 89 5808 16648 8 2 140 0.1 22 233 0
1 534 59 9 5 89 5808 16648 8 2 140 0.1 21 232 0
1 534 59 9 5 89 5808 16648 13 1 140 0.4 32 230 0
1 534 59 9 5 89 5808 16648 8 1 140 0.15 24 229 0
1 534 59 9 5 89 5808 16648 8 1 140 0.1 22 228 0
1 534 59 9 5 89 5808 16648 8 1 140 0.1 21 226 0
1 534 59 9 5 89 5808 16648 15 1 140 0.45 34 225 0
1 534 59 9 5 89 5808 16648 7 1 140 0.1 21 223 0
1 534 59 9 5 89 5808 16648 18 1 140 0.35 31 227 0
1 534 59 9 5 89 5808 16648 8 2 140 0.05 19 231 0
1 534 59 9 5 89 5808 16648 8 2 140 0.12 21 235 0
1 534 59 9 5 89 5808 16648 10 2 140 0.25 29 239 0
1 534 59 9 5 89 5808 16648 8 1 140 0.1 20 224 0
1 534 59 9 5 89 5808 16648 19 1 140 0.45 35 222 0
1 534 59 9 5 89 5808 16648 14 1 140 0.35 32 221 0
1 534 60 10 9 89 5815 16749 8 2 140 0.1 22 370 0
1 534 60 10 9 89 5815 16749 8 2 140 0.1 22 369 0
1 534 60 10 9 89 5815 16749 8 2 140 0.06 20 368 0
1 534 66 10 12 89 5827 16847 22 2 140 0.7 41 371 0
1 534 64 10 13 89 5831 16902 8 2 140 0.08 21 372 0
1 516 77 2 23 89 5610 16239 10 2 140 0.15 25 69 0
1 516 77 2 23 89 5610 16239 15 1 140 0.38 33 59 0
1 516 77 2 23 89 5610 16239 9 2 140 0.25 27 63 0
1 516 77 2 23 89 5610 16239 24 2 140 0.42 34 67 0
1 516 77 2 23 89 5610 16239 13 2 140 0.52 36 70 0
1 516 77 2 23 89 5610 16239 24 2 140 0.6 37 68 0
1 516 77 2 23 89 5610 16239 10 2 140 0.2 27 66 0
1 516 77 2 23 89 5610 16239 21 2 140 0.48 34 65 0
1 516 77 2 23 89 5610 16239 10 2 140 0.39 33 64 0
1 516 77 2 23 89 5610 16239 10 2 140 0.3 30 62 0
1 516 77 2 23 89 5610 16239 15 2 140 0.72 39 61 0
1 516 77 2 23 89 5610 16239 8 1 140 0.14 23 60 0
1 516 77 2 23 89 5610 16239 15 1 140 0.24 28 58 0
1 516 77 2 23 89 5610 16239 15 1 140 0.25 29 57 0
1 516 77 2 23 89 5610 16239 19 1 140 0.35 31 56 0
1 516 77 2 23 89 5610 16239 13 1 140 0.38 33 55 0
1 516 77 2 23 89 5610 16239 10 1 140 0.23 27 54 0
1 516 77 2 23 89 5610 16239 21 1 140 0.38 33 53 0
1 516 77 2 23 89 5610 16239 15 1 140 0.32 30 52 0
1 516 77 2 23 89 5610 16239 10 1 140 0.22 28 51 0
1 516 79 2 24 89 5612 16249 20 1 140 0.37 32 80 0
1 516 79 2 24 89 5612 16249 20 1 140 0.21 27 79 0
1 516 79 2 24 89 5612 16249 9 1 140 0.15 25 74 0
1 516 79 2 24 89 5612 16249 10 1 140 0.2 27 78 0
1 516 79 2 24 89 5612 16249 12 1 140 0.38 33 77 0
1 516 79 2 24 89 5612 16249 14 1 140 0.33 32 76 0
1 516 79 2 24 89 5612 16249 9 1 140 0.17 25 75 0
1 516 79 2 24 89 5612 16249 19 1 140 0.36 32 73 0
1 516 79 2 24 89 5612 16249 16 1 140 0.23 27 72 0
1 516 79 2 24 89 5612 16249 15 1 140 0.4 31 71 0
1 509 82 2 25 89 5608 16303 10 1 140 0.23 28 100 0
1 509 82 2 25 89 5608 16303 19 1 140 0.44 34 99 0
1 509 82 2 25 89 5608 16303 10 1 140 0.16 25 98 0
1 509 82 2 25 89 5608 16303 25 1 140 0.51 36 97 0
1 509 82 2 25 89 5608 16303 8 1 140 0.11 22 96 0
1 509 82 2 25 89 5608 16303 10 1 140 0.23 27 95 0
1 509 82 2 25 89 5608 16303 15 1 140 0.24 28 94 0
1 509 82 2 25 89 5608 16303 10 1 140 0.25 28 93 0
1 509 82 2 25 89 5608 16303 8 1 140 0.18 25 92 0
1 509 82 2 25 89 5608 16303 26 1 140 0.38 32 91 0
1 509 82 2 25 89 5608 16303 10 2 140 0.26 28 90 0
1 509 82 2 25 89 5608 16303 18 2 140 0.26 28 89 0
1 509 82 2 25 89 5608 16303 8 2 140 0.19 26 88 0
1 509 82 2 25 89 5608 16303 15 2 140 0.35 32 82 0
1 509 82 2 25 89 5608 16303 15 2 140 0.3 29 87 0
1 509 82 2 25 89 5608 16303 8 2 140 0.13 23 86 0
1 509 82 2 25 89 5608 16303 10 2 140 0.25 28 85 0
1 509 82 2 25 89 5608 16303 8 2 140 0.18 27 84 0
1 509 82 2 25 89 5608 16303 13 2 140 0.37 32 83 0
1 509 82 2 25 89 5608 16303 12 2 140 0.43 34 81 0
1 509 79 2 26 89 5613 16315 20 2 140 0.53 36 110 0
1 509 79 2 26 89 5613 16315 15 2 140 0.45 36 108 0
1 509 79 2 26 89 5613 16315 16 2 140 0.25 30 107 0
1 509 79 2 26 89 5613 16315 9 2 140 0.2 27 106 0
1 509 79 2 26 89 5613 16315 20 2 140 0.6 38 104 0
1 509 79 2 26 89 5613 16315 8 2 140 0.17 26 101 0
1 509 79 2 26 89 5613 16315 22 2 140 0.85 42 105 0
1 509 79 2 26 89 5613 16315 24 2 140 0.5 36 109 0
1 509 79 2 26 89 5613 16315 11 2 140 0.34 29 103 0
1 509 79 2 26 89 5613 16315 21 2 140 0.6 39 102 0
1 509 86 2 27 89 5610 16327 15 1 140 0.41 35 119 0
1 509 86 2 27 89 5610 16327 9 1 140 0.17 26 118 0
1 509 86 2 27 89 5610 16327 8 1 140 0.16 25 117 0
1 509 86 2 27 89 5610 16327 11 1 140 0.18 26 115 0
1 509 86 2 27 89 5610 16327 19 1 140 0.5 36 114 0
1 509 86 2 27 89 5610 16327 23 1 140 0.43 35 112 0
1 509 86 2 27 89 5610 16327 16 1 140 0.5 34 116 0
1 509 86 2 27 89 5610 16327 9 1 140 0.14 24 120 0
1 509 86 2 27 89 5610 16327 10 1 140 0.17 26 113 0
1 509 86 2 27 89 5610 16327 10 1 140 0.24 26 111 0
1 509 82 2 28 89 5618 16302 19 2 140 0.52 35 130 0
1 509 82 2 28 89 5618 16302 19 2 140 0.53 38 129 0
1 509 82 2 28 89 5618 16302 19 2 140 0.43 35 128 0
1 509 82 2 28 89 5618 16302 10 2 140 0.16 25 127 0
1 509 82 2 28 89 5618 16302 8 2 140 0.15 24 126 0
1 509 82 2 28 89 5618 16302 21 2 140 0.73 39 125 0
1 509 82 2 28 89 5618 16302 8 2 140 0.14 24 124 0
1 509 82 2 28 89 5618 16302 21 2 140 0.7 39 123 0
1 509 82 2 28 89 5618 16302 8 2 140 0.1 22 122 0
1 509 82 2 28 89 5618 16302 21 2 140 0.51 37 121 0
1 516 79 2 22 89 5616 16252 15 1 140 0.27 29 35 0
1 516 79 2 22 89 5616 16252 11 1 140 0.16 26 39 0
1 516 79 2 22 89 5616 16252 10 2 140 0.17 26 42 0
1 516 79 2 22 89 5616 16252 16 1 140 0.26 29 32 0
1 516 79 2 22 89 5616 16252 18 2 140 0.43 34 50 0
1 516 79 2 22 89 5616 16252 10 2 140 0.27 29 49 0
1 516 79 2 22 89 5616 16252 13 2 140 0.35 31 48 0
1 516 79 2 22 89 5616 16252 9 2 140 0.2 27 47 0
1 516 79 2 22 89 5616 16252 17 2 140 0.38 33 46 0
1 516 79 2 22 89 5616 16252 22 2 140 0.41 33 45 0
1 516 79 2 22 89 5616 16252 11 2 140 0.31 30 44 0
1 516 79 2 22 89 5616 16252 16 2 140 0.4 32 43 0
1 516 79 2 22 89 5616 16252 10 2 140 0.33 31 41 0
1 516 79 2 22 89 5616 16252 22 1 140 0.32 31 40 0
1 516 79 2 22 89 5616 16252 18 1 140 0.3 30 38 0
1 516 79 2 22 89 5616 16252 22 1 140 0.23 29 37 0
1 516 79 2 22 89 5616 16252 14 1 140 0.35 32 36 0
1 516 79 2 22 89 5616 16252 13 1 140 0.29 30 34 0
1 516 79 2 22 89 5616 16252 14 1 140 0.26 29 33 0
1 516 79 2 22 89 5616 16252 17 1 140 0.42 34 31 0
1 516 80 2 12 89 5620 16233 12 1 140 0.28 30 19 0
1 516 80 2 12 89 5620 16233 8 1 140 0.1 22 18 0
1 516 80 2 12 89 5620 16233 15 1 140 0.25 29 17 0
1 516 80 2 12 89 5620 16233 20 1 140 0.5 36 16 0
1 516 80 2 12 89 5620 16233 10 1 140 0.14 26 15 0
1 516 80 2 12 89 5620 16233 10 1 140 0.28 31 14 0
1 516 80 2 12 89 5620 16233 8 1 140 0.13 24 13 0
1 516 80 2 12 89 5620 16233 13 1 140 0.33 32 12 0
1 516 80 2 12 89 5620 16233 11 1 140 0.2 27 10 0
1 516 80 2 12 89 5620 16233 8 1 140 0.17 26 9 0
1 516 80 2 12 89 5620 16233 8 1 140 0.09 22 8 0
1 516 80 2 12 89 5620 16233 14 1 140 0.2 28 6 0
1 516 80 2 12 89 5620 16233 8 1 140 0.09 21 5 0
1 516 80 2 12 89 5620 16233 21 1 140 0.43 34 4 0
1 516 80 2 12 89 5620 16233 20 1 140 0.35 33 7 0
1 516 80 2 12 89 5620 16233 8 1 140 0.09 22 11 0
1 516 80 2 12 89 5620 16233 20 1 140 0.32 32 3 0
1 516 80 2 12 89 5620 16233 9 1 140 0.15 24 2 0
1 516 80 2 12 89 5620 16233 9 1 140 0.16 25 1 0
1 516 79 2 13 89 5620 16230 15 2 140 0.32 32 38 0
1 516 79 2 13 89 5620 16230 17 2 140 0.43 35 37 0
1 516 79 2 13 89 5620 16230 8 2 140 0.13 25 36 0
1 516 79 2 13 89 5620 16230 9 2 140 0.3 29 34 0
1 516 79 2 13 89 5620 16230 13 2 140 0.32 30 33 0
1 516 79 2 13 89 5620 16230 8 2 140 0.13 24 32 0
1 516 79 2 13 89 5620 16230 8 2 140 0.19 28 30 0
1 516 79 2 13 89 5620 16230 8 2 140 0.17 26 29 0
1 516 79 2 13 89 5620 16230 12 2 140 0.28 31 35 0
1 516 79 2 13 89 5620 16230 15 2 140 0.37 33 39 0
1 516 79 2 13 89 5620 16230 8 2 140 0.06 20 28 0
1 516 79 2 13 89 5620 16230 13 2 140 0.18 27 27 0
1 516 79 2 13 89 5620 16230 20 2 140 0.4 34 26 0
1 516 79 2 13 89 5620 16230 8 2 140 0.08 22 25 0
1 516 79 2 13 89 5620 16230 13 2 140 0.58 39 24 0
1 516 79 2 13 89 5620 16230 23 2 140 0.49 36 23 0
1 516 79 2 13 89 5620 16230 9 2 140 0.16 25 22 0
1 516 79 2 13 89 5620 16230 21 2 140 0.48 36 31 0
1 516 79 2 13 89 5620 16230 8 2 140 0.12 24 21 0
1 516 79 2 13 89 5620 16230 10 2 140 0.34 31 20 0
1 516 75 2 14 89 5620 16234 8 1 140 0.13 23 55 0
1 516 75 2 14 89 5620 16234 10 1 140 0.22 27 54 0
1 516 75 2 14 89 5620 16234 10 1 140 0.16 25 53 0
1 516 75 2 14 89 5620 16234 9 1 140 0.14 23 52 0
1 516 75 2 14 89 5620 16234 16 1 140 0.3 30 51 0
1 516 75 2 14 89 5620 16234 10 1 140 0.23 28 46 0
1 516 75 2 14 89 5620 16234 8 1 140 0.1 21 50 0
1 516 75 2 14 89 5620 16234 17 1 140 0.31 30 49 0
1 516 75 2 14 89 5620 16234 10 1 140 0.25 29 42 0
1 516 75 2 14 89 5620 16234 22 1 140 0.27 29 48 0
1 516 75 2 14 89 5620 16234 10 1 140 0.24 28 47 0
1 516 75 2 14 89 5620 16234 10 1 140 0.13 23 45 0
1 516 75 2 14 89 5620 16234 10 1 140 0.17 25 44 0
1 516 75 2 14 89 5620 16234 19 1 140 0.32 31 43 0
1 516 75 2 14 89 5620 16234 10 1 140 0.22 27 41 0
1 516 75 2 14 89 5620 16234 19 1 140 0.35 32 40 0
1 516 0 2 15 89 5616 16258 10 2 140 0.2 28 74 0
1 516 0 2 15 89 5616 16258 21 2 140 0.38 33 71 0
1 516 0 2 15 89 5616 16258 19 2 140 0.49 35 73 0
1 516 0 2 15 89 5616 16258 16 2 140 0.53 37 72 0
1 516 0 2 15 89 5616 16258 12 2 140 0.33 30 70 0
1 516 0 2 15 89 5616 16258 8 2 140 0.13 23 69 0
1 516 0 2 15 89 5616 16258 10 2 140 0.26 29 68 0
1 516 0 2 15 89 5616 16258 15 2 140 0.4 34 67 0
1 516 0 2 15 89 5616 16258 8 2 140 0.17 26 66 0
1 516 0 2 15 89 5616 16258 23 2 140 0.57 37 65 0
1 516 0 2 15 89 5616 16258 7 2 140 0.1 23 64 0
1 516 0 2 15 89 5616 16258 13 2 140 0.3 31 63 0
1 516 0 2 15 89 5616 16258 14 2 140 0.4 32 62 0
1 516 0 2 15 89 5616 16258 20 2 140 0.44 33 61 0
1 516 0 2 15 89 5616 16258 19 2 140 0.37 32 60 0
1 516 0 2 15 89 5616 16258 10 2 140 0.24 27 59 0
1 516 0 2 15 89 5616 16258 22 2 140 0.67 38 58 0
1 516 0 2 15 89 5616 16258 14 2 140 0.57 38 57 0
1 516 0 2 15 89 5616 16258 10 2 140 0.1 22 56 0
1 509 82 2 16 89 5612 16302 20 1 140 0.4 32 94 0
1 509 82 2 16 89 5612 16302 13 1 140 0.5 35 75 0
1 509 82 2 16 89 5612 16302 14 1 140 0.37 33 79 0
1 509 82 2 16 89 5612 16302 28 1 140 0.32 31 82 0
1 509 82 2 16 89 5612 16302 9 1 140 0.27 30 86 0
1 509 82 2 16 89 5612 16302 17 1 140 0.26 27 90 0
1 509 82 2 16 89 5612 16302 10 1 140 0.22 28 93 0
1 509 82 2 16 89 5612 16302 9 1 140 0.18 25 92 0
1 509 82 2 16 89 5612 16302 19 1 140 0.27 29 91 0
1 509 82 2 16 89 5612 16302 13 1 140 0.4 33 89 0
1 509 82 2 16 89 5612 16302 21 1 140 0.42 33 88 0
1 509 82 2 16 89 5612 16302 14 1 140 0.32 31 87 0
1 509 82 2 16 89 5612 16302 15 1 140 0.36 32 85 0
1 509 82 2 16 89 5612 16302 15 1 140 0.57 38 84 0
1 509 82 2 16 89 5612 16302 13 1 140 0.27 30 83 0
1 509 82 2 16 89 5612 16302 10 1 140 0.24 28 81 0
1 509 82 2 16 89 5612 16302 17 1 140 0.28 29 80 0
1 509 82 2 16 89 5612 16302 10 1 140 0.17 26 78 0
1 509 82 2 16 89 5612 16302 17 1 140 0.43 34 77 0
1 509 82 2 16 89 5612 16302 22 1 140 0.43 34 76 0
1 516 0 2 18 89 5620 16234 14 2 140 0.48 36 112 0
1 516 0 2 18 89 5620 16234 8 2 140 0.2 26 111 0
1 516 0 2 18 89 5620 16234 17 2 140 0.23 29 110 0
1 516 0 2 18 89 5620 16234 8 2 140 0.17 27 109 0
1 516 0 2 18 89 5620 16234 7 2 140 0.12 23 108 0
1 516 0 2 18 89 5620 16234 18 2 140 0.26 30 107 0
1 516 0 2 18 89 5620 16234 13 2 140 0.41 34 106 0
1 516 0 2 18 89 5620 16234 13 2 140 0.42 34 105 0
1 516 0 2 18 89 5620 16234 9 2 140 0.14 24 104 0
1 516 0 2 18 89 5620 16234 9 2 140 0.17 25 103 0
1 516 0 2 18 89 5620 16234 10 2 140 0.21 28 102 0
1 516 0 2 18 89 5620 16234 6 2 140 0.1 23 101 0
1 516 0 2 18 89 5620 16234 16 2 140 0.72 39 100 0
1 516 0 2 18 89 5620 16234 10 2 140 0.3 29 99 0
1 516 0 2 18 89 5620 16234 13 2 140 0.31 30 98 0
1 516 0 2 18 89 5620 16234 22 2 140 0.5 35 97 0
1 516 0 2 18 89 5620 16234 6 2 140 0.08 21 96 0
1 516 0 2 18 89 5620 16234 22 2 140 0.57 36 95 0
1 516 0 2 20 89 5618 16234 9 1 140 0.11 22 145 0
1 516 0 2 20 89 5618 16234 6 1 140 0.1 22 144 0
1 516 0 2 20 89 5618 16234 10 1 140 0.18 26 143 0
1 516 0 2 20 89 5618 16234 15 1 140 0.43 35 142 0
1 516 0 2 20 89 5618 16234 8 1 140 0.21 27 141 0
1 516 0 2 20 89 5618 16234 8 2 140 0.18 26 140 0
1 516 0 2 20 89 5618 16234 11 2 140 0.29 30 139 0
1 516 0 2 20 89 5618 16234 18 2 140 0.31 33 138 0
1 516 0 2 20 89 5618 16234 9 2 140 0.2 28 137 0
1 516 0 2 20 89 5618 16234 16 2 140 0.33 31 136 0
1 516 0 2 20 89 5618 16234 20 2 140 0.52 37 135 0
1 516 0 2 20 89 5618 16234 18 2 140 0.36 33 134 0
1 516 0 2 20 89 5618 16234 13 2 140 0.37 32 133 0
1 516 0 2 20 89 5618 16234 7 2 140 0.1 22 132 0
1 516 0 2 21 89 5615 16242 8 2 140 0.11 23 150 0
1 516 0 2 21 89 5615 16242 22 2 140 0.51 36 149 0
1 516 0 2 21 89 5615 16242 9 2 140 0.16 26 148 0
1 516 0 2 21 89 5615 16242 10 2 140 0.24 28 147 0
1 516 0 2 21 89 5615 16242 22 2 140 0.61 38 146 0
1 509 0 2 22 89 5609 16302 8 2 140 0.15 25 153 0
1 509 0 2 22 89 5609 16302 16 2 140 0.26 29 154 0
1 509 0 2 22 89 5609 16302 22 1 140 0.48 36 152 0
1 509 0 2 22 89 5609 16302 19 1 140 0.65 38 151 0
1 516 0 2 23 89 5608 16257 16 2 140 0.48 35 163 0
1 516 0 2 23 89 5608 16257 18 2 140 0.45 37 162 0
1 516 0 2 23 89 5608 16257 13 2 140 0.57 38 161 0
1 516 0 2 23 89 5608 16257 20 2 140 0.5 38 159 0
1 516 0 2 23 89 5608 16257 16 2 140 0.46 35 160 0
1 516 0 2 23 89 5608 16257 9 2 140 0.19 27 164 0
1 516 0 2 23 89 5608 16257 23 1 140 0.47 35 156 0
1 516 0 2 23 89 5608 16257 16 1 140 0.37 33 158 0
1 516 0 2 23 89 5608 16257 19 1 140 0.36 31 157 0
1 516 0 2 23 89 5608 16257 20 1 140 0.52 35 155 0
1 509 0 2 27 89 5621 16311 18 2 140 0.74 41 167 0
1 509 0 2 27 89 5621 16311 8 2 140 0.09 22 166 0
1 509 0 2 27 89 5621 16311 9 2 140 0.15 24 165 0
