1 2 1 8 1.7 57
1 2 1 3 0.3 33
1 2 1 7 1.05 50
1 2 1 6 0.7 45
1 2 1 8 1.3 52
1 2 1 6 0.8 48
1 2 1 9 1 49
1 2 1 9 1.2 51
1 2 1 7 1.15 52
1 2 1 6 0.9 51
1 3 1 8 1.55 56
1 3 1 8 1.5 59
1 3 1 5 0.55 42
1 3 1 7 0.95 49
1 3 1 8 1.05 55
1 3 2 6 0.75 46
1 3 2 6 0.7 45
1 3 2 7 1.05 50
1 3 2 6 0.7 44
1 3 2 6 0.9 47
1 4 1 8 1.4 56
1 4 1 7 0.83 49
1 4 1 7 1.03 50
1 4 1 6 0.8 47
1 4 1 9 1.04 50
1 4 2 7 1.05 50
1 4 2 6 0.4 38
1 4 2 7 0.75 46
1 4 2 8 0.98 49
1 4 2 7 1.03 50
1 5 2 7 0.7 44
1 5 2 8 0.9 49
1 5 2 7 1 47
1 5 2 7 1.45 56
1 5 2 7 0.8 47
1 5 1 6 0.95 50
1 5 1 7 1.3 54
1 5 1 9 1.25 51
1 5 1 8 1.45 54
1 5 1 8 1.6 54
1 6 2 6 0.95 48
1 6 2 8 0.87 47
1 6 2 7 0.9 48
1 6 2 8 0.95 49
1 6 2 7 0.8 47
1 6 1 7 1.2 53
1 6 1 6 0.67 44
1 6 1 8 1.07 50
1 6 1 6 0.58 43
1 6 1 8 0.77 48
1 7 1 6 0.85 46
1 7 1 7 1.4 54
1 7 1 8 1.05 51
1 7 1 7 0.8 47
1 7 1 9 0.85 52
1 7 2 8 1.1 51
1 7 2 6 0.7 43
1 7 2 8 1 51
1 7 2 9 1.4 55
1 7 2 8 1.2 52
1 8 2 6 0.42 30
1 8 2 8 0.9 50
1 8 2 8 1.45 55
1 8 2 7 0.75 46
1 8 2 6 1.05 51
1 8 1 10 1.5 56
1 8 1 8 1.15 52
1 8 1 7 1.25 54
1 8 1 8 1.1 52
1 8 1 2 0.05 24
1 9 1 7 0.85 48
1 9 1 7 0.75 47
1 9 1 7 0.8 48
1 9 1 7 0.9 49
1 9 1 7 0.9 49
1 9 2 7 0.95 49
1 9 2 7 0.75 46
1 9 2 7 0.9 46
1 9 2 8 1 48
1 9 2 7 1.1 51
1 10 1 3 0.65 44
1 10 1 8 1.05 52
1 10 1 5 0.7 47
1 10 1 7 0.7 47
1 10 1 3 0.25 33
1 10 2 6 1.1 52
1 10 2 10 1.1 52
1 10 2 5 0.65 43
1 10 2 7 0.7 45
1 10 2 6 0.6 42
1 11 2 5 0.31 35
1 11 1 5 0.45 39
1 11 1 2 0.14 27
1 11 1 5 0.52 42
1 11 1 8 1.4 53
1 11 1 8 0.91 48
1 11 2 7 0.55 43
1 11 2 4 0.51 41
1 11 2 3 0.27 34
1 11 2 6 0.65 45
1 12 1 13 2.3 66
1 12 1 13 1.66 61
1 12 1 9 2.2 64
1 12 1 6 1.65 56
1 12 1 9 1.47 58
1 12 2 10 1.11 55
1 12 2 5 0.52 43
1 12 2 9 0.76 49
1 12 2 6 0.74 46
1 12 2 8 0.92 50
1 13 2 5 0.57 43
1 13 2 5 0.32 36
1 13 2 5 0.42 39
1 13 2 8 0.63 45
1 13 2 5 0.42 39
1 13 1 7 0.54 44
1 13 1 6 0.57 43
1 13 1 5 0.44 40
1 13 1 6 0.64 45
1 13 1 5 0.46 41
1 14 1 9 1.05 51
1 14 1 2 0.12 26
1 14 1 5 0.67 45
1 14 1 5 0.62 44
1 14 1 5 0.38 36
1 14 2 6 0.98 52
1 14 2 5 0.51 41
1 14 2 8 0.88 48
1 14 2 6 0.47 40
1 14 2 7 0.51 42
1 15 1 5 0.52 40
1 15 1 4 0.36 37
1 15 1 3 0.22 31
1 15 1 8 0.61 45
1 15 1 6 0.47 42
1 15 2 3 0.27 33
1 15 2 6 0.61 44
1 15 2 6 0.55 44
1 15 2 5 0.5 42
1 15 2 5 0.58 44
1 16 2 6 0.42 40
1 16 2 4 0.33 37
1 16 2 6 0.45 42
1 16 2 7 0.6 43
1 16 2 5 0.49 41
1 16 1 6 0.84 46
1 16 1 6 0.63 45
1 16 1 5 0.49 41
1 16 1 5 0.51 43
1 16 1 6 0.66 46
1 17 1 9 1.11 53
1 17 1 12 1.6 58
1 17 1 6 0.4 40
1 17 1 10 1.32 56
1 17 1 8 1.59 55
1 17 1 5 0.43 39
1 17 1 7 0.51 42
1 17 2 5 0.36 37
1 17 2 5 0.4 39
1 17 2 7 0.6 45
1 18 2 5 0.46 40
1 18 2 7 0.46 41
1 18 2 6 0.35 38
1 18 2 6 0.45 41
1 18 2 5 0.31 37
1 18 1 8 1.4 56
1 18 1 8 1.37 55
1 18 1 6 0.57 43
1 18 1 6 0.46 41
1 18 1 7 0.6 43
1 19 2 6 0.36 39
1 19 2 7 0.5 42
1 19 2 5 0.37 37
1 19 1 6 0.56 44
1 19 1 6 0.65 46
1 20 2 17 1.05 54
1 20 2 5 0.3 37
1 20 1 7 0.43 41
1 20 2 7 0.52 40
1 20 1 6 0.4 40
1 21 2 8 1.15 52
1 21 1 7 1.15 50
1 21 2 6 1.4 52
1 21 2 7 1.2 50
1 21 2 5 0.75 46
1 21 2 8 1.05 48
1 21 2 7 1 49
1 21 2 8 1.45 54
1 21 1 8 1.6 60
1 21 1 8 1.15 53
1 22 1 8 1.1 51
1 22 1 7 1 49
1 22 1 6 1.15 51
1 22 1 8 1.35 53
1 22 1 7 1.25 52
1 22 1 6 0.9 48
1 22 1 8 0.95 51
1 22 1 5 1 47
1 22 1 6 0.85 48
1 22 1 7 1.25 53
1 22 1 7 0.95 49
1 22 1 5 1 49
1 22 2 8 1.15 53
1 22 2 6 0.9 47
1 22 2 6 0.9 49
1 22 2 6 0.6 46
1 22 2 7 1.1 50
1 22 2 9 1.35 53
1 22 2 8 0.85 43
1 22 2 6 1.45 54
1 23 2 7 0.95 51
1 23 2 9 0.65 45
1 23 2 6 1.45 54
1 23 2 7 0.65 47
1 23 2 6 0.7 46
1 23 1 8 1.35 50
1 23 1 6 0.75 47
1 23 1 7 0.8 48
1 23 1 6 1.55 53
1 23 1 9 0.7 47
1 24 1 6 0.95 52
1 24 1 9 1 53
1 24 1 8 1.2 52
1 24 1 7 1 51
1 24 1 8 1.25 57
1 24 2 7 0.8 49
1 24 2 7 1.45 56
1 24 2 7 0.7 48
1 24 2 6 0.65 45
1 24 2 6 0.95 51
1 25 1 7 0.9 51
1 25 1 6 0.85 47
1 25 1 8 0.95 50
1 25 1 7 0.7 48
1 25 1 7 0.55 41
1 25 2 8 0.9 50
1 25 2 6 0.8 49
1 25 2 6 0.7 47
1 25 2 6 0.55 44
1 25 2 8 1 51
1 26 1 6 0.65 44
1 26 1 5 0.75 47
1 26 1 5 0.5 43
1 26 1 7 0.95 50
1 26 1 6 0.95 48
1 26 2 5 0.6 45
1 26 2 7 0.9 48
1 26 2 5 0.45 41
1 26 2 5 0.9 47
1 26 2 7 1.2 53
1 27 2 7 0.95 51
1 27 1 5 0.65 46
1 27 1 6 0.65 45
1 27 1 7 1.2 56
1 27 1 7 0.85 49
1 27 1 8 1.2 55
1 27 2 5 0.4 40
1 27 2 9 1.15 55
1 27 2 6 0.85 49
1 27 2 7 0.6 45
1 28 2 5 0.55 44
1 28 2 5 0.5 42
1 28 2 6 0.9 48
1 28 2 5 0.45 41
1 28 2 7 0.6 45
1 28 1 6 0.95 52
1 28 1 5 0.55 43
1 28 1 10 1.2 57
1 28 1 7 1 50
1 28 1 7 0.9 49
1 29 1 11 1.9 64
1 29 1 7 1.25 54
1 29 1 7 0.5 42
1 29 1 7 1.25 55
1 29 1 8 2.15 65
1 29 2 6 1.05 53
1 29 2 -9 0.8 50
1 29 2 7 0.7 46
1 29 2 8 1.25 55
1 29 2 6 0.95 52
1 30 1 6 0.6 44
1 30 1 9 0.6 43
1 30 1 5 0.55 42
1 30 1 7 0.75 46
1 30 1 7 0.7 46
1 30 2 8 1.15 54
1 30 2 8 0.75 48
1 30 2 8 1.25 55
1 30 2 6 0.8 47
1 30 2 7 0.65 44
1 31 1 7 1 52
1 31 1 6 0.5 42
1 31 1 3 0.35 38
1 31 1 7 1.35 60
1 31 1 5 0.55 43
1 31 1 6 0.65 46
1 31 1 5 0.45 42
1 31 1 5 0.6 46
1 31 1 6 0.55 45
1 31 1 11 2.4 67
1 31 2 6 0.5 43
1 31 2 5 0.5 44
1 31 2 9 0.65 46
1 31 2 5 0.5 43
1 31 2 4 0.55 43
1 31 2 7 0.45 41
1 31 2 6 0.95 52
1 31 2 5 0.5 43
1 31 2 6 0.9 53
1 31 2 5 0.4 41
1 32 1 7 1.2 55
1 32 1 5 0.6 44
1 32 1 7 0.45 39
1 32 1 6 0.6 45
1 32 1 7 1.35 54
1 32 2 5 0.5 40
1 32 2 5 0.45 42
1 32 2 6 0.9 51
1 32 2 7 0.55 44
1 32 2 11 1.45 55
1 33 1 6 0.65 44
1 33 1 5 0.65 44
1 33 1 5 0.55 43
1 33 1 8 1.35 54
1 33 1 8 1.2 54
1 33 2 7 0.9 50
1 33 2 10 1.25 55
1 33 2 8 1.05 52
1 33 2 9 1.1 54
1 33 2 5 0.35 38
1 34 1 5 0.65 45
1 34 1 5 0.55 42
1 34 1 5 0.4 38
1 34 1 7 0.6 45
1 34 1 6 1.2 54
1 34 2 5 0.4 39
1 34 2 7 0.5 41
1 34 2 4 0.45 40
1 34 2 6 0.4 40
1 34 2 5 0.5 42
1 35 1 5 0.35 37
1 35 1 5 0.45 40
1 35 1 5 0.5 41
1 35 1 9 1.25 58
1 35 1 6 0.45 41
1 35 1 14 1.55 60
1 35 1 9 1.25 55
1 35 1 7 0.5 41
1 35 1 5 0.4 41
1 35 1 13 1.6 61
1 35 2 5 0.35 36
1 35 2 6 0.4 39
1 35 2 6 0.5 42
1 35 2 5 0.45 40
1 35 2 6 0.45 39
1 35 2 6 0.5 42
1 35 2 5 0.35 38
1 35 2 2 0.2 32
1 35 2 3 0.3 34
1 35 2 5 0.4 39
1 36 1 8 1.65 58
1 36 1 5 0.35 38
1 36 1 7 1.45 58
1 36 1 8 1.3 55
1 36 2 5 0.35 37
1 36 2 5 0.35 38
1 37 1 8 1.35 56
1 37 2 5 0.3 37
1 37 2 5 0.4 37
1 37 2 5 0.5 38
1 38 1 5 0.35 37
1 38 1 9 1.35 57
1 38 1 2 0.2 30
1 38 1 8 1.35 56
1 38 1 10 1.95 64
1 38 2 5 0.3 37
1 38 2 6 0.35 38
1 38 2 3 0.35 36
1 39 2 3 0.2 32
1 39 2 3 0.25 33
1 40 2 8 0.9 48
1 40 2 8 0.6 44
1 40 2 7 0.8 51
1 40 2 5 0.8 48
1 40 2 9 0.6 44
1 40 1 7 0.9 48
1 40 1 8 0.8 49
1 40 1 9 1.3 54
1 40 1 8 1.2 55
1 40 1 7 0.9 51
1 41 2 8 1.1 51
1 41 2 7 0.8 47
1 41 2 5 0.4 38
1 41 2 6 0.5 42
1 41 2 5 0.3 39
1 41 1 7 0.8 48
1 41 1 6 0.6 48
1 41 1 7 1 51
1 41 1 6 0.4 40
1 41 1 6 0.6 46
1 42 2 3 0.15 27
1 42 2 5 0.4 37
1 42 2 3 0.15 28
1 42 2 8 0.9 49
1 42 2 5 0.4 38
1 42 2 6 0.5 40
1 42 2 -9 0.5 40
1 42 1 8 0.5 58
1 42 1 -9 0.35 37
1 42 1 8 0.34 54
1 43 2 7 0.9 51
1 43 2 8 0.6 47
1 43 2 9 0.8 49
1 43 2 8 0.85 50
1 43 2 5 0.3 38
1 43 1 7 0.8 49
1 43 1 6 0.4 40
1 43 1 7 0.55 45
1 43 1 7 1.1 53
1 44 2 6 0.4 39
1 44 2 6 0.4 40
1 44 2 6 0.5 44
1 44 2 5 0.4 40
1 44 2 6 0.4 42
1 44 2 6 0.4 41
1 44 2 5 0.4 43
1 44 2 6 0.6 44
1 44 1 6 0.6 45
1 44 1 6 0.6 47
1 45 2 4 0.4 39
1 45 2 7 0.7 46
1 45 2 9 0.9 51
1 45 2 8 1.2 52
1 45 2 3 0.1 28
1 45 1 9 1.65 61
1 45 1 6 1.1 54
1 45 1 8 0.5 42
1 45 1 3 0.15 29
1 45 1 3 0.1 26
1 46 2 6 0.6 45
1 46 2 8 0.9 50
1 46 2 8 0.9 50
1 46 2 7 0.6 44
1 46 2 9 0.95 51
1 46 1 7 0.9 50
1 46 1 9 1.5 60
1 46 1 8 1 49
1 46 1 8 0.95 52
1 46 1 6 1.05 50
1 47 2 6 1 50
1 47 2 9 0.85 50
1 47 2 7 0.85 50
1 47 2 6 1 53
1 47 2 5 0.45 43
1 47 1 7 0.65 45
1 47 1 7 1.05 52
1 47 1 7 0.75 48
1 47 1 7 1.2 54
1 47 1 6 0.95 49
1 48 2 9 0.7 47
1 48 2 5 0.7 47
1 48 2 5 0.45 42
1 48 2 6 0.6 44
1 48 2 5 0.4 39
1 48 1 5 0.4 39
1 48 1 6 0.4 38
1 48 1 6 0.65 45
1 48 1 6 0.7 46
1 48 1 5 0.6 42
1 49 2 5 0.45 41
1 49 2 5 0.8 47
1 49 2 7 0.6 46
1 49 2 6 0.5 42
1 49 2 6 0.4 40
1 49 1 9 2 59
1 49 1 8 0.8 51
1 49 1 5 0.4 42
1 49 1 6 0.4 40
1 49 1 6 0.6 44
1 50 2 12 1.55 61
1 50 2 5 0.5 41
1 50 2 5 0.4 40
1 50 2 8 0.85 49
1 50 2 5 0.35 39
1 50 2 6 0.6 46
1 50 1 7 1.2 52
1 50 1 7 0.85 50
1 50 1 10 1 51
1 50 1 6 0.45 40
1 51 2 6 0.7 47
1 51 2 5 0.5 42
1 51 2 7 0.65 45
1 51 2 6 0.7 46
1 51 2 5 0.4 38
1 51 1 7 1 53
1 51 1 8 0.95 51
1 51 1 7 0.55 44
1 51 1 8 1 51
1 51 1 5 0.55 43
1 52 2 6 0.4 41
1 52 2 5 0.5 41
1 52 2 7 0.65 46
1 52 2 7 1.05 54
1 52 2 7 0.6 46
1 52 1 6 0.65 45
1 52 1 6 0.55 44
1 52 1 5 0.5 42
1 52 1 5 0.55 43
1 52 1 9 0.9 49
1 53 2 6 0.5 43
1 53 2 8 0.6 45
1 53 2 6 0.8 48
1 53 2 5 0.5 42
1 53 2 5 0.65 45
1 53 1 8 0.6 43
1 53 1 6 0.65 46
1 53 1 9 1 50
1 53 1 5 0.45 41
1 53 1 7 0.9 52
1 54 2 8 0.8 49
1 54 2 5 0.4 38
1 54 2 8 0.95 49
1 54 2 8 0.6 45
1 54 1 8 1.15 52
1 54 1 7 0.6 46
1 54 1 6 0.65 46
1 54 1 5 0.5 42
1 54 1 8 0.85 48
1 54 1 8 0.9 50
2 140 2 -9 1.15 53
2 140 1 -9 0.6 45
2 140 1 -9 0.8 49
2 140 1 -9 1.15 51
2 140 1 -9 0.45 38
2 140 1 -9 0.55 43
2 140 1 -9 0.95 50
2 140 1 -9 0.5 40
2 140 1 -9 1.05 52
2 140 1 -9 0.65 44
2 140 1 -9 0.55 42
2 140 2 -9 0.5 40
2 140 2 -9 0.75 48
2 140 2 -9 0.45 38
2 140 2 -9 0.35 35
2 140 2 -9 0.45 38
2 140 2 -9 0.5 39
2 140 2 -9 0.4 38
2 140 2 -9 0.35 36
2 140 2 -9 0.45 38
2 141 2 -9 0.75 46
2 141 1 -9 0.55 43
2 141 2 -9 0.55 41
2 141 1 -9 0.4 36
2 141 1 -9 0.35 34
2 141 2 -9 0.55 41
2 141 2 -9 0.5 40
2 141 1 -9 0.2 30
2 141 1 -9 0.4 47
2 141 1 -9 0.75 48
2 141 2 -9 0.8 48
2 141 1 -9 0.4 39
2 141 2 -9 0.55 40
2 141 1 -9 0.7 46
2 141 2 -9 0.7 47
2 141 1 -9 0.15 29
2 141 2 -9 0.4 39
2 141 2 -9 0.4 40
2 141 1 -9 0.45 42
2 141 2 -9 0.5 40
2 142 1 -9 0.55 44
2 142 1 -9 0.45 40
2 142 1 -9 0.4 39
2 142 2 -9 0.45 40
2 142 1 -9 0.55 47
2 142 1 -9 0.45 40
2 142 1 -9 0.45 40
2 142 2 -9 0.45 40
2 142 1 -9 0.4 37
2 142 2 -9 0.6 44
2 142 2 -9 0.65 46
2 142 2 -9 0.5 39
2 142 1 -9 0.55 41
2 142 1 -9 0.6 45
2 142 2 -9 0.3 35
2 142 2 -9 0.35 38
2 142 1 -9 0.45 39
2 142 2 -9 0.45 40
2 142 2 -9 0.35 36
2 142 2 -9 0.45 39
2 143 1 -9 0.8 46
2 143 1 -9 0.55 41
2 143 1 -9 0.65 44
2 143 1 -9 0.8 48
2 143 1 -9 0.65 45
2 143 2 -9 0.45 41
2 143 2 -9 0.55 43
2 143 2 -9 0.5 43
2 143 1 -9 0.65 43
2 143 1 -9 0.8 49
2 143 1 -9 0.5 42
2 143 1 -9 0.5 41
2 143 1 -9 0.5 41
2 143 2 -9 0.45 39
2 143 2 -9 0.5 43
2 143 2 -9 0.5 42
2 143 2 -9 0.5 42
2 143 2 -9 0.6 45
2 143 2 -9 0.55 42
2 143 2 -9 0.5 43
2 144 1 -9 0.95 49
2 144 1 -9 1.05 52
2 144 1 -9 0.7 45
2 144 1 -9 0.6 43
2 144 1 -9 0.9 50
2 144 1 -9 0.6 44
2 144 1 -9 0.5 41
2 144 1 -9 0.85 48
2 144 2 -9 0.6 43
2 144 1 -9 0.55 42
2 144 2 -9 0.5 40
2 144 1 -9 0.65 44
2 144 2 -9 0.55 43
2 144 2 -9 0.75 47
2 144 2 -9 0.6 42
2 144 2 -9 0.6 42
2 144 2 -9 0.4 39
2 144 2 -9 0.7 44
2 144 2 -9 0.5 40
2 144 2 -9 0.5 40
2 69 1 3 0.24 39
2 69 2 4 0.58 42
2 69 2 5 0.4 38
2 69 2 5 0.58 43
2 69 2 5 0.54 40
2 69 1 -9 0.58 43
2 69 2 7 0.62 45
2 69 2 5 0.46 40
2 69 1 4 0.48 41
2 69 1 5 0.48 41
2 69 1 5 0.58 44
2 69 2 5 0.5 42
2 69 1 -9 0.7 48
2 69 2 4 0.46 41
2 69 1 5 0.44 40
2 69 2 5 0.54 39
2 69 1 5 0.48 41
2 69 2 5 0.64 44
2 69 2 5 0.6 44
2 69 1 6 0.66 46
2 70 1 5 0.46 41
2 70 1 6 1.02 52
2 70 2 7 0.66 45
2 70 2 5 0.58 42
2 70 1 5 0.58 42
2 70 1 5 0.38 38
2 70 1 5 0.5 41
2 70 1 6 0.64 46
2 70 1 3 0.36 37
2 70 1 5 0.58 43
2 70 1 5 0.66 45
2 70 2 9 0.78 48
2 70 1 5 0.62 43
2 70 1 5 0.52 42
2 70 1 6 0.92 52
2 70 2 5 0.48 41
2 70 2 5 0.48 40
2 70 1 6 0.64 48
2 70 2 5 0.56 44
2 70 2 8 0.64 48
2 71 2 5 0.62 43
2 71 1 7 0.88 50
2 71 2 5 0.6 42
2 71 1 8 1.28 55
2 71 1 7 0.98 52
2 71 1 5 0.56 43
2 71 1 5 0.74 47
2 71 2 6 0.8 48
2 71 2 5 0.62 46
2 71 2 6 0.72 45
2 71 1 4 0.66 44
2 71 1 5 0.68 46
2 71 1 5 0.52 42
2 71 2 5 0.56 42
2 71 2 6 0.72 48
2 71 2 5 0.58 43
2 71 1 5 0.64 46
2 71 2 5 0.48 40
2 71 2 5 0.56 40
2 71 2 5 0.64 44
2 72 2 5 0.38 38
2 72 2 6 0.72 46
2 72 1 -9 0.66 45
2 72 1 5 0.58 44
2 72 1 5 0.62 45
2 72 2 4 0.4 37
2 72 1 6 0.94 50
2 72 2 8 0.72 47
2 72 1 5 0.36 37
2 72 1 5 0.58 43
2 72 2 5 0.56 44
2 72 2 5 0.56 44
2 72 1 -9 0.42 39
2 72 1 5 0.46 38
2 72 1 5 0.44 39
2 72 2 5 0.5 38
2 72 1 5 0.36 39
2 72 1 4 0.5 40
2 72 2 4 0.32 35
2 72 2 8 0.76 49
2 73 1 5 0.76 47
2 73 1 5 0.5 42
2 73 1 5 0.46 40
2 73 2 6 0.72 47
2 73 1 5 0.42 37
2 73 2 7 0.82 48
2 73 2 5 0.42 39
2 73 1 5 0.44 38
2 73 1 5 0.46 40
2 73 2 5 0.42 39
2 73 1 4 0.4 39
2 73 1 6 0.68 45
2 73 1 4 0.44 40
2 73 2 5 0.7 46
2 73 2 5 0.46 38
2 73 1 5 0.64 44
2 73 1 4 0.38 37
2 73 1 5 0.64 42
2 73 1 5 0.4 38
2 73 2 8 0.72 47
2 74 2 5 0.74 46
2 74 2 6 0.78 47
2 74 2 6 0.94 49
2 74 1 5 0.7 46
2 74 1 -9 0.74 48
2 74 2 4 0.38 37
2 74 2 6 0.72 48
2 74 1 7 0.62 47
2 74 2 5 0.46 39
2 74 2 5 0.42 39
2 74 2 5 0.44 38
2 74 1 5 0.66 45
2 74 1 6 0.74 48
2 74 2 -9 0.88 39
2 74 2 5 0.66 46
2 74 1 -9 0.56 44
2 74 1 -9 0.64 46
2 74 1 4 0.4 38
2 74 1 6 0.8 49
2 74 2 7 0.9 50
2 75 2 5 0.78 45
2 75 1 5 0.64 47
2 75 2 5 0.5 41
2 75 1 -9 0.74 47
2 75 2 5 0.38 37
2 75 2 5 0.38 37
2 75 2 5 0.52 41
2 75 2 4 0.4 37
2 75 2 5 0.62 45
2 75 2 4 0.36 36
2 75 2 5 0.46 41
2 75 1 6 0.6 45
2 75 1 7 0.64 47
2 75 2 4 0.34 36
2 75 2 5 0.54 43
2 75 2 5 0.44 36
2 75 2 9 1.08 55
2 75 1 -9 1.14 55
2 75 1 2 0.24 31
2 75 1 4 0.34 36
2 76 1 -9 0.7 48
2 76 1 3 0.32 35
2 76 1 4 0.36 36
2 76 1 8 0.94 50
2 76 1 3 0.26 33
2 76 2 2 0.24 32
2 76 1 2 0.26 30
2 76 1 -9 0.72 49
2 76 2 4 0.34 36
2 76 2 -9 0.74 37
2 76 2 2 0.24 32
2 76 2 2 0.2 30
2 76 1 2 0.28 33
2 76 2 3 0.32 34
2 76 2 3 0.3 35
2 76 1 2 0.18 30
2 76 2 4 0.3 35
2 76 1 2 0.22 33
2 76 2 3 0.24 35
2 76 2 4 0.22 32
2 87 1 -9 0.77 48
2 87 2 -9 0.5 43
2 87 1 -9 0.73 45
2 87 2 -9 0.93 51
2 87 1 -9 0.79 47
2 87 1 -9 0.93 50
2 87 1 -9 0.54 44
2 87 2 -9 0.59 46
2 87 1 -9 0.52 43
2 88 2 -9 0.68 42
2 88 2 -9 0.61 42
2 88 1 -9 0.79 47
2 88 1 -9 0.95 50
2 88 2 -9 0.7 46
2 89 2 -9 1.35 42
2 89 1 -9 1.55 45
2 89 2 -9 1.2 41
2 89 2 -9 0.57 41
2 89 2 -9 0.95 49
2 89 2 -9 0.77 46
2 89 2 -9 1 49
2 89 2 -9 0.54 41
2 89 2 -9 0.57 42
2 89 2 -9 0.64 41
2 89 1 -9 0.73 46
2 89 1 -9 1.2 42
2 89 1 -9 0.93 51
2 89 1 -9 1.3 42
2 89 1 -9 1.3 45
2 90 2 -9 0.82 49
2 90 2 -9 0.43 41
2 90 2 -9 0.7 46
2 90 1 -9 0.73 47
2 90 1 -9 1.07 52
2 90 1 -9 0.59 43
2 90 2 -9 0.59 43
2 90 1 -9 0.64 45
2 90 2 -9 0.59 43
2 90 2 -9 0.61 43
2 91 1 -9 0.68 44
2 91 2 -9 0.73 46
2 91 1 -9 0.61 43
2 91 2 -9 0.64 42
2 91 1 -9 0.57 42
2 91 1 -9 0.77 47
2 91 1 -9 0.84 47
2 91 1 -9 0.7 45
2 91 2 -9 0.77 49
2 91 1 -9 0.61 43
2 92 2 -9 0.59 46
2 92 2 -9 0.73 45
2 92 1 -9 0.77 47
2 92 2 -9 0.41 40
2 92 1 -9 0.61 41
2 92 1 -9 0.52 42
2 92 2 -9 0.48 40
2 92 1 -9 0.7 50
2 92 1 -9 0.61 55
2 92 1 -9 0.66 48
2 93 1 -9 0.54 42
2 93 1 -9 0.45 40
2 93 1 -9 0.86 50
2 93 2 -9 0.39 39
2 93 2 -9 0.54 44
2 93 2 -9 0.45 41
2 93 2 -9 0.57 44
2 93 2 -9 0.36 38
2 93 2 -9 0.45 40
2 93 1 -9 0.78 40
2 94 2 -9 0.88 51
2 94 1 -9 0.45 40
2 94 1 -9 0.43 40
2 94 1 -9 0.61 46
2 94 2 -9 0.43 40
2 94 2 -9 0.59 43
2 94 2 -9 0.45 40
2 94 1 -9 0.66 44
2 94 1 -9 0.68 46
2 94 2 -9 0.43 40
2 95 2 -9 0.68 45
2 95 1 -9 0.43 40
2 95 1 -9 0.48 39
2 95 1 -9 0.48 41
2 95 1 -9 0.54 39
2 95 2 -9 0.45 39
2 95 2 -9 0.68 47
2 95 1 -9 0.45 39
2 95 1 -9 0.54 41
2 95 2 -9 0.43 39
2 55 1 6 0.9 50
2 55 1 5 0.77 46
2 55 1 -9 0.85 50
2 55 2 5 0.45 39
2 55 1 6 0.8 48
2 55 2 -9 0.52 40
2 55 1 7 0.7 47
2 55 1 5 0.6 44
2 55 1 6 0.87 51
2 55 1 6 0.58 44
2 55 1 5 0.86 45
2 55 2 7 0.73 48
2 55 1 7 0.75 50
2 55 1 6 0.52 41
2 55 2 5 0.46 42
2 55 1 7 0.62 45
2 55 1 8 0.92 53
2 55 1 6 0.8 49
2 55 1 6 0.95 50
2 55 1 10 0.69 49
2 56 1 6 0.77 50
2 56 2 4 0.56 42
2 56 2 9 0.96 51
2 56 1 5 0.54 40
2 56 1 8 0.67 49
2 56 1 6 0.7 49
2 56 1 7 0.88 51
2 56 1 5 0.7 45
2 56 1 7 1.07 55
2 56 1 6 0.28 46
2 56 1 6 0.75 48
2 56 1 5 0.55 42
2 56 1 7 0.78 50
2 56 1 7 1.25 56
2 56 1 5 0.75 47
2 56 2 7 0.63 42
2 56 2 5 0.55 41
2 56 1 5 0.6 44
2 56 1 5 0.65 44
2 56 2 5 0.6 43
2 57 2 5 0.5 40
2 57 1 5 0.55 41
2 57 2 6 0.85 50
2 57 1 4 0.75 47
2 57 2 5 0.5 42
2 57 1 5 0.6 46
2 57 1 9 0.95 57
2 57 2 5 0.5 42
2 57 2 5 0.4 40
2 57 2 -9 0.4 39
2 57 2 6 0.7 50
2 57 2 5 0.38 39
2 57 2 5 0.7 48
2 57 2 6 0.62 43
2 57 2 5 0.4 39
2 57 1 3 0.52 42
2 57 2 5 0.55 43
2 57 1 5 0.55 44
2 57 2 5 0.6 44
2 57 1 5 0.65 46
2 58 1 7 0.7 47
2 58 1 5 0.6 45
2 58 1 8 1 53
2 58 2 8 1 53
2 58 2 5 0.48 39
2 58 1 5 0.62 46
2 58 2 6 0.8 50
2 58 2 6 0.75 46
2 58 1 5 0.5 42
2 58 2 5 0.65 40
2 58 2 5 0.7 46
2 58 2 -9 0.8 49
2 58 2 7 0.85 49
2 58 1 5 0.6 42
2 58 2 9 1 51
2 58 1 7 0.58 43
2 58 1 8 0.9 51
2 58 2 7 0.65 45
2 58 2 5 0.5 43
2 58 1 5 0.6 42
2 59 2 8 0.7 44
2 59 2 6 0.65 44
2 59 1 2 0.1 26
2 59 2 2 0.15 29
2 59 1 5 0.48 41
2 59 2 2 0.25 32
2 59 2 2 0.2 32
2 59 1 2 0.25 30
2 59 1 5 0.64 45
2 59 2 2 0.18 28
2 59 1 2 0.33 34
2 59 2 9 0.62 47
2 59 2 6 0.74 47
2 59 2 8 0.82 49
2 59 1 2 0.29 32
2 59 2 3 0.34 35
2 59 1 8 0.81 45
2 59 2 5 0.44 38
2 59 2 8 0.71 42
2 59 1 2 0.28 32
2 60 2 7 0.75 49
2 60 2 6 0.8 49
2 60 1 5 0.75 47
2 60 1 6 0.82 48
2 60 2 6 0.93 50
2 60 1 9 0.95 51
2 60 1 6 0.88 48
2 60 2 6 0.55 44
2 60 1 8 0.9 51
2 60 2 5 0.56 41
2 60 1 4 0.62 43
2 60 2 8 1.3 54
2 60 1 7 0.75 47
2 60 1 6 0.7 48
2 60 2 7 1.1 55
2 60 1 -9 1.15 54
2 60 2 5 0.65 44
2 60 2 5 0.55 42
2 60 2 9 0.75 48
2 60 2 5 0.7 48
3 61 1 5 0.45 41
3 61 1 5 0.52 43
3 61 1 5 0.43 41
3 61 2 6 0.36 40
3 61 1 7 1.15 59
3 61 2 7 0.75 46
3 61 1 6 0.52 43
3 61 2 11 0.58 47
3 61 2 9 1.1 52
3 61 2 5 0.48 41
3 61 2 4 0.33 37
3 61 2 5 0.5 41
3 61 2 -9 0.74 48
3 61 1 5 0.56 43
3 61 2 3 0.35 37
3 61 1 3 0.33 36
3 61 1 5 0.44 40
3 61 2 7 0.65 47
3 61 1 4 0.42 40
3 61 2 5 0.47 41
3 61 1 16 1.8 64
3 62 2 5 0.53 43
3 62 2 10 0.62 47
3 62 1 7 0.95 52
3 62 1 5 0.45 40
3 62 2 8 1.2 55
3 62 2 8 1.17 53
3 62 1 8 1.03 52
3 62 2 5 0.46 38
3 62 1 5 0.37 39
3 62 2 9 1.02 52
3 62 1 5 0.5 39
3 62 1 9 0.97 53
3 62 1 7 0.89 53
3 62 2 9 1.03 53
3 62 1 1 0.05 19
3 62 1 6 1.32 55
3 62 1 8 1.35 57
3 62 1 7 1.01 53
3 62 1 6 1.15 57
3 63 1 3 0.32 36
3 63 2 5 0.38 38
3 63 1 5 1.05 55
3 63 2 3 0.28 35
3 63 2 5 0.5 45
3 63 1 5 0.33 38
3 63 2 8 1 52
3 63 1 2 0.25 33
3 63 1 5 0.38 38
3 63 1 8 1.26 57
3 63 1 2 0.18 30
3 63 1 5 0.39 39
3 63 1 2 0.24 34
3 63 1 2 0.28 35
3 63 2 3 0.34 36
3 63 1 3 0.37 37
3 63 2 3 0.28 34
3 63 1 2 0.14 29
3 63 2 5 0.36 38
3 63 1 4 0.39 40
3 63 1 2 0.25 33
2 64 2 5 0.4 37
2 64 2 5 0.91 53
2 64 2 5 0.49 38
2 64 2 6 0.64 45
2 64 2 7 0.87 51
2 64 2 5 0.55 45
2 64 2 4 0.38 37
2 64 2 6 0.59 45
2 64 1 5 0.44 39
2 64 1 7 1.04 54
2 64 2 6 0.97 52
2 64 1 5 0.41 38
2 64 1 5 0.44 39
2 64 2 7 0.93 51
2 64 2 6 0.85 51
2 64 1 5 0.44 38
2 64 1 7 0.96 54
2 64 2 7 0.99 53
2 64 1 9 1.16 54
2 65 2 4 0.55 40
2 65 1 5 0.7 41
2 65 2 4 0.45 39
2 65 2 6 0.57 42
2 65 2 6 0.65 42
2 65 2 5 0.63 43
2 65 1 7 0.8 47
2 65 1 5 0.7 42
2 65 1 6 0.6 43
2 65 1 5 0.75 45
2 66 2 5 0.55 43
2 66 2 5 0.48 39
2 66 2 7 0.8 48
2 66 2 4 0.75 42
2 66 2 2 0.3 30
2 66 2 5 0.63 40
2 66 1 5 0.51 40
2 66 1 2 0.31 29
2 66 1 2 0.3 27
2 66 1 4 0.47 40
2 67 2 5 0.55 45
2 67 2 6 0.48 42
2 67 2 5 0.45 38
2 67 2 4 0.33 37
2 67 2 5 0.47 38
2 67 2 4 0.47 38
2 67 1 2 0.3 28
2 67 1 4 0.4 36
2 67 1 4 0.32 37
2 68 2 4 0.4 41
2 68 2 5 0.45 42
2 68 2 5 0.4 40
2 68 2 4 0.39 40
2 68 2 7 0.47 46
2 68 2 4 0.34 38
2 68 1 6 0.4 43
2 68 1 4 0.26 35
2 68 1 2 0.29 35
2 68 1 5 0.36 37
2 122 2 -9 0.7 46
2 122 1 -9 0.95 48
2 122 2 -9 1.05 51
2 122 2 -9 0.8 49
2 122 2 -9 0.85 50
2 122 2 -9 0.65 46
2 122 1 -9 0.85 49
2 122 1 -9 0.85 50
2 122 1 -9 0.8 50
2 122 1 -9 1.05 49
2 123 1 -9 0.65 41
2 123 1 -9 0.7 47
2 123 1 -9 0.55 41
2 123 1 -9 0.75 48
2 123 1 -9 0.55 41
2 123 2 -9 1 53
2 123 2 -9 1.05 53
2 123 2 -9 0.45 39
2 123 2 -9 0.6 44
2 123 2 -9 0.6 43
2 124 2 -9 0.6 46
2 124 2 -9 0.55 42
2 124 2 -9 0.7 45
2 124 2 -9 0.45 39
2 124 2 -9 0.45 41
2 124 1 -9 0.7 47
2 124 1 -9 0.85 46
2 124 1 -9 0.65 47
2 124 1 -9 0.9 51
2 124 1 -9 0.5 42
2 125 2 -9 0.9 50
2 125 2 -9 1 53
2 125 2 -9 0.45 40
2 125 2 -9 0.55 42
2 125 2 -9 0.55 42
2 125 1 -9 1.2 53
2 125 1 -9 1.2 55
2 125 1 -9 1.25 58
2 125 1 -9 0.8 50
2 125 1 -9 0.8 50
2 125 2 -9 0.6 41
2 125 2 -9 1.1 52
2 125 2 -9 0.85 50
2 125 2 -9 0.95 51
2 125 2 -9 0.6 43
2 125 1 -9 0.85 49
2 125 1 -9 0.95 49
2 125 1 -9 0.85 46
2 125 1 -9 0.85 44
2 125 1 -9 0.65 46
2 126 1 -9 0.65 45
2 126 1 -9 0.85 50
2 126 1 -9 0.65 45
2 126 1 -9 0.8 49
2 126 1 -9 0.55 41
2 126 2 -9 0.8 50
2 126 2 -9 0.75 46
2 126 2 -9 0.8 46
2 126 2 -9 0.6 44
2 126 2 -9 0.55 41
2 127 2 -9 0.7 48
2 127 2 -9 0.6 44
2 127 2 -9 0.55 41
2 127 2 -9 0.55 43
2 127 2 -9 0.9 42
2 127 1 -9 1 52
2 127 1 -9 0.85 47
2 127 1 -9 0.7 45
2 127 1 -9 0.7 45
2 127 1 -9 1.1 51
2 128 2 -9 1 58
2 128 2 -9 0.6 45
2 128 2 -9 0.85 51
2 128 2 -9 0.95 51
2 128 2 -9 0.7 47
2 128 1 -9 0.6 43
2 128 1 -9 0.65 45
2 128 1 -9 0.8 48
2 128 1 -9 0.6 43
2 128 1 -9 0.55 44
2 129 2 -9 0.55 43
2 129 2 -9 0.55 42
2 129 2 -9 0.85 51
2 129 2 -9 0.45 41
2 129 2 -9 0.75 48
2 129 1 -9 0.7 47
2 129 1 -9 1.1 56
2 129 1 -9 0.5 44
2 129 1 -9 0.5 42
2 129 1 -9 0.55 42
2 130 1 -9 1 51
2 130 2 -9 1.05 53
2 130 2 -9 0.65 50
2 130 2 -9 0.55 41
2 130 2 -9 0.6 47
2 130 1 -9 0.65 46
2 130 1 -9 0.75 48
2 130 1 -9 0.6 44
2 130 1 -9 0.55 48
2 131 1 -9 0.45 41
2 131 1 -9 0.5 42
2 131 1 -9 1.1 53
2 131 1 -9 0.55 44
2 131 1 -9 0.65 43
2 131 2 -9 0.55 43
2 131 2 -9 0.4 40
2 131 2 -9 0.4 39
2 131 2 -9 0.7 48
2 131 2 -9 0.7 48
3 132 2 -9 0.55 42
3 132 2 -9 0.85 48
3 132 2 -9 0.8 49
3 132 2 -9 1.65 61
3 132 2 -9 1.15 54
3 132 1 -9 0.5 42
3 132 1 -9 1.35 58
3 132 1 -9 1.15 55
3 132 1 -9 1 51
3 132 1 -9 1.2 57
3 133 2 -9 0.55 44
3 133 2 -9 0.85 49
3 133 2 -9 0.45 39
3 133 2 -9 0.4 39
3 133 2 -9 0.65 45
3 133 1 -9 1 53
3 133 1 -9 1.45 55
3 133 1 -9 0.4 38
3 133 1 -9 0.55 43
3 133 1 -9 0.4 40
2 134 1 -9 1.5 58
2 134 1 -9 0.5 40
2 134 1 -9 1.05 51
2 134 1 -9 0.65 43
2 134 1 -9 0.5 40
2 134 2 -9 0.8 45
2 134 2 -9 0.7 44
2 134 2 -9 0.5 40
2 134 2 -9 1.15 53
2 134 2 -9 0.55 40
2 135 1 -9 0.7 46
2 135 1 -9 0.45 39
2 135 1 -9 0.55 39
2 135 1 -9 0.55 40
2 135 1 -9 0.5 40
2 135 2 -9 0.65 45
2 135 2 -9 0.6 40
2 135 2 -9 0.95 49
2 135 2 -9 0.45 37
2 136 1 -9 1.15 52
2 136 1 -9 1.1 52
2 136 1 -9 1.2 52
2 136 1 -9 0.55 39
2 136 2 -9 0.5 39
2 136 2 -9 0.8 47
2 136 2 -9 0.7 47
2 136 2 -9 1.05 52
2 136 2 -9 1.1 52
2 137 1 -9 0.2 31
2 137 1 -9 0.4 38
2 137 1 -9 0.2 29
2 137 1 -9 0.4 38
2 137 1 -9 0.25 32
2 137 2 -9 0.5 38
2 137 2 -9 0.3 34
2 137 2 -9 0.45 38
2 137 2 -9 0.35 36
2 137 2 -9 0.55 39
2 138 1 -9 0.2 31
2 138 1 -9 0.15 27
2 138 1 -9 0.2 28
2 138 1 -9 0.2 29
2 138 1 -9 0.15 28
2 138 2 -9 0.4 38
2 138 2 -9 0.35 37
2 138 2 -9 0.2 30
2 138 2 -9 0.35 35
2 138 2 -9 0.4 38
2 139 2 -9 0.35 35
2 139 2 -9 0.5 37
2 139 2 -9 1.4 55
2 139 2 -9 0.45 37
2 139 2 -9 0.4 37
2 139 1 -9 0.45 38
2 139 1 -9 0.5 38
2 139 1 -9 0.5 39
2 139 1 -9 0.55 39
2 139 1 -9 1.25 55
2 77 2 5 0.4 58
2 77 2 5 0.4 58
2 77 2 5 0.6 52
2 77 2 6 0.5 52
2 77 2 4 0.4 49
2 77 2 5 0.35 47
2 77 1 -9 0.15 38
2 77 2 5 0.5 51
2 77 1 -9 0.15 36
2 77 2 6 0.45 49
2 77 2 5 0.5 54
2 77 2 4 0.25 45
2 77 2 4 0.4 48
2 77 1 6 0.35 47
2 77 2 3 0.2 41
2 77 1 5 0.3 46
2 77 1 5 0.45 50
2 77 2 5 0.6 56
2 77 2 5 0.45 49
2 77 2 5 0.45 51
2 78 1 5 0.4 48
2 78 1 5 0.45 50
2 78 1 5 0.4 47
2 78 1 5 0.54 53
2 78 2 5 0.45 49
2 78 2 5 0.35 45
2 78 1 -9 0.15 36
2 78 1 5 0.4 48
2 78 2 5 0.4 48
2 78 2 3 0.25 40
2 78 1 -9 0.15 37
2 78 2 -9 0.2 41
2 78 1 -9 0.15 35
2 78 2 -9 0.15 37
2 78 2 5 0.45 50
2 78 1 5 0.4 47
2 78 1 5 0.45 50
2 78 1 5 0.45 50
2 78 1 6 0.4 49
2 78 2 4 0.35 46
2 79 1 4 0.35 37
2 79 1 4 0.45 40
2 79 2 5 0.4 37
2 79 1 5 0.4 40
2 79 1 5 0.5 41
2 79 2 -9 0.15 37
2 79 2 5 0.35 38
2 79 1 -9 0.4 38
2 79 1 5 0.5 41
2 79 1 5 0.4 37
2 79 1 4 0.2 39
2 79 1 5 0.2 37
2 79 1 5 0.15 37
2 79 2 -9 0.15 38
2 79 1 2 0.25 32
2 79 2 -9 0.4 39
2 79 1 -9 0.55 42
2 80 2 -9 0.55 30
2 80 1 5 0.55 42
2 80 1 5 0.4 37
2 80 1 5 0.6 44
2 80 2 5 0.45 41
2 80 2 5 0.45 40
2 80 1 2 0.2 30
2 80 2 2 0.2 29
2 80 1 2 0.15 28
2 80 2 2 0.2 30
2 80 2 4 0.4 37
2 80 2 4 0.5 39
2 80 2 6 0.4 40
2 80 1 -9 0.85 40
2 80 1 2 0.2 30
2 80 1 4 0.35 38
2 80 1 2 0.25 31
2 80 1 2 0.2 28
2 80 2 2 0.15 26
2 80 1 3 0.3 33
2 81 2 4 0.5 41
2 81 2 5 0.65 43
2 81 1 4 0.4 38
2 81 1 3 0.4 37
2 81 1 4 0.6 45
2 81 2 6 0.65 44
2 81 1 5 0.7 46
2 81 2 5 0.5 42
2 81 1 4 0.45 39
2 81 2 5 0.6 43
2 81 2 4 0.5 40
2 81 1 4 0.45 39
2 81 1 4 0.45 41
2 81 2 5 0.4 37
2 81 2 5 0.5 39
2 81 2 7 0.7 48
2 81 2 5 0.45 39
2 81 2 6 0.45 39
2 81 2 5 0.55 42
2 81 2 5 0.55 41
2 82 2 6 0.55 41
2 82 1 5 0.55 44
2 82 2 5 0.6 42
2 82 2 5 0.6 42
2 82 2 5 0.65 45
2 82 1 6 0.65 44
2 82 1 6 0.55 43
2 82 1 5 0.6 41
2 82 1 5 0.55 42
2 82 2 5 0.55 40
2 82 2 5 0.4 38
2 82 1 6 0.7 45
2 82 2 5 0.65 45
2 82 2 6 0.65 43
2 82 1 5 0.45 41
2 82 1 5 0.45 40
2 82 1 5 0.6 45
2 82 2 5 0.55 43
2 82 1 5 0.65 45
2 82 1 5 0.55 43
2 83 2 5 0.5 40
2 83 1 5 0.5 40
2 83 2 7 0.85 49
2 83 2 5 0.6 44
2 83 1 5 0.7 49
2 83 1 3 0.55 42
2 83 1 4 0.55 42
2 83 1 6 0.65 45
2 83 1 5 0.6 43
2 83 1 5 0.7 44
2 83 2 5 0.55 45
2 83 1 5 0.45 39
2 83 2 6 0.8 46
2 83 2 5 0.6 44
2 83 1 5 0.55 43
2 83 1 5 0.5 41
2 83 2 5 0.5 39
2 83 1 4 0.5 39
2 83 1 4 0.5 39
2 83 2 4 0.45 38
2 84 1 5 0.65 44
2 84 1 5 0.6 42
2 84 2 7 0.8 50
2 84 2 5 0.45 38
2 84 1 6 0.5 43
2 84 2 4 0.4 38
2 84 1 6 0.8 48
2 84 1 5 0.5 40
2 84 1 3 0.25 31
2 84 2 5 0.3 35
2 84 1 2 0.2 30
2 84 2 3 0.2 30
2 84 1 -9 0.6 40
2 84 2 4 0.45 38
2 84 1 6 0.6 41
2 84 2 6 0.6 44
2 84 1 6 0.7 48
2 84 2 5 0.7 44
2 84 1 4 0.5 41
2 84 1 3 0.3 34
2 85 1 2 0.2 29
2 85 1 2 0.2 31
2 85 2 3 0.2 34
2 85 2 5 0.35 36
2 85 2 2 0.25 32
2 85 2 2 0.15 25
2 85 1 2 0.15 26
2 85 1 4 0.35 36
2 85 1 2 0.2 29
2 85 1 2 0.2 31
2 85 2 2 0.2 29
2 85 2 2 0.2 32
2 85 2 5 0.35 36
2 85 2 2 0.2 28
2 85 1 2 0.2 29
2 85 1 3 0.3 34
2 85 1 2 0.2 29
2 85 2 2 0.2 26
2 85 1 2 0.2 30
2 85 1 2 0.2 30
2 86 2 6 0.5 43
2 86 1 5 0.45 39
2 86 1 5 0.7 46
2 86 2 5 0.6 44
2 86 2 -9 0.45 37
2 86 2 -9 0.2 30
2 86 1 5 0.7 46
2 86 1 -9 0.55 41
2 86 1 5 0.9 51
2 86 1 6 0.55 42
2 86 2 5 0.6 45
2 86 2 5 0.45 40
2 86 1 5 0.65 45
2 86 1 6 0.55 43
2 86 2 -9 0.8 48
2 86 2 3 0.35 36
2 86 1 5 0.35 36
2 86 2 4 0.35 37
2 86 1 5 0.8 48
2 96 1 4 0.4 38
2 96 2 4 0.3 35
2 96 2 5 0.45 40
2 96 1 2 0.2 28
2 96 1 4 0.9 46
2 96 1 5 0.9 46
2 96 2 3 0.24 32
2 96 2 4 0.45 39
2 96 1 5 0.42 39
2 96 1 2 0.2 27
2 97 1 5 0.31 40
2 97 1 2 0.15 26
2 98 1 5 0.55 44
2 98 1 5 0.5 41
2 98 2 5 0.52 43
2 98 2 5 0.6 44
2 98 2 5 0.39 38
2 98 2 6 0.61 45
2 98 2 8 0.75 49
2 98 1 3 0.17 30
2 99 2 5 0.5 41
2 99 2 5 0.45 39
2 99 2 6 0.5 42
2 99 2 6 0.7 49
2 99 2 5 0.55 42
2 100 1 4 0.48 41
2 100 1 5 0.6 42
2 100 1 5 0.65 43
2 100 1 5 0.41 39
2 100 1 4 0.4 38
2 101 2 7 0.65 44
2 101 2 4 0.46 41
2 101 2 5 0.4 38
2 101 2 5 0.46 40
2 102 1 -9 0.66 47
2 102 1 7 0.65 49
2 102 1 6 0.6 45
2 102 1 5 0.4 40
2 102 1 5 0.55 42
2 103 2 6 0.62 46
2 103 2 6 0.6 45
2 103 2 5 0.37 36
2 104 2 6 0.67 47
2 104 1 7 0.75 48
2 104 1 6 0.65 47
2 104 1 4 0.46 42
2 104 1 5 0.57 44
2 104 1 5 0.4 40
2 105 2 5 0.5 44
2 105 2 5 0.71 47
2 105 2 5 0.52 43
2 105 2 5 0.48 41
2 105 2 5 0.4 38
2 105 1 8 1.3 57
2 105 1 5 0.8 50
2 105 1 7 0.77 49
2 105 1 -9 0.45 41
2 105 1 5 0.47 42
2 106 1 5 0.55 43
2 106 1 5 0.68 46
2 106 1 4 0.4 39
2 106 1 5 0.5 41
2 106 1 3 0.33 35
2 107 2 4 0.46 39
2 107 2 -9 0.76 47
2 107 2 5 0.55 43
2 107 2 5 0.42 40
2 107 2 5 0.4 37
2 108 1 6 0.67 46
2 108 1 5 0.46 42
2 108 1 6 0.77 50
2 108 1 5 0.45 42
2 108 1 5 0.36 38
2 109 2 5 0.45 40
2 109 2 5 0.5 41
2 109 2 5 0.42 39
2 109 2 5 0.4 39
2 109 2 3 0.26 33
2 110 1 7 0.71 46
2 110 1 6 0.92 50
2 110 1 5 0.53 41
2 110 1 7 0.78 48
2 110 1 5 0.39 38
2 111 2 5 0.37 38
2 111 2 5 0.41 40
2 111 2 5 0.41 40
2 111 2 4 0.33 36
2 111 2 5 0.38 37
2 112 1 2 0.18 29
2 112 1 5 0.52 43
2 112 1 4 0.44 40
2 112 1 2 0.19 30
2 112 1 4 0.25 33
2 112 2 5 0.5 42
2 112 2 -9 0.4 38
2 112 2 5 0.35 37
2 112 2 3 0.25 33
2 112 2 4 0.25 34
2 113 1 4 0.4 40
2 113 1 4 0.38 39
2 113 1 5 0.51 43
2 113 1 6 0.58 45
2 113 1 3 0.28 36
2 113 2 4 0.3 36
2 113 2 3 0.21 32
2 113 2 5 0.49 42
2 113 2 5 0.35 37
2 113 2 2 0.16 29
2 114 1 8 0.79 48
2 114 1 7 0.95 51
2 114 1 3 0.17 31
2 114 1 2 0.21 31
2 114 1 7 0.82 49
2 114 2 5 0.5 43
2 114 2 2 0.2 31
2 114 2 5 0.6 44
2 114 2 4 0.27 34
2 114 2 4 0.3 36
2 115 1 7 0.71 47
2 115 1 5 0.87 49
2 115 1 5 0.95 52
2 115 1 6 0.7 47
2 115 1 4 0.29 35
2 116 2 6 0.65 45
2 116 2 2 0.2 32
2 116 2 2 0.19 30
2 116 2 5 0.67 44
2 116 2 7 0.94 51
2 116 1 -9 0.65 47
2 116 1 5 0.63 44
2 116 1 8 1.1 52
2 116 1 6 0.75 49
2 116 1 7 0.93 51
2 117 2 7 0.96 53
2 117 2 6 0.93 49
2 117 2 7 0.6 45
2 117 2 2 0.2 33
2 117 2 2 0.17 29
2 118 1 5 0.64 45
2 118 1 3 0.3 36
2 118 1 2 0.17 30
2 118 1 -9 0.37 37
2 118 1 2 0.18 31
2 118 2 4 0.29 35
2 118 2 7 0.73 47
2 118 2 2 0.13 28
2 118 2 3 0.16 30
2 118 2 3 0.24 33
2 119 1 4 0.3 36
2 119 1 2 0.18 30
2 119 1 5 0.5 44
2 119 1 2 0.13 27
2 119 1 5 0.45 37
2 119 2 2 0.15 28
2 119 2 2 0.16 29
2 119 2 4 0.26 33
2 119 2 5 0.31 35
2 119 2 2 0.2 31
2 120 1 4 0.34 37
2 120 1 2 0.12 27
2 120 1 5 0.31 35
2 120 1 2 0.16 28
2 120 1 2 0.21 31
2 120 1 2 0.18 30
2 120 1 5 0.33 36
2 120 1 2 0.17 29
2 120 1 5 0.64 45
2 120 1 3 0.21 33
2 120 2 3 0.28 35
2 120 2 2 0.2 31
2 120 2 8 0.85 52
2 120 2 2 0.16 28
2 120 2 3 0.27 32
2 121 2 2 0.13 28
2 121 2 2 0.17 30
2 121 2 2 0.16 29
2 121 2 3 0.33 34
2 121 2 6 0.77 47
1 1 2 7 1.12 52
1 1 2 11 1.25 53
1 1 1 7 1 52
1 1 1 7 0.75 45
1 1 1 7 1.05 50
1 1 1 8 0.99 49
1 1 1 7 0.95 51
1 1 1 12 1.94 64
1 1 1 6 0.73 46
1 1 1 10 1.05 53
1 1 1 -9 1.61 56
1 1 2 6 0.82 47
1 1 1 9 1.24 55
1 1 2 9 1.11 50
1 1 2 6 0.65 44
1 1 2 7 0.7 46
1 1 2 14 1.13 54
1 1 2 7 0.72 45
1 1 2 8 1.07 55
1 1 2 7 0.88 48
1 1 2 5 0.48 38
1 1 2 5 0.52 42
1 1 2 6 0.61 45
1 1 2 6 0.79 47
1 1 2 6 0.6 44
1 1 2 6 0.64 46
1 1 2 6 0.9 52
1 1 2 12 1.1 54
1 1 2 8 0.92 49
1 1 2 18 1.31 57
1 1 1 5 0.52 41
1 1 1 6 0.59 44
1 1 1 6 0.83 48
1 1 1 7 0.97 49
1 1 1 7 0.69 46
1 1 1 7 0.72 47
1 1 1 7 0.82 49
1 1 1 7 1.23 54
1 1 1 9 1.32 57
1 1 1 8 0.95 50
1 1 2 5 0.41 38
1 1 2 6 0.57 42
1 1 2 6 0.58 44
1 1 2 5 0.49 40
1 1 2 6 0.57 43
1 1 2 8 0.94 49
1 1 2 7 0.8 48
1 1 2 9 1.12 51
1 1 2 8 1.59 56
1 1 2 15 1.67 58
1 1 1 5 0.66 43
1 1 1 5 0.65 44
1 1 1 7 0.63 44
1 1 1 6 0.63 45
1 1 1 7 0.65 47
1 1 1 8 0.82 48
1 1 1 7 0.79 49
1 1 1 11 1.52 58
1 1 1 15 1.6 60
1 1 1 10 2.13 62
1 1 2 9 1.3 53
1 1 2 7 0.95 51
1 1 2 5 0.45 40
1 1 2 6 0.6 45
1 1 2 8 0.9 49
1 1 2 5 0.7 46
1 1 2 7 0.6 44
1 1 2 5 0.65 43
1 1 2 8 1.35 55
1 1 2 7 1.1 51
1 1 1 8 1.1 52
1 1 1 6 0.8 50
1 1 1 6 0.35 39
1 1 1 8 1.3 54
1 1 1 6 1.15 48
1 1 1 6 1.1 52
1 1 1 4 0.65 45
1 1 1 6 1.05 52
1 1 1 7 0.95 50
1 1 1 8 0.9 51
1 1 2 6 1.15 53
1 1 2 5 0.75 49
1 1 2 6 0.8 49
1 1 2 8 0.8 49
1 1 2 6 0.9 51
1 1 2 9 1.3 53
1 1 2 6 0.7 47
1 1 2 5 0.8 48
1 1 2 8 1.1 55
1 1 2 7 0.6 46
1 1 1 7 0.85 49
1 1 1 7 0.75 49
1 1 1 6 1.05 53
1 1 1 7 0.9 51
1 1 1 7 0.75 49
1 1 1 6 1.3 54
1 1 1 8 1.05 54
1 1 1 7 1.15 55
1 1 1 11 1.5 57
1 1 1 9 0.85 52
1 1 2 9 0.8 47
1 1 2 10 1 49
1 1 2 9 0.95 51
1 1 2 6 0.7 47
1 1 2 7 0.75 47
1 1 2 6 0.85 50
1 1 2 7 0.7 45
1 1 2 7 0.8 48
1 1 2 7 0.8 48
1 1 2 7 0.7 48
1 1 1 12 1.5 62
1 1 1 8 1.55 58
1 1 1 8 1.7 58
1 1 1 7 1.1 50
1 1 1 7 0.6 46
1 1 1 6 0.9 49
1 1 1 4 0.6 43
1 1 1 6 0.9 52
1 1 1 8 0.9 50
1 1 1 6 0.7 46
1 1 2 8 1 51
1 1 2 6 0.75 46
1 1 2 6 0.75 45
1 1 2 6 0.9 47
1 1 2 4 0.7 44
1 1 2 5 0.8 46
1 1 2 6 0.5 42
1 1 2 6 1 52
1 1 2 5 0.65 45
1 1 2 6 0.7 46
1 1 1 8 1.1 50
1 1 1 7 0.8 48
1 1 1 7 0.95 50
1 1 1 8 1 51
1 1 1 5 0.7 47
1 1 1 6 1 51
1 1 1 7 0.95 51
1 1 1 8 0.75 47
1 1 1 8 1.35 55
1 1 1 6 0.8 48
1 1 2 15 2 63
1 1 2 6 0.65 43
1 1 2 8 0.95 48
1 1 2 6 0.6 43
1 1 2 6 0.65 47
1 1 2 4 0.45 39
1 1 2 6 1 53
1 1 2 8 1 50
1 1 2 5 0.55 44
1 1 2 8 1 50
1 1 1 7 0.9 48
1 1 1 7 1.2 54
1 1 1 7 0.95 49
1 1 1 7 1.2 53
1 1 1 4 0.6 42
1 1 1 7 1.2 53
1 1 1 5 0.8 45
1 1 1 6 0.8 46
1 1 1 7 0.8 47
1 1 1 5 0.75 46
1 1 2 6 0.95 52
1 1 2 4 0.5 41
1 1 2 7 0.8 47
1 1 2 7 0.65 45
1 1 2 6 0.55 42
1 1 2 -9 0.7 55
1 1 2 6 0.7 47
1 1 2 8 0.85 47
1 1 2 5 0.4 38
1 1 2 5 0.7 46
1 1 1 8 1.1 52
1 1 1 6 0.7 43
1 1 1 5 0.5 41
1 1 1 8 0.9 51
1 1 1 6 0.6 44
1 1 1 6 0.7 43
1 1 1 7 1 50
1 1 1 7 1.25 54
1 1 1 7 0.8 47
1 1 1 6 0.7 47
1 1 2 -9 0.8 49
1 1 2 6 0.7 45
1 1 2 6 0.6 43
1 1 2 6 0.8 49
1 1 2 3 0.35 35
1 1 2 8 1.2 52
1 1 2 8 0.7 47
1 1 2 5 0.55 43
1 1 2 8 1.1 54
1 1 2 7 0.85 50
1 1 1 -9 1.5 56
1 1 1 6 1 52
1 1 1 5 0.55 44
1 1 1 9 1.15 54
1 1 1 7 1.1 52
1 1 1 7 0.85 47
1 1 1 7 0.55 45
1 1 1 6 1.05 51
1 1 1 7 0.8 49
1 1 1 5 0.65 45
1 1 2 6 1 50
1 1 2 7 0.9 51
1 1 2 6 0.75 47
1 1 2 5 0.5 41
1 1 2 7 0.5 41
1 1 2 6 0.7 46
1 1 2 8 1.3 56
1 1 2 7 1.2 54
1 1 2 5 0.6 43
1 1 2 7 0.65 42
1 1 1 8 1.4 54
1 1 1 6 1.25 52
1 1 1 19 1.35 65
1 1 1 6 1.05 52
1 1 1 8 1.2 53
1 1 1 8 1.45 55
1 1 1 6 0.55 41
1 1 1 8 0.75 49
1 1 1 6 0.6 42
1 1 1 6 0.6 44
1 1 2 7 1 50
1 1 2 7 0.85 50
1 1 2 14 1.4 56
1 1 2 6 0.8 46
1 1 2 8 0.95 49
1 1 2 7 1.05 52
1 1 2 9 1 49
1 1 2 15 0.95 51
1 1 2 8 0.6 45
1 1 2 6 0.75 48
1 1 1 8 1.4 54
1 1 1 7 0.75 48
1 1 1 7 0.8 51
1 1 1 6 0.7 48
1 1 1 8 1.05 51
1 1 1 8 0.8 50
1 1 1 7 0.5 42
1 1 1 7 0.75 48
1 1 1 7 1.35 55
1 1 1 9 1 50
1 1 2 7 1.1 52
1 1 2 8 0.8 48
1 1 2 9 1.5 55
1 1 2 5 0.6 45
1 1 2 11 1.25 55
1 1 2 7 0.8 50
1 1 2 16 0.9 53
1 1 2 6 0.6 46
1 1 2 8 1.2 52
1 1 2 8 1.1 51
1 1 1 7 0.9 50
1 1 1 14 1.5 58
1 1 1 7 1.4 57
1 1 1 8 1.2 54
1 1 1 7 1.5 58
1 1 1 6 1.05 51
1 1 1 8 1.1 53
1 1 1 8 1.5 57
1 1 1 7 0.55 45
1 1 1 10 1.85 56
1 1 2 -9 0.7 45
1 1 2 -9 1.23 54
1 1 2 -9 0.48 41
1 1 2 -9 0.88 49
1 1 2 -9 0.85 48
1 1 1 -9 1.3 52
1 1 1 -9 0.98 47
1 1 1 -9 0.55 43
1 1 1 -9 1.4 52
1 1 1 -9 1.14 53
1 1 2 -9 0.88 49
1 1 2 -9 1.16 52
1 1 2 -9 0.84 47
1 1 2 -9 0.93 50
1 1 2 -9 0.53 41
1 1 1 -9 1.13 54
1 1 1 -9 0.97 52
1 1 1 -9 0.93 48
1 1 1 -9 1.05 52
1 1 1 -9 0.77 46
1 1 2 -9 1.2 55
1 1 2 -9 1.15 52
1 1 2 -9 0.67 45
1 1 2 -9 0.72 46
1 1 2 -9 0.83 48
1 1 1 -9 0.69 45
1 1 1 -9 0.97 50
1 1 1 -9 1.24 51
1 1 1 -9 0.98 51
1 1 1 -9 0.89 48
1 1 2 -9 0.72 46
1 1 2 -9 0.88 48
1 1 2 -9 0.48 40
1 1 2 -9 0.79 49
1 1 2 -9 1.02 51
1 1 1 -9 1.13 52
1 1 1 -9 1.24 55
1 1 1 -9 1.16 54
1 1 1 -9 1.34 57
1 1 1 -9 1.14 53
1 1 2 -9 0.95 49
1 1 2 -9 0.86 49
1 1 2 -9 0.8 46
1 1 2 -9 1.08 50
1 1 2 -9 0.7 47
1 1 1 -9 0.84 49
1 1 1 -9 0.93 49
1 1 1 -9 1.33 57
1 1 1 -9 0.77 46
1 1 1 -9 1.15 51
1 1 1 -9 0.85 47
1 1 2 -9 0.46 39
1 1 2 -9 0.91 48
1 1 2 -9 0.6 44
1 1 2 -9 0.9 52
1 1 2 -9 0.79 47
1 1 1 -9 1.4 56
1 1 1 -9 1.05 53
1 1 1 -9 0.8 46
1 1 1 -9 1.58 56
1 1 2 -9 1.07 50
1 1 2 -9 0.55 40
1 1 2 -9 0.76 47
1 1 2 -9 1 50
1 1 2 -9 0.83 47
1 1 1 -9 1.35 57
1 1 1 -9 0.55 42
1 1 1 -9 0.92 51
1 1 1 -9 0.88 48
1 1 1 -9 0.73 47
1 1 2 -9 0.68 46
1 1 2 -9 2.1 61
1 1 2 -9 0.4 39
1 1 2 -9 0.51 43
1 1 2 -9 0.46 42
1 1 1 -9 1.37 55
1 1 1 -9 0.91 51
1 1 1 -9 0.69 46
1 1 1 -9 0.76 47
1 1 1 -9 0.78 47
1 1 2 -9 0.46 41
1 1 2 -9 0.48 42
1 1 2 -9 0.95 52
1 1 2 -9 0.4 38
1 1 2 -9 0.75 48
1 1 1 -9 1.17 53
1 1 1 -9 0.59 43
1 1 1 -9 0.29 35
1 1 1 -9 0.76 50
1 1 1 -9 0.55 44
1 1 2 -9 0.4 39
1 1 2 -9 1.01 52
1 1 2 -9 0.46 43
1 1 2 -9 0.47 40
1 1 2 -9 0.66 45
1 1 1 -9 1.31 56
1 1 1 -9 0.38 37
1 1 1 -9 0.81 48
1 1 1 -9 0.89 50
1 1 1 -9 0.95 50
1 1 2 -9 0.44 40
1 1 2 -9 0.86 50
1 1 2 -9 0.6 44
1 1 2 -9 0.69 45
1 1 2 -9 0.73 46
1 1 1 -9 0.49 40
1 1 1 -9 0.85 50
1 1 1 -9 0.64 46
1 1 1 -9 0.49 41
1 1 1 -9 1.17 54
1 1 2 -9 0.53 44
1 1 2 -9 0.67 45
1 1 2 -9 0.58 42
1 1 2 -9 1 51
1 1 2 -9 0.35 38
1 1 1 -9 1.33 53
1 1 1 -9 1.35 56
1 1 1 -9 1.43 57
1 1 1 -9 0.62 44
1 1 1 -9 0.71 44
1 1 2 -9 0.49 41
1 1 2 -9 0.46 42
1 1 2 -9 0.68 46
1 1 2 -9 0.54 43
1 1 2 -9 0.45 42
1 1 1 -9 0.48 42
1 1 1 -9 1.23 57
1 1 1 -9 1.78 62
1 1 1 -9 0.47 44
1 1 1 -9 0.94 49
1 1 2 -9 1.23 54
1 1 2 -9 1.22 55
1 1 2 -9 0.47 41
1 1 2 -9 1.41 57
1 1 2 -9 0.53 44
1 1 1 -9 1.33 56
1 1 1 -9 1.19 55
1 1 1 -9 0.74 49
1 1 1 -9 1.34 55
1 1 1 -9 1.04 54
1 1 2 -9 0.49 43
1 1 2 -9 0.46 44
1 1 2 -9 1.31 55
1 1 2 -9 0.18 31
1 1 2 -9 0.9 51
1 1 1 -9 0.81 48
1 1 1 -9 0.53 42
1 1 1 -9 0.94 49
1 1 1 -9 0.68 45
1 1 1 -9 0.6 45
1 1 2 -9 1.26 54
1 1 2 -9 0.35 39
1 1 2 -9 1.11 54
1 1 2 -9 0.59 43
1 1 2 -9 0.34 39
1 1 1 -9 1.27 54
1 1 1 -9 1.66 60
1 1 1 -9 0.6 43
1 1 1 -9 0.6 45
1 1 1 -9 0.6 45
1 1 1 13 2.4 63
1 1 1 6 0.85 50
1 1 1 7 0.85 51
1 1 2 7 0.82 49
1 1 1 7 0.65 47
1 1 2 7 0.62 45
1 1 2 6 0.65 45
1 1 1 6 0.85 50
1 1 2 7 0.79 47
1 1 1 5 1.12 51
1 1 1 9 0.6 44
1 1 2 5 0.85 48
1 1 2 9 0.95 51
1 1 2 7 1.1 53
1 1 1 7 0.95 50
1 1 2 8 1.5 51
1 1 2 6 0.85 48
1 1 2 5 0.45 41
1 1 1 7 1.05 55
1 1 2 6 0.9 47
1 1 1 6 0.8 49
1 1 1 5 0.9 48
1 1 2 6 0.8 47
1 1 2 5 0.75 46
1 1 1 8 1.3 55
1 1 1 6 0.75 48
1 1 2 7 0.75 48
1 1 1 6 0.85 47
1 1 1 9 1.2 54
1 1 2 7 0.6 45
1 1 1 9 1.45 59
1 1 1 8 1.5 58
1 1 1 11 2.25 66
1 1 1 12 2.5 66
1 1 1 8 1.6 56
1 1 1 8 1.45 54
1 1 2 7 1.25 55
1 1 1 4 0.25 32
1 1 2 3 0.25 32
1 1 2 5 0.35 38
1 1 2 2 0.2 30
1 1 2 2 0.25 33
1 1 1 2 0.22 31
1 1 1 2 0.2 29
1 1 2 4 0.25 33
1 1 2 3 0.2 30
1 1 1 2 0.23 32
1 1 1 2 0.25 33
1 1 1 2 0.15 27
1 1 1 2 0.15 28
1 1 1 2 0.15 28
1 1 2 2 0.17 29
1 1 2 2 0.12 26
1 1 2 2 0.2 30
1 1 1 2 0.15 27
1 1 2 3 0.17 29
1 1 2 2 0.15 27
1 1 1 2 0.17 28
1 1 2 2 0.17 28
1 1 1 2 0.17 27
1 1 1 8 0.85 49
1 1 2 6 0.85 49
1 1 1 -9 0.47 40
1 1 2 6 0.65 45
1 1 2 4 0.45 40
1 1 2 9 0.9 50
1 1 2 5 0.45 39
1 1 2 7 0.7 45
1 1 1 5 0.35 38
1 1 1 5 0.75 44
1 1 2 8 1.15 53
1 1 2 7 0.7 48
1 1 2 5 0.6 43
1 1 1 7 1.2 55
1 1 2 8 0.35 49
1 1 2 5 0.6 44
1 1 1 6 0.85 50
1 1 2 6 0.75 48
1 1 1 4 0.35 35
1 1 1 8 0.8 49
1 1 1 6 0.55 42
1 1 1 6 0.75 48
1 1 1 5 0.85 52
1 1 1 7 0.75 49
1 1 2 7 0.9 50
1 1 1 6 0.85 47
1 1 2 5 0.55 40
1 1 1 7 0.62 44
1 1 2 6 0.8 47
1 1 2 6 0.6 45
1 1 1 -9 0.85 47
1 1 1 -9 1.05 52
1 1 1 -9 0.75 46
1 1 2 -9 0.95 47
1 1 2 -9 1.2 53
1 1 1 -9 0.8 50
1 1 1 -9 0.55 46
1 1 1 -9 0.8 48
1 1 1 -9 1.2 53
1 1 1 -9 1.6 56
1 1 2 -9 1.2 55
1 1 1 -9 0.65 44
1 1 1 -9 1.05 53
1 1 2 -9 0.6 43
1 1 2 -9 0.55 39
1 1 2 -9 1.45 57
1 1 2 -9 0.4 37
1 1 2 -9 0.45 38
1 1 2 -9 1.55 58
1 1 1 -9 0.35 33
1 1 1 -9 1.8 61
1 1 1 -9 0.6 40
1 1 1 -9 1.75 57
1 1 1 -9 1.6 59
1 1 2 -9 1.45 55
1 1 1 -9 0.9 49
1 1 2 -9 1.15 55
1 1 2 -9 0.95 48
1 1 1 -9 0.9 47
1 1 2 -9 0.9 49
1 1 2 -9 0.25 29
1 1 1 -9 0.85 50
1 1 2 -9 0.8 50
1 1 1 -9 1.5 57
1 1 2 -9 0.7 44
1 1 1 -9 1.05 53
1 1 1 -9 0.7 48
1 1 1 -9 0.2 30
1 1 1 -9 0.45 42
1 1 1 -9 0.3 34
1 1 2 -9 0.35 38
1 1 2 -9 0.4 37
1 1 1 -9 0.35 34
1 1 1 -9 0.2 29
1 1 1 -9 0.2 29
1 1 1 -9 0.15 27
1 1 1 -9 0.45 39
1 1 1 -9 0.25 30
1 1 2 -9 1.15 51
1 1 2 -9 0.9 49
1 1 1 -9 0.3 35
1 1 2 -9 0.15 28
1 1 1 -9 1.7 60
1 1 2 -9 0.5 42
1 1 1 -9 1.35 59
1 1 1 -9 0.1 24
1 1 2 -9 0.15 27
1 1 2 -9 2.35 68
1 1 1 -9 1.9 57
1 1 2 -9 1.8 62
1 1 2 -9 1 48
1 1 2 -9 1.15 50
1 1 1 -9 2.65 67
1 1 2 -9 1.7 57
1 1 2 -9 0.9 45
1 1 1 -9 2.2 64
1 1 2 -9 0.05 12
1 1 1 -9 3.5 77
1 1 2 -9 0.65 45
1 1 2 -9 1.05 52
1 1 1 -9 0.15 28
1 1 1 -9 0.1 23
1 1 2 -9 0.15 25
1 1 1 -9 0.15 24
1 1 2 -9 0.15 28
1 1 2 -9 0.15 27
1 1 2 -9 0.2 31
1 1 1 -9 0.2 31
1 1 1 -9 0.15 26
1 1 2 -9 0.15 26
1 1 1 -9 1.05 57
1 1 2 -9 0.45 40
1 1 2 -9 0.55 43
1 1 2 -9 0.7 44
1 1 1 -9 1.85 61
1 1 2 -9 0.2 32
1 1 2 -9 0.35 38
1 1 1 -9 0.95 52
1 1 1 -9 0.45 43
1 1 1 -9 0.35 41
1 1 1 -9 0.95 52
1 1 2 -9 0.7 46
1 1 2 -9 0.6 42
1 1 1 -9 0.65 44
1 1 2 -9 0.15 29
1 1 2 -9 0.7 46
1 1 2 -9 1 52
1 1 2 -9 0.55 43
1 1 2 -9 0.6 44
1 1 2 -9 0.45 39
1 1 1 -9 0.45 41
1 1 1 -9 0.15 27
1 1 1 -9 0.15 24
1 1 2 -9 0.15 27
1 1 2 -9 0.15 29
1 1 2 -9 0.45 41
1 1 2 -9 0.7 47
1 1 2 -9 0.6 43
1 1 1 -9 1.05 51
1 1 2 -9 0.55 46
1 1 1 -9 0.9 50
1 1 2 -9 0.75 48
1 1 1 -9 0.6 44
1 1 2 -9 0.55 42
1 1 1 -9 0.75 47
1 1 1 -9 0.55 43
1 1 1 -9 0.45 39
1 1 1 -9 0.05 24
1 1 2 -9 0.4 39
1 1 2 -9 0.7 45
1 1 2 -9 0.91 50
1 1 2 -9 1.05 53
1 1 2 -9 0.83 50
1 1 2 -9 1.13 53
1 1 2 -9 0.82 48
1 1 2 -9 0.64 48
1 1 2 -9 0.6 45
1 1 2 -9 0.88 47
1 1 2 -9 1.01 54
1 1 2 -9 0.67 46
1 1 2 -9 0.59 44
1 1 2 -9 0.71 46
1 1 1 -9 1.03 51
1 1 1 -9 0.91 50
1 1 1 -9 0.95 52
1 1 1 -9 0.73 45
1 1 1 -9 0.63 45
1 1 1 -9 0.94 52
1 1 1 -9 0.93 51
1 1 1 -9 0.73 48
1 1 2 -9 0.44 43
1 1 2 -9 1.09 52
1 1 2 -9 0.65 45
1 1 2 -9 0.72 48
1 1 2 -9 0.93 51
1 1 2 -9 1.13 54
1 1 2 -9 0.59 43
1 1 2 -9 0.63 43
1 1 2 -9 1.03 52
1 1 1 -9 0.71 47
1 1 1 -9 1.3 58
1 1 1 -9 1.33 56
1 1 1 -9 0.76 54
1 1 1 -9 0.66 46
1 1 1 -9 0.73 45
1 1 1 -9 0.88 49
1 1 1 -9 1.1 52
1 1 1 -9 0.87 50
1 1 1 -9 1.25 53
1 1 1 -9 0.44 41
1 1 2 -9 0.82 47
1 1 2 -9 0.98 51
1 1 2 -9 0.85 47
1 1 2 -9 0.92 51
1 1 2 -9 0.62 45
1 1 2 -9 0.74 49
1 1 2 -9 0.73 45
1 1 2 -9 1.08 51
1 1 2 -9 2.08 60
1 1 2 -9 0.68 47
1 1 2 -9 0.55 42
1 1 2 -9 0.42 39
1 1 1 -9 1.17 55
1 1 1 -9 1.08 53
1 1 1 -9 0.84 49
1 1 1 -9 0.57 44
1 1 1 -9 1.8 61
1 1 1 -9 1.02 50
1 1 1 -9 0.87 48
1 1 1 -9 0.53 45
1 1 2 -9 0.48 42
1 1 2 -9 0.57 43
1 1 2 -9 0.64 45
1 1 2 -9 0.59 43
1 1 2 -9 0.96 50
1 1 2 -9 0.86 50
1 1 2 -9 0.44 41
1 1 2 -9 0.54 44
1 1 2 -9 0.45 39
1 1 2 -9 0.59 46
1 1 2 -9 0.79 47
1 1 1 -9 0.45 41
1 1 1 -9 0.59 44
1 1 1 -9 0.68 46
1 1 1 -9 0.49 42
1 1 1 -9 0.74 48
1 1 1 -9 0.79 48
1 1 1 -9 0.49 42
1 1 1 -9 1 52
1 1 1 -9 0.49 42
1 1 2 -9 0.48 42
1 1 2 -9 0.49 41
1 1 2 -9 0.73 49
1 1 2 -9 0.57 46
1 1 2 -9 0.12 25
1 1 2 -9 0.76 49
1 1 2 -9 0.78 51
1 1 1 -9 0.61 46
1 1 1 -9 0.54 43
1 1 1 -9 1.06 53
1 1 1 -9 0.64 45
1 1 1 -9 0.88 52
1 1 1 -9 0.49 42
1 1 1 -9 0.36 39
1 1 1 -9 0.51 42
1 1 1 -9 0.81 49
1 1 1 -9 0.89 48
1 1 1 -9 0.46 41
1 1 2 -9 0.4 40
1 1 1 -9 0.83 51
3 1 1 6 1.15 54
3 1 1 8 1.3 55
3 1 2 6 0.85 49
3 1 2 8 1.1 52
3 1 2 8 1.5 59
3 1 1 7 0.85 51
3 1 1 7 1.4 56
3 1 2 8 0.8 50
3 1 2 7 1.2 52
3 1 2 7 1.45 57
3 1 1 7 1 51
3 1 1 -9 0.95 52
3 1 1 8 1.1 54
3 1 2 7 1.05 52
3 1 2 8 1.25 54
3 1 1 6 0.6 45
3 1 1 5 0.75 46
3 1 1 6 0.8 48
3 1 2 7 0.55 47
3 1 2 15 0.95 54
3 1 1 5 0.65 44
3 1 1 5 0.8 46
3 1 2 5 0.65 43
3 1 2 5 0.75 47
3 1 2 8 1.25 55
3 1 1 5 0.55 43
3 1 1 6 0.6 44
3 1 1 7 0.85 49
3 1 2 6 0.72 44
3 1 2 14 1.6 58
3 1 1 6 0.85 50
3 1 1 8 1.45 57
3 1 1 8 1.65 58
3 1 2 7 1.3 55
3 1 2 15 1.75 61
3 1 1 7 0.75 47
3 1 1 8 1.15 53
3 1 2 5 0.8 48
3 1 2 7 0.7 51
3 1 2 8 1.2 56
3 1 1 8 1.4 55
3 1 1 8 1.55 58
3 1 2 5 0.8 45
3 1 2 5 0.65 46
3 1 2 8 1.05 50
3 1 1 5 0.7 45
3 1 1 7 1.2 51
3 1 1 8 1.3 54
3 1 2 5 0.85 48
3 1 2 8 1.25 53
3 1 1 6 0.8 48
3 1 2 -9 0.65 45
3 1 2 7 1.05 51
3 1 2 14 1.3 56
3 1 2 6 1.45 57
3 1 1 7 0.8 49
3 1 1 7 0.95 50
3 1 1 6 1.05 52
3 1 2 -9 1.1 51
3 1 2 8 1.25 54
3 1 1 3 0.7 43
3 1 1 8 1.35 57
3 1 1 8 1.6 59
3 1 2 7 1.25 55
3 1 2 14 1.3 60
3 1 1 -9 0.9 47
3 1 1 6 0.9 50
3 1 1 6 1 53
3 1 1 7 1.1 53
3 1 1 10 1.45 55
3 1 1 8 1.45 57
3 1 1 8 1.55 59
3 1 2 13 1.15 53
3 1 2 7 1.15 54
3 1 2 10 1.35 58
3 1 1 4 0.8 46
3 1 1 8 1.1 54
3 1 2 5 0.95 49
3 1 2 5 0.9 50
3 1 2 9 1.1 51
3 1 1 8 1.15 52
3 1 1 8 1.3 55
3 1 1 9 1.65 60
3 1 2 5 0.95 48
3 1 2 7 0.85 50
3 1 2 8 1.45 55
3 1 2 8 1.3 53
3 1 1 9 1.65 56
3 1 1 8 1.4 55
3 1 1 7 1.7 57
3 1 1 7 1.45 55
3 1 1 8 1.5 55
3 1 1 9 1.8 60
3 1 1 7 1.4 53
3 1 1 8 1.65 56
3 1 1 7 1.55 57
3 1 2 8 1.45 54
3 1 1 7 1.35 54
3 1 2 7 1.25 52
3 1 2 8 0.85 51
3 1 2 8 1.1 50
3 1 2 8 1 49
3 1 2 8 1.5 55
3 1 2 8 1.5 54
3 1 2 9 1.35 52
3 1 2 5 0.9 49
3 1 2 9 1.4 54
3 1 2 10 1.25 55
3 1 2 7 1.3 52
3 1 2 8 0.95 47
3 1 2 6 1.15 50
3 1 2 6 0.85 47
3 1 2 6 1 47
3 1 2 5 1 50
3 1 2 6 1.25 53
3 1 1 5 1.15 50
3 1 1 6 1.2 51
3 1 1 6 1.3 53
3 1 1 5 0.9 46
3 1 1 5 1.1 52
3 1 1 8 1.8 57
3 1 1 5 1 47
3 1 1 7 1.3 52
3 1 1 9 1.5 56
3 1 1 8 1.6 57
3 1 2 9 1.3 53
3 1 2 5 1.2 51
3 1 2 8 1.65 57
3 1 2 6 0.8 45
3 1 2 7 1.2 51
3 1 1 8 1.25 53
3 1 1 7 1.1 51
3 1 1 8 1.3 54
3 1 1 9 1.6 57
3 1 1 8 1.65 59
3 1 2 2 0.35 35
3 1 2 5 0.6 44
3 1 2 5 0.69 47
3 1 2 6 0.8 46
3 1 2 5 0.58 42
3 1 1 5 0.56 45
3 1 1 7 1.1 50
3 1 1 8 1.13 56
3 1 1 5 0.72 45
3 1 1 7 1.28 56
3 1 2 8 1.1 55
3 1 2 6 0.45 42
3 1 2 6 0.52 41
3 1 2 5 0.65 44
3 1 2 5 0.45 40
3 1 2 7 1.04 50
3 1 2 5 0.6 43
3 1 2 7 0.55 42
3 1 2 4 0.5 42
3 1 2 8 0.67 46
3 1 2 2 0.33 36
3 1 2 6 0.64 45
3 1 1 6 0.75 44
3 1 1 4 0.6 44
3 1 1 10 1.44 60
3 1 1 3 0.53 40
3 1 1 5 0.56 42
3 1 1 9 1.42 61
3 1 1 5 0.46 40
3 1 1 10 1.16 55
3 1 1 8 1.22 55
3 1 1 9 1.15 56
3 1 1 8 1.25 56
3 1 1 8 0.85 51
3 1 2 7 1.12 56
3 1 2 7 1.22 55
3 1 2 6 0.92 51
3 1 2 7 1.15 54
3 1 2 7 1.1 53
3 1 2 7 1.12 54
3 1 2 7 0.9 48
3 1 1 8 1.05 53
3 1 1 10 1.18 53
3 1 2 10 1.8 61
3 1 2 9 1.55 61
3 1 2 18 1.3 56
3 1 2 8 1.4 55
3 1 1 10 1.5 57
3 1 1 8 1.65 59
3 1 1 5 0.95 53
3 1 1 6 0.8 48
3 1 1 9 1.9 60
3 1 1 6 1 50
3 1 1 9 1.42 57
3 1 1 8 1.35 54
3 1 1 8 1.3 53
3 1 1 8 1.85 60
3 1 1 12 1.55 58
3 1 2 8 0.8 51
3 1 2 7 0.82 50
3 1 2 6 0.73 48
3 1 2 6 0.45 39
3 1 2 7 0.8 50
3 1 2 8 1.2 55
3 1 1 6 1.34 57
3 1 1 8 1.23 54
3 1 1 8 1.15 54
3 1 1 2 0.33 35
3 1 2 6 0.68 47
3 1 2 7 1.4 57
3 1 2 5 0.58 44
3 1 2 5 0.6 45
3 1 2 5 0.45 39
3 1 2 6 0.54 45
3 1 2 5 0.55 41
3 1 2 5 0.8 50
3 1 2 6 0.66 46
3 1 1 6 0.63 45
3 1 1 8 1.32 58
3 1 1 8 1.2 54
3 1 1 9 0.85 51
3 1 1 8 1.35 58
3 1 2 -9 1.4 55
3 1 2 -9 0.8 49
3 1 2 -9 0.9 49
3 1 2 -9 1.2 54
3 1 2 -9 1.1 53
3 1 1 -9 0.7 45
3 1 1 -9 1 52
3 1 1 -9 1.2 56
3 1 1 -9 1 50
3 1 1 -9 1.5 59
3 1 2 -9 1.1 52
3 1 2 -9 0.9 50
3 1 2 -9 1.2 55
3 1 2 -9 0.5 42
3 1 2 -9 0.7 45
3 1 1 -9 0.9 50
3 1 1 -9 0.5 39
3 1 1 -9 1.1 56
3 1 1 -9 1.2 55
3 1 1 -9 1.5 62
3 1 2 -9 1 49
3 1 2 -9 1 50
3 1 2 -9 0.7 41
3 1 2 -9 0.7 44
3 1 2 -9 1.4 55
3 1 1 -9 0.9 47
3 1 1 -9 0.5 36
3 1 1 -9 1.4 45
3 1 1 -9 1.3 47
3 1 1 -9 0.6 38
3 1 2 -9 0.7 44
3 1 2 -9 1.2 49
3 1 2 -9 1 48
3 1 2 -9 1.2 51
3 1 2 -9 0.5 36
3 1 1 -9 0.8 43
3 1 1 -9 0.9 44
3 1 1 -9 1 48
3 1 1 -9 0.6 40
3 1 1 -9 1.8 58
3 1 2 -9 1 54
3 1 2 -9 0.3 36
3 1 2 -9 0.7 46
3 1 2 -9 0.8 47
3 1 2 -9 0.6 45
3 1 1 -9 0.5 40
3 1 1 -9 0.5 44
3 1 1 -9 1.2 54
3 1 1 -9 0.9 50
3 1 1 -9 0.5 43
3 1 2 -9 1 50
3 1 2 -9 1.3 55
3 1 2 -9 1.55 57
3 1 2 -9 1.25 59
3 1 2 -9 1.25 55
3 1 1 -9 1.4 56
3 1 1 -9 1.05 52
3 1 1 -9 0.8 46
3 1 1 -9 1.05 53
3 1 1 -9 1.2 56
3 1 2 -9 1.3 54
3 1 2 -9 1.1 50
3 1 2 -9 1.05 51
3 1 2 -9 1.25 51
3 1 2 -9 1.15 52
3 1 1 -9 1.3 55
3 1 1 -9 1.35 59
3 1 1 -9 1.4 58
3 1 1 -9 1.2 55
3 1 1 -9 1.7 61
3 1 2 -9 1.2 54
3 1 2 -9 0.95 50
3 1 2 -9 0.75 46
3 1 2 -9 1 49
3 1 2 -9 0.5 42
3 1 1 -9 1.4 53
3 1 1 -9 1 54
3 1 1 -9 0.7 46
3 1 1 -9 0.7 45
3 1 1 -9 1.25 56
3 1 2 -9 1.3 52
3 1 2 -9 1.35 56
3 1 2 -9 0.75 48
3 1 2 -9 1.25 52
3 1 2 -9 1.25 54
3 1 1 -9 0.85 48
3 1 1 -9 1.45 61
3 1 1 -9 1.1 51
3 1 1 -9 1.15 51
3 1 1 -9 1.35 55
3 1 2 -9 0.65 44
3 1 2 -9 0.65 42
3 1 2 -9 0.6 43
3 1 2 -9 1.2 51
3 1 2 -9 0.5 39
3 1 1 -9 1.7 45
3 1 1 -9 1 51
3 1 1 -9 1.15 53
3 1 1 -9 0.7 43
3 1 1 -9 1.1 54
3 1 1 -9 1.2 54
3 1 1 -9 0.75 52
3 1 2 -9 1.1 55
3 1 1 -9 1.15 53
3 1 1 -9 0.95 51
3 1 2 -9 1.05 53
3 1 2 -9 1.35 58
3 1 2 -9 1.1 53
3 1 2 -9 0.8 49
3 1 2 -9 1.05 51
3 1 2 -9 1.1 50
3 1 1 -9 1.3 58
3 1 1 -9 1.65 61
3 1 1 -9 0.8 50
3 1 2 -9 1.2 56
3 1 1 -9 1.45 57
3 1 1 -9 1.05 52
3 1 2 -9 0.95 51
3 1 1 -9 0.75 48
3 1 1 -9 1.5 57
3 1 1 -9 1.4 62
3 1 1 -9 1.5 56
3 1 1 -9 1.4 58
3 1 1 -9 1.2 54
3 1 1 -9 1.1 54
3 1 1 -9 1 53
3 1 2 -9 0.9 52
3 1 2 -9 0.65 46
3 1 1 -9 0.9 51
3 1 1 -9 0.9 51
3 1 1 -9 1.25 55
3 1 1 -9 1.15 50
3 1 2 -9 1.15 56
3 1 1 -9 2 53
3 1 1 -9 1.1 54
3 1 1 -9 1.15 55
3 1 1 -9 0.6 42
3 1 2 -9 0.75 43
3 1 1 -9 0.5 40
3 1 1 -9 0.8 46
3 1 1 -9 1.25 55
3 1 2 -9 0.5 45
3 1 2 -9 1.15 56
3 1 1 -9 2 53
3 1 1 -9 0.55 42
3 1 1 -9 1.15 55
3 1 1 -9 0.6 42
3 1 2 -9 0.75 43
3 1 1 -9 0.5 40
3 1 1 -9 0.8 46
3 1 1 -9 1.25 58
3 1 2 -9 1.2 53
3 1 2 -9 1.15 53
3 1 1 -9 1.05 53
3 1 1 -9 1.15 51
3 1 1 -9 0.35 39
3 1 1 -9 0.6 46
3 1 2 -9 0.7 48
3 1 1 -9 0.6 41
3 1 2 -9 1 50
3 1 2 -9 1.05 52
3 1 2 -9 0.8 51
3 1 2 -9 1.15 54
3 1 2 -9 0.8 47
3 1 2 -9 0.9 49
3 1 1 -9 0.7 49
3 1 1 -9 0.65 46
3 1 1 -9 0.75 47
3 1 2 -9 0.7 47
3 1 1 -9 0.85 50
3 1 1 -9 1.1 56
3 1 2 -9 1.05 53
3 1 1 -9 0.6 49
3 1 2 -9 1.05 55
3 1 1 -9 1.5 55
3 1 2 -9 0.65 49
3 1 1 -9 1.3 56
3 1 1 -9 0.85 49
3 1 1 -9 1.3 58
3 1 1 -9 0.95 53
3 1 1 -9 1.2 57
3 1 1 -9 1.75 60
3 1 2 -9 1 54
3 1 2 -9 0.9 50
3 1 2 -9 0.55 43
3 1 2 -9 1.4 58
3 1 2 -9 1.25 56
3 1 2 -9 1 56
3 1 2 -9 1.05 52
3 1 1 -9 0.95 50
3 1 2 -9 0.75 46
3 1 1 -9 1.85 60
3 1 1 -9 1.35 57
3 1 2 -9 0.85 51
3 1 1 -9 1.45 57
3 1 1 -9 1.25 56
3 1 1 -9 0.55 44
3 1 2 -9 1.3 54
3 1 2 -9 0.45 42
3 1 2 -9 0.75 47
3 1 1 -9 1.4 51
3 1 1 -9 1.1 51
3 1 1 -9 1 52
3 1 1 -9 0.7 44
3 1 1 -9 0.8 46
3 1 1 -9 0.7 44
3 1 1 -9 0.8 48
3 1 1 -9 1.1 54
3 1 1 -9 1.3 56
3 1 1 -9 0.8 47
3 1 2 -9 0.8 48
3 1 2 -9 1.1 55
3 1 2 -9 1.1 54
3 1 2 -9 0.7 44
3 1 2 -9 0.8 48
3 1 2 -9 0.9 49
3 1 2 -9 1 51
3 1 2 -9 0.7 47
3 1 2 -9 1.2 56
3 1 2 -9 1 52
3 1 1 -9 1.5 61
3 1 1 -9 1.3 56
3 1 1 -9 1.3 54
3 1 1 -9 1.2 56
3 1 1 -9 1.3 54
3 1 1 -9 1.2 54
3 1 1 -9 1 50
3 1 1 -9 1.7 61
3 1 1 -9 1.4 56
3 1 1 -9 1 57
3 1 2 -9 1 51
3 1 2 -9 1.2 55
3 1 2 -9 1.3 55
3 1 2 -9 1.3 56
3 1 2 -9 1.4 56
3 1 2 -9 0.9 53
3 1 2 -9 1.4 59
3 1 2 -9 0.9 50
3 1 2 -9 1.3 52
3 1 2 -9 1.1 54
3 1 1 -9 1 51
3 1 1 -9 1.9 50
3 1 1 -9 1.7 60
3 1 1 -9 0.9 47
3 1 1 -9 1.2 53
3 1 1 -9 1.3 54
3 1 1 -9 1.4 56
3 1 1 -9 1.2 52
3 1 1 -9 0.7 45
3 1 1 -9 1.4 57
3 1 2 -9 0.9 49
3 1 2 -9 0.9 50
3 1 2 -9 1.3 53
3 1 2 -9 1.1 55
3 1 2 -9 1 50
3 1 2 -9 0.8 45
3 1 2 -9 0.8 46
3 1 2 -9 1.1 52
3 1 2 -9 1.3 54
3 1 2 -9 1.2 50
3 1 1 -9 1.2 53
3 1 1 -9 1.2 55
3 1 1 -9 1.4 55
3 1 1 -9 0.8 53
3 1 1 -9 1.4 55
3 1 1 -9 1 49
3 1 1 -9 1.4 55
3 1 1 -9 1.2 53
3 1 1 -9 0.8 47
3 1 1 -9 1 48
3 1 2 -9 1.5 56
3 1 2 -9 0.9 52
3 1 2 -9 1.1 55
3 1 2 -9 1.3 56
3 1 2 -9 0.7 45
3 1 2 -9 1.3 54
3 1 2 -9 1 52
3 1 2 -9 1.3 59
3 1 2 -9 1.3 53
3 1 2 -9 0.9 46
3 1 1 -9 1.2 53
3 1 1 -9 1.3 55
3 1 1 -9 1.4 58
3 1 1 -9 1.3 57
3 1 1 -9 1.8 60
3 1 1 -9 1.7 58
3 1 1 -9 1.4 57
3 1 1 -9 1.6 61
3 1 1 -9 1.6 58
3 1 1 -9 1.4 62
3 1 2 -9 1.2 54
3 1 2 -9 1.1 51
3 1 2 -9 1.3 53
3 1 2 -9 1.1 53
3 1 2 -9 0.9 50
3 1 2 -9 0.7 45
3 1 2 -9 1.1 51
3 1 2 -9 1 51
3 1 2 -9 1 48
3 1 2 -9 1.2 49
3 1 1 -9 0.55 44
3 1 1 -9 0.55 42
3 1 1 -9 0.55 43
3 1 1 -9 0.63 45
3 1 1 -9 0.6 44
3 1 1 -9 0.57 44
3 1 1 -9 0.65 45
3 1 1 -9 0.67 47
3 1 1 -9 0.8 48
3 1 1 -9 0.6 45
3 1 2 -9 0.55 43
3 1 2 -9 0.6 43
3 1 2 -9 0.66 47
3 1 2 -9 0.61 47
3 1 2 -9 0.5 42
3 1 2 -9 0.79 48
3 1 2 -9 0.85 46
3 1 2 -9 0.57 44
3 1 2 -9 0.5 47
3 1 2 -9 0.75 48
3 1 1 -9 1.4 63
3 1 1 -9 1.6 60
3 1 1 -9 1.5 57
3 1 1 -9 1.4 63
3 1 1 -9 1.5 59
3 1 1 -9 1.8 59
3 1 1 -9 1 50
3 1 1 -9 0.9 46
3 1 1 -9 1.5 58
3 1 1 -9 1.8 58
3 1 2 -9 1.7 58
3 1 2 -9 2 60
3 1 2 -9 1.5 57
3 1 2 -9 1 49
3 1 2 -9 0.9 46
3 1 2 -9 1.4 57
3 1 2 -9 1.6 57
3 1 2 -9 1.5 58
3 1 2 -9 1.6 58
3 1 2 -9 1.5 57
3 1 1 7 2 63
3 1 1 5 0.85 47
3 1 2 7 0.84 47
3 1 2 7 0.95 49
3 1 1 7 1.38 55
3 1 2 5 0.77 45
3 1 1 6 0.84 49
3 1 1 7 1.3 54
3 1 1 7 0.75 45
3 1 1 4 0.76 45
3 1 1 7 0.83 48
3 1 2 8 1.07 55
3 1 1 8 1.19 55
3 1 2 6 0.99 53
3 1 2 9 1.35 56
3 1 1 8 1.18 55
3 1 1 7 0.95 52
3 1 1 7 1.12 49
3 1 2 15 1.2 54
3 1 2 8 0.98 54
3 1 1 7 0.96 50
3 1 1 5 0.86 47
3 1 2 -9 0.75 45
3 1 1 13 1.65 59
3 1 1 5 0.6 44
3 1 2 5 0.68 43
3 1 2 5 0.62 44
3 1 1 5 0.54 45
3 1 1 7 0.7 48
3 1 1 5 0.84 48
3 1 1 5 0.61 42
3 1 1 3 0.45 38
3 1 2 6 0.71 46
3 1 1 6 0.76 47
3 1 2 6 0.7 46
3 1 1 -9 0.81 49
3 1 2 12 1.4 57
3 1 2 5 0.87 48
3 1 1 9 1 51
3 1 2 6 0.85 48
3 1 2 3 0.51 39
3 1 1 5 0.67 45
3 1 1 5 0.62 43
3 1 1 4 0.77 47
3 1 1 5 0.44 39
3 1 1 6 0.83 50
3 1 1 6 1.52 60
3 1 1 7 0.83 46
3 1 1 5 0.6 44
3 1 2 4 0.39 39
3 1 2 6 0.98 47
3 1 2 13 1.14 55
3 1 2 11 1.52 59
3 1 1 8 1.48 57
3 1 1 6 0.86 48
3 1 1 8 1.46 61
3 1 2 -9 1.17 54
3 1 1 3 0.7 43
3 1 1 8 1.45 57
3 1 2 5 0.83 46
3 1 2 5 0.79 48
3 1 1 5 0.6 43
3 1 1 5 0.63 47
3 1 1 4 0.42 40
3 1 2 7 0.73 46
3 1 1 4 0.62 41
3 1 2 8 1.25 55
3 1 1 7 1.52 59
3 1 1 3 0.53 41
3 1 1 5 0.8 46
3 1 1 8 1.34 56
3 1 2 7 0.78 46
3 1 1 7 1.69 58
3 1 1 14 1.65 60
3 1 1 7 0.83 49
3 1 1 7 1.23 56
3 1 1 6 1.39 59
3 1 1 8 1.32 60
3 1 2 13 1.2 57
3 1 1 8 1.43 61
3 1 1 3 0.62 41
3 1 2 5 0.61 42
3 1 2 -9 0.71 45
3 1 1 6 0.62 44
3 1 2 14 1.25 57
3 1 2 -9 1.15 52
3 1 2 -9 0.69 43
3 1 1 8 1.28 58
3 1 2 7 1.43 57
3 1 2 5 0.75 44
3 1 2 8 1.15 51
3 1 2 8 1.05 51
3 1 2 4 0.7 44
3 1 2 6 1.4 56
3 1 2 8 1.15 51
3 1 1 8 1.35 56
3 1 1 7 1.2 54
3 1 1 8 1.5 55
3 1 1 8 1.65 62
3 1 1 6 1.15 50
3 1 2 -9 1.3 60
3 1 1 8 1.35 56
3 1 1 -9 1.35 57
3 1 1 -9 1.15 52
3 1 1 8 1.5 54
3 1 1 -9 1.2 55
3 1 2 -9 1.05 52
3 1 2 6 0.7 45
3 1 2 -9 0.95 51
3 1 2 -9 0.85 47
3 1 1 -9 1.8 63
3 1 1 8 1.3 56
3 1 1 -9 1.6 61
3 1 1 -9 1.6 59
3 1 1 6 0.9 49
3 1 1 -9 1.7 60
3 1 2 5 1.05 53
3 1 2 -9 0.55 42
3 1 2 -9 1.25 54
3 1 2 -9 1.25 55
3 1 2 -9 1.5 57
3 1 2 -9 0.95 48
3 1 2 5 1 50
3 1 2 -9 1.05 51
3 1 2 -9 1.2 56
3 1 2 9 1.45 58
3 1 1 -9 1.1 55
3 1 1 -9 1.6 59
3 1 1 -9 1.05 52
3 1 1 -9 1.4 58
3 1 1 -9 1.6 57
3 1 1 -9 1.75 60
3 1 1 -9 1.25 53
3 1 1 -9 0.8 48
3 1 1 -9 1.35 56
3 1 1 -9 1.7 61
3 1 2 -9 0.8 47
3 1 2 -9 0.8 51
3 1 2 -9 1.15 53
3 1 2 -9 1.45 57
3 1 2 8 0.85 50
3 1 2 -9 1.3 55
3 1 2 -9 0.55 44
3 1 2 -9 1.15 52
3 1 2 -9 0.7 45
3 1 2 -9 0.75 46
3 1 1 -9 0.55 43
3 1 1 -9 1.8 58
3 1 1 -9 1.55 63
3 1 1 8 2.1 61
3 1 1 -9 1.55 60
3 1 1 -9 1.15 54
3 1 1 -9 1.2 55
3 1 1 -9 0.73 46
3 1 1 -9 1.1 53
3 1 1 -9 1.2 54
3 1 1 -9 1.05 51
3 1 1 -9 1.6 58
3 1 1 -9 1.05 53
3 1 1 -9 1.55 59
3 1 1 8 1.4 56
3 1 2 -9 1.15 53
3 1 2 -9 1.3 54
3 1 2 -9 1.25 55
3 1 2 7 1.1 49
3 1 2 -9 1.55 60
2 1 2 -9 0.45 40
2 1 2 -9 0.55 42
2 1 2 4 0.4 38
2 1 2 4 0.5 41
2 1 2 -9 0.4 39
2 1 1 5 0.45 43
2 1 1 -9 0.85 51
2 1 1 -9 0.7 47
2 1 1 6 0.85 49
2 1 1 4 0.55 42
3 1 2 -9 0.75 45
3 1 2 -9 0.95 51
3 1 2 -9 0.85 49
3 1 2 -9 0.5 44
3 1 2 -9 0.9 48
3 1 1 -9 1.05 50
3 1 1 -9 1.85 61
3 1 1 -9 1.1 52
3 1 1 -9 0.6 44
3 1 1 -9 0.65 45
3 1 1 -9 1.3 57
3 1 1 -9 1.3 55
3 1 1 -9 1.6 59
3 1 1 -9 1.6 58
3 1 1 -9 1.75 65
3 1 2 -9 1.15 51
3 1 2 -9 1.3 56
3 1 2 -9 1 50
3 1 2 15 1.5 60
3 1 2 -9 0.95 49
3 1 1 7 1.4 58
3 1 1 8 1.65 55
3 1 1 -9 1.4 59
3 1 1 -9 1.6 57
3 1 1 -9 1.1 54
3 1 1 7 1.35 56
3 1 1 -9 0.85 46
3 1 1 -9 1.85 60
3 1 1 -9 1.1 52
3 1 1 -9 1.75 62
3 1 2 -9 0.9 48
3 1 2 -9 0.7 46
3 1 2 9 1 51
3 1 2 14 1.45 59
3 1 2 -9 0.85 41
3 1 2 -9 0.95 49
3 1 2 -9 1.05 50
3 1 2 7 1.45 58
3 1 2 9 1.4 56
3 1 2 12 1.15 54
3 1 2 6 1.1 51
3 1 2 6 1.1 53
3 1 2 -9 1.05 50
3 1 2 19 1.2 55
3 1 2 5 0.65 45
3 1 2 6 0.9 48
3 1 2 7 1.35 54
3 1 2 16 1.5 57
3 1 2 6 0.7 44
3 1 2 7 0.95 52
3 1 1 11 1.65 61
3 1 1 -9 1.2 55
3 1 1 -9 1.05 45
3 1 1 -9 1.1 52
3 1 1 -9 1.2 54
3 1 1 9 1.55 57
3 1 1 8 1.2 51
3 1 1 -9 1.35 58
3 1 1 -9 1.5 56
3 1 1 8 1.4 59
3 1 2 6 1 52
3 1 2 -9 1.2 54
3 1 2 8 1.15 55
3 1 2 8 0.9 49
3 1 2 7 0.85 50
3 1 2 6 0.6 43
3 1 2 7 1.1 51
3 1 2 8 1.25 57
3 1 2 8 0.65 47
3 1 2 8 1.1 53
3 1 1 5 1.15 56
3 1 1 6 0.6 45
3 1 1 6 0.85 48
3 1 1 6 0.95 50
3 1 1 8 1.2 54
3 1 1 8 1.35 57
3 1 1 6 1.1 52
3 1 1 9 1.65 58
3 1 1 7 0.6 44
3 1 1 5 0.8 47
3 1 2 -9 1.05 54
3 1 2 6 0.7 46
3 1 2 -9 1.45 56
3 1 2 -9 1.15 58
3 1 2 7 1 53
3 1 2 5 0.55 42
3 1 2 5 1.25 57
3 1 2 -9 0.85 50
3 1 2 8 0.95 49
3 1 2 8 1.1 51
3 1 1 -9 0.8 50
3 1 1 8 1.15 55
3 1 1 4 0.75 45
3 1 1 6 0.8 48
3 1 1 7 1 56
3 1 1 7 1.1 54
3 1 1 8 1.1 58
3 1 1 5 0.65 46
3 1 1 7 1.85 63
3 1 1 8 1.5 57
3 1 1 8 1.15 55
3 1 1 9 1.35 57
3 1 1 -9 1.4 56
3 1 1 -9 1.25 58
3 1 1 -9 1.05 52
3 1 2 5 0.6 43
3 1 2 9 1.45 59
3 1 2 -9 0.8 49
3 1 2 8 1.35 56
3 1 2 7 1.35 57
3 1 2 -9 1.35 54
3 1 1 -9 1.15 55
3 1 2 -9 1.1 51
3 1 2 -9 1.3 54
3 1 2 -9 1.05 52
3 1 2 -9 1.25 53
3 1 1 -9 1.5 58
3 1 1 -9 1.45 55
3 1 1 -9 1.5 57
3 1 1 -9 1.65 60
3 1 2 -9 0.95 51
3 1 2 -9 1.4 56
3 1 2 -9 1.1 57
3 1 2 -9 1.45 60
3 1 2 -9 0.85 48
3 1 1 -9 1.8 58
3 1 1 -9 1.7 59
3 1 1 -9 1.25 54
3 1 1 -9 1.55 57
3 1 1 -9 1.1 52
3 1 2 -9 1.05 51
3 1 2 -9 1.05 51
3 1 2 -9 1.05 53
3 1 2 -9 1.1 53
3 1 2 -9 1.4 54
3 1 1 -9 1.2 57
3 1 1 -9 1.25 53
3 1 1 -9 1.65 62
3 1 1 -9 1.8 61
3 1 1 -9 1.35 54
3 1 2 -9 1.4 56
3 1 2 -9 0.85 46
3 1 2 -9 1.2 53
3 1 2 -9 1.1 53
3 1 2 -9 0.65 42
3 1 1 -9 1.4 56
3 1 1 -9 1.25 57
3 1 1 -9 1 49
3 1 1 -9 1.55 59
3 1 1 -9 1.55 58
3 1 2 -9 1.5 57
3 1 2 -9 1.45 56
3 1 2 -9 0.9 48
3 1 2 -9 1.2 52
3 1 2 -9 1.15 54
3 1 1 -9 1.15 53
3 1 1 -9 0.9 49
3 1 1 -9 0.95 49
3 1 1 -9 1.1 55
3 1 1 -9 1.75 58
3 1 2 -9 0.95 52
3 1 2 -9 1.35 58
3 1 2 -9 1.25 56
3 1 2 -9 0.95 50
3 1 2 -9 1.2 52
3 1 1 -9 1 49
3 1 1 -9 0.6 43
3 1 1 -9 1.2 53
3 1 1 -9 1.2 56
3 1 1 -9 0.85 48
3 1 2 -9 1.3 56
3 1 2 -9 0.9 47
3 1 2 -9 1 48
3 1 2 -9 0.75 46
3 1 2 -9 1.15 57
3 1 1 -9 1.45 56
3 1 1 -9 1.25 52
3 1 1 -9 1.1 55
3 1 1 -9 1.7 59
3 1 1 -9 1.25 54
3 1 2 -9 1.2 55
3 1 2 -9 0.9 49
3 1 2 -9 0.7 45
3 1 2 -9 0.85 49
3 1 2 -9 1.2 55
3 1 1 -9 1.45 63
3 1 1 -9 1.25 56
3 1 1 -9 0.45 41
3 1 1 -9 0.7 47
3 1 1 -9 1.15 54
3 1 1 -9 0.95 51
3 1 2 -9 1.5 59
3 1 2 -9 0.8 47
3 1 2 -9 1.3 55
3 1 2 -9 0.55 44
3 1 2 -9 1.6 57
3 1 1 -9 1.8 68
3 1 1 -9 0.65 48
3 1 1 -9 1.55 61
3 1 1 -9 2.6 73
3 1 2 -9 0.95 50
3 1 2 -9 1.2 54
3 1 2 -9 0.65 43
3 1 2 -9 1.3 57
3 1 2 -9 1.25 55
3 1 2 -9 1.1 54
3 1 2 -9 1.25 55
3 1 2 -9 0.8 48
3 1 2 -9 1.05 53
3 1 2 -9 1.25 54
3 1 1 -9 0.75 47
3 1 1 -9 0.8 49
3 1 1 -9 1.05 50
3 1 1 -9 1.55 60
3 1 1 -9 0.85 48
3 1 1 -9 1.45 58
3 1 1 -9 1.6 58
3 1 1 -9 0.65 47
3 1 1 -9 1.3 57
3 1 1 -9 1.25 56
3 1 2 -9 0.5 41
3 1 2 -9 1.25 53
3 1 2 -9 0.85 50
3 1 2 -9 0.55 43
3 1 2 -9 1.1 53
3 1 2 -9 0.9 50
3 1 2 -9 0.5 43
3 1 2 -9 1.05 54
3 1 2 -9 1 52
3 1 2 -9 0.65 45
3 1 1 -9 0.5 41
3 1 1 -9 1.15 56
3 1 1 -9 1.05 52
3 1 1 -9 1.5 55
3 1 1 -9 1.4 56
3 1 1 -9 0.9 51
3 1 1 -9 1.05 54
3 1 1 -9 0.65 44
3 1 1 -9 0.65 46
3 1 1 -9 0.95 56
3 1 2 -9 0.85 52
3 1 2 -9 1.05 51
3 1 2 -9 1.15 56
3 1 2 -9 1.35 54
3 1 2 -9 0.85 49
3 1 2 -9 0.8 49
3 1 2 -9 0.7 47
3 1 2 -9 0.8 49
3 1 2 -9 1.2 53
3 1 2 -9 1.3 56
3 1 1 -9 0.9 52
3 1 1 -9 1.5 58
3 1 1 -9 0.55 42
3 1 1 -9 0.7 49
3 1 1 -9 1.25 58
3 1 1 -9 0.7 48
3 1 1 -9 1.15 54
3 1 1 -9 1.3 57
3 1 1 -9 0.85 50
3 1 1 -9 1.25 58
3 1 2 -9 2.7 70
3 1 2 -9 1.4 55
3 1 2 -9 1 53
3 1 2 -9 0.65 44
3 1 2 -9 0.7 43
3 1 2 -9 1 51
3 1 2 -9 1.45 55
3 1 2 -9 0.65 46
3 1 2 -9 1.1 54
3 1 2 -9 0.6 44
3 1 1 -9 0.65 45
3 1 1 -9 1.15 55
3 1 1 -9 1.45 57
3 1 1 -9 0.85 51
3 1 1 -9 1.5 61
3 1 1 -9 0.6 46
3 1 1 -9 1.35 62
3 1 1 -9 1.2 57
3 1 1 -9 0.6 46
3 1 1 -9 1.15 53
3 1 2 -9 1.4 57
3 1 2 -9 1.1 51
3 1 2 -9 1.35 57
3 1 2 -9 1.05 50
3 1 2 -9 1.25 52
3 1 2 -9 0.75 47
3 1 2 -9 1 50
3 1 2 -9 1.6 56
3 1 2 -9 0.8 47
3 1 2 -9 1.1 51
3 1 1 -9 1.15 54
3 1 1 -9 1.35 55
3 1 1 -9 1.1 53
3 1 1 -9 0.85 48
3 1 1 -9 1.15 53
3 1 1 -9 1.5 57
3 1 1 -9 0.9 55
3 1 1 -9 0.95 52
3 1 1 -9 1.4 59
3 1 1 -9 0.95 50
3 1 2 8 1 50
3 1 2 8 0.8 44
3 1 2 8 1.4 54
3 1 2 5 0.7 44
3 1 2 7 1.2 57
3 1 2 12 1.4 53
3 1 1 -9 1.1 50
3 1 1 7 1.1 54
3 1 1 8 1.3 54
3 1 1 9 1.2 53
3 1 1 8 1.1 52
3 1 1 8 1.2 52
3 1 1 6 0.9 49
3 1 1 7 1 46
3 1 1 9 1.7 61
3 1 2 -9 1.4 51
3 1 2 9 1.3 57
3 1 2 8 1 48
3 1 2 5 0.9 48
3 1 2 8 1.3 55
3 1 2 6 0.9 43
3 1 2 12 1.3 56
3 1 2 7 1 50
3 1 2 9 0.8 48
3 1 2 -9 1.2 51
3 1 2 8 1.1 53
3 1 2 10 0.9 54
3 1 1 9 1.1 51
3 1 1 6 1.2 51
3 1 1 8 1.5 54
3 1 2 8 0.9 51
3 1 2 9 1.2 53
3 1 2 6 0.9 48
3 1 1 8 1.4 56
3 1 1 7 1.3 52
3 1 1 9 1.6 54
3 1 1 8 1.3 54
3 1 1 8 1.3 53
3 1 1 9 1.3 54
3 1 1 6 1.3 52
3 1 2 6 0.7 44
3 1 2 8 2.1 62
3 1 2 4 0.6 41
3 1 2 5 0.6 39
3 1 1 7 1 50
3 1 1 11 1.2 50
3 1 1 16 0.7 51
3 1 1 4 0.6 45
3 1 1 -9 1.6 57
3 1 1 5 0.7 43
3 1 2 7 0.7 43
3 1 2 6 0.9 46
3 1 2 9 1.4 57
3 1 2 5 0.6 44
3 1 2 8 1.8 47
3 1 1 8 1.1 52
3 1 1 5 1.2 51
3 1 1 8 1.4 52
3 1 1 8 1.8 57
3 1 1 5 0.5 40
3 1 2 8 1 51
3 1 2 10 1.4 53
3 1 2 9 1.4 57
3 1 2 -9 0.6 46
3 1 2 5 0.7 41
3 1 2 6 1.1 50
3 1 2 5 0.6 42
3 1 2 4 0.5 41
3 1 2 9 1.2 53
3 1 2 7 1 47
3 1 1 7 1.3 55
3 1 1 -9 1.3 55
3 1 1 -9 0.8 49
3 1 1 8 1.1 49
3 1 1 7 1.3 57
3 1 1 7 1.3 51
3 1 1 5 0.7 43
3 1 1 9 1.3 53
3 1 1 8 1 50
3 1 1 8 1.6 56
3 1 2 9 1.8 51
3 1 2 10 1.1 51
3 1 2 5 0.7 44
3 1 2 8 0.6 45
3 1 2 8 1 52
3 1 2 11 1.1 52
3 1 2 5 0.4 39
3 1 2 8 1.3 52
3 1 2 5 0.6 40
3 1 2 4 0.6 42
3 1 1 8 1.3 53
3 1 1 6 0.8 49
3 1 1 8 1.2 53
3 1 1 7 1.2 50
3 1 1 6 0.8 47
3 1 1 7 0.8 49
3 1 1 5 0.7 46
3 1 1 5 1 47
3 1 1 11 1 51
3 1 1 5 1.2 55
3 1 2 8 1.2 55
3 1 2 5 0.9 48
3 1 1 4 0.6 44
3 1 1 8 0.9 50
3 1 1 9 1.2 52
3 1 1 -9 1.3 54
3 1 1 7 1 52
3 1 1 2 0.6 36
3 1 1 4 0.6 44
3 1 1 6 1.4 53
3 1 1 7 1.1 54
3 1 2 6 0.6 45
3 1 1 7 1.1 52
3 1 2 5 0.8 47
3 1 2 5 0.7 45
3 1 2 7 0.9 49
3 1 2 9 1.3 56
3 1 2 8 1.3 55
3 1 2 -9 0.9 49
3 1 2 8 1.2 53
2 1 2 4 0.5 40
2 1 2 5 0.4 37
2 1 2 4 0.5 42
2 1 2 5 0.6 45
2 1 2 5 0.5 40
2 1 1 6 1.4 56
2 1 1 5 0.4 40
2 1 1 5 0.6 44
2 1 1 5 0.4 38
2 1 1 5 0.5 40
3 1 2 9 1.4 55
3 1 2 -9 0.8 40
3 1 2 4 0.8 43
3 1 2 -9 1 49
3 1 2 6 0.9 51
3 1 2 6 1 50
3 1 2 2 0.5 37
3 1 2 8 1.4 57
3 1 2 -9 0.9 47
3 1 2 8 1.3 57
3 1 1 7 1.4 58
3 1 1 -9 1.3 55
3 1 1 8 1.4 57
3 1 1 8 1.3 57
3 1 1 8 1.1 53
3 1 1 11 1.4 61
3 1 1 -9 1.3 52
3 1 1 -9 0.9 49
3 1 1 -9 1.4 55
3 1 1 8 1.1 53
3 1 1 8 1.1 52
3 1 1 5 0.5 40
3 1 1 -9 1.5 56
3 1 1 8 1.4 55
3 1 1 2 0.4 35
3 1 1 4 0.6 41
3 1 1 5 0.7 43
3 1 1 4 0.7 44
3 1 1 8 1 51
3 1 1 5 0.7 44
3 1 2 -9 1.2 52
3 1 2 5 0.7 44
3 1 2 -9 1.1 54
3 1 2 8 1.1 51
3 1 2 5 0.6 41
3 1 2 -9 0.7 42
3 1 2 8 1.2 53
3 1 2 5 0.5 40
3 1 2 8 1.2 52
3 1 2 5 0.6 41
3 1 1 6 1.3 55
3 1 1 6 1.1 50
3 1 1 5 0.6 43
3 1 1 7 1.3 55
3 1 1 5 0.7 45
3 1 1 -9 1.1 51
3 1 1 6 1.1 51
3 1 1 7 1.4 54
3 1 1 -9 0.9 57
3 1 1 -9 1.1 51
3 1 2 -9 1 50
3 1 2 8 1.2 53
3 1 2 5 0.7 41
3 1 2 -9 0.7 47
3 1 2 5 0.9 45
3 1 2 5 1.2 53
3 1 2 5 0.6 40
3 1 2 4 0.6 43
3 1 2 5 0.6 42
3 1 2 6 0.8 49
3 1 1 -9 1 49
3 1 2 -9 0.6 42
3 1 2 5 0.6 41
3 1 2 -9 0.9 47
3 1 2 5 0.7 43
3 1 2 -9 0.6 40
3 1 1 5 0.5 39
3 1 1 -9 1 50
3 1 1 -9 0.4 37
3 1 1 -9 1 50
