1 5 1 -9 0.82 48
1 5 1 -9 1.44 62
1 5 1 -9 0.82 48
1 5 1 -9 0.85 50
1 5 2 -9 0.6 43
1 5 1 -9 0.6 44
1 5 1 -9 0.5 43
1 5 1 -9 0.7 43
1 5 1 -9 0.55 42
1 5 2 -9 0.9 50
1 6 1 -9 0.75 46
1 6 2 -9 0.65 47
1 6 2 -9 0.45 40
1 6 1 -9 1.15 53
1 6 1 -9 0.9 46
1 6 2 -9 0.7 44
1 6 2 -9 0.85 47
1 6 1 -9 0.45 41
1 6 1 -9 0.45 39
1 6 2 -9 0.55 43
1 7 1 -9 1.45 57
1 7 1 -9 1.05 52
1 7 1 -9 1.35 56
1 7 1 -9 0.9 48
1 7 1 -9 1.15 55
1 7 2 -9 0.8 46
1 7 2 -9 0.9 49
1 7 2 -9 0.9 47
1 7 2 -9 0.8 48
1 7 2 -9 0.65 44
1 8 1 -9 1.15 53
1 8 2 -9 0.95 52
1 8 1 -9 0.55 42
1 8 1 -9 2.4 68
1 8 1 -9 0.85 49
1 8 1 -9 0.95 50
1 8 1 -9 1.05 52
1 8 1 -9 0.65 44
1 8 2 -9 0.7 45
1 8 2 -9 0.75 48
1 9 2 -9 0.85 45
1 9 2 -9 0.9 50
1 9 2 -9 0.8 44
1 9 1 -9 0.85 44
1 9 2 -9 0.8 46
1 9 1 -9 1.1 52
1 9 1 -9 1.05 51
1 9 1 -9 0.9 49
1 9 2 -9 0.65 46
1 9 1 -9 0.4 39
1 10 1 -9 1.95 54
1 10 1 -9 0.7 44
1 10 2 -9 0.85 47
1 10 1 -9 0.8 47
1 10 1 -9 0.8 48
1 10 1 -9 0.4 39
1 10 2 -9 1.05 51
1 10 1 -9 0.7 45
1 10 2 -9 0.4 40
1 10 2 -9 0.35 37
1 11 2 -9 0.5 41
1 11 2 -9 0.95 51
1 11 1 -9 1.1 51
1 11 2 -9 0.9 48
1 11 1 -9 0.95 51
1 11 1 -9 0.95 49
1 11 2 -9 0.4 38
1 11 2 -9 0.35 36
1 11 1 -9 1.3 54
1 11 1 -9 1 50
1 12 1 -9 1.8 63
1 12 1 -9 1.7 59
1 12 2 -9 1.05 50
1 12 2 -9 0.9 48
1 12 1 -9 1.1 54
1 12 2 -9 0.8 45
1 12 2 -9 1 49
1 12 2 -9 0.75 48
1 12 2 -9 0.45 40
1 12 1 -9 1.15 58
1 13 1 -9 1.8 62
1 13 2 -9 0.9 48
1 13 1 -9 1.15 52
1 13 1 -9 0.85 51
1 13 2 -9 1.15 51
1 13 1 -9 0.95 49
1 13 2 -9 0.4 39
1 13 1 -9 0.7 46
1 13 1 -9 0.75 44
1 13 2 -9 0.6 42
1 14 1 -9 1.5 58
1 14 2 -9 1.45 58
1 14 2 -9 1.25 55
1 14 1 -9 0.9 52
1 14 2 -9 1.25 56
1 14 1 -9 0.9 50
1 14 2 -9 1.1 54
1 14 1 -9 0.8 46
1 14 1 -9 0.5 42
1 14 1 -9 1.05 53
1 15 2 -9 0.55 42
1 15 2 -9 0.55 42
1 15 1 -9 1.25 56
1 15 1 -9 0.7 45
1 15 2 -9 0.85 50
1 15 2 -9 0.95 50
1 15 2 -9 0.85 46
1 15 1 -9 0.75 46
1 15 1 -9 0.9 50
1 15 2 -9 0.55 41
1 16 2 -9 0.45 39
1 16 2 -9 0.6 43
1 16 1 -9 0.5 41
1 16 1 -9 1.05 51
1 16 2 -9 0.5 40
1 16 2 -9 1 50
1 16 1 -9 0.4 37
1 16 1 -9 0.54 42
1 16 1 -9 0.6 42
1 16 2 -9 0.8 47
1 17 2 -9 0.55 43
1 17 2 -9 0.5 42
1 17 1 -9 1.05 53
1 17 2 -9 0.45 40
1 17 1 -9 1 50
1 17 1 -9 0.7 47
1 17 1 -9 0.6 43
1 17 2 -9 0.5 41
1 17 1 -9 0.5 41
1 17 2 -9 0.8 46
1 18 2 -9 0.65 45
1 18 1 -9 0.55 41
1 18 1 -9 1.15 56
1 18 2 -9 0.4 39
1 18 2 -9 0.4 38
1 18 1 -9 0.45 40
1 18 2 -9 0.55 44
1 18 1 -9 0.55 40
1 18 2 -9 0.5 42
1 18 1 -9 0.4 38
1 19 2 -9 0.45 41
1 19 1 -9 0.4 40
1 19 2 -9 1.05 54
1 19 1 -9 0.45 39
1 19 1 -9 0.4 38
1 19 2 -9 0.35 35
1 19 1 -9 0.4 38
1 19 1 -9 1.1 54
1 19 1 -9 0.9 47
1 19 2 -9 0.55 43
1 20 1 -9 1.25 58
1 20 1 -9 1.15 56
1 20 1 -9 1.8 56
1 20 1 -9 1.6 60
1 20 2 -9 0.95 49
1 20 2 -9 0.65 44
1 20 2 -9 0.8 49
1 20 1 -9 0.6 45
1 20 2 -9 0.45 39
1 20 1 -9 0.8 47
1 21 2 -9 0.5 42
1 21 2 -9 0.45 41
1 21 2 -9 0.6 45
1 21 1 -9 0.45 40
1 21 1 -9 1.25 57
1 21 2 -9 0.4 39
1 21 2 -9 0.4 36
1 21 1 -9 0.5 39
1 21 1 -9 0.6 45
1 21 2 -9 0.9 49
1 22 2 -9 1.55 59
1 22 2 -9 1.2 53
1 22 2 -9 1.5 57
1 22 1 -9 1.45 55
1 22 1 -9 2.4 65
1 22 2 -9 0.65 42
1 22 2 -9 0.65 45
1 22 1 -9 0.45 40
1 22 1 -9 0.6 43
1 22 1 -9 0.8 47
1 23 1 -9 2.8 67
1 23 1 -9 1.9 59
1 23 1 -9 1.4 58
1 23 2 -9 1.05 52
1 23 2 -9 1.25 56
1 23 2 -9 1.2 57
1 23 1 -9 1.35 58
1 23 2 -9 0.55 42
1 23 1 -9 1.55 57
1 23 1 -9 0.8 47
1 137 2 5 0.45 42
1 137 2 6 0.45 42
1 137 2 7 0.85 49
1 137 2 6 0.6 44
1 137 2 5 0.55 44
1 137 2 6 0.55 43
1 137 2 6 0.8 45
1 137 2 6 0.5 43
1 137 2 6 0.7 45
1 137 2 6 0.4 41
1 137 1 5 0.7 44
1 137 1 10 1.4 57
1 137 1 6 0.65 45
1 137 1 5 0.5 41
1 137 1 6 0.6 44
1 137 1 8 0.85 51
1 137 1 8 1.2 56
1 137 1 6 0.45 41
1 137 1 6 0.6 45
1 137 1 6 0.65 45
1 138 2 6 0.35 37
1 138 2 6 0.6 46
1 138 2 -9 0.35 48
1 138 2 6 0.5 43
1 138 2 5 0.5 40
1 138 2 13 1.1 53
1 138 2 5 0.4 39
1 138 2 6 0.65 46
1 138 2 5 0.4 39
1 138 2 6 0.5 42
1 138 2 5 0.35 38
1 138 1 13 1.1 55
1 138 2 5 0.4 39
1 138 1 7 0.55 43
1 138 1 6 0.6 44
1 138 1 6 0.4 40
1 138 1 6 0.5 41
1 138 1 6 0.55 42
1 138 1 8 1.05 51
1 138 1 6 0.55 42
1 139 2 6 0.6 45
1 139 2 6 0.5 42
1 139 2 6 0.45 40
1 139 2 6 0.8 48
1 139 2 6 0.4 41
1 139 1 5 0.45 41
1 139 1 6 0.45 41
1 139 1 6 0.95 51
1 139 1 11 0.95 51
1 139 1 8 1 50
1 139 1 -9 1.3 56
1 140 2 6 0.55 44
1 140 2 7 0.65 46
1 140 2 7 0.45 43
1 140 2 6 0.6 45
1 140 2 7 0.75 47
1 140 2 5 0.35 39
1 140 2 6 0.5 42
1 140 2 7 0.45 41
1 140 2 6 0.45 41
1 140 2 6 0.45 42
1 140 1 6 0.5 43
1 140 1 6 0.55 44
1 140 1 6 0.75 49
1 140 1 6 0.65 45
1 140 1 6 0.45 42
1 140 1 6 0.55 43
1 140 1 8 1.05 52
1 140 1 6 0.7 47
1 140 1 6 0.7 47
1 140 1 6 1.2 56
1 2 2 -9 1.65 60
1 2 1 -9 0.7 46
1 2 2 -9 0.8 47
1 2 1 -9 0.65 44
1 2 1 -9 0.93 52
1 2 2 -9 0.55 42
1 2 2 -9 0.85 48
1 2 1 -9 0.6 44
1 2 1 -9 1.1 52
1 2 1 -9 1.15 53
1 3 2 -9 0.58 43
1 3 2 -9 0.75 47
1 3 2 -9 1.65 63
1 3 2 -9 0.83 48
1 3 2 -9 0.95 49
1 3 1 -9 0.9 48
1 3 2 -9 0.6 41
1 3 2 -9 0.9 48
1 3 2 -9 0.67 47
1 3 2 -9 0.76 48
1 3 1 -9 1.1 53
1 3 2 -9 0.95 46
1 3 2 -9 0.88 52
1 3 1 -9 1.05 50
1 3 1 -9 1.1 53
1 3 2 -9 0.81 46
1 3 2 -9 0.5 43
1 3 2 -9 1.06 51
1 3 2 -9 0.98 49
1 3 2 -9 0.73 45
1 3 2 -9 1.15 52
1 3 1 -9 0.75 46
1 3 2 -9 0.95 49
1 3 2 -9 0.8 50
1 3 2 -9 1.1 51
1 3 1 -9 1.05 50
1 3 1 -9 0.79 47
1 3 1 -9 0.55 41
1 3 2 -9 1.4 60
1 3 1 -9 0.63 44
1 4 1 -9 1.62 60
1 4 2 -9 0.7 45
1 4 1 -9 1.15 54
1 4 1 -9 1.1 53
1 4 1 -9 0.55 43
1 4 1 -9 0.51 45
1 4 1 -9 0.5 40
1 4 1 -9 0.55 42
1 4 1 -9 0.72 46
1 4 1 -9 1.1 52
1 4 1 -9 1.52 59
1 4 1 -9 0.75 47
1 4 1 -9 0.88 49
1 4 1 -9 0.71 48
1 4 1 -9 1 51
1 4 1 -9 2.01 62
1 4 1 -9 0.41 39
1 4 2 -9 1.05 51
1 4 2 -9 1.17 52
1 4 2 -9 0.8 50
1 4 2 -9 0.81 46
1 4 2 -9 0.65 44
1 4 2 -9 0.35 37
1 4 2 -9 1.02 53
1 4 2 -9 0.51 41
1 4 2 -9 1.3 55
1 4 2 -9 0.69 47
1 4 2 -9 0.62 43
1 4 2 -9 0.57 44
1 4 1 -9 0.53 41
1 153 2 -9 0.8 48
1 153 2 -9 0.87 49
1 153 2 -9 0.87 46
1 153 2 -9 0.7 43
1 153 2 -9 0.68 47
1 153 1 -9 0.52 40
1 153 1 -9 1.02 51
1 153 1 -9 0.63 44
1 153 1 -9 0.72 47
1 153 1 -9 0.68 46
1 154 2 -9 0.76 46
1 154 2 -9 0.78 47
1 154 2 -9 0.7 45
1 154 2 -9 0.48 40
1 154 2 -9 0.68 47
1 154 2 -9 0.7 43
1 154 2 -9 0.63 43
1 154 2 -9 0.78 47
1 154 2 -9 0.9 49
1 154 2 -9 0.58 45
1 154 1 -9 0.82 48
1 154 1 -9 1.08 52
1 154 1 -9 0.92 49
1 154 1 -9 0.42 38
1 154 1 -9 0.84 47
1 154 1 -9 0.7 45
1 154 1 -9 0.72 47
1 154 1 -9 0.82 47
1 154 1 -9 0.72 46
1 154 1 -9 0.78 46
1 155 2 -9 0.7 44
1 155 2 -9 0.98 50
1 155 2 -9 0.5 40
1 155 2 -9 1.06 58
1 155 2 -9 0.72 45
1 155 2 -9 0.46 41
1 155 2 -9 0.94 49
1 155 2 -9 1.02 51
1 155 2 -9 0.82 47
1 155 2 -9 0.84 54
1 155 1 -9 0.86 49
1 155 1 -9 0.62 44
1 155 1 -9 0.84 50
1 155 1 -9 0.9 50
1 155 1 -9 0.48 43
1 155 1 -9 0.9 49
1 155 1 -9 1.08 52
1 155 1 -9 0.32 36
1 155 1 -9 0.54 40
1 155 1 -9 0.62 44
1 156 2 -9 0.48 42
1 156 2 -9 1.1 51
1 156 2 -9 0.78 48
1 156 2 -9 0.72 49
1 156 2 -9 0.42 40
1 156 2 -9 0.74 46
1 156 2 -9 0.78 46
1 156 2 -9 0.98 51
1 156 1 -9 0.96 51
1 156 1 -9 0.94 52
1 156 1 -9 0.56 44
1 156 1 -9 1.14 54
1 156 1 -9 0.6 43
1 156 1 -9 0.74 47
1 156 1 -9 0.62 45
1 156 1 -9 0.88 48
1 156 1 -9 0.72 44
1 157 2 -9 0.96 50
1 157 2 -9 0.78 45
1 157 2 -9 0.9 48
1 157 2 -9 0.88 48
1 157 2 -9 1.18 53
1 157 1 -9 0.98 48
1 157 1 -9 0.6 45
1 157 1 -9 0.62 45
1 157 1 -9 0.98 51
1 157 1 -9 0.88 49
1 158 2 -9 0.8 46
1 158 2 -9 1.02 52
1 158 2 -9 1.18 52
1 158 2 -9 0.94 51
1 158 2 -9 0.86 50
1 158 1 -9 0.66 43
1 158 1 -9 1.02 51
1 158 1 -9 0.78 48
1 158 1 -9 0.9 50
1 158 1 -9 0.8 46
1 159 2 -9 0.74 45
1 159 2 -9 0.9 48
1 159 2 -9 0.68 44
1 159 2 -9 0.96 49
1 159 2 -9 0.56 43
1 159 1 -9 0.52 40
1 159 1 -9 1.08 52
1 159 1 -9 0.5 43
1 159 1 -9 0.56 43
1 159 1 -9 1.59 61
1 160 1 -9 1.2 53
1 160 1 -9 0.9 49
1 160 1 -9 0.54 41
1 160 1 -9 1.4 57
1 160 1 -9 0.8 46
1 160 2 -9 0.9 50
1 160 2 -9 1 53
1 160 2 -9 0.72 52
1 160 2 -9 1 53
1 160 2 -9 0.96 53
1 161 2 -9 1.3 55
1 161 2 -9 0.96 50
1 161 2 -9 0.92 50
1 161 2 -9 0.92 51
1 161 2 -9 1.3 57
1 161 1 -9 0.62 42
1 161 1 -9 1.1 50
1 161 1 -9 0.84 45
1 161 1 -9 0.48 40
1 161 1 -9 0.3 36
1 162 2 -9 0.48 40
1 162 2 -9 0.36 38
1 162 2 -9 0.58 42
1 162 2 -9 0.52 41
1 162 2 -9 0.44 40
1 162 1 -9 0.46 40
1 162 1 -9 0.5 39
1 162 1 -9 0.54 41
1 162 1 -9 0.48 39
1 162 1 -9 0.46 39
1 163 2 -9 0.56 44
1 163 2 -9 0.5 42
1 163 2 -9 0.48 41
1 163 2 -9 0.54 43
1 163 2 -9 0.6 44
1 163 1 -9 0.54 41
1 163 1 -9 0.84 48
1 163 1 -9 0.48 41
1 163 1 -9 0.52 42
1 163 1 -9 0.42 38
1 141 1 -9 0.7 45
1 141 1 -9 0.4 36
1 141 2 -9 0.9 49
1 141 2 -9 0.45 38
1 141 2 -9 1 50
1 141 2 -9 0.6 43
1 141 2 -9 1 51
1 141 2 -9 0.8 47
1 141 2 -9 0.5 40
1 141 2 -9 1.5 54
1 141 2 -9 0.6 42
1 141 1 -9 1 50
1 141 2 -9 0.6 42
1 141 1 -9 0.65 43
1 141 1 -9 0.8 46
1 141 1 -9 0.9 49
1 141 1 -9 0.7 45
1 141 1 -9 0.5 40
1 141 1 -9 0.8 47
1 141 1 -9 0.95 48
1 142 1 6 0.9 47
1 142 1 5 0.65 43
1 142 1 5 0.9 47
1 142 1 5 0.9 47
1 142 1 5 1 50
1 142 1 5 0.7 43
1 142 1 6 1.35 53
1 142 1 5 0.95 48
1 142 1 5 0.95 48
1 142 1 5 0.9 46
1 142 2 6 0.85 46
1 142 2 6 0.9 49
1 142 2 6 0.8 45
1 142 2 6 0.6 44
1 142 2 6 1.05 50
1 142 2 5 0.75 45
1 142 2 6 0.95 49
1 142 2 6 0.75 43
1 142 2 8 1 51
1 142 2 6 0.85 46
1 143 1 6 0.85 49
1 143 1 6 0.7 45
1 143 1 6 1.1 54
1 143 1 4 0.5 42
1 143 1 11 1.45 57
1 143 1 6 1.35 56
1 143 1 6 0.95 52
1 143 1 6 0.75 47
1 143 1 6 0.8 48
1 143 1 6 0.85 48
1 143 2 6 0.7 44
1 143 2 6 0.85 49
1 143 2 6 0.75 46
1 143 2 6 0.75 47
1 143 2 6 0.45 42
1 143 2 6 0.8 47
1 143 2 6 0.85 47
1 143 2 6 0.9 48
1 143 2 6 0.8 48
1 143 2 5 0.8 47
1 144 1 6 0.85 49
1 144 1 5 0.8 46
1 144 1 6 0.65 46
1 144 1 5 0.75 49
1 144 1 5 0.55 41
1 144 1 6 0.9 50
1 144 1 6 1.2 53
1 144 1 5 1 52
1 144 1 6 0.7 45
1 144 1 5 0.99 50
1 144 2 7 0.75 49
1 144 2 6 0.6 44
1 144 2 6 0.7 46
1 144 2 6 0.6 43
1 144 2 6 0.6 44
1 144 2 6 0.65 44
1 144 2 6 0.7 46
1 144 2 6 0.85 50
1 144 2 6 0.9 50
1 144 2 6 0.95 51
1 145 2 -9 0.63 44
1 145 1 -9 0.4 38
1 145 1 -9 1.05 50
1 145 1 -9 0.5 42
1 145 1 -9 0.75 46
1 145 1 -9 0.52 43
1 145 1 -9 0.47 40
1 145 1 -9 0.66 44
1 145 1 -9 0.45 40
1 145 1 -9 0.64 43
1 145 1 -9 0.54 44
1 145 2 -9 0.51 42
1 145 2 -9 0.93 48
1 145 2 -9 0.64 43
1 145 2 -9 0.81 48
1 145 2 -9 0.91 48
1 145 2 -9 0.66 43
1 145 2 -9 0.48 42
1 145 2 -9 0.44 40
1 145 2 -9 0.4 39
1 146 1 -9 0.63 44
1 146 1 -9 0.55 42
1 146 1 -9 0.87 50
1 146 1 -9 0.6 44
1 146 1 -9 0.64 44
1 146 1 -9 0.72 45
1 146 1 -9 0.85 49
1 146 1 -9 0.33 36
1 146 1 -9 0.98 51
1 146 1 -9 1.03 51
1 146 2 -9 1.01 52
1 146 2 -9 0.48 40
1 146 2 -9 1.43 68
1 146 2 -9 0.55 41
1 146 2 -9 0.49 40
1 146 2 -9 0.57 41
1 146 2 -9 1.06 52
1 146 2 -9 0.6 45
1 146 2 -9 0.66 45
1 146 2 -9 0.39 38
1 147 1 -9 0.58 42
1 147 1 -9 1.42 55
1 147 1 -9 1.08 51
1 147 1 -9 1.05 52
1 147 1 -9 1.03 51
1 147 2 -9 0.45 40
1 147 2 -9 0.44 38
1 147 2 -9 0.5 41
1 147 2 -9 0.49 39
1 148 1 5 0.4 39
1 148 1 6 0.87 52
1 148 1 7 0.9 53
1 148 1 4 0.3 38
1 148 1 4 0.3 36
1 148 1 5 0.4 39
1 148 2 5 0.45 41
1 148 1 5 0.35 39
1 148 2 5 0.4 41
1 148 2 5 0.4 39
1 148 2 6 1 51
1 149 1 5 0.95 53
1 149 1 7 1.05 53
1 149 1 13 1.35 61
1 149 1 11 1.3 57
1 149 1 5 0.85 52
1 149 2 6 0.8 51
1 149 2 6 0.4 39
1 150 2 7 1.05 53
1 150 2 4 0.45 38
1 150 1 4 0.4 38
1 150 1 5 0.4 38
1 150 2 4 0.4 37
1 150 1 4 0.45 40
1 150 2 5 0.45 39
1 151 1 3 0.4 39
1 151 1 6 1.3 68
1 151 2 6 1.05 53
1 151 1 7 1.15 54
1 151 1 6 1.05 54
1 151 2 4 0.35 37
1 151 2 6 0.95 53
1 152 2 6 1.05 54
1 152 2 3 0.37 38
1 152 1 5 0.35 37
1 152 1 3 0.45 39
1 152 1 6 1.2 54
1 152 1 4 0.5 42
1 152 1 3 0.5 41
1 152 1 4 0.5 41
1 152 1 3 0.5 41
1 152 1 4 0.45 41
1 152 1 4 0.45 40
1 164 2 -9 0.5 43
1 164 2 -9 0.6 47
1 164 2 -9 0.75 46
1 164 2 -9 1.2 63
1 164 2 -9 0.45 41
1 164 1 -9 0.8 52
1 164 1 -9 0.4 40
1 164 1 -9 0.9 51
1 164 1 -9 1.3 58
1 164 1 -9 0.85 50
1 165 2 -9 0.95 50
1 165 2 -9 0.56 43
1 165 2 -9 0.79 50
1 165 2 -9 0.93 51
1 165 2 -9 0.61 45
1 165 1 -9 1.1 52
1 165 1 -9 0.85 48
1 165 1 -9 0.95 51
1 165 1 -9 0.58 44
1 165 1 -9 0.83 50
1 166 2 -9 0.83 49
1 166 2 -9 0.88 48
1 166 2 -9 0.61 45
1 166 2 -9 0.43 41
1 166 2 -9 0.81 49
1 166 1 -9 0.82 52
1 166 1 -9 0.52 43
1 166 1 -9 0.47 40
1 166 1 -9 0.46 39
1 166 1 -9 0.79 40
1 167 2 -9 0.62 44
1 167 2 -9 0.98 50
1 167 2 -9 0.72 47
1 167 2 -9 0.72 46
1 167 2 -9 0.59 44
1 167 1 -9 0.98 51
1 167 1 -9 0.45 40
1 167 1 -9 0.83 48
1 167 1 -9 0.73 47
1 167 1 -9 0.78 47
1 168 2 -9 0.73 47
1 168 2 -9 0.73 48
1 168 2 -9 0.82 48
1 168 2 -9 0.87 50
1 168 2 -9 0.92 51
1 168 1 -9 1.09 52
1 168 1 -9 0.42 38
1 168 1 -9 0.83 49
1 168 1 -9 0.55 42
1 168 1 -9 0.88 48
1 169 2 -9 1.07 51
1 169 2 -9 0.43 39
1 169 2 -9 0.81 49
1 169 2 -9 0.87 49
1 169 2 -9 0.88 49
1 169 1 -9 1.08 53
1 169 1 -9 0.96 50
1 169 1 -9 0.97 52
1 169 1 -9 1.07 53
1 169 1 -9 0.38 37
1 170 2 -9 0.78 47
1 170 2 -9 0.8 48
1 170 2 -9 0.87 47
1 170 2 -9 0.95 51
1 170 2 -9 0.22 30
1 170 1 -9 0.56 42
1 170 1 -9 0.8 49
1 170 1 -9 1.87 66
1 170 1 -9 0.18 29
1 170 1 -9 0.98 50
1 171 2 -9 0.87 50
1 171 2 -9 0.62 45
1 171 2 -9 0.65 46
1 171 2 -9 0.54 44
1 171 2 -9 0.73 46
1 171 1 -9 0.42 39
1 171 1 -9 0.81 47
1 171 1 -9 0.97 49
1 171 1 -9 0.79 46
1 171 1 -9 0.85 51
1 172 2 -9 0.56 43
1 172 2 -9 0.56 45
1 172 2 -9 0.44 39
1 172 2 -9 0.45 40
1 172 2 -9 0.73 48
1 172 1 -9 0.58 45
1 172 1 -9 0.91 53
1 172 1 -9 0.65 46
1 172 1 -9 0.48 41
1 172 1 -9 0.75 51
1 173 2 -9 0.94 52
1 173 2 -9 0.46 40
1 173 2 -9 0.64 44
1 173 2 -9 0.93 51
1 173 2 -9 1.32 57
1 173 1 -9 0.88 51
1 173 1 -9 0.57 42
1 173 1 -9 0.92 54
1 173 1 -9 0.93 49
1 173 1 -9 1.48 57
1 174 2 -9 0.56 42
1 174 2 -9 0.62 44
1 174 2 -9 0.48 43
1 174 2 -9 0.5 42
1 174 2 -9 0.47 42
1 174 1 -9 1.57 57
1 174 1 -9 0.75 47
1 174 1 -9 0.56 44
1 174 1 -9 1.33 55
1 174 1 -9 0.57 45
1 175 2 -9 0.91 53
1 175 2 -9 0.39 42
1 175 2 -9 0.42 41
1 175 2 -9 0.4 40
1 175 2 -9 0.51 42
1 175 1 -9 0.59 47
1 175 1 -9 0.67 48
1 175 1 -9 0.55 44
1 175 1 -9 0.55 43
1 175 1 -9 0.72 48
1 176 2 -9 0.38 39
1 176 2 -9 0.77 40
1 176 2 -9 0.42 41
1 176 2 -9 0.41 40
1 176 2 -9 0.43 41
1 176 1 -9 0.54 44
1 176 1 -9 0.62 46
1 176 1 -9 1.18 55
1 176 1 -9 0.64 45
1 176 1 -9 1.04 54
1 47 2 5 0.8 47
1 47 2 5 0.85 48
1 47 1 5 0.85 49
1 47 2 6 0.9 48
1 47 1 5 0.9 49
1 47 2 6 0.85 47
1 47 1 3 0.55 43
1 47 1 6 0.7 47
1 47 2 6 0.9 50
1 47 2 5 0.75 48
1 47 2 6 1.1 53
1 47 1 6 1 48
1 47 1 7 0.95 49
1 47 1 7 0.9 48
1 47 2 6 0.75 47
1 47 1 7 0.95 51
1 47 2 6 0.9 51
1 47 2 6 0.7 45
1 47 1 6 0.8 47
1 47 1 6 1.15 52
1 47 2 6 0.75 46
1 47 2 5 0.8 47
1 47 2 6 0.65 44
1 47 1 5 0.8 46
1 47 2 5 0.3 34
1 47 1 5 0.9 50
1 47 1 4 0.5 41
1 47 1 6 0.9 50
1 47 2 5 0.9 48
1 47 2 5 0.8 46
1 47 2 5 0.85 47
1 47 2 5 0.65 45
1 47 2 6 0.65 45
1 47 1 5 0.85 48
1 47 2 3 0.5 40
1 47 1 6 0.9 50
1 47 1 6 0.6 45
1 47 2 6 0.55 42
1 47 1 6 0.85 48
1 47 1 6 0.95 53
1 47 1 6 0.95 49
1 47 1 5 0.85 47
1 47 2 5 0.8 47
1 47 2 6 0.8 49
1 47 2 5 0.5 43
1 47 2 6 0.7 45
1 47 2 7 0.85 50
1 47 1 6 1.05 52
1 47 2 5 0.85 48
1 48 1 6 1 51
1 48 1 5 0.65 45
1 48 1 6 0.9 46
1 48 1 5 1.05 53
1 48 1 4 0.45 39
1 48 1 5 0.8 50
1 48 1 6 0.75 47
1 48 2 5 0.8 49
1 48 1 6 0.55 43
1 48 2 6 1.05 51
1 48 1 6 0.85 49
1 48 1 6 0.85 50
1 48 1 6 0.9 50
1 48 2 5 0.55 42
1 48 1 5 0.7 46
1 48 2 6 0.6 44
1 48 1 6 0.75 47
1 48 2 5 0.7 43
1 48 2 6 1.1 52
1 48 2 6 0.65 45
1 48 2 6 0.9 49
1 48 1 6 0.5 43
1 48 1 5 0.75 48
1 48 1 5 0.65 45
1 48 2 6 0.7 44
1 48 1 6 0.5 43
1 48 1 6 1.05 51
1 48 2 5 0.5 41
1 48 2 6 0.85 49
1 48 1 6 0.75 46
1 48 1 6 1.1 53
1 48 2 7 0.65 44
1 48 1 6 1.05 52
1 48 1 6 0.8 46
1 48 2 3 0.4 38
1 48 1 4 0.45 40
1 48 1 6 1.15 53
1 48 1 11 1.6 60
1 48 2 6 0.65 44
1 48 1 5 0.55 42
1 49 2 6 0.9 49
1 49 1 11 2.2 65
1 49 2 5 1 52
1 49 1 6 0.8 46
1 49 1 6 0.6 45
1 49 1 3 0.5 42
1 49 2 6 0.95 51
1 49 2 6 0.5 43
1 49 1 3 0.45 39
1 49 2 3 0.5 41
1 49 1 5 0.39 40
1 49 1 4 0.55 41
1 49 2 4 0.5 40
1 49 2 10 1.5 59
1 49 1 5 0.5 41
1 49 1 6 0.6 44
1 49 1 6 1.25 55
1 49 2 6 0.6 43
1 49 2 6 0.8 46
1 49 1 6 1 51
1 49 2 11 1.25 58
1 49 1 6 0.65 44
1 49 1 5 0.7 44
1 49 1 3 0.45 39
1 49 2 6 0.75 46
1 49 2 6 0.95 50
1 49 1 6 0.65 45
1 49 1 4 0.55 42
1 49 1 6 1.4 59
1 49 1 6 0.55 42
1 49 1 6 1.3 56
1 49 2 3 0.5 42
1 49 1 6 0.52 43
1 49 1 6 0.75 44
1 49 1 7 1.1 53
1 49 2 6 1 54
1 49 2 13 1.5 60
1 50 2 6 1.05 54
1 50 2 6 0.65 43
1 50 1 4 0.5 40
1 50 2 6 0.95 51
1 50 2 11 1.05 53
1 50 1 3 0.35 36
1 50 2 3 0.45 40
1 50 2 4 0.4 39
1 50 2 5 0.45 41
1 50 1 3 0.45 39
1 50 1 3 0.5 40
1 50 1 6 1 51
1 50 1 4 0.6 44
1 51 2 4 0.5 41
1 51 1 6 1.4 56
1 51 1 3 0.45 39
1 51 2 6 0.55 42
1 51 2 5 0.59 42
1 51 2 6 1 50
1 51 2 4 0.45 41
1 51 1 6 1.1 55
1 51 2 6 1.45 58
1 51 2 6 1 50
1 51 1 3 0.45 40
1 51 2 5 1.05 52
1 51 1 13 1.2 58
1 51 1 7 1 52
1 51 2 3 0.37 37
1 51 2 5 0.5 40
1 51 1 7 0.65 44
1 51 1 6 0.55 41
1 51 2 8 1.45 58
1 51 2 6 1.08 51
1 51 2 3 0.4 38
1 51 1 6 0.95 52
1 51 1 5 0.44 41
1 51 2 3 0.5 41
1 51 1 5 0.5 42
1 51 1 10 1.6 60
1 51 1 9 1.2 54
1 51 1 12 1.4 61
1 51 1 13 1.55 60
1 51 2 11 2.75 70
1 51 1 4 0.3 35
1 51 1 11 3.5 75
1 51 1 12 1.8 64
1 51 1 12 1.75 63
1 51 1 8 1.4 58
1 51 1 6 1.85 62
1 51 1 6 1.25 55
1 51 1 6 1.6 58
1 51 1 6 1.45 59
1 51 2 4 0.35 37
1 52 2 10 1.1 53
1 52 1 3 0.4 37
1 52 2 6 1.05 54
1 52 2 6 1.15 54
1 52 1 6 1.4 58
1 52 1 6 0.95 54
1 52 2 6 1.15 54
1 52 2 12 1.3 59
1 52 1 6 1.35 56
1 52 2 4 0.4 39
1 52 1 6 1.2 55
1 52 2 8 1.37 58
1 52 1 11 2.7 67
1 72 1 -9 0.8 50
1 72 2 -9 0.6 45
1 72 1 -9 0.6 44
1 72 1 -9 1.2 53
1 72 2 -9 0.8 48
1 72 2 -9 0.8 55
1 72 1 -9 0.7 46
1 72 2 -9 0.6 46
1 72 1 -9 0.7 46
1 72 2 -9 0.8 49
1 72 1 -9 1 51
1 72 1 -9 0.4 43
1 72 1 -9 0.8 49
1 72 2 -9 0.8 48
1 72 1 -9 1 52
1 72 1 -9 0.4 44
1 72 1 -9 0.6 47
1 72 1 -9 0.8 50
1 72 2 -9 0.8 47
1 72 2 -9 1 51
1 73 1 5 0.7 45
1 73 2 4 0.6 43
1 73 1 5 0.6 45
1 73 2 7 0.8 47
1 73 2 5 0.5 40
1 73 2 -9 0.8 51
1 73 2 -9 0.5 39
1 73 2 5 1 52
1 74 1 8 0.9 50
1 74 2 6 0.6 44
1 74 1 6 0.7 45
1 74 2 6 1.1 52
1 74 2 6 0.9 49
1 74 1 6 0.8 47
1 74 2 5 0.5 40
1 74 1 -9 0.65 44
1 74 2 6 0.95 49
1 74 1 6 0.9 49
1 74 1 5 1 49
1 74 1 4 0.6 43
1 74 1 6 0.8 47
1 74 2 6 0.7 46
1 74 1 7 0.6 45
1 74 2 -9 0.95 50
1 74 1 5 1.1 52
1 74 2 17 0.9 54
1 74 1 3 0.15 28
1 74 2 3 0.15 29
1 74 2 5 -9 41
1 75 2 5 0.8 48
1 75 2 5 0.75 47
1 75 2 4 0.5 45
1 75 2 7 0.6 44
1 75 2 -9 0.35 38
1 75 2 5 0.5 42
1 75 1 7 0.7 48
1 75 2 7 0.9 49
1 75 1 5 0.9 50
1 75 1 5 0.9 47
1 75 2 6 0.55 44
1 76 1 5 0.5 41
1 76 2 5 0.3 35
1 76 1 6 0.6 43
1 77 2 5 0.5 41
1 77 2 6 0.7 47
1 77 1 4 0.4 40
1 77 1 8 1 51
1 77 2 6 0.6 43
1 77 2 4 0.6 39
1 77 2 5 0.45 40
1 77 1 4 0.5 41
1 77 1 6 1 52
1 77 2 9 1.2 56
1 77 2 5 0.8 47
1 77 1 7 1.2 53
1 77 2 6 0.5 44
1 77 2 5 0.55 42
1 77 1 4 0.6 43
1 77 1 6 0.6 44
1 77 2 4 0.4 41
1 78 1 -9 0.75 47
1 78 2 5 0.9 46
1 79 2 -9 0.95 50
1 79 2 -9 0.55 43
1 79 2 -9 0.65 42
1 79 2 -9 0.35 39
1 79 1 -9 0.65 47
1 79 1 -9 0.95 53
1 79 1 -9 0.65 44
1 79 1 -9 0.5 43
1 80 1 -9 1.05 51
1 80 1 -9 0.9 52
1 80 1 -9 0.6 44
1 80 1 -9 0.4 38
1 80 1 -9 0.8 48
1 80 2 -9 0.75 45
1 80 2 -9 0.8 47
1 80 2 -9 0.55 43
1 80 2 -9 0.7 47
1 81 2 -9 1.15 54
1 81 2 -9 0.45 52
1 81 2 -9 0.9 50
1 81 2 -9 0.85 51
1 81 2 -9 1.35 58
1 81 2 -9 0.55 45
1 81 2 -9 0.75 46
1 81 2 -9 0.45 40
1 81 2 -9 0.65 44
1 81 2 -9 1.1 52
1 81 1 -9 1.1 48
1 81 1 -9 0.45 40
1 81 1 -9 1 50
1 81 1 -9 0.35 39
1 81 1 -9 1.4 65
1 81 1 -9 2.1 67
1 81 1 -9 1.6 60
1 81 1 -9 1.05 53
1 81 1 -9 0.55 48
1 81 1 -9 0.5 42
1 82 1 3 0.15 31
1 82 1 5 0.9 48
1 82 1 6 0.55 47
1 82 1 7 0.5 42
1 82 1 3 0.4 34
1 82 1 6 0.75 47
1 82 2 7 1.35 55
1 82 2 6 0.6 44
1 82 2 7 0.9 50
1 82 2 7 0.85 48
1 82 2 6 1.05 51
1 82 2 6 0.7 43
1 82 2 4 0.4 38
1 82 2 3 0.5 39
1 82 2 3 0.3 35
3 36 2 -9 0.75 57
3 36 2 -9 1.35 61
3 36 1 -9 1.8 66
3 36 1 -9 2 71
3 36 2 -9 1.8 65
3 36 1 -9 1.55 65
3 36 1 -9 1.45 65
3 36 1 -9 2 67
3 36 1 -9 1.6 65
3 36 1 -9 1.8 66
2 37 2 6 0.6 45
2 37 2 6 0.55 42
2 37 2 6 0.68 48
2 37 1 6 0.85 47
2 37 2 7 0.75 49
2 37 2 -9 0.92 53
2 37 2 5 0.6 44
2 37 1 6 0.61 46
2 37 1 6 0.84 50
2 37 2 6 0.75 48
2 37 2 5 0.5 42
2 37 1 6 0.75 47
2 37 2 6 0.6 44
2 37 1 4 0.46 42
2 37 2 5 0.57 43
2 37 1 6 0.6 44
2 37 1 5 0.65 47
2 37 1 4 0.55 42
2 37 2 5 0.56 44
2 37 1 7 0.9 52
2 38 1 6 0.6 44
2 38 2 4 0.47 42
2 38 2 6 0.71 46
2 38 2 4 0.55 44
2 38 2 6 0.56 44
2 38 1 3 0.18 31
2 38 2 5 0.49 43
2 38 2 4 0.43 41
2 38 1 4 0.35 39
2 38 1 3 0.17 30
2 38 2 5 0.58 45
2 38 2 5 0.54 42
2 38 1 6 0.55 46
2 38 2 4 0.38 40
2 38 1 3 0.28 34
2 38 2 6 0.7 46
2 38 1 6 0.79 49
2 38 1 4 0.61 45
2 38 1 5 0.56 44
2 38 1 3 0.25 34
2 39 1 8 1.2 56
2 39 2 3 0.19 30
2 39 2 4 0.45 40
2 39 2 4 0.31 37
2 39 1 9 1.4 58
2 39 2 6 0.65 46
2 39 2 6 0.55 43
2 39 2 5 0.51 43
2 39 1 5 0.37 40
2 39 2 7 0.87 51
2 39 1 4 0.39 38
2 39 1 4 0.38 39
2 39 1 4 0.3 35
2 39 1 3 0.39 38
2 39 1 3 0.16 31
2 39 2 6 0.7 47
2 39 2 3 0.27 33
2 39 2 4 0.32 38
2 39 2 3 0.3 35
2 39 1 12 1.58 63
2 40 2 5 0.59 43
2 40 1 6 1.25 55
2 40 1 4 0.45 40
2 40 1 3 0.26 33
2 40 1 6 0.77 51
2 40 2 4 0.55 40
2 40 2 4 0.44 39
2 40 2 4 0.36 37
2 40 1 3 0.16 28
2 40 2 4 0.66 46
2 40 2 4 0.38 37
2 40 2 6 0.64 45
2 40 1 6 0.92 50
2 40 2 4 0.36 38
2 40 2 4 0.39 39
2 40 1 4 0.69 45
2 40 2 3 0.21 32
2 40 1 6 0.74 47
2 40 2 5 0.74 47
2 40 1 5 0.68 44
2 41 1 5 1.4 53
2 41 2 6 1.01 52
2 41 1 6 1.16 53
2 41 2 11 1.54 60
2 41 1 11 1.29 57
2 41 1 6 0.95 53
2 41 1 6 0.92 50
2 41 1 10 1.4 58
2 41 1 14 1.71 62
2 41 1 11 1.7 60
2 41 1 6 1.26 57
2 41 2 11 1.18 52
2 41 1 6 0.92 51
2 41 1 9 1.15 54
2 41 2 10 1.38 59
2 41 1 15 1.7 64
2 41 1 7 1.59 61
2 41 1 6 0.91 51
2 41 1 15 1.81 71
2 41 2 6 1.41 53
3 42 2 -9 1.66 56
3 42 1 -9 1.72 61
3 42 1 -9 1.29 55
3 42 1 -9 2.4 68
3 42 2 -9 0.97 51
3 42 1 -9 0.13 28
3 42 1 -9 1.14 51
3 42 2 -9 0.55 40
3 42 1 -9 1.25 53
3 42 1 -9 1.04 52
3 42 1 -9 1.15 50
3 42 1 -9 0.8 46
3 42 1 -9 1.06 50
3 42 1 -9 1.01 52
3 42 2 -9 0.95 50
3 42 1 -9 1.12 52
3 42 2 -9 0.57 42
3 42 2 -9 0.92 49
3 42 2 -9 0.83 47
3 42 2 -9 0.12 27
3 43 1 -9 0.84 47
3 43 1 -9 0.85 49
3 43 2 -9 0.91 48
3 43 2 -9 0.93 51
3 43 2 -9 1 49
3 43 2 -9 1.21 52
3 43 2 -9 0.69 45
3 43 2 -9 0.55 41
3 43 1 -9 0.74 44
3 43 2 -9 0.82 46
3 43 2 -9 1.04 49
3 43 1 -9 0.86 45
3 43 1 -9 0.78 45
3 43 2 -9 0.74 45
3 43 2 -9 1.01 51
3 43 1 -9 0.75 45
3 43 1 -9 0.75 44
3 43 1 -9 0.71 43
3 43 1 -9 0.62 43
3 43 1 -9 0.37 36
3 44 1 -9 1.06 49
3 44 2 -9 1.03 49
3 44 1 -9 1.24 53
3 44 2 -9 1.05 49
3 44 2 -9 1.16 52
3 44 1 -9 1.04 49
3 44 1 -9 1.2 52
3 44 2 -9 1.18 52
3 44 2 -9 0.97 50
3 44 2 -9 1.02 48
3 44 2 -9 0.64 41
3 44 2 -9 1.05 51
3 44 1 -9 1.34 54
3 44 1 -9 0.79 43
3 44 2 -9 1.09 50
3 44 2 -9 1 50
3 44 2 -9 0.88 47
3 44 2 -9 1.1 51
3 44 1 -9 1.08 52
3 44 1 -9 1.05 49
3 45 2 -9 0.95 48
3 45 2 -9 1.44 57
3 45 2 -9 1.98 60
3 45 1 -9 1.43 55
3 45 1 -9 0.9 48
3 45 2 -9 1.11 50
3 45 2 -9 1.66 59
3 45 1 -9 1.05 48
3 45 2 -9 0.89 47
3 45 1 -9 1.06 48
3 45 2 -9 0.96 47
3 45 1 -9 0.71 46
3 45 1 -9 0.62 41
3 45 1 -9 0.86 48
3 45 1 -9 0.69 43
3 45 1 -9 0.9 48
3 45 1 -9 0.68 42
3 45 1 -9 0.84 46
3 45 2 -9 1.58 56
3 45 1 -9 2.15 67
3 46 1 -9 2.02 64
3 46 1 -9 0.6 43
3 46 2 -9 0.58 41
3 46 1 -9 0.62 42
3 46 1 -9 0.63 43
3 46 2 -9 0.61 41
3 46 1 -9 0.32 35
3 46 1 -9 0.55 40
3 46 2 -9 0.36 34
3 46 2 -9 0.39 36
3 94 2 -9 0.25 32
3 94 2 -9 0.9 46
3 94 2 -9 0.7 44
3 94 2 -9 0.75 47
3 94 2 -9 0.85 48
3 94 2 -9 0.8 47
3 94 2 -9 0.75 40
3 94 2 -9 0.3 32
3 94 2 -9 0.9 49
3 94 2 -9 0.75 47
3 94 1 -9 0.85 47
3 94 1 -9 1.1 50
3 94 1 -9 0.55 41
3 94 1 -9 0.25 31
3 94 1 -9 0.6 42
3 94 1 -9 0.85 48
3 94 1 -9 1.05 51
3 94 1 -9 0.85 46
3 94 1 -9 0.9 49
3 94 1 -9 0.8 42
3 95 2 -9 0.65 45
3 95 2 -9 1.55 63
3 95 2 -9 0.75 48
3 95 2 -9 1.1 53
3 95 2 -9 1 52
3 95 2 -9 1.55 57
3 95 2 -9 1 54
3 95 2 -9 0.85 48
3 95 2 -9 0.8 47
3 95 2 -9 0.8 46
3 95 1 -9 0.75 46
3 95 1 -9 0.5 42
3 95 1 -9 1.05 52
3 95 1 -9 0.8 46
3 95 1 -9 1 52
3 95 1 -9 0.9 48
3 95 1 -9 1 49
3 95 1 -9 0.85 50
3 95 1 -9 0.95 49
3 95 1 -9 0.6 45
3 96 2 -9 0.65 43
3 96 2 -9 0.85 52
3 96 2 -9 1.55 61
3 96 2 -9 0.8 49
3 96 2 -9 0.85 48
3 96 2 -9 0.65 44
3 96 2 -9 1.05 52
3 96 2 -9 1.25 55
3 96 2 -9 0.9 48
3 96 2 -9 0.85 49
3 96 1 -9 1.1 54
3 96 1 -9 0.7 43
3 96 1 -9 1.05 50
3 96 1 -9 0.85 48
3 96 1 -9 1 50
3 96 1 -9 0.7 46
3 96 1 -9 1.25 55
3 96 1 -9 0.6 42
3 96 1 -9 0.55 43
3 96 1 -9 0.7 45
3 97 2 -9 0.9 50
3 97 2 -9 0.7 46
3 97 2 -9 0.9 48
3 97 2 -9 0.75 47
3 97 2 -9 0.55 42
3 97 2 -9 0.5 41
3 97 2 -9 0.65 41
3 97 2 -9 0.75 47
3 97 2 -9 0.8 46
3 97 2 -9 0.65 45
3 97 1 -9 1.2 52
3 97 1 -9 0.8 47
3 97 1 -9 0.7 55
3 97 1 -9 1.8 63
3 97 1 -9 0.9 49
3 97 1 -9 1 52
3 97 1 -9 1 49
3 97 1 -9 0.9 48
3 97 1 -9 0.6 43
3 97 1 -9 0.8 51
3 98 2 -9 1 51
3 98 2 -9 0.5 42
3 98 2 -9 0.65 44
3 98 2 -9 0.7 44
3 98 2 -9 1.05 53
3 98 2 -9 1.05 52
3 98 2 -9 1.1 51
3 98 2 -9 0.65 42
3 98 2 -9 0.6 42
3 98 2 -9 1 50
3 98 1 -9 1.5 58
3 98 1 -9 1.1 51
3 98 1 -9 1.1 53
3 98 1 -9 1.2 53
3 98 1 -9 0.8 48
3 98 1 -9 0.7 47
3 98 1 -9 0.9 47
3 98 1 -9 1.1 51
3 98 1 -9 0.6 43
3 98 1 -9 1.2 52
3 99 2 -9 0.9 50
3 99 2 -9 1.1 53
3 99 2 -9 0.75 55
3 99 2 -9 1.1 53
3 99 2 -9 1.25 52
3 99 2 -9 1 49
3 99 2 -9 0.6 44
3 99 2 -9 1.1 51
3 99 2 -9 1 49
3 99 2 -9 1 50
3 99 1 -9 1.2 54
3 99 1 -9 0.9 51
3 99 1 -9 1.25 55
3 99 1 -9 0.65 45
3 99 1 -9 0.7 47
3 99 1 -9 0.85 49
3 99 1 -9 0.85 47
3 99 1 -9 1.15 55
3 99 1 -9 1.1 53
3 99 1 -9 1 50
3 100 2 -9 0.75 46
3 100 2 -9 0.7 45
3 100 2 -9 1.1 51
3 100 2 -9 0.85 46
3 100 2 -9 1.2 51
3 100 2 -9 0.75 45
3 100 2 -9 0.7 43
3 100 2 -9 1.05 51
3 100 2 -9 1.1 51
3 100 2 -9 1.05 53
3 100 1 -9 1.05 52
3 100 1 -9 0.9 46
3 100 1 -9 1 48
3 100 1 -9 0.7 43
3 100 1 -9 1.2 53
3 100 1 -9 0.7 46
3 100 1 -9 0.65 44
3 100 1 -9 1.2 53
3 100 1 -9 0.9 45
3 100 1 -9 0.9 48
3 101 2 -9 0.6 43
3 101 2 -9 0.65 43
3 101 2 -9 1.05 54
3 101 2 -9 1.35 55
3 101 2 -9 1.2 54
3 101 2 -9 0.55 47
3 101 2 -9 0.6 43
3 101 2 -9 0.65 43
3 101 2 -9 0.55 41
3 101 2 -9 0.3 32
3 101 1 -9 1.1 50
3 101 1 -9 0.9 48
3 101 1 -9 0.55 42
3 101 1 -9 0.5 41
3 101 1 -9 0.65 44
3 101 1 -9 0.65 44
3 101 1 -9 0.7 44
3 101 1 -9 0.7 44
3 101 1 -9 1.4 55
3 101 1 -9 0.7 43
3 102 2 -9 1.25 54
3 102 2 -9 0.55 40
3 102 2 -9 0.4 36
3 102 2 -9 0.6 41
3 102 2 -9 0.3 31
3 102 1 -9 0.55 39
3 102 1 -9 0.6 40
3 102 1 -9 0.35 34
3 102 1 -9 0.25 29
3 102 1 -9 1.15 54
3 103 1 5 0.8 51
3 103 1 4 0.7 42
3 103 1 6 0.8 50
3 103 1 4 0.7 44
3 103 1 7 0.7 46
3 103 1 5 0.5 43
3 103 1 6 1 50
3 103 1 7 1.1 52
3 103 1 4 0.7 44
3 103 1 6 0.7 47
3 103 2 6 0.7 46
3 103 2 6 0.8 47
3 103 2 6 0.8 45
3 103 2 6 0.6 43
3 103 2 6 1.1 52
3 103 2 6 0.8 45
3 103 2 5 0.6 45
3 103 2 6 1 50
3 103 2 5 0.9 51
3 103 2 5 1.1 53
3 104 1 6 1 50
3 104 1 4 0.6 42
3 104 1 6 0.8 46
3 104 1 5 0.7 46
3 104 1 5 0.9 48
3 104 1 7 0.9 49
3 104 1 5 0.9 48
3 104 1 5 0.7 46
3 104 1 6 0.8 49
3 104 1 5 0.7 46
3 104 2 5 0.9 42
3 104 2 5 0.8 49
3 104 2 6 0.9 46
3 104 2 6 0.8 46
3 104 2 7 0.9 48
3 104 2 6 0.7 48
3 104 2 6 0.6 44
3 104 2 6 0.9 50
3 104 2 5 0.9 48
3 104 2 4 0.5 42
3 105 1 7 0.85 49
3 105 1 5 0.7 45
3 105 1 6 0.7 45
3 105 1 6 1 52
3 105 1 6 0.75 49
3 105 1 4 0.6 45
3 105 1 6 0.95 53
3 105 1 6 0.75 48
3 105 1 6 0.8 49
3 105 1 5 0.5 43
3 105 2 4 0.8 47
3 105 2 5 0.8 47
3 105 2 6 0.75 48
3 105 2 6 0.85 48
3 105 2 5 0.95 50
3 105 2 5 0.85 49
3 105 2 6 0.45 42
3 105 2 6 0.85 49
3 105 2 5 0.8 48
3 105 2 5 0.85 51
2 106 2 3 0.3 34
2 106 2 3 0.3 35
2 106 2 4 0.35 36
2 106 2 3 0.35 37
2 106 2 4 0.45 41
2 106 2 3 0.2 30
2 106 2 3 0.35 35
2 106 2 3 0.35 35
2 106 2 3 0.35 37
2 106 2 4 0.3 30
2 106 1 3 0.45 41
2 106 1 5 0.55 43
2 106 1 5 0.5 42
2 106 1 5 0.5 41
2 106 1 4 0.4 38
2 106 1 4 0.45 40
2 106 1 3 0.2 32
2 106 1 3 0.2 31
2 106 1 4 0.4 40
2 106 1 4 0.5 42
2 107 2 3 0.3 35
2 107 2 4 0.4 39
2 107 2 6 0.45 41
2 107 2 3 0.35 35
2 107 2 4 0.45 40
2 107 2 4 0.5 42
2 107 2 3 0.15 29
2 107 2 4 0.4 39
2 107 2 4 0.3 36
2 107 2 3 0.25 33
2 107 1 5 0.7 47
2 107 1 4 0.25 34
2 107 1 6 0.5 41
2 107 1 4 0.55 42
2 107 1 4 0.2 30
2 107 1 5 0.4 40
2 107 1 3 0.3 35
2 107 1 4 0.2 31
2 107 1 3 0.15 29
2 107 1 3 0.3 32
2 108 2 3 0.35 35
2 108 2 3 0.35 38
2 108 2 3 0.3 32
2 108 2 3 0.25 33
2 108 2 4 0.4 40
2 108 2 5 0.4 41
2 108 2 4 0.35 39
2 108 2 4 0.45 40
2 108 2 4 0.4 39
2 108 2 3 0.25 32
2 108 1 4 0.35 36
2 108 1 3 0.25 33
2 108 1 4 0.35 35
2 108 1 4 0.45 40
2 108 1 3 0.3 34
2 108 1 5 0.5 43
2 108 1 4 0.45 41
2 108 1 3 0.25 32
2 108 1 3 0.25 33
2 108 1 2 0.05 22
3 109 1 5 0.6 45
3 109 1 6 0.6 43
3 109 1 6 0.9 50
3 109 1 5 0.6 44
3 109 1 5 0.9 52
3 109 1 6 1.2 54
3 109 1 5 0.8 49
3 109 1 6 0.8 51
3 109 1 6 0.7 48
3 109 1 5 0.8 50
3 109 2 5 0.9 50
3 109 2 5 0.7 49
3 109 2 6 0.8 50
3 109 2 5 0.6 44
3 109 2 5 0.5 44
3 109 2 6 0.6 41
3 109 2 5 0.6 44
3 109 2 5 0.7 45
3 109 2 8 0.6 44
3 109 2 4 0.6 43
3 110 2 6 1 51
3 110 2 5 0.85 46
3 110 2 6 0.9 49
3 110 2 4 0.7 45
3 110 2 6 0.85 51
3 110 2 5 0.55 53
3 110 2 6 0.95 52
3 110 2 6 0.65 40
3 110 2 5 0.55 43
3 110 2 5 0.8 47
3 110 1 6 1 52
3 110 1 10 1.15 57
3 110 1 5 0.85 47
3 110 1 7 0.8 47
3 110 1 5 0.75 47
3 110 1 6 0.6 45
3 110 1 6 0.6 44
3 110 1 6 0.9 52
3 110 1 7 0.9 51
3 110 1 4 0.5 41
3 111 1 -9 0.35 35
3 111 1 -9 0.5 39
3 111 1 -9 0.65 44
3 111 1 -9 0.3 35
3 111 1 -9 0.6 48
3 111 1 -9 0.3 35
3 111 1 -9 0.8 51
3 111 1 -9 0.4 36
3 111 1 -9 0.3 34
3 111 2 -9 0.55 44
3 111 2 -9 0.55 43
3 111 2 -9 0.4 37
3 111 2 -9 0.15 27
3 111 2 -9 0.5 41
3 111 2 -9 0.3 33
3 111 2 -9 0.45 42
3 111 2 -9 0.8 46
3 111 2 -9 0.5 42
3 111 2 -9 0.85 47
3 112 2 4 0.6 43
3 112 2 5 0.75 49
3 112 2 5 0.6 44
3 112 2 6 1 52
3 112 2 6 0.7 47
3 112 2 5 0.75 47
3 112 2 11 1.25 59
3 112 2 6 0.65 45
3 112 2 -9 0.8 51
3 112 2 5 0.55 42
3 112 1 10 1.1 53
3 112 1 6 0.8 50
3 112 1 5 0.75 47
3 112 1 4 0.6 42
3 112 1 5 0.95 49
3 112 1 6 0.95 55
3 112 1 5 0.95 51
3 112 1 6 0.8 48
3 112 1 -9 0.75 50
3 112 1 5 0.65 45
3 113 1 -9 0.9 46
3 113 1 6 1.2 52
3 113 1 6 0.9 49
3 113 1 5 1.2 53
3 113 1 6 0.8 48
3 113 1 5 1.2 53
3 113 1 5 0.7 44
3 113 1 9 2.6 62
3 113 1 7 0.8 49
3 113 1 6 0.9 49
3 113 2 11 1.4 58
3 113 2 5 1 49
3 113 2 6 1.4 54
3 113 2 -9 1 49
3 113 2 5 0.6 43
3 113 2 9 1 49
3 113 2 6 0.9 48
3 113 2 6 1 49
3 113 2 6 0.8 47
3 113 2 7 0.8 47
3 114 1 15 1.3 58
3 114 1 6 1.2 52
3 114 1 6 0.8 48
3 114 1 5 1 51
3 114 1 6 1.4 55
3 114 1 5 1 50
3 114 1 6 1.2 52
3 114 1 8 1.1 52
3 114 1 6 0.9 50
3 114 1 6 0.9 50
3 114 2 6 0.7 46
3 114 2 7 1.2 51
3 114 2 7 1 49
3 114 2 15 1.3 57
3 114 2 8 1.1 50
3 114 2 6 1.1 50
3 114 2 12 1.3 56
3 114 2 6 1 51
3 114 2 15 1.3 56
3 114 2 6 1 47
3 115 2 6 0.99 48
3 115 1 6 1 51
3 115 1 6 0.7 44
3 115 1 5 0.85 46
3 115 1 4 0.7 43
3 115 1 6 1.15 50
3 115 1 5 1.1 50
3 115 1 6 0.7 44
3 115 1 6 1.25 53
3 115 1 4 0.65 45
3 115 1 6 1 51
3 115 2 5 1.3 56
3 115 2 6 0.85 47
3 115 2 6 0.8 44
3 115 2 6 1.1 50
3 115 2 6 0.9 46
3 115 2 5 0.9 46
3 115 2 6 1.35 56
3 115 2 6 0.95 46
3 115 2 8 0.9 46
3 116 1 6 0.95 48
3 116 1 6 0.9 47
3 116 1 6 1.3 53
3 116 1 6 1.19 52
3 116 1 -9 1 51
3 116 1 17 1.15 55
3 116 1 5 0.8 47
3 116 1 6 1.45 56
3 116 1 6 0.95 49
3 116 1 5 1.2 49
3 116 2 6 0.8 46
3 116 2 8 1.25 54
3 116 2 6 0.7 44
3 116 2 6 1.1 51
3 116 2 5 1 48
3 116 2 6 1.05 50
3 116 2 9 1.25 55
3 116 2 6 0.99 47
3 116 2 6 0.99 50
3 116 2 7 1.05 51
3 117 1 5 0.95 47
3 117 1 6 0.8 46
3 117 1 11 1.75 63
3 117 1 14 1.5 58
3 117 1 6 1.3 54
3 117 1 6 1.3 53
3 117 1 17 1.7 61
3 117 1 5 1 48
3 117 1 6 1.4 57
3 117 1 11 1.9 62
3 117 2 6 0.99 48
3 117 2 5 1.1 48
3 117 2 6 0.7 42
3 117 2 5 1.05 51
3 117 2 4 0.65 44
3 117 2 6 0.7 43
3 117 2 6 1.2 52
3 117 2 10 1.75 61
3 117 2 6 0.9 45
3 117 2 6 0.9 45
3 118 1 6 1.25 55
3 118 1 6 1.2 51
3 118 1 6 0.95 48
3 118 1 15 1.3 56
3 118 1 6 1.5 57
3 118 1 6 1.25 54
3 118 1 6 1 47
3 118 1 6 1.1 54
3 118 1 15 1.7 66
3 118 1 6 0.8 45
3 118 2 6 1.3 52
3 118 2 16 1.4 54
3 118 2 6 1.3 52
3 118 2 7 1.25 52
3 118 2 13 1.25 55
3 118 2 8 1.4 55
3 118 2 6 0.7 44
3 118 2 11 1.5 58
3 118 2 6 1.4 52
3 118 2 11 1.4 54
3 119 1 -9 0.9 45
3 119 1 -9 0.85 47
3 119 1 -9 1.5 56
3 119 1 -9 1.45 54
3 119 1 -9 1.05 55
3 119 1 -9 1 54
3 119 2 -9 0.7 42
3 119 2 -9 0.75 44
3 119 2 -9 0.75 45
3 119 2 -9 1.15 53
3 119 2 -9 1.2 53
3 119 2 -9 0.65 43
3 119 2 -9 0.65 42
3 119 2 -9 1.3 55
3 119 2 -9 1.2 53
3 120 2 6 0.7 42
3 120 1 5 1.3 54
3 120 1 5 0.7 44
3 120 1 5 0.7 44
3 120 1 6 1.25 56
3 121 1 -9 0.8 43
3 121 1 -9 0.7 43
3 121 1 -9 0.8 45
3 121 1 -9 0.7 43
3 121 1 -9 0.65 45
3 121 1 -9 1.85 65
3 121 1 -9 0.6 42
3 121 1 -9 0.65 42
3 121 1 -9 0.65 42
3 121 1 -9 0.7 43
3 121 2 -9 0.65 45
3 121 2 -9 0.7 43
3 121 2 -9 0.75 45
3 121 2 -9 0.6 42
3 121 2 -9 0.6 41
3 121 2 -9 0.7 44
3 121 2 -9 0.7 43
3 121 2 -9 1.9 59
3 121 2 -9 0.65 42
3 121 2 -9 0.6 42
3 122 2 6 0.9 49
3 122 1 6 1 51
3 122 1 9 1.6 59
3 122 1 6 1.2 56
3 122 1 11 1.6 65
3 122 1 6 1.05 50
3 122 1 6 1.1 52
3 122 1 6 0.85 48
3 122 1 6 1.5 56
3 122 1 6 1.4 56
3 122 1 11 1.4 57
3 122 2 6 0.8 50
3 122 1 6 1.1 53
3 122 2 13 1.6 56
3 122 2 11 1.1 53
3 122 2 5 1.4 55
3 122 2 4 0.8 49
3 122 2 5 0.9 50
3 122 2 9 1.6 57
3 122 2 15 1.4 57
3 123 2 6 0.8 48
3 123 2 6 1.05 49
3 123 2 5 0.7 47
3 123 2 6 1.05 51
3 123 2 6 1 52
3 123 2 6 0.9 51
3 123 2 6 1 51
3 123 2 5 0.7 46
3 123 2 8 1.5 55
3 123 1 6 1.05 50
3 123 1 6 1.25 57
3 123 1 6 0.8 48
3 123 1 5 0.95 49
3 123 1 10 1.3 57
3 123 1 6 1.05 53
3 123 1 5 0.9 49
3 123 1 6 0.75 47
3 123 1 5 1.05 51
3 123 1 6 1.05 51
3 123 1 5 1.1 55
3 124 2 4 0.65 44
3 124 2 17 1 52
3 124 2 6 0.85 48
3 124 2 5 0.9 50
3 124 2 6 0.95 50
3 124 2 5 0.8 46
3 124 2 5 0.65 42
3 124 2 6 0.85 46
3 124 2 6 1.3 51
3 124 2 6 0.9 49
3 124 2 6 0.9 47
3 124 2 5 0.8 47
3 124 1 5 0.85 49
3 124 1 7 1.1 52
3 124 1 5 0.95 52
3 124 1 -9 1.25 56
3 124 1 5 1.2 52
3 124 1 6 1 50
3 124 1 9 1.35 58
3 124 1 5 0.95 50
3 125 2 6 0.8 47
3 125 2 6 0.95 49
3 125 2 5 0.6 41
3 125 2 6 0.8 47
3 125 2 16 1.2 54
3 125 2 6 1.2 53
3 125 2 6 0.8 46
3 125 2 6 1 49
3 125 2 5 1.1 48
3 125 2 8 1.5 55
3 125 2 6 0.85 48
3 125 1 4 0.7 44
3 125 1 6 0.9 49
3 125 1 5 1.2 51
3 125 1 6 1 52
3 125 1 6 1.1 48
3 125 1 6 0.95 49
3 125 1 11 1.3 55
3 125 1 7 1.2 50
3 125 1 6 1.05 51
3 126 1 6 0.8 46
3 126 2 9 1 53
3 126 2 5 1.05 48
3 126 2 5 0.9 46
3 126 2 6 0.8 45
3 126 2 6 0.7 44
3 126 2 5 0.75 44
3 126 2 6 0.7 43
3 126 2 5 1.05 51
3 126 2 6 0.65 45
3 126 2 11 0.9 52
3 126 1 6 1.2 55
3 126 1 5 0.8 47
3 126 1 5 1.4 56
3 126 1 5 0.9 46
3 126 1 5 1.2 54
3 126 1 6 0.75 45
3 126 1 5 0.8 45
3 126 1 5 0.8 48
3 126 1 6 0.8 46
3 127 2 -9 1.1 50
3 127 2 -9 1 54
3 127 2 -9 1.1 53
3 127 2 -9 1.2 54
3 127 1 -9 0.9 48
3 127 1 -9 0.7 45
3 127 1 -9 1.1 55
3 127 1 -9 1.05 47
3 127 1 -9 1.1 53
3 127 1 -9 0.8 46
3 128 1 -9 1.8 63
3 128 1 -9 1.2 53
3 128 1 -9 1.3 56
3 128 1 -9 2.5 71
3 128 1 -9 0.95 48
3 128 1 -9 1.25 53
3 128 2 -9 1.3 55
3 128 2 -9 1.25 52
3 128 2 -9 1.4 55
3 128 2 -9 0.65 44
3 129 2 5 0.7 45
3 129 2 6 0.75 44
3 129 2 6 1.05 52
3 129 2 5 0.8 45
3 129 2 5 0.75 45
3 129 2 6 0.7 45
3 129 2 5 0.55 40
3 129 2 5 0.65 42
3 129 2 6 0.7 43
3 129 1 5 0.6 44
3 129 1 4 0.7 44
3 129 1 6 1.15 54
3 129 1 5 0.7 44
3 129 1 5 1.2 54
3 129 1 6 0.85 46
3 129 1 6 0.85 45
3 129 1 5 0.75 47
3 129 1 5 0.7 47
3 129 1 6 0.8 44
3 129 1 5 0.85 45
3 130 2 11 1.4 59
3 130 2 5 0.75 43
3 130 2 6 0.6 40
3 130 1 11 1.35 59
3 130 1 6 1.15 54
3 130 1 6 1.25 55
3 130 1 5 1.15 55
3 130 1 6 0.8 46
3 130 1 4 0.6 43
3 130 1 5 0.65 44
3 131 2 3 0.6 42
3 131 2 6 0.65 43
3 131 2 6 1.1 54
3 131 2 7 0.7 42
3 131 2 5 0.65 42
3 131 1 5 0.6 42
3 131 1 3 0.55 41
3 131 1 6 1.25 57
3 131 1 5 1 54
3 131 1 11 1.8 67
3 132 2 4 0.6 43
3 132 2 6 0.55 43
3 132 2 2 0.25 32
3 132 2 4 0.6 41
3 132 2 5 1.1 56
3 132 2 6 0.5 51
3 132 1 5 1.15 54
3 132 1 11 1.6 57
3 132 1 4 0.5 41
3 132 1 4 0.65 43
3 133 2 11 1.25 57
3 133 2 4 0.55 40
3 133 2 10 1.05 56
3 133 1 11 2.1 69
3 133 1 13 1.5 60
3 133 1 9 1.3 58
3 133 1 6 1.4 57
3 133 1 9 2 69
3 133 1 6 1.25 55
3 133 1 3 0.65 43
3 134 2 5 0.6 43
3 134 2 5 0.5 41
3 134 2 5 0.5 41
3 134 2 6 1.05 53
3 134 2 5 0.6 42
3 134 1 6 1.55 58
3 134 1 5 0.6 42
3 134 1 3 0.6 42
3 135 2 12 1.5 57
3 135 2 6 0.5 40
3 135 2 13 1.4 57
3 136 2 6 1.3 56
3 136 2 8 1.25 56
3 136 2 5 0.65 54
3 136 2 9 1.3 58
3 136 1 4 0.4 41
3 136 1 11 1.55 60
3 136 1 5 0.55 42
3 136 1 10 1.8 66
3 136 1 3 0.5 41
3 53 2 -9 0.75 47
3 53 2 -9 0.82 48
3 53 2 -9 0.72 46
3 53 2 -9 1.18 52
3 53 2 -9 0.74 48
3 53 2 -9 0.67 46
3 53 2 -9 0.85 49
3 53 2 -9 1.24 59
3 53 2 -9 0.67 44
3 53 2 -9 0.78 49
3 53 2 -9 1.31 58
3 53 2 -9 0.87 51
3 53 2 -9 0.92 51
3 53 1 -9 0.72 48
3 53 1 -9 0.88 51
3 53 1 -9 0.61 45
3 53 1 -9 0.7 48
3 53 1 -9 0.65 46
3 53 1 -9 0.76 49
3 53 1 -9 0.5 43
3 53 1 -9 0.77 48
3 53 1 -9 0.96 53
3 53 1 -9 0.95 50
3 53 1 -9 0.62 47
3 53 1 -9 0.58 45
3 53 1 -9 0.63 46
3 53 1 -9 0.82 50
3 53 1 -9 0.6 46
3 53 1 -9 0.78 49
3 54 2 -9 0.78 45
3 54 2 -9 0.55 42
3 54 2 -9 1.2 51
3 54 2 -9 0.79 45
3 54 2 -9 0.56 43
3 54 2 -9 0.53 42
3 54 2 -9 0.55 43
3 54 2 -9 0.81 48
3 54 2 -9 0.83 49
3 54 2 -9 0.82 47
3 54 2 -9 0.61 44
3 54 2 -9 0.8 48
3 54 1 -9 0.61 44
3 54 1 -9 0.91 50
3 54 1 -9 0.99 52
3 54 1 -9 0.64 44
3 54 1 -9 0.14 27
3 54 1 -9 0.85 51
3 54 1 -9 0.73 48
3 54 1 -9 0.14 27
3 54 1 -9 0.24 31
3 54 1 -9 1.32 55
3 54 1 -9 0.19 31
3 54 1 -9 0.17 28
3 54 1 -9 0.83 49
3 54 1 -9 0.77 48
3 54 1 -9 0.57 43
3 54 1 -9 0.65 44
3 54 1 -9 0.59 41
3 54 1 -9 0.76 49
2 55 2 5 0.45 42
2 55 2 6 0.47 41
2 55 2 6 0.62 44
2 55 2 6 0.57 44
2 55 2 5 0.45 40
2 55 2 4 0.36 39
2 55 2 4 0.38 38
2 55 2 6 0.54 41
2 55 2 5 0.48 41
2 55 1 3 0.32 36
2 55 1 3 0.26 32
2 55 1 6 0.43 40
2 55 1 4 0.49 40
2 55 1 5 0.55 43
2 55 1 5 0.46 41
2 55 1 5 0.46 41
2 55 1 4 0.36 37
2 55 1 5 0.55 43
2 55 1 5 0.43 39
2 55 1 6 0.61 44
2 55 1 4 0.44 40
2 55 1 5 0.4 38
2 55 1 6 0.64 46
2 55 1 4 0.34 37
2 55 1 5 0.51 42
2 56 2 4 0.37 38
2 56 2 4 0.28 35
2 56 2 5 0.43 40
2 56 2 5 0.33 37
2 56 2 6 0.37 38
2 56 2 4 0.37 38
2 56 2 5 0.59 44
2 56 2 5 0.47 43
2 56 2 5 0.31 36
2 56 2 6 0.42 40
2 56 2 4 0.38 38
2 56 2 5 0.46 43
2 56 2 5 0.42 39
2 56 1 4 0.24 33
2 56 1 4 0.31 37
2 56 1 4 0.43 42
2 56 1 6 0.53 42
2 56 1 4 0.37 37
2 56 1 4 0.22 33
2 56 1 6 0.62 45
2 56 1 3 0.15 29
2 56 1 4 0.4 39
2 56 1 3 0.22 33
2 57 1 12 2.6 70
2 57 1 3 0.17 29
2 57 1 3 0.25 34
2 57 1 3 0.18 30
2 57 1 7 0.52 44
2 57 1 3 0.23 32
2 57 1 5 0.43 40
2 57 1 3 0.14 28
2 57 1 3 0.19 31
2 57 1 -9 0.13 27
2 57 1 3 0.21 31
2 57 1 3 0.18 31
2 57 1 4 0.38 39
2 57 1 3 0.14 27
2 57 2 3 0.19 30
2 57 2 5 0.56 43
2 57 2 5 0.5 41
2 57 2 3 0.26 39
2 57 2 5 0.42 39
2 57 2 3 0.16 29
2 57 2 6 0.46 42
2 57 2 5 0.42 40
2 57 2 3 0.23 34
2 57 2 4 0.35 37
2 57 2 5 0.53 41
2 57 2 6 0.63 44
2 57 2 4 0.34 37
2 57 2 3 0.18 29
3 24 1 -9 0.8 46
3 24 1 -9 0.95 49
3 24 2 -9 0.95 49
3 24 2 -9 1.15 53
3 24 2 -9 0.95 47
3 24 2 -9 1.05 48
3 24 2 -9 0.45 35
3 24 2 -9 0.6 42
3 24 2 -9 0.65 43
3 24 2 -9 1.35 59
3 24 2 -9 0.85 47
3 24 1 -9 0.85 46
3 24 2 -9 0.7 43
3 24 1 -9 0.65 43
3 24 1 -9 1.4 53
3 24 1 -9 1.1 49
3 24 1 -9 0.8 45
3 24 1 -9 0.75 44
3 24 1 -9 0.8 46
3 24 1 -9 0.9 49
3 25 1 -9 0.35 34
3 25 1 -9 0.3 32
3 25 1 -9 0.85 47
3 25 1 -9 1.2 51
3 25 1 -9 1.1 54
3 25 1 -9 1 54
3 25 1 -9 0.55 40
3 25 1 -9 1.9 66
3 25 1 -9 1 50
3 25 1 -9 1.1 53
3 25 2 -9 0.7 43
3 25 2 -9 1.7 59
3 25 2 -9 1.2 54
3 25 2 -9 1.6 56
3 25 2 -9 0.6 43
3 25 2 -9 1 49
3 25 2 -9 1.65 60
3 25 2 -9 0.9 45
3 25 2 -9 0.85 49
3 25 2 -9 1.15 52
3 83 2 7 0.65 44
3 83 2 6 1.05 48
3 83 2 6 1 50
3 83 1 6 0.85 51
3 83 1 6 1.5 51
3 83 1 7 1.25 54
3 83 1 7 1.45 55
3 83 1 6 0.95 50
3 83 1 6 1.05 58
3 83 1 6 1 50
3 83 1 6 0.85 49
3 83 2 12 1.3 53
3 83 1 6 1.05 50
3 83 2 6 1.15 52
3 83 2 5 1.3 44
3 83 2 11 1 50
3 83 2 5 0.85 45
3 83 2 -9 1.15 53
3 83 2 6 0.9 47
3 83 2 6 0.95 50
3 84 2 6 1.15 52
3 84 2 6 0.6 43
3 84 2 6 1.05 50
3 84 2 5 0.9 48
3 84 2 6 1.1 52
3 84 2 5 0.8 47
3 84 2 6 1.15 51
3 84 2 6 1.2 52
3 84 1 5 1.2 52
3 84 1 6 1 51
3 84 1 5 0.9 52
3 84 1 6 1.1 50
3 84 1 6 1 49
3 84 1 6 1.15 51
3 84 1 6 1.6 58
3 84 1 6 1.05 52
3 84 1 3 0.65 44
3 84 1 6 1.25 54
3 84 1 10 1.2 52
3 84 1 4 0.75 46
3 85 2 -9 1 49
3 85 2 -9 0.95 49
3 85 2 -9 1.1 51
3 85 2 -9 1 48
3 85 2 -9 0.85 49
3 85 2 -9 0.95 49
3 85 2 -9 0.95 45
3 85 2 -9 1 46
3 85 2 -9 1.05 48
3 85 2 -9 1.05 52
3 85 2 -9 1 50
3 85 2 -9 1.1 53
3 85 2 -9 1.15 49
3 85 1 -9 0.9 49
3 85 1 -9 0.9 48
3 85 1 -9 1 49
3 85 1 -9 1.2 53
3 85 1 -9 0.6 43
3 85 1 -9 1.15 52
3 85 1 -9 1.05 49
3 86 1 6 1.3 54
3 86 1 9 1.6 50
3 86 1 5 0.75 47
3 86 1 5 0.7 44
3 86 1 5 0.55 45
3 86 1 6 0.75 46
3 86 1 6 0.7 44
3 86 1 6 0.85 48
3 86 1 6 0.8 47
3 86 1 6 0.8 46
3 86 2 6 0.9 48
3 86 2 6 0.95 51
3 86 2 6 0.8 46
3 86 2 7 0.7 45
3 86 2 6 0.65 44
3 86 2 6 0.85 47
3 86 2 6 0.7 45
3 86 2 6 0.8 46
3 86 2 6 0.85 47
3 86 2 5 0.75 46
3 87 2 -9 0.75 44
3 87 1 -9 1.25 62
3 87 1 -9 0.75 46
3 87 1 -9 1.05 53
3 87 1 -9 0.9 48
3 87 1 -9 1.25 51
3 87 1 -9 0.9 48
3 87 1 -9 0.95 47
3 87 1 -9 0.85 48
3 87 1 -9 1.05 53
3 87 1 -9 0.85 47
3 87 2 -9 0.8 46
3 87 2 -9 1.2 51
3 87 2 -9 0.65 45
3 87 2 -9 1.05 51
3 87 2 -9 1.4 56
3 87 2 -9 0.85 47
3 87 2 -9 0.62 42
3 87 2 -9 0.7 44
3 87 2 -9 0.55 43
3 88 2 15 1.2 55
3 88 2 6 0.65 43
3 88 2 18 1.15 54
3 88 2 10 1.2 53
3 88 2 5 0.55 42
3 88 2 5 0.5 41
3 88 2 5 0.65 43
3 88 1 6 1 53
3 88 1 6 1.3 53
3 88 1 5 0.75 44
3 88 1 6 0.8 47
3 88 1 6 1.35 56
3 88 1 4 0.7 45
3 88 1 6 1.2 55
3 88 1 6 1.3 54
3 88 1 5 0.65 45
3 88 1 6 0.75 46
3 89 2 17 1.4 55
3 89 2 4 0.65 43
3 89 2 6 0.6 42
3 89 1 3 0.35 36
3 89 1 5 0.65 44
3 89 1 6 0.6 43
3 89 1 6 1.3 55
3 89 1 4 0.6 43
3 90 1 15 1.9 64
3 90 1 13 1.18 55
3 90 1 6 1.22 55
3 90 1 3 0.45 42
3 90 1 4 0.5 43
3 90 1 5 0.4 42
3 90 1 5 0.7 45
3 90 1 6 0.48 43
3 90 1 15 1.54 60
3 90 1 8 1.36 56
3 90 1 3 0.64 42
3 90 2 5 0.5 41
3 90 2 4 0.5 41
3 90 2 3 0.5 40
3 90 2 6 1.04 54
3 90 2 4 0.5 40
3 90 2 6 0.5 42
3 90 2 6 0.91 53
3 90 2 4 0.45 42
3 90 2 -9 1.1 55
3 91 1 -9 1.55 57
3 91 1 -9 0.6 43
3 91 1 -9 1.6 60
3 91 1 -9 1.55 58
3 91 1 -9 1.4 59
3 91 1 -9 0.65 42
3 91 1 -9 1.65 58
3 91 1 -9 1.7 59
3 91 1 -9 1.4 56
3 91 1 -9 1.6 59
3 91 2 -9 1.2 54
3 91 2 -9 1.2 54
3 92 1 -9 1.63 60
3 92 1 -9 0.6 42
3 92 1 -9 1.72 64
3 92 1 -9 1.5 60
3 92 1 -9 1.45 60
3 92 1 -9 1.36 58
3 92 1 -9 1.32 57
3 92 1 -9 1.5 57
3 92 1 -9 1.41 56
3 92 1 -9 1.27 57
3 92 1 -9 1.45 62
3 92 1 -9 1.6 61
3 92 1 -9 1.57 58
3 92 1 -9 2.05 70
3 92 1 -9 1.75 61
3 92 2 -9 1.5 58
3 92 2 -9 1.19 55
3 92 2 -9 1.2 57
3 92 2 -9 1.64 59
3 92 2 -9 1.13 56
3 92 2 -9 1.36 57
3 92 2 -9 1.18 54
3 92 2 -9 2.13 70
3 93 2 -9 1.5 59
3 93 2 -9 1.4 56
3 93 2 -9 1.45 56
3 93 2 -9 1.4 55
3 93 2 -9 1.45 57
3 93 2 -9 1.7 64
3 93 2 -9 1.25 55
3 93 2 -9 1.45 61
3 93 2 -9 1.35 58
3 93 1 -9 1.65 61
3 93 1 -9 1.75 64
3 93 1 -9 1.7 61
3 93 1 -9 1.6 58
3 93 1 -9 1.55 61
3 93 1 -9 1.6 57
3 93 1 -9 1.6 62
3 93 1 -9 1.95 66
3 93 1 -9 1.85 62
3 93 1 -9 1.45 59
2 26 1 -9 2.33 71
2 26 1 -9 0.45 40
2 26 1 -9 1.09 52
2 26 1 -9 0.64 45
2 26 1 -9 0.59 46
2 26 1 -9 0.84 50
2 26 1 -9 0.42 40
2 26 1 -9 0.75 47
2 26 1 -9 1.03 54
2 26 1 -9 0.7 47
2 26 2 -9 0.72 46
2 26 2 -9 0.51 43
2 26 2 -9 0.62 46
2 26 2 -9 0.58 44
2 26 2 -9 0.59 45
2 26 2 -9 0.55 44
2 26 2 -9 0.49 42
2 26 2 -9 0.71 47
2 26 2 -9 0.66 47
2 26 2 -9 0.72 49
2 27 1 -9 1.8 67
2 27 1 -9 0.65 45
2 27 1 -9 0.78 50
2 27 1 -9 0.56 45
2 27 1 -9 0.59 44
2 27 1 -9 0.59 44
2 27 1 -9 0.94 53
2 27 1 -9 0.36 38
2 27 1 -9 0.92 50
2 27 1 -9 0.74 47
2 27 2 -9 0.6 44
2 27 2 -9 0.57 44
2 27 2 -9 1.01 55
2 27 2 -9 0.66 45
2 27 2 -9 0.62 45
2 27 2 -9 0.51 44
2 27 2 -9 0.54 42
2 27 2 -9 0.75 48
2 27 2 -9 0.47 42
2 27 2 -9 0.6 45
2 28 2 -9 1.04 53
2 28 2 -9 0.59 48
2 28 2 -9 0.74 48
2 28 2 -9 0.39 40
2 28 2 -9 0.32 38
2 28 2 -9 0.4 41
2 28 2 -9 0.38 39
2 28 2 -9 0.51 41
2 28 2 -9 0.53 43
2 28 1 -9 0.53 44
2 28 1 -9 0.29 36
2 28 1 -9 0.4 40
2 28 1 -9 0.59 44
2 28 1 -9 0.58 46
2 28 1 -9 0.32 37
2 28 1 -9 0.62 45
2 28 1 -9 0.58 44
2 28 1 -9 0.34 39
2 28 1 -9 0.71 48
2 29 2 -9 0.45 42
2 29 2 -9 0.32 37
2 29 2 -9 0.45 42
2 29 2 -9 0.58 43
2 29 2 -9 0.55 43
2 29 2 -9 0.76 49
2 29 2 -9 0.29 36
2 29 2 -9 0.85 53
2 29 2 -9 0.77 49
2 29 2 -9 0.39 41
2 29 1 -9 0.51 43
2 29 1 -9 0.67 48
2 29 1 -9 0.36 37
2 29 1 -9 0.39 40
2 29 1 -9 0.68 47
2 29 1 -9 0.22 33
2 29 1 -9 0.27 35
2 29 1 -9 0.69 48
2 29 1 -9 0.62 45
2 29 1 -9 0.59 46
2 30 1 -9 0.4 42
2 30 1 -9 0.34 38
2 30 1 -9 0.38 39
2 30 1 -9 0.82 51
2 30 1 -9 0.62 47
2 30 1 -9 0.55 43
2 30 1 -9 0.4 40
2 30 1 -9 0.48 43
2 30 1 -9 0.38 39
2 30 1 -9 0.38 41
2 30 2 -9 0.59 46
2 30 2 -9 0.65 48
2 30 2 -9 0.7 47
2 30 2 -9 0.43 41
2 30 2 -9 0.49 41
2 30 2 -9 0.94 52
2 30 2 -9 0.52 45
2 30 2 -9 0.77 49
2 30 2 -9 0.35 39
2 30 2 -9 0.45 41
2 31 2 -9 0.14 29
2 31 2 -9 0.3 36
2 31 2 -9 0.27 36
2 31 2 -9 0.66 48
2 31 2 -9 0.54 43
2 31 2 -9 0.28 36
2 31 2 -9 0.76 49
2 31 2 -9 0.65 47
2 31 2 -9 0.67 46
2 31 2 -9 0.58 46
2 31 1 -9 0.94 53
2 31 1 -9 0.51 43
2 31 1 -9 0.29 37
2 31 1 -9 0.8 51
2 31 1 -9 0.82 51
2 31 1 -9 0.56 43
2 31 1 -9 0.47 42
2 31 1 -9 0.67 48
2 31 1 -9 0.47 42
2 31 1 -9 0.36 39
2 32 1 -9 1.3 58
2 32 1 -9 0.32 36
2 32 1 -9 0.69 46
2 32 1 -9 1.05 53
2 32 1 -9 0.45 42
2 32 1 -9 0.48 41
2 32 1 -9 0.68 46
2 32 1 -9 0.73 48
2 32 1 -9 0.53 42
2 32 1 -9 0.49 41
2 32 2 -9 0.87 51
2 32 2 -9 0.89 53
2 32 2 -9 0.3 37
2 32 2 -9 0.36 39
2 32 2 -9 0.41 39
2 32 2 -9 0.36 37
2 32 2 -9 0.26 33
2 32 2 -9 0.33 38
2 32 2 -9 0.32 37
2 32 2 -9 0.44 41
2 33 2 -9 0.96 53
2 33 2 -9 0.97 53
2 33 2 -9 0.8 50
2 33 2 -9 1.01 52
2 33 2 -9 0.74 51
2 33 2 -9 0.43 40
2 33 2 -9 0.77 50
2 33 2 -9 0.96 51
2 33 2 -9 0.26 35
2 33 2 -9 0.8 50
2 33 1 -9 1.92 62
2 33 1 -9 1.79 64
2 33 1 -9 1.25 58
2 33 1 -9 1.14 58
2 33 1 -9 0.92 52
2 33 1 -9 0.79 49
2 33 1 -9 0.95 54
2 33 1 -9 0.94 54
2 33 1 -9 0.97 54
2 33 1 -9 0.99 53
2 34 2 -9 1.34 60
2 34 2 -9 1.2 59
2 34 2 -9 1.14 56
2 34 2 -9 0.85 52
2 34 2 -9 0.75 50
2 34 2 -9 0.66 50
2 34 2 -9 0.88 52
2 34 2 -9 0.92 51
2 34 2 -9 0.37 40
2 34 2 -9 0.34 38
2 34 1 -9 1.14 54
2 34 1 -9 0.82 50
2 34 1 -9 0.82 51
2 34 1 -9 0.8 52
2 34 1 -9 0.81 50
2 34 1 -9 0.73 49
2 34 1 -9 0.48 41
2 34 1 -9 0.36 39
2 34 1 -9 0.3 37
2 34 1 -9 0.38 41
2 35 2 -9 0.29 35
2 35 2 -9 0.81 51
2 35 2 -9 0.31 37
2 35 2 -9 0.29 36
2 35 2 -9 0.41 39
2 35 2 -9 1.23 54
2 35 2 -9 1.06 52
2 35 2 -9 0.35 38
2 35 2 -9 0.32 38
2 35 2 -9 0.15 29
2 35 1 -9 1.52 62
2 35 1 -9 0.83 49
2 35 1 -9 0.73 49
2 35 1 -9 0.35 38
2 35 1 -9 0.99 51
2 35 1 -9 0.77 49
2 35 1 -9 0.37 38
2 35 1 -9 0.25 34
2 35 1 -9 0.4 38
2 35 1 -9 0.2 30
3 58 1 -9 0.7 46
3 58 1 -9 1 51
3 58 2 -9 1.2 55
3 58 2 -9 0.8 48
3 58 2 -9 1 49
3 58 2 -9 0.8 46
3 58 2 -9 0.8 47
3 58 2 -9 0.9 49
3 58 2 -9 0.6 45
3 58 2 -9 0.9 48
3 58 2 -9 0.85 49
3 58 1 -9 0.7 44
3 58 2 -9 0.8 47
3 58 1 -9 0.95 50
3 58 1 -9 0.95 51
3 58 1 -9 0.6 44
3 58 1 -9 1 53
3 58 1 -9 0.9 47
3 58 1 -9 0.9 49
3 58 1 -9 0.8 46
3 59 1 -9 0.7 46
3 59 1 -9 1.3 55
3 59 1 -9 0.8 47
3 59 1 -9 0.7 47
3 59 1 -9 0.9 51
3 59 1 -9 0.6 42
3 59 1 -9 0.65 44
3 59 1 -9 0.95 52
3 59 1 -9 1.1 54
3 59 1 -9 1.8 63
3 59 2 -9 0.65 44
3 59 2 -9 0.5 40
3 59 2 -9 0.45 39
3 59 2 -9 0.7 46
3 59 2 -9 1.2 52
3 59 2 -9 0.6 43
3 59 2 -9 1 49
3 59 2 -9 0.6 42
3 59 2 -9 0.6 43
3 59 2 -9 0.2 29
2 60 2 6 0.4 40
2 60 2 5 0.45 40
2 60 2 5 0.7 45
2 60 2 6 0.75 47
2 60 2 4 0.4 39
2 60 2 6 0.8 48
2 60 2 6 0.61 46
2 60 2 4 0.4 42
2 60 2 4 0.68 44
2 60 2 6 0.7 46
2 60 1 4 0.59 41
2 60 1 4 0.55 42
2 60 1 7 0.65 47
2 60 1 4 0.55 42
2 60 1 5 0.75 45
2 60 1 5 0.55 43
2 60 1 5 0.85 51
2 60 1 4 0.8 48
2 60 1 5 0.65 46
2 60 1 6 0.65 49
3 61 2 -9 1.1 52
3 61 2 -9 0.85 47
3 61 2 -9 1.05 51
3 61 2 -9 1 49
3 61 2 -9 1.1 51
3 61 2 -9 0.85 47
3 61 2 -9 0.6 46
3 61 2 -9 0.65 44
3 61 2 -9 0.9 48
3 61 2 -9 1.1 58
3 61 1 -9 0.7 43
3 61 1 -9 0.95 50
3 61 1 -9 0.75 46
3 61 1 -9 1 51
3 61 1 -9 0.9 48
3 61 1 -9 0.85 49
3 61 1 -9 0.9 50
3 61 1 -9 0.6 41
3 61 1 -9 0.6 42
3 61 1 -9 0.65 49
3 62 1 -9 1.25 53
3 62 2 -9 1.1 53
3 62 2 -9 1.15 54
3 62 2 -9 1.1 51
3 62 2 -9 1.1 52
3 62 2 -9 0.95 48
3 62 2 -9 0.95 51
3 62 2 -9 1.15 54
3 62 2 -9 1.1 52
3 62 2 -9 1.05 47
3 62 2 -9 0.8 46
3 62 1 -9 1.15 51
3 62 1 -9 0.7 43
3 62 1 -9 0.95 50
3 62 1 -9 1.2 52
3 62 1 -9 1 52
3 62 1 -9 1.1 51
3 62 1 -9 0.7 45
3 62 1 -9 0.8 49
3 62 1 -9 0.9 48
3 63 2 -9 1.2 53
3 63 2 -9 1.1 53
3 63 2 -9 1.05 53
3 63 2 -9 0.7 45
3 63 2 -9 0.6 41
3 63 2 -9 0.65 45
3 63 2 -9 0.9 50
3 63 2 -9 0.95 50
3 63 2 -9 0.95 50
3 63 2 -9 0.9 50
3 63 1 -9 0.7 44
3 63 1 -9 1.65 60
3 63 1 -9 0.85 49
3 63 1 -9 1.5 52
3 63 1 -9 1.2 53
3 63 1 -9 1.25 55
3 63 1 -9 0.75 45
3 63 1 -9 0.9 47
3 63 1 -9 0.7 49
3 63 1 -9 1.2 55
3 64 2 -9 0.8 44
3 64 2 -9 1.15 51
3 64 2 -9 0.75 45
3 64 2 -9 1.3 55
3 64 2 -9 0.35 35
3 64 2 -9 0.75 44
3 64 2 -9 1.15 54
3 64 2 -9 0.6 41
3 64 2 -9 0.4 35
3 64 2 -9 1.1 52
3 64 1 -9 2.4 70
3 64 1 -9 1.2 53
3 64 1 -9 0.8 45
3 64 1 -9 0.9 48
3 64 1 -9 0.7 45
3 64 1 -9 0.75 43
3 64 1 -9 1.2 53
3 64 1 -9 0.6 46
3 64 1 -9 0.65 42
3 64 1 -9 1.15 52
3 65 2 -9 0.55 39
3 65 2 -9 0.45 39
3 65 2 -9 0.7 42
3 65 2 -9 0.65 41
3 65 2 -9 0.65 43
3 65 1 -9 0.65 43
3 65 1 -9 1.3 55
3 65 1 -9 0.4 38
3 66 2 -9 0.6 41
3 66 2 -9 0.75 42
3 66 2 -9 1.4 55
3 66 2 -9 0.65 40
3 66 2 -9 1.15 53
3 66 1 -9 0.6 41
3 66 1 -9 0.55 40
3 67 1 -9 1.25 54
3 67 1 -9 0.35 35
3 67 1 -9 0.55 39
3 67 1 -9 1.3 54
3 67 1 -9 0.5 41
3 68 2 -9 0.5 41
3 68 2 -9 0.65 43
3 68 2 -9 1.15 52
3 68 2 -9 1.25 56
3 68 2 -9 1.1 52
3 68 1 -9 0.85 47
3 68 1 -9 1.3 57
3 68 1 -9 1.2 56
3 68 1 -9 1.55 62
3 68 1 -9 1.35 55
3 69 1 -9 1.5 57
3 69 1 -9 1.2 54
3 69 1 -9 1.3 54
3 69 1 -9 1.4 60
3 69 1 -9 1.4 56
3 69 2 -9 1.2 54
3 69 2 -9 0.6 43
3 69 2 -9 1.4 57
3 69 2 -9 0.6 43
3 69 2 -9 0.75 43
3 70 2 -9 1.35 54
3 70 2 -9 1.5 55
3 70 2 -9 1.25 55
3 70 2 -9 1.35 56
3 70 2 -9 1.4 56
3 70 1 -9 1.7 63
3 70 1 -9 1.65 61
3 70 1 -9 1.25 57
3 70 1 -9 1.45 60
3 70 1 -9 1.45 62
3 71 2 -9 0.65 41
3 71 2 -9 1.4 54
3 71 2 -9 1.5 56
3 71 2 -9 1.7 59
3 71 2 -9 1.35 56
3 71 1 -9 1.8 59
3 71 1 -9 1.4 56
3 71 1 -9 1.55 54
3 71 1 -9 1.6 58
3 71 1 -9 1.4 56
1 1 2 -9 0.55 46
1 1 1 -9 0.7 48
1 1 1 -9 0.6 46
1 1 1 -9 0.7 47
1 1 2 -9 1.15 56
1 1 2 -9 0.5 43
1 1 1 -9 0.55 44
1 1 1 -9 0.6 46
1 1 1 -9 0.85 51
1 1 1 -9 0.75 49
1 1 2 -9 0.7 47
1 1 1 -9 0.8 49
1 1 1 -9 0.85 49
1 1 1 -9 0.75 48
1 1 1 -9 0.7 50
1 1 1 -9 0.7 47
1 1 1 -9 0.85 50
1 1 1 -9 0.8 47
1 1 2 -9 0.75 47
1 1 1 -9 0.9 48
1 1 2 -9 0.7 45
1 1 1 -9 0.73 47
1 1 1 -9 0.8 46
1 1 2 -9 0.72 46
1 1 1 -9 1 52
1 1 1 -9 0.5 39
1 1 1 -9 0.5 37
1 1 1 -9 0.55 41
1 1 2 -9 0.57 41
1 1 1 -9 0.67 45
1 1 1 -9 0.9 48
1 1 1 -9 0.45 40
1 1 1 -9 0.9 49
1 1 2 -9 0.65 45
1 1 2 -9 0.4 38
1 1 1 -9 1.2 51
1 1 1 -9 0.85 50
1 1 2 -9 0.61 43
1 1 2 -9 0.4 37
1 1 1 -9 0.88 49
1 1 1 -9 0.65 46
1 1 2 -9 0.63 45
1 1 1 -9 0.55 44
1 1 1 -9 0.9 46
1 1 2 -9 0.72 44
1 1 2 -9 0.78 46
1 1 2 -9 0.7 46
1 1 2 -9 1.3 51
1 1 1 -9 0.5 41
1 1 1 -9 0.55 43
1 1 1 -9 0.65 44
1 1 1 -9 0.54 44
1 1 2 -9 0.65 45
1 1 2 -9 0.53 42
1 1 2 -9 0.71 45
1 1 2 -9 1 51
1 1 2 -9 0.51 42
1 1 2 -9 0.76 49
1 1 2 -9 0.7 44
1 1 1 -9 0.95 50
1 1 1 -9 0.77 44
1 1 2 -9 0.77 44
1 1 1 -9 0.76 45
1 1 2 -9 0.52 41
1 1 2 -9 0.82 46
1 1 1 -9 0.99 50
1 1 2 -9 0.59 43
1 1 2 -9 0.5 41
1 1 2 -9 0.72 47
1 1 2 -9 0.71 44
1 1 2 -9 0.78 47
1 1 2 -9 0.85 50
1 1 2 -9 0.67 44
1 1 1 -9 0.55 40
1 1 2 -9 0.7 43
1 1 2 -9 0.76 47
1 1 2 -9 0.88 49
1 1 1 -9 0.85 48
1 1 1 -9 0.5 41
1 1 2 -9 1 49
1 1 2 -9 1.2 51
1 1 2 -9 0.91 48
1 1 2 -9 0.52 42
1 1 2 -9 0.45 39
1 1 2 -9 0.96 50
1 1 2 -9 0.95 51
1 1 1 -9 0.46 40
1 1 1 -9 0.55 42
1 1 2 -9 0.9 49
1 1 2 -9 0.83 48
1 1 2 -9 0.54 43
1 1 2 -9 0.49 42
1 1 1 -9 0.5 41
1 1 2 -9 1.05 53
1 1 2 -9 0.55 42
1 1 2 -9 0.45 39
1 1 2 -9 0.63 43
1 1 2 -9 0.8 48
1 1 2 -9 0.38 37
1 1 1 -9 0.44 38
1 1 1 -9 0.42 39
1 1 2 -9 0.8 47
1 1 1 -9 0.4 39
1 1 2 -9 1 53
1 1 2 -9 0.6 44
1 1 1 -9 0.56 43
1 1 2 -9 0.94 50
1 1 2 -9 0.77 46
1 1 1 -9 0.73 46
1 1 1 -9 0.86 52
1 1 2 -9 1.01 52
1 1 2 -9 0.47 40
1 1 1 -9 0.72 46
1 1 1 -9 0.91 52
1 1 1 -9 0.95 50
1 1 2 -9 0.34 37
1 1 1 -9 0.54 41
1 1 2 -9 0.48 41
1 1 2 -9 0.54 43
1 1 2 -9 0.55 43
1 1 1 -9 0.45 41
1 1 1 -9 0.49 41
1 1 2 -9 0.6 47
1 1 2 -9 0.6 45
1 1 1 -9 0.68 45
1 1 2 -9 0.4 41
1 1 2 -9 0.4 40
1 1 2 -9 0.46 42
1 1 1 -9 0.67 46
1 1 1 -9 0.61 44
1 1 2 -9 0.42 41
1 1 1 -9 0.73 48
1 1 2 -9 0.73 47
1 1 1 -9 0.38 36
1 1 1 -9 0.36 39
1 1 1 -9 0.79 47
1 1 1 -9 1.45 56
1 1 2 -9 1.42 56
1 1 2 -9 0.39 41
1 1 2 -9 0.49 42
1 1 1 -9 0.52 43
1 1 2 -9 0.95 49
1 1 1 -9 0.43 39
1 1 2 -9 0.64 44
1 1 2 -9 1.18 56
1 1 1 -9 0.63 45
1 1 2 -9 0.5 42
1 1 2 -9 0.51 43
1 1 2 -9 0.79 45
1 1 2 -9 0.94 49
1 1 1 -9 0.65 44
1 1 2 -9 0.77 46
1 1 1 -9 0.82 50
1 1 1 -9 0.54 42
1 1 1 -9 1.21 54
1 1 2 -9 0.44 41
1 1 2 -9 0.46 41
1 1 2 -9 0.72 46
1 1 2 -9 0.4 39
1 1 1 -9 0.58 43
1 1 2 -9 0.88 48
1 1 1 -9 0.98 48
1 1 2 -9 1.06 49
1 1 2 -9 0.78 46
1 1 2 -9 0.99 50
1 1 2 -9 0.94 49
1 1 1 -9 0.88 48
1 1 1 -9 0.8 46
1 1 1 -9 0.75 44
1 1 1 -9 0.73 46
1 1 2 -9 0.92 47
1 1 2 -9 0.7 44
1 1 1 -9 0.85 47
1 1 1 -9 0.71 45
1 1 1 -9 0.98 49
1 1 1 -9 0.92 48
1 1 1 -9 0.56 43
1 1 2 -9 0.8 44
1 1 2 -9 0.77 46
1 1 2 -9 0.8 48
1 1 2 -9 0.78 44
1 1 2 -9 0.84 48
1 1 2 -9 0.9 49
1 1 2 -9 0.98 49
1 1 2 -9 0.84 48
1 1 1 -9 0.79 47
1 1 1 -9 1.1 50
1 1 1 -9 0.78 46
1 1 1 -9 0.92 48
1 1 1 -9 1.28 58
1 1 1 -9 1 52
1 1 1 -9 0.83 48
1 1 1 -9 1.35 55
1 1 1 -9 0.72 47
1 1 1 -9 0.75 50
1 1 1 -9 0.74 45
1 1 1 -9 0.73 47
1 1 1 -9 0.66 44
1 1 1 -9 0.9 49
1 1 1 -9 0.52 42
1 1 2 -9 1.02 51
1 1 2 -9 1.39 57
1 1 2 -9 0.84 48
1 1 2 -9 0.56 43
1 1 2 -9 0.8 47
1 1 2 -9 0.67 44
1 1 2 -9 0.78 47
1 1 2 -9 0.72 45
1 1 2 -9 0.83 47
1 1 2 -9 0.73 43
1 1 2 -9 0.64 43
1 1 2 -9 0.77 46
1 1 2 -9 1.06 49
1 1 2 -9 0.77 45
1 1 2 -9 0.69 46
1 1 2 -9 0.59 43
1 1 2 -9 0.43 38
1 1 2 -9 0.93 47
1 1 2 -9 0.88 50
1 1 2 -9 0.79 46
1 1 1 -9 2.1 62
1 1 1 -9 1.08 51
1 1 1 -9 0.94 49
1 1 1 -9 0.78 47
1 1 1 -9 0.82 49
1 1 1 -9 0.92 49
1 1 1 -9 0.83 46
1 1 1 -9 0.97 51
1 1 1 -9 0.67 44
1 1 1 -9 0.99 52
1 1 2 -9 0.46 42
1 1 2 -9 0.62 44
1 1 2 -9 0.72 45
1 1 2 -9 0.58 43
1 1 2 -9 0.96 50
1 1 2 -9 0.36 37
1 1 2 -9 0.77 45
1 1 2 -9 0.75 45
1 1 2 -9 0.82 50
1 1 2 -9 1.06 53
1 1 1 -9 0.92 50
1 1 1 -9 0.64 44
1 1 1 -9 0.67 46
1 1 1 -9 0.75 45
1 1 1 -9 0.63 44
1 1 1 -9 1.53 57
1 1 1 -9 0.66 45
1 1 1 -9 0.48 40
1 1 1 -9 0.56 41
1 1 1 -9 0.38 39
1 1 1 -9 0.55 41
1 1 2 -9 0.89 50
1 1 2 -9 0.53 42
1 1 2 -9 0.54 42
1 1 2 -9 0.46 41
1 1 1 -9 0.41 37
1 1 1 -9 0.91 50
1 1 1 -9 0.88 50
1 1 1 -9 0.28 34
1 1 1 -9 0.63 45
1 1 2 -9 0.47 40
1 1 2 -9 0.37 38
1 1 2 -9 0.49 40
1 1 2 -9 0.51 42
1 1 2 -9 0.44 41
1 1 2 -9 0.45 41
1 1 2 -9 0.4 38
1 1 1 -9 0.96 52
1 1 1 -9 0.49 41
1 1 1 -9 0.39 37
1 1 2 -9 0.47 40
1 1 2 -9 0.48 42
1 1 2 -9 0.43 40
1 1 2 -9 0.5 40
1 1 2 -9 0.98 53
1 1 1 -9 0.37 37
1 1 1 -9 0.54 42
1 1 1 -9 0.51 42
1 1 1 -9 0.48 42
1 1 1 -9 1.29 56
1 1 2 -9 0.35 37
1 1 2 -9 0.49 41
1 1 2 -9 0.47 39
1 1 2 -9 0.48 41
1 1 1 -9 0.54 42
1 1 1 -9 0.93 52
1 1 1 -9 0.4 37
1 1 1 -9 0.45 39
1 1 1 -9 0.42 38
1 1 1 -9 1.02 52
1 1 2 -9 0.93 51
1 1 2 -9 1.18 57
1 1 2 -9 1.35 54
1 1 2 -9 0.45 39
1 1 2 -9 0.45 39
1 1 2 -9 0.32 35
1 1 2 -9 1.48 55
1 1 1 -9 0.33 37
1 1 1 -9 0.42 39
1 1 1 -9 0.37 38
1 1 1 -9 0.5 40
1 1 1 -9 1 51
1 1 1 -9 0.98 51
1 1 1 -9 1.18 51
1 1 1 -9 1.16 53
1 1 1 -9 1.19 52
1 1 1 -9 0.42 39
1 1 1 -9 0.15 27
1 1 1 -9 0.39 38
1 1 1 -9 0.23 32
1 1 1 -9 0.5 40
1 1 1 -9 1.71 59
1 1 1 -9 1.15 54
1 1 1 -9 1.47 55
1 1 1 -9 0.44 39
1 1 1 -9 1.06 54
1 1 1 -9 0.16 28
1 1 1 -9 1.33 59
1 1 1 -9 0.39 38
1 1 1 -9 1.63 59
1 1 1 -9 1.12 53
1 1 2 -9 0.46 39
1 1 2 -9 0.16 28
1 1 2 -9 0.43 37
1 1 2 -9 1.38 58
1 1 2 -9 0.38 39
1 1 2 -9 0.35 37
1 1 2 -9 0.42 38
1 1 2 -9 0.46 39
1 1 2 -9 0.34 35
1 1 1 -9 0.43 38
1 1 1 -9 0.53 41
1 1 1 -9 2.2 66
1 1 1 -9 0.57 43
1 1 1 -9 1.23 58
1 1 1 -9 0.49 40
1 1 1 -9 0.48 41
1 1 2 -9 0.97 51
1 1 2 -9 0.95 51
1 1 2 -9 1.12 54
1 1 1 -9 0.55 43
1 1 1 -9 0.44 40
1 1 1 -9 0.53 43
1 1 1 -9 1.22 55
1 1 1 -9 0.12 27
1 1 1 -9 0.58 43
1 1 1 -9 1.43 58
1 1 1 -9 0.34 36
1 1 1 -9 0.43 40
1 1 2 -9 0.36 37
1 1 2 -9 0.27 35
1 1 2 -9 2.1 64
1 1 2 -9 0.92 51
1 1 2 -9 0.37 38
1 1 2 -9 0.36 37
1 1 2 -9 0.91 51
1 1 2 -9 0.18 30
1 1 2 -9 0.33 36
1 1 2 -9 0.26 35
1 1 2 -9 1.05 52
1 1 1 -9 1.5 57
1 1 1 -9 0.95 51
1 1 1 -9 0.4 38
1 1 1 -9 0.38 36
1 1 1 -9 0.4 37
1 1 1 -9 0.45 39
1 1 2 -9 0.95 51
1 1 2 -9 1.15 56
1 1 2 -9 0.33 34
1 1 2 -9 0.4 37
1 1 2 -9 0.38 38
1 1 2 -9 0.4 39
1 1 2 -9 1 52
1 1 1 -9 1.3 56
1 1 1 -9 1.15 54
1 1 1 -9 1.05 52
1 1 1 -9 1.2 53
1 1 1 -9 0.45 40
1 1 1 -9 0.4 37
1 1 1 -9 0.43 38
1 1 2 -9 1.08 52
1 1 2 -9 1.05 54
1 1 2 -9 0.33 35
1 1 2 -9 0.35 36
1 1 2 -9 0.38 37
1 1 2 -9 0.45 39
1 1 1 -9 2 62
1 1 1 -9 1.85 66
1 1 2 -9 2.35 67
1 1 2 -9 0.3 33
1 1 2 -9 0.15 28
1 1 2 -9 0.13 26
1 1 1 -9 0.2 30
1 1 1 -9 0.15 28
1 1 1 -9 1.6 61
1 1 1 -9 1.45 56
1 1 1 -9 1.08 52
1 1 1 -9 1.15 55
1 1 1 -9 1 51
1 1 1 -9 1.15 53
1 1 1 -9 1.2 59
1 1 2 -9 1.1 51
1 1 2 -9 0.43 39
1 1 2 -9 0.4 38
1 1 2 -9 0.95 52
1 1 2 -9 0.4 37
1 1 2 -9 1.25 54
1 1 2 -9 0.2 30
1 1 1 -9 1.58 63
1 1 2 -9 1.48 57
1 1 1 -9 0.5 41
1 1 1 -9 0.45 40
1 1 1 -9 0.53 44
1 1 1 -9 0.6 42
1 1 1 -9 0.55 43
1 1 1 -9 0.73 45
1 1 1 -9 0.75 46
1 1 1 -9 0.8 48
1 1 1 -9 0.9 50
1 1 1 -9 1.13 49
1 1 1 -9 1.25 56
1 1 1 -9 1.33 57
1 1 1 -9 0.73 47
1 1 2 -9 1.65 60
1 1 2 -9 0.65 44
1 1 2 -9 0.53 43
1 1 2 -9 0.53 43
1 1 2 -9 0.5 41
1 1 2 -9 0.43 40
1 1 2 -9 0.33 35
1 1 1 -9 0.35 37
1 1 1 -9 0.33 36
1 1 1 -9 0.3 35
1 1 1 -9 2.6 67
1 1 1 -9 0.25 32
1 1 1 -9 0.75 48
1 1 1 -9 0.4 37
1 1 1 -9 0.78 47
1 1 1 -9 0.4 38
1 1 1 -9 0.75 47
1 1 1 -9 0.6 42
1 1 1 -9 1.45 57
1 1 1 -9 1.18 53
1 1 1 -9 1.45 59
1 1 1 -9 0.8 48
1 1 2 -9 0.98 50
1 1 2 -9 0.4 37
1 1 2 -9 0.6 43
1 1 2 -9 0.4 37
1 1 2 -9 0.45 39
1 1 2 -9 1.15 56
1 1 2 -9 0.63 45
1 1 2 -9 0.88 46
1 1 2 -9 1.7 61
1 1 1 -9 1.45 59
1 1 2 -9 1.28 55
1 1 2 -9 1.13 51
1 1 2 -9 1.25 52
1 1 2 -9 1.28 53
1 1 2 -9 1.1 54
1 1 1 -9 1.1 53
1 1 1 -9 1.05 51
1 1 1 -9 1.15 55
1 1 1 -9 1 51
1 1 1 -9 1.03 52
1 1 1 -9 0.45 39
1 1 1 -9 0.45 39
1 1 1 -9 1.25 57
1 1 1 -9 0.33 35
1 1 1 -9 0.1 25
1 1 2 -9 1.7 60
1 1 2 -9 0.65 45
1 1 2 -9 0.88 48
1 1 2 -9 0.95 49
1 1 2 -9 0.58 44
1 1 2 -9 0.53 46
1 1 2 -9 0.73 47
1 1 2 -9 0.5 40
1 1 2 -9 0.53 43
1 1 2 -9 0.43 41
1 1 2 -9 0.48 42
1 1 1 -9 1.3 56
1 1 1 -9 1.25 55
1 1 2 -9 0.45 40
1 1 2 -9 0.5 44
1 1 2 -9 0.6 44
1 1 2 -9 0.5 42
1 1 2 -9 0.65 45
1 1 2 -9 0.65 46
1 1 2 -9 0.83 47
1 1 2 -9 0.9 49
1 1 2 -9 0.83 49
1 1 2 -9 1.23 56
1 1 2 -9 0.9 56
1 1 1 -9 0.13 28
1 1 1 -9 1.53 59
1 1 2 -9 1.45 59
1 1 2 -9 1.5 57
1 1 2 -9 0.8 50
1 1 1 -9 1.55 62
1 1 2 -9 1 57
1 1 2 -9 1.23 57
1 1 2 -9 1.45 59
1 1 2 -9 1.35 58
1 1 2 -9 1.23 57
1 1 2 -9 0.3 35
1 1 1 -9 0.28 33
1 1 1 -9 0.55 42
1 1 1 -9 0.45 40
1 1 1 -9 0.55 41
1 1 1 -9 0.6 42
1 1 1 -9 0.75 46
1 1 1 -9 0.68 45
1 1 1 -9 0.55 44
1 1 1 -9 0.63 46
1 1 1 -9 0.88 49
1 1 1 -9 0.85 48
1 1 1 -9 1.15 56
1 1 1 -9 1.68 66
1 1 1 -9 1.83 64
1 1 2 -9 0.18 31
1 1 2 -9 0.3 36
1 1 1 -9 1.58 60
1 1 1 -9 1.4 59
1 1 1 -9 0.85 49
1 1 1 -9 0.8 47
1 1 1 -9 0.98 48
1 1 1 -9 0.68 46
1 1 1 -9 0.55 45
1 1 1 -9 0.58 44
1 1 1 -9 0.5 43
1 1 1 -9 0.5 42
1 1 1 -9 0.38 41
1 1 1 -9 0.4 40
1 1 1 -9 0.35 36
1 1 1 -9 0.15 28
1 1 1 -9 1.1 52
1 1 1 -9 1.05 51
1 1 1 -9 1.4 58
1 1 1 -9 1.2 53
1 1 1 -9 1.85 66
1 1 1 -9 1.3 55
1 1 2 -9 1.43 57
1 1 2 -9 1.55 58
1 1 2 -9 1.03 53
1 1 2 -9 0.93 51
1 1 2 -9 1.05 52
1 1 2 -9 0.43 38
1 1 2 -9 1.5 60
1 1 2 -9 1.6 58
1 1 2 -9 1.2 55
1 1 1 -9 1.45 58
1 1 1 -9 1.15 55
1 1 1 -9 1.2 54
1 1 2 -9 0.9 48
1 1 1 -9 0.6 43
1 1 2 -9 0.93 49
1 1 2 -9 0.95 48
1 1 2 -9 0.5 41
1 1 2 -9 1 48
1 1 2 -9 0.93 51
1 1 1 -9 1 50
1 1 2 -9 0.8 45
1 1 1 -9 0.95 48
1 1 1 -9 1 51
1 1 1 -9 1.05 50
1 1 2 -9 0.9 49
1 1 1 -9 1.08 51
1 1 2 -9 0.75 48
1 1 1 -9 0.75 46
1 1 1 -9 0.55 40
1 1 2 -9 1.35 56
1 1 2 -9 0.83 49
1 1 1 -9 1.03 50
1 1 2 -9 1 49
1 1 1 -9 0.8 45
1 1 2 -9 1.8 62
1 1 2 -9 0.97 50
1 1 2 -9 0.7 47
1 1 2 -9 0.9 48
1 1 2 -9 0.7 46
1 1 1 -9 1.1 52
1 1 1 -9 0.82 50
1 1 2 -9 0.7 45
1 1 2 -9 0.42 37
1 1 1 -9 0.58 43
1 1 1 -9 0.74 45
1 1 1 -9 0.86 48
1 1 1 -9 1 51
1 1 1 -9 1.1 53
1 1 1 -9 1.32 55
1 1 1 -9 1.44 56
1 1 2 -9 0.5 40
1 1 2 -9 0.74 44
1 1 2 -9 0.79 47
1 1 2 -9 0.94 52
1 1 2 -9 1.38 55
1 1 2 -9 1.34 58
1 1 2 -9 1.92 61
1 1 1 -9 0.6 42
1 1 2 -9 0.49 39
1 1 2 -9 0.7 43
1 1 2 -9 0.72 45
1 1 2 -9 0.92 48
1 1 2 -9 0.85 50
1 1 2 -9 1.41 54
1 1 2 -9 1.85 64
1 1 1 -9 0.37 36
1 1 1 -9 0.37 38
1 1 1 -9 0.47 41
1 1 1 -9 0.6 44
1 1 1 -9 0.78 47
1 1 1 -9 0.87 49
1 1 1 -9 1.15 52
1 1 2 -9 0.47 41
1 1 2 -9 0.58 46
1 1 2 -9 1.01 49
1 1 2 -9 1.02 51
1 1 2 -9 1.48 60
1 1 1 -9 0.44 39
1 1 1 -9 0.56 43
1 1 1 -9 0.76 46
1 1 1 -9 0.98 50
1 1 1 -9 1.08 54
1 1 2 -9 0.54 42
1 1 2 -9 0.91 50
1 1 2 -9 1.08 53
1 1 2 -9 1.52 56
1 1 2 -9 1.55 59
1 1 1 -9 0.48 40
1 1 1 -9 1 49
1 1 1 -9 1.23 57
1 1 1 -9 1.54 61
1 1 1 -9 1.64 62
1 1 2 -9 0.37 36
1 1 2 -9 0.47 38
1 1 2 -9 0.54 42
1 1 2 -9 0.92 48
1 1 2 -9 1.05 52
1 1 1 -9 0.52 40
1 1 1 -9 0.7 45
1 1 1 -9 1.2 52
1 1 1 -9 1.27 56
1 1 1 -9 1.68 60
1 1 2 -9 0.33 35
1 1 2 -9 0.5 41
1 1 2 -9 0.99 49
1 1 2 -9 1.34 56
1 1 2 -9 1.47 58
1 1 1 -9 0.34 36
1 1 1 -9 1.14 54
1 1 1 -9 1.2 58
1 1 1 -9 1.76 63
1 1 1 -9 2.05 68
1 1 2 -9 0.39 39
1 1 2 -9 0.74 47
1 1 2 -9 1.02 51
1 1 2 -9 1.38 59
1 1 2 -9 1.77 61
1 1 1 -9 0.35 35
1 1 1 -9 1.1 51
1 1 1 -9 1.31 55
1 1 1 -9 1.47 60
1 1 1 -9 2.45 66
1 1 2 -9 0.41 37
1 1 2 -9 0.51 40
1 1 2 -9 0.57 44
1 1 2 -9 0.64 46
1 1 2 -9 1.13 57
1 1 1 -9 0.63 44
1 1 1 -9 1.04 51
1 1 1 -9 1.18 53
1 1 1 -9 1.68 58
1 1 1 -9 1.77 62
1 1 1 -9 1.69 62
1 1 2 -9 0.64 43
1 1 2 -9 0.73 45
1 1 2 -9 0.98 51
1 1 2 -9 1.68 58
1 1 2 -9 1.67 63
1 1 1 -9 0.41 39
1 1 1 -9 0.73 46
1 1 1 -9 0.85 48
1 1 1 -9 0.93 50
1 1 2 -9 0.46 39
1 1 2 -9 1.23 53
1 1 2 -9 1.19 55
1 1 2 -9 1.42 57
1 1 2 -9 1.44 60
1 1 1 -9 0.41 38
1 1 1 -9 0.49 41
1 1 1 -9 0.73 47
1 1 1 -9 1.04 53
1 1 1 -9 1.65 61
1 1 2 -9 0.46 38
1 1 2 -9 0.69 44
1 1 2 -9 0.92 47
1 1 2 -9 1.88 62
1 1 2 -9 1.93 65
1 1 1 -9 0.45 38
1 1 1 -9 0.55 42
1 1 1 -9 0.97 50
1 1 1 -9 1.34 59
1 1 1 -9 1.78 64
1 1 2 -9 0.15 28
1 1 2 -9 0.35 36
1 1 2 -9 0.5 41
1 1 2 -9 1.02 50
1 1 2 -9 1.66 59
1 1 1 -9 0.36 35
1 1 1 -9 0.44 40
1 1 1 -9 0.53 43
1 1 1 -9 0.85 47
1 1 1 -9 1.61 56
1 1 2 -9 0.27 35
1 1 2 -9 0.46 38
1 1 2 -9 0.54 41
1 1 2 -9 0.63 45
1 1 2 -9 0.97 52
1 1 1 -9 0.38 37
1 1 1 -9 0.48 39
1 1 1 -9 0.6 43
1 1 1 -9 0.72 47
1 1 1 -9 1.27 54
1 1 2 -9 0.29 33
1 1 2 -9 0.34 36
1 1 2 -9 0.75 46
1 1 2 -9 1.19 53
1 1 2 -9 1.63 61
1 1 1 -9 0.44 41
1 1 1 -9 0.63 45
1 1 1 -9 0.89 50
1 1 1 -9 1.44 57
1 1 1 -9 2.45 67
1 1 2 -9 0.38 36
1 1 2 -9 0.44 40
1 1 2 -9 0.65 43
1 1 2 -9 1.03 49
1 1 2 -9 1.35 55
1 1 1 -9 0.3 34
1 1 1 -9 0.48 40
1 1 1 -9 0.87 48
1 1 1 -9 1.31 55
1 1 1 -9 1.62 59
1 1 2 -9 0.13 26
1 1 2 -9 0.49 42
1 1 2 -9 0.86 48
1 1 2 -9 0.88 50
1 1 2 -9 1.19 58
1 1 1 -9 0.23 31
1 1 1 -9 0.38 37
1 1 1 -9 1.19 52
1 1 1 -9 1.44 57
1 1 1 -9 1.1 66
1 1 2 -9 0.48 41
1 1 2 -9 0.81 47
1 1 2 -9 1.11 54
1 1 2 -9 1.85 61
1 1 2 -9 2.15 67
1 1 1 -9 0.14 26
1 1 1 -9 0.73 46
1 1 1 -9 1.44 56
1 1 1 -9 1.78 61
1 1 1 -9 2.02 63
1 1 2 -9 0.4 38
1 1 2 -9 0.62 42
1 1 2 -9 0.98 51
1 1 2 -9 1.33 56
1 1 2 -9 1.98 64
1 1 1 -9 0.5 42
1 1 1 -9 0.67 44
1 1 1 -9 0.94 49
1 1 1 -9 1.17 54
1 1 1 -9 1.51 58
1 1 2 -9 0.31 35
1 1 2 -9 0.55 44
1 1 2 -9 0.91 49
1 1 2 -9 1.26 54
1 1 2 -9 1.57 56
1 1 1 -9 0.5 41
1 1 1 -9 0.84 46
1 1 1 -9 1.09 52
1 1 1 -9 1.29 57
1 1 1 -9 2.4 64
1 1 1 -9 0.35 37
1 1 1 -9 0.4 37
1 1 1 -9 2 60
1 1 2 -9 0.35 36
1 1 2 -9 0.45 37
1 1 2 -9 1.3 55
1 1 1 -9 1.4 58
1 1 1 -9 1.9 63
1 1 2 -9 0.55 42
1 1 2 -9 1.5 57
1 1 1 -9 0.3 35
1 1 1 -9 0.65 44
1 1 1 -9 1.15 54
1 1 1 -9 1.4 55
1 1 2 -9 0.3 35
1 1 2 -9 0.5 42
1 1 2 -9 0.65 45
1 1 2 -9 1.05 53
1 1 2 -9 1.15 54
1 1 1 -9 0.85 47
1 1 1 -9 0.95 50
1 1 2 -9 0.8 46
1 1 2 -9 0.85 49
1 1 2 -9 2.1 62
1 1 1 -9 0.42 36
1 1 1 -9 0.43 40
1 1 1 -9 0.55 43
1 1 1 -9 1.5 55
1 1 1 -9 1.5 63
1 1 2 -9 0.4 37
1 1 2 -9 0.9 48
1 1 2 -9 0.95 51
1 1 2 -9 0.95 52
1 1 2 -9 1.35 55
1 1 1 -9 0.55 42
1 1 1 -9 0.6 43
1 1 1 -9 0.65 45
1 1 1 -9 1 51
1 1 1 -9 1.6 58
1 1 2 -9 0.35 36
1 1 2 -9 0.4 38
1 1 2 -9 0.55 43
1 1 2 -9 0.6 44
1 1 2 -9 0.75 47
1 1 1 -9 0.45 38
1 1 1 -9 0.6 43
1 1 1 -9 0.7 47
1 1 1 -9 1 49
1 1 1 -9 1.1 54
1 1 2 -9 0.45 41
1 1 2 -9 0.55 42
1 1 2 -9 0.6 43
1 1 2 -9 0.75 48
1 1 2 -9 1 51
1 1 1 -9 1.7 60
1 1 1 -9 1.9 63
1 1 2 -9 0.4 39
1 1 2 -9 0.6 42
1 1 2 -9 1.5 51
1 1 1 -9 1.75 59
1 1 2 -9 0.49 40
1 1 2 -9 0.5 41
1 1 2 -9 0.6 43
1 1 2 -9 1.1 49
1 1 2 -9 1.65 57
1 1 1 -9 0.39 38
1 1 1 -9 0.4 39
1 1 1 -9 0.44 40
1 1 1 -9 0.55 42
1 1 1 -9 0.7 46
1 1 1 -9 1.8 60
1 1 2 -9 0.45 40
1 1 2 -9 0.55 41
1 1 2 -9 1.55 60
1 1 1 -9 0.15 28
1 1 1 -9 0.42 40
1 1 1 -9 0.95 54
1 1 1 -9 1.1 54
1 1 1 -9 1.45 55
1 1 2 -9 0.3 35
1 1 2 -9 0.65 44
1 1 2 -9 0.85 50
1 1 2 -9 1.1 54
1 1 2 -9 1.55 62
1 1 2 -9 0.45 39
1 1 2 -9 1.2 58
1 1 1 -9 0.35 36
1 1 1 -9 0.45 37
1 1 1 -9 1.65 62
1 1 1 -9 0.2 31
1 1 1 -9 0.25 33
1 1 1 -9 0.55 43
1 1 2 -9 0.7 46
1 1 2 -9 1.1 50
1 1 2 -9 1.2 55
1 1 2 -9 1.3 56
1 1 1 -9 0.9 49
1 1 1 -9 1.15 52
1 1 1 -9 1.05 53
1 1 2 -9 0.6 43
1 1 2 -9 1 52
1 1 2 -9 1.1 51
1 1 1 -9 0.45 40
1 1 1 -9 0.55 41
1 1 1 -9 0.95 50
1 1 1 -9 0.9 51
1 1 1 -9 1.3 53
1 1 2 -9 0.4 37
1 1 2 -9 0.7 45
1 1 2 -9 0.95 48
1 1 2 -9 1.05 50
1 1 1 -9 0.45 39
1 1 1 -9 0.5 41
1 1 1 -9 0.95 49
1 1 1 -9 0.95 52
1 1 1 -9 1.05 57
1 1 1 -9 1.2 57
1 1 2 -9 0.1 25
1 1 2 -9 0.6 45
1 1 2 -9 0.7 46
1 1 2 -9 0.95 49
1 1 1 -9 0.45 41
1 1 1 -9 0.75 45
1 1 1 -9 0.75 46
1 1 1 -9 0.8 49
1 1 1 -9 1.35 56
1 1 2 -9 0.3 34
1 1 2 -9 0.6 44
1 1 2 -9 0.8 47
1 1 2 -9 0.8 47
1 1 2 -9 1.45 60
1 1 1 -9 2.2 64
1 1 2 -9 1.2 56
1 1 2 -9 1.15 54
1 1 1 -9 0.6 44
1 1 1 -9 0.7 45
1 1 1 -9 0.75 46
1 1 1 -9 0.8 48
1 1 1 -9 0.9 50
1 1 1 -9 1.3 57
1 1 2 -9 0.3 33
1 1 2 -9 0.35 36
1 1 2 -9 0.5 44
1 1 2 -9 0.8 46
1 1 1 -9 0.25 34
1 1 1 -9 0.33 35
1 1 1 -9 1.15 50
1 1 1 -9 1 51
1 1 1 -9 1.3 56
1 1 2 -9 0.45 39
1 1 2 -9 0.45 40
1 1 2 -9 0.9 49
1 1 2 -9 1.5 53
1 1 2 -9 1.2 58
1 1 1 -9 0.5 38
1 1 1 -9 0.45 39
1 1 1 -9 1.1 51
1 1 1 -9 1.2 52
1 1 1 -9 1.45 55
1 1 2 -9 0.4 38
1 1 2 -9 0.45 38
1 1 2 -9 0.45 39
1 1 2 -9 0.5 40
1 1 2 -9 0.55 41
1 1 1 -9 0.4 36
1 1 1 -9 0.85 48
1 1 1 -9 1.95 68
1 1 2 -9 0.95 48
1 1 2 -9 1.15 53
1 1 2 -9 1.15 57
1 1 1 -9 0.25 32
1 1 1 -9 0.55 42
1 1 1 -9 0.75 44
1 1 1 -9 0.73 47
1 1 1 -9 0.77 48
1 1 2 -9 0.1 25
1 1 2 -9 0.15 26
1 1 2 -9 0.25 33
1 1 2 -9 0.95 50
1 1 2 -9 0.8 46
1 1 2 -9 0.3 36
1 1 1 -9 1 52
1 1 1 -9 1.15 54
1 1 1 -9 0.85 57
1 1 1 -9 0.6 43
1 1 1 -9 1.25 56
1 1 1 -9 0.85 48
1 1 1 -9 0.65 48
1 1 1 -9 0.85 47
1 1 1 -9 0.8 47
1 1 2 -9 0.9 50
1 1 1 -9 0.4 38
1 1 2 -9 0.75 44
1 1 2 -9 0.8 47
1 1 2 -9 0.75 48
1 1 2 -9 0.85 48
1 1 2 -9 0.9 50
1 1 2 -9 0.9 49
1 1 2 -9 0.75 49
1 1 2 6 0.8 47
1 1 2 11 1.4 59
1 1 2 6 0.55 42
1 1 2 6 1.05 53
1 1 2 6 0.5 43
1 1 2 14 1.1 52
1 1 2 5 0.8 48
1 1 2 8 0.75 47
1 1 2 6 0.95 49
1 1 2 6 0.8 48
1 1 1 9 0.95 57
1 1 1 6 1 52
1 1 1 6 1 50
1 1 1 7 0.75 47
1 1 1 12 1.65 59
1 1 1 6 0.95 48
1 1 1 5 0.9 51
1 1 1 6 1.05 50
1 1 1 6 1.05 50
1 1 1 12 1 54
1 1 2 -9 0.5 39
1 1 2 -9 0.8 47
1 1 2 -9 0.85 49
1 1 2 -9 0.95 50
1 1 2 -9 0.85 49
1 1 2 -9 0.95 52
1 1 2 -9 0.8 46
1 1 2 -9 1 50
1 1 2 -9 1 50
1 1 2 -9 0.8 48
1 1 1 -9 1.15 53
1 1 1 -9 0.95 52
1 1 1 -9 0.75 47
1 1 1 -9 1.05 52
1 1 1 -9 0.9 50
1 1 1 -9 1 49
1 1 1 -9 0.38 40
1 1 1 -9 0.75 48
1 1 1 -9 0.9 48
1 1 1 -9 1.05 51
1 1 1 6 0.81 47
1 1 1 5 0.93 49
1 1 1 6 0.98 53
1 1 1 6 1.07 52
1 1 1 7 0.66 44
1 1 1 6 0.75 46
1 1 1 7 0.86 49
1 1 1 5 0.77 46
1 1 1 7 0.78 49
1 1 1 6 0.92 49
1 1 2 7 0.5 42
1 1 2 6 1.03 51
1 1 2 5 0.74 47
1 1 2 6 0.73 46
1 1 2 6 0.6 43
1 1 2 6 0.79 46
1 1 2 5 0.82 46
1 1 2 4 0.52 42
1 1 2 5 0.56 44
1 1 2 6 1 53
1 1 2 4 0.3 37
1 1 1 6 0.69 45
1 1 1 6 0.83 46
1 1 1 5 0.64 46
1 1 1 6 0.61 44
1 1 1 6 1.11 55
1 1 1 -9 1.37 56
1 1 1 6 0.7 46
1 1 1 3 0.51 41
1 1 1 3 0.4 38
1 1 1 7 0.52 43
1 1 2 6 0.5 43
1 1 2 3 0.46 40
1 1 2 5 0.59 44
1 1 2 6 0.65 45
1 1 2 6 0.75 45
1 1 2 5 0.38 38
1 1 2 7 0.6 44
1 1 2 6 0.54 45
1 1 2 3 0.39 39
1 1 2 6 0.47 42
1 1 2 6 0.74 46
1 1 2 6 0.8 48
1 1 2 5 0.62 45
1 1 2 7 0.68 45
1 1 2 5 0.81 46
1 1 2 6 0.52 42
1 1 2 5 0.55 43
1 1 2 4 0.39 38
1 1 2 7 0.69 47
1 1 1 6 0.76 45
1 1 1 6 0.93 50
1 1 1 6 1.01 52
1 1 1 6 0.84 49
1 1 1 6 0.72 45
1 1 1 8 1.05 51
1 1 1 7 1 53
1 1 1 6 0.8 47
1 1 1 11 1.09 61
1 1 1 6 0.81 47
1 1 2 6 0.58 45
1 1 2 6 0.9 48
1 1 2 7 0.61 46
1 1 2 6 0.89 49
1 1 2 6 0.83 47
1 1 2 8 0.74 46
1 1 2 6 0.84 46
1 1 2 5 0.61 45
1 1 2 6 0.6 45
1 1 2 5 0.87 49
1 1 1 6 1.04 50
1 1 1 6 0.76 47
1 1 1 5 0.7 46
1 1 1 7 0.79 50
1 1 1 5 0.83 48
1 1 1 5 0.44 42
1 1 1 9 1.28 58
1 1 1 4 0.5 42
1 1 1 5 0.73 46
1 1 1 6 0.4 40
1 1 2 -9 0.6 42
1 1 2 -9 0.71 45
1 1 2 -9 0.56 43
1 1 2 -9 0.81 47
1 1 2 -9 0.57 44
1 1 2 -9 1.02 50
1 1 2 -9 0.66 45
1 1 2 -9 0.64 43
1 1 2 -9 0.71 45
1 1 2 -9 0.36 35
1 1 1 -9 0.78 47
1 1 1 -9 0.68 45
1 1 1 -9 0.83 47
1 1 1 -9 0.61 45
1 1 1 -9 1 52
1 1 1 -9 0.5 41
1 1 1 -9 0.93 50
1 1 1 -9 0.44 40
1 1 1 -9 0.6 45
1 1 1 -9 0.63 44
1 1 2 -9 0.74 48
1 1 2 -9 0.85 49
1 1 2 -9 0.81 47
1 1 2 -9 0.82 46
1 1 2 -9 0.65 46
1 1 2 -9 0.65 44
1 1 2 -9 0.85 50
1 1 2 -9 0.68 46
1 1 2 -9 0.45 39
1 1 2 -9 0.47 41
1 1 1 -9 0.73 46
1 1 1 -9 0.48 38
1 1 1 -9 0.57 44
1 1 1 -9 0.39 37
1 1 1 -9 0.72 46
1 1 1 -9 0.79 47
1 1 1 -9 0.8 48
1 1 1 -9 0.52 42
1 1 1 -9 0.54 43
1 1 1 -9 0.2 32
1 1 2 6 0.54 43
1 1 2 6 0.84 49
1 1 2 6 0.45 41
1 1 2 6 1 51
1 1 2 5 0.36 40
1 1 2 5 0.47 41
1 1 2 5 0.55 43
1 1 2 7 0.84 48
1 1 2 10 1.21 56
1 1 2 5 0.46 41
1 1 1 5 0.58 44
1 1 1 3 0.44 40
1 1 1 6 0.96 51
1 1 1 6 0.87 50
1 1 1 5 0.8 48
1 1 1 5 0.77 48
1 1 1 7 0.71 46
1 1 1 6 0.95 50
1 1 1 11 1.75 65
1 1 1 4 0.45 41
1 1 2 -9 0.48 40
1 1 2 -9 0.7 47
1 1 2 -9 0.75 47
1 1 2 -9 0.75 48
1 1 2 -9 0.4 39
1 1 2 -9 0.77 43
1 1 2 -9 0.51 43
1 1 2 -9 0.85 49
1 1 2 -9 0.74 46
1 1 2 -9 0.7 45
1 1 1 -9 0.7 49
1 1 1 -9 1 49
1 1 1 -9 0.76 50
1 1 1 -9 0.78 47
1 1 1 -9 0.77 47
1 1 1 -9 0.53 42
1 1 1 -9 0.65 46
1 1 1 -9 0.94 48
1 1 1 -9 0.85 50
1 1 1 -9 0.83 48
1 1 2 -9 0.5 42
1 1 2 -9 0.71 46
1 1 2 -9 0.99 51
1 1 2 -9 0.43 40
1 1 2 -9 0.53 42
1 1 2 -9 0.74 45
1 1 2 -9 0.95 50
1 1 2 -9 0.22 34
1 1 2 -9 1.05 54
1 1 2 -9 0.31 37
1 1 1 -9 0.92 48
1 1 1 -9 0.6 45
1 1 1 -9 0.74 47
1 1 1 -9 0.43 40
1 1 1 -9 0.37 39
1 1 1 -9 0.49 43
1 1 1 -9 0.72 48
1 1 1 -9 0.53 43
1 1 1 -9 0.71 47
1 1 1 -9 0.43 38
1 1 2 7 0.5 44
1 1 2 4 0.48 41
1 1 2 -9 0.8 48
1 1 2 5 0.39 39
1 1 2 6 0.8 50
1 1 2 -9 0.6 43
1 1 2 5 0.49 44
1 1 2 6 0.8 49
1 1 2 5 0.41 46
1 1 2 6 0.7 48
1 1 1 7 0.73 49
1 1 1 5 0.44 41
1 1 1 7 0.69 47
1 1 1 6 0.82 48
1 1 1 7 0.57 46
1 1 1 4 0.4 41
1 1 1 6 0.98 49
1 1 1 5 0.49 42
1 1 1 3 0.23 36
1 1 1 6 0.6 45
1 1 2 -9 0.35 38
1 1 2 -9 1.25 57
1 1 2 -9 0.78 48
1 1 2 -9 0.73 48
1 1 2 -9 0.41 40
1 1 2 -9 0.51 41
1 1 2 -9 0.67 44
1 1 2 -9 0.4 38
1 1 2 -9 0.36 39
1 1 2 -9 0.69 47
1 1 1 -9 1.02 52
1 1 1 -9 0.77 46
1 1 1 -9 0.62 45
1 1 1 -9 0.95 52
1 1 1 -9 0.55 42
1 1 1 -9 0.45 43
1 1 1 -9 0.43 40
1 1 1 -9 0.78 46
1 1 1 -9 0.45 40
1 1 1 -9 0.38 39
1 1 2 -9 0.51 43
1 1 2 -9 0.9 51
1 1 2 -9 0.48 42
1 1 2 -9 0.71 47
1 1 2 -9 0.46 41
1 1 2 -9 0.72 47
1 1 2 -9 0.83 37
1 1 2 -9 0.93 49
1 1 2 -9 0.22 35
1 1 2 -9 0.75 49
1 1 1 -9 0.47 43
1 1 1 -9 0.81 48
1 1 1 -9 0.49 41
1 1 1 -9 1 53
1 1 1 -9 0.59 45
1 1 1 -9 0.9 47
1 1 1 -9 0.5 44
1 1 1 -9 0.42 40
1 1 1 -9 0.84 49
1 1 1 -9 0.89 52
1 1 2 -9 0.57 43
1 1 2 -9 0.56 41
1 1 2 -9 0.6 45
1 1 2 -9 0.4 40
1 1 2 -9 1.55 60
1 1 2 -9 0.5 43
1 1 2 -9 0.68 45
1 1 2 -9 0.77 47
1 1 2 -9 0.36 38
1 1 2 -9 0.55 42
1 1 1 -9 0.46 41
1 1 1 -9 0.72 47
1 1 1 -9 0.33 37
1 1 1 -9 0.63 45
1 1 1 -9 0.36 37
1 1 1 -9 0.65 44
1 1 1 -9 0.69 45
1 1 1 -9 0.76 53
1 1 1 -9 0.6 44
1 1 1 -9 0.5 43
1 1 2 -9 0.42 43
1 1 2 -9 0.62 47
1 1 2 -9 0.6 47
1 1 2 -9 0.51 42
1 1 2 -9 0.65 45
1 1 2 -9 0.68 47
1 1 2 -9 0.61 45
1 1 2 -9 0.4 39
1 1 2 -9 0.45 42
1 1 2 -9 0.5 42
1 1 1 -9 0.98 54
1 1 1 -9 0.42 40
1 1 1 -9 1.09 54
1 1 1 -9 0.46 42
1 1 1 -9 0.7 46
1 1 1 -9 0.41 41
1 1 1 -9 0.6 43
1 1 1 -9 0.59 44
1 1 1 -9 1.08 53
1 1 1 -9 0.42 41
1 1 2 -9 0.59 43
1 1 2 -9 0.53 43
1 1 2 -9 0.44 41
1 1 2 -9 0.54 43
1 1 2 -9 0.55 44
1 1 2 -9 0.5 42
1 1 2 -9 0.53 42
1 1 2 -9 0.63 45
1 1 2 -9 0.64 44
1 1 2 -9 0.55 42
1 1 1 -9 1.03 51
1 1 1 -9 0.58 46
1 1 1 -9 0.88 49
1 1 1 -9 0.6 43
1 1 1 -9 0.84 50
1 1 1 -9 0.6 45
1 1 1 -9 0.54 43
1 1 1 -9 0.55 43
1 1 1 -9 0.4 39
1 1 1 -9 0.55 43
1 1 2 -9 0.41 39
1 1 2 -9 0.45 41
1 1 2 -9 0.43 39
1 1 2 -9 0.41 40
1 1 2 -9 0.55 43
1 1 2 -9 0.57 44
1 1 2 -9 0.43 39
1 1 2 -9 0.44 41
1 1 2 -9 0.56 42
1 1 2 -9 0.63 43
1 1 1 -9 0.63 42
1 1 1 -9 0.39 39
1 1 1 -9 0.65 46
1 1 1 -9 0.56 45
1 1 1 -9 0.77 46
1 1 1 -9 0.6 43
1 1 1 -9 0.61 44
1 1 1 -9 0.45 40
1 1 1 -9 0.44 42
1 1 1 -9 0.56 46
1 1 2 6 0.6 43
1 1 2 5 0.56 43
1 1 2 7 0.67 46
1 1 2 6 0.7 46
1 1 2 5 0.91 48
1 1 2 7 1.04 50
1 1 2 6 0.61 44
1 1 2 6 0.73 45
1 1 2 6 0.41 41
1 1 2 7 1.07 53
1 1 1 4 0.35 38
1 1 1 6 1.24 52
1 1 1 6 0.56 44
1 1 1 4 0.69 45
1 1 1 5 0.51 42
1 1 1 11 1.15 53
1 1 1 5 0.56 42
1 1 1 6 0.92 52
1 1 1 6 1.39 55
1 1 1 6 0.84 47
3 1 2 6 0.8 46
3 1 1 8 0.8 47
3 1 1 6 0.9 50
3 1 1 6 1.25 54
3 1 1 7 1.1 52
3 1 1 6 1.1 51
3 1 1 6 0.95 50
3 1 2 6 0.65 45
3 1 1 6 1.1 53
3 1 2 6 0.9 47
3 1 1 6 0.95 51
3 1 1 6 0.9 50
3 1 2 6 0.75 48
3 1 1 6 0.8 46
3 1 2 5 0.75 47
3 1 2 5 0.65 45
3 1 2 -9 0.5 42
3 1 2 6 0.8 48
3 1 2 6 0.7 45
3 1 2 6 0.8 49
3 1 2 5 0.75 46
3 1 2 6 0.85 50
3 1 2 6 0.8 45
3 1 2 6 0.85 47
3 1 2 5 0.75 46
3 1 2 -9 0.75 48
3 1 2 6 0.8 47
3 1 2 6 0.8 49
3 1 2 6 0.65 46
3 1 2 6 0.65 45
3 1 1 6 1 52
3 1 1 6 1.1 51
3 1 1 6 0.85 50
3 1 1 7 0.65 44
3 1 1 6 0.9 50
3 1 1 5 0.8 48
3 1 1 5 1 51
3 1 1 -9 0.6 45
3 1 1 6 1.1 53
3 1 1 6 0.7 48
3 1 1 6 1.05 51
3 1 1 6 1.05 53
3 1 1 6 1 49
3 1 1 6 0.95 52
3 1 1 6 1 49
3 1 1 6 0.6 45
3 1 1 6 1.1 52
3 1 1 6 1 53
3 1 1 11 1.6 64
3 1 1 4 0.55 42
3 1 2 6 0.8 48
3 1 2 5 0.9 50
3 1 2 5 0.9 49
3 1 2 6 0.85 49
3 1 2 6 0.6 46
3 1 2 -9 0.85 50
3 1 2 7 1.1 52
3 1 2 6 1.05 51
3 1 2 6 0.9 49
3 1 2 7 0.8 48
3 1 2 6 1.05 52
3 1 2 6 1 51
3 1 2 8 0.95 50
3 1 2 13 1.25 57
3 1 2 7 0.95 52
3 1 2 6 0.95 51
3 1 2 6 1 51
3 1 2 6 0.95 51
3 1 2 5 0.7 47
3 1 2 23 1.05 52
3 1 1 6 0.9 52
3 1 1 6 1 49
3 1 1 6 0.75 47
3 1 1 7 0.7 45
3 1 1 7 1.1 49
3 1 1 4 0.65 44
3 1 1 7 0.75 48
3 1 1 7 0.8 49
3 1 1 6 0.75 47
3 1 1 7 0.95 48
3 1 2 5 0.65 43
3 1 2 4 0.6 43
3 1 2 7 0.55 44
3 1 2 6 1.1 50
3 1 2 6 1.1 52
3 1 2 6 0.6 43
3 1 2 4 0.5 40
3 1 2 5 0.55 43
3 1 2 4 0.65 44
3 1 2 11 1.45 60
3 1 1 4 0.65 45
3 1 1 6 0.7 47
3 1 1 4 0.75 47
3 1 1 6 0.85 48
3 1 1 -9 0.65 46
3 1 1 6 0.75 46
3 1 1 4 0.55 43
3 1 1 9 1.05 53
3 1 1 6 0.7 45
3 1 1 6 0.7 46
1 1 2 6 0.8 45
1 1 1 6 1 53
1 1 2 5 1 52
1 1 2 6 1 52
1 1 2 5 1 53
1 1 2 5 1.2 45
1 1 2 4 1 48
1 1 1 6 1 54
1 1 1 6 0.9 49
1 1 1 6 1.2 54
1 1 2 8 0.9 47
1 1 2 9 0.9 51
1 1 2 4 0.7 45
1 1 1 5 0.7 46
1 1 2 6 0.9 49
1 1 2 6 1 53
1 1 1 6 1 52
1 1 2 5 1 53
1 1 1 5 0.9 51
1 1 2 6 1 52
3 1 1 -9 0.45 42
3 1 2 -9 0.6 45
3 1 2 -9 0.6 47
3 1 2 -9 0.45 44
3 1 1 -9 0.7 46
3 1 2 -9 0.5 45
3 1 1 -9 0.6 47
3 1 1 -9 0.5 45
3 1 1 -9 0.7 46
3 1 2 -9 0.5 43
3 1 2 -9 0.45 43
3 1 1 -9 0.6 45
3 1 2 -9 0.65 46
3 1 1 -9 0.65 45
3 1 2 -9 0.5 42
3 1 2 -9 0.6 43
3 1 1 -9 0.65 47
3 1 2 -9 0.65 44
3 1 2 -9 0.7 45
3 1 2 -9 0.75 47
3 1 1 -9 0.85 48
3 1 2 -9 0.65 42
3 1 2 -9 0.8 49
3 1 1 -9 1.7 61
3 1 2 -9 0.9 49
3 1 2 -9 0.9 50
3 1 2 -9 0.95 50
3 1 2 -9 0.85 47
3 1 2 -9 0.85 46
3 1 1 -9 0.95 49
3 1 2 -9 1 49
3 1 2 -9 0.65 45
3 1 2 -9 0.85 48
3 1 2 -9 0.6 43
3 1 2 -9 0.95 49
3 1 1 -9 0.95 50
3 1 2 -9 0.7 47
3 1 2 -9 0.8 47
3 1 2 -9 0.8 50
3 1 2 -9 0.95 49
3 1 2 -9 0.75 46
3 1 2 -9 0.45 43
3 1 1 -9 0.8 47
3 1 1 -9 0.85 49
3 1 1 -9 0.85 50
3 1 1 -9 0.95 52
3 1 1 -9 1.1 53
3 1 1 -9 0.9 50
3 1 1 -9 1.05 54
3 1 1 -9 0.7 48
3 1 2 -9 0.7 48
3 1 2 -9 0.75 48
3 1 2 -9 0.9 50
3 1 2 -9 1.05 52
3 1 1 -9 0.55 44
3 1 1 -9 0.7 46
3 1 2 -9 1 52
3 1 2 -9 0.9 52
3 1 1 -9 0.85 52
3 1 1 -9 0.8 49
3 1 2 -9 0.9 50
3 1 1 -9 0.9 48
3 1 1 -9 0.9 49
3 1 2 -9 1 52
3 1 1 -9 0.95 49
3 1 2 -9 1.05 52
3 1 1 -9 1.1 52
3 1 1 -9 1.2 52
3 1 1 -9 0.95 50
3 1 1 -9 0.9 50
3 1 2 -9 0.95 51
3 1 1 -9 1 51
3 1 1 -9 1.05 51
3 1 1 -9 1 51
3 1 1 -9 1.15 53
3 1 1 -9 0.9 50
3 1 2 -9 0.55 40
3 1 2 -9 0.85 50
3 1 1 -9 1.15 52
3 1 1 -9 1.05 54
3 1 1 -9 1.3 57
3 1 1 -9 1.65 59
3 1 1 -9 1.25 55
3 1 1 -9 2.1 63
3 1 1 -9 0.95 48
3 1 1 -9 1.3 53
3 1 2 -9 0.55 42
3 1 1 -9 0.45 41
3 1 2 -9 0.7 47
3 1 2 -9 2.05 53
3 1 2 -9 1.15 53
3 1 2 -9 1.35 54
3 1 1 -9 0.9 55
3 1 2 -9 1.1 54
3 1 1 -9 1.15 54
3 1 2 -9 0.7 42
3 1 2 -9 1.3 54
3 1 1 -9 1.55 61
3 1 1 -9 1.4 60
3 1 2 -9 0.5 43
3 1 2 -9 0.6 44
3 1 1 -9 1.05 51
3 1 1 -9 1.05 51
3 1 1 -9 0.65 43
3 1 2 -9 0.55 42
3 1 2 -9 0.55 41
3 1 2 -9 1.15 53
3 1 1 -9 1.1 52
3 1 1 -9 1.1 53
3 1 1 -9 1.05 51
3 1 1 -9 1 51
3 1 1 -9 0.95 52
3 1 1 -9 0.6 42
3 1 2 -9 1 52
3 1 2 -9 0.6 44
3 1 1 -9 1.1 51
3 1 1 -9 1.15 54
3 1 2 -9 1.05 52
3 1 2 -9 1.15 51
3 1 2 -9 1.2 53
3 1 2 -9 1.05 54
3 1 2 -9 1.05 51
3 1 2 -9 1 52
3 1 1 -9 1 52
3 1 1 -9 1.4 55
3 1 2 -9 0.55 44
3 1 2 -9 1.35 56
3 1 2 -9 1.1 51
3 1 1 -9 1.4 56
3 1 1 7 1.3 50
3 1 2 5 0.6 42
3 1 1 6 1.3 49
3 1 2 6 1.4 50
3 1 2 6 0.8 45
3 1 2 6 1.3 51
3 1 1 6 1.4 53
3 1 2 6 0.95 46
3 1 2 5 0.9 51
3 1 2 4 0.7 43
3 1 2 -9 1.2 50
3 1 2 -9 0.9 45
3 1 2 -9 0.9 44
3 1 2 -9 0.7 47
3 1 2 -9 1 48
3 1 1 -9 1.3 51
3 1 1 -9 1 47
3 1 2 -9 0.7 46
3 1 1 -9 1.4 50
3 1 1 -9 1.1 48
3 1 2 -9 1 47
3 1 1 -9 1.3 49
3 1 1 -9 0.85 46
3 1 2 -9 1 40
3 1 2 -9 1.1 48
3 1 1 -9 1.3 51
3 1 1 -9 1.05 50
3 1 1 -9 1.05 54
3 1 1 -9 1.35 53
3 1 2 -9 1.55 54
3 1 1 -9 0.6 44
3 1 2 -9 0.9 48
3 1 2 -9 1 48
3 1 2 -9 0.9 53
3 1 2 -9 0.6 48
3 1 1 -9 0.5 44
3 1 1 -9 1 53
3 1 1 -9 0.8 49
3 1 1 -9 1.1 54
3 1 1 -9 1 48
3 1 2 5 0.6 44
3 1 1 6 1.1 50
3 1 1 6 1 50
3 1 1 6 1 48
3 1 1 6 1 49
3 1 1 7 1.2 54
3 1 2 6 0.9 47
3 1 2 5 0.7 45
3 1 2 6 0.8 49
3 1 2 9 1.2 55
3 1 1 -9 1.2 51
3 1 2 -9 0.9 49
3 1 1 -9 0.7 43
3 1 2 -9 1.2 49
3 1 2 -9 1 49
3 1 2 -9 0.8 50
3 1 2 -9 1 49
3 1 1 -9 1.1 53
3 1 2 -9 1 51
3 1 2 -9 0.9 45
3 1 1 -9 1 49
3 1 2 -9 0.9 47
3 1 2 -9 0.8 45
3 1 1 -9 1.4 55
3 1 1 -9 1 48
3 1 2 -9 1 47
3 1 2 -9 0.8 43
3 1 2 -9 0.9 46
3 1 1 -9 1.3 51
3 1 1 -9 1.1 51
3 1 1 6 1.1 48
3 1 1 5 1 47
3 1 2 6 1.1 51
3 1 2 6 0.9 46
3 1 1 7 1.3 52
3 1 2 7 1.2 51
3 1 2 7 1.3 50
3 1 1 6 1.3 54
3 1 2 6 1.4 53
3 1 2 11 1.5 57
3 1 1 -9 1.2 52
3 1 1 -9 0.9 52
3 1 1 -9 0.9 47
3 1 2 -9 1.1 50
3 1 1 -9 0.8 45
3 1 1 -9 1 47
3 1 2 -9 1.1 52
3 1 1 -9 0.9 46
3 1 1 -9 1.1 52
3 1 2 -9 1 50
3 1 1 8 1.4 57
3 1 1 -9 0.8 46
3 1 2 6 0.5 43
3 1 2 10 0.9 52
3 1 1 5 1.2 55
3 1 1 5 0.6 43
3 1 1 6 1.6 59
3 1 2 7 0.8 44
3 1 2 3 0.6 40
3 1 2 3 0.6 43
3 1 2 8 0.8 47
3 1 1 6 0.6 48
3 1 2 7 0.7 47
3 1 1 6 0.8 52
3 1 1 6 0.7 47
3 1 1 5 0.8 50
3 1 1 6 0.8 49
3 1 1 6 1 53
3 1 2 6 0.8 52
3 1 2 5 0.8 50
3 1 1 7 0.8 50
3 1 1 7 1 53
3 1 1 6 0.7 48
3 1 1 6 0.7 50
3 1 1 7 0.9 50
3 1 2 6 0.7 47
3 1 2 7 0.6 48
3 1 2 6 0.8 49
3 1 1 6 0.7 51
3 1 2 6 0.8 48
3 1 2 6 0.9 51
3 1 2 7 0.8 49
3 1 2 6 0.6 46
3 1 1 6 0.8 50
3 1 1 5 0.8 49
3 1 1 8 1 52
3 1 2 7 1.2 53
3 1 1 6 0.8 48
3 1 2 6 0.6 44
3 1 2 7 0.9 48
3 1 2 -9 0.8 46
3 1 1 -9 1.2 51
3 1 2 -9 1.4 56
3 1 2 -9 0.7 43
3 1 2 -9 1 54
3 1 2 -9 1.1 50
3 1 2 -9 0.9 46
3 1 1 -9 0.85 48
3 1 2 -9 0.8 47
3 1 2 -9 0.9 46
3 1 1 -9 1.4 55
3 1 1 -9 1.1 51
3 1 2 -9 0.9 49
3 1 2 -9 0.9 46
3 1 1 -9 1.1 52
3 1 2 -9 0.8 46
3 1 1 -9 0.95 48
3 1 2 -9 0.85 50
3 1 2 -9 0.9 50
3 1 2 -9 0.75 46
3 1 2 -9 0.7 43
3 1 1 -9 0.9 48
3 1 1 -9 0.85 49
3 1 1 -9 0.8 47
3 1 1 -9 1 50
3 1 2 -9 0.7 49
3 1 2 -9 0.6 45
3 1 2 -9 0.7 45
3 1 2 -9 0.8 48
3 1 2 -9 1.9 49
3 1 1 -9 1.95 54
3 1 1 -9 0.7 46
3 1 1 -9 1.75 48
3 1 1 -9 0.85 49
3 1 1 -9 0.5 42
3 1 2 -9 0.85 50
3 1 2 -9 0.6 45
3 1 2 -9 0.9 47
3 1 2 -9 1.05 51
3 1 2 -9 0.7 48
3 1 1 -9 1.05 51
3 1 1 -9 0.9 53
3 1 1 -9 1.2 54
3 1 1 -9 0.85 49
3 1 1 -9 1.1 51
3 1 2 -9 1 48
3 1 2 -9 2.35 57
3 1 2 -9 0.8 45
3 1 2 -9 1.05 52
3 1 2 -9 1 50
3 1 1 -9 0.95 49
3 1 1 -9 1.15 52
3 1 1 -9 0.8 48
3 1 1 -9 0.6 47
3 1 1 -9 0.95 49
3 1 2 -9 0.85 48
3 1 2 -9 0.6 44
3 1 2 -9 0.8 47
3 1 2 -9 0.6 44
3 1 2 -9 0.6 43
3 1 1 -9 0.85 47
3 1 1 -9 0.75 46
3 1 1 -9 0.95 53
3 1 1 -9 0.8 50
3 1 1 -9 0.7 47
3 1 2 -9 0.85 49
3 1 2 -9 0.7 45
3 1 2 -9 0.9 48
3 1 2 -9 0.85 46
3 1 2 -9 1 50
3 1 2 -9 1.75 57
3 1 2 -9 1.2 52
3 1 2 -9 0.75 49
3 1 2 -9 0.85 47
3 1 2 -9 1.25 55
3 1 1 -9 1 51
3 1 1 -9 0.95 50
3 1 1 -9 0.8 50
3 1 1 -9 1.2 51
3 1 1 -9 1.4 59
3 1 1 -9 0.6 44
3 1 1 -9 0.9 48
3 1 1 -9 0.95 50
3 1 1 -9 0.8 47
3 1 1 -9 0.85 47
3 1 2 -9 0.55 42
3 1 2 -9 0.7 44
3 1 2 -9 0.85 49
3 1 2 -9 0.55 43
3 1 2 -9 1.05 51
3 1 1 -9 1.2 53
3 1 1 -9 1.9 54
3 1 1 -9 0.7 46
3 1 1 -9 2 56
3 1 1 -9 0.7 46
3 1 2 -9 1.2 55
3 1 2 -9 1 51
3 1 2 -9 0.85 54
3 1 2 -9 0.8 46
3 1 2 -9 0.7 44
3 1 1 -9 1.5 65
3 1 1 -9 1.95 52
3 1 1 -9 0.75 45
3 1 1 -9 0.6 44
3 1 1 -9 0.95 52
3 1 1 -9 0.6 44
3 1 2 -9 1 52
3 1 2 -9 1 51
3 1 2 -9 1.2 54
3 1 2 -9 0.9 52
3 1 2 -9 0.6 43
3 1 1 -9 1 53
3 1 1 -9 1.15 54
3 1 1 -9 1.05 52
3 1 1 -9 0.65 45
3 1 2 -9 0.85 47
3 1 2 -9 0.8 46
3 1 2 -9 1 51
3 1 2 -9 0.5 43
3 1 2 -9 1.5 52
3 1 2 -9 0.95 53
3 1 2 -9 1.1 53
3 1 1 -9 0.7 44
3 1 1 -9 1.2 55
3 1 1 -9 1.3 57
3 1 1 -9 1.35 57
3 1 1 -9 0.75 45
3 1 1 -9 0.75 45
3 1 1 -9 1.4 57
3 1 1 -9 0.65 44
3 1 1 -9 1.1 53
3 1 1 -9 0.7 43
3 1 1 -9 1.1 52
3 1 1 -9 0.75 46
3 1 2 -9 0.65 44
3 1 2 -9 1.25 54
3 1 2 -9 1.15 55
3 1 2 -9 1.15 53
3 1 2 -9 1.2 54
3 1 1 -9 0.8 45
3 1 1 -9 0.6 42
3 1 2 -9 1.45 57
3 1 2 -9 1.3 55
3 1 2 -9 1.55 58
3 1 2 -9 1.5 58
3 1 2 -9 1.45 57
3 1 2 -9 1.15 54
3 1 2 -9 1.2 53
3 1 2 -9 0.35 37
3 1 1 -9 0.55 43
3 1 1 -9 1.25 56
3 1 1 -9 1.8 60
3 1 1 -9 1.15 54
3 1 1 -9 1.3 56
3 1 1 -9 1.5 58
3 1 2 -9 1.1 53
3 1 2 -9 1.35 58
3 1 2 -9 1.55 59
3 1 2 -9 1.7 63
3 1 2 -9 1.3 56
3 1 2 -9 1.3 56
3 1 1 -9 1.55 61
3 1 1 -9 1.25 55
3 1 1 -9 1.65 59
3 1 1 -9 1.65 63
3 1 1 -9 1.7 61
3 1 1 -9 1.25 55
3 1 1 -9 1.45 55
3 1 1 -9 1.3 55
3 1 1 -9 1.35 56
3 1 1 -9 1.4 60
3 1 1 -9 1.5 57
3 1 1 -9 1.55 59
3 1 1 -9 1.4 56
3 1 1 -9 1.8 59
3 1 1 -9 1 48
3 1 1 -9 0.65 41
3 1 1 -9 1.3 51
3 1 1 -9 1 50
3 1 1 -9 1.1 49
3 1 1 -9 0.7 44
3 1 1 -9 1.1 49
3 1 1 -9 1.15 51
3 1 1 -9 0.9 47
3 1 1 -9 1.05 52
3 1 2 -9 1 47
3 1 2 -9 0.95 47
3 1 2 -9 0.75 45
3 1 2 -9 1.05 51
3 1 2 -9 1.4 53
3 1 2 -9 1.15 51
3 1 2 -9 0.85 45
3 1 2 -9 1.05 50
3 1 2 -9 0.9 49
3 1 2 -9 1.15 50
3 1 1 -9 1.2 51
3 1 1 -9 1.4 52
3 1 1 -9 1 50
3 1 1 -9 1 50
3 1 1 -9 1 51
3 1 2 -9 0.9 48
3 1 2 -9 0.9 48
3 1 2 -9 0.85 46
3 1 2 -9 1.15 49
3 1 2 -9 0.8 46
3 1 2 -9 1.1 52
3 1 2 -9 0.8 44
3 1 2 -9 0.75 44
3 1 2 -9 0.85 47
3 1 2 -9 0.9 49
3 1 1 -9 1.25 50
3 1 1 -9 0.85 46
3 1 1 -9 1.05 49
3 1 1 -9 1 50
3 1 1 -9 1.15 53
3 1 2 -9 1.05 50
3 1 2 -9 0.85 46
3 1 2 -9 0.8 47
3 1 2 -9 0.7 43
3 1 2 -9 0.6 42
3 1 2 -9 1.25 51
3 1 2 -9 1.2 53
3 1 2 -9 0.7 43
3 1 2 -9 0.95 51
3 1 2 -9 0.7 44
3 1 1 -9 1.2 53
3 1 1 -9 1.2 51
3 1 1 -9 0.9 45
3 1 1 -9 1 47
3 1 1 -9 0.75 48
3 1 1 -9 1.35 52
3 1 1 -9 0.75 42
3 1 1 -9 1.3 52
3 1 1 -9 1.1 51
3 1 1 -9 0.95 49
3 1 2 -9 1.2 53
3 1 2 -9 1.15 53
3 1 2 -9 1.05 52
3 1 2 -9 0.7 45
3 1 2 -9 1.1 53
3 1 2 -9 0.55 42
3 1 2 -9 1.3 52
3 1 2 -9 0.7 42
3 1 2 -9 0.75 43
3 1 2 -9 0.65 42
3 1 1 -9 1.2 52
3 1 1 -9 0.75 45
3 1 1 -9 0.8 47
3 1 1 -9 0.8 45
3 1 1 -9 1.35 54
3 1 1 -9 2 59
3 1 1 -9 1.4 54
3 1 1 -9 1.7 60
3 1 1 -9 1.25 53
3 1 1 -9 1.45 56
3 1 2 -9 0.7 43
3 1 2 -9 1.05 52
3 1 2 -9 0.65 43
3 1 2 -9 0.75 46
3 1 2 -9 0.85 46
3 1 2 -9 1.2 56
3 1 2 -9 1.25 48
3 1 2 -9 1.25 54
3 1 2 -9 0.75 44
3 1 2 -9 0.9 47
3 1 1 -9 1.55 59
3 1 1 -9 1.6 58
3 1 1 -9 1.55 56
3 1 1 -9 1.2 53
3 1 1 -9 1.55 60
3 1 1 -9 1.25 56
3 1 1 -9 0.75 47
3 1 1 -9 0.9 48
3 1 1 -9 1 47
3 1 1 -9 1.5 55
3 1 1 -9 1.35 55
3 1 1 -9 0.9 50
3 1 2 -9 0.75 44
3 1 2 -9 1.2 53
3 1 2 -9 1.05 51
3 1 2 -9 1.55 58
3 1 2 -9 0.7 45
3 1 2 -9 0.8 46
3 1 2 -9 1.45 62
3 1 2 -9 0.9 47
3 1 2 -9 1.2 53
3 1 1 -9 1.2 54
3 1 2 -9 1.05 53
3 1 1 -9 1 50
3 1 1 -9 0.65 45
3 1 1 -9 0.75 44
3 1 1 -9 0.65 46
3 1 1 -9 0.8 46
3 1 1 -9 1.25 52
3 1 1 -9 1.15 51
3 1 2 -9 0.7 46
3 1 2 -9 1.4 58
3 1 2 -9 1.05 51
3 1 2 -9 0.9 48
3 1 2 -9 0.7 46
3 1 2 -9 0.85 47
3 1 2 -9 0.8 47
3 1 2 -9 1.25 54
3 1 2 -9 1.3 53
3 1 2 -9 0.6 42
3 1 1 -9 1.5 55
3 1 1 -9 1 47
3 1 1 -9 1 51
3 1 1 -9 1.15 53
3 1 1 -9 0.9 50
3 1 1 -9 0.75 49
3 1 1 -9 1.55 58
3 1 1 -9 0.9 50
3 1 1 -9 1.15 54
3 1 1 -9 1.15 54
3 1 1 -9 1.4 54
3 1 1 -9 0.65 47
3 1 1 -9 1.25 55
3 1 1 -9 0.85 47
3 1 1 -9 0.65 44
3 1 1 -9 1.1 52
3 1 1 -9 0.7 44
3 1 1 -9 0.75 46
3 1 1 -9 1.5 59
3 1 1 -9 0.95 48
3 1 2 -9 1.2 55
3 1 2 -9 0.65 44
3 1 2 -9 1.25 56
3 1 2 -9 0.8 46
3 1 2 -9 0.8 45
3 1 2 -9 0.85 47
3 1 2 -9 0.6 44
3 1 2 -9 0.8 48
3 1 2 -9 0.7 45
3 1 2 -9 1.15 52
3 1 1 -9 1.2 54
3 1 1 -9 1.35 55
3 1 1 -9 1.15 53
3 1 1 -9 1.2 53
3 1 1 -9 0.7 45
3 1 1 -9 1.05 50
3 1 1 -9 1.1 52
3 1 1 -9 1 51
3 1 1 -9 0.95 48
3 1 1 -9 1.15 53
3 1 2 -9 1 49
3 1 2 -9 0.7 45
3 1 2 -9 0.6 44
3 1 2 -9 1 50
3 1 2 -9 0.95 49
3 1 2 -9 0.8 48
3 1 2 -9 0.85 49
3 1 2 -9 0.95 51
3 1 2 -9 1.05 52
3 1 2 -9 1.45 57
3 1 1 -9 0.95 51
3 1 2 -9 1.5 54
3 1 2 -9 1.6 61
3 1 2 -9 0.9 46
3 1 2 -9 0.95 48
3 1 2 -9 1.5 56
3 1 2 -9 1.15 51
3 1 2 -9 0.95 52
3 1 2 -9 0.85 47
3 1 2 -9 0.95 49
3 1 2 -9 1.2 50
3 1 1 -9 1.55 56
3 1 1 -9 0.7 47
3 1 1 -9 1.45 60
3 1 1 -9 0.85 48
3 1 1 -9 1.15 53
3 1 1 -9 1.1 48
3 1 1 -9 0.7 46
3 1 1 -9 1.25 53
3 1 1 -9 2.55 72
3 1 1 -9 0.8 47
3 1 1 -9 1.02 52
3 1 1 -9 0.9 48
3 1 1 -9 1.4 58
3 1 1 -9 1 50
3 1 2 -9 0.7 48
3 1 1 -9 0.96 52
3 1 2 -9 0.9 47
3 1 1 -9 0.93 52
3 1 1 -9 0.54 51
3 1 2 -9 0.45 46
3 1 2 -9 1.04 40
3 1 1 -9 1.08 48
3 1 2 -9 1.17 57
3 1 1 -9 0.64 44
3 1 2 -9 1.02 53
3 1 2 -9 0.98 50
3 1 1 -9 1.24 53
3 1 2 -9 0.96 49
3 1 1 -9 0.87 48
3 1 1 -9 1.1 51
3 1 2 -9 0.79 46
3 1 2 -9 0.73 44
3 1 1 -9 1.04 51
3 1 2 -9 1.1 53
3 1 2 -9 0.79 47
3 1 1 -9 1.18 54
3 1 2 -9 0.82 46
3 1 2 -9 0.96 50
3 1 2 -9 0.62 44
3 1 1 -9 1.36 57
3 1 2 -9 0.84 48
3 1 2 -9 0.82 47
3 1 2 -9 0.62 43
3 1 2 -9 0.84 47
3 1 1 -9 1.02 50
3 1 2 -9 1.18 57
3 1 1 -9 0.82 48
3 1 1 -9 1.66 60
3 1 2 -9 0.68 45
3 1 2 -9 0.9 47
3 1 2 -9 0.93 50
3 1 1 -9 1.27 52
3 1 2 -9 0.96 49
3 1 1 -9 1.9 64
3 1 2 -9 0.8 46
3 1 2 -9 1.1 51
3 1 1 -9 1.2 50
3 1 1 -9 1.3 52
3 1 1 -9 0.7 45
3 1 2 -9 0.9 48
3 1 2 -9 0.8 47
3 1 2 -9 1 48
3 1 1 -9 0.9 50
3 1 2 -9 1.4 55
3 1 2 -9 0.9 48
3 1 2 -9 1.6 62
3 1 2 -9 0.9 49
3 1 1 -9 1.1 51
3 1 2 -9 1 48
3 1 2 -9 1 49
3 1 2 -9 1.7 60
3 1 1 -9 0.7 48
3 1 2 -9 1.1 49
3 1 1 -9 0.6 44
3 1 1 -9 1.5 56
3 1 1 -9 1 50
3 1 1 -9 1.1 52
3 1 2 -9 0.9 49
3 1 1 -9 0.6 45
3 1 2 -9 0.9 49
3 1 1 -9 1.2 54
3 1 1 -9 0.7 46
3 1 1 -9 1 53
3 1 2 -9 0.8 48
3 1 2 -9 1 49
3 1 2 -9 0.8 49
3 1 2 -9 0.9 49
3 1 1 -9 1.2 54
3 1 2 -9 0.8 48
3 1 1 -9 1.4 64
3 1 2 -9 1.2 51
3 1 2 -9 1.3 57
3 1 1 -9 1.2 52
3 1 2 -9 0.9 50
3 1 2 -9 1.1 53
3 1 1 -9 1 52
3 1 2 -9 1 51
3 1 1 -9 1.2 55
3 1 2 -9 0.7 46
3 1 1 -9 1 51
3 1 2 -9 1 50
3 1 1 -9 0.8 49
3 1 1 -9 1.8 68
3 1 2 -9 1.1 52
3 1 1 -9 1.3 56
3 1 1 -9 1.3 58
3 1 1 -9 1.6 59
3 1 1 -9 1.1 53
3 1 1 -9 1.5 58
3 1 1 -9 1.1 53
3 1 2 -9 1.4 58
3 1 2 -9 1 49
3 1 2 -9 1 50
3 1 1 -9 1.2 50
3 1 2 -9 1.1 50
3 1 1 -9 1 51
3 1 1 -9 1.1 54
3 1 2 -9 0.9 52
3 1 1 -9 1 50
3 1 2 -9 1.1 54
3 1 1 -9 1 51
3 1 1 -9 1.1 51
3 1 2 -9 1.1 52
3 1 2 -9 0.9 48
3 1 1 -9 0.9 51
3 1 2 -9 0.8 48
3 1 1 -9 0.9 47
3 1 2 -9 0.9 48
3 1 1 -9 1 51
3 1 1 -9 0.8 49
3 1 2 -9 1.1 53
3 1 1 -9 0.7 46
3 1 2 -9 1 53
3 1 2 -9 0.8 48
3 1 1 -9 1 50
3 1 2 -9 1 49
3 1 2 -9 0.9 49
3 1 1 -9 0.8 47
3 1 1 -9 1.5 56
3 1 1 -9 0.8 48
3 1 2 -9 1.1 51
3 1 1 -9 1.2 56
3 1 2 -9 0.9 51
3 1 2 -9 0.9 49
3 1 2 -9 0.9 50
3 1 1 -9 0.8 52
3 1 1 -9 1.4 56
3 1 2 -9 1 49
3 1 2 -9 0.8 49
3 1 1 -9 0.9 52
3 1 1 -9 1 52
3 1 2 -9 1.7 63
3 1 1 -9 2.6 69
3 1 1 -9 0.9 49
3 1 1 -9 1.1 55
3 1 1 -9 0.8 48
3 1 2 -9 1.1 52
3 1 1 -9 1 50
3 1 1 -9 1 51
3 1 1 -9 1.5 64
3 1 1 -9 1.2 58
3 1 2 -9 1 50
3 1 2 -9 0.91 47
3 1 1 -9 0.87 49
3 1 2 -9 1.15 51
3 1 2 -9 0.89 47
3 1 2 -9 1.23 56
3 1 2 -9 0.91 49
3 1 1 -9 1.26 55
3 1 1 -9 1.32 54
3 1 2 -9 1.75 47
3 1 1 -9 1.05 52
3 1 1 -9 0.93 49
3 1 2 -9 0.68 46
3 1 1 -9 1.28 56
3 1 2 -9 1.15 57
3 1 2 -9 0.87 48
3 1 1 -9 1.85 62
3 1 2 -9 1.31 59
3 1 1 -9 1.11 52
3 1 2 -9 1.04 51
3 1 2 -9 1.18 56
3 1 2 -9 1.04 53
3 1 2 -9 0.74 48
3 1 2 -9 0.86 47
3 1 2 -9 1.28 51
3 1 1 -9 0.71 45
3 1 2 -9 0.75 46
3 1 2 -9 1.08 51
3 1 2 -9 0.68 46
3 1 2 -9 1.1 53
3 1 2 -9 1.09 52
3 1 1 -9 0.81 45
3 1 2 -9 0.72 45
3 1 2 -9 0.77 46
3 1 1 -9 0.98 53
3 1 1 -9 0.7 46
3 1 1 -9 0.85 46
3 1 2 -9 0.84 50
3 1 1 -9 0.85 49
3 1 1 -9 0.79 46
3 1 1 -9 0.65 42
3 1 1 -9 0.8 46
3 1 1 -9 0.92 50
3 1 1 -9 0.66 44
3 1 1 -9 0.64 42
3 1 2 -9 0.75 45
3 1 2 -9 0.59 44
3 1 2 -9 1.1 56
3 1 1 -9 1.11 54
3 1 1 -9 1.2 54
3 1 1 -9 1.2 53
3 1 1 -9 0.73 51
3 1 1 -9 0.48 44
3 1 1 -9 1.02 54
3 1 1 -9 0.68 45
3 1 1 -9 1.45 58
3 1 1 -9 0.72 44
3 1 1 -9 0.98 51
3 1 1 -9 0.62 43
3 1 1 -9 0.75 47
3 1 1 -9 0.59 43
3 1 1 -9 1.05 51
3 1 2 -9 0.57 41
3 1 2 -9 1.1 54
3 1 2 -9 0.67 44
3 1 2 -9 0.65 44
3 1 2 -9 1.2 54
3 1 2 -9 0.56 43
3 1 2 -9 0.54 43
3 1 1 -9 1.15 56
3 1 1 -9 0.57 42
3 1 1 -9 0.81 47
3 1 1 -9 0.64 44
3 1 1 -9 0.73 45
3 1 1 -9 0.77 47
3 1 2 -9 1.35 55
3 1 2 -9 1.44 57
3 1 1 -9 1.55 55
3 1 1 -9 1.21 54
3 1 1 -9 1.52 63
3 1 2 -9 0.55 41
3 1 2 -9 0.54 42
3 1 2 -9 0.53 40
3 1 2 -9 0.54 42
3 1 2 -9 1.4 62
3 1 1 -9 1.25 55
3 1 1 -9 0.56 43
3 1 1 -9 1.4 59
3 1 1 -9 2.99 66
3 1 1 -9 2.28 65
3 1 2 -9 1.41 57
3 1 2 -9 1.23 55
3 1 2 -9 1.31 58
3 1 2 -9 0.5 40
3 1 1 -9 1.39 58
3 1 1 -9 1.6 57
3 1 1 -9 1.84 62
3 1 1 -9 1.5 57
3 1 1 -9 1.66 60
3 1 2 -9 1.2 55
3 1 2 -9 0.59 40
3 1 2 -9 0.48 40
3 1 1 -9 1.41 59
3 1 1 -9 0.46 39
3 1 1 -9 0.95 56
3 1 1 -9 0.61 41
3 1 1 -9 0.46 39
3 1 1 -9 1.41 59
3 1 1 -9 1.63 62
3 1 1 -9 0.95 48
3 1 1 -9 1.08 50
3 1 1 -9 1.05 51
3 1 1 -9 0.73 48
3 1 1 -9 0.84 44
3 1 2 -9 0.89 49
3 1 1 -9 1.2 53
3 1 1 -9 0.98 52
3 1 2 -9 0.74 45
3 1 2 -9 1 51
3 1 1 -9 1 51
3 1 2 -9 0.9 51
3 1 2 -9 0.93 50
3 1 2 -9 0.95 49
3 1 2 -9 0.91 48
3 1 2 -9 0.93 52
3 1 1 -9 0.75 48
3 1 1 -9 0.78 46
3 1 1 -9 0.74 48
3 1 2 -9 1.1 53
3 1 2 -9 0.6 43
3 1 2 -9 0.62 43
3 1 2 -9 0.57 42
3 1 1 -9 0.45 42
3 1 1 -9 0.58 43
3 1 2 -9 0.54 41
3 1 2 -9 1.13 57
3 1 2 -9 1.23 54
3 1 1 -9 1.34 56
3 1 1 -9 1.4 56
3 1 1 -9 1.29 57
3 1 1 -9 1.38 60
3 1 2 -9 1.47 57
3 1 2 -9 0.48 40
3 1 2 -9 1.24 55
3 1 2 -9 1.12 52
3 1 1 -9 1.22 52
3 1 2 -9 1.11 50
3 1 2 -9 0.92 49
3 1 1 -9 1.43 61
3 1 2 -9 0.72 41
3 1 2 -9 0.91 52
3 1 2 -9 0.75 44
3 1 2 -9 0.8 44
3 1 1 -9 1 50
3 1 2 -9 1.26 58
3 1 2 -9 0.63 42
3 1 1 -9 1.76 60
3 1 1 -9 1.71 61
3 1 1 -9 0.59 42
3 1 1 -9 1.53 59
3 1 1 -9 0.63 43
3 1 2 -9 0.54 41
3 1 2 -9 1.32 59
3 1 2 -9 0.58 42
3 1 1 -9 0.75 50
3 1 2 -9 0.75 47
3 1 2 -9 0.91 48
3 1 1 -9 0.83 49
3 1 2 -9 0.59 43
3 1 2 -9 1.05 48
3 1 2 -9 1.49 49
3 1 2 -9 0.96 53
3 1 2 -9 0.7 45
3 1 1 -9 1.35 55
3 1 1 -9 0.8 47
3 1 1 -9 1 52
3 1 1 -9 1.43 54
3 1 1 -9 0.91 48
3 1 1 -9 1.44 57
3 1 2 -9 0.85 46
3 1 2 -9 0.75 45
3 1 2 -9 1.25 53
3 1 2 -9 0.96 52
3 1 1 -9 1.11 53
3 1 1 -9 1.1 53
3 1 1 -9 0.87 47
3 1 1 -9 1.06 53
3 1 1 -9 0.87 49
3 1 1 -9 1.04 50
3 1 1 -9 2.01 61
3 1 2 -9 1.06 54
3 1 2 -9 1.5 61
3 1 2 -9 1.14 54
3 1 2 -9 1.59 60
3 1 2 -9 1.2 58
3 1 2 -9 1.19 56
3 1 1 -9 1.14 58
3 1 2 -9 1.32 56
3 1 1 -9 1.55 65
3 1 1 -9 1.32 57
3 1 2 -9 0.8 48
3 1 2 -9 0.85 47
3 1 2 -9 0.9 48
3 1 1 -9 0.75 44
3 1 1 -9 0.95 50
3 1 1 -9 1 52
3 1 1 -9 0.85 48
3 1 1 -9 0.75 45
3 1 1 -9 0.7 44
3 1 1 -9 0.65 42
3 1 2 -9 0.7 46
3 1 2 -9 1.3 55
3 1 1 -9 1 51
3 1 1 -9 1.1 50
3 1 1 -9 1 49
3 1 1 -9 1.5 56
3 1 1 -9 1.3 53
3 1 1 -9 1.3 51
3 1 1 -9 0.9 50
3 1 1 -9 1.3 53
3 1 1 -9 0.8 45
3 1 2 -9 1 49
3 1 1 -9 0.7 42
3 1 2 -9 1.2 54
3 1 2 -9 1 48
3 1 2 -9 1.5 51
3 1 2 -9 0.75 46
3 1 2 -9 0.9 47
3 1 2 -9 0.5 44
3 1 2 -9 0.8 47
3 1 1 -9 0.95 52
3 1 1 -9 1.2 54
3 1 1 -9 1 50
3 1 1 -9 1.15 52
3 1 1 -9 0.75 45
3 1 1 -9 1 49
3 1 1 -9 0.95 52
3 1 1 -9 0.8 46
3 1 1 -9 0.75 46
3 1 1 -9 0.8 47
3 1 2 -9 0.95 48
3 1 2 -9 0.95 51
3 1 2 -9 0.6 44
3 1 2 -9 1.1 50
3 1 2 -9 0.6 43
3 1 2 -9 0.95 51
3 1 2 -9 0.7 43
3 1 2 -9 0.7 45
3 1 2 -9 0.9 48
3 1 2 -9 0.7 46
3 1 1 -9 0.7 47
3 1 1 -9 0.9 49
3 1 1 -9 1 49
3 1 1 -9 1 51
3 1 1 -9 1.1 52
3 1 1 -9 0.8 48
3 1 1 -9 0.7 49
3 1 1 -9 1.2 55
3 1 1 -9 1.1 53
3 1 1 -9 0.9 47
3 1 2 -9 0.6 46
3 1 2 -9 1 51
3 1 2 -9 0.7 45
3 1 2 -9 0.7 47
3 1 2 -9 0.9 51
3 1 2 -9 0.9 50
3 1 2 -9 0.6 49
3 1 2 -9 0.7 46
3 1 2 -9 1 49
3 1 2 -9 1.2 52
3 1 2 -9 1 47
3 1 2 -9 1 49
3 1 2 -9 1 50
3 1 2 -9 0.7 44
3 1 2 -9 1.2 52
3 1 2 -9 0.7 45
3 1 2 -9 1 49
3 1 2 -9 1 49
3 1 2 -9 0.8 50
3 1 2 -9 0.7 45
3 1 1 -9 0.9 48
3 1 1 -9 0.5 43
3 1 1 -9 0.8 46
3 1 1 -9 1 51
3 1 1 -9 1.1 53
3 1 1 -9 1.3 52
3 1 1 -9 1.2 53
3 1 1 -9 1.4 55
3 1 1 -9 1.1 51
3 1 1 -9 0.9 48
3 1 1 -9 0.8 47
3 1 1 -9 1.1 52
3 1 1 -9 1.45 55
3 1 1 -9 0.9 47
3 1 1 -9 0.85 47
3 1 1 -9 0.8 46
3 1 1 -9 1.1 54
3 1 1 -9 1.1 53
3 1 1 -9 0.9 48
3 1 1 -9 1.5 54
3 1 2 -9 0.95 50
3 1 2 -9 0.85 45
3 1 2 -9 0.8 52
3 1 2 -9 1.45 57
3 1 2 -9 1.2 52
3 1 2 -9 1.1 55
3 1 2 -9 1.1 55
3 1 2 -9 1.3 55
3 1 2 -9 0.65 42
3 1 2 -9 1.2 51
3 1 2 -9 1.2 54
3 1 2 -9 1.05 52
3 1 2 -9 0.65 42
3 1 2 -9 0.65 44
3 1 2 -9 1.35 53
3 1 2 -9 0.7 43
3 1 2 -9 1.3 55
3 1 1 -9 0.8 45
3 1 1 -9 0.8 46
3 1 1 -9 2.45 55
3 1 1 -9 0.8 44
3 1 1 -9 1.3 54
3 1 1 -9 1.25 54
3 1 1 -9 1.3 54
3 1 1 -9 0.8 45
3 1 1 -9 2.4 61
3 1 2 -9 1.25 53
3 1 2 -9 0.7 43
3 1 2 -9 1.37 54
3 1 2 -9 0.61 43
3 1 2 -9 0.96 53
3 1 1 -9 2.27 69
3 1 1 -9 1.31 58
3 1 1 -9 1.27 56
3 1 1 -9 1.1 55
3 1 1 -9 1.36 62
3 1 1 -9 0.81 45
3 1 1 -9 1.27 59
3 1 2 -9 0.62 43
3 1 2 -9 0.84 49
3 1 2 -9 0.61 43
3 1 2 -9 1.17 53
3 1 2 -9 0.92 54
3 1 2 -9 1.08 53
3 1 2 -9 1.28 54
3 1 2 -9 0.59 41
3 1 2 -9 0.58 41
3 1 1 -9 1.53 63
3 1 1 -9 0.56 43
3 1 2 -9 0.63 42
3 1 2 -9 0.59 42
3 1 2 -9 0.58 41
3 1 2 -9 0.62 41
3 1 2 -9 0.56 42
3 1 1 -9 1.27 60
3 1 2 -9 1.03 51
3 1 2 -9 1.36 58
3 1 1 -9 1.56 58
3 1 2 -9 1.65 58
3 1 2 -9 1.2 57
3 1 1 -9 0.55 43
3 1 1 -9 0.7 43
3 1 1 -9 1.4 61
3 1 2 -9 1.36 57
3 1 1 -9 1.35 56
3 1 1 -9 1.44 51
3 1 2 -9 0.52 41
3 1 1 -9 1.12 56
3 1 1 -9 0.51 41
3 1 1 -9 1.34 58
3 1 2 5 0.8 49
3 1 1 6 0.75 45
3 1 1 6 1 52
3 1 2 6 1 52
3 1 2 6 0.8 48
3 1 2 5 0.8 47
3 1 2 5 0.6 42
3 1 2 4 0.7 43
3 1 1 4 0.85 49
3 1 2 6 0.8 47
3 1 2 7 0.9 47
3 1 2 3 0.7 45
3 1 2 6 0.8 48
3 1 2 7 1.2 52
3 1 2 13 1.3 56
3 1 1 6 1.2 53
3 1 2 6 1.1 50
3 1 2 6 0.9 51
3 1 2 -9 0.95 46
3 1 2 6 0.8 48
3 1 1 6 0.8 51
3 1 2 7 0.8 46
3 1 2 6 0.95 50
3 1 1 6 1 49
3 1 2 5 0.8 47
3 1 1 7 0.9 48
3 1 2 6 0.85 48
3 1 2 6 1 50
3 1 2 6 1 49
3 1 2 5 1.1 53
3 1 2 5 0.7 45
3 1 2 5 0.8 49
3 1 1 6 0.85 51
3 1 2 8 0.9 49
3 1 1 4 0.8 48
3 1 2 7 0.8 48
3 1 2 6 0.9 50
3 1 2 6 0.95 52
3 1 1 6 1.1 49
3 1 2 5 1 49
3 1 2 5 0.65 45
3 1 1 6 0.8 50
3 1 2 6 0.8 52
3 1 2 6 0.75 45
3 1 1 6 1.1 52
3 1 1 -9 1.2 52
3 1 1 -9 0.95 49
3 1 2 -9 0.75 45
3 1 2 -9 0.65 44
3 1 1 -9 1 51
3 1 2 6 0.8 46
3 1 2 7 0.8 47
3 1 2 6 0.7 47
3 1 2 6 1.3 55
3 1 1 5 0.8 46
3 1 2 6 1 49
3 1 2 6 0.85 50
3 1 2 6 0.8 48
3 1 2 6 1.2 50
3 1 2 6 1 50
3 1 2 4 0.9 46
3 1 2 6 0.95 52
3 1 1 5 0.7 44
3 1 1 7 0.8 46
3 1 2 6 1.1 50
3 1 1 5 1 50
3 1 2 7 0.95 51
3 1 2 6 0.7 50
3 1 2 5 0.7 51
3 1 2 6 1 47
3 1 2 6 1 46
3 1 1 6 0.7 50
3 1 1 6 1.1 55
3 1 2 6 0.95 53
3 1 1 6 0.8 49
3 1 1 6 0.9 50
3 1 1 5 0.8 47
3 1 1 6 1.1 57
3 1 2 12 1.1 56
3 1 1 6 1 53
3 1 2 10 1.2 57
3 1 1 6 0.9 49
3 1 1 6 1.2 53
3 1 2 6 1 53
3 1 2 5 0.8 46
3 1 2 6 1 48
3 1 1 7 1 51
3 1 1 8 1.1 53
3 1 1 7 1 51
3 1 1 5 1.1 52
3 1 1 5 0.9 48
3 1 1 7 1 51
3 1 1 6 0.75 45
3 1 1 6 0.95 51
3 1 1 5 1 47
3 1 1 6 0.9 50
3 1 1 6 1 52
3 1 1 6 1.05 53
3 1 1 6 0.8 45
3 1 1 5 0.9 48
3 1 2 6 0.9 48
3 1 2 6 0.95 48
3 1 2 6 0.75 45
3 1 2 5 0.85 49
3 1 2 5 0.95 49
3 1 2 6 1 53
3 1 1 5 1.1 51
3 1 2 7 0.85 47
3 1 2 7 1 50
3 1 2 6 1.15 53
3 1 1 -9 1.1 50
3 1 2 6 1.2 50
3 1 2 8 1 50
3 1 2 8 0.8 47
3 1 1 6 1 47
3 1 1 7 1.1 52
3 1 2 5 0.6 44
3 1 1 6 0.9 50
3 1 2 6 0.9 50
3 1 2 6 1 51
3 1 1 6 0.8 48
3 1 2 4 0.9 49
3 1 2 6 1 54
3 1 1 6 1.1 52
3 1 2 5 0.7 45
3 1 2 6 0.7 47
3 1 2 6 0.95 48
3 1 2 5 0.8 44
3 1 2 5 0.65 43
3 1 2 5 0.85 47
3 1 1 6 1 51
3 1 2 6 0.75 48
3 1 1 6 1 52
3 1 1 7 0.9 49
3 1 2 6 0.9 47
3 1 2 6 0.8 49
3 1 2 5 0.8 47
3 1 1 6 0.9 49
3 1 2 6 0.8 50
3 1 1 6 1 52
3 1 2 6 0.7 46
3 1 2 6 1 49
3 1 1 4 1 51
3 1 2 6 0.85 47
3 1 2 6 0.95 47
3 1 1 6 1 52
3 1 1 7 0.85 46
3 1 2 5 0.9 51
3 1 2 6 0.8 45
3 1 2 5 0.8 46
3 1 1 7 0.9 47
3 1 2 8 0.85 51
3 1 2 6 1.3 55
3 1 2 5 1.1 54
3 1 1 6 1.25 56
3 1 2 7 1 49
3 1 1 6 1 52
3 1 2 11 1.1 55
3 1 1 6 0.8 46
3 1 2 6 0.95 48
3 1 1 5 0.8 50
3 1 1 6 1.15 51
3 1 2 6 0.95 47
3 1 2 6 1 52
3 1 2 6 1 53
3 1 1 5 1 51
3 1 1 6 0.85 51
3 1 2 5 1.15 49
3 1 1 6 1.15 49
3 1 1 6 1 50
3 1 1 5 1.3 50
3 1 1 5 1.1 50
3 1 1 7 1 49
3 1 1 6 0.8 46
3 1 1 7 1.2 50
3 1 1 13 1.4 59
3 1 1 6 1 49
3 1 1 6 1 48
3 1 2 6 1.2 52
3 1 1 5 1.1 49
