1 358 3 11 1
1 358 3 12 3
1 358 3 13 8
1 358 3 14 5
1 358 1 15 3
1 358 2 15 6
1 358 2 16 2
1 358 3 33 1
1 357 3 8 1
1 357 3 10 8
1 357 3 11 7
1 357 3 12 9
1 357 3 13 2
1 357 3 15 1
1 356 3 11 1
1 355 3 10 1
1 354 2 69 1
1 354 2 70 1
1 354 1 71 1
1 353 3 11 1
1 353 3 12 4
1 353 3 13 4
1 353 3 14 4
1 353 2 15 2
1 353 2 16 2
1 353 1 17 1
1 352 3 14 1
1 352 3 15 3
1 352 1 60 1
1 352 1 62 1
1 352 1 68 1
1 352 1 69 1
1 352 1 74 3
1 352 2 76 1
1 352 2 77 1
1 352 2 78 1
1 351 3 15 1
1 351 1 58 1
1 351 1 60 1
1 351 1 64 2
1 351 2 64 1
1 351 1 66 1
1 351 2 66 1
1 351 1 67 1
1 351 2 67 2
1 351 1 68 2
1 351 2 68 4
1 351 2 69 4
1 351 1 70 2
1 351 2 70 10
1 351 1 71 2
1 351 2 71 6
1 351 1 72 1
1 351 2 72 6
1 351 1 73 2
1 351 2 73 3
1 351 2 74 9
1 351 2 75 1
1 351 2 79 1
1 351 2 81 1
1 350 3 14 1
1 350 3 15 1
1 350 1 57 1
1 350 1 59 1
1 350 1 60 2
1 350 1 62 2
1 350 2 62 1
1 350 1 63 1
1 350 2 63 1
1 350 1 64 4
1 350 1 65 1
1 350 2 65 1
1 350 1 66 6
1 350 1 67 2
1 350 2 67 1
1 350 1 68 10
1 350 2 68 5
1 350 1 69 3
1 350 2 69 3
1 350 1 70 6
1 350 2 70 5
1 350 1 71 1
1 350 2 71 6
1 350 1 72 3
1 350 2 72 5
1 350 2 73 3
1 350 1 74 1
1 350 2 74 7
1 350 1 75 2
1 350 2 75 4
1 350 1 76 2
1 350 2 76 8
1 350 1 77 1
1 350 2 77 2
1 350 1 78 1
1 350 2 78 3
1 350 2 79 1
1 350 2 80 1
1 349 3 16 1
1 349 2 27 1
1 349 1 29 1
1 349 2 29 1
1 349 1 31 1
1 349 2 56 1
1 349 1 58 1
1 349 2 58 1
1 349 1 59 1
1 349 1 60 1
1 349 1 61 1
1 349 1 62 3
1 349 2 62 2
1 349 1 63 4
1 349 2 63 1
1 349 1 64 3
1 349 2 64 4
1 349 1 65 3
1 349 2 65 2
1 349 1 66 4
1 349 2 66 7
1 349 1 67 4
1 349 2 67 9
1 349 1 68 4
1 349 2 68 4
1 349 1 69 2
1 349 2 69 1
1 349 1 70 2
1 349 2 70 6
1 349 1 71 1
1 349 2 71 7
1 349 2 72 4
1 349 2 73 1
1 349 2 74 2
1 349 2 75 1
1 349 2 76 2
1 349 2 79 1
1 348 3 12 1
1 348 3 13 1
1 348 3 14 2
1 348 1 56 1
1 348 1 58 1
1 348 1 62 1
1 348 2 62 1
1 348 2 64 1
1 348 2 65 1
1 348 1 66 1
1 348 2 66 2
1 348 2 68 1
1 348 2 69 1
1 348 1 70 3
1 348 2 70 1
1 348 2 72 1
1 348 2 73 1
1 348 2 76 3
1 348 2 78 1
1 347 3 15 2
1 347 1 66 1
1 347 2 68 1
1 347 1 70 1
1 347 1 71 1
1 347 2 71 1
1 347 1 73 1
1 347 2 73 2
1 347 2 78 1
1 346 3 10 1
1 346 3 11 4
1 346 3 12 7
1 346 3 13 12
1 346 3 14 8
1 346 1 15 1
1 346 2 15 1
1 346 3 15 4
1 346 1 16 1
1 346 2 16 2
1 346 3 16 2
1 346 1 67 1
1 346 1 68 1
1 346 1 70 1
1 346 1 71 3
1 346 2 72 1
1 346 1 73 4
1 346 1 75 1
1 346 2 75 1
1 346 1 76 2
1 345 3 10 6
1 345 3 11 14
1 345 3 12 28
1 345 3 13 14
1 345 3 14 14
1 345 3 15 8
1 345 3 17 1
1 344 3 9 1
1 344 3 10 2
1 344 3 11 4
1 344 3 12 1
1 343 3 11 1
1 343 3 12 4
1 343 3 13 5
1 343 3 16 1
1 343 1 74 1
1 343 2 78 1
1 342 3 13 1
1 342 1 72 1
1 342 2 75 1
1 341 3 11 1
1 341 3 12 3
1 341 3 13 3
1 341 3 14 4
1 341 3 15 3
1 341 3 16 7
1 341 3 17 2
1 341 3 18 2
1 341 3 19 1
1 341 1 67 1
1 341 1 68 1
1 341 2 72 1
1 340 3 10 1
1 340 3 11 1
1 340 3 13 4
1 340 3 14 8
1 340 3 15 5
1 340 3 16 2
1 340 1 43 1
1 340 1 57 1
1 340 1 59 1
1 340 1 60 2
1 340 2 62 1
1 340 2 64 1
1 340 1 65 2
1 340 2 66 4
1 340 2 68 2
1 340 2 69 2
1 340 2 70 3
1 340 2 71 1
1 340 1 72 1
1 340 2 73 2
1 340 2 75 1
1 340 2 76 1
1 340 2 79 2
1 339 3 14 1
1 339 2 15 1
1 339 1 16 1
1 339 2 16 1
1 339 1 17 1
1 339 2 17 1
1 339 2 18 1
1 339 1 24 1
1 339 2 24 1
1 339 2 25 1
1 339 1 26 1
1 339 1 27 1
1 339 1 28 2
1 339 1 29 1
1 339 1 30 1
1 339 1 33 1
1 339 1 53 1
1 339 1 60 1
1 339 1 62 1
1 339 2 67 1
1 339 2 68 1
1 339 2 70 2
1 339 2 72 1
1 339 2 73 1
1 338 3 12 3
1 338 3 13 7
1 338 3 14 17
1 338 1 15 7
1 338 2 15 6
1 338 3 15 4
1 338 1 16 10
1 338 2 16 13
1 338 3 16 3
1 338 1 17 7
1 338 2 17 7
1 338 1 18 5
1 338 2 18 9
1 338 1 19 2
1 338 2 19 2
1 338 2 20 1
1 338 2 25 1
1 338 1 26 1
1 338 2 26 2
1 338 2 27 1
1 338 1 28 3
1 338 2 28 2
1 338 1 29 5
1 338 2 29 4
1 338 1 30 5
1 338 2 30 4
1 338 1 31 1
1 338 2 31 1
1 338 1 32 1
1 338 2 32 3
1 338 1 33 1
1 338 1 34 1
1 338 1 35 1
1 338 2 36 1
1 338 1 37 1
1 338 2 38 2
1 338 2 39 1
1 338 1 42 1
1 338 1 54 2
1 338 2 55 1
1 338 2 56 1
1 338 1 58 2
1 338 2 60 1
1 338 1 61 2
1 338 1 62 1
1 338 2 62 2
1 338 1 63 1
1 338 1 64 2
1 338 2 64 3
1 338 2 65 2
1 338 1 66 1
1 338 2 66 6
1 338 1 68 2
1 338 2 68 4
1 338 1 69 1
1 338 2 70 5
1 338 1 71 1
1 338 2 71 3
1 338 2 72 5
1 338 2 73 1
1 338 2 74 1
1 338 2 75 1
1 338 2 76 1
1 337 2 30 1
1 337 2 37 1
1 337 2 39 1
1 337 1 51 1
1 337 1 53 1
1 337 1 55 1
1 337 1 56 2
1 337 1 57 4
1 337 2 57 1
1 337 2 58 1
1 337 1 59 4
1 337 2 59 3
1 337 1 60 3
1 337 2 60 5
1 337 1 61 5
1 337 1 62 4
1 337 2 62 5
1 337 1 63 2
1 337 2 63 2
1 337 1 64 2
1 337 2 64 3
1 337 1 66 4
1 337 2 66 5
1 337 1 67 1
1 337 2 67 1
1 337 2 68 2
1 337 2 69 2
1 337 2 71 3
1 337 2 73 1
1 337 2 74 1
1 337 2 75 1
1 336 3 15 1
1 336 3 18 1
1 336 1 32 2
1 336 2 32 2
1 336 1 34 2
1 336 1 49 2
1 336 1 50 2
1 336 1 55 2
1 336 2 55 2
1 336 1 56 5
1 336 1 57 3
1 336 2 57 2
1 336 1 58 5
1 336 2 58 2
1 336 1 59 5
1 336 1 60 5
1 336 2 60 7
1 336 1 61 2
1 336 1 62 12
1 336 2 62 2
1 336 1 63 7
1 336 2 63 3
1 336 1 64 10
1 336 2 64 14
1 336 1 65 3
1 336 2 65 7
1 336 1 66 3
1 336 2 66 12
1 336 1 67 7
1 336 2 67 9
1 336 2 68 7
1 336 1 69 2
1 336 2 69 7
1 336 2 70 2
1 336 2 71 3
1 336 2 72 3
1 336 2 73 3
1 336 2 74 2
1 335 3 13 1
1 335 1 16 2
1 335 2 17 1
1 335 1 30 5
1 335 2 30 3
1 335 1 32 3
1 335 2 32 3
1 335 2 49 3
1 335 1 51 3
1 335 1 53 8
1 335 1 54 8
1 335 1 55 8
1 335 1 56 11
1 335 2 56 3
1 335 1 57 11
1 335 1 58 8
1 335 2 58 5
1 335 1 59 32
1 335 2 59 5
1 335 1 60 29
1 335 2 60 8
1 335 1 61 13
1 335 2 61 5
1 335 1 62 24
1 335 2 62 5
1 335 1 63 16
1 335 2 63 5
1 335 1 64 11
1 335 2 64 5
1 335 2 65 5
1 335 1 66 3
1 335 2 66 5
1 335 2 67 8
1 335 1 68 3
1 335 2 68 8
1 335 1 70 3
1 335 2 71 3
1 335 2 72 3
1 335 2 74 3
1 335 2 80 3
1 334 3 14 1
1 334 3 15 1
1 334 2 26 1
1 334 1 27 1
1 334 2 28 1
1 334 1 29 2
1 334 2 29 1
1 334 1 31 1
1 334 2 31 1
1 334 2 32 1
1 334 2 34 2
1 334 2 41 1
1 334 1 42 1
1 334 2 50 1
1 334 2 52 1
1 334 1 57 1
1 334 2 58 1
1 334 1 60 1
1 334 1 62 2
1 334 2 62 2
1 334 1 64 1
1 334 2 64 1
1 334 1 65 1
1 334 2 65 1
1 334 1 66 1
1 334 2 66 1
1 334 2 72 1
1 333 2 28 1
1 333 2 30 2
1 333 1 36 1
1 333 1 37 1
1 333 2 44 1
1 333 1 45 1
1 333 1 46 1
1 333 1 47 3
1 333 1 48 3
1 333 1 49 3
1 333 1 50 1
1 333 1 51 9
1 333 1 52 3
1 333 2 52 2
1 333 1 53 1
1 333 2 53 1
1 333 1 54 5
1 333 1 55 4
1 333 2 55 4
1 333 1 56 6
1 333 2 56 4
1 333 1 57 2
1 333 2 57 4
1 333 1 58 13
1 333 2 58 6
1 333 1 59 6
1 333 2 59 6
1 333 1 60 8
1 333 2 60 7
1 333 1 61 1
1 333 2 61 4
1 333 1 62 4
1 333 2 62 9
1 333 1 63 1
1 333 2 63 5
1 333 1 64 1
1 333 2 64 3
1 333 1 65 2
1 333 2 65 4
1 333 1 66 2
1 333 2 66 1
1 333 2 67 3
1 333 2 69 2
1 332 2 27 1
1 332 1 48 1
1 332 1 50 1
1 332 1 51 1
1 332 1 52 1
1 332 1 53 2
1 332 1 54 1
1 332 1 55 1
1 332 1 57 3
1 332 2 57 2
1 332 1 58 2
1 332 1 59 4
1 332 2 59 2
1 332 1 61 2
1 332 2 61 2
1 332 1 62 3
1 332 2 62 1
1 332 1 63 2
1 332 2 63 6
1 332 1 64 1
1 332 2 64 6
1 332 1 65 2
1 332 2 65 7
1 332 1 66 1
1 332 2 66 9
1 332 2 67 4
1 332 2 68 6
1 332 1 69 1
1 332 2 70 3
1 332 2 71 2
1 332 2 72 1
1 331 3 11 2
1 331 3 13 3
1 331 3 14 6
1 331 1 15 2
1 331 2 15 1
1 331 1 16 3
1 331 2 16 3
1 331 1 17 4
1 331 2 17 2
1 331 1 19 1
1 331 2 19 2
1 331 1 32 2
1 331 2 32 1
1 331 1 50 1
1 331 1 53 1
1 331 1 54 1
1 331 2 58 1
1 331 1 59 1
1 331 1 60 1
1 331 2 60 2
1 331 2 61 1
1 331 2 62 1
1 331 1 63 1
1 331 2 63 1
1 331 2 64 3
1 331 1 65 2
1 331 2 65 2
1 331 1 66 1
1 331 2 66 7
1 331 2 67 1
1 331 1 68 2
1 331 2 68 5
1 331 2 69 1
1 331 2 70 3
1 331 2 71 3
1 331 2 72 1
1 331 2 73 2
1 331 2 74 1
1 331 2 75 2
1 331 2 76 1
1 330 3 13 2
1 330 3 14 1
1 330 3 15 4
1 330 2 67 1
1 329 3 13 1
1 329 3 14 1
1 329 3 16 1
1 329 1 19 1
1 329 1 57 1
1 329 1 59 1
1 329 2 61 1
1 329 1 62 1
1 329 1 63 1
1 329 1 65 2
1 329 2 65 1
1 329 1 66 1
1 329 2 66 1
1 329 1 67 1
1 329 2 67 4
1 329 1 68 3
1 329 1 69 2
1 329 2 69 4
1 329 1 70 1
1 329 2 70 1
1 329 2 71 2
1 329 2 72 4
1 329 2 73 2
1 329 2 74 3
1 329 2 75 1
1 329 2 77 1
1 329 2 78 2
1 329 2 79 1
1 328 3 10 3
1 328 3 11 6
1 328 3 12 13
1 328 3 13 25
1 328 3 14 23
1 328 3 15 6
1 328 3 16 3
1 328 3 18 1
1 328 1 25 1
1 328 1 26 1
1 328 1 29 1
1 328 1 30 2
1 328 1 32 1
1 328 1 51 1
1 328 1 54 1
1 328 2 55 1
1 328 1 59 1
1 328 1 61 1
1 328 2 66 1
1 328 2 67 3
1 328 2 68 2
1 328 2 70 1
1 328 1 71 1
1 328 2 72 3
1 328 2 73 6
1 328 2 74 3
1 328 2 76 1
1 328 2 77 1
1 328 2 79 1
1 327 3 14 2
1 327 2 74 1
1 326 3 9 3
1 326 3 10 6
1 326 3 11 9
1 326 3 12 11
1 326 3 13 12
1 326 3 14 8
1 326 3 15 1
1 326 3 16 3
1 326 2 79 1
1 325 3 9 1
1 325 3 10 13
1 325 3 11 29
1 325 3 12 26
1 325 3 13 19
1 325 3 14 8
1 325 3 15 4
1 325 1 16 1
1 325 3 16 3
1 324 3 9 1
1 324 3 10 1
1 324 3 11 2
1 324 2 77 1
1 323 3 11 1
1 323 3 12 1
1 323 3 15 1
1 322 3 8 4
1 322 3 9 23
1 322 3 10 35
1 322 3 11 28
1 322 3 12 18
1 322 3 13 3
1 322 3 14 2
1 321 3 9 1
1 321 3 10 3
1 321 3 11 2
1 321 3 12 3
1 321 3 13 2
1 321 3 14 2
1 321 1 72 1
1 321 1 76 1
1 320 3 10 1
1 320 3 11 6
1 320 3 12 5
1 320 3 13 4
1 320 3 14 2
1 320 1 68 1
1 320 1 72 1
1 319 3 12 1
1 319 3 13 2
1 319 1 67 2
1 319 1 74 2
1 318 3 9 1
1 318 3 10 1
1 318 3 11 10
1 318 3 12 19
1 318 3 13 22
1 318 3 14 27
1 318 3 15 8
1 318 2 16 1
1 318 3 16 3
1 318 1 17 1
1 318 3 18 1
1 318 2 19 2
1 318 2 31 1
1 318 1 65 1
1 318 1 67 1
1 318 1 70 1
1 318 2 70 1
1 318 1 72 1
1 318 2 72 1
1 318 1 73 1
1 318 2 74 1
1 318 2 75 1
1 318 2 80 1
1 317 3 11 1
1 317 3 12 1
1 317 3 13 3
1 317 3 14 1
1 317 1 15 1
1 317 1 16 1
1 317 1 17 1
1 317 1 47 1
1 317 1 51 1
1 317 2 58 1
1 317 2 61 1
1 317 1 62 1
1 317 2 65 1
1 317 1 67 1
1 317 2 67 1
1 317 2 69 1
1 317 2 70 2
1 317 2 71 1
1 317 2 73 2
1 317 2 74 1
1 317 2 75 2
1 317 2 77 1
1 316 3 12 1
1 316 2 51 1
1 316 1 53 1
1 316 2 70 1
1 316 1 71 1
1 316 2 72 2
1 316 2 73 1
1 316 2 81 1
1 315 3 12 1
1 315 3 14 4
1 315 1 16 1
1 315 3 16 1
1 315 1 18 1
1 315 2 18 1
1 315 2 22 1
1 315 1 49 1
1 315 2 52 1
1 315 1 59 1
1 315 1 61 1
1 315 2 61 1
1 315 2 62 1
1 315 2 63 1
1 315 1 64 1
1 315 2 64 2
1 315 2 65 3
1 315 1 66 3
1 315 2 66 2
1 315 2 67 1
1 315 1 69 1
1 315 2 69 1
1 315 2 70 2
1 315 2 71 2
1 315 2 77 1
1 314 2 27 3
1 314 1 28 2
1 314 2 28 3
1 314 2 29 1
1 314 1 30 1
1 314 2 30 4
1 314 1 32 1
1 314 1 33 1
1 314 1 34 1
1 314 2 34 1
1 314 2 36 1
1 314 1 38 2
1 314 2 44 1
1 314 2 48 1
1 314 2 49 1
1 314 1 51 2
1 314 1 52 1
1 314 2 52 1
1 314 1 53 1
1 314 1 54 1
1 314 2 54 1
1 314 1 55 3
1 314 2 55 1
1 314 1 56 4
1 314 2 56 1
1 314 1 57 2
1 314 2 57 2
1 314 1 58 2
1 314 2 58 1
1 314 1 59 1
1 314 2 59 5
1 314 1 60 3
1 314 2 60 3
1 314 1 61 7
1 314 2 61 3
1 314 1 62 4
1 314 2 62 2
1 314 1 63 2
1 314 2 63 4
1 314 1 64 4
1 314 2 64 1
1 314 1 65 1
1 314 2 65 3
1 314 2 66 6
1 314 1 67 1
1 314 2 67 1
1 314 1 68 2
1 314 2 69 1
1 314 2 70 1
1 314 2 72 1
1 314 2 74 1
1 313 2 40 1
1 313 1 43 1
1 313 1 46 1
1 313 2 46 1
1 313 1 47 1
1 313 1 49 1
1 313 2 49 1
1 313 1 50 2
1 313 1 51 5
1 313 1 52 3
1 313 2 52 1
1 313 1 53 5
1 313 2 53 2
1 313 1 54 7
1 313 2 54 2
1 313 1 55 6
1 313 2 55 2
1 313 1 56 11
1 313 2 56 5
1 313 1 57 3
1 313 2 57 6
1 313 1 58 12
1 313 2 58 9
1 313 1 59 6
1 313 2 59 10
1 313 1 60 1
1 313 2 60 11
1 313 1 61 4
1 313 2 61 12
1 313 1 62 3
1 313 2 62 11
1 313 2 63 6
1 313 1 64 2
1 313 2 64 6
1 313 1 65 1
1 313 2 65 1
1 313 1 66 1
1 313 2 66 7
1 313 2 67 2
1 313 1 68 1
1 313 2 68 2
1 313 2 70 2
1 262 1 47 1
1 261 2 60 2
1 260 2 57 1
1 259 2 53 1
1 259 2 54 1
1 259 1 56 1
1 258 2 50 1
1 258 2 51 3
1 258 1 52 2
1 258 1 53 1
1 258 2 53 3
1 258 1 54 2
1 258 2 54 1
1 258 1 55 1
1 258 2 55 1
1 258 2 56 1
1 258 2 57 2
1 258 2 58 2
1 258 2 60 4
1 258 2 61 1
1 258 1 62 2
1 258 2 62 3
1 258 2 63 2
1 257 1 35 1
1 257 1 36 1
1 257 1 38 1
1 257 1 39 1
1 257 1 46 5
1 257 2 46 1
1 257 1 47 3
1 257 2 47 1
1 257 1 48 2
1 257 2 48 2
1 257 1 49 1
1 257 1 50 4
1 257 2 50 2
1 257 1 51 9
1 257 2 51 2
1 257 1 52 10
1 257 2 52 4
1 257 1 53 7
1 257 2 53 5
1 257 1 54 10
1 257 2 54 4
1 257 1 55 5
1 257 2 55 5
1 257 1 56 11
1 257 2 56 7
1 257 1 57 4
1 257 2 57 7
1 257 1 58 6
1 257 2 58 5
1 257 1 59 1
1 257 2 59 9
1 257 1 60 1
1 257 2 60 3
1 257 1 61 1
1 257 2 61 1
1 257 1 62 1
1 257 2 62 1
1 257 2 63 1
1 257 2 64 1
1 256 3 13 1
1 256 1 29 1
1 256 1 52 1
1 256 1 54 1
1 256 1 55 1
1 256 2 55 1
1 256 1 56 1
1 256 2 56 3
1 256 1 57 1
1 256 1 58 4
1 256 2 58 2
1 256 1 59 1
1 256 2 59 1
1 256 1 60 2
1 256 1 61 2
1 256 2 61 1
1 256 1 62 3
1 256 2 62 2
1 256 2 63 3
1 256 1 64 2
1 256 2 64 3
1 256 1 65 3
1 256 2 65 3
1 256 2 66 2
1 256 2 67 2
1 256 2 68 3
1 256 2 69 1
1 255 3 13 2
1 255 3 15 2
1 255 2 16 2
1 255 2 17 1
1 255 3 18 1
1 255 2 22 1
1 255 2 28 1
1 255 1 30 1
1 255 2 30 1
1 255 1 36 1
1 255 1 55 1
1 255 1 60 1
1 255 1 62 1
1 255 1 63 1
1 255 2 63 1
1 255 2 64 1
1 255 1 65 1
1 255 2 66 1
1 255 1 67 1
1 255 2 67 1
1 255 1 68 1
1 255 2 69 3
1 255 2 71 1
1 255 2 75 1
1 254 3 11 1
1 254 3 12 2
1 254 3 14 1
1 254 3 15 1
1 254 3 16 2
1 254 3 17 1
1 254 1 20 1
1 254 2 68 1
1 254 2 69 1
1 254 1 70 3
1 254 1 73 1
1 253 3 10 1
1 253 3 11 1
1 253 3 13 1
1 253 3 14 2
1 253 1 60 1
1 253 1 62 1
1 253 1 63 1
1 253 1 64 2
1 253 2 64 1
1 253 1 66 1
1 253 2 66 2
1 253 2 67 2
1 253 2 68 4
1 253 1 69 2
1 253 2 70 1
1 253 2 71 1
1 253 2 72 1
1 253 2 73 2
1 253 2 74 1
1 253 2 75 1
1 252 3 12 3
1 252 3 13 3
1 252 3 14 3
1 252 3 15 2
1 252 3 18 1
1 252 2 26 1
1 252 1 29 1
1 252 2 29 1
1 252 1 31 2
1 252 1 59 1
1 252 1 61 1
1 252 1 62 1
1 252 1 64 2
1 252 2 64 1
1 252 1 65 1
1 252 2 65 1
1 252 2 66 1
1 252 1 67 1
1 252 2 67 3
1 252 1 68 2
1 252 2 68 1
1 252 2 69 4
1 252 2 70 2
1 252 1 71 1
1 252 2 71 2
1 252 1 72 1
1 252 2 72 1
1 252 2 73 5
1 252 1 74 1
1 252 2 74 1
1 252 2 75 1
1 251 3 9 1
1 251 1 68 2
1 251 2 69 1
1 251 2 72 1
1 251 2 73 1
1 251 2 75 1
1 251 2 76 1
1 250 3 8 6
1 250 3 9 9
1 250 3 10 34
1 250 3 11 34
1 250 3 12 45
1 250 3 13 22
1 250 3 14 4
1 250 3 15 6
1 250 3 17 2
1 250 2 32 1
1 249 3 10 3
1 249 3 11 1
1 249 3 13 1
1 249 2 69 1
1 248 3 8 4
1 248 3 9 2
1 248 3 10 2
1 248 3 11 4
1 248 3 12 2
1 248 3 13 6
1 248 3 14 2
1 248 3 15 2
1 248 1 67 1
1 248 1 74 1
1 247 3 8 2
1 247 3 9 5
1 247 3 10 5
1 247 3 11 5
1 247 3 12 6
1 247 3 13 1
1 246 3 8 2
1 246 3 9 2
1 246 3 10 4
1 246 3 11 2
1 246 3 12 4
1 245 1 66 1
1 245 1 70 2
1 245 1 72 2
1 245 1 74 1
1 245 1 76 1
1 245 2 76 1
1 245 2 78 1
1 244 3 8 7
1 244 3 9 111
1 244 3 10 184
1 244 3 11 157
1 244 3 12 98
1 244 3 13 26
1 244 3 14 7
1 244 2 73 1
1 244 1 74 1
1 243 3 10 7
1 243 1 73 1
1 243 2 73 1
1 243 2 74 1
1 243 2 75 1
1 243 2 77 1
1 242 3 9 8
1 242 3 10 55
1 242 3 11 34
1 242 3 12 16
1 242 2 70 1
1 242 2 76 2
1 242 2 82 1
1 241 3 9 5
1 241 3 10 12
1 241 3 11 58
1 241 3 12 62
1 241 3 13 39
1 241 3 14 16
1 241 3 15 5
1 241 2 71 1
1 240 3 9 2
1 240 3 10 7
1 240 3 11 17
1 240 3 12 15
1 240 3 13 50
1 240 3 14 13
1 240 1 15 2
1 240 3 15 11
1 240 1 16 2
1 240 1 20 2
1 240 1 56 1
1 240 1 68 2
1 240 1 70 1
1 240 2 78 1
1 239 3 11 5
1 239 3 12 29
1 239 3 13 39
1 239 3 14 13
1 239 3 15 13
1 239 1 17 3
1 239 1 19 3
1 239 1 22 1
1 239 2 22 1
1 239 1 70 1
1 239 2 73 1
1 238 3 10 1
1 238 3 12 3
1 238 3 13 5
1 238 3 14 2
1 238 3 15 1
1 238 1 63 1
1 238 2 65 1
1 238 1 68 1
1 238 2 70 2
1 238 2 71 2
1 238 2 73 2
1 238 2 74 1
1 238 2 77 1
1 238 2 78 1
1 237 3 12 3
1 237 3 14 8
1 237 3 15 3
1 237 1 64 1
1 237 2 65 1
1 237 1 66 3
1 237 1 68 1
1 237 2 68 2
1 237 2 70 2
1 237 2 71 1
1 237 2 72 1
1 237 2 73 1
1 237 2 77 2
1 237 2 78 1
1 236 3 11 5
1 236 3 13 10
1 236 3 14 5
1 236 1 15 1
1 236 3 15 5
1 236 3 16 5
1 236 1 17 1
1 236 1 21 1
1 236 2 56 1
1 236 1 58 1
1 236 2 60 1
1 236 2 63 1
1 236 1 65 1
1 236 2 66 1
1 236 2 70 2
1 236 2 73 1
1 235 3 15 2
1 235 1 52 1
1 235 1 60 1
1 235 2 60 1
1 235 1 62 1
1 235 2 62 1
1 235 2 64 1
1 235 1 65 1
1 235 2 65 2
1 235 2 66 2
1 235 2 67 1
1 235 2 68 2
1 235 1 69 1
1 235 2 69 2
1 235 2 70 1
1 235 2 72 1
1 234 3 13 4
1 234 2 57 1
1 234 1 58 2
1 234 1 59 1
1 234 1 60 1
1 234 1 61 3
1 234 1 62 1
1 234 1 63 1
1 234 1 64 1
1 234 2 64 2
1 234 2 65 1
1 234 1 66 2
1 234 2 67 2
1 234 1 68 2
1 234 2 68 5
1 234 2 70 2
1 234 2 72 1
1 234 2 74 2
1 233 3 11 2
1 233 3 12 2
1 233 3 13 5
1 233 3 14 3
1 233 3 15 2
1 233 1 24 1
1 233 1 29 1
1 233 2 39 1
1 233 1 50 1
1 233 2 57 1
1 233 1 63 1
1 233 2 64 1
1 233 1 66 1
1 233 2 66 1
1 233 1 67 2
1 233 2 67 1
1 233 2 72 1
1 233 2 73 3
1 233 2 77 1
1 232 3 15 1
1 232 1 18 1
1 232 1 25 2
1 232 2 25 1
1 232 1 27 1
1 232 2 28 1
1 232 1 29 3
1 232 2 29 2
1 232 2 30 1
1 232 1 31 1
1 232 2 31 1
1 232 1 32 2
1 232 2 57 1
1 232 2 60 1
1 232 1 61 2
1 232 1 62 1
1 232 1 64 1
1 232 2 64 1
1 232 2 65 2
1 232 1 66 1
1 232 2 66 1
1 232 2 67 1
1 232 2 68 2
1 232 2 69 1
1 232 2 70 5
1 232 2 78 1
1 231 3 11 1
1 231 3 13 1
1 231 3 14 1
1 231 3 15 1
1 231 1 47 1
1 231 1 51 1
1 231 1 53 1
1 231 2 53 1
1 231 2 54 2
1 231 1 55 1
1 231 1 57 2
1 231 2 57 3
1 231 1 58 2
1 231 2 58 2
1 231 2 59 6
1 231 1 60 1
1 231 2 60 2
1 231 2 61 3
1 231 1 62 2
1 231 2 62 3
1 231 1 63 2
1 231 2 63 1
1 231 1 64 1
1 231 2 64 1
1 231 2 65 2
1 231 2 66 2
1 231 2 67 1
1 231 2 68 2
1 231 2 69 1
1 231 2 70 3
1 231 2 71 1
1 230 3 8 4
1 230 3 15 4
1 230 1 27 1
1 230 1 31 1
1 230 2 31 1
1 230 2 54 1
1 230 1 56 1
1 230 2 57 1
1 230 1 59 1
1 230 2 59 2
1 230 1 60 1
1 230 2 60 1
1 230 2 61 1
1 230 2 62 2
1 230 1 63 1
1 230 2 63 4
1 230 2 64 1
1 230 2 65 2
1 230 2 66 1
1 230 1 67 1
1 230 2 68 3
1 230 2 73 1
1 230 2 74 1
1 230 2 75 1
1 229 3 11 5
1 229 3 12 44
1 229 3 13 78
1 229 3 14 54
1 229 3 15 20
1 229 3 16 15
1 229 2 21 5
1 229 1 22 1
1 229 2 22 5
1 229 1 49 1
1 229 1 56 1
1 229 1 58 1
1 229 1 59 1
1 229 2 59 2
1 229 1 62 1
1 229 2 62 2
1 229 1 63 2
1 229 2 63 1
1 229 1 65 3
1 229 2 65 3
1 229 1 66 2
1 229 2 66 2
1 229 1 67 1
1 229 2 67 3
1 229 2 68 2
1 229 2 69 1
1 229 2 71 1
1 229 2 72 1
1 229 2 78 1
1 229 2 80 1
1 228 3 13 8
1 228 3 14 3
1 228 1 24 1
1 228 2 35 1
1 228 1 54 1
1 228 2 54 1
1 228 2 55 1
1 228 1 56 1
1 228 2 56 5
1 228 1 57 2
1 228 2 57 2
1 228 1 58 3
1 228 2 58 5
1 228 1 59 3
1 228 2 59 7
1 228 1 60 6
1 228 2 60 6
1 228 1 61 3
1 228 2 61 4
1 228 1 62 3
1 228 2 62 7
1 228 1 63 1
1 228 2 63 6
1 228 1 64 1
1 228 2 64 8
1 228 2 65 5
1 228 2 66 2
1 228 1 67 1
1 228 2 67 5
1 228 2 68 4
1 228 2 69 6
1 228 2 70 2
1 228 2 73 1
1 228 2 80 1
1 227 3 12 3
1 227 3 14 6
1 227 1 63 1
1 226 3 13 15
1 226 3 14 7
1 226 3 15 11
1 226 3 16 7
1 226 3 18 7
1 226 2 42 6
1 226 1 47 19
1 226 2 47 6
1 226 1 48 32
1 226 1 49 38
1 226 2 49 6
1 226 1 50 32
1 226 2 50 19
1 226 1 51 64
1 226 2 51 38
1 226 1 52 71
1 226 2 52 6
1 226 1 53 83
1 226 2 53 38
1 226 1 54 58
1 226 2 54 71
1 226 1 55 45
1 226 2 55 32
1 226 1 56 45
1 226 2 56 51
1 226 1 57 6
1 226 2 57 51
1 226 1 58 13
1 226 2 58 19
1 226 1 59 6
1 226 1 60 6
1 226 2 60 13
1 226 2 61 6
1 226 1 62 6
1 226 2 62 6
1 226 1 63 6
1 225 3 11 5
1 225 3 14 10
1 225 3 15 5
1 225 2 23 11
1 225 1 26 11
1 225 2 26 21
1 225 2 27 21
1 225 2 29 11
1 225 1 30 11
1 225 2 30 11
1 225 1 32 11
1 225 2 43 21
1 225 1 47 21
1 225 1 48 21
1 225 2 48 11
1 225 1 49 32
1 225 2 49 21
1 225 1 50 42
1 225 2 50 11
1 225 1 51 21
1 225 2 51 21
1 225 1 52 74
1 225 2 52 95
1 225 1 53 63
1 225 2 53 116
1 225 1 54 63
1 225 2 54 127
1 225 1 55 32
1 225 2 55 190
1 225 1 56 63
1 225 2 56 148
1 225 1 57 53
1 225 2 57 74
1 225 2 58 106
1 225 1 59 21
1 225 2 59 106
1 225 1 60 11
1 225 2 60 74
1 225 1 61 11
1 225 2 61 21
1 225 1 62 11
1 225 2 62 21
1 225 2 64 11
1 225 1 66 11
1 225 2 67 21
1 224 3 10 1
1 224 3 12 3
1 224 3 13 15
1 224 3 14 9
1 224 3 15 2
1 224 3 16 1
1 224 2 47 1
1 224 1 49 1
1 224 1 51 1
1 224 1 52 6
1 224 2 52 1
1 224 1 53 4
1 224 2 53 2
1 224 1 54 3
1 224 2 54 3
1 224 1 55 3
1 224 2 55 9
1 224 2 56 8
1 224 1 57 3
1 224 2 57 10
1 224 1 58 2
1 224 2 58 10
1 224 1 59 2
1 224 2 59 13
1 224 1 60 3
1 224 2 60 5
1 224 2 61 3
1 224 2 62 5
1 224 2 63 4
1 224 1 64 1
1 224 2 64 3
1 224 1 65 1
1 223 3 11 5
1 223 3 12 17
1 223 3 13 16
1 223 3 14 7
1 223 3 15 3
1 223 2 52 1
1 223 1 54 1
1 223 2 55 2
1 223 1 56 1
1 223 2 56 3
1 223 2 57 2
1 223 2 58 3
1 223 2 59 6
1 223 1 60 1
1 223 2 60 7
1 223 1 61 1
1 223 2 61 6
1 223 1 62 1
1 223 2 62 4
1 223 1 63 1
1 223 2 63 7
1 223 1 64 1
1 223 2 64 5
1 223 2 65 3
1 223 2 66 3
1 223 2 67 1
1 223 2 68 2
1 223 2 69 2
1 223 2 70 1
1 223 2 74 1
1 223 2 76 1
1 222 3 10 1
1 222 3 12 5
1 222 3 13 2
1 222 3 14 2
1 222 3 15 2
1 222 2 54 1
1 222 2 55 1
1 222 2 56 1
1 222 2 57 2
1 222 1 58 1
1 222 2 58 1
1 222 2 59 2
1 222 1 60 1
1 222 2 60 2
1 222 1 62 1
1 222 2 62 4
1 222 2 63 6
1 222 1 64 1
1 222 2 64 5
1 222 2 65 4
1 222 2 66 3
1 222 2 67 5
1 222 2 68 1
1 222 2 69 1
1 222 2 74 1
1 221 3 11 2
1 221 3 12 2
1 221 3 13 7
1 221 3 14 2
1 221 3 20 2
1 221 1 54 1
1 221 2 64 1
1 221 2 66 1
1 221 2 68 1
1 221 2 69 1
1 221 2 71 1
1 221 1 72 1
1 221 2 72 2
1 221 2 74 1
1 220 3 10 8
1 220 3 11 5
1 220 3 12 26
1 220 3 13 13
1 220 3 14 5
1 220 3 15 3
1 220 2 47 1
1 220 2 66 1
1 220 1 71 1
1 219 3 11 4
1 219 3 12 35
1 219 3 13 33
1 219 3 14 20
1 219 3 15 4
1 219 2 45 1
1 219 2 59 1
1 219 2 60 1
1 219 1 64 1
1 219 2 65 1
1 219 2 66 3
1 219 2 68 1
1 219 2 69 1
1 219 2 70 3
1 219 2 72 1
1 219 2 73 1
1 219 2 75 1
1 219 2 76 1
1 219 2 78 1
1 219 2 80 1
1 218 3 10 2
1 218 3 11 12
1 218 3 12 5
1 218 3 13 6
1 218 3 14 1
1 218 2 56 1
1 218 2 69 1
1 218 2 72 1
1 218 2 75 1
1 217 3 9 8
1 217 3 10 15
1 217 3 11 7
1 217 1 69 1
1 216 3 9 9
1 216 3 10 10
1 216 3 11 1
1 215 3 10 2
1 215 2 69 1
1 214 3 8 1
1 214 3 9 1
1 213 3 10 2
1 213 3 11 20
1 213 3 12 2
1 213 1 48 1
1 213 1 52 1
1 213 2 53 1
1 213 1 54 1
1 213 2 54 2
1 213 2 55 1
1 213 2 56 1
1 213 1 57 3
1 213 2 57 2
1 213 1 58 2
1 213 2 58 2
1 213 1 59 1
1 213 2 59 5
1 213 1 60 4
1 213 2 60 7
1 213 2 61 3
1 213 1 62 4
1 213 2 62 10
1 213 2 63 4
1 213 1 64 1
1 213 2 64 12
1 213 2 65 2
1 213 2 66 8
1 213 2 67 2
1 213 1 68 6
1 213 2 68 6
1 213 2 69 1
1 213 1 70 1
1 213 2 70 5
1 213 2 72 4
1 213 2 74 2
1 213 2 78 3
1 212 3 8 1
1 212 3 9 7
1 212 3 10 5
1 212 3 11 8
1 212 3 12 1
1 212 1 68 1
1 211 3 9 1
1 211 3 10 6
1 211 3 11 6
1 211 3 12 7
1 211 3 13 7
1 211 3 14 2
1 211 3 16 1
1 211 1 52 1
1 211 1 53 1
1 211 1 54 1
1 211 1 55 1
1 211 2 56 1
1 211 1 57 3
1 211 2 57 3
1 211 1 58 1
1 211 2 58 4
1 211 2 59 7
1 211 1 60 4
1 211 2 60 10
1 211 1 61 7
1 211 2 61 4
1 211 1 62 6
1 211 1 63 1
1 211 2 63 7
1 211 2 64 7
1 211 2 65 1
1 211 2 66 7
1 211 2 67 6
1 211 2 70 6
1 211 1 71 1
1 211 2 71 4
1 211 2 72 4
1 211 2 74 3
1 210 3 11 6
1 210 3 12 9
1 210 3 13 8
1 210 3 14 2
1 210 1 23 1
1 210 1 28 1
1 210 2 31 1
1 210 2 42 1
1 210 2 43 1
1 210 2 49 1
1 210 1 52 1
1 210 2 53 3
1 210 2 54 1
1 210 2 55 4
1 210 1 56 3
1 210 2 56 4
1 210 1 57 1
1 210 2 57 9
1 210 1 58 3
1 210 2 58 7
1 210 1 59 3
1 210 2 59 19
1 210 1 60 5
1 210 2 60 5
1 210 1 61 5
1 210 2 61 13
1 210 1 62 1
1 210 2 62 16
1 210 1 63 1
1 210 2 63 13
1 210 2 64 7
1 210 1 65 4
1 210 2 65 9
1 210 2 66 3
1 210 2 67 4
1 210 1 68 3
1 210 2 68 4
1 210 1 69 1
1 210 2 69 4
1 210 1 70 1
1 210 2 70 3
1 209 3 11 34
1 209 3 12 135
1 209 3 13 744
1 209 3 14 643
1 209 3 15 338
1 209 3 16 203
1 209 3 18 237
1 209 3 19 101
1 209 1 20 4
1 209 2 20 4
1 209 3 20 169
1 209 1 21 4
1 209 1 22 4
1 209 2 22 4
1 209 1 23 2
1 209 2 24 2
1 209 1 26 4
1 209 2 26 2
1 209 1 28 5
1 209 1 29 2
1 209 2 29 2
1 209 1 30 5
1 209 1 31 2
1 209 2 35 2
1 209 2 46 2
1 209 1 47 2
1 209 1 49 2
1 209 1 50 2
1 209 2 50 5
1 209 1 51 4
1 209 2 51 4
1 209 2 52 4
1 209 1 53 7
1 209 2 53 11
1 209 1 54 11
1 209 2 54 7
1 209 2 55 11
1 209 1 56 7
1 209 2 56 11
1 209 1 57 4
1 209 2 57 11
1 209 1 58 2
1 209 2 58 5
1 209 1 59 2
1 209 2 59 9
1 209 2 60 5
1 209 2 61 5
1 209 2 62 2
1 209 1 63 2
1 208 3 9 2
1 208 3 10 16
1 208 3 11 31
1 208 3 12 16
1 208 3 13 5
1 208 3 14 1
1 208 3 20 1
1 208 1 55 1
1 208 1 56 1
1 208 1 58 1
1 208 2 59 1
1 208 1 60 2
1 208 2 61 1
1 208 1 63 2
1 208 2 63 1
1 208 1 64 1
1 208 2 65 2
1 208 1 66 1
1 208 2 66 1
1 208 1 67 1
1 208 2 67 1
1 208 1 68 1
1 208 2 68 4
1 208 1 69 1
1 208 2 71 1
1 208 1 72 1
1 208 2 72 1
1 208 1 74 1
1 208 2 74 1
1 207 3 8 3
1 207 3 9 3
1 207 3 10 51
1 207 3 11 43
1 207 3 12 11
1 207 2 29 1
1 207 2 53 1
1 207 1 55 1
1 207 2 55 3
1 207 1 56 2
1 207 1 57 1
1 207 2 57 3
1 207 1 58 1
1 207 2 58 2
1 207 1 59 2
1 207 2 59 3
1 207 1 60 4
1 207 2 60 1
1 207 1 61 5
1 207 2 61 2
1 207 2 62 6
1 207 1 63 3
1 207 2 63 2
1 207 1 64 1
1 207 2 64 4
1 207 2 65 4
1 207 2 66 1
1 207 2 67 1
1 207 2 69 1
1 207 2 70 2
1 207 1 71 1
1 207 2 71 1
1 206 3 9 8
1 206 3 10 15
1 206 3 11 7
1 206 1 50 1
1 206 2 54 1
1 206 1 55 1
1 206 1 56 1
1 206 2 57 2
1 206 1 59 2
1 206 1 60 1
1 206 2 60 2
1 206 1 61 1
1 206 2 61 2
1 206 2 63 3
1 206 1 65 1
1 206 2 65 1
1 206 2 68 2
1 206 2 70 1
1 206 2 73 1
1 206 2 76 1
1 205 3 10 38
1 205 3 11 340
1 205 3 12 605
1 205 3 13 567
1 205 3 14 303
1 205 3 15 378
1 205 3 16 38
1 205 2 17 3
1 205 3 18 38
1 205 2 19 6
1 205 3 19 38
1 205 1 20 10
1 205 2 20 3
1 205 1 21 3
1 205 2 21 3
1 205 1 22 6
1 205 2 22 6
1 205 1 23 6
1 205 1 24 3
1 205 1 25 6
1 205 2 25 3
1 205 1 26 6
1 205 2 29 3
1 205 2 42 3
1 205 1 49 6
1 205 2 49 3
1 205 2 50 3
1 205 1 51 10
1 205 1 52 10
1 205 2 52 13
1 205 1 53 16
1 205 2 53 13
1 205 1 54 3
1 205 2 54 32
1 205 1 55 16
1 205 2 55 26
1 205 1 56 6
1 205 2 56 16
1 205 1 57 23
1 205 2 57 16
1 205 1 58 6
1 205 2 58 19
1 205 1 59 3
1 205 2 59 23
1 205 2 60 19
1 205 2 61 6
1 205 1 62 10
1 205 2 62 10
1 205 2 63 3
1 205 2 64 3
1 205 2 65 3
1 205 2 66 3
1 205 1 68 3
1 205 2 68 3
1 205 2 69 3
1 205 2 70 3
1 205 2 72 3
1 204 3 11 3
1 204 3 12 16
1 204 3 13 16
1 204 3 14 6
1 204 3 16 6
1 204 1 19 3
1 204 1 28 13
1 204 1 35 13
1 204 1 39 13
1 204 1 41 25
1 204 1 42 13
1 204 2 42 25
1 204 1 43 13
1 204 2 43 13
1 204 1 44 50
1 204 2 44 38
1 204 1 45 176
1 204 2 45 101
1 204 1 46 239
1 204 2 46 139
1 204 1 47 189
1 204 2 47 151
1 204 1 48 113
1 204 2 48 63
1 204 1 49 202
1 204 2 49 227
1 204 1 50 50
1 204 2 50 113
1 204 1 51 88
1 204 2 51 76
1 204 1 52 101
1 204 2 52 76
1 204 1 53 38
1 204 2 53 76
1 204 1 54 25
1 204 2 54 13
1 204 2 55 38
1 204 2 56 13
1 204 1 57 13
1 204 2 58 13
1 204 1 65 13
1 203 1 16 5
1 203 2 16 5
1 203 2 20 5
1 203 2 29 24
1 203 1 35 24
1 203 1 36 48
1 203 1 38 24
1 203 2 39 24
1 203 1 41 48
1 203 1 43 119
1 203 1 44 72
1 203 2 44 72
1 203 1 45 335
1 203 2 45 48
1 203 1 46 335
1 203 2 46 239
1 203 1 47 311
1 203 2 47 24
1 203 1 48 526
1 203 2 48 72
1 203 1 49 287
1 203 2 49 191
1 203 1 50 119
1 203 2 50 72
1 203 1 51 239
1 203 2 51 311
1 203 1 52 143
1 203 2 52 191
1 203 1 53 72
1 203 2 53 72
1 203 1 54 24
1 203 2 54 143
1 203 1 55 48
1 203 2 55 24
1 203 1 56 24
1 203 2 56 24
1 203 2 57 48
1 203 2 58 24
1 203 2 60 24
1 203 2 62 24
1 203 2 63 24
1 202 3 12 108
1 202 3 13 433
1 202 3 14 460
1 202 3 15 433
1 202 3 16 135
1 202 2 17 27
1 202 3 17 27
1 202 1 18 54
1 202 2 18 27
1 202 1 19 19
1 202 2 19 19
1 202 2 20 64
1 202 1 21 64
1 202 2 21 37
1 202 2 22 27
1 202 2 23 19
1 202 1 24 56
1 202 2 24 37
1 202 2 25 37
1 202 2 27 19
1 202 2 30 19
1 202 1 40 19
1 202 1 41 19
1 202 2 46 19
1 202 2 47 19
1 202 2 48 19
1 202 1 49 37
1 202 2 49 93
1 202 1 50 74
1 202 2 50 149
1 202 1 51 130
1 202 2 51 167
1 202 1 52 74
1 202 2 52 112
1 202 1 53 130
1 202 2 53 316
1 202 1 54 93
1 202 2 54 112
1 202 1 55 56
1 202 2 55 186
1 202 1 56 74
1 202 2 56 56
1 202 2 57 74
1 202 1 58 19
1 202 2 58 56
1 202 1 59 56
1 202 2 59 37
1 202 2 60 19
1 202 2 61 56
1 202 2 62 19
1 202 2 63 19
1 202 1 64 19
1 201 3 14 12
1 201 3 15 27
1 201 3 16 3
1 201 3 17 3
1 201 1 20 11
1 201 1 27 11
1 201 2 33 11
1 201 1 42 11
1 201 2 43 11
1 201 1 44 21
1 201 1 45 43
1 201 2 45 11
1 201 1 46 21
1 201 2 46 21
1 201 1 47 43
1 201 2 47 53
1 201 1 48 139
1 201 2 48 75
1 201 1 49 107
1 201 2 49 64
1 201 1 50 139
1 201 2 50 64
1 201 1 51 128
1 201 2 51 150
1 201 1 52 128
1 201 2 52 96
1 201 1 53 75
1 201 2 53 86
1 201 1 54 53
1 201 2 54 75
1 201 1 55 43
1 201 2 55 86
1 201 2 56 32
1 201 1 57 21
1 201 2 57 43
1 201 1 58 11
1 201 1 59 11
1 201 2 60 11
1 201 1 62 11
1 200 3 13 2
1 200 3 14 9
1 200 3 15 2
1 200 3 16 2
1 200 2 17 1
1 200 2 19 1
1 200 1 20 1
1 200 1 21 2
1 200 2 21 5
1 200 1 23 1
1 200 1 28 1
1 200 2 35 1
1 200 1 36 1
1 200 1 37 1
1 200 1 40 1
1 200 1 41 4
1 200 1 42 1
1 200 1 43 2
1 200 2 43 1
1 200 1 44 2
1 200 1 45 1
1 200 1 46 6
1 200 2 46 2
1 200 1 47 9
1 200 2 47 4
1 200 1 48 2
1 200 2 48 2
1 200 1 49 8
1 200 2 49 2
1 200 1 50 6
1 200 2 50 3
1 200 1 51 6
1 200 2 51 2
1 200 1 52 5
1 200 2 52 2
1 200 1 53 3
1 200 2 53 7
1 200 1 54 3
1 200 2 54 2
1 200 1 55 3
1 200 2 55 3
1 200 1 56 1
1 200 2 56 3
1 200 2 57 4
1 200 1 59 2
1 200 2 59 1
1 200 2 61 1
1 200 2 64 1
1 199 3 13 1
1 199 3 15 2
1 199 1 29 1
1 199 1 30 1
1 199 2 33 1
1 199 1 37 3
1 199 2 37 1
1 199 1 39 1
1 199 1 41 1
1 199 2 41 2
1 199 1 42 2
1 199 1 43 2
1 199 1 44 2
1 199 1 45 1
1 199 1 46 4
1 199 2 46 1
1 199 1 47 8
1 199 2 47 1
1 199 1 48 4
1 199 1 49 6
1 199 1 50 4
1 199 1 51 3
1 199 1 52 2
1 199 2 52 1
1 199 1 53 4
1 199 1 54 1
1 199 1 55 1
1 199 2 55 1
1 199 1 56 1
1 199 1 57 1
1 199 1 58 2
1 199 2 60 1
1 198 2 27 1
1 198 1 53 1
1 198 2 55 1
1 198 1 56 1
1 198 1 57 1
1 198 1 58 1
1 198 2 58 1
1 198 2 61 1
1 198 1 65 1
1 197 2 69 1
1 196 3 16 3
1 196 1 24 6
1 196 2 27 6
1 196 1 29 6
1 196 2 29 6
1 196 2 30 6
1 196 1 31 6
1 196 2 38 6
1 196 1 39 6
1 196 1 46 6
1 196 1 47 11
1 196 2 48 6
1 196 1 49 17
1 196 1 50 34
1 196 2 50 6
1 196 1 51 40
1 196 1 52 63
1 196 2 52 17
1 196 1 53 46
1 196 2 53 23
1 196 1 54 46
1 196 2 54 23
1 196 1 55 91
1 196 2 55 57
1 196 1 56 57
1 196 2 56 57
1 196 1 57 28
1 196 2 57 80
1 196 1 58 57
1 196 2 58 28
1 196 1 59 23
1 196 2 59 34
1 196 1 60 28
1 196 2 60 11
1 196 1 61 6
1 196 2 61 11
1 196 2 62 17
1 196 1 63 6
1 196 2 63 6
1 196 2 66 6
1 195 1 36 1
1 195 1 39 1
1 195 2 39 1
1 195 1 40 1
1 195 1 41 1
1 195 2 41 1
1 195 1 42 1
1 195 2 42 2
1 195 1 43 2
1 195 1 44 1
1 195 2 44 3
1 195 1 45 2
1 195 2 45 3
1 195 1 46 2
1 195 2 46 1
1 195 1 47 7
1 195 2 47 3
1 195 1 48 6
1 195 2 48 4
1 195 1 49 9
1 195 2 49 5
1 195 1 50 11
1 195 2 50 6
1 195 1 51 11
1 195 2 51 2
1 195 1 52 13
1 195 2 52 6
1 195 1 53 6
1 195 2 53 10
1 195 1 54 5
1 195 2 54 7
1 195 1 55 5
1 195 2 55 3
1 195 1 56 1
1 195 2 56 2
1 195 1 57 1
1 195 2 57 3
1 195 1 58 3
1 195 2 58 2
1 195 1 59 1
1 195 2 59 4
1 195 1 61 2
1 195 2 61 1
1 195 2 63 1
1 194 1 29 1
1 194 1 33 1
1 194 1 37 1
1 194 2 37 1
1 194 1 41 1
1 194 2 41 1
1 194 2 44 2
1 194 1 45 2
1 194 2 45 1
1 194 1 46 1
1 194 2 46 1
1 194 1 47 5
1 194 2 47 3
1 194 1 48 2
1 194 2 48 3
1 194 1 49 7
1 194 2 49 4
1 194 1 50 7
1 194 2 50 1
1 194 1 51 4
1 194 2 51 3
1 194 1 52 10
1 194 2 52 8
1 194 1 53 13
1 194 2 53 4
1 194 1 54 5
1 194 2 54 1
1 194 1 55 5
1 194 2 55 6
1 194 1 56 8
1 194 2 56 3
1 194 1 57 4
1 194 2 57 3
1 194 1 58 4
1 194 2 58 2
1 194 1 59 1
1 194 2 59 4
1 194 2 60 4
1 194 1 62 1
1 194 2 63 2
1 193 1 27 1
1 193 1 28 2
1 193 2 28 2
1 193 1 29 5
1 193 2 29 5
1 193 1 30 4
1 193 2 30 5
1 193 1 31 8
1 193 2 31 2
1 193 1 32 3
1 193 2 32 2
1 193 1 33 3
1 193 2 33 3
1 193 1 34 1
1 193 2 34 3
1 193 1 35 3
1 193 2 35 1
1 193 1 36 5
1 193 2 36 3
1 193 1 37 3
1 193 2 37 4
1 193 1 38 3
1 193 2 38 2
1 193 1 39 2
1 193 2 39 3
1 193 1 40 8
1 193 2 40 2
1 193 1 41 3
1 193 2 41 3
1 193 1 42 1
1 193 2 42 1
1 193 1 43 1
1 193 1 45 1
1 193 2 45 2
1 193 1 47 2
1 193 2 47 1
1 193 1 48 3
1 193 2 48 2
1 193 1 49 5
1 193 2 49 3
1 193 1 50 4
1 193 2 50 1
1 193 1 51 5
1 193 2 51 4
1 193 1 52 1
1 193 2 52 5
1 193 1 53 5
1 193 2 53 2
1 193 1 54 2
1 193 2 54 3
1 193 1 55 7
1 193 2 55 1
1 193 1 56 2
1 193 2 56 1
1 193 1 57 1
1 193 1 59 1
1 193 2 59 1
1 193 2 64 1
1 192 1 37 1
1 192 1 38 1
1 192 1 39 1
1 192 1 40 1
1 192 2 40 1
1 192 1 41 1
1 192 2 41 1
1 192 1 43 1
1 192 1 44 1
1 192 2 44 1
1 192 1 48 1
1 192 1 49 1
1 192 1 50 3
1 192 2 50 1
1 192 1 51 5
1 192 1 52 8
1 192 2 52 2
1 192 1 53 1
1 192 2 53 1
1 192 1 54 4
1 192 2 54 4
1 192 1 55 2
1 192 2 55 2
1 192 1 56 2
1 192 2 56 3
1 192 1 57 1
1 192 2 57 2
1 192 1 58 3
1 192 2 58 3
1 192 1 59 1
1 192 2 59 2
1 192 1 60 1
1 192 2 60 3
1 192 1 61 1
1 192 2 61 4
1 192 2 63 1
1 192 2 64 1
1 57 1 48 1
1 57 2 56 1
1 56 2 53 1
1 55 1 38 1
1 55 1 39 3
1 55 2 39 1
1 55 2 40 1
1 55 2 41 1
1 55 1 42 3
1 55 2 43 2
1 55 1 44 2
1 55 1 45 3
1 55 1 46 1
1 55 2 46 1
1 55 1 47 1
1 55 1 48 1
1 55 2 48 2
1 55 1 49 4
1 55 1 50 6
1 55 2 50 2
1 55 1 51 11
1 55 2 51 4
1 55 1 52 6
1 55 2 52 3
1 55 1 53 8
1 55 2 53 5
1 55 1 54 6
1 55 2 54 1
1 55 1 55 10
1 55 2 55 8
1 55 1 56 7
1 55 2 56 3
1 55 1 57 11
1 55 2 57 2
1 55 1 58 3
1 55 2 58 6
1 55 1 59 3
1 55 2 59 7
1 55 1 60 3
1 55 2 60 3
1 55 1 61 1
1 55 2 61 4
1 55 1 62 1
1 55 2 62 3
1 55 1 63 1
1 55 2 64 5
1 55 1 65 1
1 55 2 65 1
1 55 2 66 1
1 55 2 68 1
1 54 2 64 1
1 53 1 29 1
1 53 1 48 3
1 53 2 48 1
1 53 1 49 5
1 53 2 49 1
1 53 1 50 5
1 53 2 50 1
1 53 1 51 10
1 53 2 51 3
1 53 1 52 8
1 53 2 52 12
1 53 1 53 13
1 53 2 53 7
1 53 1 54 3
1 53 2 54 12
1 53 1 55 6
1 53 2 55 9
1 53 1 56 7
1 53 2 56 14
1 53 1 57 3
1 53 2 57 9
1 53 1 58 1
1 53 2 58 11
1 53 1 59 3
1 53 2 59 6
1 53 1 60 2
1 53 2 60 4
1 53 2 61 3
1 53 1 62 1
1 53 2 62 1
1 53 2 63 5
1 53 2 64 1
1 53 2 65 2
1 53 2 66 1
1 53 2 67 1
1 52 1 47 1
1 52 1 48 1
1 52 2 48 1
1 52 2 49 1
1 52 2 50 1
1 52 1 51 7
1 52 2 51 3
1 52 1 52 4
1 52 2 52 11
1 52 1 53 7
1 52 2 53 11
1 52 1 54 3
1 52 2 54 8
1 52 1 55 3
1 52 2 55 20
1 52 1 56 2
1 52 2 56 16
1 52 2 57 13
1 52 1 58 4
1 52 2 58 8
1 52 2 59 4
1 52 1 60 1
1 52 2 60 10
1 52 2 61 7
1 52 2 62 1
1 52 2 63 1
1 52 2 65 4
1 52 2 67 1
1 52 2 68 2
1 51 2 47 1
1 51 1 48 1
1 51 2 48 1
1 51 1 49 1
1 51 2 49 1
1 51 1 50 1
1 51 2 50 1
1 51 1 51 9
1 51 2 51 6
1 51 1 52 1
1 51 2 52 8
1 51 1 53 2
1 51 2 53 7
1 51 1 54 5
1 51 2 54 11
1 51 1 55 5
1 51 2 55 10
1 51 1 56 2
1 51 2 56 9
1 51 2 57 8
1 51 1 58 2
1 51 2 58 9
1 51 1 59 2
1 51 2 59 9
1 51 2 60 6
1 51 1 61 1
1 51 2 61 6
1 51 2 62 1
1 51 2 63 2
1 51 2 64 2
1 51 2 65 1
1 51 2 66 1
1 51 2 68 1
1 50 1 17 1
1 50 2 60 1
1 50 2 66 1
1 50 2 67 1
1 49 2 43 1
1 49 1 45 2
1 49 1 46 1
1 49 2 46 1
1 49 1 47 4
1 49 2 47 5
1 49 1 48 3
1 49 2 48 3
1 49 1 49 10
1 49 2 49 15
1 49 1 50 2
1 49 2 50 12
1 49 1 51 9
1 49 2 51 13
1 49 1 52 6
1 49 2 52 15
1 49 1 53 6
1 49 2 53 12
1 49 1 54 4
1 49 2 54 7
1 49 1 55 5
1 49 2 55 4
1 49 1 56 1
1 49 2 56 7
1 49 2 57 5
1 49 2 58 3
1 49 2 59 2
1 49 2 60 1
1 49 1 61 1
1 49 2 61 1
1 49 2 62 2
1 48 1 15 1
1 47 1 44 1
1 47 2 44 1
1 47 1 45 3
1 47 2 45 2
1 47 1 46 3
1 47 1 47 5
1 47 2 47 5
1 47 1 48 5
1 47 2 48 6
1 47 1 49 10
1 47 2 49 8
1 47 1 50 7
1 47 2 50 7
1 47 1 51 6
1 47 2 51 8
1 47 1 52 4
1 47 2 52 7
1 47 1 53 3
1 47 2 53 12
1 47 1 54 2
1 47 2 54 7
1 47 1 55 1
1 47 2 55 9
1 47 1 56 1
1 47 2 56 5
1 47 1 57 1
1 47 2 57 7
1 47 1 59 1
1 47 2 59 1
1 47 2 60 2
1 47 2 61 3
1 47 2 62 2
1 47 2 63 2
1 47 2 64 2
1 47 2 65 3
1 47 2 66 1
1 47 2 68 1
1 46 1 43 1
1 46 2 43 1
1 46 1 44 1
1 46 2 44 1
1 46 1 45 3
1 46 2 45 2
1 46 1 46 6
1 46 2 46 1
1 46 1 47 7
1 46 2 47 4
1 46 1 48 6
1 46 2 48 7
1 46 1 49 6
1 46 2 49 9
1 46 1 50 10
1 46 2 50 8
1 46 1 51 7
1 46 2 51 8
1 46 1 52 3
1 46 2 52 11
1 46 2 53 8
1 46 1 54 2
1 46 2 54 3
1 46 1 55 5
1 46 2 55 4
1 46 2 56 8
1 46 2 57 7
1 46 1 58 2
1 46 2 58 6
1 46 1 59 2
1 46 2 59 5
1 46 2 60 4
1 46 2 61 1
1 46 2 62 2
1 46 2 63 1
1 46 2 64 1
1 45 3 11 1
1 45 3 14 1
1 45 2 35 1
1 45 2 36 1
1 45 2 53 1
1 45 2 59 1
1 45 2 63 1
1 44 1 54 1
1 43 1 15 1
1 43 1 16 1
1 43 1 20 3
1 43 1 21 3
1 43 1 37 3
1 43 1 38 3
1 43 1 39 6
1 43 1 40 16
1 43 2 40 3
1 43 1 41 19
1 43 2 41 10
1 43 1 42 19
1 43 2 42 16
1 43 1 43 16
1 43 2 43 3
1 43 1 44 48
1 43 2 44 10
1 43 1 45 25
1 43 2 45 25
1 43 1 46 57
1 43 2 46 19
1 43 1 47 45
1 43 2 47 32
1 43 1 48 22
1 43 2 48 41
1 43 1 49 29
1 43 2 49 25
1 43 1 50 10
1 43 2 50 19
1 43 1 51 3
1 43 2 51 19
1 43 1 52 10
1 43 2 52 3
1 43 2 53 13
1 43 2 54 3
1 43 1 55 3
1 43 2 55 10
1 43 1 56 3
1 43 2 56 13
1 43 1 57 3
1 43 2 57 6
1 43 1 58 3
1 43 2 59 3
1 43 1 60 3
1 43 2 60 3
1 43 1 61 3
1 43 1 62 3
1 42 3 11 2
1 42 3 12 11
1 42 3 13 29
1 42 3 14 29
1 42 3 15 20
1 42 1 16 5
1 42 2 16 1
1 42 3 16 5
1 42 2 17 1
1 42 1 18 4
1 42 1 19 2
1 42 2 19 1
1 42 1 20 5
1 42 2 20 2
1 42 1 21 5
1 42 2 22 2
1 42 1 23 2
1 42 1 25 2
1 42 1 28 2
1 42 1 34 2
1 42 1 37 2
1 42 1 38 5
1 42 2 38 2
1 42 1 40 12
1 42 2 40 5
1 42 1 41 5
1 42 2 41 5
1 42 1 42 14
1 42 1 43 21
1 42 2 43 9
1 42 1 44 21
1 42 2 44 5
1 42 1 45 17
1 42 2 45 9
1 42 1 46 17
1 42 2 46 14
1 42 1 47 38
1 42 2 47 14
1 42 1 48 21
1 42 2 48 19
1 42 1 49 12
1 42 2 49 12
1 42 1 50 21
1 42 2 50 17
1 42 1 51 9
1 42 2 51 26
1 42 1 52 5
1 42 2 52 9
1 42 1 53 9
1 42 2 53 9
1 42 1 54 9
1 42 2 54 5
1 42 1 55 5
1 42 2 55 7
1 42 1 56 7
1 42 2 56 5
1 42 2 57 7
1 42 1 58 2
1 41 3 12 4
1 41 3 13 13
1 41 3 14 2
1 41 3 15 2
1 41 3 16 2
1 41 3 17 2
1 41 1 19 3
1 41 1 38 6
1 41 2 38 3
1 41 1 39 6
1 41 2 39 3
1 41 1 40 15
1 41 1 41 18
1 41 2 41 9
1 41 1 42 18
1 41 2 42 3
1 41 1 43 30
1 41 2 43 12
1 41 1 44 48
1 41 2 44 18
1 41 1 45 45
1 41 2 45 27
1 41 1 46 33
1 41 2 46 27
1 41 1 47 24
1 41 2 47 27
1 41 1 48 53
1 41 2 48 33
1 41 1 49 24
1 41 2 49 27
1 41 1 50 27
1 41 2 50 21
1 41 1 51 15
1 41 2 51 30
1 41 1 52 6
1 41 2 52 12
1 41 1 53 6
1 41 1 54 3
1 41 1 55 3
1 41 2 55 3
1 41 1 56 6
1 41 1 57 3
1 41 2 57 3
1 41 2 59 3
1 41 1 61 3
1 41 2 62 3
1 40 3 11 1
1 40 3 12 2
1 40 3 13 9
1 40 3 14 14
1 40 3 15 14
1 40 3 16 3
1 40 3 17 1
1 40 2 18 10
1 40 2 19 3
1 40 2 20 3
1 40 1 22 3
1 40 1 39 10
1 40 2 39 3
1 40 1 40 17
1 40 2 40 20
1 40 1 41 13
1 40 2 41 7
1 40 1 42 37
1 40 2 42 13
1 40 1 43 40
1 40 2 43 7
1 40 1 44 13
1 40 2 44 30
1 40 1 45 23
1 40 2 45 27
1 40 1 46 60
1 40 2 46 53
1 40 1 47 27
1 40 2 47 60
1 40 1 48 30
1 40 2 48 37
1 40 1 49 37
1 40 2 49 53
1 40 1 50 27
1 40 2 50 50
1 40 1 51 10
1 40 2 51 53
1 40 1 52 33
1 40 2 52 33
1 40 1 53 17
1 40 2 53 17
1 40 1 54 3
1 40 2 54 10
1 40 2 55 10
1 40 1 56 7
1 40 2 56 3
1 40 1 57 3
1 40 2 57 3
1 40 2 58 3
1 40 1 59 3
1 40 2 78 3
1 39 3 11 3
1 39 3 12 15
1 39 3 13 11
1 39 3 14 16
1 39 3 15 11
1 39 1 16 1
1 39 2 16 1
1 39 3 16 1
1 39 2 17 1
1 39 1 18 3
1 39 1 20 1
1 39 2 21 9
1 39 1 33 9
1 39 1 46 9
1 39 2 46 18
1 39 1 47 18
1 39 2 47 74
1 39 1 48 18
1 39 2 48 64
1 39 1 49 46
1 39 2 49 101
1 39 1 50 55
1 39 2 50 74
1 39 1 51 28
1 39 2 51 175
1 39 1 52 18
1 39 2 52 129
1 39 1 53 37
1 39 2 53 83
1 39 1 54 18
1 39 2 54 55
1 39 2 55 74
1 39 2 56 46
1 39 1 57 9
1 39 2 57 37
1 39 1 59 9
1 39 1 60 9
1 39 2 63 18
1 38 3 10 2
1 38 3 11 5
1 38 3 12 10
1 38 3 13 2
1 38 2 49 10
1 38 1 50 5
1 38 2 50 16
1 38 1 51 5
1 38 2 51 16
1 38 1 52 10
1 38 2 52 10
1 38 1 53 31
1 38 2 53 63
1 38 1 54 26
1 38 2 54 63
1 38 1 55 21
1 38 2 55 42
1 38 1 56 42
1 38 2 56 36
1 38 2 57 63
1 38 1 58 21
1 38 2 58 52
1 38 1 59 10
1 38 2 59 26
1 38 1 60 5
1 38 2 60 52
1 38 2 61 26
1 38 2 62 16
1 38 1 63 5
1 38 2 63 5
1 38 1 64 10
1 38 2 64 21
1 38 2 65 10
1 38 2 67 5
1 38 2 68 5
1 38 2 69 5
1 37 3 9 1
1 37 3 10 1
1 37 3 11 25
1 37 3 12 20
1 37 3 13 8
1 37 3 14 4
1 37 2 28 2
1 37 2 46 2
1 37 1 47 7
1 37 2 47 2
1 37 1 48 2
1 37 2 48 2
1 37 1 49 5
1 37 2 49 2
1 37 1 50 12
1 37 2 50 7
1 37 1 51 12
1 37 2 51 7
1 37 1 52 12
1 37 2 52 21
1 37 1 53 16
1 37 2 53 12
1 37 1 54 21
1 37 2 54 16
1 37 1 55 28
1 37 2 55 24
1 37 1 56 19
1 37 2 56 14
1 37 1 57 14
1 37 2 57 12
1 37 1 58 2
1 37 2 58 5
1 37 1 59 5
1 37 2 59 12
1 37 1 60 5
1 37 2 61 7
1 37 1 62 2
1 37 1 63 5
1 37 2 63 5
1 37 2 65 5
1 37 2 66 2
1 37 2 67 2
1 37 2 68 2
1 36 3 10 2
1 36 3 11 2
1 36 3 12 9
1 36 3 13 3
1 36 3 14 1
1 36 2 29 1
1 36 1 48 1
1 36 2 51 1
1 36 1 53 1
1 36 1 59 2
1 36 2 60 2
1 36 1 61 1
1 36 2 61 1
1 36 2 62 1
1 36 2 63 1
1 36 2 64 3
1 36 1 65 1
1 36 1 66 1
1 36 2 66 2
1 36 2 69 1
1 36 2 70 1
1 36 2 71 1
1 35 2 18 1
1 35 1 37 1
1 35 2 45 1
1 35 1 46 1
1 35 2 46 1
1 35 1 47 1
1 35 1 48 1
1 35 2 48 1
1 35 1 49 2
1 35 1 50 3
1 35 2 50 1
1 35 1 51 3
1 35 1 52 1
1 35 2 52 1
1 35 2 53 2
1 35 1 54 2
1 35 1 55 2
1 35 2 55 7
1 35 1 56 2
1 35 2 56 2
1 35 1 57 6
1 35 2 57 2
1 35 1 58 2
1 35 2 58 2
1 35 1 59 1
1 35 2 59 4
1 35 1 60 1
1 35 2 60 3
1 35 1 61 2
1 35 2 61 4
1 35 2 62 3
1 35 1 63 1
1 35 2 63 3
1 35 1 64 4
1 35 2 64 2
1 35 1 66 1
1 35 1 67 1
1 35 2 67 2
1 35 2 69 1
1 35 2 70 1
1 35 2 71 1
1 35 2 77 1
1 34 1 40 1
1 34 1 42 1
1 34 1 43 3
1 34 1 44 3
1 34 2 44 1
1 34 1 45 6
1 34 2 45 3
1 34 1 46 10
1 34 2 46 3
1 34 1 47 21
1 34 2 47 11
1 34 1 48 5
1 34 2 48 8
1 34 1 49 13
1 34 2 49 20
1 34 1 50 3
1 34 2 50 12
1 34 1 51 13
1 34 2 51 5
1 34 1 52 3
1 34 2 52 4
1 34 1 53 3
1 34 2 53 12
1 34 1 54 3
1 34 2 54 4
1 34 1 55 1
1 34 2 55 3
1 34 1 56 2
1 34 2 56 5
1 34 2 57 3
1 34 2 58 3
1 34 2 59 3
1 34 1 60 1
1 34 2 62 2
1 34 1 64 3
1 34 2 68 1
1 34 2 69 1
1 33 3 14 1
1 33 3 15 1
1 33 1 19 1
1 33 1 20 1
1 33 1 43 2
1 33 2 46 2
1 33 2 50 2
1 33 2 51 6
1 33 1 52 6
1 33 2 52 2
1 33 1 53 6
1 33 2 53 2
1 33 1 54 8
1 33 2 54 6
1 33 1 55 4
1 33 2 55 13
1 33 1 56 8
1 33 2 56 2
1 33 1 57 6
1 33 2 57 13
1 33 1 58 10
1 33 2 58 13
1 33 1 59 8
1 33 2 59 15
1 33 1 60 4
1 33 2 60 15
1 33 2 61 10
1 33 1 62 4
1 33 2 62 10
1 33 1 63 2
1 33 2 63 17
1 33 1 64 2
1 33 2 64 6
1 33 2 65 8
1 33 1 66 2
1 33 2 66 4
1 33 1 67 2
1 33 2 67 2
1 33 2 68 4
1 33 2 69 2
1 33 2 70 4
1 33 2 71 2
1 33 1 72 2
1 33 2 72 4
1 32 3 9 1
1 32 3 11 1
1 32 3 12 2
1 31 3 12 5
1 31 3 14 2
1 31 1 15 6
1 31 2 15 2
1 31 1 16 2
1 31 2 16 2
1 31 1 17 2
1 31 2 17 2
1 31 1 18 2
1 31 2 18 2
1 31 1 19 1
1 31 2 19 2
1 31 1 20 2
1 31 2 20 1
1 31 1 21 4
1 31 2 21 1
1 31 1 40 7
1 31 1 41 4
1 31 2 42 4
1 31 1 43 4
1 31 2 43 4
1 31 1 44 4
1 31 2 44 21
1 31 1 45 35
1 31 2 45 21
1 31 1 46 42
1 31 2 46 21
1 31 1 47 63
1 31 2 47 35
1 31 1 48 39
1 31 2 48 46
1 31 1 49 32
1 31 2 49 39
1 31 1 50 42
1 31 2 50 70
1 31 1 51 21
1 31 2 51 25
1 31 1 52 14
1 31 2 52 35
1 31 1 53 14
1 31 2 53 18
1 31 1 54 7
1 31 2 54 7
1 31 2 55 11
1 31 2 56 7
1 31 2 57 4
1 31 2 59 4
1 31 1 60 4
1 31 2 60 4
1 30 3 11 2
1 30 3 12 5
1 30 3 13 7
1 30 3 14 5
1 30 1 15 2
1 30 2 15 1
1 30 2 16 2
1 30 1 18 1
1 30 2 18 1
1 30 1 19 2
1 30 2 20 1
1 30 1 21 2
1 30 1 22 2
1 30 1 29 2
1 30 2 31 2
1 30 2 36 2
1 30 2 37 2
1 30 1 38 2
1 30 1 41 2
1 30 1 42 2
1 30 2 42 3
1 30 1 43 5
1 30 2 43 3
1 30 1 44 11
1 30 2 44 3
1 30 1 45 11
1 30 2 45 13
1 30 1 46 17
1 30 2 46 6
1 30 1 47 20
1 30 2 47 17
1 30 1 48 22
1 30 2 48 20
1 30 1 49 16
1 30 2 49 30
1 30 1 50 16
1 30 2 50 5
1 30 1 51 13
1 30 2 51 8
1 30 1 52 8
1 30 2 52 13
1 30 1 53 3
1 30 2 53 6
1 30 1 54 5
1 30 2 54 2
1 30 2 55 8
1 30 1 57 2
1 30 2 57 2
1 30 2 59 2
1 30 1 60 2
1 30 1 62 2
1 30 1 64 2
1 30 2 71 2
1 29 3 12 3
1 29 3 13 7
1 29 3 14 2
1 29 3 15 1
1 29 1 16 2
1 29 2 16 1
1 29 1 19 3
1 29 2 19 1
1 29 1 20 1
1 29 2 21 1
1 29 2 28 4
1 29 1 31 4
1 29 2 31 4
1 29 1 36 4
1 29 2 38 4
1 29 1 39 26
1 29 2 39 13
1 29 1 40 13
1 29 2 40 4
1 29 1 41 39
1 29 2 41 26
1 29 1 42 17
1 29 2 42 17
1 29 1 43 52
1 29 2 43 48
1 29 1 44 69
1 29 2 44 82
1 29 1 45 56
1 29 2 45 30
1 29 1 46 65
1 29 2 46 56
1 29 1 47 30
1 29 2 47 48
1 29 1 48 78
1 29 2 48 35
1 29 1 49 35
1 29 2 49 48
1 29 1 50 9
1 29 2 50 26
1 29 1 51 13
1 29 2 51 22
1 29 2 52 17
1 29 2 53 13
1 29 2 54 4
1 29 1 62 4
1 29 2 65 4
1 28 3 12 1
1 28 3 14 2
1 28 1 15 1
1 28 2 15 1
1 28 1 16 1
1 28 2 16 1
1 28 2 17 2
1 28 2 20 1
1 28 1 69 1
1 27 3 11 1
1 27 3 12 2
1 27 3 14 1
1 27 1 16 1
1 27 1 72 1
1 26 3 10 1
1 26 3 11 2
1 26 3 13 3
1 26 3 14 2
1 26 1 15 1
1 26 2 15 2
1 26 3 15 2
1 26 1 16 1
1 26 2 16 2
1 26 1 17 2
1 26 2 18 1
1 25 1 69 1
1 25 2 69 1
1 25 1 71 1
1 25 1 73 1
1 25 2 73 1
1 25 2 74 1
1 25 2 76 2
1 25 2 80 1
1 24 3 15 1
1 23 2 80 1
1 22 2 73 1
1 21 2 79 1
1 20 1 17 1
1 20 2 19 1
1 20 1 61 1
1 20 2 64 1
1 20 2 68 1
1 20 1 72 1
1 20 2 72 1
1 20 2 79 1
1 19 2 34 1
1 19 1 62 2
1 19 1 63 1
1 19 2 64 1
1 19 2 65 1
1 19 1 66 2
1 19 1 68 1
1 19 2 69 1
1 18 3 19 1
1 17 2 72 1
1 16 1 32 1
1 16 2 71 2
1 16 2 72 1
1 15 1 28 1
1 14 2 74 1
1 13 1 15 1
1 13 1 16 1
1 12 2 17 1
1 12 1 18 1
1 11 2 15 1
1 11 1 64 1
1 11 1 69 1
1 11 2 70 2
1 11 2 73 1
1 10 2 15 1
1 10 1 21 1
1 10 1 62 1
1 10 2 65 1
1 10 2 76 1
1 9 2 63 1
1 9 1 67 1
1 9 2 68 1
1 9 2 69 1
1 9 2 70 1
1 9 2 75 1
1 8 1 31 1
1 8 1 59 1
1 8 1 63 1
1 8 1 64 1
1 8 2 65 2
1 8 2 67 1
1 8 2 69 2
1 8 2 70 1
1 8 1 71 1
1 8 2 71 1
1 8 1 72 1
1 8 1 73 1
1 8 2 73 1
1 8 2 75 1
1 8 2 82 1
1 7 1 34 1
1 7 2 35 1
1 7 1 53 1
1 7 1 54 1
1 7 1 57 1
1 7 1 58 1
1 7 1 59 2
1 7 1 60 1
1 7 2 60 1
1 7 1 61 2
1 7 1 62 1
1 7 2 62 1
1 7 1 63 3
1 7 1 64 1
1 7 1 65 2
1 7 2 65 1
1 7 1 66 2
1 7 2 66 1
1 7 1 67 2
1 7 2 67 5
1 7 1 68 2
1 7 2 68 2
1 7 1 69 2
1 7 2 69 2
1 7 1 70 1
1 7 2 70 3
1 7 2 71 3
1 7 2 72 2
1 7 2 73 1
1 7 2 75 1
1 6 2 31 1
1 6 1 34 1
1 6 2 60 1
1 6 1 64 1
1 6 1 65 1
1 6 2 73 1
1 5 1 17 1
1 5 1 49 1
1 5 1 57 3
1 5 1 58 1
1 5 1 60 2
1 5 1 61 1
1 5 1 63 1
1 5 1 64 2
1 5 1 66 1
1 4 1 46 1
1 4 1 51 1
1 4 2 51 1
1 4 1 54 1
1 4 1 55 2
1 4 1 57 3
1 4 1 58 3
1 4 1 59 3
1 4 2 59 2
1 4 1 60 2
1 4 2 60 4
1 4 1 61 1
1 4 2 61 3
1 4 1 62 4
1 4 2 62 5
1 4 1 63 3
1 4 2 63 3
1 4 1 64 2
1 4 2 64 3
1 4 2 65 2
1 4 1 66 1
1 4 2 66 3
1 4 2 67 2
1 4 2 68 3
1 4 2 69 1
1 4 2 70 2
1 4 2 71 1
1 4 1 72 1
1 4 2 76 1
1 3 2 21 1
1 3 1 57 1
1 3 1 58 2
1 3 2 61 1
1 3 1 62 1
1 3 1 63 1
1 3 2 63 1
1 3 2 64 1
1 3 1 65 1
1 3 1 66 2
1 3 1 67 1
1 3 2 68 1
1 3 1 70 1
1 3 1 72 1
1 3 2 73 1
1 2 2 55 1
1 2 1 57 1
1 2 2 57 1
1 2 1 59 1
1 2 1 60 2
1 2 2 61 1
1 2 2 62 1
1 2 2 64 1
1 2 1 65 2
1 2 2 65 4
1 2 2 66 2
1 2 1 67 1
1 2 2 67 1
1 2 2 68 1
1 2 1 69 1
1 2 1 70 1
1 2 2 73 1
1 2 2 74 1
1 1 2 20 1
1 1 1 28 1
1 1 1 61 1
1 1 1 63 1
1 1 1 65 1
1 1 2 66 1
1 1 2 69 1
1 1 2 70 1
1 1 2 71 1
1 1 2 73 1
1 312 1 28 1
1 312 2 28 1
1 312 1 29 3
1 312 2 29 2
1 312 1 41 1
1 312 1 45 1
1 312 1 47 1
1 312 2 47 1
1 312 1 48 4
1 312 1 49 1
1 312 1 50 3
1 312 1 51 3
1 312 1 52 3
1 312 1 53 2
1 312 2 53 1
1 312 1 54 3
1 312 1 55 4
1 312 2 55 1
1 312 1 56 6
1 312 2 56 1
1 312 1 57 4
1 312 1 58 3
1 312 1 59 4
1 312 2 59 1
1 312 1 60 2
1 312 1 61 5
1 312 2 61 1
1 312 1 62 2
1 312 2 62 1
1 312 2 63 3
1 312 1 65 1
1 312 2 65 3
1 312 1 66 1
1 312 2 66 1
1 312 1 67 1
1 312 2 72 1
1 311 3 15 1
1 310 3 13 1
1 309 3 10 1
1 309 3 12 4
1 309 3 13 7
1 309 3 14 3
1 308 3 10 1
1 308 3 11 1
1 308 3 12 2
1 308 3 13 2
1 308 3 14 1
1 307 3 13 2
1 307 3 14 3
1 307 3 15 1
1 306 3 13 2
1 306 3 15 4
1 306 1 68 1
1 306 2 68 1
1 306 1 70 1
1 306 2 73 1
1 306 1 74 1
1 306 2 74 1
1 306 2 76 2
1 306 2 77 2
1 306 2 79 1
1 305 3 14 1
1 305 1 73 1
1 304 3 12 2
1 304 3 15 2
1 304 1 63 1
1 304 1 64 1
1 304 1 66 1
1 304 1 67 1
1 304 2 68 1
1 304 2 69 1
1 304 2 70 2
1 304 1 71 2
1 304 2 71 2
1 304 2 72 1
1 304 1 73 1
1 304 2 73 2
1 304 2 74 1
1 304 2 75 3
1 304 2 76 1
1 304 2 78 1
1 304 2 80 2
1 303 3 15 1
1 303 1 62 2
1 303 1 67 1
1 303 1 70 1
1 303 2 70 2
1 303 2 71 4
1 303 2 72 1
1 303 2 73 3
1 303 2 74 1
1 303 2 79 1
1 303 2 83 1
1 302 1 18 2
1 302 2 65 1
1 302 1 66 1
1 302 1 67 1
1 302 2 75 2
1 302 2 76 1
1 302 2 77 1
1 302 2 80 2
1 301 1 73 1
1 301 2 75 1
1 301 2 76 1
1 300 3 13 2
1 300 2 73 1
1 300 2 77 1
1 300 2 80 1
1 299 1 69 1
1 298 3 13 1
1 298 2 77 1
1 298 2 79 1
1 298 2 83 1
1 298 2 85 1
1 297 3 12 2
1 297 3 13 5
1 297 2 28 1
1 297 2 41 1
1 297 1 60 1
1 297 1 65 1
1 297 1 69 1
1 297 1 70 1
1 297 2 70 2
1 297 1 71 1
1 297 2 71 1
1 297 2 72 1
1 297 2 74 1
1 297 2 76 1
1 297 2 83 1
1 296 3 13 5
1 296 3 14 7
1 296 3 15 2
1 296 1 61 1
1 296 1 62 1
1 296 2 64 1
1 296 1 66 1
1 296 2 66 2
1 296 2 67 2
1 296 2 68 3
1 296 1 69 1
1 296 2 69 2
1 296 1 70 1
1 296 2 71 6
1 296 2 72 1
1 296 2 75 2
1 296 2 76 2
1 296 2 78 1
1 296 2 80 1
1 295 3 13 1
1 295 2 55 1
1 295 1 56 1
1 295 2 58 1
1 295 2 61 1
1 295 1 62 1
1 295 2 64 1
1 295 1 69 1
1 295 2 70 1
1 295 2 71 1
1 295 2 73 1
1 295 2 77 1
1 294 3 12 4
1 294 3 14 4
1 294 3 15 4
1 294 1 21 1
1 294 1 27 4
1 294 1 28 6
1 294 2 28 3
1 294 1 29 3
1 294 2 29 4
1 294 1 31 4
1 294 1 33 1
1 294 2 38 1
1 294 2 41 1
1 294 1 47 1
1 294 2 50 1
1 294 2 51 1
1 294 1 52 3
1 294 1 53 3
1 294 1 54 3
1 294 2 55 1
1 294 1 56 1
1 294 2 56 1
1 294 1 57 4
1 294 2 57 1
1 294 1 58 1
1 294 2 58 1
1 294 1 59 4
1 294 1 60 6
1 294 1 61 6
1 294 1 62 1
1 294 2 62 3
1 294 1 63 6
1 294 2 63 4
1 294 1 64 4
1 294 2 64 1
1 294 1 65 7
1 294 2 65 6
1 294 1 66 10
1 294 2 66 6
1 294 1 67 4
1 294 2 67 13
1 294 2 68 9
1 294 1 69 3
1 294 2 69 10
1 294 2 70 1
1 294 2 71 6
1 294 1 72 1
1 294 2 72 3
1 294 2 74 1
1 293 2 25 1
1 293 2 28 1
1 293 2 29 1
1 293 2 30 1
1 293 1 39 1
1 293 1 52 1
1 293 2 55 1
1 293 1 56 1
1 293 2 56 1
1 293 1 58 2
1 293 1 59 3
1 293 1 60 2
1 293 2 60 2
1 293 1 61 3
1 293 1 62 2
1 293 2 62 2
1 293 1 63 7
1 293 2 63 4
1 293 1 64 4
1 293 2 64 5
1 293 1 65 3
1 293 2 65 3
1 293 1 66 4
1 293 2 66 4
1 293 1 67 3
1 293 2 67 6
1 293 1 68 2
1 293 2 68 5
1 293 1 69 1
1 293 2 69 7
1 293 1 70 1
1 293 2 70 5
1 293 1 71 3
1 293 2 71 6
1 293 2 72 4
1 293 2 73 1
1 292 3 13 1
1 292 3 14 2
1 292 1 16 2
1 292 2 16 1
1 292 1 18 1
1 292 1 19 1
1 292 1 25 1
1 292 2 28 1
1 292 1 29 1
1 292 2 30 1
1 292 1 40 1
1 292 1 50 1
1 292 2 52 1
1 292 1 55 2
1 292 1 57 2
1 292 2 58 3
1 292 1 60 1
1 292 1 63 1
1 292 2 63 2
1 292 1 64 2
1 292 2 64 1
1 292 1 65 1
1 292 1 66 2
1 292 2 66 2
1 292 2 67 2
1 292 1 68 1
1 292 2 68 1
1 292 2 70 1
1 292 2 75 1
1 291 3 15 3
1 291 1 16 1
1 291 1 26 1
1 291 1 28 1
1 291 1 29 2
1 291 2 30 1
1 291 1 50 1
1 291 1 51 3
1 291 1 52 2
1 291 1 53 2
1 291 1 54 3
1 291 2 54 1
1 291 1 55 5
1 291 1 56 7
1 291 2 56 1
1 291 1 57 5
1 291 2 57 2
1 291 1 58 6
1 291 2 58 1
1 291 1 59 5
1 291 2 59 1
1 291 1 60 6
1 291 2 60 5
1 291 1 61 1
1 291 2 61 2
1 291 1 62 4
1 291 2 62 1
1 291 1 63 5
1 291 2 63 6
1 291 1 64 1
1 291 2 64 2
1 291 2 65 3
1 291 2 66 3
1 291 2 67 2
1 291 2 69 1
1 291 2 70 1
1 291 2 75 1
1 290 1 51 2
1 290 1 52 1
1 290 2 54 2
1 290 1 55 1
1 290 1 56 1
1 290 1 57 2
1 290 2 57 3
1 290 1 58 4
1 290 1 59 6
1 290 2 59 3
1 290 1 61 1
1 290 2 61 3
1 290 2 62 4
1 290 2 63 2
1 290 1 64 2
1 290 2 64 2
1 290 2 65 1
1 290 2 67 1
1 290 2 68 1
1 289 1 45 1
1 289 1 46 2
1 289 1 48 2
1 289 2 48 1
1 289 1 49 4
1 289 1 50 5
1 289 2 50 2
1 289 1 51 5
1 289 2 51 2
1 289 1 52 9
1 289 2 52 2
1 289 1 53 8
1 289 2 53 6
1 289 1 54 9
1 289 2 54 4
1 289 1 55 13
1 289 2 55 5
1 289 1 56 9
1 289 2 56 4
1 289 1 57 6
1 289 2 57 2
1 289 1 58 7
1 289 2 58 6
1 289 1 59 7
1 289 2 59 8
1 289 1 60 6
1 289 2 60 3
1 289 1 61 4
1 289 2 61 3
1 289 1 62 1
1 289 2 62 2
1 289 2 63 1
1 289 1 64 2
1 289 2 64 1
1 288 1 47 1
1 288 1 48 1
1 288 2 49 2
1 288 1 50 3
1 288 2 50 2
1 288 1 51 2
1 288 2 51 3
1 288 1 52 7
1 288 2 52 1
1 288 1 53 5
1 288 2 53 2
1 288 1 54 5
1 288 2 54 7
1 288 1 55 10
1 288 2 55 8
1 288 1 56 6
1 288 2 56 7
1 288 1 57 7
1 288 2 57 9
1 288 1 58 5
1 288 2 58 6
1 288 1 59 6
1 288 2 59 10
1 288 1 60 1
1 288 2 60 6
1 288 1 61 3
1 288 2 61 5
1 288 2 62 4
1 288 2 63 3
1 288 2 65 1
1 288 2 67 1
1 287 1 52 4
1 287 1 53 1
1 287 1 54 2
1 287 1 55 2
1 287 1 56 2
1 287 1 57 7
1 287 1 58 3
1 287 1 59 4
1 287 2 59 1
1 287 1 60 1
1 287 1 61 3
1 286 1 46 5
1 286 1 47 6
1 286 2 47 2
1 286 1 48 9
1 286 2 48 1
1 286 1 49 3
1 286 2 49 5
1 286 1 50 9
1 286 2 50 8
1 286 1 51 11
1 286 2 51 8
1 286 1 52 8
1 286 2 52 11
1 286 1 53 9
1 286 2 53 5
1 286 1 54 4
1 286 2 54 8
1 286 1 55 3
1 286 2 55 8
1 286 1 56 1
1 286 2 56 10
1 286 1 57 4
1 286 2 57 7
1 286 1 58 2
1 286 2 58 4
1 286 1 59 1
1 286 2 59 4
1 286 1 60 1
1 286 2 60 3
1 286 2 61 2
1 286 2 62 4
1 286 2 63 5
1 286 2 64 1
1 286 2 66 2
1 285 2 66 1
1 284 1 27 1
1 284 2 47 1
1 284 1 50 1
1 284 1 53 1
1 284 2 53 2
1 284 1 54 4
1 284 1 55 7
1 284 2 55 1
1 284 1 56 4
1 284 2 56 1
1 284 1 57 5
1 284 2 57 11
1 284 1 58 5
1 284 2 58 9
1 284 1 59 3
1 284 2 59 10
1 284 1 60 2
1 284 2 60 3
1 284 1 61 8
1 284 2 61 6
1 284 1 62 3
1 284 2 62 4
1 284 2 63 11
1 284 1 64 3
1 284 2 64 7
1 284 2 65 1
1 284 1 66 1
1 284 2 67 4
1 284 2 68 1
1 283 2 15 1
1 283 2 25 1
1 283 1 27 1
1 283 2 28 1
1 283 2 29 1
1 283 1 30 1
1 283 1 31 1
1 283 2 33 1
1 283 1 37 1
1 283 2 37 2
1 283 2 38 2
1 283 1 39 3
1 283 2 39 3
1 283 1 40 2
1 283 1 42 1
1 283 2 42 1
1 283 1 45 1
1 283 2 45 1
1 283 1 47 1
1 283 1 48 2
1 283 1 49 2
1 283 2 49 1
1 283 1 50 2
1 283 1 51 3
1 283 2 51 1
1 283 1 52 3
1 283 1 53 2
1 283 2 53 1
1 283 1 54 4
1 283 2 54 2
1 283 1 55 4
1 283 1 56 7
1 283 2 56 1
1 283 1 57 8
1 283 1 58 8
1 283 2 58 3
1 283 1 59 6
1 283 2 59 4
1 283 1 60 7
1 283 2 60 11
1 283 1 61 5
1 283 2 61 10
1 283 1 62 4
1 283 2 62 1
1 283 2 63 4
1 283 1 64 1
1 283 2 64 4
1 283 1 65 5
1 283 2 65 2
1 283 1 66 1
1 283 2 66 3
1 283 1 67 1
1 283 2 67 1
1 283 2 68 2
1 283 1 70 1
1 282 3 15 2
1 282 1 17 2
1 282 1 18 2
1 282 2 25 1
1 282 2 52 1
1 282 2 60 1
1 282 1 62 1
1 282 1 64 1
1 282 1 65 1
1 282 2 65 1
1 282 2 66 2
1 282 2 68 2
1 281 2 17 1
1 280 3 12 1
1 280 3 15 1
1 280 1 58 1
1 280 1 66 1
1 280 1 69 1
1 280 2 70 1
1 280 2 71 1
1 279 3 11 3
1 279 3 12 3
1 279 1 57 1
1 279 1 58 1
1 279 2 75 1
1 278 3 10 2
1 278 3 11 3
1 278 3 12 11
1 278 3 13 3
1 278 3 14 2
1 278 1 15 1
1 278 2 16 1
1 278 2 17 1
1 278 2 64 1
1 278 1 65 1
1 278 2 66 1
1 278 2 70 1
1 278 2 71 1
1 278 2 75 1
1 278 2 76 1
1 278 2 77 1
1 277 3 10 3
1 277 3 11 15
1 277 3 12 8
1 277 3 13 19
1 277 3 14 5
1 277 3 15 8
1 277 2 16 2
1 277 3 16 2
1 277 2 17 3
1 277 1 69 1
1 277 1 71 1
1 277 1 75 1
1 276 3 8 1
1 276 3 10 4
1 276 3 11 6
1 276 3 12 10
1 276 3 13 2
1 276 3 14 4
1 276 3 16 1
1 275 3 9 8
1 275 3 10 10
1 275 3 11 10
1 275 3 12 12
1 275 3 13 8
1 275 3 14 2
1 275 3 15 3
1 275 2 17 2
1 275 1 71 1
1 274 3 9 4
1 274 3 14 2
1 274 1 68 1
1 273 3 9 1
1 273 3 12 1
1 272 3 8 1
1 272 3 9 1
1 272 3 10 1
1 272 3 12 2
1 272 3 13 1
1 271 3 9 11
1 271 3 10 51
1 271 3 11 66
1 271 3 12 55
1 271 3 13 22
1 271 3 14 22
1 271 3 16 4
1 271 1 24 1
1 271 1 66 1
1 271 1 70 2
1 270 3 9 3
1 270 3 10 7
1 270 3 11 7
1 270 3 12 23
1 270 3 13 59
1 270 3 14 68
1 270 3 15 33
1 270 1 16 16
1 270 2 16 3
1 270 3 16 16
1 270 1 17 7
1 270 2 17 7
1 270 1 18 3
1 270 2 18 3
1 270 2 19 3
1 270 1 69 2
1 270 1 70 1
1 270 1 73 1
1 269 3 11 4
1 269 3 12 8
1 269 3 15 4
1 269 3 16 4
1 269 2 64 1
1 269 1 67 1
1 269 1 72 1
1 269 2 80 1
1 268 3 10 4
1 268 3 11 10
1 268 3 12 6
1 268 3 13 4
1 268 3 14 6
1 268 3 15 2
1 268 2 76 1
1 267 3 12 1
1 267 3 13 1
1 267 3 14 3
1 267 3 15 3
1 267 1 16 1
1 267 2 16 1
1 267 3 16 1
1 267 2 17 1
1 266 3 12 2
1 266 3 13 11
1 266 3 14 9
1 266 3 15 9
1 266 1 16 2
1 266 3 16 2
1 266 2 17 2
1 266 2 28 1
1 266 2 64 1
1 266 2 65 1
1 266 2 69 1
1 266 2 72 1
1 265 3 14 2
1 265 2 25 2
1 265 1 51 1
1 265 2 63 1
1 265 2 66 2
1 265 2 69 1
1 265 2 70 1
1 265 2 71 2
1 265 2 72 2
1 264 1 16 3
1 264 1 21 1
1 264 2 33 1
1 264 2 54 1
1 264 1 55 1
1 264 1 58 1
1 264 1 59 1
1 264 1 60 1
1 264 2 60 1
1 264 2 61 1
1 264 1 62 1
1 264 2 62 1
1 264 2 63 2
1 264 1 64 1
1 264 1 65 1
1 264 2 65 1
1 264 1 66 1
1 264 2 66 2
1 264 1 68 1
1 264 2 68 1
1 264 1 69 1
1 264 2 70 2
1 264 2 73 1
1 263 1 31 1
1 263 1 35 1
1 263 2 36 1
1 263 2 37 2
1 263 1 38 1
1 263 2 38 1
1 263 2 39 2
1 263 1 40 1
1 263 2 40 3
1 263 1 41 1
1 263 2 42 2
1 263 1 43 2
1 263 1 44 2
1 263 2 44 1
1 263 1 45 5
1 263 2 45 1
1 263 1 46 1
1 263 1 47 4
1 263 2 47 2
1 263 1 48 5
1 263 2 48 1
1 263 1 49 8
1 263 1 50 13
1 263 2 50 2
1 263 1 51 9
1 263 2 51 6
1 263 1 52 15
1 263 2 52 3
1 263 1 53 14
1 263 2 53 3
1 263 1 54 9
1 263 2 54 4
1 263 1 55 7
1 263 2 55 5
1 263 1 56 7
1 263 1 57 4
1 263 2 57 3
1 263 1 58 5
1 263 2 58 2
1 263 1 59 3
1 263 2 59 3
1 263 1 60 2
1 263 2 60 2
1 263 2 61 1
1 263 1 62 1
1 263 2 62 2
1 263 2 63 1
1 191 2 39 1
1 191 1 41 1
1 191 2 41 1
1 191 1 45 1
1 191 1 48 2
1 191 2 48 1
1 191 1 49 1
1 191 2 49 4
1 191 1 50 2
1 191 2 50 2
1 191 1 51 2
1 191 2 51 5
1 191 2 52 4
1 191 1 53 1
1 191 1 54 1
1 191 2 54 3
1 191 1 55 1
1 191 2 55 4
1 191 2 56 3
1 191 1 57 1
1 191 2 58 1
1 191 2 59 1
1 191 2 62 1
1 190 2 50 1
1 190 1 54 2
1 190 2 55 1
1 190 2 57 1
1 190 2 58 1
1 190 1 60 1
1 190 2 60 1
1 190 1 61 1
1 189 1 51 1
1 189 1 56 1
1 189 1 57 1
1 189 1 58 1
1 189 2 58 2
1 189 2 59 3
1 189 1 60 1
1 189 2 60 2
1 189 2 61 3
1 189 2 62 1
1 189 2 63 8
1 189 2 64 2
1 189 2 65 1
1 189 2 67 1
1 188 1 51 2
1 188 1 53 6
1 188 2 53 2
1 188 1 54 7
1 188 2 54 2
1 188 1 55 5
1 188 2 55 4
1 188 1 56 4
1 188 2 56 1
1 188 1 57 9
1 188 2 57 7
1 188 1 58 5
1 188 2 58 9
1 188 1 59 2
1 188 2 59 9
1 188 1 60 2
1 188 2 60 6
1 188 2 61 6
1 188 2 62 4
1 188 2 63 2
1 188 2 64 2
1 188 2 67 2
1 188 2 69 1
1 187 1 16 1
1 187 1 26 1
1 187 1 27 4
1 187 2 27 1
1 187 2 28 6
1 187 1 29 9
1 187 2 29 8
1 187 1 30 10
1 187 2 30 10
1 187 1 31 8
1 187 2 31 8
1 187 1 32 7
1 187 2 32 9
1 187 2 33 2
1 187 1 34 3
1 187 2 34 4
1 187 1 35 3
1 187 2 35 2
1 187 1 36 5
1 187 2 36 5
1 187 1 37 5
1 187 2 37 5
1 187 1 38 5
1 187 2 38 8
1 187 1 39 2
1 187 2 39 4
1 187 1 40 4
1 187 2 40 5
1 187 1 41 2
1 187 2 41 3
1 187 2 42 1
1 187 1 43 1
1 187 1 44 1
1 187 1 50 2
1 187 1 51 1
1 187 1 52 1
1 187 1 53 1
1 187 1 54 5
1 187 1 55 1
1 187 2 55 1
1 187 1 56 1
1 187 1 57 2
1 187 2 57 3
1 187 1 58 3
1 187 1 59 1
1 187 2 59 1
1 187 1 60 2
1 187 2 60 4
1 187 2 61 2
1 187 1 62 2
1 187 2 62 6
1 187 1 63 2
1 187 2 63 2
1 187 2 64 5
1 187 2 65 5
1 187 1 66 2
1 187 2 66 7
1 187 2 67 2
1 187 1 68 1
1 187 2 68 5
1 187 2 70 2
1 187 2 72 1
1 187 2 76 1
1 186 3 12 1
1 186 3 13 2
1 186 3 14 2
1 186 1 16 1
1 186 1 17 1
1 186 2 18 1
1 186 1 23 1
1 186 2 23 2
1 186 2 24 1
1 186 1 25 8
1 186 2 25 6
1 186 1 26 7
1 186 2 26 7
1 186 1 27 8
1 186 2 27 1
1 186 1 28 4
1 186 2 28 5
1 186 1 29 2
1 186 2 29 2
1 186 1 30 4
1 186 2 30 5
1 186 2 32 1
1 186 2 52 1
1 186 1 56 1
1 186 1 58 1
1 186 1 59 1
1 186 2 59 1
1 186 2 61 1
1 186 2 62 1
1 186 1 63 2
1 186 2 63 2
1 186 1 64 2
1 186 2 64 9
1 186 1 65 4
1 186 2 65 5
1 186 1 66 4
1 186 2 66 5
1 186 1 67 2
1 186 2 67 12
1 186 2 68 8
1 186 2 69 6
1 186 1 70 1
1 186 2 70 5
1 186 2 71 5
1 186 2 72 4
1 186 2 73 2
1 186 2 74 1
1 186 2 75 1
1 186 2 77 1
1 185 3 11 4
1 185 3 12 4
1 185 3 14 11
1 185 2 16 4
1 185 2 24 2
1 185 1 26 1
1 185 2 53 1
1 185 1 57 1
1 185 1 61 1
1 185 2 63 1
1 185 2 66 1
1 185 2 70 1
1 184 3 15 3
1 184 1 16 3
1 184 1 18 4
1 184 1 25 1
1 184 2 27 1
1 184 1 29 1
1 184 1 64 1
1 184 2 68 1
1 184 1 69 1
1 184 2 69 1
1 184 2 71 1
1 184 2 72 1
1 184 2 74 1
1 184 2 75 1
1 183 3 12 4
1 183 3 13 7
1 183 3 14 4
1 183 2 67 1
1 183 2 68 3
1 183 1 69 1
1 183 2 69 1
1 183 2 73 1
1 182 3 14 3
1 182 1 17 3
1 182 1 55 1
1 182 1 61 1
1 182 2 65 1
1 182 2 67 3
1 182 2 69 4
1 182 2 70 2
1 182 2 71 1
1 182 2 72 1
1 182 2 75 1
1 182 2 78 1
1 182 2 81 1
1 181 3 12 1
1 181 3 13 1
1 181 3 14 1
1 181 2 19 1
1 181 2 60 1
1 181 2 63 1
1 181 1 66 1
1 181 2 67 1
1 181 2 68 1
1 181 2 69 1
1 181 2 71 1
1 181 1 72 1
1 181 2 73 2
1 181 2 74 2
1 181 2 77 1
1 180 1 30 1
1 180 1 72 1
1 180 1 75 1
1 179 3 7 1
1 179 3 9 2
1 179 3 10 4
1 179 3 11 13
1 179 3 12 4
1 179 3 13 3
1 179 2 75 1
1 178 3 10 1
1 177 1 70 1
1 177 1 73 1
1 176 3 8 9
1 176 3 9 14
1 176 3 10 47
1 176 3 11 14
1 176 3 12 7
1 176 3 30 1
1 176 1 67 1
1 176 1 71 1
1 176 2 85 1
1 175 3 8 1
1 175 3 9 5
1 175 3 10 1
1 175 3 11 2
1 175 3 12 1
1 175 2 30 1
1 175 1 63 1
1 175 1 66 1
1 175 2 70 1
1 175 1 74 1
1 175 2 78 1
1 174 3 8 4
1 174 3 10 22
1 174 3 11 41
1 174 3 12 63
1 174 3 13 33
1 174 3 14 4
1 174 1 71 1
1 174 1 73 2
1 174 2 73 1
1 174 1 74 1
1 173 3 14 3
1 173 2 65 1
1 173 1 75 1
1 173 2 78 1
1 172 3 8 10
1 172 3 9 5
1 172 3 10 61
1 172 3 11 126
1 172 3 12 242
1 172 3 13 172
1 172 3 14 45
1 172 3 15 20
1 172 2 21 1
1 172 1 70 1
1 172 2 75 1
1 171 3 11 7
1 171 3 12 7
1 171 3 13 13
1 171 3 14 18
1 171 1 15 4
1 171 3 15 13
1 171 2 16 2
1 171 2 17 2
1 171 2 18 2
1 171 1 19 2
1 171 1 20 1
1 171 1 63 1
1 171 1 64 1
1 171 2 71 1
1 171 2 72 1
1 171 1 73 1
1 171 2 73 2
1 171 2 76 1
1 171 2 77 1
1 170 3 12 1
1 170 3 13 1
1 170 1 15 1
1 170 2 66 1
1 170 2 68 1
1 170 1 69 1
1 170 1 71 1
1 170 1 72 1
1 170 2 72 1
1 170 2 74 1
1 169 3 11 2
1 169 3 12 1
1 169 3 13 1
1 169 2 69 1
1 169 2 71 1
1 169 2 72 1
1 168 3 9 1
1 168 3 11 1
1 168 3 12 5
1 168 3 13 5
1 168 3 14 1
1 168 1 16 1
1 168 1 65 1
1 168 1 67 1
1 168 2 69 1
1 168 1 70 1
1 168 2 71 1
1 168 2 72 2
1 168 2 75 1
1 167 3 15 6
1 167 2 67 2
1 167 2 68 2
1 167 2 69 3
1 167 2 70 2
1 167 2 71 1
1 167 2 73 2
1 167 2 74 3
1 166 3 12 2
1 166 3 13 5
1 166 2 56 1
1 166 1 59 1
1 166 1 60 1
1 166 1 61 1
1 166 1 62 1
1 166 1 63 1
1 166 1 65 1
1 166 2 65 1
1 166 1 66 2
1 166 2 66 3
1 166 2 67 3
1 166 1 68 1
1 166 2 68 6
1 166 2 69 2
1 166 2 70 2
1 166 1 71 1
1 166 2 72 2
1 166 2 73 2
1 166 2 75 1
1 166 2 76 1
1 166 1 78 1
1 166 2 78 1
1 165 1 27 1
1 165 2 58 1
1 165 1 60 1
1 165 2 60 2
1 165 2 64 1
1 165 2 65 1
1 165 2 67 2
1 165 2 68 1
1 165 2 70 2
1 165 2 72 2
1 165 2 73 2
1 165 2 74 1
1 165 2 75 1
1 164 3 15 1
1 164 2 68 1
1 163 3 14 1
1 163 1 15 1
1 163 3 15 3
1 163 1 16 2
1 163 2 16 7
1 163 1 17 2
1 163 2 17 1
1 163 1 26 1
1 163 2 26 2
1 163 2 27 2
1 163 1 28 6
1 163 2 28 10
1 163 1 29 4
1 163 2 29 8
1 163 1 30 6
1 163 2 30 3
1 163 1 31 3
1 163 2 31 7
1 163 2 32 4
1 163 2 34 1
1 163 2 36 1
1 163 1 37 1
1 163 2 37 1
1 163 1 39 1
1 163 1 49 1
1 163 1 51 1
1 163 1 52 1
1 163 1 53 1
1 163 2 53 1
1 163 1 55 1
1 163 2 55 1
1 163 1 56 2
1 163 1 57 2
1 163 2 57 1
1 163 1 58 2
1 163 2 58 1
1 163 1 59 1
1 163 2 59 1
1 163 1 60 2
1 163 2 60 3
1 163 1 61 4
1 163 2 61 1
1 163 1 62 1
1 163 2 62 2
1 163 1 63 1
1 163 2 63 1
1 163 1 64 2
1 163 2 64 3
1 163 2 65 1
1 163 2 66 1
1 163 2 67 1
1 163 2 69 1
1 162 1 16 1
1 162 1 17 1
1 162 2 27 1
1 162 1 28 1
1 162 2 28 1
1 162 1 29 1
1 162 1 47 1
1 162 1 49 1
1 162 2 49 1
1 162 1 50 6
1 162 2 50 1
1 162 1 51 4
1 162 2 51 1
1 162 1 52 7
1 162 2 52 1
1 162 1 53 10
1 162 2 53 1
1 162 1 54 7
1 162 2 54 1
1 162 1 55 12
1 162 2 55 1
1 162 1 56 7
1 162 2 56 10
1 162 1 57 11
1 162 2 57 4
1 162 1 58 3
1 162 2 58 7
1 162 1 59 4
1 162 2 59 10
1 162 1 60 3
1 162 2 60 8
1 162 1 61 4
1 162 2 61 7
1 162 1 62 7
1 162 2 62 7
1 162 1 63 3
1 162 2 63 3
1 162 2 64 4
1 162 2 65 4
1 162 1 66 1
1 162 2 66 1
1 162 2 67 3
1 162 2 68 3
1 161 1 43 1
1 161 1 44 3
1 161 1 46 1
1 161 1 49 4
1 161 1 50 6
1 161 2 50 2
1 161 1 51 4
1 161 2 51 5
1 161 1 52 9
1 161 1 53 12
1 161 2 53 3
1 161 1 54 7
1 161 2 54 5
1 161 1 55 12
1 161 2 55 6
1 161 1 56 6
1 161 2 56 2
1 161 1 57 6
1 161 2 57 5
1 161 1 58 6
1 161 2 58 2
1 161 1 59 4
1 161 2 59 4
1 161 1 60 3
1 161 2 60 6
1 161 1 61 2
1 161 2 61 4
1 161 1 62 1
1 161 2 62 2
1 161 2 63 1
1 161 2 64 1
1 161 2 65 1
1 160 1 15 10
1 160 1 17 2
1 160 1 18 2
1 160 1 19 10
1 160 2 23 2
1 160 1 24 2
1 160 1 25 2
1 160 1 26 4
1 160 2 26 2
1 160 1 27 2
1 160 1 28 4
1 160 2 28 4
1 160 1 30 2
1 160 2 30 2
1 160 1 31 2
1 160 2 31 2
1 160 2 32 2
1 160 1 33 2
1 160 2 33 2
1 160 2 34 2
1 160 2 37 2
1 160 1 39 2
1 160 2 40 2
1 160 1 41 2
1 160 1 42 2
1 160 2 42 2
1 160 1 44 2
1 160 2 45 2
1 160 1 46 4
1 160 1 47 4
1 160 2 47 2
1 160 1 49 4
1 160 2 49 2
1 160 1 50 11
1 160 1 51 4
1 160 1 52 20
1 160 1 53 18
1 160 2 53 4
1 160 1 54 13
1 160 2 54 2
1 160 1 55 15
1 160 2 55 5
1 160 1 56 22
1 160 2 56 9
1 160 1 57 13
1 160 2 57 4
1 160 1 58 20
1 160 2 58 11
1 160 1 59 9
1 160 2 59 5
1 160 1 60 18
1 160 2 60 5
1 160 1 61 2
1 160 2 61 7
1 160 1 62 9
1 160 2 62 5
1 160 2 63 2
1 160 2 64 4
1 160 2 66 2
1 160 2 70 2
1 159 3 14 2
1 159 1 15 1
1 159 2 16 1
1 159 2 50 6
1 159 2 51 3
1 159 1 52 15
1 159 2 52 3
1 159 1 53 9
1 159 2 53 3
1 159 1 54 3
1 159 2 54 9
1 159 1 55 12
1 159 2 55 3
1 159 1 56 15
1 159 2 56 18
1 159 1 57 6
1 159 2 57 15
1 159 1 58 9
1 159 2 58 15
1 159 1 59 12
1 159 2 59 27
1 159 1 60 6
1 159 2 60 18
1 159 1 61 3
1 159 2 61 3
1 159 1 62 6
1 159 2 62 12
1 159 1 63 3
1 159 2 63 3
1 159 1 64 3
1 159 2 64 9
1 159 2 65 9
1 159 2 66 3
1 159 1 67 3
1 158 3 12 3
1 158 2 42 9
1 158 2 44 9
1 158 2 45 9
1 158 1 46 27
1 158 1 48 27
1 158 1 49 9
1 158 2 49 18
1 158 1 50 18
1 158 2 50 9
1 158 1 51 36
1 158 2 51 18
1 158 1 52 64
1 158 1 53 118
1 158 2 53 46
1 158 1 54 55
1 158 2 54 36
1 158 1 55 73
1 158 2 55 82
1 158 1 56 55
1 158 2 56 82
1 158 1 57 46
1 158 2 57 73
1 158 1 58 27
1 158 2 58 9
1 158 1 59 36
1 158 2 59 27
1 158 2 60 18
1 158 2 61 9
1 158 1 62 9
1 158 2 62 9
1 158 1 63 18
1 158 2 63 9
1 158 2 67 9
1 157 3 9 1
1 157 3 12 1
1 157 3 13 2
1 157 3 14 1
1 157 1 16 1
1 157 2 16 1
1 157 1 17 1
1 157 2 24 1
1 157 1 25 1
1 157 1 28 1
1 157 2 28 1
1 157 1 36 1
1 157 1 51 2
1 157 1 52 2
1 157 2 52 1
1 157 1 53 3
1 157 2 54 3
1 157 1 55 2
1 157 2 55 1
1 157 1 56 1
1 157 2 56 7
1 157 1 57 3
1 157 2 57 5
1 157 1 58 7
1 157 2 58 8
1 157 1 59 5
1 157 2 59 5
1 157 1 60 4
1 157 2 60 9
1 157 1 61 3
1 157 2 61 5
1 157 1 62 7
1 157 2 62 8
1 157 1 63 1
1 157 2 63 3
1 157 1 64 2
1 157 2 64 7
1 157 1 65 3
1 157 2 65 3
1 157 1 66 2
1 157 2 66 5
1 157 2 67 1
1 157 2 68 1
1 157 2 69 2
1 157 1 70 1
1 157 2 70 1
1 157 2 74 1
1 156 3 11 57
1 156 3 12 85
1 156 3 13 255
1 156 3 14 595
1 156 3 15 170
1 156 3 16 85
1 156 3 17 57
1 156 3 19 28
1 156 2 20 1
1 156 3 20 57
1 156 3 22 57
1 156 1 25 1
1 156 1 27 1
1 156 1 47 1
1 156 1 53 1
1 156 2 53 1
1 156 1 54 2
1 156 1 55 1
1 156 1 56 1
1 156 2 56 1
1 156 1 57 1
1 156 1 58 2
1 156 2 58 3
1 156 2 59 2
1 156 1 60 2
1 156 2 60 9
1 156 2 61 2
1 156 1 62 1
1 156 2 62 11
1 156 2 63 1
1 156 1 64 2
1 156 2 64 6
1 156 2 65 5
1 156 2 66 7
1 156 2 67 1
1 156 2 68 1
1 156 2 70 1
1 156 2 72 1
1 156 2 73 1
1 156 2 74 1
1 156 1 77 1
1 155 3 10 1
1 155 3 11 1
1 155 3 13 4
1 155 3 14 2
1 155 1 16 1
1 155 1 64 1
1 155 2 68 1
1 155 2 74 1
1 155 2 76 1
1 155 2 91 1
1 154 3 9 4
1 154 3 12 4
1 154 3 13 4
1 154 1 29 1
1 154 2 64 2
1 154 2 65 1
1 154 1 66 1
1 154 2 66 1
1 154 1 67 1
1 154 2 68 1
1 154 2 70 1
1 154 2 74 1
1 153 3 13 3
1 153 3 20 3
1 153 1 59 1
1 153 2 63 1
1 153 1 64 1
1 153 1 65 1
1 153 2 65 2
1 153 2 66 1
1 153 2 67 1
1 153 2 68 1
1 153 1 69 1
1 153 1 70 1
1 153 2 70 9
1 153 1 71 1
1 153 2 71 1
1 153 2 75 1
1 152 3 12 4
1 152 3 13 7
1 152 3 14 19
1 152 3 15 4
1 152 1 62 1
1 152 2 62 1
1 152 1 63 1
1 152 2 66 1
1 152 2 68 4
1 152 2 69 3
1 152 2 70 1
1 152 2 71 3
1 152 2 73 1
1 152 2 77 1
1 151 3 10 12
1 151 3 11 29
1 151 3 12 46
1 151 3 13 87
1 151 3 14 64
1 151 3 15 12
1 151 3 17 6
1 151 3 18 6
1 151 2 29 1
1 151 1 57 1
1 151 2 70 1
1 151 2 71 1
1 151 1 72 1
1 151 2 72 1
1 151 2 73 2
1 151 2 75 4
1 151 2 76 1
1 150 3 10 10
1 150 3 11 23
1 150 3 12 43
1 150 3 13 23
1 150 3 14 3
1 150 3 15 3
1 150 2 62 1
1 150 2 64 1
1 150 1 66 1
1 150 2 66 1
1 150 1 71 1
1 150 2 71 1
1 150 2 83 1
1 149 2 66 1
1 149 2 73 1
1 148 3 8 1
1 148 3 9 3
1 148 3 10 2
1 147 3 8 1
1 147 3 10 2
1 147 2 78 1
1 146 3 9 1
1 146 3 10 1
1 145 3 7 2
1 145 3 8 1
1 145 3 9 4
1 145 3 10 1
1 144 3 7 2
1 144 3 8 4
1 144 3 9 15
1 144 3 10 4
1 143 3 9 2
1 142 3 8 25
1 142 3 9 72
1 142 3 10 47
1 142 3 11 55
1 142 3 12 42
1 142 3 13 4
1 142 3 14 4
1 142 1 70 1
1 141 3 8 3
1 141 3 9 9
1 141 3 10 13
1 141 3 11 4
1 140 3 8 1
1 140 3 9 2
1 140 3 10 1
1 139 3 9 5
1 139 3 10 4
1 139 3 11 4
1 139 3 12 1
1 139 1 59 1
1 139 1 60 1
1 139 1 66 1
1 139 2 67 1
1 139 2 68 2
1 139 2 69 2
1 139 2 70 1
1 139 2 73 1
1 139 2 74 1
1 138 3 9 2
1 138 3 10 2
1 138 2 56 1
1 138 1 57 1
1 138 1 67 1
1 138 2 68 1
1 138 1 73 1
1 137 3 11 1
1 136 3 9 11
1 136 3 10 78
1 136 3 11 64
1 136 3 12 9
1 136 2 69 1
1 136 2 78 1
1 135 3 9 2
1 135 3 10 16
1 135 3 11 26
1 135 3 12 13
1 135 3 13 5
1 135 1 53 1
1 135 1 57 1
1 135 1 60 1
1 135 2 61 2
1 135 2 63 5
1 135 2 64 1
1 135 1 65 1
1 135 2 65 1
1 135 1 67 1
1 135 2 67 2
1 135 2 69 1
1 135 2 74 1
1 134 3 10 2
1 134 3 11 8
1 134 3 12 28
1 134 3 13 20
1 134 3 14 10
1 134 3 15 10
1 134 3 16 2
1 134 2 22 2
1 134 1 24 2
1 134 1 50 2
1 134 2 52 2
1 134 2 53 5
1 134 2 54 2
1 134 2 55 8
1 134 2 56 8
1 134 1 57 8
1 134 2 57 6
1 134 1 58 3
1 134 2 58 9
1 134 1 59 2
1 134 2 59 9
1 134 1 60 3
1 134 2 60 12
1 134 1 61 5
1 134 2 61 9
1 134 1 62 3
1 134 2 62 11
1 134 1 63 3
1 134 2 63 8
1 134 1 64 2
1 134 2 64 8
1 134 1 65 2
1 134 2 65 6
1 134 1 66 2
1 134 2 66 6
1 134 2 67 3
1 134 2 68 6
1 134 2 70 5
1 134 2 71 3
1 133 3 12 1
1 133 3 13 2
1 133 3 15 1
1 133 2 16 1
1 133 2 26 2
1 133 1 27 2
1 133 2 27 2
1 133 1 28 2
1 133 2 30 2
1 133 2 35 2
1 133 1 39 3
1 133 1 46 3
1 133 2 46 2
1 133 1 47 2
1 133 2 47 2
1 133 1 48 7
1 133 2 48 7
1 133 1 49 5
1 133 2 49 5
1 133 1 50 15
1 133 2 50 5
1 133 1 51 11
1 133 2 51 8
1 133 1 52 8
1 133 2 52 7
1 133 1 53 16
1 133 2 53 16
1 133 1 54 10
1 133 2 54 10
1 133 1 55 7
1 133 2 55 18
1 133 2 56 10
1 133 2 57 16
1 133 1 58 10
1 133 2 58 10
1 133 1 59 2
1 133 2 59 10
1 133 1 60 2
1 133 2 60 2
1 133 1 61 2
1 133 2 61 2
1 133 1 63 2
1 133 2 63 2
1 133 1 64 2
1 133 2 64 2
1 133 2 66 2
1 133 2 68 3
1 132 3 11 3
1 132 3 12 9
1 132 3 13 4
1 132 3 14 4
1 132 2 15 1
1 132 1 19 1
1 132 1 20 1
1 132 2 20 1
1 132 1 23 1
1 132 1 24 1
1 132 1 25 1
1 132 2 61 1
1 132 1 64 1
1 132 2 65 1
1 132 2 68 1
1 132 1 69 1
1 132 1 70 1
1 132 2 71 1
1 132 2 73 1
1 132 2 78 1
1 131 3 11 4
1 131 3 12 30
1 131 3 13 28
1 131 3 14 17
1 131 1 15 2
1 131 3 15 4
1 131 1 16 2
1 131 2 18 2
1 131 2 23 2
1 131 1 25 1
1 131 1 43 1
1 131 2 54 1
1 131 2 61 3
1 131 2 62 1
1 131 2 63 2
1 131 2 64 1
1 131 2 65 4
1 131 2 66 3
1 131 2 67 2
1 131 1 68 1
1 131 2 68 1
1 131 2 71 1
1 131 2 73 1
1 130 3 14 12
1 130 3 15 21
1 130 2 40 14
1 130 1 41 14
1 130 1 42 43
1 130 2 42 14
1 130 1 43 71
1 130 1 44 43
1 130 2 44 43
1 130 1 45 28
1 130 2 45 100
1 130 1 46 114
1 130 1 47 142
1 130 2 47 100
1 130 1 48 199
1 130 2 48 156
1 130 1 49 171
1 130 2 49 43
1 130 1 50 71
1 130 2 50 57
1 130 1 51 142
1 130 2 51 142
1 130 1 52 57
1 130 2 52 142
1 130 1 53 57
1 130 2 53 71
1 130 1 54 43
1 130 2 54 85
1 130 1 55 28
1 130 2 55 114
1 130 1 56 14
1 130 2 57 14
1 130 2 59 14
1 129 3 9 3
1 129 3 12 2
1 129 3 13 20
1 129 3 14 14
1 129 3 15 6
1 129 2 16 2
1 129 2 19 2
1 129 1 20 2
1 129 2 22 3
1 129 1 23 2
1 129 2 23 2
1 129 1 25 3
1 129 2 25 3
1 129 1 26 6
1 129 1 27 8
1 129 1 28 3
1 129 2 28 6
1 129 1 29 8
1 129 2 29 3
1 129 1 30 8
1 129 2 30 6
1 129 1 31 6
1 129 2 31 6
1 129 1 32 14
1 129 2 32 3
1 129 1 33 6
1 129 2 33 3
1 129 1 34 11
1 129 1 35 8
1 129 1 36 3
1 129 2 36 6
1 129 1 37 6
1 129 1 38 3
1 129 1 40 6
1 129 1 42 3
1 129 2 42 3
1 129 1 44 17
1 129 2 44 3
1 129 2 45 3
1 129 2 46 6
1 129 1 49 3
1 129 1 50 3
1 129 1 51 11
1 129 1 52 3
1 129 1 53 11
1 129 2 54 3
1 129 1 55 8
1 129 2 55 6
1 129 1 56 3
1 129 2 56 3
1 129 1 57 6
1 129 2 57 6
1 129 1 58 3
1 129 2 58 14
1 129 1 59 8
1 129 2 59 14
1 129 2 60 8
1 129 1 61 6
1 129 2 61 8
1 129 1 62 3
1 129 2 62 14
1 129 2 63 14
1 129 2 64 3
1 129 2 65 6
1 129 2 66 3
1 129 2 67 3
1 129 1 74 3
1 129 1 76 3
1 129 2 82 3
1 129 2 90 3
1 128 3 14 7
1 128 2 16 3
1 128 2 42 7
1 128 2 43 7
1 128 2 44 7
1 128 2 45 7
1 128 2 46 26
1 128 2 47 52
1 128 2 48 46
1 128 2 49 26
1 128 2 50 111
1 128 2 51 85
1 128 2 52 98
1 128 2 53 33
1 128 2 54 33
1 128 2 55 20
1 128 2 56 13
1 128 2 57 13
1 128 2 58 20
1 128 2 59 7
1 128 2 60 13
1 128 2 61 7
1 128 2 62 7
1 127 3 12 3
1 127 3 13 9
1 127 3 14 6
1 127 3 15 3
1 127 1 16 3
1 127 2 16 6
1 127 2 17 6
1 127 1 46 6
1 127 1 47 6
1 127 1 48 6
1 127 2 48 6
1 127 1 49 48
1 127 2 49 6
1 127 1 50 30
1 127 2 50 6
1 127 1 51 36
1 127 2 51 6
1 127 1 52 60
1 127 2 52 24
1 127 1 53 24
1 127 2 53 6
1 127 1 54 36
1 127 2 54 30
1 127 1 55 42
1 127 2 55 42
1 127 1 56 18
1 127 2 56 12
1 127 1 57 30
1 127 2 57 18
1 127 1 58 6
1 127 2 58 6
1 127 1 59 12
1 127 2 59 30
1 127 2 60 6
1 127 2 62 6
1 126 3 13 5
1 126 3 14 5
1 126 2 37 13
1 126 1 38 13
1 126 1 39 26
1 126 2 39 38
1 126 1 40 26
1 126 1 41 38
1 126 2 41 13
1 126 1 42 51
1 126 1 43 51
1 126 2 43 13
1 126 2 44 13
1 126 1 45 77
1 126 2 45 13
1 126 1 46 115
1 126 2 46 26
1 126 1 47 115
1 126 2 47 51
1 126 1 48 140
1 126 2 48 64
1 126 1 49 128
1 126 2 49 77
1 126 1 50 26
1 126 2 50 38
1 126 1 51 38
1 126 2 51 13
1 126 1 52 51
1 126 2 52 26
1 126 1 53 38
1 126 1 54 26
1 126 2 54 13
1 126 1 55 26
1 126 2 55 26
1 126 1 56 26
1 126 1 57 26
1 126 1 58 13
1 126 2 59 13
1 126 1 60 13
1 125 3 14 1
1 125 2 30 1
1 125 1 37 1
1 125 1 38 1
1 125 1 39 1
1 125 1 40 3
1 125 2 40 1
1 125 1 41 3
1 125 1 42 1
1 125 1 43 1
1 125 2 43 1
1 125 1 44 5
1 125 2 44 1
1 125 1 45 3
1 125 1 46 3
1 125 2 46 1
1 125 1 47 3
1 125 2 47 1
1 125 1 48 8
1 125 2 48 3
1 125 1 49 5
1 125 2 49 3
1 125 1 50 8
1 125 2 50 4
1 125 1 51 4
1 125 2 51 3
1 125 1 52 8
1 125 2 52 8
1 125 1 53 3
1 125 2 53 5
1 125 1 54 1
1 125 2 54 3
1 125 1 55 3
1 125 2 55 4
1 125 1 56 3
1 125 2 56 3
1 125 1 57 4
1 125 2 57 1
1 125 2 58 3
1 125 1 59 1
1 125 2 59 3
1 125 2 60 1
1 125 2 62 3
1 124 2 39 1
1 124 1 42 2
1 124 1 43 1
1 124 2 43 1
1 124 1 44 5
1 124 2 44 1
1 124 1 45 3
1 124 2 45 2
1 124 1 46 9
1 124 2 46 4
1 124 1 47 4
1 124 2 47 1
1 124 1 48 13
1 124 2 48 2
1 124 1 49 6
1 124 2 49 8
1 124 1 50 8
1 124 2 50 2
1 124 1 51 4
1 124 2 51 4
1 124 1 52 12
1 124 2 52 3
1 124 1 53 6
1 124 2 53 5
1 124 1 54 3
1 124 2 54 1
1 124 1 56 3
1 124 2 56 1
1 124 2 58 1
1 124 1 59 1
1 124 2 59 1
1 123 2 24 1
1 123 1 30 1
1 123 1 45 1
1 123 2 45 1
1 123 1 46 1
1 123 1 47 1
1 123 1 50 1
1 123 1 52 1
1 123 2 52 1
1 123 1 54 1
1 123 2 54 1
1 123 1 55 1
1 123 2 56 1
1 123 2 57 1
1 123 2 58 1
1 123 2 65 1
1 122 2 55 1
1 121 2 51 1
1 121 2 52 2
1 121 1 53 1
1 121 2 54 1
1 121 1 55 2
1 121 2 55 1
1 121 2 56 1
1 121 2 57 1
1 120 1 27 1
1 120 2 27 1
1 120 2 28 1
1 120 1 31 1
1 120 1 37 1
1 119 2 48 1
1 119 1 49 2
1 119 2 49 1
1 119 1 50 2
1 119 2 50 3
1 119 1 51 4
1 119 2 51 1
1 119 1 52 3
1 119 2 52 8
1 119 1 53 6
1 119 2 53 3
1 119 1 54 3
1 119 2 54 15
1 119 2 55 7
1 119 1 56 2
1 119 2 56 9
1 119 2 57 5
1 119 1 58 3
1 119 2 58 4
1 119 2 59 2
1 119 2 60 3
1 119 2 61 2
1 119 2 62 1
1 119 2 63 1
1 119 2 64 1
1 118 2 36 1
1 118 1 39 1
1 118 2 39 1
1 118 2 42 1
1 118 1 43 1
1 118 1 44 3
1 118 1 45 4
1 118 2 45 1
1 118 1 46 8
1 118 2 46 1
1 118 1 47 10
1 118 2 47 3
1 118 1 48 12
1 118 2 48 3
1 118 1 49 10
1 118 2 49 9
1 118 1 50 9
1 118 2 50 6
1 118 1 51 7
1 118 2 51 6
1 118 1 52 5
1 118 2 52 5
1 118 1 53 7
1 118 2 53 3
1 118 2 54 3
1 118 2 55 4
1 118 2 56 5
1 118 1 57 1
1 118 2 58 2
1 117 3 14 1
1 117 1 47 2
1 117 1 48 6
1 117 2 48 3
1 117 1 49 11
1 117 2 49 5
1 117 1 50 11
1 117 2 50 9
1 117 1 51 3
1 117 2 51 9
1 117 1 52 6
1 117 2 52 6
1 117 1 53 11
1 117 2 53 13
1 117 1 54 13
1 117 2 54 19
1 117 1 55 3
1 117 2 55 14
1 117 1 56 5
1 117 2 56 13
1 117 2 57 5
1 117 1 58 2
1 117 2 58 5
1 117 2 59 3
1 117 2 60 2
1 116 2 36 1
1 116 1 37 1
1 116 2 38 1
1 116 1 41 2
1 116 1 43 3
1 116 1 44 4
1 116 2 44 2
1 116 1 45 11
1 116 2 45 4
1 116 1 46 7
1 116 2 46 1
1 116 1 47 8
1 116 2 47 6
1 116 1 48 7
1 116 2 48 5
1 116 1 49 15
1 116 2 49 4
1 116 1 50 9
1 116 2 50 5
1 116 1 51 2
1 116 2 51 2
1 116 1 52 3
1 116 2 52 5
1 116 1 53 1
1 116 2 53 2
1 116 1 54 1
1 116 2 54 4
1 116 1 55 1
1 116 2 55 1
1 116 1 56 3
1 116 2 56 3
1 116 1 58 1
1 116 2 58 2
1 116 1 60 1
1 116 2 64 1
1 115 3 16 2
1 115 1 38 2
1 115 1 42 2
1 115 1 44 4
1 115 1 45 4
1 115 1 46 2
1 115 2 46 2
1 115 1 47 5
1 115 1 48 2
1 115 1 49 2
1 115 1 50 9
1 115 2 50 5
1 115 1 51 9
1 115 2 51 7
1 115 1 52 12
1 115 2 52 9
1 115 1 53 7
1 115 2 53 12
1 115 1 54 14
1 115 2 54 11
1 115 1 55 5
1 115 2 55 7
1 115 1 56 11
1 115 2 56 11
1 115 1 57 4
1 115 2 57 4
1 115 2 58 4
1 115 1 59 2
1 115 2 59 5
1 115 2 60 4
1 115 1 61 2
1 115 2 61 2
1 115 1 62 2
1 115 2 62 7
1 114 1 39 2
1 114 1 41 3
1 114 2 41 1
1 114 1 42 1
1 114 2 42 3
1 114 1 43 1
1 114 1 44 6
1 114 2 44 1
1 114 1 45 3
1 114 2 45 1
1 114 1 46 7
1 114 1 47 14
1 114 2 47 5
1 114 1 48 8
1 114 2 48 6
1 114 1 49 13
1 114 2 49 2
1 114 1 50 8
1 114 2 50 6
1 114 1 51 12
1 114 2 51 7
1 114 1 52 6
1 114 2 52 4
1 114 1 53 6
1 114 2 53 3
1 114 1 54 2
1 114 2 54 4
1 114 1 55 2
1 114 2 56 3
1 114 1 57 2
1 114 2 57 1
1 114 1 58 1
1 114 2 58 1
1 114 2 63 1
1 113 2 18 1
1 113 2 32 1
1 113 1 40 1
1 113 1 42 2
1 113 1 43 3
1 113 1 44 1
1 113 2 44 1
1 113 1 45 6
1 113 2 45 3
1 113 1 46 8
1 113 2 46 4
1 113 1 47 5
1 113 1 48 6
1 113 2 48 2
1 113 1 49 10
1 113 1 50 5
1 113 2 50 1
1 113 1 51 3
1 113 2 51 3
1 113 1 52 8
1 113 2 52 5
1 113 1 53 1
1 113 2 53 1
1 113 1 54 2
1 113 2 54 3
1 113 1 55 2
1 113 2 55 1
1 113 2 56 1
1 113 1 57 2
1 113 2 57 2
1 113 2 58 1
1 113 1 60 1
1 113 2 65 1
1 112 3 11 4
1 112 3 13 4
1 112 3 14 4
1 112 1 42 11
1 112 2 42 11
1 112 1 43 23
1 112 2 44 34
1 112 1 45 79
1 112 2 45 34
1 112 1 46 34
1 112 2 46 34
1 112 1 47 124
1 112 2 47 57
1 112 1 48 181
1 112 2 48 147
1 112 1 49 181
1 112 2 49 23
1 112 1 50 68
1 112 2 50 158
1 112 1 51 124
1 112 2 51 79
1 112 1 52 91
1 112 2 52 91
1 112 1 53 23
1 112 2 53 11
1 112 1 54 34
1 112 2 54 45
1 112 2 55 23
1 112 1 56 11
1 112 2 56 11
1 112 2 58 11
1 112 2 62 11
1 111 1 41 1
1 111 2 41 1
1 111 1 43 1
1 111 1 46 1
1 111 1 47 2
1 111 2 47 1
1 111 1 48 1
1 111 2 48 2
1 111 1 49 3
1 111 2 49 2
1 111 1 50 3
1 111 2 50 2
1 111 1 51 8
1 111 2 51 7
1 111 1 52 6
1 111 2 52 2
1 111 1 53 5
1 111 2 53 8
1 111 1 54 1
1 111 2 54 2
1 111 1 55 1
1 111 2 55 7
1 111 1 56 1
1 111 2 56 6
1 111 2 57 4
1 111 1 58 1
1 111 2 58 5
1 111 2 59 3
1 111 2 60 1
1 111 1 61 1
1 111 2 61 4
1 111 2 62 2
1 111 2 65 1
1 110 1 50 1
1 110 2 52 1
1 110 2 53 1
1 110 1 54 1
1 110 2 54 1
1 110 2 56 2
1 110 1 57 1
1 110 2 57 3
1 110 2 58 1
1 110 2 59 1
1 110 2 61 1
1 110 2 62 2
1 110 2 63 1
1 110 2 65 1
1 110 2 67 1
1 109 1 44 3
1 109 1 45 6
1 109 2 45 1
1 109 1 46 6
1 109 2 46 5
1 109 1 47 5
1 109 2 47 1
1 109 1 48 2
1 109 2 48 1
1 109 1 49 9
1 109 2 49 3
1 109 1 50 4
1 109 2 50 9
1 109 1 51 2
1 109 2 51 7
1 109 2 52 5
1 109 1 53 2
1 109 2 53 12
1 109 1 54 2
1 109 2 54 1
1 109 1 55 2
1 109 2 55 8
1 109 1 56 1
1 109 1 57 4
1 109 2 57 6
1 109 1 58 1
1 109 2 58 4
1 109 2 59 4
1 109 2 60 1
1 109 2 61 2
1 109 1 62 1
1 109 2 62 2
1 109 2 64 2
1 108 2 16 4
1 108 1 42 21
1 108 1 44 62
1 108 1 45 21
1 108 2 45 83
1 108 1 46 145
1 108 2 46 83
1 108 1 47 124
1 108 2 47 62
1 108 1 48 248
1 108 2 48 83
1 108 1 49 124
1 108 2 49 62
1 108 1 50 207
1 108 2 50 186
1 108 1 51 145
1 108 2 51 62
1 108 1 52 269
1 108 2 52 207
1 108 1 53 21
1 108 2 53 145
1 108 1 54 21
1 108 2 54 145
1 108 1 55 62
1 108 2 55 83
1 108 2 56 124
1 108 2 57 21
1 108 1 59 21
1 108 2 60 41
1 107 3 14 1
1 107 2 28 1
1 107 1 47 1
1 107 1 48 1
1 107 2 48 1
1 107 1 50 1
1 107 2 52 1
1 107 2 53 1
1 107 2 54 1
1 107 2 55 1
1 107 2 56 1
1 107 2 57 2
1 107 2 58 1
1 107 2 59 1
1 107 1 61 1
1 107 2 61 1
1 107 2 62 1
1 106 3 13 8
1 106 3 14 21
1 106 1 15 4
1 106 2 15 8
1 106 1 16 8
1 106 2 20 4
1 106 1 43 11
1 106 1 44 11
1 106 2 44 11
1 106 1 45 33
1 106 2 45 22
1 106 1 46 33
1 106 2 46 33
1 106 1 47 89
1 106 2 47 44
1 106 1 48 77
1 106 2 48 55
1 106 1 49 100
1 106 2 49 66
1 106 1 50 100
1 106 2 50 111
1 106 1 51 55
1 106 2 51 122
1 106 1 52 55
1 106 2 52 66
1 106 1 53 33
1 106 2 53 144
1 106 1 54 44
1 106 2 54 89
1 106 1 55 22
1 106 2 55 11
1 106 1 56 22
1 106 2 56 44
1 106 1 58 11
1 106 1 60 11
1 106 1 63 11
1 106 2 63 11
1 106 2 64 11
1 106 2 65 11
1 106 2 66 11
1 105 3 12 4
1 105 3 13 2
1 105 3 14 11
1 105 1 15 6
1 105 2 15 3
1 105 1 16 4
1 105 2 16 1
1 105 1 17 1
1 105 2 18 1
1 105 1 19 1
1 105 2 19 1
1 105 1 20 2
1 105 2 20 1
1 105 1 21 2
1 105 2 22 2
1 105 2 27 1
1 105 1 28 1
1 105 2 29 2
1 105 1 31 2
1 105 2 36 2
1 105 2 37 2
1 105 1 38 2
1 105 2 39 2
1 105 1 40 2
1 105 1 41 5
1 105 1 42 2
1 105 2 42 5
1 105 1 43 2
1 105 2 43 7
1 105 1 44 17
1 105 2 44 10
1 105 1 45 27
1 105 2 45 10
1 105 1 46 17
1 105 2 46 5
1 105 1 47 29
1 105 2 47 14
1 105 1 48 22
1 105 2 48 27
1 105 1 49 17
1 105 2 49 5
1 105 1 50 17
1 105 2 50 19
1 105 1 51 22
1 105 2 51 5
1 105 1 52 14
1 105 2 52 19
1 105 1 53 5
1 105 2 53 2
1 105 1 54 2
1 105 2 54 12
1 105 2 55 5
1 105 2 56 7
1 105 2 58 10
1 105 2 61 2
1 104 3 11 3
1 104 3 12 24
1 104 3 13 21
1 104 3 14 42
1 104 1 15 17
1 104 2 15 10
1 104 3 15 7
1 104 2 16 3
1 104 2 17 3
1 104 1 18 3
1 104 1 19 3
1 104 2 20 7
1 104 2 22 3
1 104 1 24 3
1 104 1 31 10
1 104 2 31 10
1 104 1 32 10
1 104 1 33 10
1 104 1 34 30
1 104 1 35 10
1 104 2 35 10
1 104 1 36 30
1 104 2 36 10
1 104 1 37 10
1 104 1 38 20
1 104 1 39 20
1 104 2 39 10
1 104 1 40 60
1 104 2 40 30
1 104 1 41 89
1 104 2 41 30
1 104 1 42 149
1 104 2 42 79
1 104 1 43 79
1 104 2 43 50
1 104 1 44 79
1 104 2 44 89
1 104 1 45 70
1 104 2 45 40
1 104 1 46 109
1 104 2 46 99
1 104 1 47 199
1 104 2 47 40
1 104 1 48 119
1 104 2 48 70
1 104 1 49 99
1 104 2 49 50
1 104 1 50 50
1 104 2 50 30
1 104 1 51 40
1 104 2 51 40
1 104 1 52 20
1 104 2 52 10
1 104 1 53 10
1 104 2 54 20
1 104 2 57 10
1 104 2 75 10
1 103 3 10 4
1 103 3 11 4
1 103 3 12 18
1 103 3 13 22
1 103 3 14 29
1 103 1 15 4
1 103 2 15 4
1 103 3 15 7
1 103 2 16 4
1 103 1 19 4
1 103 2 19 7
1 103 1 20 4
1 103 2 20 4
1 103 1 31 4
1 103 2 34 4
1 103 1 35 4
1 103 2 35 8
1 103 2 39 8
1 103 1 40 4
1 103 2 40 8
1 103 1 41 4
1 103 2 41 12
1 103 1 42 8
1 103 2 42 4
1 103 1 43 4
1 103 2 43 4
1 103 1 44 20
1 103 2 44 27
1 103 1 45 23
1 103 2 45 20
1 103 1 46 39
1 103 2 46 23
1 103 1 47 20
1 103 2 47 20
1 103 1 48 20
1 103 2 48 16
1 103 1 49 20
1 103 2 49 8
1 103 1 50 16
1 103 2 50 12
1 103 1 51 12
1 103 2 51 8
1 103 1 52 12
1 103 2 52 16
1 103 1 53 4
1 103 2 53 8
1 103 1 54 4
1 103 2 54 12
1 103 2 55 4
1 103 1 56 4
1 103 2 57 8
1 103 2 58 4
1 103 2 60 4
1 103 2 66 4
1 103 2 70 4
1 102 3 12 3
1 102 3 13 6
1 102 3 14 6
1 102 3 15 3
1 102 1 16 8
1 102 2 16 3
1 102 1 19 3
1 102 2 19 3
1 102 2 20 6
1 102 2 21 3
1 102 2 33 6
1 102 2 34 6
1 102 1 38 6
1 102 1 39 6
1 102 1 40 11
1 102 2 40 6
1 102 1 41 39
1 102 1 42 34
1 102 2 42 6
1 102 1 43 17
1 102 2 43 17
1 102 1 44 84
1 102 2 44 34
1 102 1 45 45
1 102 2 45 6
1 102 1 46 62
1 102 2 46 28
1 102 1 47 22
1 102 2 47 17
1 102 1 48 34
1 102 2 48 28
1 102 1 49 17
1 102 2 49 22
1 102 1 50 34
1 102 2 50 22
1 102 2 51 17
1 102 1 52 11
1 102 2 52 6
1 102 1 53 6
1 102 2 54 28
1 102 1 55 6
1 102 2 55 6
1 102 1 58 6
1 102 2 58 6
1 102 2 60 6
1 101 3 11 3
1 101 3 13 33
1 101 3 14 3
1 101 3 15 21
1 101 1 16 3
1 101 2 16 3
1 101 3 16 3
1 101 2 18 3
1 101 1 19 3
1 101 1 20 3
1 101 2 20 3
1 101 1 21 9
1 101 1 22 3
1 101 1 32 3
1 101 2 40 9
1 101 1 41 19
1 101 2 41 9
1 101 1 42 56
1 101 2 42 19
1 101 1 43 28
1 101 1 44 28
1 101 2 44 9
1 101 1 45 66
1 101 2 45 38
1 101 1 46 150
1 101 2 46 85
1 101 1 47 56
1 101 2 47 66
1 101 1 48 207
1 101 2 48 28
1 101 1 49 47
1 101 2 49 9
1 101 1 50 122
1 101 2 50 38
1 101 2 51 28
1 101 1 52 38
1 101 2 52 19
1 101 1 53 9
1 101 2 53 9
1 101 1 54 19
1 101 2 54 9
1 101 2 56 9
1 101 2 61 9
1 100 3 11 3
1 100 3 12 3
1 100 3 13 8
1 100 3 14 10
1 100 2 15 3
1 100 3 15 10
1 100 3 16 3
1 100 2 17 3
1 100 2 23 3
1 100 1 44 22
1 100 2 44 11
1 100 2 45 11
1 100 1 46 45
1 100 2 46 45
1 100 1 48 134
1 100 2 48 78
1 100 1 49 11
1 100 2 49 45
1 100 1 50 89
1 100 2 50 156
1 100 1 51 67
1 100 2 51 11
1 100 1 52 78
1 100 2 52 168
1 100 1 53 22
1 100 1 54 45
1 100 2 54 78
1 100 2 55 22
1 100 1 56 11
1 100 2 56 45
1 100 2 57 11
1 100 2 58 34
1 99 3 9 1
1 99 3 10 4
1 99 3 11 4
1 99 3 12 1
1 99 3 13 1
1 99 1 49 3
1 99 2 54 7
1 99 2 56 7
1 99 1 57 3
1 99 2 57 7
1 99 2 58 13
1 99 2 59 3
1 99 1 60 3
1 99 2 60 3
1 99 1 61 7
1 99 2 61 7
1 99 2 62 3
1 99 1 63 3
1 99 2 63 7
1 99 2 64 10
1 99 2 65 3
1 99 1 66 3
1 99 2 66 7
1 99 2 67 7
1 99 2 68 10
1 99 2 69 7
1 99 2 70 7
1 99 2 71 7
1 99 2 72 7
1 99 2 73 3
1 99 1 76 3
1 99 2 76 3
1 99 2 77 3
1 98 3 9 11
1 98 3 10 9
1 98 3 11 5
1 98 2 52 1
1 98 1 55 1
1 98 2 59 1
1 98 1 62 2
1 98 1 63 2
1 98 1 66 1
1 98 1 67 2
1 98 2 67 2
1 98 2 68 1
1 98 2 71 1
1 98 2 72 1
1 98 2 73 1
1 98 2 74 2
1 98 2 76 1
1 97 3 8 1
1 97 3 10 4
1 97 3 11 3
1 97 3 12 1
1 97 3 14 1
1 97 1 49 1
1 97 2 56 3
1 97 1 57 1
1 97 1 58 2
1 97 2 59 1
1 97 2 60 3
1 97 1 61 1
1 97 1 62 2
1 97 2 62 4
1 97 2 63 3
1 97 2 64 6
1 97 2 66 5
1 97 2 69 1
1 97 2 70 2
1 97 2 72 1
1 97 2 80 1
1 96 3 9 1
1 96 3 10 1
1 96 3 11 1
1 96 3 13 1
1 96 1 54 1
1 96 1 59 1
1 96 1 60 1
1 96 1 62 2
1 96 2 64 1
1 96 2 65 1
1 96 1 67 1
1 96 2 67 1
1 96 2 69 1
1 96 2 76 2
1 95 3 10 1
1 95 3 11 3
1 94 3 10 1
1 94 3 11 1
1 93 3 11 1
1 92 1 16 2
1 92 2 17 2
1 92 1 18 2
1 92 2 19 5
1 92 1 30 15
1 92 1 31 31
1 92 1 33 15
1 92 2 34 15
1 92 2 35 15
1 92 1 36 15
1 92 2 36 31
1 92 2 38 31
1 92 1 39 31
1 92 2 39 15
1 92 1 40 46
1 92 2 40 15
1 92 1 41 77
1 92 2 41 77
1 92 1 42 46
1 92 2 42 31
1 92 1 43 46
1 92 2 43 62
1 92 1 44 123
1 92 2 44 92
1 92 1 45 77
1 92 2 45 31
1 92 1 46 62
1 92 2 46 62
1 92 1 47 92
1 92 2 47 77
1 92 1 48 31
1 92 2 48 77
1 92 1 49 92
1 92 2 49 77
1 92 1 50 15
1 92 2 50 46
1 92 1 51 31
1 92 2 51 46
1 92 1 52 15
1 92 2 52 31
1 92 2 53 46
1 92 2 54 15
1 92 2 55 15
1 92 2 56 15
1 92 2 59 46
1 92 2 60 15
1 92 2 63 15
1 91 3 12 1
1 91 2 17 1
1 91 2 41 7
1 91 1 42 3
1 91 2 42 3
1 91 1 43 14
1 91 2 43 7
1 91 1 44 24
1 91 2 44 7
1 91 2 45 3
1 91 1 46 21
1 91 2 46 28
1 91 1 47 10
1 91 2 47 17
1 91 1 48 38
1 91 2 48 63
1 91 1 49 7
1 91 2 49 24
1 91 1 50 24
1 91 2 50 49
1 91 2 51 10
1 91 1 52 14
1 91 2 52 24
1 91 2 53 7
1 91 2 54 17
1 91 2 58 14
1 91 1 60 7
1 91 1 62 3
1 91 2 62 10
1 91 1 63 3
1 91 2 63 3
1 91 1 64 3
1 91 2 69 3
1 90 2 17 4
1 90 1 18 4
1 90 2 18 3
1 90 1 19 2
1 90 2 19 7
1 90 1 20 3
1 90 2 20 1
1 90 2 21 1
1 90 1 40 3
1 90 2 41 3
1 90 1 42 3
1 90 1 43 13
1 90 1 44 13
1 90 2 44 10
1 90 1 45 10
1 90 2 45 10
1 90 1 46 38
1 90 2 46 13
1 90 1 47 42
1 90 2 47 29
1 90 1 48 35
1 90 2 48 42
1 90 1 49 13
1 90 2 49 42
1 90 1 50 13
1 90 2 50 45
1 90 2 51 19
1 90 1 52 13
1 90 2 52 13
1 90 1 53 3
1 90 2 53 13
1 90 1 54 6
1 90 2 54 19
1 90 1 55 10
1 90 2 55 6
1 90 2 56 3
1 90 2 57 10
1 90 2 58 10
1 90 2 59 3
1 90 2 61 6
1 89 1 16 1
1 89 1 17 1
1 89 2 17 3
1 89 1 18 3
1 89 2 18 9
1 89 1 19 2
1 89 2 19 5
1 89 1 20 2
1 89 2 20 3
1 89 1 21 1
1 89 2 21 1
1 89 2 34 2
1 89 2 43 2
1 89 1 44 5
1 89 2 44 5
1 89 1 46 7
1 89 2 46 2
1 89 1 48 7
1 89 2 48 2
1 89 1 50 14
1 89 2 50 16
1 89 1 51 2
1 89 2 51 5
1 89 1 52 7
1 89 2 52 14
1 89 2 53 5
1 89 1 54 14
1 89 2 54 16
1 89 2 55 5
1 89 1 56 5
1 89 2 56 5
1 89 1 58 2
1 89 2 58 2
1 89 1 60 2
1 89 2 60 16
1 89 2 61 5
1 89 1 62 2
1 89 2 62 5
1 89 1 63 2
1 89 2 64 2
1 89 2 65 2
1 89 1 66 5
1 89 2 66 2
1 89 2 68 7
1 89 2 69 2
1 89 2 70 2
1 89 2 71 2
1 89 2 73 2
1 89 2 76 2
1 89 2 78 2
1 88 3 14 3
1 88 2 16 2
1 88 1 17 5
1 88 2 17 2
1 88 1 18 7
1 88 2 18 7
1 88 1 19 11
1 88 2 19 8
1 88 1 21 2
1 88 2 21 3
1 88 2 35 2
1 88 1 37 5
1 88 1 39 2
1 88 2 40 2
1 88 1 42 2
1 88 1 43 2
1 88 2 43 7
1 88 1 44 9
1 88 2 44 12
1 88 1 45 7
1 88 2 45 7
1 88 1 46 16
1 88 2 46 14
1 88 1 47 12
1 88 2 47 7
1 88 1 48 14
1 88 2 48 21
1 88 1 49 9
1 88 2 49 7
1 88 1 50 18
1 88 2 50 25
1 88 1 51 5
1 88 2 51 5
1 88 1 52 14
1 88 2 52 18
1 88 1 53 2
1 88 2 53 16
1 88 1 54 5
1 88 2 54 23
1 88 2 55 9
1 88 1 56 9
1 88 2 56 12
1 88 2 57 2
1 88 1 58 5
1 88 2 58 5
1 88 2 59 2
1 88 2 60 2
1 88 1 61 2
1 88 2 62 5
1 87 1 17 4
1 87 1 18 8
1 87 2 18 8
1 87 1 19 4
1 87 2 19 16
1 87 2 20 4
1 87 1 21 14
1 87 2 21 4
1 87 1 22 4
1 87 2 22 8
1 87 1 23 4
1 87 2 25 4
1 87 1 27 4
1 87 1 28 6
1 87 2 30 6
1 87 1 32 4
1 87 1 33 6
1 87 2 33 12
1 87 1 34 6
1 87 2 34 6
1 87 1 36 6
1 87 1 38 6
1 87 2 40 6
1 87 2 41 6
1 87 2 42 12
1 87 1 43 12
1 87 2 43 43
1 87 1 44 12
1 87 2 44 18
1 87 1 45 18
1 87 2 45 18
1 87 1 46 74
1 87 2 46 43
1 87 1 47 86
1 87 2 47 74
1 87 1 48 62
1 87 2 48 62
1 87 1 49 49
1 87 2 49 55
1 87 1 50 25
1 87 2 50 43
1 87 1 51 18
1 87 2 51 68
1 87 1 52 25
1 87 2 52 25
1 87 1 53 18
1 87 2 53 12
1 87 1 54 12
1 87 2 54 12
1 87 2 56 12
1 87 1 57 12
1 87 2 57 6
1 87 2 58 6
1 87 2 60 6
1 87 2 62 6
1 86 3 13 5
1 86 1 17 16
1 86 2 17 5
1 86 1 18 26
1 86 2 18 5
1 86 1 19 31
1 86 2 19 16
1 86 1 20 10
1 86 2 20 10
1 86 2 21 10
1 86 1 23 5
1 86 1 25 5
1 86 1 31 15
1 86 1 35 30
1 86 1 37 15
1 86 2 37 15
1 86 2 38 30
1 86 2 39 15
1 86 1 40 15
1 86 1 41 74
1 86 2 41 44
1 86 1 42 44
1 86 2 42 59
1 86 1 43 118
1 86 2 43 44
1 86 1 44 148
1 86 2 44 44
1 86 1 45 133
1 86 2 45 118
1 86 1 46 148
1 86 2 46 104
1 86 1 47 251
1 86 2 47 177
1 86 1 48 89
1 86 2 48 104
1 86 1 49 104
1 86 2 49 192
1 86 1 50 30
1 86 2 50 177
1 86 1 51 44
1 86 2 51 237
1 86 2 52 15
1 86 1 53 15
1 86 2 53 30
1 86 2 54 30
1 86 2 55 30
1 86 1 56 15
1 86 2 58 15
1 85 2 17 5
1 85 1 18 5
1 85 1 19 19
1 85 2 19 33
1 85 1 20 19
1 85 2 20 14
1 85 1 21 5
1 85 2 21 5
1 85 1 22 24
1 85 2 22 5
1 85 2 23 14
1 85 2 25 5
1 85 1 26 5
1 85 1 31 6
1 85 1 32 6
1 85 2 34 6
1 85 1 35 6
1 85 1 39 12
1 85 1 40 24
1 85 2 40 18
1 85 1 41 30
1 85 2 41 6
1 85 1 42 48
1 85 2 42 54
1 85 1 43 48
1 85 2 43 18
1 85 1 44 107
1 85 2 44 72
1 85 1 45 66
1 85 2 45 42
1 85 1 46 113
1 85 2 46 66
1 85 1 47 36
1 85 2 47 24
1 85 1 48 66
1 85 2 48 72
1 85 1 49 30
1 85 2 49 24
1 85 1 50 12
1 85 2 50 30
1 85 1 51 18
1 85 2 51 6
1 85 2 52 18
1 85 2 53 30
1 85 1 54 6
1 85 2 54 6
1 85 2 55 6
1 85 2 56 6
1 85 1 59 6
1 85 2 62 6
1 85 1 65 6
1 84 1 15 2
1 84 2 17 2
1 84 2 18 2
1 84 1 19 3
1 84 1 20 2
1 84 2 21 2
1 84 1 22 2
1 84 1 39 7
1 84 1 40 15
1 84 2 41 7
1 84 1 42 22
1 84 2 42 37
1 84 1 43 37
1 84 2 43 37
1 84 1 44 67
1 84 2 44 45
1 84 1 45 37
1 84 2 45 45
1 84 1 46 75
1 84 2 46 82
1 84 1 47 60
1 84 2 47 37
1 84 1 48 75
1 84 2 48 60
1 84 1 49 30
1 84 2 49 15
1 84 1 50 37
1 84 2 50 52
1 84 2 51 30
1 84 1 52 7
1 84 2 52 22
1 84 2 53 7
1 84 2 54 22
1 84 1 55 7
1 84 2 55 15
1 84 1 56 7
1 84 2 56 7
1 84 2 58 7
1 84 1 62 7
1 83 2 15 1
1 83 1 17 1
1 83 2 17 3
1 83 1 18 1
1 83 2 18 3
1 83 1 19 8
1 83 2 19 5
1 83 1 20 6
1 83 2 20 4
1 83 1 21 3
1 83 2 21 4
1 83 1 22 1
1 83 2 22 3
1 83 1 23 1
1 83 2 23 1
1 83 1 24 1
1 83 2 24 1
1 83 1 26 4
1 83 1 27 1
1 83 2 27 1
1 83 2 32 4
1 83 1 36 8
1 83 1 38 4
1 83 2 38 4
1 83 1 40 4
1 83 2 40 8
1 83 1 41 4
1 83 2 41 4
1 83 1 42 23
1 83 2 42 31
1 83 1 44 31
1 83 2 44 35
1 83 1 45 4
1 83 2 45 4
1 83 1 46 47
1 83 2 46 55
1 83 1 47 12
1 83 2 47 8
1 83 1 48 19
1 83 2 48 51
1 83 2 49 19
1 83 2 50 55
1 83 1 52 8
1 83 2 52 23
1 83 2 54 12
1 83 2 56 4
1 83 1 58 8
1 83 2 58 4
1 83 2 60 4
1 83 1 62 4
1 82 1 37 1
1 82 2 38 1
1 82 1 39 1
1 82 2 39 1
1 82 1 40 3
1 82 1 41 3
1 82 2 41 1
1 82 1 42 2
1 82 2 42 4
1 82 1 43 2
1 82 2 43 3
1 82 1 44 10
1 82 2 44 9
1 82 1 45 8
1 82 2 45 4
1 82 1 46 15
1 82 2 46 22
1 82 1 47 7
1 82 2 47 8
1 82 1 48 11
1 82 2 48 15
1 82 1 49 1
1 82 2 49 6
1 82 1 50 2
1 82 2 50 12
1 82 1 51 1
1 82 2 51 9
1 82 1 52 3
1 82 2 52 7
1 82 1 53 1
1 82 2 53 4
1 82 1 54 2
1 82 2 54 2
1 82 2 55 2
1 82 1 56 3
1 82 2 56 1
1 82 2 60 1
1 81 2 15 5
1 81 1 17 5
1 81 1 18 5
1 81 2 18 11
1 81 1 19 43
1 81 2 19 11
1 81 1 20 11
1 81 2 20 22
1 81 1 21 11
1 81 2 21 22
1 81 1 22 11
1 81 1 38 11
1 81 2 39 11
1 81 2 40 32
1 81 1 41 11
1 81 1 42 85
1 81 2 42 43
1 81 1 43 21
1 81 1 44 181
1 81 2 44 117
1 81 1 45 53
1 81 2 45 11
1 81 1 46 160
1 81 2 46 117
1 81 1 47 21
1 81 2 47 43
1 81 1 48 107
1 81 2 48 181
1 81 1 49 32
1 81 2 49 21
1 81 1 50 32
1 81 2 50 85
1 81 1 52 43
1 81 2 52 43
1 81 2 53 32
1 81 1 54 21
1 81 2 54 64
1 81 1 56 21
1 81 2 56 11
1 81 2 58 21
1 81 1 65 11
1 80 2 16 5
1 80 2 17 5
1 80 1 18 11
1 80 2 18 16
1 80 1 19 27
1 80 2 19 37
1 80 1 20 27
1 80 2 20 32
1 80 1 21 21
1 80 2 21 16
1 80 1 22 11
1 80 2 22 5
1 80 1 23 5
1 80 2 24 5
1 80 2 25 5
1 80 1 26 5
1 80 1 36 34
1 80 1 38 34
1 80 2 38 34
1 80 1 40 67
1 80 2 40 169
1 80 1 41 34
1 80 1 42 202
1 80 2 42 101
1 80 1 43 135
1 80 2 43 67
1 80 1 44 405
1 80 2 44 405
1 80 1 45 304
1 80 2 45 101
1 80 1 46 371
1 80 2 46 607
1 80 1 47 270
1 80 2 47 202
1 80 1 48 337
1 80 2 48 708
1 80 1 49 135
1 80 2 49 135
1 80 1 50 236
1 80 2 50 304
1 80 2 51 101
1 80 1 52 34
1 80 2 52 101
1 80 1 53 34
1 80 2 53 34
1 80 1 56 34
1 80 2 56 34
1 80 2 60 34
1 80 1 63 34
1 79 1 16 3
1 79 2 33 12
1 79 1 38 36
1 79 2 38 24
1 79 1 39 47
1 79 1 40 12
1 79 2 40 24
1 79 1 41 12
1 79 2 41 24
1 79 1 42 107
1 79 2 42 107
1 79 1 43 36
1 79 2 43 47
1 79 1 44 130
1 79 2 44 130
1 79 1 45 24
1 79 2 45 47
1 79 1 46 130
1 79 2 46 107
1 79 1 47 71
1 79 2 47 47
1 79 1 48 107
1 79 2 48 107
1 79 1 49 24
1 79 2 49 59
1 79 1 50 71
1 79 2 50 71
1 79 1 51 12
1 79 2 51 24
1 79 1 52 12
1 79 2 52 24
1 79 2 53 36
1 79 2 54 71
1 79 1 56 12
1 79 2 56 36
1 79 2 60 12
1 78 3 13 3
1 78 1 16 3
1 78 1 18 3
1 78 2 18 3
1 78 1 19 3
1 78 2 19 9
1 78 2 20 3
1 78 1 34 15
1 78 2 36 15
1 78 2 37 15
1 78 1 38 73
1 78 1 39 29
1 78 1 40 132
1 78 2 40 146
1 78 1 41 44
1 78 2 41 59
1 78 1 42 205
1 78 2 42 132
1 78 1 43 59
1 78 2 43 44
1 78 1 44 117
1 78 2 44 176
1 78 1 45 59
1 78 2 45 73
1 78 1 46 234
1 78 2 46 132
1 78 1 47 73
1 78 2 47 59
1 78 1 48 132
1 78 2 48 73
1 78 2 49 29
1 78 1 50 44
1 78 1 51 15
1 78 2 51 44
1 78 1 52 15
1 78 2 52 29
1 78 1 53 15
1 78 2 53 15
1 78 2 54 29
1 78 1 60 15
1 77 3 13 3
1 77 1 16 5
1 77 1 17 3
1 77 1 18 3
1 77 2 18 8
1 77 1 19 33
1 77 2 19 10
1 77 1 20 5
1 77 2 20 5
1 77 1 21 5
1 77 2 21 10
1 77 2 22 3
1 77 1 23 3
1 77 1 36 16
1 77 2 36 16
1 77 1 38 31
1 77 2 38 16
1 77 1 39 79
1 77 2 39 47
1 77 1 40 94
1 77 2 40 16
1 77 1 41 110
1 77 2 41 141
1 77 1 42 79
1 77 2 42 94
1 77 1 43 204
1 77 2 43 79
1 77 1 44 157
1 77 2 44 94
1 77 1 45 141
1 77 2 45 141
1 77 1 46 63
1 77 2 46 63
1 77 1 47 63
1 77 2 47 141
1 77 1 48 16
1 77 2 48 79
1 77 1 49 63
1 77 2 49 31
1 77 2 50 31
1 77 1 52 16
1 77 2 52 31
1 77 1 53 47
1 77 2 54 16
1 77 2 55 16
1 77 1 63 16
1 77 2 74 16
1 76 1 17 120
1 76 2 17 40
1 76 1 18 80
1 76 2 18 80
1 76 1 19 160
1 76 2 19 80
1 76 1 20 160
1 76 2 20 200
1 76 1 21 120
1 76 2 21 40
1 76 1 22 80
1 76 2 22 120
1 76 1 24 40
1 76 2 32 12
1 76 1 38 12
1 76 2 38 12
1 76 1 39 12
1 76 2 40 12
1 76 1 41 12
1 76 1 42 72
1 76 2 42 84
1 76 1 43 36
1 76 1 44 144
1 76 2 44 72
1 76 1 45 60
1 76 1 46 144
1 76 2 46 84
1 76 1 47 60
1 76 2 47 36
1 76 1 48 132
1 76 2 48 108
1 76 1 49 36
1 76 1 50 48
1 76 2 50 36
1 76 1 51 12
1 76 1 52 36
1 76 2 52 36
1 76 2 53 12
1 76 1 54 36
1 76 2 54 48
1 76 2 56 36
1 76 1 57 12
1 76 2 57 12
1 76 1 60 12
1 76 2 60 12
1 76 2 61 12
1 76 1 62 12
1 76 1 72 12
1 75 1 18 5
1 75 1 37 9
1 75 2 38 9
1 75 1 40 27
1 75 2 40 9
1 75 1 41 46
1 75 1 42 73
1 75 2 42 36
1 75 1 43 73
1 75 2 43 55
1 75 1 44 137
1 75 2 44 27
1 75 1 45 46
1 75 2 45 36
1 75 1 46 82
1 75 2 46 27
1 75 1 47 27
1 75 2 47 73
1 75 1 48 182
1 75 2 48 109
1 75 1 49 9
1 75 2 49 27
1 75 1 50 36
1 75 2 50 27
1 75 1 51 9
1 75 2 51 9
1 75 1 52 18
1 75 2 52 36
1 75 2 53 9
1 75 1 54 9
1 75 2 54 9
1 75 2 55 9
1 75 2 59 9
1 75 1 68 9
1 74 3 11 8
1 74 3 13 4
1 74 3 17 4
1 74 3 18 4
1 74 2 34 26
1 74 1 35 26
1 74 2 37 26
1 74 1 38 26
1 74 1 39 26
1 74 2 39 26
1 74 1 40 154
1 74 1 41 179
1 74 2 41 51
1 74 1 42 77
1 74 2 42 205
1 74 1 43 410
1 74 2 43 77
1 74 1 44 256
1 74 2 44 205
1 74 1 45 410
1 74 2 45 26
1 74 1 46 256
1 74 2 46 179
1 74 1 47 308
1 74 2 47 51
1 74 1 48 77
1 74 2 48 256
1 74 1 49 51
1 74 2 49 26
1 74 1 50 26
1 74 2 50 179
1 74 2 51 26
1 74 2 52 26
1 74 1 53 26
1 74 2 53 26
1 74 2 56 26
1 74 2 68 26
1 73 3 14 2
1 73 1 15 2
1 73 1 16 2
1 73 1 17 2
1 73 1 18 2
1 73 2 18 7
1 73 1 19 2
1 73 2 19 5
1 73 1 20 2
1 73 2 20 5
1 73 1 23 2
1 73 1 36 8
1 73 1 38 8
1 73 2 38 8
1 73 1 39 40
1 73 2 39 8
1 73 1 40 64
1 73 2 40 8
1 73 1 41 79
1 73 2 41 24
1 73 1 42 8
1 73 2 42 24
1 73 1 43 64
1 73 2 43 48
1 73 1 44 32
1 73 2 44 72
1 73 1 45 95
1 73 2 45 16
1 73 1 46 64
1 73 2 46 64
1 73 1 47 56
1 73 2 47 48
1 73 1 48 32
1 73 2 48 56
1 73 1 49 16
1 73 2 49 24
1 73 1 50 32
1 73 2 50 16
1 73 1 51 8
1 73 2 51 40
1 73 1 52 24
1 73 2 52 16
1 73 1 59 8
1 73 2 66 8
1 73 1 68 8
1 73 2 82 8
1 72 3 14 3
1 72 1 15 3
1 72 2 15 3
1 72 2 17 7
1 72 1 18 7
1 72 2 18 3
1 72 1 19 3
1 72 1 20 10
1 72 1 21 3
1 72 2 21 3
1 72 1 22 7
1 72 2 22 7
1 72 1 23 7
1 72 2 23 3
1 72 2 24 3
1 72 2 25 3
1 72 2 27 3
1 72 2 31 3
1 72 2 32 16
1 72 1 34 16
1 72 2 34 16
1 72 1 38 16
1 72 2 38 16
1 72 1 39 48
1 72 2 39 32
1 72 1 40 63
1 72 2 40 48
1 72 1 41 143
1 72 2 41 32
1 72 1 42 111
1 72 2 42 16
1 72 1 43 111
1 72 2 43 63
1 72 1 44 159
1 72 2 44 222
1 72 1 45 174
1 72 2 45 159
1 72 1 46 143
1 72 2 46 63
1 72 1 47 174
1 72 2 47 48
1 72 1 48 63
1 72 2 48 95
1 72 1 49 32
1 72 2 49 111
1 72 1 50 32
1 72 2 50 143
1 72 2 52 16
1 72 1 54 16
1 72 2 54 16
1 72 2 58 32
1 72 2 73 16
1 71 3 11 2
1 71 3 13 6
1 71 3 14 2
1 71 1 15 2
1 71 2 16 2
1 71 2 19 2
1 71 2 20 2
1 71 1 22 2
1 71 1 38 4
1 71 1 40 4
1 71 2 40 4
1 71 1 41 4
1 71 1 42 4
1 71 1 43 4
1 71 2 43 4
1 71 1 44 16
1 71 2 44 12
1 71 1 45 29
1 71 1 46 16
1 71 2 46 16
1 71 1 47 25
1 71 2 47 16
1 71 1 48 20
1 71 2 48 12
1 71 1 49 29
1 71 2 49 37
1 71 1 50 16
1 71 2 50 16
1 71 1 51 12
1 71 2 51 8
1 71 1 52 8
1 71 2 52 20
1 71 2 53 4
1 71 1 54 8
1 71 1 55 4
1 71 2 55 8
1 71 2 56 4
1 71 1 57 4
1 71 1 58 4
1 70 3 13 3
1 70 3 14 3
1 70 1 18 3
1 70 2 19 3
1 70 1 20 5
1 70 2 20 5
1 70 1 21 3
1 70 2 21 3
1 70 1 37 3
1 70 1 38 3
1 70 1 40 14
1 70 1 41 14
1 70 2 41 20
1 70 1 42 7
1 70 2 42 10
1 70 1 43 17
1 70 2 43 38
1 70 1 44 14
1 70 2 44 14
1 70 1 45 48
1 70 2 45 20
1 70 1 46 14
1 70 2 46 17
1 70 1 47 27
1 70 2 47 27
1 70 1 48 24
1 70 2 48 20
1 70 1 49 7
1 70 2 49 20
1 70 1 50 10
1 70 2 50 17
1 70 1 51 7
1 70 2 51 14
1 70 2 52 20
1 70 1 53 3
1 70 2 53 7
1 70 1 54 3
1 70 1 55 7
1 69 3 14 17
1 69 1 15 6
1 69 2 15 6
1 69 2 16 6
1 69 1 17 17
1 69 2 17 23
1 69 1 18 6
1 69 2 18 17
1 69 1 19 17
1 69 2 19 11
1 69 1 20 17
1 69 2 20 28
1 69 1 21 6
1 69 2 21 6
1 69 2 24 6
1 69 1 26 6
1 69 1 28 12
1 69 2 30 12
1 69 2 31 12
1 69 1 32 30
1 69 2 33 12
1 69 1 35 12
1 69 2 35 25
1 69 1 36 62
1 69 2 36 50
1 69 1 37 50
1 69 2 37 12
1 69 1 38 12
1 69 2 38 50
1 69 1 39 74
1 69 2 39 137
1 69 1 40 74
1 69 2 40 62
1 69 1 41 87
1 69 2 41 50
1 69 1 42 174
1 69 2 42 112
1 69 1 43 87
1 69 2 43 37
1 69 1 44 62
1 69 2 44 137
1 69 1 45 74
1 69 2 45 87
1 69 1 46 99
1 69 2 46 50
1 69 1 47 37
1 69 2 47 37
1 69 1 48 12
1 69 2 48 99
1 69 2 49 25
1 69 1 50 25
1 69 2 50 37
1 69 2 51 25
1 69 2 53 25
1 69 1 55 12
1 69 2 60 12
1 68 1 39 2
1 68 1 40 2
1 68 2 40 4
1 68 1 41 6
1 68 2 41 1
1 68 1 42 3
1 68 2 42 2
1 68 1 43 6
1 68 2 43 8
1 68 1 44 6
1 68 2 44 3
1 68 1 45 12
1 68 2 45 6
1 68 1 46 6
1 68 2 46 13
1 68 1 47 12
1 68 2 47 8
1 68 1 48 2
1 68 2 48 10
1 68 1 49 3
1 68 2 49 2
1 68 1 50 6
1 68 2 50 5
1 68 1 51 1
1 68 2 51 1
1 68 1 52 1
1 68 2 52 4
1 68 2 54 2
1 68 2 56 1
1 68 2 57 1
1 68 2 60 1
1 67 2 11 1
1 67 1 44 1
1 67 1 45 1
1 67 1 46 1
1 67 2 46 4
1 67 1 47 4
1 67 1 48 1
1 67 2 48 3
1 67 1 50 1
1 67 2 50 4
1 67 2 51 1
1 67 2 52 6
1 67 1 53 1
1 67 1 54 1
1 67 2 54 1
1 67 1 56 1
1 66 3 13 2
1 66 3 14 2
1 66 3 15 2
1 66 2 16 2
1 66 2 18 2
1 66 1 19 2
1 66 1 20 2
1 66 2 20 4
1 66 2 21 2
1 66 2 22 2
1 66 1 24 2
1 66 2 26 8
1 66 1 33 8
1 66 1 34 8
1 66 1 38 32
1 66 2 38 32
1 66 1 40 24
1 66 2 40 40
1 66 1 41 40
1 66 2 41 16
1 66 1 42 95
1 66 2 42 55
1 66 1 43 32
1 66 2 43 24
1 66 1 44 47
1 66 2 44 103
1 66 1 45 16
1 66 2 45 16
1 66 1 46 95
1 66 2 46 111
1 66 1 47 8
1 66 1 48 55
1 66 2 48 95
1 66 1 49 8
1 66 1 50 32
1 66 2 50 24
1 66 1 51 16
1 66 1 52 8
1 66 2 52 40
1 66 1 53 8
1 66 2 53 16
1 66 2 56 8
1 65 3 14 10
1 65 1 15 3
1 65 3 15 8
1 65 1 16 5
1 65 2 16 3
1 65 3 16 3
1 65 1 17 3
1 65 2 17 3
1 65 1 18 5
1 65 1 19 3
1 65 2 19 5
1 65 1 20 8
1 65 2 20 8
1 65 1 21 3
1 65 2 21 3
1 65 1 22 5
1 65 2 23 3
1 65 2 24 5
1 65 1 25 5
1 65 1 31 19
1 65 1 32 19
1 65 1 33 19
1 65 1 37 39
1 65 1 38 97
1 65 2 38 19
1 65 1 39 78
1 65 2 39 19
1 65 1 40 116
1 65 2 40 78
1 65 1 41 39
1 65 2 41 136
1 65 1 42 213
1 65 2 42 97
1 65 1 43 97
1 65 2 43 174
1 65 1 44 271
1 65 2 44 155
1 65 1 45 136
1 65 2 45 97
1 65 1 46 368
1 65 2 46 116
1 65 1 47 58
1 65 2 47 136
1 65 1 48 58
1 65 2 48 78
1 65 1 49 58
1 65 2 49 136
1 65 1 50 19
1 65 2 50 78
1 65 2 51 39
1 65 2 52 19
1 65 2 54 19
1 65 2 55 19
1 65 2 56 39
1 64 1 36 1
1 64 1 38 1
1 64 1 39 1
1 64 1 40 2
1 64 2 40 2
1 64 2 41 5
1 64 1 42 8
1 64 2 42 2
1 64 1 43 1
1 64 2 43 2
1 64 1 44 9
1 64 2 44 7
1 64 1 45 1
1 64 2 45 4
1 64 1 46 14
1 64 2 46 4
1 64 1 47 2
1 64 2 47 8
1 64 1 48 15
1 64 2 48 1
1 64 1 49 2
1 64 2 49 6
1 64 1 50 4
1 64 2 50 6
1 64 2 51 4
1 64 1 52 3
1 64 1 54 3
1 64 2 54 1
1 64 2 55 2
1 64 2 56 1
1 63 1 38 1
1 63 1 39 2
1 63 1 40 2
1 63 2 40 4
1 63 1 41 1
1 63 1 42 6
1 63 2 42 5
1 63 1 43 1
1 63 1 44 4
1 63 2 44 11
1 63 1 45 5
1 63 2 45 2
1 63 1 46 8
1 63 2 46 8
1 63 1 47 3
1 63 2 47 3
1 63 1 48 6
1 63 2 48 9
1 63 1 49 2
1 63 1 50 1
1 63 2 50 10
1 63 2 52 6
1 63 1 53 1
1 63 1 54 1
1 63 2 54 2
1 63 2 56 1
1 63 1 58 1
1 63 2 60 1
1 63 2 62 1
1 62 1 37 1
1 62 2 44 1
1 62 2 45 2
1 62 1 46 1
1 62 2 46 2
1 62 2 47 2
1 62 1 48 2
1 62 2 48 3
1 62 1 49 2
1 62 2 49 4
1 62 2 50 5
1 62 1 51 1
1 62 2 51 2
1 62 1 52 1
1 62 2 52 3
1 62 2 53 1
1 62 2 54 1
1 62 2 57 1
1 62 2 59 1
1 61 3 23 1
1 61 2 45 1
1 60 2 48 1
1 59 1 48 1
1 58 2 48 1
