1 203 2 18 3.654 78
1 203 1 11 1.776 63
1 203 2 15 4.066 76
1 203 1 8 2.144 64
1 203 2 12 1.842 67
1 203 1 19 2.118 68
1 202 2 17 2.917 74
1 202 1 19 3.08 73
1 202 2 15 3.462 80
1 202 2 17 2.586 70
1 202 2 12 2.13 71
1 202 2 15 2.552 73
1 201 2 18 3.03 78
1 201 2 16 3.384 73
1 201 1 14 2.882 71
1 201 2 16 2.696 72
1 201 3 1 0.02 14
1 201 3 1 0.028 17
1 200 1 17 3.164 77
1 200 1 2 0.158 28
1 200 2 3 0.23 31
1 200 1 2 0.172 28
1 200 3 1 0.024 16
1 200 3 1 0.028 17
1 199 2 16 2.462 73
1 199 2 16 2.68 72
1 199 3 1 0.032 17
1 199 3 1 0.02 15
1 199 2 3 0.15 29
1 199 1 2 0.112 27
1 198 2 17 2.398 71
1 198 2 13 2.398 68
1 198 2 11 1.34 60
1 198 1 11 2.316 65
1 198 2 10 1.794 61
1 198 2 12 1.788 64
1 197 2 23 3.186 72
1 197 2 13 1.822 68
1 197 2 4 0.4 39
1 197 1 5 0.37 38
1 197 1 6 0.624 47
1 197 2 5 0.536 42
1 196 2 7 0.964 54
1 196 1 4 0.402 40
1 196 2 11 1.8 64
1 196 2 11 1.574 65
1 196 1 3 0.458 40
1 196 2 17 2.066 68
1 193 1 10 1.506 59
1 193 2 8 1.572 60
1 193 1 6 1.03 51
1 193 1 9 1.408 60
1 193 1 7 0.79 49
1 193 1 5 1.046 48
1 195 1 11 1.704 62
1 195 2 7 1.098 53
1 195 1 10 1.13 56
1 195 1 10 1.248 59
1 195 1 10 1.334 59
1 195 1 11 1.416 59
1 194 1 7 1.598 57
1 194 2 6 1.104 52
1 194 1 7 1.174 55
1 194 1 10 1.384 60
1 194 1 4 0.948 48
1 194 2 7 1.014 54
1 192 1 11 2.474 66
1 192 2 13 1.834 64
1 192 1 6 0.91 52
1 192 2 4 0.604 44
1 192 2 3 0.212 32
1 192 1 9 1.784 61
1 191 3 1 0.018 15
1 191 3 1 0.02 15
1 191 2 3 0.204 32
1 190 3 1 0.024 16
1 190 3 1 0.024 16
1 190 1 4 0.376 37
1 190 1 13 1.816 68
1 190 1 2 0.144 29
1 190 1 17 1.658 61
1 190 2 2 0.152 28
1 190 2 2 0.116 26
1 189 1 1 0.024 17
1 189 2 20 3.142 76
1 189 2 13 3.738 82
1 189 3 1 0.014 14
1 189 3 1 0.018 14
1 189 1 1 0.022 16
1 188 2 17 2.71 71
1 188 2 15 2.196 70
1 188 2 18 3.482 76
1 188 1 18 3.222 72
1 188 3 1 0.022 15
1 188 3 1 0.018 15
1 187 2 22 3.142 77
1 187 3 1 0.02 15
1 187 3 1 0.008 11
1 187 2 16 2.426 70
1 187 2 16 2.782 74
1 186 3 1 0.006 11
1 186 3 1 0.008 11
1 186 1 18 2.254 70
1 186 1 12 3.044 73
1 185 1 2 0.184 31
1 185 2 2 0.148 29
1 185 1 2 0.284 35
1 185 1 2 0.184 31
1 185 1 2 0.19 31
1 185 2 2 0.13 28
1 184 2 17 2.472 76
1 184 1 7 1.152 53
1 184 1 11 1.056 53
1 184 1 6 0.806 49
1 184 2 11 1.916 63
1 184 1 9 1.148 56
1 183 2 9 1.382 61
1 183 1 5 0.8 47
1 183 1 6 0.854 48
1 183 1 5 0.748 46
1 183 1 6 0.616 44
1 183 1 9 1.598 58
1 182 2 11 1.608 61
1 182 2 10 1.448 62
1 182 2 4 0.502 42
1 182 2 10 1.616 60
1 182 1 13 1.256 61
1 182 1 9 1.138 56
1 179 1 9 1.358 61
1 179 2 13 2.17 74
1 179 2 14 2.34 68
1 179 2 9 1.018 59
1 179 2 16 2.118 67
1 179 2 13 2.732 74
1 179 3 1 0.022 15
1 179 3 1 0.024 16
1 181 1 3 0.188 31
1 181 1 12 1.214 57
1 181 1 2 0.124 27
1 181 1 2 0.126 27
1 181 2 13 2.064 68
1 181 2 17 2.714 75
1 180 1 8 1.016 52
1 180 1 8 0.896 54
1 180 1 7 0.85 49
1 180 1 16 1.756 67
1 180 2 10 1.664 61
1 180 2 12 1.638 65
1 178 3 1 0.012 13
1 178 3 1 0.008 11
1 178 3 1 0.018 14
1 178 3 1 0.006 10
1 177 2 17 3.042 79
1 177 3 1 0.018 15
1 177 3 1 0.01 12
1 177 3 1 0.008 11
1 177 3 1 0.004 8
1 176 3 1 0.014 13
1 176 3 1 0.008 11
1 175 2 13 2.78 76
1 175 3 1 0.014 13
1 175 3 1 0.006 10
1 174 1 13 2.382 70
1 174 1 18 2.856 78
1 174 3 1 0.016 14
1 174 3 1 0.006 11
1 173 3 1 0.004 9
1 173 3 1 0.006 10
1 173 2 17 2.464 73
1 172 1 21 2.65 71
1 172 3 1 0.008 11
1 172 2 19 2.898 76
1 172 2 21 2.256 70
1 172 2 13 4.316 82
1 172 3 1 0.006 11
1 171 3 1 0.012 13
1 171 3 1 0.01 12
1 170 3 1 0.004 9
1 170 3 1 0.006 10
1 170 2 15 2.764 76
1 170 1 16 2.396 68
1 169 2 8 1.326 59
1 169 2 9 1.326 62
1 169 2 8 1.108 55
1 169 2 8 1.148 55
1 169 1 8 1.186 54
1 169 1 8 0.896 53
1 168 1 7 0.776 50
1 168 1 8 1.068 52
1 168 1 7 1.082 54
1 168 1 9 1.592 61
1 168 1 8 1.036 55
1 168 1 8 1.326 59
1 167 1 5 0.528 42
1 167 1 7 1.408 57
1 167 1 7 0.914 51
1 167 1 6 0.568 42
1 167 2 7 0.686 49
1 167 1 5 0.554 44
1 166 1 6 0.7 50
1 166 2 18 3.218 79
1 166 2 4 0.416 39
1 166 2 3 0.18 30
1 166 2 3 0.136 27
1 165 2 20 3.228 79
1 165 3 1 0.012 12
1 165 3 1 0.008 11
1 165 1 9 2.218 70
1 161 3 1 0.0107525563546564 12
1 161 3 1 0.0136658969169787 13
1 161 3 1 0.0107525563546564 12
1 161 3 1 0.00828552194843732 11
1 164 3 1 0.006 10
1 164 3 1 0.006 10
1 164 3 1 0.006 11
1 164 3 1 0.002 7
1 163 1 18 2.882 75
1 163 3 1 0.008 11
1 163 3 1 0.006 10
1 163 3 1 0.006 10
1 162 3 1 0.01 12
1 162 3 1 0.006 11
1 162 3 1 0.012 12
1 162 3 1 0.006 10
1 160 3 1 0.006 10
1 160 3 1 0.004 8
1 160 3 1 0.006 10
1 160 3 1 0.004 8
1 159 2 19 2.894 76
1 159 2 19 2.977 79
1 159 3 1 0.002 7
1 159 3 1 0.006 11
1 157 3 1 0.004 9
1 157 2 17 2.218 72
1 157 3 1 0.004 9
1 157 1 13 2.53 68
1 158 2 12 2.098 70
1 158 1 12 2.706 68
1 158 3 1 0.016 14
1 158 3 1 0.008 11
1 156 2 16 2.1 72
1 156 1 12 2.576 77
1 156 3 1 0.01 11
1 156 3 1 0.008 9
1 155 3 1 0.006 11
1 155 3 1 0.008 12
1 155 3 1 0.006 11
1 155 3 1 0.004 9
1 154 2 13 2.966 73
1 154 2 15 2.978 72
1 154 3 1 0.008 11
1 153 2 16 3.812 82
1 153 1 20 2.476 73
1 153 3 1 0.012 14
1 153 3 1 0.01 13
1 152 1 16 1.69 64
1 152 2 21 2.532 71
1 152 3 2 0.026 17
1 152 3 1 0.008 11
1 151 3 1 0.008 11
1 151 3 1 0.014 14
1 151 3 1 0.006 11
1 151 3 1 0.004 9
1 150 2 17 3.18 79
1 150 1 2 0.104 25
1 150 3 1 0.018 15
1 150 3 1 0.004 10
1 149 2 13 2.942 74
1 149 1 14 2.28 68
1 149 1 12 1.89 66
1 149 1 2 0.044 21
1 149 3 1 0.02 15
1 149 3 1 0.012 12
1 148 2 16 2.442 72
1 148 2 10 2.346 67
1 148 1 17 2.106 66
1 148 1 11 1.826 66
1 148 3 1 0.016 13
1 148 3 1 0.018 15
1 147 2 15 2.57 73
1 147 2 18 1.79 66
1 147 1 18 2.35 69
1 147 1 11 1.25 58
1 147 2 1 0.024 15
1 147 2 1 0.03 17
1 146 2 21 2.36 70
1 146 2 14 2.24 68
1 146 2 17 2.57 72
1 146 1 11 1.884 64
1 146 1 11 0.828 53
1 146 1 18 1.612 63
1 145 2 9 2.354 71
1 145 2 11 1.34 63
1 145 2 24 2.376 70
1 145 2 3 0.046 20
1 145 1 12 1.796 62
1 145 1 18 2.622 70
1 145 1 7 1.448 56
1 145 1 1 0.032 17
1 144 1 4 0.842 48
1 144 1 7 0.956 52
1 144 2 9 1.48 59
1 144 2 5 0.844 48
1 143 2 9 1.68 61
1 143 2 10 1.804 64
1 143 2 10 1.444 62
1 143 2 10 1.658 62
1 143 2 9 1.526 60
1 143 2 9 1.282 56
1 141 1 9 0.95 51
1 141 2 5 1.016 51
1 141 2 5 0.552 43
1 141 1 4 0.538 41
1 141 2 6 0.974 51
1 141 1 4 0.61 43
1 141 2 1 0.022 16
1 141 3 1 0.016 14
1 142 1 7 0.83 48
1 142 1 8 1.534 59
1 142 2 9 0.884 52
1 142 1 7 0.888 49
1 142 1 10 1.538 61
1 142 1 5 0.518 42
1 140 1 5 0.76 47
1 140 2 7 1.606 59
1 140 2 8 1.128 57
1 140 1 7 0.974 52
1 140 1 7 0.918 50
1 140 1 7 0.938 49
1 140 1 1 0.036 18
1 140 1 1 0.03 17
1 139 1 9 1.066 54
1 139 1 9 1.266 60
1 139 2 10 1.428 62
1 139 1 8 1.13 54
1 139 1 8 1.172 56
1 139 1 6 0.97 52
1 139 2 3 0.072 23
1 139 1 1 0.018 15
1 138 2 10 1.798 65
1 138 2 8 1.52 63
1 138 2 13 1.57 61
1 138 1 8 1.302 57
1 138 1 17 1.792 64
1 138 1 10 1.212 57
1 137 1 13 1.49679655612453 62
1 137 2 19 1.75387914201929 66
1 137 1 13 2.16413659110954 70
1 137 2 16 1.75387914201929 66
1 137 1 11 1.2874347697086 59
1 137 2 12 1.59990749922341 64
1 136 3 1 0.006 10
1 136 3 1 0.008 11
1 135 2 18 2.852 75
1 135 3 1 0.006 11
1 135 3 1 0.006 10
1 135 3 1 0.006 10
1 134 3 1 0.008 11
1 134 3 1 0.006 10
1 134 3 1 0.006 11
1 134 3 1 0.006 10
1 133 1 14 1.77 65
1 133 1 21 2.128 68
1 133 2 21 2.188 72
1 133 2 23 2.01 69
1 133 3 1 0.01 12
1 133 3 1 0.008 10
1 132 2 11 1.334 59
1 132 2 12 1.294 59
1 132 2 16 1.326 61
1 132 2 10 1.162 56
1 132 1 13 1.384 59
1 132 1 15 1.26 56
1 132 3 1 0.006 10
1 132 3 1 0.006 10
1 131 1 10 1.628 60
1 131 1 3 0.064 24
1 131 3 2 0.02 15
1 131 3 1 0.016 14
1 131 2 18 1.508 63
1 131 2 16 1.85 67
1 131 2 13 2.062 69
1 131 1 15 1.85 65
1 130 2 16 1.836 66
1 130 2 11 1.822 64
1 130 2 9 1.44 59
1 130 2 13 1.12 60
1 130 2 17 2.56906092858782 75
1 130 1 8 1.734 63
1 130 1 1 0.0293751873879321 17
1 130 3 1 0.0209795409075551 15
1 129 1 9 2.14 67
1 129 2 14 2.292 69
1 129 2 13 1.984 68
1 129 1 11 1.77 63
1 129 2 10 1.796 66
1 129 1 10 1.128 58
1 129 3 1 0.006 10
1 129 3 1 0.006 10
1 128 3 1 0.004 10
1 128 3 1 0.006 10
1 128 3 1 0.004 9
1 128 1 14 2.408 73
1 127 3 1 0.006 10
1 127 3 1 0.004 9
1 127 2 12 1.956 68
1 126 3 1 0.006 10
1 126 3 1 0.008 11
1 125 2 2 0.034 18
1 125 3 1 0.01 11
1 125 3 1 0.006 9
1 124 3 1 0.007 10
1 124 3 1 0.005 9
1 123 2 17 2.414 70
1 123 2 6 0.588 51
1 123 3 1 0.004 9
1 122 3 1 0.004 9
1 122 3 1 0.006 9
1 121 3 1 0.006 11
1 121 3 1 0.004 10
1 120 1 9 1.326 61
1 120 2 13 1.74 61
1 120 1 14 1.364 58
1 120 1 12 1.574 62
1 120 1 4 0.324 37
1 120 2 3 0.168 29
1 120 2 2 0.08 22
1 120 2 2 0.08 23
1 117 2 8 1.586 60
1 117 2 10 1.938 64
1 117 1 14 1.314 58
1 117 1 6 0.56 46
1 117 1 10 1.33 57
1 117 1 9 0.44 42
1 119 2 15 1.558 62
1 119 2 8 1.436 59
1 119 1 12 1.204 56
1 119 1 7 1.362 57
1 119 1 1 0.028 16
1 119 1 1 0.042 18
1 119 2 2 0.082 23
1 119 2 2 0.07 22
1 118 1 7 0.912 50
1 118 2 8 1.518 58
1 118 2 11 1.792 65
1 118 1 9 0.994 54
1 118 2 3 0.14 28
1 118 2 3 0.144 28
1 118 1 2 0.134 26
1 118 2 1 0.026 16
1 118 3 1 0.01 12
1 30 2 1 0.03 16
1 30 2 1 0.022 15
1 30 1 1 0.016 14
1 30 1 1 0.022 16
1 30 1 1 0.038 18
1 30 1 1 0.02 15
1 29 2 10 1.484 60
1 29 2 8 1.464 59
1 29 2 9 1.238 57
1 29 2 8 1.272 54
1 29 1 11 1.262 57
1 29 1 6 1.06 51
1 29 1 1 0.038 18
1 29 3 1 0.018 14
1 28 2 7 1.01 50
1 28 2 7 1.354 56
1 28 2 9 1.054 53
1 28 2 10 1.162 55
1 28 2 8 1.166 53
1 28 1 5 1.012 50
1 28 1 1 0.038 17
1 28 2 1 0.03 17
1 27 1 11 1.074 54
1 27 1 6 0.734 49
1 27 2 3 0.33 34
1 27 2 4 0.594 44
1 27 2 4 0.488 40
1 27 2 3 0.35 35
1 27 2 1 0.042 19
1 27 2 1 0.022 15
1 26 2 11 1.538 62
1 26 2 3 0.33 35
1 26 2 4 0.516 41
1 26 1 4 0.416 38
1 26 1 3 0.266 33
1 26 1 3 0.282 33
1 26 3 1 0.032 17
1 26 3 1 0.018 14
1 25 1 8 1.528 61
1 25 1 7 1.064 51
1 25 1 5 0.748 46
1 25 2 10 1.308 61
1 25 2 10 1.094 56
1 25 2 3 0.404 38
1 25 3 1 0.016 14
1 25 3 1 0.014 13
1 24 2 7 0.682 47
1 24 2 7 0.846 51
1 24 2 7 1.18 56
1 24 1 7 0.846 50
1 24 1 6 0.696 47
1 24 1 8 0.892 50
1 24 1 2 0.07 23
1 24 1 2 0.076 23
1 21 2 9 1.21 58
1 21 2 8 1.28 57
1 21 2 6 0.984 52
1 21 2 7 1.13 55
1 21 1 6 0.556 46
1 21 1 13 1.212 55
1 21 1 3 0.15 29
1 21 1 3 0.072 22
1 23 1 8 0.892 51
1 23 1 10 0.994 52
1 23 1 5 0.984 50
1 23 2 8 1.242 57
1 23 2 8 0.99 52
1 23 2 10 1.184 57
1 23 2 2 0.064 22
1 23 1 4 0.096 25
1 22 2 8 0.786 49
1 22 2 9 1.096 56
1 22 2 6 0.876 51
1 22 2 8 1.094 56
1 22 2 7 0.984 55
1 22 1 7 0.788 48
1 20 2 3 0.114 26
1 20 1 2 0.042 19
1 20 1 11 1.854 61
1 20 1 10 1.38 58
1 20 1 11 1.374 59
1 20 2 10 1.436 61
1 20 2 14 2.214 66
1 20 2 12 2.002 70
1 19 1 2 0.048 20
1 19 1 3 0.13 27
1 19 1 12 1.12 58
1 19 1 13 1.608 61
1 19 1 13 1.934 63
1 19 2 9 1.374 57
1 19 2 9 1.354 60
1 19 2 9 2.816 74
1 18 2 11 2.772 75
1 18 2 10 1.556 69
1 18 2 16 2.872 71
1 18 1 11 1.378 63
1 18 1 18 2.194 66
1 18 1 20 2.964 76
1 18 1 1 0.006 10
1 18 1 1 0.008 11
1 17 1 15 1.438 64
1 17 1 10 2.2 70
1 17 1 9 2.168 70
1 17 2 19 3.034 77
1 17 2 9 1.846 65
1 17 2 13 1.506 62
1 16 2 10 1.592 64
1 16 2 10 1.122 55
1 16 2 8 1.278 58
1 16 2 8 1.126 57
1 16 2 10 1.036 55
1 16 1 9 1.222 55
1 16 3 1 0.01 12
1 16 3 1 0.01 11
1 15 2 3 0.182 31
1 15 2 16 1.484 62
1 15 2 19 1.646 63
1 15 1 18 1.872 66
1 15 1 18 2.096 73
1 15 1 18 1.58 65
1 15 1 2 0.054 22
1 15 1 1 0.01 12
1 14 3 1 0.008 11
1 14 3 1 0.006 11
1 14 3 1 0.008 12
1 14 3 1 0.008 12
1 14 3 1 0.006 11
1 14 3 1 0.006 11
1 13 3 1 0.006 12
1 13 3 1 0.008 11
1 13 3 1 0.01 12
1 13 3 1 0.008 11
1 12 3 1 0.014 14
1 12 2 2 0.04 19
1 12 2 11 1.488 60
1 12 2 20 1.19 55
1 12 2 16 2.036 68
1 12 2 12 1.59 61
1 12 2 14 1.41 58
1 12 2 10 1.564 62
1 11 2 8 1.034 54
1 11 2 10 2.164 68
1 11 2 13 1.968 67
1 11 2 9 1.594 61
1 11 1 9 1.27 53
1 11 1 11 1.18 55
1 11 1 2 0.064 22
1 11 1 2 0.062 21
1 10 2 8 0.992 52
1 10 2 7 0.752 49
1 10 2 2 0.068 22
1 10 2 3 0.226 32
1 10 1 8 1.066 55
1 10 1 8 0.988 52
1 10 1 2 0.092 24
1 10 1 2 0.064 22
1 9 1 3 0.274 33
1 9 1 3 0.198 29
1 9 1 2 0.054 19
1 9 2 8 0.896 50
1 9 2 6 0.62 48
1 9 2 4 0.31 35
1 9 2 2 0.08 23
1 9 2 9 1.114 55
1 8 1 7 0.78 48
1 8 1 2 0.074 23
1 8 1 1 0.04 19
1 8 1 1 0.042 19
1 8 2 8 0.826 49
1 8 2 4 0.552 43
1 8 2 3 0.148 29
1 8 2 3 0.122 26
1 7 1 4 0.43 40
1 7 1 4 0.486 42
1 7 1 2 0.16 27
1 7 2 4 0.506 41
1 7 2 4 0.564 42
1 7 2 5 0.408 40
1 7 3 1 0.024 16
1 7 3 1 0.02 15
1 6 2 3 0.3 34
1 6 2 6 0.928 51
1 6 1 3 0.27 32
1 6 1 4 0.392 38
1 6 1 4 0.574 41
1 6 1 4 0.514 42
1 6 3 1 0.026 16
1 6 3 1 0.036 17
1 5 2 8 1.012 55
1 5 2 4 0.706 45
1 5 2 6 0.792 47
1 5 2 7 0.93 51
1 5 2 3 0.124 28
1 5 2 2 0.064 22
1 5 2 1 0.032 17
1 5 1 5 0.548 42
1 4 2 5 0.87 51
1 4 2 5 0.52 41
1 4 2 5 0.638 48
1 4 1 6 0.822 51
1 4 1 6 0.884 50
1 4 1 9 0.708 49
1 4 3 1 0.022 15
1 4 3 1 0.016 14
1 3 1 12 2.004 65
1 3 2 7 0.864 49
1 3 2 6 0.906 51
1 3 2 6 0.91 50
1 3 2 8 1.368 58
1 3 2 3 0.17 29
1 3 3 1 0.024 15
1 2 1 7 0.81 49
1 2 1 7 1.108 54
1 2 1 6 0.746 47
1 2 1 6 0.98 52
1 2 1 9 0.916 52
1 2 1 2 0.078 22
1 2 1 2 0.066 22
1 2 2 9 1.1 54
1 1 2 4 0.514 39
1 1 2 7 0.788 51
1 1 2 2 0.07 21
1 1 1 3 0.176 29
1 1 1 3 0.276 33
1 1 1 4 0.524 41
1 1 1 3 0.128 27
1 1 2 1 0.024 16
1 221 1 13 3.096 72
1 221 1 19 3.048 75
1 221 1 13 3.648 80
1 221 2 20 3.746 80
1 221 2 19 2.732 78
1 221 2 20 3.792 79
1 220 2 15 3.522 80
1 220 2 16 1.816 66
1 220 2 1 0.016 15
1 220 1 3 0.124 26
1 220 1 15 2.16 69
1 220 1 1 0.032 17
1 219 2 14 2.184 66
1 219 2 12 2.006 73
1 219 2 13 1.064 68
1 219 2 16 2.324 71
1 219 2 16 2.654 75
1 219 1 16 1.684 63
1 218 2 17 2.124 68
1 218 2 14 2.338 71
1 218 1 11 2.126 66
1 218 1 11 1.338 56
1 218 1 14 1.978 65
1 218 1 11 1.602 64
1 217 2 14 2.428 71
1 217 2 17 2.792 75
1 217 2 12 1.604 67
1 217 2 10 1.898 65
1 217 2 16 1.19 62
1 217 1 11 1.708 64
1 216 1 3 0.236 32
1 216 2 3 0.122 27
1 216 2 2 0.142 29
1 216 2 2 0.096 25
1 216 2 2 0.172 29
1 215 1 12 2.648 70
1 215 1 4 0.44 41
1 215 1 2 0.172 30
1 215 2 3 0.392 40
1 215 2 16 3.004 75
1 215 2 14 2.324 72
1 214 1 15 2.228 70
1 214 2 11 1.936 72
1 214 2 3 0.178 30
1 214 2 17 2.048 67
1 214 2 9 1.77 69
1 214 2 18 1.374 60
1 213 1 1 0.016 14
1 213 1 2 0.09 25
1 213 2 1 0.018 14
1 213 2 2 0.146 28
1 213 2 16 2.104 71
1 213 2 13 3.204 75
1 212 3 1 0.014 13
1 212 3 1 0.014 13
1 212 3 1 0.02 14
1 212 3 1 0.006 9
1 211 3 1 0.008 11
1 211 3 1 0.006 10
1 211 3 1 0.006 10
1 211 3 1 0.008 11
1 210 3 1 0.008 11
1 210 3 1 0.008 10
1 210 3 1 0.008 11
1 210 3 1 0.006 10
1 209 3 1 0.01 12
1 209 3 1 0.008 11
1 209 2 12 3.864 79
1 209 2 15 3.15 78
1 209 2 17 3.096 80
1 209 1 16 1.936 68
1 208 2 1 0.022 15
1 208 2 16 2.464 73
1 208 2 14 2.676 74
1 208 2 17 3.116 74
1 208 2 16 2.6 72
1 208 1 1 0.016 14
1 207 3 1 0.01 12
1 207 3 1 0.01 12
1 207 3 1 0.006 10
1 207 3 1 0.004 9
1 206 3 1 0.01 12
1 206 3 1 0.01 12
1 206 3 1 0.006 10
1 206 3 1 0.006 10
1 205 3 1 0.01 12
1 205 3 1 0.014 13
1 205 3 1 0.008 11
1 205 3 1 0.008 11
1 204 2 17 2.306 64
1 204 1 11 1.364 58
1 204 1 7 1.528 59
1 204 1 5 0.47 41
1 204 1 6 0.724 48
1 116 2 5 0.904 49
1 116 2 4 0.784 44
1 116 2 8 1.094 54
1 116 2 7 0.886 51
1 116 1 7 1.144 54
1 116 1 7 2.2 65
1 115 2 7 0.792 51
1 115 2 3 0.188 30
1 115 2 8 1.172 54
1 115 1 9 1.254 55
1 115 1 7 1.288 56
1 115 1 8 1.086 56
1 114 1 8 0.972 51
1 114 1 7 1.1 52
1 114 2 9 1.636 61
1 114 2 9 1.518 59
1 114 2 9 1.236 57
1 114 2 8 1.322 58
1 113 2 9 2.218 63
1 113 2 7 1.04 52
1 113 2 7 1.21 53
1 113 1 8 1.124 52
1 113 1 8 1.04 52
1 113 1 8 0.924 50
1 112 2 3 0.374 39
1 112 2 3 0.466 40
1 112 2 4 0.552 42
1 112 1 6 0.738 50
1 112 1 7 0.884 52
1 112 1 4 0.532 40
1 111 2 13 1.634 64
1 111 2 9 1.3 60
1 111 2 9 1.53 63
1 111 2 9 1.412 61
1 111 2 11 1.44 59
1 111 2 11 1.61 58
1 110 1 10 2.056 65
1 110 2 8 1.304 56
1 110 2 8 2.166 67
1 110 1 10 1.036 54
1 110 2 7 1.63 61
1 110 2 9 1.472 59
1 109 1 20 1.734 61
1 109 1 17 2.066 64
1 109 1 12 1.064 57
1 109 2 13 2.596 76
1 109 2 14 1.818 66
1 109 2 15 2.414 69
1 109 3 1 0.016 14
1 109 3 1 0.016 14
1 108 3 1 0.008 11
1 108 3 1 0.008 11
1 108 1 17 2.39 67
1 108 1 20 1.904 67
1 108 1 15 1.69 63
1 108 2 15 1.844 67
1 108 2 16 2.068 69
1 108 2 10 2.97 76
1 107 3 1 0.012 10
1 107 3 2 0.04 19
1 107 1 17 1.93 68
1 107 1 12 2.19 69
1 107 2 13 3.114 73
1 107 2 13 2.27 68
1 107 2 14 2.486 76
1 107 2 13 3.248 72
1 104 2 18 2.376 72
1 104 2 2 0.034 19
1 104 3 1 0.014 14
1 104 2 16 2.57 69
1 104 1 19 2.04 68
1 104 1 13 1.878 68
1 106 1 2 0.03 18
1 106 2 1 0.01 12
1 106 2 1 0.006 11
1 106 1 1 0.006 11
1 105 3 1 0.008 11
1 105 3 1 0.008 11
1 105 1 17 1.862 69
1 105 1 13 2.364 75
1 105 2 19 2.8 74
1 105 2 16 4.164 85
1 103 3 1 0.014 14
1 103 3 1 0.012 13
1 103 3 1 0.006 11
1 103 3 1 0.004 9
1 102 3 1 0.006 11
1 102 3 1 0.006 10
1 102 3 1 0.004 9
1 102 3 1 0.004 9
1 101 3 1 0.01 12
1 101 3 1 0.01 12
1 101 3 1 0.006 11
1 101 3 1 0.006 11
1 100 3 1 0.01 12
1 100 3 1 0.006 10
1 100 3 1 0.004 9
1 100 3 1 0.004 9
1 99 2 21 3.282 72
1 99 2 16 3.448 74
1 98 3 1 0.006 11
1 98 3 1 0.004 9
1 98 3 1 0.004 9
1 98 3 1 0.004 9
1 97 3 1 0.008 12
1 97 3 1 0.004 10
1 97 3 1 0.004 9
1 97 3 1 0.004 8
1 96 2 19 3.492 81
1 96 2 23 3.474 73
1 96 2 21 4.432 80
1 96 1 15 3.076 74
1 96 3 1 0.014 14
1 96 3 1 0.004 10
1 93 3 1 0.01 12
1 93 3 1 0.008 11
1 93 1 17 2.776 71
1 93 1 12 2.164 69
1 93 1 11 1.09 58
1 95 2 16 2.374 71
1 95 2 13 3.092 81
1 95 1 16 2.074 68
1 95 1 20 3.178 72
1 95 3 1 0.014 13
1 95 3 1 0.006 11
1 94 2 18 2.502 72
1 94 2 18 2.094 68
1 94 1 18 2.72 75
1 94 1 21 2.384 72
1 94 3 1 0.012 13
1 94 3 1 0.002 8
1 92 2 17 2.958 73
1 92 2 21 3.122 81
1 92 2 16 2.024 71
1 92 3 1 0.01 12
1 92 3 1 0.008 11
1 91 2 17 3.616 80
1 91 2 19 2.98 75
1 91 3 1 0.012 13
1 91 3 1 0.01 12
1 90 1 16 1.802 65
1 90 1 10 1.338 62
1 90 1 3 0.178 30
1 90 2 17 2.3 70
1 90 2 17 2.032 69
1 90 3 1 0.01 12
1 90 3 1 0.006 11
1 89 2 8 2.428 70
1 89 2 15 3.058 75
1 89 2 12 2.44 71
1 89 1 13 2.476 70
1 89 1 12 1.276 59
1 89 1 17 2.1 65
1 89 3 1 0.01 13
1 89 3 1 0.012 12
1 88 1 16 1.706 63
1 88 1 11 1.732 62
1 88 1 13 1.74 64
1 88 2 10 1.768 64
1 88 2 17 2 71
1 88 2 13 1.56 61
1 88 3 1 0.014 14
1 88 3 1 0.006 11
1 87 3 1 0.016 14
1 87 1 7 0.712 50
1 87 1 7 1.224 52
1 87 1 8 1.05 53
1 87 1 3 0.174 30
1 87 2 7 0.944 51
1 87 2 7 1.024 52
1 87 3 1 0.018 14
1 86 1 7 1.362 59
1 86 1 10 1.214 56
1 86 1 7 1.054 54
1 86 1 7 1.078 51
1 86 2 5 0.596 44
1 86 2 6 0.928 50
1 86 3 1 0.016 14
1 86 3 1 0.026 16
1 85 1 11 1.388 58
1 85 1 6 0.982 52
1 85 1 8 1.06 53
1 85 2 10 1.708 62
1 85 2 7 1.602 61
1 85 2 4 0.4 38
1 85 3 1 0.028 17
1 85 3 1 0.02 15
1 84 1 11 1.236 55
1 84 1 9 1.244 57
1 84 1 10 1.796 63
1 84 2 9 1.192 58
1 84 2 8 1.378 59
1 84 2 10 1.844 64
1 82 1 7 0.852 50
1 82 1 6 0.758 47
1 82 1 7 0.83 48
1 82 1 7 0.948 52
1 82 1 8 0.776 49
1 82 1 4 0.554 43
1 82 3 1 0.022 16
1 82 3 1 0.012 13
1 83 2 7 1.238 53
1 83 2 10 1.644 63
1 83 2 8 1.45 62
1 83 1 11 1.752 64
1 83 1 8 1.264 56
1 83 1 9 1.282 56
1 81 2 9 1.014 56
1 81 2 7 0.824 50
1 81 2 6 0.614 44
1 81 1 9 0.866 51
1 81 1 7 1.018 52
1 81 1 8 1.102 55
1 81 3 1 0.016 14
1 81 3 1 0.014 13
1 80 2 8 1.098 54
1 80 2 8 1.214 58
1 80 1 11 1.44 57
1 80 1 7 1.21 56
1 80 1 7 0.954 51
1 80 1 8 0.832 49
1 80 3 1 0.022 15
1 80 3 1 0.016 14
1 79 1 8 0.832 51
1 79 1 10 1.316 57
1 79 1 8 1.482 59
1 79 1 11 1.91 64
1 79 2 8 1.01 55
1 79 3 1 0.02 15
1 79 3 1 0.014 14
1 79 1 9 1.258 56
1 78 1 8 1.05 56
1 78 1 11 1.504 62
1 78 2 11 2.164 67
1 78 2 9 0.888 53
1 78 2 3 0.15 30
1 78 2 3 0.096 26
1 78 3 1 0.022 16
1 78 3 1 0.014 13
1 77 2 10 2.08 66
1 77 1 14 1.41 61
1 77 2 21 3.006 76
1 77 1 15 1.46 60
1 77 1 10 2.036 65
1 77 3 1 0.008 12
1 77 3 1 0.006 11
1 76 1 11 1.85 63
1 76 1 13 1.872 62
1 76 1 12 1.75 63
1 76 2 14 2.91 70
1 76 2 19 2.24 73
1 76 2 18 1.968 68
1 76 3 1 0.012 12
1 76 3 1 0.006 11
1 75 3 1 0.014 13
1 75 3 1 0.012 13
1 75 3 1 0.01 12
1 75 3 1 0.01 12
1 75 3 1 0.01 12
1 75 3 1 0.008 11
1 74 3 1 0.008 12
1 74 3 1 0.01 12
1 74 3 1 0.01 11
1 74 3 1 0.008 11
1 74 3 1 0.006 10
1 74 3 1 0.004 9
1 73 1 15 1.932 70
1 73 1 14 2.886 73
1 73 2 19 2.214 68
1 73 2 16 2.094 69
1 73 2 11 1.858 67
1 73 2 20 2.63 71
1 73 3 1 0.008 11
1 72 1 13 1.556 59
1 72 1 10 1.39 57
1 72 1 19 1.366 58
1 72 2 10 2.5 71
1 72 2 18 2.57 74
1 72 2 8 1.776 65
1 69 1 9 0.57 46
1 69 1 6 0.51 42
1 69 1 5 0.78 48
1 69 1 5 0.538 41
1 69 2 1 0.018 15
1 69 2 6 0.734 49
1 69 2 2 0.088 24
1 69 2 1 0.016 15
1 71 3 1 0.024 15
1 71 3 1 0.016 13
1 71 1 6 0.678 47
1 71 1 8 0.816 48
1 71 1 4 0.556 42
1 71 1 4 0.514 43
1 71 1 6 0.92 50
1 71 1 4 0.524 42
1 70 1 4 0.754 47
1 70 1 4 0.364 37
1 70 2 4 0.468 40
1 70 2 3 0.246 32
1 70 2 5 0.616 45
1 70 2 3 0.106 25
1 70 2 1 0.018 13
1 70 2 1 0.026 16
1 68 2 8 0.856 50
1 68 2 8 1.112 55
1 68 3 1 0.016 14
1 68 2 6 1.078 51
1 68 2 10 0.92 53
1 68 2 1 0.02 16
1 68 1 6 0.844 48
1 68 1 9 0.93 52
1 67 1 13 1.98 65
1 67 1 15 1.806 63
1 67 1 15 1.364 58
1 67 2 17 2.08 71
1 67 2 10 1.74 64
1 67 2 10 1.406 59
1 67 3 1 0.012 12
1 67 3 1 0.012 11
1 66 3 1 0.004 9
1 66 3 1 0.004 9
1 66 3 1 0.002 8
1 66 3 1 0.002 8
1 65 3 1 0.006 11
1 65 3 1 0.006 10
1 65 3 1 0.004 9
1 65 3 1 0.004 9
1 64 2 16 2.488 69
1 64 2 16 3.1 73
1 64 2 14 2.722 78
1 64 2 18 3.276 74
1 64 2 14 2.502 72
1 64 1 14 2.67 71
1 64 3 1 0.004 10
1 64 3 1 0.006 10
1 63 1 14 2.252 70
1 63 1 12 1.532 63
1 63 1 13 1.572 62
1 63 2 14 1.994 62
1 63 2 19 2.288 66
1 63 2 15 1.444 63
1 63 3 1 0.008 12
1 63 3 1 0.006 10
1 60 2 10 1.102 57
1 60 1 7 1.146 54
1 60 1 7 1.28 55
1 60 1 10 1.716 60
1 60 2 9 1.434 60
1 60 2 10 1.722 65
1 60 2 1 0.02 15
1 60 2 1 0.01 13
1 62 2 20 2.022 66
1 62 2 12 2.14 66
1 62 2 12 2.112 67
1 62 2 17 1.91 70
1 62 2 12 2.12 67
1 62 1 18 2.844 71
1 62 3 1 0.008 11
1 62 3 1 0.006 9
1 61 1 12 1.11 59
1 61 2 10 1.014 54
1 61 2 9 0.842 53
1 61 3 1 0.016 14
1 61 3 1 0.012 13
1 61 2 3 0.194 30
1 61 1 10 0.946 53
1 61 1 11 1.166 53
1 59 2 10 1.31 58
1 59 2 8 1.426 60
1 59 2 7 1.102 54
1 59 2 10 1.238 58
1 59 1 7 1.02 51
1 59 1 9 0.984 53
1 59 1 1 0.024 16
1 59 3 1 0.018 14
1 58 2 6 0.83 47
1 58 2 8 0.936 50
1 58 2 6 0.952 52
1 58 1 8 0.764 48
1 58 1 6 0.692 47
1 58 1 5 0.802 48
1 58 1 1 0.038 18
1 58 1 1 0.02 15
1 57 1 1 0.028 16
1 57 1 1 0.028 16
1 57 1 1 0.012 12
1 57 1 1 0.026 15
1 57 2 2 0.046 19
1 57 2 1 0.026 16
1 56 1 5 0.53 41
1 56 2 6 0.834 49
1 56 2 7 1.08 51
1 56 2 8 1.108 54
1 56 2 7 1.15 54
1 56 2 7 1.126 54
1 55 1 5 0.714 46
1 55 1 1 0.018 14
1 55 1 1 0.022 15
1 55 2 13 1.132 55
1 55 2 8 0.876 50
1 55 2 10 1.684 63
1 55 2 9 1.004 52
1 55 2 8 1.21 56
1 54 1 3 0.296 34
1 54 1 4 0.554 41
1 54 1 1 0.022 16
1 54 2 10 0.862 51
1 54 2 3 0.09 24
1 54 2 6 0.562 45
1 54 2 2 0.032 19
1 54 2 7 0.912 52
1 51 2 9 1.068 54
1 51 2 2 0.016 14
1 51 2 9 0.968 55
1 51 2 11 1.06 55
1 51 1 9 0.82 49
1 51 1 9 0.898 50
1 51 1 8 0.85 51
1 51 1 1 0.012 13
1 53 1 1 0.026 16
1 53 1 7 0.646 47
1 53 2 2 0.03 18
1 53 2 13 1.712 63
1 53 2 2 0.068 23
1 53 2 7 0.78 50
1 53 2 3 0.364 38
1 53 2 8 1.206 59
1 52 1 7 0.892 53
1 52 1 8 1.064 51
1 52 1 1 0.024 15
1 52 1 1 0.018 14
1 52 1 7 0.964 52
1 52 1 6 0.732 46
1 52 2 9 0.754 48
1 52 2 9 0.534 43
1 50 1 1 0.016 13
1 50 1 1 0.01 11
1 50 1 9 1.01 53
1 50 2 7 0.76 52
1 50 2 11 2.348 68
1 50 2 20 3.64 77
1 50 2 11 1.512 62
1 50 2 8 1.108 55
1 49 2 3 0.202 31
1 49 2 1 0.014 13
1 49 2 2 0.022 15
1 49 2 8 1.028 52
1 49 1 6 0.736 46
1 49 1 8 0.844 51
1 49 1 8 0.962 51
1 49 1 9 0.74 48
1 48 2 9 1.114 55
1 48 1 1 0.016 13
1 48 2 2 0.036 19
1 48 2 2 0.082 23
1 48 2 8 1.278 59
1 48 1 3 0.144 29
1 48 1 9 0.788 50
1 48 1 12 1.26 59
1 47 1 2 0.03 18
1 47 1 1 0.018 16
1 47 1 8 0.976 54
1 47 1 7 1.016 55
1 47 1 3 0.11 26
1 47 1 10 1.03 54
1 47 2 2 0.08 23
1 47 2 11 0.87 53
1 46 1 1 0.012 13
1 46 3 1 0.01 12
1 45 1 1 0.006 11
1 45 1 1 0.01 13
1 45 1 14 2.218 66
1 45 1 8 0.47 44
1 45 2 23 2.518 70
1 45 2 17 2.282 70
1 45 2 13 2.68 69
1 45 2 12 2.172 65
1 44 1 1 0.01 12
1 44 1 1 0.006 11
1 44 2 1 0.008 12
1 44 2 1 0.01 13
1 43 1 1 0.008 12
1 43 1 1 0.008 11
1 43 2 1 0.008 11
1 43 2 1 0.012 13
1 42 1 11 1.742 63
1 42 1 1 0.02 15
1 42 1 1 0.022 15
1 42 2 7 0.778 50
1 42 2 7 1.806 61
1 42 2 10 1.612 59
1 42 2 8 0.924 51
1 42 2 10 1.824 63
1 41 1 8 0.87 50
1 41 1 1 0.014 14
1 41 1 4 0.602 43
1 41 1 10 1.334 59
1 41 2 1 0.014 14
1 41 2 9 1.468 61
1 41 2 6 0.47 45
1 41 2 9 1.206 56
1 40 1 9 1.108 54
1 40 1 2 0.034 19
1 40 1 1 0.016 15
1 40 2 7 1.036 52
1 40 2 9 1.436 60
1 40 2 7 1.098 55
1 40 2 9 1.088 54
1 40 2 8 1.104 54
1 39 1 1 0.016 14
1 39 2 6 0.938 51
1 39 2 7 0.932 52
1 39 2 7 1.07 54
1 39 2 9 1.034 57
1 39 2 8 0.882 51
1 39 2 9 1.342 58
1 38 2 6 0.71 46
1 38 2 7 0.87 49
1 38 2 6 0.976 51
1 38 1 6 0.888 47
1 38 1 7 0.74 46
1 38 1 5 0.62 44
1 37 1 5 0.818 49
1 37 1 4 0.516 42
1 37 1 3 0.336 38
1 37 2 7 1.088 54
1 37 2 12 1.362 58
1 37 2 4 0.386 39
1 36 2 5 0.664 47
1 36 2 1 0.02 15
1 36 2 3 0.298 35
1 36 2 6 0.96 49
1 36 1 1 0.02 16
1 36 1 9 1.542 62
1 36 1 7 0.77 46
1 36 1 4 0.464 40
1 35 1 9 1.676 61
1 35 1 5 0.63 44
1 35 2 8 1.148 55
1 35 2 7 1.192 54
1 35 2 6 0.718 45
1 34 1 1 0.014 13
1 34 1 1 0.018 14
1 34 1 4 0.55 42
1 34 2 7 1.288 57
1 34 2 7 0.884 50
1 34 1 7 0.798 47
1 34 1 4 0.65 44
1 34 1 3 0.39 36
1 33 2 1 0.022 16
1 33 2 4 0.498 42
1 33 2 3 0.396 36
1 33 2 3 0.174 29
1 33 2 3 0.21 31
1 33 1 3 0.266 32
1 33 1 4 0.408 38
1 32 1 8 0.676 47
1 32 1 1 0.028 16
1 32 1 8 0.83 49
1 32 1 7 0.942 50
1 32 2 4 0.59 43
1 32 2 7 0.858 49
1 31 1 7 0.968 51
1 31 1 5 0.742 48
1 31 1 1 0.01 13
1 31 1 1 0.022 15
1 31 2 8 0.828 49
1 31 2 7 1.146 53
1 31 2 6 0.556 44
1 31 2 4 0.574 41
