1 252 3 1 0.008 12
1 252 3 1 0.016 13
1 252 2 20 4.26 84
1 252 2 14 2.62 76
1 252 1 20 2.896 76
1 252 1 20 2.512 77
1 251 3 1 0.022 16
1 251 3 1 0.02 16
1 251 1 13 2.378 73
1 251 2 NA 2.506 73
1 251 2 14 3.106 76
1 251 2 16 2.028 67
1 250 1 3 0.12 26
1 250 1 16 1.496 62
1 250 1 15 3.144 75
1 250 2 16 2.578 77
1 249 3 1 0.016 14
1 249 3 1 0.024 15
1 249 1 13 1.604 62
1 249 1 11 2.2 66
1 249 2 NA 2.268 72
1 249 2 10 2.058 68
1 248 1 12 1.712 65
1 248 1 3 0.26 34
1 248 2 11 1.864 62
1 248 2 8 1.776 64
1 248 2 4 0.554 42
1 248 3 1 0.016 14
1 248 3 1 0.012 13
1 248 1 12 2.168 69
1 247 3 1 0.014 14
1 247 3 1 0.014 13
1 247 1 16 2.146 66
1 247 1 14 1.814 68
1 247 2 17 2.148 69
1 247 2 19 2.588 72
1 247 2 20 2.014 69
1 244 1 13 2.068 76
1 244 2 14 2.288 72
1 244 3 1 0.016 14
1 244 3 1 0.01 12
1 244 3 1 0.004 9
1 246 3 1 0.016 14
1 246 3 1 0.022 15
1 246 2 2 0.122 26
1 246 2 18 2.544 69
1 246 1 3 0.172 28
1 246 1 12 2.92 75
1 245 3 1 0.01 12
1 245 3 1 0.012 12
1 245 2 3 0.246 32
1 245 2 3 0.25 32
1 245 1 3 0.238 33
1 245 1 14 2.51 71
1 243 3 1 0.01 12
1 243 3 1 0.01 11
1 242 3 1 0.01 12
1 242 3 1 0.008 11
1 241 1 3 0.244 32
1 241 2 3 0.242 33
1 241 2 10 1.598 66
1 241 2 12 2.056 66
1 241 2 1 0.012 13
1 241 2 1 0.01 12
1 240 3 1 0.012 13
1 240 3 1 0.008 12
1 240 3 3 0.24 32
1 240 3 3 0.154 28
1 240 3 3 0.218 31
1 240 3 3 0.192 30
1 239 3 1 0.016 14
1 239 3 1 0.014 13
1 239 2 14 2.458 73
1 239 2 13 1.922 68
1 239 2 10 1.19 62
1 239 2 3 0.2 31
1 239 1 15 1.992 66
1 239 1 10 1.888 65
1 238 3 1 0.014 13
1 238 3 1 0.01 12
1 238 1 8 2.332 67
1 238 1 16 1.516 60
1 238 1 2 0.12 27
1 238 2 12 2.236 69
1 238 2 13 1.56 63
1 238 2 12 1.612 63
1 237 3 1 0.012 11
1 237 3 1 0.016 13
1 237 2 4 0.54 42
1 237 2 3 0.194 31
1 237 2 3 0.172 30
1 237 1 2 0.104 26
1 237 1 7 0.802 50
1 237 1 12 1.714 67
1 236 3 1 0.018 15
1 236 3 1 0.016 14
1 236 1 3 0.192 31
1 236 2 3 0.21 32
1 236 2 3 0.156 29
1 236 2 3 0.334 37
1 236 2 3 0.192 31
1 236 2 3 0.196 31
1 235 3 1 0.008 11
1 235 3 1 0.008 11
1 234 3 1 0.008 12
1 234 3 1 0.006 11
1 233 3 1 0.006 9
1 233 3 1 0.008 10
1 232 3 1 0.01 12
1 232 3 1 0.008 12
1 231 3 1 0.012 13
1 231 3 1 0.012 12
1 230 3 1 0.008 12
1 230 3 1 0.012 13
1 229 3 1 0.012 13
1 229 3 1 0.01 12
1 228 3 1 0.016 13
1 228 3 1 0.022 15
1 227 3 1 0.016 13
1 227 3 1 0.022 14
1 227 1 3 0.23 32
1 227 1 11 1.75 65
1 227 2 11 1.578 62
1 227 2 15 2.302 68
1 227 2 13 2.01 66
1 227 2 14 1.788 64
1 226 3 1 0.014 13
1 226 3 1 0.014 14
1 226 2 3 0.152 29
1 226 2 9 1.736 66
1 226 2 13 2.092 67
1 226 1 11 1.732 65
1 226 1 11 1.72 60
1 226 1 11 2.12 64
1 225 2 5 0.788 47
1 225 2 7 1.32 62
1 225 1 6 0.956 53
1 225 1 5 1.046 52
1 225 1 6 0.908 50
1 225 1 6 1.164 57
1 224 2 1 0.036 18
1 224 3 1 0.02 15
1 224 3 1 0.012 12
1 205 1 8 1.436 56
1 205 1 6 1.426 57
1 205 2 8 1.232 58
1 205 2 7 1.27 56
1 205 2 7 1.436 55
1 205 2 8 1.39 57
1 204 1 7 1.772 60
1 204 1 7 1.07 55
1 204 2 7 1.658 59
1 204 2 10 1.668 60
1 204 2 7 1.012 52
1 204 2 5 0.542 41
1 203 3 1 0.018 13
1 203 3 1 0.014 12
1 203 1 11 1.332 60
1 203 2 7 1.466 58
1 203 1 8 1.576 60
1 203 1 11 1.844 62
1 203 2 9 1.578 61
1 203 2 8 1.19 55
1 202 1 8 1.264 53
1 202 2 7 1.992 59
1 202 2 7 1.6 60
1 202 2 5 1.254 57
1 202 2 7 1.48 55
1 202 1 9 1.394 55
1 201 1 4 0.694 46
1 201 1 5 0.88 50
1 201 1 6 1.28 57
1 201 2 5 0.936 53
1 201 2 7 1.12 54
1 201 2 6 1.152 57
1 201 3 1 0.022 15
1 201 3 1 0.024 16
1 200 2 7 1.512 57
1 200 2 5 1.02 51
1 200 2 8 1.244 56
1 200 2 5 1.242 54
1 200 1 11 1.352 59
1 200 1 5 0.718 45
1 200 3 1 0.022 15
1 200 3 1 0.016 14
1 199 3 1 0.01 12
1 199 3 1 0.018 15
1 199 1 7 1.068 53
1 199 2 13 1.698 63
1 199 2 7 1.336 57
1 199 2 5 1.428 58
1 199 2 8 1.41 56
1 199 2 7 1.21 55
1 172 1 5 0.536 43
1 172 3 1 0.026 17
1 172 3 1 0.01 13
1 172 1 6 0.918 52
1 172 1 6 0.696 48
1 172 1 5 0.514 41
1 172 2 7 1.494 57
1 172 2 5 0.48 43
1 175 1 7 1.176 52
1 175 1 8 1.044 54
1 175 1 7 0.708 46
1 175 2 6 0.724 48
1 175 2 7 1.77 60
1 175 2 6 1.37 55
1 175 3 1 0.018 16
1 175 3 1 0.02 14
1 174 1 8 1.342 56
1 174 2 8 1.73 61
1 174 2 7 1.408 60
1 174 2 7 1.528 58
1 174 2 7 1.03 52
1 174 2 7 1.726 61
1 174 2 1 0.016 14
1 174 2 1 0.012 13
1 173 3 1 0.024 15
1 173 3 1 0.022 15
1 173 1 11 1.532 62
1 173 1 7 0.87 52
1 173 2 7 1.39 58
1 173 2 6 0.934 52
1 173 2 6 1.48 58
1 173 2 7 1.132 56
1 171 1 8 0.746 50
1 171 1 4 0.576 43
1 171 1 4 0.532 44
1 171 2 5 0.574 44
1 171 2 6 0.84 52
1 171 2 7 1.078 54
1 171 3 1 0.014 13
1 171 3 1 0.014 14
1 170 2 6 1.134 57
1 170 2 9 1.326 58
1 170 1 7 1.156 55
1 170 1 10 1.09 57
1 170 1 6 1.042 55
1 170 1 7 1.044 54
1 170 3 1 0.014 13
1 170 3 1 0.024 16
1 169 1 5 0.668 47
1 169 2 5 0.676 45
1 169 1 5 0.616 44
1 169 1 5 0.512 42
1 169 2 5 1.044 52
1 169 1 5 0.556 44
1 168 2 5 0.684 45
1 168 1 11 1.1 56
1 168 2 6 0.848 50
1 168 2 4 0.58 44
1 168 1 5 0.618 45
1 168 2 7 0.922 53
1 167 3 1 0.024 16
1 167 1 11 1.812 63
1 167 1 13 1.304 59
1 167 1 11 1.606 63
1 167 1 7 1.374 60
1 166 2 14 2.082 68
1 166 2 11 2.188 69
1 166 2 10 1.68 62
1 166 1 21 1.956 69
1 165 2 13 1.564 62
1 165 1 10 1.93 67
1 165 1 9 1.648 62
1 165 1 12 1.806 68
1 164 3 1 0.006 11
1 164 3 1 0.012 14
1 162 3 1 0.014 14
1 162 3 1 0.008 13
1 162 1 16 1.432 61
1 162 1 12 1.12 56
1 162 1 14 1.964 68
1 162 2 12 1.332 58
1 163 3 7 1.63 63
1 163 3 8 1.364 58
1 163 3 11 1.33 58
1 163 3 1 0.014 14
1 163 3 1 0.012 11
1 163 3 11 1.678 64
1 161 1 16 1.628 64
1 161 1 11 1.504 59
1 161 2 9 1.28 59
1 161 2 13 2.314 69
1 161 2 9 1.086 56
1 161 2 12 1.436 63
1 161 3 1 0.012 13
1 161 3 1 0.012 13
1 160 3 1 0.018 14
1 160 3 1 0.016 14
1 160 1 11 1.342 60
1 160 1 6 0.762 50
1 160 1 10 1.236 59
1 160 1 8 0.962 56
1 160 1 6 0.65 50
1 160 1 8 1.308 60
1 159 3 1 0.01 13
1 159 3 1 0.012 13
1 159 2 14 2.09 69
1 159 2 7 1.288 57
1 159 2 11 1.092 58
1 159 2 13 1.68 64
1 159 2 12 1.008 57
1 159 2 8 1.108 56
1 158 2 6 0.676 48
1 158 2 5 0.958 49
1 158 2 7 0.88 51
1 158 2 7 0.84 53
1 158 2 4 0.652 46
1 158 2 10 1.152 58
1 158 2 1 0.026 16
1 158 2 1 0.016 14
1 157 1 2 0.046 20
1 157 3 1 0.02 14
1 157 2 7 1.028 55
1 157 2 7 0.738 50
1 157 1 12 1.254 58
1 157 1 10 1.152 57
1 157 1 10 0.888 55
1 157 1 14 1.588 62
1 156 1 8 1.228 58
1 156 1 9 0.998 54
1 156 1 5 0.576 45
1 156 1 7 0.79 50
1 156 2 7 1.016 56
1 156 2 6 0.786 53
1 156 2 1 0.028 15
1 156 2 1 0.018 14
1 155 3 1 0.046 18
1 155 3 1 0.022 15
1 155 1 5 0.486 42
1 155 1 5 0.51 42
1 155 1 6 0.74 45
1 154 3 1 0.042 18
1 155 2 6 0.642 46
1 155 2 5 0.508 41
1 155 2 7 0.688 50
1 154 3 1 0.018 13
1 154 1 6 0.7 49
1 154 1 5 0.438 41
1 154 1 5 0.538 41
1 154 1 4 0.54 43
1 154 2 6 0.794 48
1 154 2 5 0.57 44
1 153 2 1 0.01 13
1 153 2 1 0.01 13
1 153 2 6 1.14 55
1 153 2 5 0.522 41
1 153 2 5 0.52 42
1 153 1 5 0.56 41
1 153 1 4 0.788 48
1 153 1 5 0.514 42
1 152 3 1 0.02 15
1 152 3 1 0.016 13
1 152 2 8 1.06 55
1 152 2 5 0.418 40
1 152 2 5 0.55 44
1 152 1 5 0.52 42
1 152 1 5 0.426 39
1 152 1 5 0.474 42
1 151 2 5 0.732 43
1 151 1 5 0.69 45
1 151 1 5 0.592 46
1 151 1 5 0.576 45
1 151 1 6 0.717 49
1 151 1 5 0.566 44
1 150 1 10 1.332 57
1 150 1 7 1.126 55
1 150 1 5 0.578 44
1 150 1 5 0.498 42
1 150 1 5 0.698 45
1 150 1 5 0.494 42
1 150 3 1 0.026 16
1 150 3 1 0.022 15
1 149 2 5 0.576 44
1 149 2 5 1.134 55
1 149 1 5 0.408 41
1 149 1 5 0.55 45
1 149 1 5 0.476 41
1 149 1 5 0.572 44
1 148 1 5 0.606 44
1 148 1 4 0.458 40
1 148 2 5 0.604 45
1 148 2 5 0.62 45
1 148 1 5 0.46 42
1 148 2 5 1.122 52
1 123 2 5 0.59 45
1 123 1 7 0.76 49
1 123 1 5 0.448 44
1 123 1 5 0.402 39
1 123 1 5 0.552 43
1 123 2 5 0.782 49
1 125 2 4 0.57 42
1 125 2 5 0.536 43
1 125 1 5 0.522 41
1 125 2 5 0.604 45
1 125 1 5 0.62 45
1 125 2 5 0.572 45
1 124 3 1 0.016 14
1 124 3 1 0.02 15
1 124 2 10 1.9 67
1 124 2 5 0.72 47
1 124 1 8 0.746 50
1 124 1 5 0.478 42
1 124 1 14 1.968 67
1 124 1 5 0.55 43
1 122 2 6 0.738 47
1 122 2 5 0.528 43
1 122 2 7 0.648 47
1 122 2 6 0.832 50
1 122 1 6 0.664 48
1 122 1 5 0.594 44
1 121 3 1 0.016 14
1 121 3 1 0.022 15
1 121 1 5 0.642 46
1 121 2 8 1.3 58
1 121 2 7 0.842 50
1 121 1 13 1.434 61
1 121 2 9 0.678 51
1 121 1 9 1.238 55
1 120 2 14 1.558 64
1 120 2 11 1.372 61
1 120 1 14 1.29 59
1 120 1 7 0.982 52
1 120 1 1 0.024 16
1 120 3 1 0.018 14
1 119 1 10 1.218 58
1 119 1 8 0.918 51
1 119 2 2 0.08 24
1 119 1 2 0.132 27
1 119 2 10 1.408 59
1 119 2 8 1.128 56
1 118 2 10 1.582 62
1 118 1 11 1.48 59
1 118 2 2 0.076 24
1 118 2 7 0.998 53
1 118 3 1 0.01 14
1 118 3 1 0.008 12
1 116 3 1 0.012 13
1 116 3 1 0.01 12
1 116 1 15 1.332 62
1 116 2 15 1.53 64
1 116 2 14 2.004 69
1 116 2 16 1.38 62
1 117 3 1 0.014 13
1 117 3 1 0.014 13
1 117 1 8 1.28 58
1 117 1 11 1.678 65
1 117 2 11 1.85 68
1 117 2 12 1.294 58
1 115 3 1 0.014 13
1 115 3 1 0.016 14
1 115 2 2 0.048 20
1 115 2 13 1.97 69
1 115 1 14 1.718 64
1 115 1 11 1.266 57
1 114 3 1 0.02 15
1 114 3 1 0.006 11
1 114 2 11 1.91740159848383 68
1 114 2 11 1.59990749922341 64
1 114 2 11 1.59990749922341 64
1 114 1 13 1.312 58
1 113 3 1 0.012 13
1 113 3 1 0.014 13
1 113 1 14 2.514 72
1 113 1 13 2.016 67
1 113 2 15 1.742 68
1 113 2 15 1.97 69
1 112 3 1 0.018 15
1 112 3 1 0.014 13
1 112 1 13 1.184 58
1 112 1 10 1.348 60
1 112 2 12 1.244 61
1 112 2 15 2.008 70
1 111 1 12 2.15 68
1 111 1 10 1.354 60
1 111 2 9 1.35 57
1 111 2 10 1.374 60
1 111 3 1 0.01 12
1 111 3 1 0.01 12
1 110 3 1 0.012 14
1 110 3 1 0.016 17
1 110 1 5 0.73 49
1 110 1 10 1.922 64
1 110 2 8 0.976 55
1 110 2 14 1.528 62
1 109 1 11 1.36 59
1 109 1 12 1.15 58
1 109 1 11 1.378 61
1 109 2 13 1.592 63
1 108 3 1 0.01 12
1 108 3 1 0.018 15
1 108 1 11 1.178 59
1 108 1 14 1.49 61
1 108 1 12 0.914 52
1 108 2 12 1.742 68
1 108 2 10 1.132 61
1 108 2 14 1.076 58
1 107 2 1 0.022 15
1 107 1 1 0.024 15
1 107 1 8 1.266 59
1 107 1 9 1.042 57
1 107 1 12 1.472 63
1 107 1 12 0.916 53
1 107 2 11 0.652 52
1 107 1 11 1.156 57
1 106 3 1 0.014 13
1 106 3 1 0.016 13
1 106 1 5 0.578 42
1 106 1 4 0.83 49
1 106 2 5 0.534 42
1 106 2 5 0.57 44
1 106 2 7 1.19 57
1 106 1 8 1.378 60
1 105 1 1 0.022 16
1 105 3 1 0.014 13
1 105 1 7 0.792 50
1 105 1 6 0.608 45
1 105 2 5 0.578 46
1 105 2 5 0.692 47
1 105 2 4 0.568 42
1 105 2 4 0.45 42
1 105 2 4 0.584 45
1 102 2 12 1.236 58
1 102 1 10 0.982 58
1 102 1 16 1.246 59
1 102 1 11 1.326 58
1 102 2 19 2.464 75
1 102 2 13 1.454 62
1 102 3 1 0.012 12
1 102 3 1 0.01 12
1 104 2 1 0.034 18
1 104 3 1 0.022 15
1 104 1 12 1.022 55
1 104 1 9 1.042 54
1 104 1 7 0.866 53
1 104 2 6 0.992 52
1 104 2 5 0.498 43
1 104 2 5 0.822 51
1 103 3 1 0.014 14
1 103 3 1 0.014 14
1 103 1 12 1.434 61
1 103 1 10 1.192 55
1 103 2 11 1.08 58
1 103 2 4 0.358 39
1 103 2 10 1.362 58
1 103 2 11 1.388 62
1 101 3 1 0.016 14
1 101 3 1 0.02 15
1 101 1 10 1.112 55
1 101 1 13 1.534 61
1 101 2 11 1.35 58
1 101 2 13 2.25 71
1 101 2 8 1.054 56
1 101 2 12 1.786 67
1 100 3 1 0.016 14
1 100 1 1 0.02 15
1 100 1 5 0.514 40
1 100 1 5 0.546 43
1 100 2 14 1.112 56
1 100 2 6 0.812 50
1 100 2 6 0.782 49
1 100 2 5 0.724 48
1 99 1 1 0.032 18
1 99 3 1 0.016 15
1 99 1 8 0.848 48
1 99 1 5 0.512 43
1 99 1 5 0.516 41
1 99 1 6 0.612 44
1 99 2 5 0.858 50
1 99 2 6 0.528 43
1 98 2 1 0.028 16
1 98 2 1 0.024 18
1 98 2 4 0.532 41
1 98 2 5 0.474 40
1 98 1 5 0.452 41
1 98 2 6 0.69 47
1 98 1 5 0.352 38
1 98 1 5 0.476 42
1 97 2 1 0.022 16
1 97 3 1 0.012 14
1 97 2 5 0.69 46
1 97 1 5 0.42 41
1 97 2 6 0.736 47
1 97 2 5 0.55 43
1 97 2 6 0.844 48
1 97 1 3 0.178 30
1 84 1 10 0.94 53
1 84 1 1 0.04 18
1 84 2 1 0.032 17
1 84 2 5 0.556 44
1 84 1 5 0.604 45
1 84 2 7 0.792 51
1 84 1 5 0.544 43
1 84 2 6 1.102 55
1 87 2 5 0.638 46
1 86 2 1 0.028 16
1 86 3 1 0.018 15
1 86 1 5 0.648 47
1 86 1 13 1.204 61
1 86 1 5 0.484 42
1 86 1 7 0.872 50
1 86 1 1 0.022 17
1 86 1 1 0.034 17
1 86 1 20 2.148 70
1 86 1 7 0.652 45
1 86 2 6 0.582 44
1 86 2 6 0.636 46
1 86 2 6 0.938 49
1 86 2 NA 1.71 59
1 86 2 4 0.606 47
1 85 1 5 0.502 43
1 85 1 1 0.028 17
1 85 1 4 0.482 41
1 85 2 1 0.042 18
1 85 2 12 1.046 58
1 85 2 5 0.458 42
1 85 2 5 0.434 40
1 85 2 5 0.596 45
1 83 2 1 0.024 16
1 83 2 8 1.172 54
1 83 2 6 0.974 50
1 83 2 8 0.856 53
1 83 2 8 0.874 52
1 83 2 NA 0.81 49
1 83 2 14 2.318 74
1 82 2 8 1.23 55
1 82 2 5 0.796 47
1 82 1 7 1.06 54
1 82 2 7 0.886 53
1 82 1 5 0.574 45
1 82 1 5 0.56 44
1 82 3 1 0.012 13
1 82 3 1 0.02 14
1 79 2 9 1.1 56
1 79 2 9 1.058 53
1 79 2 1 0.022 15
1 79 1 1 0.032 16
1 79 1 5 0.532 42
1 79 1 6 0.788 49
1 79 1 6 0.588 47
1 79 1 7 0.72 49
1 81 1 1 0.03 17
1 81 1 7 0.734 47
1 81 1 8 1.112 55
1 81 1 7 0.992 52
1 81 2 9 1.414 58
1 81 2 8 0.97 51
1 81 2 7 1.67 62
1 81 2 1 0.034 17
1 80 3 1 0.018 14
1 80 1 7 0.918 51
1 80 1 7 0.742 46
1 80 1 1 0.026 17
1 80 2 8 1.268 56
1 80 2 8 1.028 52
1 80 2 5 0.706 46
1 80 2 7 1.128 55
1 78 3 1 0.024 15
1 78 1 7 0.727 49
1 78 1 7 0.886 49
1 78 1 4 0.538 42
1 78 2 6 0.636 46
1 78 2 5 0.638 46
1 78 2 5 0.652 44
1 78 2 1 0.024 16
1 77 1 1 0.024 16
1 77 1 1 0.022 16
1 77 1 5 0.44 39
1 77 1 4 0.484 41
1 77 2 5 0.61 46
1 77 2 5 0.522 42
1 77 2 8 1.712 62
1 77 2 5 0.458 40
1 76 2 1 0.024 16
1 76 2 1 0.028 17
1 76 2 5 0.636 45
1 76 1 5 0.516 43
1 76 1 6 0.568 45
1 76 1 5 0.49 42
1 76 1 6 0.596 44
1 76 1 5 0.56 43
1 75 3 1 0.02 14
1 75 3 1 0.014 14
1 75 2 6 0.682 46
1 75 2 5 0.51 42
1 75 2 3 0.114 26
1 75 1 5 0.546 44
1 75 1 7 0.714 49
1 75 1 7 0.714 50
1 74 3 1 0.022 15
1 74 2 1 0.024 16
1 74 2 15 1.872 67
1 74 2 7 1.566 58
1 74 2 6 0.616 44
1 74 2 3 0.334 37
1 74 2 5 0.366 36
1 74 1 5 0.57 43
1 73 1 5 0.53 43
1 73 1 5 0.562 44
1 73 1 6 0.63 46
1 73 1 5 0.536 43
1 73 1 5 0.588 44
1 73 2 5 0.692 47
1 73 3 1 0.012 13
1 73 3 1 0.008 11
1 32 3 1 0.008 12
1 32 3 1 0.01 13
1 32 2 6 0.7 47
1 32 2 5 0.592 43
1 32 2 5 0.566 44
1 32 2 5 0.782 49
1 32 1 6 0.956 51
1 32 1 6 0.716 46
1 72 3 1 0.008 12
1 72 3 1 0.006 11
1 72 2 11 1.616 63
1 72 1 14 1.526 60
1 72 1 5 0.46 43
1 72 1 11 1.314 59
1 71 3 1 0.01 13
1 71 3 1 0.006 11
1 33 3 1 0.006 10
1 33 3 1 0.006 11
1 33 1 10 1.17 56
1 33 2 7 1.044 55
1 33 2 7 0.896 53
1 33 2 9 1.464 58
1 31 3 1 0.006 10
1 31 3 1 0.006 10
1 31 1 6 0.766 50
1 31 1 12 1.162 59
1 31 2 14 1.546 66
1 31 2 7 0.748 50
1 31 2 10 1.094 60
1 31 2 7 1.02 51
1 30 3 1 0.012 13
1 30 3 1 0.01 12
1 30 3 1 0.008 12
1 30 3 1 0.012 14
1 27 1 13 1.132 57
1 27 1 7 0.664 46
1 27 1 4 0.482 42
1 27 2 5 0.468 42
1 27 2 10 1.16 61
1 27 2 7 0.966 55
1 27 2 1 0.026 17
1 27 3 1 0.014 14
1 29 2 20 1.654 65
1 29 2 20 2.26 76
1 29 2 1 0.022 16
1 29 3 1 0.014 14
1 29 1 14 1.13 59
1 28 1 1 0.022 16
1 28 3 1 0.012 13
1 28 3 1 0.012 13
1 28 3 1 0.014 14
1 28 3 1 0.01 12
1 28 3 1 0.01 12
1 26 2 5 0.506 42
1 26 2 6 0.576 45
1 26 2 5 0.496 42
1 26 2 5 0.584 45
1 26 1 5 0.376 38
1 26 1 3 0.204 31
1 26 2 2 0.054 21
1 26 1 2 0.052 20
1 25 3 1 0.01 12
1 25 1 2 0.042 19
1 25 1 5 0.546 41
1 25 1 5 0.404 38
1 25 1 5 0.382 40
1 25 2 5 0.55 44
1 25 2 5 0.538 43
1 25 2 5 0.5 42
1 24 2 5 0.498 42
1 24 2 6 0.782 50
1 24 1 5 0.562 44
1 24 1 4 0.398 37
1 24 1 7 0.9 52
1 24 1 5 0.636 46
1 24 2 2 0.04 19
1 24 2 1 0.018 15
1 23 3 1 0.026 17
1 23 1 5 0.576 46
1 23 3 1 0.012 13
1 23 1 11 0.964 53
1 23 1 5 0.612 46
1 23 2 5 0.552 43
1 23 2 6 0.88 53
1 23 2 11 1.958 67
1 22 2 17 1.994 71
1 22 2 7 0.914 50
1 22 2 5 0.758 49
1 22 1 5 0.888 51
1 22 1 5 0.416 41
1 22 1 8 0.9 50
1 21 2 2 0.058 21
1 21 2 8 0.972 52
1 21 2 5 0.642 43
1 21 2 5 0.7 45
1 21 1 7 1.12 54
1 21 1 4 0.666 45
1 21 1 7 0.692 48
1 20 2 5 0.45 41
1 20 1 7 0.898 51
1 20 1 7 0.954 52
1 20 1 6 0.91 51
1 20 1 7 0.782 49
1 20 1 7 0.73 49
1 19 3 1 0.016 15
1 19 1 1 0.034 17
1 19 1 5 0.5 42
1 19 1 5 0.59 44
1 19 1 7 1.28 55
1 19 2 5 0.732 48
1 19 2 7 0.81 51
1 19 2 17 3.096 74
1 18 1 6 0.684 47
1 18 2 5 0.534 44
1 18 2 NA 1.522 59
1 18 2 5 0.72 46
1 18 2 5 0.586 44
1 18 2 NA 2.67 70
1 11 1 4 0.476 39
1 11 1 8 1.024 52
1 11 1 11 1.81 66
1 11 1 7 0.812 49
1 11 2 1 0.026 16
1 11 2 5 0.786 47
1 11 2 6 0.726 48
1 17 2 1 0.036 19
1 17 1 1 0.032 18
1 17 1 8 1.066 53
1 17 1 16 2.246 67
1 17 2 9 1.338 57
1 17 1 7 0.988 54
1 17 2 5 0.54 42
1 17 2 7 0.98 52
1 10 1 5 0.476 40
1 10 1 5 0.74 48
1 10 1 1 0.03 17
1 10 2 5 0.59 44
1 10 2 5 0.674 48
1 10 2 5 0.508 42
1 10 2 7 0.832 49
1 10 2 1 0.028 17
1 9 2 2 0.06 21
1 9 2 8 1.196 57
1 9 2 8 1.298 60
1 9 2 6 0.636 45
1 9 1 5 0.556 45
1 9 1 5 0.462 40
1 9 1 14 1.97 66
1 8 1 7 0.774 51
1 8 2 11 1.49 61
1 8 2 4 0.39 37
1 8 1 4 0.458 40
1 8 1 1 0.03 17
1 8 1 5 0.584 44
1 8 1 5 0.526 42
1 8 1 1 0.018 15
1 7 3 1 0.02 15
1 7 1 12 1.634 61
1 7 1 5 0.566 43
1 7 2 5 0.564 43
1 7 2 5 0.738 47
1 7 2 5 0.676 45
1 7 2 5 0.65 44
1 6 2 5 0.606 46
1 6 2 4 0.474 40
1 6 2 5 0.676 44
1 6 1 5 0.634 45
1 6 1 5 0.7 46
1 6 1 4 0.49 42
1 272 3 1 0.014 13
1 272 3 1 0.012 13
1 272 1 9 2.652 70
1 272 1 14 2.688 74
1 272 2 21 2.612 78
1 272 2 13 3.13 77
1 271 1 7 1.906 61
1 271 1 13 2.462 72
1 271 1 13 2.48 70
1 271 1 13 2.558 71
1 271 3 1 0.014 13
1 271 3 1 0.014 13
1 270 3 1 0.026 15
1 270 3 1 0.012 12
1 270 2 15 2.168 68
1 270 2 2 0.134 27
1 270 1 12 2.456 72
1 270 1 8 1.582 62
1 269 2 1 0.028 16
1 269 3 1 0.018 14
1 269 1 3 0.146 28
1 269 2 23 2.218 69
1 269 2 14 2.962 78
1 269 2 NA 2.86 70
1 268 3 1 0.016 15
1 268 3 1 0.01 12
1 268 1 16 2.356 71
1 268 1 12 2.054 65
1 268 2 15 3.128 78
1 268 2 22 3.562 78
1 267 3 1 0.016 13
1 267 3 1 0.012 13
1 267 3 1 0.014 12
1 267 3 1 0.01 11
1 266 1 3 0.298 35
1 266 1 13 1.186 58
1 266 2 3 0.218 30
1 266 2 12 2.816 75
1 266 3 1 0.02 15
1 266 3 1 0.014 14
1 265 3 1 0.016 14
1 265 1 1 0.024 16
1 265 1 3 0.196 31
1 265 2 13 2.508 67
1 265 2 3 0.148 27
1 265 2 3 0.212 30
1 264 3 1 0.02 15
1 264 3 1 0.012 13
1 264 2 11 1.914 68
1 264 2 12 1.954 68
1 264 1 4 0.654 44
1 264 1 15 1.51 61
1 263 2 15 1.686 62
1 263 2 12 2.168 67
1 263 2 14 1.938 67
1 263 2 9 2.644 69
1 263 1 8 2.002 63
1 263 1 7 1.588 60
1 263 3 1 0.012 13
1 262 3 1 0.018 15
1 262 3 1 0.012 13
1 262 1 8 1.644 63
1 262 1 15 1.456 61
1 262 1 13 1.572 63
1 262 2 13 2.088 73
1 262 2 11 3.066 76
1 262 2 12 2.09 68
1 261 3 1 0.012 13
1 261 3 1 0.012 13
1 261 2 12 1.694 62
1 261 1 16 1.52 62
1 261 1 8 1.994 65
1 261 1 12 1.594 59
1 261 1 15 2.538 71
1 261 1 8 2.522 69
1 259 1 13 2.024 63
1 259 3 1 0.018 13
1 259 3 1 0.012 12
1 259 1 3 0.326 35
1 259 1 10 1.752 61
1 259 2 13 1.974 67
1 259 2 12 2.36 67
1 259 2 13 2 66
1 260 3 1 0.014 14
1 260 3 1 0.01 12
1 260 1 5 0.676 45
1 260 1 7 1.274 55
1 260 1 5 1.044 54
1 260 1 7 1.216 56
1 260 2 5 0.776 49
1 260 2 7 1.066 55
1 258 3 1 0.022 15
1 258 1 1 0.026 16
1 258 1 7 1.282 55
1 258 1 5 0.734 47
1 258 1 5 0.986 51
1 258 1 5 0.52 42
1 258 1 5 0.656 45
1 258 2 5 0.534 43
1 257 3 1 0.02 15
1 257 3 1 0.02 15
1 257 1 5 0.744 50
1 257 1 7 0.924 52
1 257 2 8 1.06 55
1 257 2 9 1.716 57
1 257 2 11 1.456 62
1 257 2 8 1.326 60
1 256 3 1 0.022 14
1 256 3 1 0.014 12
1 256 1 7 0.972 54
1 256 1 8 1.098 52
1 256 1 8 1.14 55
1 256 2 3 0.29 34
1 256 2 8 1.016 52
1 256 2 14 1.67 65
1 253 1 16 1.642 61
1 253 1 2 0.238 31
1 253 1 3 0.182 30
1 253 2 14 2.584 68
1 253 2 2 0.234 31
1 253 2 3 0.154 28
1 255 3 1 0.018 14
1 255 3 1 0.022 15
1 255 1 13 1.918 64
1 255 1 9 0.972 53
1 255 2 11 2.336 70
1 255 2 12 2.132 68
1 255 2 15 2.542 70
1 255 2 5 0.562 46
1 254 2 1 0.028 17
1 254 2 13 1.576 63
1 254 2 9 1.644 61
1 254 3 1 0.022 15
1 254 1 6 0.894 50
1 254 1 10 0.766 50
1 254 1 6 0.7 48
1 254 1 3 0.196 30
1 223 2 15 2.662 70
1 223 2 9 1.784 63
1 223 1 11 1.148 57
1 223 1 3 0.104 25
1 223 3 1 0.02 15
1 223 3 1 0.01 13
1 222 3 1 0.016 14
1 222 3 1 0.016 14
1 222 2 11 1.288 61
1 222 2 12 1.774 65
1 222 2 22 2.006 67
1 222 2 2 0.194 30
1 222 1 11 2.124 67
1 222 1 6 0.828 50
1 221 3 1 0.016 14
1 221 3 1 0.02 15
1 221 2 13 2.144 68
1 221 2 13 2.162 66
1 221 1 6 1.72 61
1 221 1 10 1.626 63
1 221 1 10 1.806 66
1 221 1 5 0.496 42
1 220 1 12 1.748 64
1 220 1 14 1.274 58
1 220 1 12 1.162 58
1 220 2 7 1.244 59
1 220 2 7 0.796 53
1 220 2 5 0.534 43
1 220 3 1 0.018 14
1 219 2 11 1.88 66
1 219 2 6 0.588 45
1 219 1 6 1.128 55
1 219 1 5 0.8 49
1 219 1 5 0.458 41
1 219 1 5 0.57 43
1 219 3 1 0.014 13
1 219 3 1 0.014 14
1 218 1 6 1.09 53
1 218 1 5 0.582 43
1 218 1 7 0.692 46
1 218 1 11 1.428 61
1 218 1 6 1.2 54
1 218 1 8 1.03 51
1 217 1 7 1.6 58
1 217 1 7 1.064 50
1 217 1 8 1.188 54
1 217 1 5 0.692 46
1 217 1 5 0.614 45
1 217 1 5 0.636 43
1 217 1 1 0.02 15
1 216 1 NA 0.912 49
1 216 1 7 0.912 49
1 216 1 7 0.84 49
1 216 2 8 1.182 57
1 216 2 5 0.71 46
1 216 2 7 1.324 52
1 216 2 6 0.81 48
1 216 3 1 0.02 15
1 216 3 1 0.016 13
1 215 2 9 1.428 60
1 215 2 8 1.448 62
1 215 2 13 2.1 65
1 215 1 7 1.356 56
1 215 1 10 1.07 53
1 215 1 13 1.644 63
1 215 3 1 0.024 15
1 215 3 1 0.012 13
1 214 3 1 0.022 15
1 214 3 1 0.018 14
1 214 2 9 1.576 56
1 214 2 10 1.51 59
1 214 2 7 1.396 58
1 214 1 11 2.072 66
1 214 1 13 1.42 60
1 214 1 11 1.578 62
1 213 2 8 1.694 62
1 213 2 8 1.088 52
1 213 2 5 0.552 43
1 213 1 5 1.11 53
1 213 1 5 1.08 52
1 213 1 3 0.254 35
1 213 3 1 0.016 13
1 213 2 1 0.024 16
1 212 1 8 1.238 54
1 212 1 14 1.512 63
1 212 1 5 0.692 46
1 212 1 7 1.118 55
1 212 2 6 0.824 49
1 212 2 8 1.332 61
1 212 3 1 0.016 13
1 211 1 8 1.224 56
1 211 1 13 1.078 55
1 211 1 7 1.232 56
1 211 1 11 1.422 58
1 211 1 7 0.95 50
1 211 2 16 1.95 61
1 211 3 1 0.018 15
1 211 3 1 0.016 15
1 210 1 2 0.032 17
1 210 2 1 0.028 17
1 210 2 6 0.744 46
1 210 2 5 0.896 49
1 210 1 6 0.638 46
1 210 1 5 0.7 48
1 210 1 5 0.572 44
1 210 1 5 0.704 47
1 209 3 1 0.018 15
1 209 1 6 0.764 48
1 209 1 7 0.766 49
1 209 1 11 0.822 53
1 209 1 1 0.028 17
1 209 2 4 0.936 52
1 209 2 5 1.178 55
1 209 2 6 0.894 53
1 208 1 5 0.96 50
1 208 1 5 0.63 46
1 208 1 5 0.716 45
1 208 1 1 0.036 17
1 208 2 7 1.51 58
1 208 2 7 1.082 53
1 208 2 5 0.674 44
1 208 2 1 0.026 16
1 207 2 6 1.552 57
1 207 2 8 1.356 55
1 207 2 8 1.088 54
1 207 1 5 0.958 50
1 207 1 6 1.064 51
1 207 1 14 2.23 70
1 207 3 1 0.008 11
1 207 3 1 0.014 13
1 206 2 8 1.218 57
1 206 2 8 1.804 63
1 206 2 7 1.218 57
1 206 2 1 0.028 16
1 206 1 7 0.86 50
1 206 1 6 0.696 45
1 206 1 7 1.074 51
1 206 3 1 0.01 12
1 198 2 4 0.626 43
1 198 1 8 1.01 54
1 198 1 5 0.912 50
1 198 2 6 0.58 43
1 198 2 6 0.848 48
1 198 2 7 1.732 58
1 197 2 5 0.557 49
1 197 2 5 0.228 43
1 197 2 5 0.386 47
1 197 2 5 0.322 45
1 197 1 5 0.19 45
1 197 2 5 0.554 52
1 194 2 6 0.832 51
1 194 1 6 0.984 54
1 194 2 5 0.81 50
1 194 2 5 0.934 51
1 194 2 5 0.93 48
1 194 1 6 0.83 51
1 194 3 1 0.018 14
1 194 3 1 0.012 13
1 196 2 5 0.67 45
1 196 2 5 0.762 46
1 196 2 7 0.994 49
1 196 1 4 0.52 42
1 196 1 5 0.598 42
1 196 1 5 0.69 46
1 195 1 6 0.948 53
1 195 1 4 0.504 42
1 195 2 7 1.43 58
1 195 2 8 1.094 54
1 195 2 5 0.606 45
1 195 2 5 0.816 47
1 193 3 1 0.018 13
1 193 3 1 0.034 17
1 193 2 7 1.26 59
1 193 1 2 0.226 32
1 193 1 8 1.09 56
1 193 1 15 1.054 57
1 193 1 7 0.818 53
1 193 1 5 0.878 49
1 192 2 9 1.286 60
1 192 1 13 1.04 56
1 192 1 11 1.4 61
1 192 1 15 1.076 58
1 192 1 11 0.838 54
1 192 1 1 0.018 13
1 192 2 1 0.012 13
1 191 1 5 0.61 45
1 192 1 7 0.886 50
1 191 2 12 1.572 62
1 191 2 13 1.62 63
1 191 1 13 1.618 62
1 191 1 7 1.06 54
1 191 1 11 1.114 57
1 190 3 1 0.024 15
1 190 1 12 1.366 62
1 190 1 10 1.258 59
1 190 1 12 1.836 64
1 190 2 17 2.94 78
1 190 2 7 1.312 59
1 190 2 13 2.006 68
1 190 3 1 0.016 14
1 189 1 12 1.184 58
1 189 1 7 1.206 57
1 189 1 7 1.32 57
1 189 3 1 0.03 17
1 189 3 1 0.018 14
1 189 2 8 1.458 62
1 188 1 19 1.374 59
1 188 1 13 1.184 57
1 188 2 13 1.552 61
1 188 2 14 1.24 59
1 187 1 14 1.616 61
1 187 2 13 2.104 70
1 187 2 15 1.63 62
1 187 2 13 2.468 71
1 187 3 1 0.014 14
1 187 3 1 0.014 13
1 186 3 1 0.012 12
1 186 3 1 0.008 11
1 185 3 1 0.012 12
1 185 3 1 0.016 14
1 184 3 1 0.01 13
1 184 3 1 0.014 14
1 183 2 10 2.09 69
1 183 1 13 1.186 58
1 183 1 9 1.174 58
1 183 1 13 2.35 67
1 182 2 10 1.564 60
1 182 2 13 1.482 59
1 182 2 11 1.914 64
1 182 2 10 1.91 64
1 182 1 1 0.018 15
1 182 1 1 0.026 16
1 181 1 9 1.15 58
1 181 1 11 1.072 56
1 181 1 10 1.31 57
1 181 2 12 1.616 60
1 181 2 10 2.198 70
1 181 2 12 1.28 61
1 180 3 1 0.016 14
1 180 3 1 0.01 12
1 180 2 10 1.18 57
1 180 2 9 1.446 65
1 180 1 5 0.832 48
1 180 1 11 1.37 59
1 180 1 4 0.614 45
1 180 1 10 1.084 57
1 179 3 1 0.016 14
1 179 3 1 0.014 13
1 179 1 15 1.002 54
1 179 2 12 1 55
1 179 2 6 0.896 54
1 179 2 5 0.666 47
1 179 1 9 1.224 57
1 179 2 3 0.162 28
1 178 3 1 0.014 14
1 178 3 1 0.016 14
1 178 2 7 1.08 54
1 178 2 5 0.57 45
1 178 2 4 0.554 45
1 178 1 5 0.626 46
1 178 1 3 0.492 41
1 178 1 3 0.092 24
1 177 3 1 0.016 14
1 177 3 1 0.016 14
1 177 1 6 0.648 48
1 177 1 7 0.848 51
1 177 1 7 0.976 52
1 177 1 5 0.732 47
1 177 1 5 0.654 47
1 177 2 5 0.56 45
1 176 3 1 0.012 13
1 176 3 1 0.01 13
1 176 1 5 0.572 44
1 176 1 9 1.112 57
1 176 1 6 0.932 52
1 176 2 7 0.632 48
1 176 2 7 1.406 58
1 176 2 7 1.014 55
1 147 2 5 0.606 44
1 147 2 5 0.63 45
1 147 2 7 1.024 55
1 147 2 5 0.482 41
1 147 1 5 0.626 45
1 147 1 5 0.612 44
1 146 2 7 0.766 51
1 146 2 5 0.702 48
1 146 2 5 0.558 42
1 146 2 6 0.574 45
1 146 1 5 0.476 41
1 146 1 11 1.302 60
1 145 3 1 0.016 14
1 145 3 1 0.012 13
1 145 2 5 0.626 45
1 145 2 5 0.634 47
1 145 2 5 0.582 45
1 145 1 5 0.639 48
1 145 1 5 0.412 39
1 145 1 5 0.696 47
1 144 3 1 0.014 13
1 144 3 1 0.016 14
1 144 2 10 1.326 57
1 144 1 5 0.556 45
1 144 1 5 0.874 51
1 144 1 6 0.534 43
1 144 1 6 0.97 54
1 144 1 6 0.886 51
1 143 2 9 1.19 51
1 143 2 5 0.828 50
1 143 2 8 1.104 53
1 143 1 5 0.654 44
1 143 1 7 1.654 60
1 143 1 6 0.648 45
1 143 1 5 0.67 47
1 142 3 1 0.018 14
1 142 3 1 0.012 13
1 142 2 5 0.638 46
1 142 2 6 0.734 48
1 142 2 5 0.972 51
1 142 2 6 1.248 55
1 142 2 5 0.806 51
1 141 3 1 0.016 13
1 141 3 1 0.016 13
1 141 2 5 0.594 45
1 141 2 8 1.236 55
1 141 2 9 1.482 56
1 141 2 7 1.378 55
1 141 1 5 0.816 49
1 141 1 5 0.502 43
1 141 1 5 0.428 40
1 140 3 1 0.022 14
1 140 3 1 0.026 15
1 140 2 6 0.486 42
1 140 2 5 0.558 44
1 140 1 5 0.428 41
1 140 1 5 0.546 43
1 140 1 7 0.794 51
1 140 1 5 0.468 41
1 139 3 1 0.03 17
1 139 3 1 0.014 13
1 138 3 1 0.024 16
1 138 3 1 0.02 15
1 138 1 5 0.492 42
1 138 1 5 0.542 42
1 138 1 5 0.436 40
1 138 2 6 0.502 43
1 138 2 6 0.644 47
1 138 2 6 0.736 47
1 137 2 7 1.324 56
1 137 1 5 0.464 41
1 137 1 5 0.514 43
1 137 1 5 0.728 46
1 137 1 8 1.072 54
1 137 1 7 1.514 60
1 136 3 1 0.02 15
1 136 3 1 0.018 14
1 136 1 7 0.698 48
1 136 1 5 0.538 43
1 136 1 6 0.866 49
1 136 2 6 0.568 42
1 136 2 6 0.792 50
1 136 2 5 0.512 43
1 135 3 1 0.012 13
1 135 3 1 0.03 17
1 135 3 5 0.872 48
1 135 3 5 0.558 43
1 135 1 7 0.864 51
1 135 1 5 0.586 44
1 135 1 5 0.654 46
1 135 1 5 0.824 49
1 134 1 7 0.668 48
1 134 1 6 0.482 41
1 134 1 5 0.454 39
1 134 1 5 0.542 42
1 134 2 5 0.686 46
1 134 2 7 1.258 55
1 133 3 1 0.014 14
1 133 3 1 0.018 15
1 133 2 5 0.61 45
1 133 2 6 0.642 47
1 133 2 6 0.784 49
1 133 2 5 0.518 41
1 133 2 5 0.51 42
1 133 1 7 1.088 55
1 130 2 21 2.008 70
1 130 1 16 2.072 69
1 130 1 13 1.364 59
1 130 2 10 1.944 68
1 132 3 1 0.018 15
1 132 3 1 0.016 14
1 132 2 5 0.574 45
1 132 2 5 0.556 43
1 132 1 7 0.688 48
1 132 1 5 0.596 44
1 132 1 5 0.556 43
1 132 1 5 0.538 43
1 131 3 1 0.018 14
1 131 3 1 0.016 14
1 131 1 NA 1.404 60
1 131 1 14 1.774 65
1 131 1 12 1.268 58
1 131 1 12 1.852 64
1 131 2 10 1.45 66
1 131 2 11 1.152 55
1 129 3 1 0.012 13
1 129 3 1 0.01 12
1 129 1 7 1.016 53
1 129 2 6 1.324 58
1 129 2 11 2.174 70
1 129 2 9 2.002 67
1 128 3 1 0.006 11
1 128 3 1 0.016 14
1 128 2 15 1.974 69
1 128 1 17 1.172 61
1 128 1 12 1.278 55
1 128 1 15 1.838 65
1 127 1 12 1.492 63
1 127 1 15 1.908 65
1 127 1 12 1.612 62
1 127 2 11 1.644 66
1 127 3 1 0.012 12
1 127 3 1 0.01 14
1 126 3 1 0.01 13
1 126 3 1 0.006 10
1 126 2 15 2.41 73
1 126 2 12 1.83 67
1 126 1 13 2.112 71
1 126 1 15 2.232 69
1 96 3 1 0.01 12
1 96 3 1 0.008 12
1 96 2 13 1.278 63
1 96 1 11 1.772 66
1 96 1 9 0.97 51
1 96 1 13 1.59 65
1 96 1 13 1.084 53
1 96 1 12 1.32 60
1 95 3 1 0.012 13
1 95 3 1 0.016 14
1 95 2 5 0.714 47
1 95 2 5 0.574 43
1 95 2 7 0.872 50
1 95 2 5 0.554 41
1 95 1 11 1.016 56
1 95 1 4 0.424 39
1 94 1 5 0.562 42
1 94 2 5 0.642 45
1 94 2 5 0.496 44
1 94 2 5 0.584 44
1 94 2 5 0.554 42
1 94 2 4 0.494 42
1 93 1 1 0.036 17
1 93 1 1 0.038 17
1 93 1 7 0.806 51
1 93 1 5 0.526 42
1 93 1 7 0.918 52
1 93 2 6 0.918 52
1 93 2 5 0.57 44
1 93 2 7 0.712 48
1 92 1 1 0.014 13
1 92 1 5 0.544 45
1 92 1 4 0.554 42
1 92 1 5 0.492 41
1 92 2 2 0.076 22
1 92 2 6 0.496 41
1 92 2 5 0.558 42
1 92 2 5 0.554 43
1 92 2 5 0.652 45
1 91 1 5 0.438 39
1 91 1 6 0.676 46
1 91 1 5 0.428 40
1 91 1 4 0.436 39
1 91 1 1 0.034 18
1 91 2 1 0.014 13
1 91 2 5 0.452 40
1 91 2 5 0.632 46
1 90 1 4 0.582 44
1 90 1 5 0.478 42
1 90 2 5 0.64 45
1 90 1 5 0.58 45
1 90 2 5 0.588 44
1 90 2 4 0.546 44
1 90 2 1 0.022 16
1 90 1 1 0.016 14
1 89 1 5 0.42 40
1 89 1 4 0.666 48
1 89 1 1 0.026 16
1 89 1 1 0.02 15
1 89 2 4 0.474 44
1 89 2 7 1.546 58
1 89 2 3 0.4 39
1 89 2 5 0.444 39
1 88 2 6 0.706 48
1 88 2 6 0.838 52
1 88 2 5 0.618 45
1 88 1 4 0.67 46
1 88 1 5 0.648 47
1 88 1 7 1.174 57
1 88 2 1 0.022 15
1 88 2 1 0.018 14
1 70 2 8 1.006 52
1 70 1 5 0.684 46
1 70 1 6 0.962 53
1 70 1 8 1.086 52
1 70 2 7 0.93 51
1 70 2 5 0.53 41
1 69 1 1 0.036 17
1 69 1 5 1.014 53
1 69 2 1 0.036 18
1 69 2 5 0.844 50
1 69 2 5 0.87 48
1 69 2 7 1.462 60
1 69 2 5 0.61 44
1 69 2 5 0.612 44
1 68 2 7 1.106 59
1 68 2 8 1.128 56
1 68 2 11 1.62 64
1 68 2 5 0.704 46
1 68 2 7 1.088 56
1 68 1 8 0.992 54
1 68 1 1 0.03 16
1 68 2 1 0.03 17
1 67 2 5 0.452 42
1 67 2 1 0.03 16
1 67 3 1 0.018 14
1 67 2 8 1.23 53
1 67 1 5 0.508 42
1 67 1 4 0.418 39
1 67 1 5 0.626 45
1 67 1 6 0.656 46
1 66 2 1 0.024 15
1 66 2 1 0.036 17
1 66 1 7 0.958 52
1 66 1 6 0.63 49
1 66 2 5 0.56 43
1 66 2 5 0.52 43
1 66 2 4 0.646 44
1 66 2 4 0.57 42
1 65 3 1 0.026 15
1 65 2 1 0.028 16
1 65 1 5 0.648 44
1 65 1 5 0.474 41
1 65 1 6 0.762 49
1 65 1 6 0.596 44
1 65 2 10 1.956 68
1 65 2 5 0.552 42
1 64 3 1 0.018 14
1 64 1 1 0.032 17
1 64 2 7 0.754 46
1 64 2 5 0.766 47
1 64 1 5 0.58 44
1 64 1 5 0.522 42
1 64 1 6 0.972 52
1 64 1 5 0.4 40
1 63 3 1 0.02 15
1 63 1 1 0.026 16
1 63 2 5 0.556 43
1 63 2 5 0.576 44
1 63 2 4 0.17 29
1 63 1 4 0.68 49
1 63 1 5 0.596 44
1 63 1 5 0.506 41
1 62 2 5 0.454 40
1 62 2 5 0.88 51
1 62 2 4 0.45 39
1 62 1 9 0.814 52
1 62 1 5 0.484 41
1 62 1 5 0.524 42
1 61 2 5 0.462 40
1 62 3 1 0.026 15
1 62 3 1 0.01 12
1 61 2 5 0.61 45
1 61 1 5 0.504 41
1 61 1 7 1 52
1 61 1 5 0.526 42
1 61 1 5 0.582 46
1 61 3 1 0.018 14
1 61 3 1 0.022 15
1 60 1 11 1.036 55
1 60 1 7 0.822 50
1 60 1 8 0.992 54
1 60 2 9 1.394 59
1 60 2 11 1.096 57
1 60 2 13 0.866 52
1 60 3 1 0.008 11
1 57 3 1 0.016 14
1 57 2 1 0.026 16
1 57 2 5 0.492 42
1 57 2 5 0.578 43
1 57 2 5 0.59 43
1 57 2 5 0.44 39
1 57 1 5 0.532 43
1 57 1 5 0.454 41
1 59 3 1 0.01 12
1 59 1 1 0.026 16
1 59 1 7 0.586 43
1 59 2 7 1.084 54
1 59 2 5 0.826 49
1 59 2 6 0.534 42
1 59 2 11 1.258 57
1 59 2 5 0.512 42
1 58 3 1 0.008 11
1 58 3 1 0.012 13
1 58 2 15 1.228 57
1 58 2 5 0.758 46
1 58 2 5 0.602 45
1 58 2 5 0.662 45
1 58 1 5 0.716 47
1 58 1 5 0.59 43
1 56 3 1 0.018 14
1 56 3 1 0.01 12
1 56 2 7 0.966 52
1 56 2 4 0.444 40
1 56 2 6 0.55 43
1 56 1 6 0.55 43
1 56 1 6 0.592 45
1 56 1 5 0.594 42
1 55 1 6 0.722 49
1 55 1 5 0.598 43
1 55 1 5 0.51 42
1 55 1 5 0.458 41
1 55 2 5 0.654 45
1 55 2 5 0.524 43
1 54 1 5 0.466 41
1 54 1 5 0.388 41
1 54 2 6 0.892 50
1 54 2 7 0.916 52
1 54 2 8 0.774 49
1 54 2 7 0.944 51
1 54 3 1 0.006 10
1 54 3 1 0.006 10
1 53 3 1 0.012 13
1 53 3 1 0.014 13
1 53 3 1 0.016 13
1 53 3 1 0.01 13
1 52 1 11 1.338 62
1 52 3 1 0.016 14
1 52 3 1 0.012 13
1 51 3 1 0.02 14
1 51 2 6 0.518 42
1 51 1 2 0.032 18
1 51 1 1 0.028 17
1 51 3 1 0.008 11
1 50 2 6 0.77 48
1 50 2 14 0.932 55
1 50 2 14 1.23 62
1 50 1 7 0.658 47
1 50 3 1 0.01 13
1 50 3 1 0.014 14
1 49 2 7 0.762 50
1 49 2 1 0.032 16
1 49 2 6 0.778 49
1 49 2 6 0.708 48
1 49 1 7 0.966 52
1 49 1 2 0.038 18
1 49 1 5 0.48 41
1 49 1 6 0.83 50
1 48 2 8 0.936 56
1 48 2 5 0.604 43
1 48 2 7 1.032 54
1 48 1 5 0.484 42
1 48 1 11 1.152 58
1 48 1 11 1.008 53
1 48 2 2 0.04 18
1 48 1 2 0.03 16
1 47 1 2 0.048 20
1 47 1 6 0.508 42
1 47 1 2 0.086 23
1 47 1 4 0.402 38
1 47 2 5 0.58 43
1 47 2 5 0.504 43
1 47 2 5 0.512 43
1 47 2 5 0.624 44
1 46 1 1 0.022 16
1 46 2 2 0.072 22
1 46 1 5 0.604 45
1 46 2 5 0.516 43
1 46 2 6 0.644 45
1 46 2 7 0.942 52
1 46 2 5 0.484 41
1 46 2 5 0.414 39
1 45 2 7 0.796 50
1 45 2 7 1.192 56
1 45 2 5 0.602 45
1 45 2 5 0.498 41
1 45 1 1 0.024 16
1 45 1 12 1.284 59
1 45 1 2 0.094 24
1 45 1 3 0.204 31
1 44 1 1 0.008 11
1 44 2 6 0.542 44
1 44 2 5 0.36 38
1 44 2 4 0.408 37
1 44 2 5 0.502 41
1 44 2 5 0.566 43
1 44 2 5 0.546 44
1 44 2 2 0.054 21
1 43 3 1 0.01 12
1 43 2 1 0.028 17
1 43 2 12 1.392 57
1 43 2 13 1.34 64
1 43 2 6 0.666 47
1 43 2 5 0.582 44
1 43 1 12 1.052 56
1 43 1 7 0.748 51
1 42 3 1 0.012 12
1 42 3 1 0.018 14
1 42 1 4 0.472 40
1 42 1 5 0.514 42
1 42 1 5 0.806 47
1 42 2 5 0.602 45
1 42 2 6 0.484 40
1 42 2 5 0.432 40
1 41 2 2 0.094 24
1 41 2 7 1.114 57
1 41 2 6 0.484 41
1 41 2 6 0.762 50
1 41 2 6 0.514 42
1 41 1 1 0.022 16
1 41 1 6 0.498 41
1 41 1 5 0.662 47
1 40 1 11 2.366 67
1 40 1 3 0.312 35
1 40 2 6 0.54 43
1 40 2 5 0.515 43
1 40 2 6 0.514 43
1 40 2 5 0.608 45
1 40 2 1 0.02 15
1 40 2 1 0.03 17
1 39 1 5 0.546 44
1 39 2 6 0.61 45
1 39 2 3 0.088 24
1 39 2 5 0.5 40
1 39 2 1 0.022 15
1 39 1 6 0.75 48
1 39 1 11 1.516 62
1 39 1 5 0.554 44
1 38 3 1 0.028 16
1 38 3 1 0.02 15
1 38 2 5 0.458 41
1 38 1 5 0.466 40
1 38 1 3 0.21 31
1 38 1 5 0.428 39
1 38 2 5 0.504 43
1 38 2 5 0.514 42
1 37 2 7 0.912 51
1 37 2 6 0.636 46
1 37 2 5 0.562 43
1 37 2 2 0.064 22
1 37 2 5 0.622 45
1 37 2 5 0.648 44
1 37 1 1 0.03 16
1 37 1 8 1.228 56
1 36 1 5 0.836 47
1 36 1 3 0.14 27
1 36 1 4 0.4 38
1 36 1 5 0.632 45
1 36 1 2 0.078 22
1 36 2 6 0.728 47
1 36 2 5 0.514 43
1 36 2 7 0.944 52
1 35 1 5 0.506 42
1 35 1 2 0.064 20
1 35 2 7 0.608 47
1 35 1 1 0.036 17
1 35 2 5 0.622 45
1 35 2 6 0.948 50
1 35 2 6 0.776 47
1 35 2 5 0.516 42
1 34 1 5 0.57 43
1 34 1 6 0.782 48
1 34 1 8 0.762 50
1 34 1 5 0.488 41
1 34 1 6 0.474 41
1 34 2 7 0.784 50
1 16 2 1 0.04 18
1 16 2 1 0.016 14
1 16 2 5 0.576 42
1 16 2 5 0.496 42
1 16 1 12 1.458 61
1 16 1 6 0.664 46
1 16 1 7 0.822 51
1 16 1 5 0.456 40
1 15 1 5 0.554 45
1 15 1 6 0.59 44
1 15 2 5 0.448 41
1 15 2 5 0.522 44
1 15 2 5 0.694 47
1 15 2 4 0.51 42
1 15 1 1 0.034 17
1 15 1 1 0.026 16
1 14 2 6 0.732 47
1 14 2 5 0.62 45
1 14 2 5 0.59 43
1 14 3 1 0.02 15
1 14 1 1 0.028 16
1 14 1 5 0.69 45
1 14 1 5 0.588 44
1 14 1 5 0.702 47
1 13 1 1 0.032 17
1 13 1 5 0.572 44
1 13 1 5 0.614 44
1 13 2 1 0.03 17
1 13 2 7 0.744 50
1 13 2 8 0.966 54
1 13 2 5 0.776 48
1 13 2 5 0.586 42
1 12 2 4 0.476 40
1 12 2 10 1.046 52
1 12 1 6 0.868 51
1 12 1 5 0.466 41
1 12 1 5 0.65 45
1 12 1 5 0.666 46
1 5 2 6 0.8 49
1 5 2 5 0.908 47
1 5 2 6 0.674 46
1 5 1 12 1.586 62
1 5 1 7 0.956 54
1 5 1 6 0.596 42
1 4 1 5 0.544 43
1 4 2 8 1.45 59
1 4 2 5 0.742 47
1 4 2 5 0.602 42
1 4 2 7 0.602 46
1 4 2 4 0.512 41
1 3 1 4 0.464 40
1 3 1 5 0.492 43
1 3 2 6 1.172 52
1 3 2 5 0.542 42
1 3 2 4 0.492 41
1 3 2 4 0.386 39
1 2 2 6 0.63 48
1 2 3 6 0.636 47
1 2 1 4 0.482 41
1 2 2 8 1.082 52
1 2 1 6 0.692 46
1 2 1 5 0.482 44
1 1 2 5 0.424 40
1 1 2 6 0.696 46
1 1 1 1 0.03 16
1 1 1 6 0.732 49
1 1 1 6 0.598 43
1 1 1 4 0.462 40
1 1 1 4 0.498 41
1 1 2 1 0.038 17
1 1 2 6 0.566 44
