1 268 3 1 0.016 14
1 268 3 1 0.024 16
1 268 1 19 3.054 72
1 268 2 19 4.14 82
1 268 2 18 3.88 75
1 268 2 17 3.586 80
1 267 2 12 3.058 72
1 267 2 17 2.628 74
1 267 2 19 3.32 80
1 267 2 18 3.192 78
1 267 1 1 0.022 16
1 267 2 1 0.014 16
1 266 3 1 0.016 14
1 266 3 1 0.016 14
1 266 2 16 2.81 75
1 266 2 15 3.434 80
1 266 1 13 1.942 68
1 266 1 12 2.494 71
1 265 2 3 0.196 31
1 265 1 1 0.02 15
1 265 1 11 1.51 60
1 265 1 13 1.902 66
1 265 1 14 1.324 60
1 265 1 16 1.89 66
1 265 2 9 1.612 61
1 265 2 12 2.07 68
1 264 2 6 1.72 61
1 264 1 12 2.444 69
1 264 1 8 1.138 56
1 264 1 19 1.378 58
1 264 2 12 2.086 69
1 264 2 11 1.232 59
1 264 3 1 0.008 13
1 264 3 1 0.018 14
1 263 1 11 2.016 66
1 263 1 11 1.394 61
1 263 1 9 1.766 63
1 263 2 14 1.876 69
1 263 2 14 2.812 72
1 263 2 15 1.928 65
1 263 3 1 0.016 13
1 263 3 1 0.014 13
1 262 3 1 0.018 15
1 262 3 1 0.012 12
1 262 2 13 2.738 77
1 262 2 12 2.474 72
1 262 2 14 1.722 67
1 262 2 19 3.554 78
1 261 3 1 0.012 13
1 261 3 1 0.016 14
1 260 3 1 0.012 13
1 260 3 1 0.014 14
1 259 1 NA 0.45 42
1 259 1 NA 0.204 30
1 259 2 2 0.422 40
1 259 2 NA 0.138 28
1 259 3 1 0.014 14
1 259 3 NA 0.013 14
1 258 1 16 1.924 67
1 258 1 2 0.198 32
1 258 1 12 1.588 66
1 258 1 3 0.314 36
1 258 2 16 1.646 68
1 257 1 5 0.884 49
1 257 2 4 0.924 53
1 257 1 5 0.804 48
1 257 1 3 0.63 45
1 257 1 3 0.742 47
1 257 2 6 1.208 56
1 256 1 11 2.154 66
1 256 1 6 1.346 56
1 256 1 5 0.846 48
1 256 2 6 1.234 53
1 256 2 6 1.06 56
1 256 2 6 1.762 62
1 253 1 12 1.662 64
1 253 1 12 1.498 60
1 253 1 11 1.17 57
1 253 2 9 1.22 60
1 253 2 3 0.196 32
1 253 2 11 2.13 67
1 255 1 3 0.302 36
1 255 2 12 1.59 62
1 255 2 9 1.98 66
1 255 2 17 1.78 68
1 255 2 11 1.966 69
1 255 2 12 2.278 70
1 254 2 6 0.504 47
1 254 1 5 0.716 49
1 254 1 6 1.102 53
1 254 1 7 0.924 50
1 254 1 9 1.292 56
1 254 1 8 1.178 56
1 252 1 11 1.678 64
1 252 1 13 1.678 61
1 252 2 3 0.136 28
1 252 2 10 2.21 69
1 252 2 1 0.02 16
1 252 2 1 0.024 15
1 251 3 1 0.018 14
1 251 2 13 1.306 59
1 251 2 11 1.714 64
1 251 3 1 0.018 15
1 251 1 22 2.556 74
1 251 1 12 1.626 64
1 250 2 19 2.29 66
1 250 2 18 2.756 79
1 250 1 19 2.572 69
1 250 3 1 0.014 14
1 250 3 1 0.008 11
1 249 1 1 0.016 14
1 249 2 1 0.008 11
1 248 3 1 0.01 12
1 248 3 1 0.008 11
1 247 1 17 2.87 77
1 247 2 3 0.068 23
1 247 3 1 0.018 14
1 247 3 1 0.014 13
1 246 3 1 0.012 14
1 246 3 1 0.02 15
1 246 1 13 2.036 67
1 246 2 11 2.27 72
1 246 2 15 1.56 64
1 246 2 15 1.516 64
1 245 3 1 0.016 14
1 245 3 1 0.02 15
1 245 1 15 1.414 59
1 245 1 10 1.658 62
1 245 2 11 1.75 65
1 245 2 11 1.658 61
1 245 2 12 1.854 67
1 245 2 11 2.174 68
1 244 3 1 0.018 14
1 244 3 1 0.018 15
1 244 1 14 1.564 66
1 244 1 14 1.92 70
1 244 1 14 2.568 70
1 244 2 12 1.62 64
1 244 2 11 2.43 70
1 244 2 NA 1.74 66
1 243 1 6 1.15 55
1 243 1 8 0.868 52
1 243 2 8 0.948 55
1 243 2 4 0.544 44
1 243 2 5 0.826 51
1 243 3 1 0.026 15
1 243 3 1 0.024 15
1 243 1 8 1.55 62
1 242 3 1 0.014 15
1 242 3 1 0.008 12
1 242 1 11 2.146 65
1 242 1 18 1.62 63
1 242 2 11 1.67 65
1 242 2 11 2.714 74
1 242 2 13 1.72 66
1 242 2 14 1.87 67
1 241 2 15 1.636 66
1 241 3 1 0.0107525563546564 12
1 241 1 20 1.462 63
1 241 1 3 0.074 23
1 241 2 3 0.138 27
1 241 3 1 0.0107525563546564 12
1 240 3 1 0.00828552194843732 11
1 240 3 1 0.00828552194843732 11
1 240 1 14 2.33 70
1 240 2 10 1.82 65
1 240 2 11 2.268 69
1 240 2 5 0.596 46
1 239 1 9 1.806 62
1 239 2 19 2.23 72
1 239 2 11 2.002 67
1 239 2 10 1.91 68
1 238 3 1 0.01 12
1 238 2 11 1.204 59
1 238 3 1 0.008 11
1 238 1 12 1.358 63
1 238 1 12 1.53 60
1 238 2 12 1.246 59
1 237 2 10 1.112 55
1 237 2 11 2.066 70
1 237 1 12 1.386 62
1 237 1 10 1.368 58
1 237 1 12 1.62 63
1 237 1 10 1.758 64
1 236 3 1 0.008 11
1 236 3 1 0.01 11
1 236 1 9 1.436 59
1 236 1 13 1.4 64
1 236 1 9 0.97 54
1 236 2 9 1.17 59
1 236 2 10 1.302 60
1 236 2 11 1.476 62
1 235 2 10 0.924 55
1 235 2 6 0.858 48
1 235 2 3 0.158 29
1 235 1 3 0.178 29
1 235 1 10 1.132 57
1 235 1 9 1.196 56
1 235 2 1 0.022 16
1 235 1 1 0.02 16
1 130 1 9 1.356 58
1 130 1 7 0.984 52
1 130 2 7 1.112 55
1 130 2 9 1.462 60
1 130 2 6 1.026 53
1 130 2 5 1.146 53
1 134 1 10 1.214 59
1 134 2 6 1.19 55
1 134 2 7 0.866 49
1 134 1 6 0.854 50
1 134 1 5 0.638 45
1 134 2 6 0.766 46
1 133 2 6 0.74 48
1 133 1 10 1.292 58
1 133 1 5 0.718 47
1 133 1 6 1.322 54
1 133 1 10 1.418 61
1 133 1 5 0.75 47
1 132 2 9 1.37 62
1 132 2 9 1.68 63
1 132 2 11 2.056 71
1 132 2 9 1.312 59
1 132 2 7 1.194 58
1 132 2 9 1.51 61
1 131 2 5 0.948 51
1 131 2 5 0.638 47
1 131 1 6 0.736 50
1 131 1 5 1.028 52
1 131 1 6 0.83 51
1 131 1 10 1.11 55
1 127 2 10 1.358 62
1 127 2 6 0.59 45
1 127 2 6 0.816 48
1 127 2 5 0.83 48
1 127 2 5 0.702 47
1 127 2 5 0.842 49
1 129 1 5 0.632 46
1 129 1 7 0.956 52
1 129 2 6 0.876 49
1 129 2 5 0.824 48
1 129 2 6 0.526 41
1 129 2 7 0.66 46
1 128 3 1 0.018 15
1 128 2 5 0.6 45
1 128 2 5 0.602 45
1 128 2 5 0.69 46
1 128 2 7 1 53
1 128 2 6 0.856 50
1 128 2 6 0.8 50
1 126 2 5 0.648 44
1 126 2 5 0.762 46
1 126 2 7 0.722 48
1 126 2 4 0.55 42
1 126 2 5 0.728 47
1 126 2 5 0.634 47
1 125 1 14 1.26 59
1 125 1 5 0.78 49
1 125 1 5 0.592 47
1 125 1 5 0.644 46
1 125 1 6 0.842 50
1 125 2 13 0.918 54
1 124 1 1 0.036 17
1 124 1 1 0.022 16
1 124 1 5 0.632 45
1 124 1 5 0.966 50
1 124 1 5 0.546 44
1 124 2 10 1.01 56
1 124 2 5 0.624 44
1 124 2 5 0.844 48
1 123 2 NA 0.942 50
1 123 2 6 0.944 54
1 123 2 7 1.348 56
1 123 1 7 1.278 56
1 123 1 11 1.052 53
1 123 1 5 0.974 51
1 122 2 3 0.108 26
1 122 3 1 0.014 13
1 122 2 11 2.04 67
1 122 2 6 0.75 49
1 122 2 6 0.976 50
1 122 2 5 0.962 54
1 122 2 6 0.912 51
1 122 1 9 1.428 62
1 121 3 1 0.02 15
1 121 3 1 0.018 15
1 121 1 5 0.814 49
1 121 1 6 0.714 48
1 121 1 11 1.424 59
1 121 2 9 1.168 59
1 121 2 6 1.044 54
1 121 2 9 1.088 57
1 120 1 5 0.554 43
1 120 1 5 0.722 48
1 120 1 6 0.676 48
1 120 1 7 0.812 50
1 120 2 5 0.662 47
1 120 2 5 0.754 49
1 119 1 5 0.68 47
1 119 2 6 0.824 51
1 119 2 10 1.03 57
1 119 2 8 0.992 55
1 119 2 5 0.536 45
1 118 1 15 1.33 57
1 119 2 10 1.254 60
1 119 2 1 0.028 16
1 119 2 1 0.022 15
1 118 1 13 1.366 59
1 118 1 14 1.334 59
1 118 1 10 1.378 60
1 118 1 13 1.886 67
1 118 1 11 1.522 66
1 118 3 1 0.016 14
1 118 3 1 0.014 13
1 117 1 5 0.728 47
1 117 1 9 0.876 52
1 117 1 6 0.634 47
1 117 2 9 1.34 58
1 117 2 11 1.008 57
1 117 2 6 0.628 48
1 117 3 1 0.02 17
1 117 3 1 0.016 16
1 116 1 NA 0.67 48
1 116 1 10 1.057 57
1 116 2 5 0.598 43
1 116 1 1 0.028 17
1 116 1 6 0.768 47
1 116 1 7 0.994 55
1 116 1 6 0.556 44
1 116 2 1 0.028 17
1 113 1 9 1.16 56
1 113 1 11 1.45 62
1 113 1 6 0.668 47
1 113 1 11 1.054 54
1 113 1 2 0.068 23
1 113 2 12 0.948 55
1 113 2 3 0.248 35
1 113 2 2 0.07 23
1 115 1 5 0.606 43
1 115 1 7 0.74 51
1 115 1 3 0.318 36
1 115 1 5 0.602 45
1 115 2 6 0.77 51
1 115 1 3 0.314 36
1 115 1 2 0.076 23
1 115 3 1 0.006 12
1 114 1 12 1.106 56
1 114 1 10 0.982 54
1 114 1 12 0.988 55
1 114 1 12 1.002 55
1 114 1 12 0.816 50
1 114 2 9 0.922 53
1 114 2 2 0.1 27
1 114 1 2 0.07 24
1 112 1 8 0.668 49
1 112 1 13 0.966 54
1 112 1 9 1.078 58
1 112 2 11 1.226 58
1 112 2 10 1.266 59
1 112 2 9 1.182 60
1 112 3 1 0.01 15
1 112 3 1 0.01 15
1 111 3 1 0.008 12
1 111 2 2 0.092 24
1 111 2 13 1.738 63
1 111 1 7 0.638 47
1 111 2 10 2.328 72
1 111 2 12 1.43 59
1 111 2 10 1.07 55
1 111 2 12 1.126 59
1 110 2 11 1.038 55
1 110 2 9 0.948 53
1 110 2 15 0.99 57
1 110 3 1 0.01 12
1 110 3 1 0.01 13
1 110 1 7 0.75 50
1 110 1 9 1.06 56
1 110 1 6 0.736 49
1 109 3 1 0.014 13
1 109 3 1 0.008 11
1 109 1 6 1.138 58
1 109 1 9 0.934 54
1 109 1 7 1.062 55
1 109 2 10 1.12 56
1 109 2 7 1.282 59
1 109 2 9 1.59 63
1 108 3 1 0.01 12
1 108 3 1 0.01 12
1 108 2 17 3.09 75
1 108 2 12 1.728 66
1 108 2 11 3 73
1 108 1 11 1.106 57
1 108 1 12 1.44 59
1 108 1 11 1.648 62
1 107 3 1 0.008 12
1 107 3 1 0.01 12
1 107 1 14 1.404 61
1 107 1 10 1.86 67
1 107 1 15 1.28 58
1 107 2 9 2.068 69
1 107 2 12 3.346 80
1 107 2 14 1.498 61
1 106 3 1 0.006 11
1 106 3 1 0.008 12
1 106 2 20 3.158 76
1 106 2 13 1.528 61
1 106 2 11 1.356 61
1 106 1 13 1.522 66
1 106 1 11 1.456 61
1 106 1 15 2.03 69
1 105 3 1 0.008 11
1 105 3 1 0.008 12
1 105 1 13 2.354 70
1 105 1 12 1.298 59
1 105 1 13 1.838 62
1 105 2 15 2.586 75
1 104 3 1 0.01 13
1 104 3 1 0.006 11
1 104 2 12 2.098 70
1 104 2 11 1.94 69
1 104 1 NA 2.054 68
1 104 1 NA 1.262 62
1 103 3 1 0.012 12
1 103 3 1 0.012 13
1 103 1 16 1.758 65
1 103 1 10 1.834 61
1 103 2 14 1.54 62
1 103 2 11 1.806 66
1 102 3 1 0.018 13
1 102 3 1 0.016 14
1 102 2 17 3.62 76
1 102 2 11 2.518 73
1 102 1 11 2.156 66
1 102 1 12 2.166 69
1 101 3 1 0.01 12
1 101 3 1 0.01 11
1 101 2 9 1.618 62
1 101 2 12 2.232 71
1 101 1 7 1.29 56
1 101 1 14 2.16 70
1 100 3 1 0.012 13
1 100 2 1 0.01 12
1 100 2 8 1.23 58
1 100 2 6 0.532 46
1 100 1 10 1.352 63
1 100 1 9 1.84 65
1 99 2 6 1.222 58
1 99 2 8 1.2 58
1 99 2 7 1.314 60
1 99 1 3 0.176 31
1 99 1 9 0.696 49
1 99 1 8 0.94 55
1 99 1 2 0.086 24
1 96 1 7 0.692 47
1 96 2 8 0.96 53
1 96 1 10 1.306 57
1 96 1 6 0.512 43
1 96 1 2 0.064 21
1 96 1 2 0.096 24
1 96 2 8 1.008 56
1 96 1 5 0.626 44
1 98 2 5 0.5 42
1 98 2 6 0.742 49
1 98 2 8 1.134 57
1 98 2 7 1.022 57
1 98 2 6 0.602 45
1 98 2 6 0.658 48
1 98 2 3 0.094 26
1 98 3 1 0.012 12
1 97 1 5 0.548 43
1 97 1 6 0.732 48
1 97 1 5 0.73 49
1 97 1 2 0.084 24
1 97 2 5 0.862 52
1 97 2 7 0.6 48
1 97 2 12 1.034 57
1 97 3 1 0.02 14
1 95 2 5 0.618 44
1 95 2 5 0.644 45
1 95 2 5 0.6 46
1 95 1 15 2.6 73
1 95 1 5 0.404 39
1 95 1 2 0.122 27
1 95 2 2 0.076 23
1 95 2 5 0.524 45
1 94 3 1 0.014 13
1 94 3 1 0.016 14
1 94 1 6 0.6 46
1 94 1 10 0.852 52
1 94 1 9 0.74 53
1 94 2 12 1.44 60
1 94 2 3 0.172 30
1 94 2 3 0.222 32
1 93 3 1 0.014 13
1 93 3 1 0.014 13
1 93 2 11 0.908 56
1 93 1 16 1.626 64
1 93 2 18 1.97 63
1 93 1 15 1.066 54
1 93 1 12 0.998 51
1 93 2 11 0.94 58
1 93 2 8 1.056 56
1 92 1 12 1.114 55
1 92 1 14 1.13 57
1 92 1 13 1.25 60
1 92 2 10 1.152 56
1 92 2 11 1.24 60
1 92 2 12 1.216 56
1 91 3 1 0.012 12
1 91 3 1 0.006 11
1 91 2 10 1.858 64
1 91 2 10 1.316 60
1 91 1 12 1.8 68
1 91 2 13 1.862 67
1 91 1 11 1.382 60
1 91 1 20 1.242 61
1 90 3 1 0.0170625580150927 14
1 90 3 1 0.0136658969169787 13
1 90 1 11 1.174 58
1 90 2 3 0.13 29
1 90 2 9 1.146 57
1 90 2 5 0.564 44
1 90 2 8 0.942 55
1 90 2 7 1.362 58
1 89 3 1 0.022 15
1 89 3 1 0.016 14
1 89 2 14 2.026 69
1 89 2 9 1.206 58
1 89 1 9 0.86 50
1 89 1 5 0.724 46
1 89 1 6 0.732 49
1 89 1 8 0.802 53
1 88 3 1 0.018 14
1 88 2 3 0.09 24
1 88 1 8 0.96 54
1 88 1 11 0.86 50
1 88 1 5 0.496 41
1 88 2 6 0.804 51
1 88 2 9 1.214 59
1 88 2 10 1.175 60
1 87 3 1 0.016 14
1 87 3 1 0.016 14
1 87 2 11 1.05 58
1 87 2 5 0.638 46
1 87 2 6 0.666 47
1 87 1 5 0.486 43
1 87 1 10 0.926 54
1 87 1 8 0.876 51
1 86 3 1 0.016 14
1 86 3 1 0.02 15
1 86 2 5 0.59 44
1 86 1 11 1.128 54
1 86 1 11 1.26 58
1 86 1 5 0.698 46
1 86 1 5 0.608 45
1 86 1 11 1.1 59
1 85 2 12 1.182 58
1 85 3 1 0.02 15
1 85 3 1 0.018 14
1 85 1 5 0.71 46
1 85 2 3 0.236 32
1 85 2 3 0.126 28
1 85 1 3 0.15 29
1 85 1 4 0.432 39
1 85 1 5 0.424 41
1 84 3 1 0.016 13
1 84 1 3 0.052 23
1 84 1 3 0.1 26
1 84 1 5 0.85 51
1 84 1 11 1.242 60
1 84 1 5 0.91 52
1 84 1 8 0.81 51
1 84 1 5 0.502 41
1 83 2 1 0.022 16
1 83 1 1 0.026 16
1 83 1 12 1.412 63
1 83 1 5 0.684 48
1 83 1 5 0.442 40
1 83 2 18 1.712 69
1 83 2 11 1.26 57
1 83 2 3 0.37 37
1 82 1 1 0.056 19
1 82 1 1 0.034 17
1 82 1 1 0.036 16
1 82 2 1 0.028 16
1 82 2 1 0.032 17
1 82 2 1 0.032 17
1 77 2 5 0.684 46
1 77 1 5 0.654 43
1 77 1 5 0.496 40
1 77 1 5 0.626 45
1 77 2 5 0.704 45
1 77 2 6 0.78 47
1 81 1 5 0.752 46
1 81 1 11 2.04 69
1 81 1 9 2.068 67
1 81 1 6 1.146 54
1 81 2 6 0.892 51
1 81 2 5 0.692 46
1 80 1 9 1.762 62
1 80 1 6 1.11 54
1 80 1 5 0.716 47
1 80 2 8 2.004 68
1 80 2 8 1.53 58
1 80 2 5 0.554 42
1 79 1 1 0.02 16
1 79 1 6 0.704 45
1 79 1 5 0.688 46
1 79 1 5 0.572 45
1 79 2 5 0.6 43
1 79 2 4 0.5 41
1 79 2 5 0.792 47
1 78 1 1 0.028 16
1 78 1 1 0.034 18
1 78 1 1 0.032 17
1 78 1 1 0.024 15
1 78 2 1 0.046 19
1 78 2 1 0.042 19
1 76 2 1 0.03 17
1 76 2 1 0.03 16
1 76 2 5 0.776 48
1 76 2 10 1.406 61
1 76 1 5 0.592 43
1 76 1 5 0.73 46
1 76 1 7 0.866 51
1 76 1 10 1.212 58
1 75 1 8 1.46 58
1 75 1 9 1.004 55
1 75 2 1 0.022 16
1 75 2 1 0.024 16
1 75 2 5 0.904 50
1 75 2 6 0.962 53
1 75 2 7 0.864 50
1 75 2 6 0.954 51
1 74 2 7 1.028 53
1 74 2 5 0.804 50
1 74 2 4 0.388 37
1 74 2 6 0.534 41
1 74 1 3 0.3 34
1 74 1 5 0.752 49
1 73 1 6 0.688 48
1 73 1 5 0.642 45
1 73 1 6 0.86 50
1 73 2 1 0.02 15
1 73 2 1 0.032 17
1 73 2 6 0.906 53
1 73 2 6 0.746 46
1 73 2 5 0.548 43
1 72 1 2 0.062 21
1 72 1 10 1.278 56
1 72 1 6 0.968 53
1 72 2 6 0.756 46
1 72 1 4 0.486 40
1 72 1 NA 0.558 44
1 72 1 9 1.128 56
1 72 2 1 0.02 15
1 71 3 1 0.018 15
1 71 3 1 0.016 13
1 71 1 7 0.93 51
1 71 1 5 0.652 46
1 71 1 5 0.548 43
1 71 2 5 0.628 44
1 71 2 6 0.552 43
1 71 2 5 0.63 45
1 70 1 1 0.02 14
1 70 1 9 1.09 53
1 70 2 5 0.662 48
1 70 2 5 0.638 45
1 70 2 6 0.562 43
1 70 2 5 0.582 46
1 70 2 6 0.824 51
1 70 2 2 0.036 19
1 69 1 1 0.024 16
1 69 1 2 0.054 21
1 69 1 5 0.594 45
1 69 1 5 0.674 45
1 69 1 6 0.646 47
1 69 1 9 1.366 61
1 69 2 5 0.582 44
1 69 2 7 0.754 50
1 68 3 1 0.02 15
1 68 3 1 0.014 13
1 68 1 5 0.57 44
1 68 1 5 0.55 43
1 68 2 6 0.85 50
1 68 2 4 0.596 44
1 68 2 5 0.646 45
1 68 2 5 0.716 46
1 67 2 2 0.096 24
1 67 2 1 0.022 15
1 67 2 5 0.65 47
1 67 2 5 0.518 41
1 67 2 5 0.78 48
1 67 2 5 0.526 42
1 67 2 11 0.974 52
1 67 2 11 1.224 55
1 66 2 6 0.686 48
1 66 1 6 0.562 43
1 66 1 10 1.14 55
1 66 2 3 0.066 23
1 66 2 7 0.64 46
1 66 2 1 0.016 14
1 66 3 1 0.018 15
1 66 1 6 0.524 41
1 65 3 1 0.016 13
1 65 1 1 0.026 16
1 65 1 3 0.148 30
1 65 1 5 0.7 47
1 65 2 6 0.574 46
1 65 1 8 0.89 53
1 65 2 11 1.868 64
1 65 2 11 1.224 59
1 62 2 15 1.982 67
1 62 1 15 1.554 60
1 62 1 16 1.498 63
1 62 1 12 1.2 58
1 62 2 12 2.244 69
1 62 2 19 1.89 67
1 64 1 14 1.298 62
1 64 1 13 1.536 66
1 64 2 5 0.88 53
1 64 2 7 1.014 55
1 64 2 9 1.462 60
1 64 2 10 1.1 57
1 64 2 2 0.034 18
1 64 1 2 0.056 20
1 63 1 10 1.23 56
1 63 1 8 0.802 49
1 63 1 10 1.154 58
1 63 2 10 1.43 62
1 63 2 12 1.248 59
1 63 2 15 1.964 68
1 63 3 1 0.016 14
1 63 3 1 0.018 15
1 61 1 1 0.018 14
1 61 2 1 0.018 15
1 61 1 10 1.832 66
1 61 1 12 1.342 58
1 61 1 13 2.688 73
1 61 2 15 3.048 73
1 61 2 10 1.03 56
1 61 2 15 1.662 63
1 60 1 7 1.1 56
1 60 1 10 0.958 55
1 60 1 9 0.912 52
1 60 2 9 1.17 60
1 60 2 12 1.112 57
1 60 2 9 1.164 58
1 60 1 1 0.02 16
1 60 3 1 0.022 15
1 59 2 2 0.054 21
1 59 2 1 0.018 14
1 59 2 12 1.816 64
1 59 2 9 1.076 56
1 59 2 11 1.414 60
1 59 1 11 1.24 58
1 59 1 10 1.152 56
1 59 1 8 1.074 54
1 58 2 1 0.018 15
1 58 2 1 0.022 15
1 58 1 9 1.026 53
1 58 1 15 1.162 57
1 58 1 12 1.23 57
1 58 1 11 1.016 54
1 58 2 8 1.074 57
1 58 2 9 1.128 59
1 57 2 8 1.198 58
1 57 2 15 1.902 67
1 57 2 15 1.722 63
1 57 1 7 0.872 53
1 57 1 10 1.058 55
1 57 1 11 1.524 59
1 57 2 1 0.016 15
1 57 1 2 0.036 19
1 56 1 8 1.372 61
1 56 1 1 0.02 15
1 56 1 10 1.124 56
1 56 2 9 0.932 53
1 56 2 6 0.814 52
1 56 2 9 1.162 57
1 56 2 9 0.942 55
1 56 2 2 0.092 24
1 55 2 7 0.988 55
1 55 2 3 0.172 29
1 55 2 15 1.918 70
1 55 1 5 0.63 45
1 55 1 9 1.52 58
1 55 1 12 1.268 61
1 54 1 5 0.616 47
1 54 3 1 0.02 15
1 54 3 1 0.022 15
1 54 1 9 1.044 56
1 54 1 6 0.646 46
1 54 2 11 0.94 53
1 54 2 6 0.696 47
1 54 2 7 0.848 52
1 53 1 6 0.65 46
1 53 1 5 0.53 44
1 53 1 3 0.288 33
1 53 2 4 0.384 38
1 53 2 10 1.118 58
1 53 2 12 1.27 60
1 53 2 2 0.088 24
1 53 2 2 0.062 21
1 52 1 11 1.186 56
1 52 1 3 0.09 24
1 52 2 5 0.51 43
1 52 2 5 0.626 44
1 52 2 6 0.69 45
1 52 2 5 0.548 43
1 52 2 10 1.246 59
1 52 2 2 0.052 20
1 51 1 5 0.488 42
1 51 1 3 0.318 35
1 51 2 3 0.29 34
1 51 2 5 0.586 43
1 51 2 5 0.618 42
1 51 2 11 1.338 60
1 51 1 2 0.086 23
1 51 1 2 0.062 21
1 48 2 5 0.678 46
1 48 2 5 0.69 45
1 48 2 5 0.716 48
1 48 2 5 0.772 47
1 48 1 8 0.878 54
1 48 1 6 0.622 44
1 48 1 1 0.026 15
1 48 1 1 0.034 17
1 50 1 5 0.586 44
1 50 1 6 0.906 50
1 50 2 6 0.752 49
1 50 2 4 0.536 42
1 50 2 6 0.794 50
1 50 2 5 0.552 43
1 49 2 5 0.79 49
1 49 2 5 0.782 48
1 49 2 4 0.562 44
1 49 2 5 0.626 43
1 49 2 5 0.66 43
1 49 2 6 0.714 42
1 49 1 1 0.028 16
1 49 2 1 0.028 16
1 47 1 8 1.112 58
1 47 1 1 0.032 16
1 47 1 5 0.864 50
1 47 1 20 1.134 62
1 47 2 1 0.034 17
1 47 2 7 0.718 48
1 47 2 8 1.048 55
1 47 2 7 0.788 49
1 46 1 9 1.29 60
1 46 1 5 0.594 43
1 46 1 9 0.77 50
1 46 2 6 0.624 45
1 46 2 6 0.636 45
1 46 2 6 0.566 42
1 46 1 1 0.028 17
1 45 2 6 0.67 45
1 45 2 5 0.77 48
1 45 2 5 0.546 43
1 45 2 5 0.502 44
1 45 1 5 0.512 41
1 45 1 6 0.64 45
1 44 1 6 0.698 45
1 44 2 7 0.902 52
1 44 1 5 0.71 47
1 44 1 7 0.942 52
1 44 2 6 0.692 45
1 44 2 5 0.634 44
1 43 2 5 0.566 43
1 43 2 3 0.11 26
1 43 1 2 0.112 24
1 43 2 2 0.096 24
1 43 2 2 0.072 23
1 43 2 4 0.48 41
1 42 1 1 0.024 16
1 42 1 13 1.194 58
1 42 1 7 0.476 42
1 42 1 5 0.55 43
1 42 2 2 0.046 20
1 42 2 4 0.466 41
1 42 2 6 0.576 44
1 42 2 5 0.606 45
1 39 2 13 1.468 61
1 39 1 9 0.998 55
1 39 1 5 0.68 44
1 39 1 9 1.29 59
1 39 2 6 0.78 49
1 39 2 10 1.284 58
1 41 2 5 0.632 47
1 41 2 5 0.728 48
1 41 2 7 1.08 53
1 41 2 5 0.436 40
1 41 2 1 0.012 15
1 41 2 6 0.946 52
1 41 2 1 0.034 18
1 41 1 5 0.526 43
1 40 1 6 0.698 47
1 40 2 9 1.196 59
1 40 2 5 0.66 47
1 40 2 5 0.782 47
1 40 2 5 0.62 45
1 40 1 9 0.756 51
1 38 1 1 0.03 17
1 38 1 6 0.798 47
1 38 1 6 0.61 43
1 38 1 7 0.804 48
1 38 1 6 0.638 43
1 38 1 4 0.446 40
1 38 2 3 0.268 33
1 38 3 1 0.022 15
1 37 2 9 0.99 54
1 37 2 5 0.556 44
1 37 2 1 0.02 15
1 37 2 5 0.778 50
1 37 2 1 0.028 17
1 37 2 8 1.106 58
1 37 1 5 0.61 43
1 37 1 5 0.664 47
1 36 1 10 1.14 56
1 36 1 5 0.67 46
1 36 1 6 0.812 50
1 36 2 10 1.124 58
1 36 2 9 1.332 60
1 36 2 11 0.868 56
1 36 3 1 0.022 15
1 36 3 1 0.018 14
1 234 2 20 2.814 74
1 234 1 24 1.98 64
1 234 1 20 2.194 67
1 234 1 16 2.1 67
1 233 1 20 3.22 78
1 233 1 9 1.752 69
1 233 1 20 2.26 70
1 233 1 19 2.515 72
1 233 1 1 0.02 16
1 233 2 1 0.022 16
1 232 3 1 0.016 14
1 232 3 1 0.02 15
1 232 1 15 2.218 68
1 232 1 2 0.176 29
1 232 2 6 0.668 45
1 232 2 17 1.758 67
1 232 2 23 2.48 78
1 232 2 15 2.576 74
1 231 2 18 2.228 69
1 231 2 20 2.364 71
1 231 1 15 1.434 60
1 231 1 10 2.338 69
1 231 1 14 2.122 67
1 231 1 12 1.63 62
1 230 1 11 1.955 68
1 230 1 4 0.545 42
1 230 1 10 1.75 63
1 230 2 11 1.835 65
1 230 2 3 0.26 33
1 230 2 8 1.76 66
1 230 3 1 0.025 17
1 230 3 1 0.02 15
1 229 1 20 2.544 73
1 229 1 9 2.09 66
1 229 2 12 1.6 64
1 229 2 14 2.345 73
1 229 3 1 0.025 16
1 229 3 1 0.02 14
1 228 3 1 0.016 14
1 228 3 1 0.014 13
1 228 1 11 2.266 68
1 228 2 12 2.172 68
1 228 2 16 2.364 72
1 228 2 21 2.836 79
1 227 2 12 2.494 67
1 227 1 11 2.502 70
1 227 2 12 3.24 78
1 227 2 11 2.138 67
1 225 1 14 2.906 74
1 225 1 3 0.245 32
1 225 2 16 2.26 63
1 225 2 12 2.18 65
1 225 3 1 0.016 14
1 225 3 1 0.014 14
1 226 2 20 3.044 80
1 226 2 17 2.938 75
1 226 1 14 2.788 74
1 226 1 8 0.852 54
1 226 3 1 0.012 12
1 226 3 1 0.01 12
1 224 1 10 1.44 61
1 224 2 13 1.276 59
1 224 2 13 1.8 63
1 224 2 20 1.546 59
1 224 3 1 0.014 14
1 224 3 1 0.02 15
1 223 1 4 0.678 46
1 223 2 12 1.872 70
1 223 2 8 1.706 64
1 223 2 10 2.08 64
1 223 2 3 0.2 30
1 223 2 2 0.178 29
1 222 1 5 0.69 47
1 222 1 4 0.452 39
1 222 2 14 2.636 74
1 222 2 13 2.31 67
1 222 2 5 1.316 54
1 222 2 4 0.598 43
1 221 1 13 1.992 65
1 221 1 4 0.398 37
1 221 2 16 1.956 68
1 221 2 11 1.972 65
1 221 2 11 1.942 66
1 221 2 13 1.492 61
1 221 3 1 0.016 14
1 221 3 1 0.02 15
1 220 1 8 1.25 55
1 220 2 9 1.77 63
1 220 1 10 1.344 58
1 220 2 5 0.688 44
1 220 2 9 1.17 59
1 220 2 5 0.522 41
1 219 1 10 1.842 56
1 219 1 10 2.352 64
1 219 1 4 0.584 43
1 219 1 10 1.866 62
1 219 1 14 1.672 62
1 219 2 9 2.924 71
1 218 1 9 1.562 60
1 218 1 6 0.706 47
1 218 2 5 1.72 63
1 218 2 6 1.826 61
1 218 1 17 2.186 72
1 218 2 12 1.588 65
1 217 1 7 1.39 59
1 217 1 6 1.272 53
1 217 1 6 0.98 50
1 217 1 6 1.53 59
1 217 2 10 1.288 54
1 217 2 5 0.486 43
1 216 2 3 0.18 31
1 216 2 6 1.57 59
1 216 1 13 1.68 63
1 216 1 9 1.31 54
1 216 1 4 1.014 51
1 216 2 4 0.812 46
1 215 1 6 0.724 48
1 215 1 12 1.66 63
1 215 1 12 2.154 66
1 215 2 7 1.152 55
1 215 2 12 2.026 68
1 215 2 6 1.67 64
1 214 2 11 2.144 70
1 214 1 12 2.202 67
1 214 2 12 1.184 59
1 214 2 13 1.556 61
1 214 1 10 1.372 58
1 214 1 11 1.182 56
1 214 3 1 0.016 14
1 214 3 1 0.012 12
1 213 2 5 2.13 67
1 213 2 20 2.766 76
1 213 2 4 0.484 41
1 213 1 12 2.166 68
1 213 1 4 0.412 39
1 213 2 19 1.83 66
1 213 3 1 0.012 13
1 213 3 1 0.008 12
1 212 1 8 1.172 62
1 212 1 10 1.454 63
1 212 2 19 2.77 74
1 212 2 9 1.93 67
1 211 3 1 0.018 13
1 211 3 1 0.014 12
1 210 3 1 0.014 12
1 210 3 1 0.016 13
1 209 3 1 0.008 13
1 209 3 1 0.004 11
1 208 2 19 2.076 75
1 208 2 14 2.446 73
1 208 1 15 1.976 65
1 208 1 15 1.026 58
1 207 2 11 1.758 69
1 207 2 12 2.84 78
1 207 2 16 2.252 72
1 207 2 19 2.214 68
1 206 2 11 2.006 69
1 207 3 1 0.03 17
1 207 3 1 0.02 13
1 206 1 11 1.632 62
1 206 2 6 0.762 49
1 206 2 13 1.98 70
1 205 3 1 0.02 15
1 205 3 1 0.022 15
1 205 1 2 0.124 27
1 205 1 9 1.132 55
1 205 2 3 0.22 32
1 205 2 10 1.696 63
1 205 2 12 1.682 66
1 205 2 13 1.968 69
1 204 2 11 2.218 69
1 204 2 9 1.89 69
1 204 2 13 1.42 61
1 204 1 10 1.656 63
1 204 1 11 2.048 65
1 204 1 1 0.026 16
1 203 1 11 1.844 65
1 203 1 12 1.726 66
1 203 2 20 2.098 67
1 203 2 11 2.226 70
1 203 2 13 1.31 56
1 203 2 4 0.38 39
1 202 2 8 1.91 66
1 202 2 12 1.26 61
1 202 2 2 0.202 31
1 202 1 10 1.33 59
1 202 1 12 1.22 58
1 202 1 3 0.252 34
1 201 2 12 2.93 74
1 201 2 4 0.285 35
1 201 1 12 2.034 66
1 201 1 12 1.266 61
1 201 1 11 1.86 65
1 201 2 15 3.508 81
1 201 3 1 0.02 14
1 201 3 1 0.014 13
1 200 2 13 2.37 73
1 200 1 3 0.09 24
1 200 1 3 0.146 28
1 200 1 6 5.56 43
1 200 1 21 3.322 78
1 200 2 2 0.066 23
1 199 1 21 2.64 70
1 199 1 2 0.075 24
1 199 2 16 2.83 73
1 199 2 13 2.3 71
1 198 3 1 0.006 11
1 198 3 1 0.008 13
1 197 2 20 3.002 76
1 197 2 18 2.25 75
1 197 2 2 0.075 23
1 197 1 15 2.47 71
1 197 3 1 0.006 11
1 197 3 1 0.006 11
1 194 3 1 0.008 12
1 194 3 1 0.01 13
1 194 2 14 3.012 75
1 194 2 19 1.79 62
1 194 1 2 0.07 22
1 194 1 17 1.97 66
1 196 1 13 1.33 61
1 196 2 20 3.874 80
1 196 2 13 1.834 65
1 196 3 1 0.01 11
1 196 3 1 0.014 13
1 195 2 12 2.062 66
1 195 1 12 2.186 68
1 195 2 19 3.5 73
1 195 2 3 0.256 33
1 195 3 1 0.01 12
1 195 3 1 0.014 12
1 193 2 10 1.832 66
1 193 2 8 1.818 65
1 193 2 12 1.832 69
1 193 1 9 0.91 54
1 193 1 3 0.19 31
1 193 1 2 0.104 25
1 192 1 9 1.598 63
1 192 1 11 1.246 58
1 192 2 8 0.93 57
1 192 2 7 1.322 62
1 192 2 8 1.244 61
1 192 2 2 0.182 30
1 192 3 1 0.018 14
1 192 3 1 0.016 13
1 191 1 5 0.662 44
1 191 1 5 0.824 49
1 191 1 5 0.852 51
1 191 1 5 0.754 48
1 191 1 5 0.67 45
1 191 2 5 0.622 46
1 190 2 10 2.298 70
1 190 2 6 0.902 50
1 190 1 5 0.578 42
1 190 1 9 1.86 63
1 190 1 10 1.226 57
1 190 1 9 1.754 62
1 189 1 9 1.82 59
1 189 1 5 0.728 47
1 189 1 9 1.368 58
1 189 2 6 1.148 54
1 189 2 4 0.96 51
1 189 2 12 1.442 61
1 188 1 5 0.652 44
1 188 2 5 0.824 46
1 188 2 5 0.856 49
1 188 2 4 0.852 47
1 188 1 5 0.61 44
1 188 1 5 0.638 44
1 187 2 11 1.54 62
1 187 2 9 1.526 61
1 187 2 9 2.26 70
1 187 2 11 1.962 67
1 187 1 5 0.97 50
1 187 1 11 1.53 61
1 186 2 11 1.67 62
1 186 2 5 1.128 56
1 186 2 6 0.716 51
1 186 2 10 1.066 58
1 186 2 5 0.92 53
1 186 1 7 0.702 46
1 185 1 5 0.758 49
1 185 1 9 1.148 55
1 185 2 12 2.148 68
1 185 2 8 1.04 52
1 185 2 7 1.09 54
1 185 2 9 1.185 57
1 184 2 12 2.228 68
1 184 2 10 1.626 64
1 184 2 11 2.01 65
1 184 2 14 1.196 59
1 184 2 9 1.224 56
1 184 2 7 1.112 54
1 183 1 5 0.72 46
1 183 1 6 0.67 46
1 183 2 8 1.326 57
1 183 2 6 0.574 45
1 183 2 5 0.776 48
1 183 2 7 1.016 55
1 182 2 6 0.708 48
1 182 1 10 1.004 51
1 182 1 5 0.546 42
1 182 2 6 0.778 48
1 182 2 7 0.91 51
1 182 2 6 0.726 47
1 181 2 5 0.538 42
1 181 1 10 1.13 56
1 181 1 5 0.852 47
1 181 1 4 0.614 44
1 181 1 12 1.09 57
1 181 1 6 1.038 53
1 180 2 7 1.462 58
1 180 2 5 0.678 48
1 180 2 3 0.402 39
1 180 1 3 0.414 40
1 180 1 5 0.49 42
1 180 1 5 0.716 45
1 179 1 5 0.696 45
1 179 1 5 0.636 46
1 179 1 6 1.092 53
1 179 1 5 0.742 48
1 179 2 10 1.224 55
1 179 2 5 0.720720651873109 49
1 178 1 5 0.648 46
1 178 1 5 0.668 47
1 178 1 4 0.666 46
1 178 1 5 0.54 43
1 177 1 6 0.72 47
1 178 2 5 0.67 46
1 178 2 5 0.532 44
1 177 1 6 0.754 49
1 177 2 6 0.626 44
1 177 2 5 0.518 43
1 177 2 5 0.586 46
1 177 2 5 0.51 43
1 176 2 5 0.64 46
1 176 2 4 0.512 42
1 176 1 5 0.738 49
1 176 1 5 0.556 44
1 176 1 5 0.616 45
1 176 1 6 0.654 44
1 175 1 5 0.618 45
1 175 2 7 0.996 51
1 175 1 6 0.632 47
1 175 1 5 0.702 45
1 175 2 5 0.522 43
1 175 2 6 0.768 48
1 172 1 5 0.79 47
1 172 2 6 0.788 49
1 172 1 6 0.66 46
1 172 2 5 0.688 46
1 172 1 4 0.458 40
1 172 1 6 0.63 45
1 174 3 1 0.012 13
1 174 3 1 0.024 14
1 173 2 10 1.195 57
1 173 1 9 0.99 54
1 173 1 5 0.59 44
1 173 1 6 0.73 48
1 173 1 11 0.765 50
1 173 1 12 1.35 57
1 171 2 5 0.606 46
1 171 1 5 0.624 47
1 171 2 9 1.02 56
1 171 1 7 0.762 49
1 171 1 11 1.074 56
1 171 1 6 0.684 47
1 171 3 1 0.026 16
1 171 3 1 0.018 14
1 170 1 13 1.306 62
1 170 1 5 0.58 44
1 170 1 7 0.47 44
1 170 1 6 0.758 48
1 170 1 5 0.44 40
1 170 1 5 0.66 45
1 169 2 3 0.27 36
1 169 1 7 0.8 49
1 169 1 7 0.808 51
1 169 1 5 0.512 42
1 169 1 3 0.26 37
1 169 3 1 0.0136658969169787 13
1 169 3 1 0.012 13
1 169 2 11 1.644 62
1 168 1 9 1.022 55
1 168 1 11 1.23 58
1 168 1 8 0.906 54
1 168 2 14 0.82 53
1 168 2 12 1.392 61
1 168 2 8 0.752 51
1 167 1 9 0.784 53
1 167 1 6 0.686 45
1 167 2 10 0.966 56
1 167 2 12 1.024 54
1 167 2 6 0.698 48
1 167 2 6 0.64 46
1 166 1 10 1.27 59
1 166 1 8 0.955 52
1 166 1 7 0.855 51
1 166 1 7 0.945 53
1 166 2 9 0.98 55
1 166 2 8 0.93 55
1 165 2 12 1.16 60
1 165 2 9 1.04 56
1 165 2 2 0.09 25
1 165 1 10 1.11 54
1 165 1 17 2.28 72
1 165 1 10 1.015 55
1 165 3 1 0.01 13
1 165 3 1 0.015 14
1 164 1 9 1.205 58
1 164 1 NA 1.2 56
1 164 1 9 1.435 62
1 164 2 10 0.955 53
1 164 2 10 0.93 53
1 164 2 10 1.4 63
1 163 1 12 1.185 59
1 163 1 9 1.2 58
1 163 1 2 0.13 28
1 163 2 11 0.915 56
1 163 2 11 1.365 61
1 163 2 8 1.395 60
1 163 3 1 0.0107525563546564 12
1 163 3 1 0.01 12
1 162 3 1 0.015 13
1 162 3 1 0.015 14
1 162 1 21 1.28 62
1 162 1 11 1.64 61
1 162 2 11 1.54 63
1 162 2 12 1.19 62
1 162 2 10 1.43 62
1 162 2 21 2.515 79
1 161 3 1 0.012 12
1 161 3 1 0.01 12
1 160 3 1 0.012 13
1 160 3 1 0.014 13
1 160 2 18 2.342 71
1 160 2 10 1.798 67
1 160 2 12 1.806 67
1 160 2 11 1.57 63
1 160 2 13 1.848 68
1 160 2 12 0.968 59
1 159 1 9 1.266 57
1 159 1 10 1.114 56
1 159 1 20 2.45 71
1 159 2 11 1.35 61
1 159 2 14 1.516 64
1 159 2 8 1.086 56
1 158 1 10 1.264 59
1 158 1 11 1.198 57
1 158 1 10 1.39 60
1 158 1 11 1.086 56
1 158 1 11 1.138 58
1 158 1 12 1.334 56
1 158 3 1 0.01 12
1 158 3 1 0.016 14
1 157 2 11 1.27 57
1 157 1 13 2.07 67
1 157 1 12 1.27 58
1 157 2 13 1.532 62
1 157 2 13 1.268 58
1 157 2 10 2.472 74
1 156 2 17 1.304 60
1 156 2 11 1.214 57
1 156 1 10 1.138 55
1 156 1 11 1.32 60
1 156 1 11 1.23 58
1 156 1 9 1.182 59
1 156 3 1 0.008 11
1 156 3 1 0.012 13
1 155 1 10 1.158 54
1 155 1 10 1.256 60
1 155 1 13 1.744 65
1 155 2 5 0.66 46
1 155 2 15 1.058 57
1 155 3 1 0.008 12
1 155 3 1 0.008 13
1 155 1 8 0.832 52
1 154 1 11 1.252 58
1 154 1 11 1.248 60
1 154 1 12 1.228 58
1 154 1 13 1.634 65
1 154 2 13 2.05 69
1 154 2 13 1.518 61
1 153 1 5 0.578 45
1 153 1 5 0.698 48
1 153 2 9 0.952 55
1 153 2 6 0.836 51
1 153 2 4 0.462 41
1 153 2 2 0.098 26
1 152 2 6 0.71 50
1 152 2 4 0.462 41
1 152 2 7 0.896 51
1 151 1 6 0.746 46
1 152 2 2 0.106 25
1 152 1 3 0.32 34
1 152 1 5 0.44 40
1 151 1 8 1.098 58
1 151 1 16 2 69
1 151 2 11 1.172 55
1 151 2 5 0.62 45
1 151 2 5 0.732 48
1 150 1 10 1.036 54
1 150 2 11 2.118 66
1 150 2 8 1.462 59
1 150 1 9 1.452 62
1 150 1 10 1.358 59
1 150 1 8 1.172 55
1 149 1 9 0.942 55
1 149 1 10 0.952 56
1 149 1 8 0.816 50
1 149 1 2 0.08 22
1 149 2 6 0.876 52
1 149 2 7 0.922 52
1 149 3 1 0.014 13
1 149 3 1 0.018 15
1 148 1 12 1.052 56
1 148 1 9 1.064 55
1 148 2 10 1.248 60
1 148 2 9 1.44 61
1 148 2 14 1.322 63
1 148 2 12 1.788 66
1 148 3 1 0.008 11
1 148 3 1 0.01 13
1 147 1 12 1.358 61
1 147 1 8 1.658 63
1 147 2 9 1.324 60
1 147 2 9 1.452 60
1 147 2 11 1.428 63
1 147 2 12 1.68 62
1 146 1 10 1.202 58
1 146 1 14 1.73 63
1 146 2 11 1.522 63
1 146 2 17 3.232 78
1 146 2 12 2.09 71
1 146 2 13 1.702 63
1 146 3 1 0.012 11
1 146 3 1 0.0107525563546564 12
1 145 3 1 0.01 12
1 145 3 1 0.01 12
1 144 1 10 1.422 62
1 144 1 12 2.502 72
1 144 1 11 1.076 55
1 144 2 12 1.918 65
1 144 2 9 1.048 56
1 144 2 10 1.904 64
1 144 3 1 0.006 12
1 144 3 1 0.01 13
1 143 1 10 1.048 57
1 143 1 10 0.902 52
1 143 1 13 1.058 59
1 143 2 10 0.954 55
1 143 2 11 1.108 59
1 143 2 12 2.668 71
1 142 1 2 0.084 24
1 142 1 12 1.116 55
1 142 2 10 0.948 56
1 142 2 5 0.752 48
1 142 2 10 1.078 59
1 142 2 10 1.17 56
1 142 3 1 0.018 14
1 142 3 1 0.022 16
1 141 3 1 0.008 12
1 141 2 10 1.61 63
1 141 2 11 1.184 61
1 141 1 13 0.784 55
1 141 2 13 1.082 58
1 141 1 10 1.072 59
1 141 1 11 1.278 58
1 141 3 1 0.012 12
1 140 1 12 0.822 52
1 140 1 9 1.024 55
1 140 1 9 1.118 57
1 140 1 7 0.816 50
1 140 2 9 0.818 52
1 140 2 13 1.568 64
1 140 3 NA 0.008 12
1 140 3 1 0.008 13
1 139 3 1 0.022 17
1 139 3 1 0.032 14
1 139 2 9 1.078 58
1 139 2 14 1.4 61
1 139 2 9 1.205 58
1 139 1 10 0.825 52
1 139 1 12 0.96 54
1 139 1 12 1.2 58
1 138 1 5 0.576 45
1 138 1 4 0.396 41
1 138 1 4 0.49 42
1 138 1 5 0.624 45
1 138 2 3 0.142 29
1 138 2 5 0.526 44
1 138 3 1 0.01 13
1 138 3 1 0.012 13
1 137 3 1 0.03 17
1 137 3 1 0.026 14
1 137 2 9 1.468 61
1 137 2 10 1.536 63
1 137 2 9 1.67 67
1 137 2 7 0.946 53
1 137 1 NA 1.1 53
1 137 1 NA 1.224 58
1 136 2 6 0.802 49
1 136 2 5 0.684 47
1 136 2 6 0.71 47
1 136 2 9 1.264 56
1 136 2 7 0.94 54
1 136 1 7 1.09 55
1 135 1 5 0.626 45
1 135 1 4 0.39 39
1 135 2 6 0.8 51
1 135 2 11 1.284 59
1 135 2 5 0.732 47
1 135 2 5 0.638 47
1 35 1 6 0.684 47
1 35 1 5 0.686 47
1 35 2 5 0.766 48
1 35 2 6 0.706 48
1 35 2 5 0.644 47
1 35 2 7 0.9 53
1 34 2 10 1.418 60
1 34 2 9 1.346 61
1 34 2 6 0.828 52
1 34 1 5 0.594 44
1 34 1 5 0.63 47
1 34 1 10 0.924 53
1 33 2 6 0.74 48
1 33 2 6 0.952 53
1 33 2 11 1.162 60
1 33 2 6 0.872 53
1 33 2 5 0.642 46
1 33 2 6 1 55
1 32 1 5 0.624 45
1 32 1 6 0.626 46
1 32 2 5 0.74 48
1 32 2 5 0.678 45
1 32 2 6 0.67 46
1 32 2 5 0.62 46
1 31 1 6 0.734 48
1 31 1 5 0.728 48
1 31 1 7 0.902 50
1 31 2 11 1.43 63
1 31 2 5 0.774 48
1 31 2 6 1.182 56
1 30 2 4 0.508 41
1 30 2 5 0.55 43
1 30 2 5 0.5 43
1 30 1 5 0.546 43
1 30 1 6 0.554 44
1 30 1 5 0.502 41
1 29 1 7 0.692 48
1 29 1 11 0.82 53
1 29 1 7 1.048 53
1 29 1 5 0.534 44
1 29 1 10 0.9 53
1 29 1 9 1.112 56
1 28 2 13 1.12 56
1 28 2 11 1.108 57
1 28 1 9 1.052 55
1 28 1 14 1.282 59
1 25 2 11 1.9 66
1 25 1 5 0.648 46
1 25 1 5 0.64 46
1 25 2 6 0.854 51
1 25 2 6 0.892 49
1 25 2 6 0.616 47
1 28 1 9 1.188 56
1 28 1 10 0.776 54
1 27 1 12 0.842 51
1 27 1 7 0.78 47
1 27 1 6 0.736 46
1 27 1 6 0.632 44
1 27 1 5 0.5 41
1 27 1 5 0.468 42
1 26 1 8 1.14 54
1 26 1 8 0.842 51
1 26 2 5 0.574 44
1 26 2 8 0.956 52
1 26 2 6 0.892 50
1 26 2 5 0.664 46
1 26 3 1 0.012 14
1 26 3 1 0.01 13
1 24 1 10 1.344 59
1 24 1 11 0.934 54
1 24 1 3 0.194 30
1 24 2 6 0.568 45
1 24 2 5 0.734 46
1 24 3 1 0.018 15
1 24 3 1 0.012 14
1 23 2 8 0.966 52
1 23 2 5 0.418 40
1 23 2 5 0.404 40
1 23 2 6 0.912 51
1 23 1 5 0.514 43
1 23 1 9 1.28 59
1 23 3 1 0.018 14
1 23 3 1 0.03 16
1 22 1 5 0.628 44
1 22 1 6 0.968 52
1 22 1 5 0.596 45
1 22 1 5 0.6 45
1 22 1 11 0.904 51
1 22 1 3 0.172 30
1 21 2 5 0.52 43
1 21 2 5 0.67 45
1 21 1 5 0.528 43
1 21 1 3 0.142 28
1 21 1 6 0.746 48
1 21 1 3 0.226 33
1 20 1 8 1.172 55
1 20 2 12 1.696 67
1 20 2 9 1.062 56
1 20 2 10 1.236 60
1 20 2 22 2.648 75
1 20 2 9 1.036 55
1 19 3 1 0.018 14
1 19 3 1 0.016 14
1 19 2 9 0.962 55
1 19 2 11 1.448 59
1 19 2 10 1.212 60
1 18 2 9 1.464 60
1 19 2 9 1.166 58
1 19 1 9 1.016 52
1 19 1 11 1.158 56
1 18 2 12 1.514 61
1 18 2 11 1.238 58
1 18 2 11 1.394 60
1 18 1 10 1.366 60
1 18 1 10 1.492 60
1 17 2 12 1.116 57
1 17 2 11 0.842 53
1 17 2 8 0.7 50
1 17 2 10 1.034 55
1 17 2 10 1.218 54
1 17 1 8 1.098 55
1 16 2 11 2.24 69
1 16 2 13 1.534 63
1 16 2 14 1.49 60
1 16 1 15 2.412 70
1 16 1 13 2.35 71
1 16 1 13 1.612 63
1 15 2 10 1.32 58
1 15 2 12 1.374 61
1 15 2 8 1.112 56
1 15 2 12 1.182 58
1 15 1 15 0.91 52
1 15 1 12 1 53
1 14 1 6 0.592 45
1 14 1 7 0.808 49
1 14 1 10 0.828 49
1 14 1 3 0.192 30
1 14 1 3 0.152 24
1 14 2 5 0.718 46
1 13 2 8 0.85 53
1 13 2 7 0.988 54
1 13 2 12 1.116 59
1 13 1 9 0.806 51
1 13 1 11 0.872 53
1 13 1 10 1.116 56
1 13 3 1 0.02 14
1 13 3 1 0.03 16
1 12 2 6 0.732 50
1 12 2 5 0.482 42
1 12 2 12 1.04 56
1 12 2 8 1.15 57
1 12 1 5 0.668 46
1 12 1 6 0.668 47
1 11 1 4 0.49 42
1 11 1 5 0.552 44
1 11 1 5 1.016 53
1 11 1 10 0.982 56
1 11 1 7 0.912 52
1 11 1 7 0.802 50
1 10 1 11 0.932 53
1 10 1 7 0.996 52
1 10 1 8 1.038 54
1 10 1 11 1.276 58
1 10 1 6 0.546 44
1 10 1 5 0.56 44
1 9 1 6 0.612 44
1 9 1 5 0.762 47
1 9 2 10 0.86 52
1 9 2 6 0.734 49
1 9 2 9 0.778 50
1 9 2 6 0.71 47
1 8 1 3 0.144 27
1 8 1 3 0.12 27
1 8 1 5 0.52 41
1 8 1 6 0.74 48
1 8 2 6 0.998 52
1 8 2 2 0.07 22
1 7 1 5 0.584 44
1 7 1 7 0.756 50
1 7 1 12 0.878 54
1 7 1 2 0.054 20
1 7 2 12 1.58 65
1 7 2 6 0.606 45
1 6 2 5 0.496 43
1 6 2 11 0.93 52
1 6 2 10 1.308 57
1 6 1 10 0.712 50
1 6 1 9 1.09 55
1 6 1 3 0.114 26
1 5 1 5 0.678 47
1 5 1 9 0.946 57
1 5 1 10 1.03 55
1 5 1 6 0.74 49
1 5 1 7 0.634 47
1 5 2 6 0.606 45
1 4 2 6 0.522 42
1 4 2 5 0.676 46
1 4 2 7 0.924 52
1 4 2 9 1.092 55
1 4 2 6 0.542 43
1 4 2 5 0.732 48
1 3 1 6 0.668 45
1 3 1 5 0.618 44
1 3 1 7 0.836 50
1 3 1 9 1.134 55
1 3 1 6 0.634 45
1 3 1 9 1.202 58
1 2 1 5 0.566 45
1 2 1 5 0.52 42
1 2 1 5 0.536 43
1 2 2 4 0.242 36
1 2 2 5 0.642 45
1 2 2 6 0.594 44
1 1 1 5 0.552 43
1 1 1 5 0.554 43
1 1 2 2 0.064 21
1 1 2 5 0.52 42
1 1 3 1 0.026 15
1 1 3 1 0.022 15
1 1 1 5 0.468 41
1 1 1 6 0.65 46
