1 157 1 8 1.106 52
1 157 1 6 0.834 50
1 157 1 7 0.936 50
1 157 2 6 0.816 48
1 157 2 4 0.67 45
1 157 2 6 0.856 53
1 156 3 1 0.014 13
1 156 3 1 0.022 16
1 156 1 8 1.386 61
1 156 1 12 0.91 52
1 156 2 10 0.998 56
1 156 2 8 0.926 55
1 155 1 8 1 56
1 155 1 6 0.662 46
1 155 2 10 1.074 55
1 155 2 4 0.6 43
1 155 2 5 0.672 47
1 155 2 5 0.616 47
1 155 3 1 0.008 12
1 155 3 1 0.018 15
1 154 3 1 0.01 12
1 154 3 1 0.018 14
1 154 1 12 0.92 53
1 154 1 10 0.97 53
1 154 1 5 0.658 48
1 154 2 11 1.084 57
1 154 2 15 1.268 58
1 154 2 NA 1.016 58
1 153 3 1 0.02 15
1 153 3 1 0.014 14
1 153 2 6 0.542 45
1 153 2 5 0.562 44
1 153 1 13 1.184 56
1 153 1 4 0.484 42
1 153 1 6 0.676 47
1 153 1 4 0.498 41
1 152 1 10 1.192 56
1 152 1 8 0.842 50
1 152 1 4 0.416 38
1 152 1 5 0.58 45
1 152 3 1 0.012 14
1 152 2 6 0.794 51
1 152 2 6 0.832 51
1 152 3 1 0.01 12
1 151 2 10 1.182 58
1 151 3 1 0.022 15
1 151 3 1 0.018 13
1 151 1 9 1.002 54
1 151 1 10 0.952 54
1 151 1 6 0.952 52
1 151 1 6 0.8 49
1 151 1 12 1.01 55
1 150 3 1 0.012 13
1 150 3 1 0.008 11
1 150 1 4 0.53 41
1 150 1 6 0.718 48
1 150 2 10 0.912 54
1 150 2 6 0.594 46
1 150 2 4 0.518 42
1 150 2 4 0.514 42
1 149 3 1 0.01 12
1 149 3 1 0.02 16
1 149 1 12 1.27 58
1 149 1 13 1.196 59
1 149 1 9 1.15 55
1 149 1 7 0.764 49
1 149 1 6 0.756 48
1 149 2 12 1.15 58
1 148 3 1 0.016 14
1 148 3 1 0.012 13
1 148 1 11 0.972 56
1 148 1 6 0.684 48
1 148 1 9 1.174 57
1 148 2 8 1.336 59
1 148 2 6 0.714 49
1 148 2 5 0.426 38
1 147 1 6 0.99 53
1 147 1 7 0.812 49
1 147 1 6 0.86 51
1 147 1 7 0.924 53
1 147 2 6 0.632 47
1 147 2 6 0.63 45
1 146 2 6 0.802 50
1 146 2 7 1.092 55
1 146 2 8 0.644 46
1 146 2 7 0.984 50
1 146 2 7 1 52
1 146 1 5 0.774 46
1 145 1 6 0.746 48
1 145 1 10 1.136 54
1 145 2 7 0.88 48
1 145 2 7 0.95 49
1 145 2 7 0.75 49
1 145 2 7 1 51
1 144 1 7 0.814 49
1 144 1 6 0.752 49
1 144 1 8 1.082 56
1 144 2 6 0.992 53
1 144 2 7 0.996 49
1 144 2 6 0.872 51
1 143 1 6 0.878 50
1 143 2 6 0.924 49
1 143 2 9 1.106 58
1 143 1 6 0.782 46
1 143 1 6 0.568 44
1 143 1 6 0.848 50
1 142 1 3 0.158 29
1 142 1 6 0.768 49
1 142 1 4 0.446 40
1 142 2 8 1.18 57
1 142 2 6 0.692 48
1 142 2 5 0.644 46
1 141 2 7 1.182 56
1 141 2 2 0.114 26
1 141 1 8 1.17 59
1 141 1 11 0.972 53
1 141 1 16 1.18 60
1 141 1 18 1.796 64
1 141 3 1 0.016 14
1 141 3 1 0.016 15
1 140 2 15 1.524 61
1 140 2 15 1.49 65
1 140 2 13 1.59 64
1 140 1 10 1.538 61
1 140 1 11 1.152 59
1 140 1 10 1.012 55
1 140 3 1 0.026 16
1 140 3 1 0.014 14
1 139 1 11 1.438 61
1 139 1 8 1.662 62
1 139 1 9 1.61 62
1 139 2 10 1.78 64
1 139 2 12 1.15 58
1 139 2 12 1.252 58
1 139 3 1 0.012 12
1 139 3 1 0.016 15
1 138 1 10 1.318 59
1 138 1 11 1.462 60
1 138 1 13 1.046 56
1 138 1 12 1.286 59
1 138 2 16 1.94 71
1 138 2 11 1.352 61
1 138 3 1 0.014 14
1 138 3 1 0.014 13
1 137 1 9 0.904 54
1 137 1 12 1.174 57
1 137 1 10 1.498 61
1 137 2 9 1.166 58
1 137 2 8 1.756 65
1 137 2 14 1.484 63
1 136 1 8 1.82 63
1 136 1 12 1.622 62
1 136 2 17 2.398 75
1 136 2 12 1.515 64
1 135 2 18 2.218 66
1 135 1 11 1.87 65
1 135 2 14 1.946 69
1 135 2 13 1.886 67
1 135 3 1 0.024 16
1 134 3 1 0.026 15
1 134 3 1 0.02 14
1 134 2 3 0.14 27
1 134 2 15 1.984 68
1 134 1 3 0.222 32
1 134 2 15 2.33 69
1 132 3 2 0.048 20
1 132 1 13 1.476 64
1 132 2 2 0.12 28
1 132 2 15 1.826 68
1 132 3 1 0.016 14
1 132 1 19 2.782 78
1 133 3 1 0.006 11
1 133 3 1 0.02 15
1 133 2 11 1.642 67
1 133 2 11 2.624 74
1 133 2 12 2.07 72
1 133 1 14 2.336 73
1 133 1 21 2.706 75
1 133 1 20 1.828 72
1 131 3 1 0.022 16
1 131 3 1 0.018 14
1 131 2 16 2.324 71
1 131 2 13 1.326 59
1 131 1 9 1.616 62
1 131 1 3 0.148 28
1 130 3 1 0.006 12
1 130 3 1 0.008 12
1 130 1 15 1.348 60
1 130 1 3 0.08 24
1 130 2 7 1.042 56
1 130 2 13 1.576 68
1 127 1 12 1.764 64
1 127 2 20 1.61 68
1 127 2 15 1.946 68
1 127 1 1 0.006 9
1 127 1 11 1.286 60
1 127 1 1 0.016 14
1 129 2 11 1.09 64
1 129 3 1 0.006 11
1 129 3 1 0.004 9
1 129 3 1 0.008 12
1 129 3 1 0.006 10
1 128 1 14 1.956 68
1 128 1 11 1.498 63
1 128 2 13 1.996 72
1 128 2 13 1.546 67
1 126 3 1 0.004 11
1 126 3 1 0.014 14
1 126 2 10 1.332 63
1 126 2 13 1.956 67
1 126 2 16 1.888 68
1 126 1 17 1.974 69
1 125 2 1 0.01 11
1 125 2 10 1.252 62
1 125 2 1 0.008 12
1 125 2 15 1.968 72
1 125 2 7 1.606 63
1 125 2 15 1.998 70
1 124 2 7 0.752 49
1 124 1 4 0.53 42
1 124 2 4 0.604 44
1 124 2 3 0.464 41
1 124 1 4 0.408 38
1 124 1 3 0.456 39
1 123 1 5 0.622 46
1 123 1 4 0.464 41
1 123 2 9 1.086 55
1 123 2 4 0.548 40
1 123 2 8 0.896 52
1 123 2 4 0.468 41
1 122 1 11 1.312 60
1 122 1 6 0.61 46
1 122 1 6 0.832 49
1 122 1 6 0.624 46
1 122 1 6 0.694 47
1 122 1 6 0.584 45
1 121 1 5 0.48 43
1 121 1 6 0.69 47
1 121 1 4 0.388 37
1 121 2 4 0.426 39
1 121 2 4 0.564 44
1 121 2 4 0.502 42
1 120 1 6 0.784 48
1 120 1 4 0.396 39
1 120 1 4 0.656 45
1 120 2 6 0.674 50
1 120 2 4 0.424 40
1 120 2 6 0.658 48
1 120 2 1 0.026 16
1 119 3 1 0.032 18
1 119 3 1 0.018 15
1 119 2 4 0.418 40
1 119 2 6 0.622 47
1 119 1 5 0.688 48
1 119 1 10 0.692 48
1 119 1 4 0.406 39
1 119 1 5 0.566 45
1 118 2 10 2.326 67
1 118 2 6 0.816 51
1 118 1 NA 1.15 58
1 118 1 12 1.162 57
1 118 1 4 0.338 38
1 118 1 11 1.262 61
1 117 1 4 0.405 40
1 117 1 5 0.525 44
1 117 1 4 0.37 39
1 117 2 4 0.375 37
1 117 2 8 0.975 54
1 117 2 6 0.832 50
1 116 1 4 0.498 43
1 116 1 5 0.57 44
1 116 1 12 1.394 63
1 116 1 6 0.616 45
1 116 1 6 0.668 47
1 116 2 5 0.516 41
1 116 2 2 0.068 22
1 116 2 1 0.03 17
1 115 3 1 0.024 16
1 115 3 1 0.018 15
1 115 2 3 0.218 32
1 115 2 4 0.436 41
1 115 2 4 0.402 38
1 114 3 1 0.024 16
1 115 1 6 0.648 47
1 115 1 6 0.672 48
1 115 1 4 0.414 38
1 114 3 1 0.018 15
1 114 2 10 0.942 56
1 114 1 11 0.716 51
1 114 1 5 0.5 43
1 114 1 4 0.504 42
1 114 1 5 0.448 41
1 114 1 4 0.46 41
1 113 2 6 0.376 39
1 113 2 4 0.348 37
1 113 2 4 0.304 36
1 113 3 1 0.022 16
1 113 3 1 0.014 15
1 113 1 4 0.492 41
1 113 1 5 0.39 40
1 113 2 4 0.334 38
1 112 3 1 0.016 15
1 112 2 4 0.382 38
1 112 2 4 0.39 38
1 112 1 1 0.022 16
1 112 1 4 0.408 41
1 112 1 4 0.338 38
1 112 1 4 0.422 40
1 112 1 4 0.364 37
1 111 1 4 0.426 40
1 111 1 4 0.4 39
1 111 1 4 0.372 37
1 111 1 4 0.372 37
1 111 2 5 0.624 45
1 111 2 4 0.4 39
1 111 3 1 0.018 14
1 111 3 1 0.014 12
1 110 1 6 0.828 52
1 110 1 6 0.652 46
1 110 1 10 1.342 60
1 110 3 1 0.01 12
1 110 2 2 0.054 22
1 110 2 12 2.23 68
1 110 2 11 1.23 58
1 110 2 13 1.604 66
1 109 1 10 1.472 62
1 109 1 10 1.194 58
1 109 2 5 0.59 46
1 109 2 13 1.944 70
1 109 2 7 0.746 48
1 109 2 5 0.576 46
1 109 3 1 0.016 15
1 109 3 1 0.014 14
1 108 2 9 1.486 61
1 108 2 15 1.418 63
1 108 2 11 1.26 62
1 108 2 13 1.64 68
1 108 2 14 1.438 64
1 108 2 13 2.668 75
1 107 1 10 1.152 58
1 107 1 11 1.136 59
1 107 1 10 0.926 54
1 107 2 13 1.082 61
1 107 2 10 1.49 60
1 107 2 8 0.722 51
1 107 3 1 0.012 11
1 107 3 2 0.048 20
1 106 1 13 1.22 61
1 106 1 6 1.318 61
1 106 1 9 1.066 54
1 106 2 12 1.196 58
1 106 2 12 1.172 58
1 106 2 7 0.92 53
1 106 3 1 0.012 12
1 106 3 1 0.012 12
1 105 1 4 0.368 38
1 105 1 1 0.018 16
1 105 2 6 1.066 53
1 105 2 7 0.78 52
1 105 2 4 0.358 39
1 105 2 6 0.992 54
1 105 2 4 0.246 34
1 105 3 1 0.008 12
1 104 1 1 0.024 17
1 104 1 4 0.274 35
1 104 1 2 0.046 20
1 104 1 8 0.922 53
1 104 1 3 0.256 33
1 104 2 10 1.288 61
1 104 2 5 0.428 42
1 104 2 6 0.702 49
1 103 1 4 0.394 39
1 103 1 9 1.058 55
1 103 1 3 0.234 33
1 103 1 5 0.654 46
1 103 2 11 2.452 74
1 103 2 6 0.592 46
1 103 3 1 0.024 15
1 103 3 1 0.022 15
1 102 1 4 0.298 37
1 102 2 10 0.904 54
1 102 2 11 1.374 63
1 102 2 7 0.672 47
1 102 2 2 0.076 23
1 102 2 3 0.256 33
1 102 1 2 0.072 23
1 102 3 1 0.01 12
1 101 3 1 0.014 13
1 101 1 2 0.046 20
1 101 1 6 0.956 51
1 101 2 6 0.65 47
1 101 2 4 0.316 36
1 101 2 7 0.612 47
1 101 2 3 0.354 38
1 101 2 4 0.33 37
1 100 1 4 0.52 43
1 100 2 6 0.528 44
1 100 2 7 0.76 49
1 100 2 4 0.41 41
1 100 2 4 0.632 45
1 100 2 13 1.386 64
1 100 3 1 0.024 16
1 100 3 1 0.024 15
1 99 3 1 0.018 16
1 99 3 1 0.02 16
1 99 2 5 0.374 38
1 99 2 4 0.408 39
1 99 2 3 0.168 29
1 99 1 4 0.51 44
1 99 1 6 0.65 47
1 99 1 7 0.652 49
1 98 3 1 0.024 15
1 98 3 1 0.016 13
1 98 1 6 0.658 49
1 98 1 NA 0.992 55
1 98 1 4 0.342 37
1 98 1 4 0.496 42
1 98 2 6 0.582 47
1 98 2 6 0.536 45
1 95 2 6 0.618 45
1 95 2 6 0.77 49
1 95 2 4 0.432 41
1 95 2 6 0.766 50
1 95 2 4 0.418 41
1 95 2 4 0.434 41
1 95 2 1 0.018 15
1 95 2 1 0.018 14
1 97 1 2 0.036 18
1 97 2 2 0.064 22
1 97 2 4 0.464 41
1 97 2 4 0.48 42
1 97 1 6 0.704 48
1 97 1 4 0.398 38
1 97 1 4 0.392 39
1 97 1 4 0.48 41
1 96 3 1 0.012 12
1 96 1 1 0.026 16
1 96 1 8 1.318 56
1 96 2 12 1.464 60
1 96 2 6 1.112 56
1 96 2 4 0.57 45
1 96 2 5 0.724 46
1 96 2 8 1.072 57
1 94 1 9 0.856 54
1 94 2 7 0.684 46
1 94 2 4 0.416 39
1 94 2 8 0.844 54
1 94 2 6 0.55 44
1 94 2 7 0.7 46
1 93 1 9 0.996 56
1 93 1 11 0.84 55
1 93 1 13 1.176 60
1 93 2 9 1.532 63
1 92 1 4 0.388 38
1 93 2 10 1.464 59
1 93 2 14 1.676 63
1 92 3 1 0.01 14
1 92 1 3 0.27 34
1 92 1 4 0.442 40
1 92 1 10 1.026 55
1 92 1 1 0.03 18
1 92 2 4 0.394 38
1 92 2 7 0.73 50
1 91 1 6 0.662 46
1 91 1 7 1.032 54
1 91 1 4 0.514 42
1 91 2 3 0.336 37
1 91 2 6 0.822 52
1 91 2 4 0.398 39
1 90 3 1 0.028 16
1 90 3 1 0.024 15
1 90 1 4 0.348 38
1 90 1 4 0.376 38
1 90 2 4 0.542 45
1 90 2 4 0.388 40
1 90 2 3 0.272 33
1 90 2 4 0.308 35
1 89 3 1 0.02 16
1 89 3 1 0.014 14
1 89 1 6 0.588 46
1 89 1 4 0.38 39
1 89 2 6 0.646 47
1 89 2 4 0.478 40
1 89 2 4 0.568 43
1 89 2 4 0.426 39
1 88 1 1 0.038 18
1 88 1 1 0.04 19
1 88 1 5 0.618 46
1 88 1 4 0.444 42
1 88 1 2 0.102 25
1 88 1 3 0.224 31
1 88 2 7 0.606 48
1 88 2 5 0.536 43
1 87 3 1 0.012 13
1 87 1 4 0.484 40
1 87 1 6 0.8 48
1 87 2 4 0.446 41
1 87 2 6 0.646 47
1 87 2 5 0.682 48
1 87 2 6 0.692 48
1 86 1 6 0.804 50
1 86 2 4 0.582 43
1 86 2 6 0.92 51
1 86 2 6 0.77 47
1 86 2 6 0.668 48
1 86 2 4 0.454 39
1 85 3 1 0.008 12
1 85 3 1 0.014 14
1 85 1 5 0.574 46
1 85 2 4 0.424 41
1 85 2 4 0.436 40
1 85 2 4 0.372 37
1 85 2 4 0.454 41
1 85 2 5 0.678 45
1 69 2 20 2.722 81
1 69 1 11 1.916 70
1 69 2 14 2.576 72
1 69 1 14 2.434 71
1 69 3 1 0.02 15
1 69 3 1 0.008 12
1 67 2 12 2.098 73
1 67 3 1 0.008 13
1 67 1 20 2.666 71
1 67 1 2 0.036 18
1 67 2 12 2.944 81
1 67 2 19 2.305 79
1 68 1 12 2.904 75
1 68 2 20 3.286 79
1 68 2 18 2.506 74
1 68 2 24 2.724 82
1 68 2 1 0.026 16
1 68 1 1 0.026 16
1 66 1 7 2.332 67
1 66 2 11 1.958 68
1 66 2 13 3.588 80
1 66 2 10 2.112 68
1 65 1 10 2.032 70
1 65 2 9 2.432 69
1 65 2 13 1.894 67
1 65 2 8 1.882 70
1 65 2 13 1.824 65
1 65 2 13 1.362 61
1 64 1 11 2.038 70
1 64 2 21 2.044 72
1 64 2 13 2.278 71
1 64 2 7 1.75 63
1 64 2 16 2.136 69
1 64 1 9 2.536 73
1 63 1 17 1.676 63
1 63 2 12 2.178 68
1 63 2 17 2.45 73
1 63 2 12 1.856 67
1 62 2 1 0.026 16
1 62 1 1 0.024 15
1 62 1 10 1.902 67
1 62 2 22 2.642 72
1 62 2 12 1.896 68
1 62 2 17 2.808 80
1 61 3 1 0.004 10
1 61 3 1 0.004 9
1 61 1 3 0.13 27
1 61 1 10 1.946 66
1 61 2 13 1.876 65
1 61 2 13 1.82 68
1 60 2 3 0.158 29
1 60 2 3 0.142 28
1 60 2 16 2.172 70
1 60 1 10 1.86 63
1 60 1 13 1.19 56
1 60 1 3 0.19 32
1 59 2 13 1.494 63
1 59 2 13 1.368 65
1 59 1 11 1.592 67
1 59 1 13 1.322 61
1 59 1 3 0.098 25
1 59 1 13 1.59 64
1 58 2 7 1.058 53
1 58 1 NA 1.964 65
1 58 1 10 1.274 59
1 58 1 5 0.754 48
1 58 1 12 1.176 58
1 58 1 6 0.92 53
1 57 1 7 1.06 54
1 57 1 4 0.518 42
1 57 1 4 0.41 39
1 57 2 6 0.946 52
1 57 2 6 0.732 47
1 57 2 6 1.21 57
1 56 2 11 1.462 62
1 56 2 4 0.542 42
1 56 2 10 1.852 64
1 56 1 6 0.908 49
1 56 1 9 1.34 60
1 56 1 7 1.104 54
1 55 1 7 0.718 50
1 55 2 12 1.868 66
1 55 2 7 1.014 51
1 55 2 6 0.974 51
1 55 1 8 1.368 59
1 55 1 8 1.088 53
1 54 3 1 0.012 13
1 54 3 1 0.008 12
1 54 2 15 2.534 77
1 54 2 14 2.098 70
1 54 1 13 2.728 72
1 54 1 7 2.378 70
1 53 1 13 2.764 76
1 53 2 21 3.002 80
1 53 2 13 2.29 68
1 53 2 8 1.75 61
1 52 2 6 0.674 47
1 52 2 11 1.8 66
1 52 1 9 1.668 63
1 52 1 7 1.286 57
1 52 1 10 1.476 62
1 52 1 5 1.138 53
1 51 2 4 0.676 46
1 51 2 6 1.954 67
1 51 2 14 2.018 70
1 51 1 5 0.464 41
1 51 1 10 1.812 61
1 51 1 10 0.922 53
1 51 1 3 0.216 31
1 51 1 6 1.332 59
1 50 1 11 1.486 61
1 50 2 10 1.404 58
1 50 1 8 1.26 59
1 50 1 13 1.16 60
1 50 1 9 0.992 56
1 50 1 9 1.794 64
1 50 1 1 0.034 18
1 50 1 1 0.028 18
1 49 1 NA 1.732 68
1 49 1 7 1.07 55
1 49 1 10 1.404 60
1 49 2 14 1.686 66
1 49 2 9 1.156 57
1 49 2 5 1.092 53
1 48 2 8 1.748 62
1 48 2 7 1.58 61
1 48 2 9 1.542 62
1 48 1 3 0.184 30
1 48 1 16 2.272 69
1 48 1 5 0.794 48
1 47 2 9 1.44 59
1 47 2 NA 2.104 66
1 47 1 11 1.966 64
1 47 1 14 1.988 65
1 47 1 10 1.494 60
1 47 1 8 1.87 62
1 46 2 6 1.068 50
1 46 2 9 1.434 59
1 46 1 9 1.356 59
1 46 1 6 1.382 54
1 46 1 6 0.856 47
1 46 1 7 0.902 51
1 45 2 5 0.71 46
1 45 2 5 0.496 43
1 45 1 6 0.696 49
1 45 1 5 0.874 49
1 45 1 6 0.712 46
1 45 1 6 1.126 51
1 44 1 7 0.814 51
1 44 1 4 0.412 40
1 44 1 7 0.684 47
1 44 2 8 1.898 66
1 44 2 13 1.43 62
1 44 2 3 0.202 32
1 43 2 10 1.886 70
1 43 2 1 0.024 16
1 43 2 5 0.726 47
1 43 1 11 1.49 61
1 43 1 6 1.106 55
1 43 1 8 1.346 60
1 43 1 13 0.954 51
1 42 2 1 0.03 17
1 42 3 1 0.012 13
1 42 1 11 1.118 55
1 42 1 12 1.158 53
1 42 2 13 1.35 57
1 42 2 13 1.414 61
1 42 1 11 1.11 56
1 42 2 10 1.142 57
1 41 1 3 0.298 37
1 41 1 12 1.332 58
1 41 1 10 1.35 60
1 41 2 8 2.504 71
1 41 2 8 1.93 64
1 41 2 2 0.096 24
1 41 3 1 0.024 16
1 40 3 1 0.006 11
1 40 2 12 0.984 57
1 40 2 13 1.702 65
1 40 2 12 1.838 69
1 40 1 12 1.636 60
1 40 1 11 1.85 62
1 40 1 13 2.064 67
1 29 1 12 1.25 57
1 29 1 6 0.82 47
1 29 1 2 0.026 17
1 29 2 7 1.07 55
1 29 2 7 1.17 53
1 29 2 6 0.94 51
1 29 1 3 0.24 32
1 28 1 6 0.71 47
1 28 1 5 0.512 42
1 28 1 6 0.58 45
1 28 2 5 0.622 46
1 28 2 5 0.585 44
1 28 2 5 0.714 49
1 27 2 6 0.866 50
1 27 2 4 0.512 45
1 27 2 7 0.952 51
1 27 2 6 0.99 52
1 27 1 7 1.162 57
1 27 1 9 1.28 58
1 27 3 1 0.028 17
1 27 3 1 0.014 15
1 26 2 4 0.33 37
1 26 2 5 0.44 39
1 26 1 4 0.378 39
1 26 1 4 0.32 37
1 26 1 4 0.54 42
1 26 1 4 0.454 40
1 25 3 1 0.018 15
1 25 3 1 0.014 14
1 25 1 4 0.45 41
1 25 1 6 0.69 47
1 25 2 13 1.506 60
1 25 2 6 0.734 50
1 25 2 6 0.602 46
1 25 2 2 0.06 22
1 24 3 1 0.022 15
1 24 3 1 0.008 12
1 24 1 NA 1.574 62
1 24 2 5 0.718 47
1 24 2 5 0.542 43
1 24 2 6 0.846 50
1 24 2 4 0.38 39
1 24 2 9 1.14 57
1 23 1 6 0.646 47
1 23 1 5 0.732 49
1 23 1 7 0.714 48
1 23 2 5 0.728 47
1 23 2 9 1.172 57
1 23 2 6 0.84 51
1 22 3 1 0.016 14
1 22 3 1 0.018 15
1 22 2 4 0.488 42
1 22 2 3 0.312 35
1 22 2 11 2.012 65
1 22 1 4 0.548 43
1 22 1 5 0.55 44
1 21 2 7 0.772 52
1 21 2 7 0.768 50
1 21 2 4 0.544 43
1 21 1 4 0.394 38
1 21 1 10 1.204 58
1 21 1 11 0.902 54
1 20 3 1 0.012 14
1 20 3 1 0.012 13
1 20 2 5 0.946 50
1 20 2 5 0.512 43
1 20 2 6 0.814 47
1 20 2 6 0.698 47
1 20 1 NA 0.766 49
1 20 1 6 0.684 48
1 19 3 1 0.016 14
1 19 3 1 0.03 17
1 19 1 4 0.46 41
1 19 1 9 0.96 55
1 19 1 4 0.32 36
1 19 2 4 0.43 41
1 19 2 4 0.454 41
1 19 2 4 0.538 44
1 18 3 1 0.028 16
1 18 3 1 0.018 14
1 18 1 4 0.528 42
1 18 1 10 1.16 61
1 18 1 6 1.098 52
1 18 1 6 0.688 49
1 18 1 7 1.092 55
1 18 1 7 0.834 50
1 17 3 1 0.024 16
1 17 3 1 0.012 13
1 16 1 7 0.744 50
1 16 1 5 0.616 45
1 16 1 7 0.87 51
1 16 1 5 0.786 52
1 16 2 8 0.652 47
1 16 3 2 0.036 19
1 16 3 1 0.012 12
1 15 1 4 0.532 43
1 15 2 4 0.356 38
1 15 1 6 0.766 49
1 15 1 4 0.454 40
1 15 1 7 0.616 46
1 15 1 4 0.406 39
1 14 3 1 0.022 15
1 14 2 13 0.972 56
1 14 2 7 0.978 55
1 14 2 15 2.268 66
1 14 2 8 0.962 53
1 14 1 6 0.99 51
1 14 1 6 0.672 46
1 13 2 12 1.84 63
1 13 2 8 0.696 48
1 13 1 11 1.054 53
1 13 1 6 0.714 46
1 13 1 6 0.624 47
1 13 1 6 0.768 49
1 13 3 1 0.024 14
1 13 3 1 0.022 15
1 12 2 11 1.12 55
1 12 3 1 0.018 15
1 12 3 1 0.016 13
1 12 1 6 0.568 44
1 12 1 10 0.968 54
1 12 1 6 0.732 47
1 12 2 5 0.506 43
1 12 2 7 0.596 45
1 11 3 1 0.03 17
1 11 3 1 0.008 11
1 11 1 NA 0.936 53
1 11 1 9 1.578 61
1 11 1 14 2.482 70
1 11 2 7 0.745 49
1 11 2 15 1.42 62
1 11 2 6 0.71 50
1 10 3 1 0.016 14
1 10 3 1 0.008 12
1 10 2 6 0.856 52
1 10 2 6 0.838 50
1 10 1 4 0.476 40
1 10 1 5 0.596 45
1 10 1 4 0.398 38
1 10 1 4 0.308 35
1 9 3 1 0.008 11
1 9 3 1 0.008 12
1 9 1 5 0.492 44
1 9 1 4 0.42 38
1 9 2 4 0.412 39
1 9 2 8 0.888 51
1 9 2 13 1.29 60
1 9 2 5 0.59 46
1 8 2 13 1.08 55
1 8 2 12 1.114 57
1 8 2 9 0.812 49
1 8 2 9 1.202 58
1 8 2 2 0.044 21
1 8 1 10 1.534 62
1 8 1 7 0.988 53
1 8 3 1 0.014 14
1 8 3 1 0.012 13
1 7 2 12 1.79 65
1 7 3 1 0.006 11
1 7 2 10 1.872 70
1 7 2 11 1.494 62
1 7 3 1 0.01 13
1 7 1 12 1.63 65
1 7 1 13 1.008 54
1 7 1 13 1.13 59
1 6 3 1 0.016 15
1 6 3 1 0.016 15
1 6 1 4 0.388 38
1 6 1 4 0.252 34
1 6 1 3 0.288 35
1 6 2 4 0.404 39
1 6 2 4 0.42 40
1 6 2 4 0.366 39
1 5 3 1 0.018 16
1 5 3 1 0.01 12
1 5 2 13 2 70
1 5 2 4 0.378 38
1 5 2 4 0.366 37
1 5 2 4 0.49 42
1 5 1 7 0.844 51
1 5 1 4 0.384 40
1 4 3 1 0.008 12
1 4 3 1 0.006 11
1 4 1 4 0.402 39
1 4 1 4 0.342 36
1 4 1 4 0.246 35
1 4 1 4 0.362 38
1 4 2 6 0.772 49
1 4 2 5 0.352 37
1 3 2 4 0.266 32
1 3 2 4 0.42 41
1 3 2 6 0.336 37
1 3 1 4 0.402 39
1 3 1 3 0.052 21
1 3 1 13 1.258 59
1 2 3 1 0.006 12
1 2 3 1 0.006 12
1 2 1 4 0.38 37
1 2 1 4 0.344 37
1 2 1 4 0.328 36
1 2 2 4 0.554 45
1 2 2 4 0.278 35
1 2 2 4 0.316 34
1 1 3 1 0.008 12
1 1 3 1 0.012 13
1 1 1 6 0.652 45
1 1 1 3 0.308 35
1 1 1 4 0.42 40
1 1 2 7 0.83 52
1 1 2 3 0.294 35
1 1 2 2 0.09 25
1 267 2 15 3.354 76
1 267 2 21 3.402 81
1 267 1 21 2.384 71
1 267 2 16 2.752 78
1 267 3 1 0.01 11
1 267 3 1 0.014 14
1 266 1 15 2.626 73
1 266 1 21 2.194 69
1 266 2 15 3.196 85
1 266 2 16 3.084 79
1 265 1 14 2.682 73
1 265 1 13 2.776 76
1 265 1 15 2.614 75
1 265 1 16 2.99 77
1 264 1 7 1.9 66
1 264 2 14 1.724 68
1 264 2 20 1.84 69
1 264 2 14 2.37 79
1 264 2 1 0.022 15
1 264 2 1 0.002 8
1 263 1 12 1.906 65
1 263 2 14 2.892 79
1 263 2 20 2.16 74
1 263 1 12 2.3 73
1 262 2 14 1.94 66
1 262 2 14 2.678 74
1 262 2 19 1.596 63
1 262 1 17 2.08 69
1 262 1 12 1.616 64
1 262 1 3 0.188 30
1 261 1 10 1.482 61
1 261 1 10 1.876 64
1 261 1 20 2.558 74
1 261 2 11 1.9 67
1 261 2 11 1.68 62
1 261 2 10 1.738 66
1 260 1 15 1.954 66
1 260 1 10 1.924 66
1 260 1 11 2.09 67
1 260 1 12 1.972 69
1 260 2 11 2.232 67
1 260 2 20 1.762 68
1 259 2 9 1.252 59
1 259 1 9 1.568 62
1 259 1 19 1.312 60
1 259 1 3 0.214 31
1 259 2 5 0.506 42
1 259 2 2 0.16 29
1 258 1 7 0.838 52
1 258 1 13 1.26 59
1 258 1 9 1.228 59
1 258 2 5 0.678 48
1 258 2 5 1.174 56
1 258 2 9 0.972 56
1 258 2 2 0.032 17
1 257 2 13 1.724 65
1 257 2 10 1.98 67
1 257 2 10 2.018 70
1 257 1 10 2.184 68
1 257 1 13 1.252 61
1 257 2 2 0.136 28
1 257 3 1 0.022 15
1 256 1 11 1.908 63
1 256 1 16 2.096 67
1 256 1 3 0.138 28
1 256 2 14 2.122 70
1 256 2 13 2.146 71
1 256 2 3 0.1 25
1 255 1 13 2.894 76
1 255 2 22 2.386 72
1 255 2 1 0.024 16
1 255 3 1 0.01 12
1 254 2 19 3.646 84
1 254 2 21 2.136 71
1 254 2 12 2.92 74
1 254 1 16 2.27 71
1 254 3 1 0.02 15
1 254 3 1 0.014 13
1 253 1 13 2.34 79
1 253 2 17 2.984 75
1 253 2 13 2.21 70
1 253 2 21 2.002 64
1 253 3 1 0.012 13
1 253 3 1 0.018 14
1 252 1 5 1.256 59
1 252 1 19 1.882 64
1 252 1 4 0.716 48
1 252 2 15 1.584 62
1 252 2 13 1.874 66
1 252 2 14 2.036 67
1 251 1 14 1.836 66
1 251 1 12 1.878 68
1 251 1 2 0.142 28
1 251 2 9 2.182 69
1 251 2 13 1.742 68
1 251 2 3 0.236 33
1 250 2 14 1.574 64
1 250 2 13 1.57 67
1 250 2 12 2.156 70
1 250 2 12 1.692 63
1 250 2 12 1.434 61
1 250 1 12 1.522 65
1 250 2 1 0.034 17
1 250 3 1 0.022 15
1 249 2 7 1.362 58
1 249 2 7 1.188 56
1 249 1 14 1.706 66
1 249 1 6 1.31 55
1 249 1 5 0.554 43
1 249 1 6 0.958 51
1 248 1 2 0.154 28
1 248 1 2 0.13 27
1 248 1 3 0.148 27
1 248 2 3 0.15 29
1 248 2 3 0.17 29
1 248 2 6 1.136 53
1 247 2 5 0.68 46
1 247 2 7 0.842 49
1 247 2 6 1.014 51
1 247 1 8 0.884 49
1 247 1 8 0.662 45
1 247 1 6 0.818 46
1 246 1 9 1.612 62
1 246 2 6 0.838 48
1 246 2 10 2.016 61
1 246 2 7 1.502 61
1 246 1 6 0.964 52
1 246 1 6 0.974 50
1 245 2 9 1.938 68
1 245 2 9 1.156 58
1 245 2 14 1.278 59
1 245 2 7 0.896 50
1 245 2 3 0.15 28
1 245 2 3 0.214 30
1 244 3 1 0.012 12
1 244 3 1 0.012 13
1 244 2 11 1.472 63
1 244 2 9 1.2 68
1 244 1 11 1.382 62
1 244 1 10 1.648 64
1 244 1 10 1.104 56
1 244 1 10 1.32 58
1 243 1 6 1.49 59
1 243 1 5 0.862 50
1 243 1 4 0.428 39
1 243 2 6 1.04 54
1 243 2 5 0.794 51
1 243 2 5 0.768 49
1 242 1 4 0.7 48
1 242 1 7 1.102 55
1 242 1 5 0.786 48
1 242 1 6 0.672 47
1 242 1 4 0.682 48
1 242 2 6 1.006 54
1 241 1 12 1.316 60
1 241 1 7 0.708 51
1 241 1 6 0.766 48
1 241 1 8 1.194 59
1 241 2 7 1.138 57
1 241 2 6 0.61 48
1 240 1 12 1.302 59
1 240 1 9 1.282 59
1 240 2 6 0.736 49
1 240 2 12 1.57 62
1 240 2 7 1.152 56
1 240 2 10 1.146 58
1 239 1 2 0.208 31
1 239 1 2 0.108 26
1 239 1 3 0.15 28
1 239 1 2 0.15 28
1 239 1 3 0.228 33
1 239 2 2 0.124 27
1 238 3 1 0.014 16
1 238 2 10 2.286 67
1 238 1 11 1.486 60
1 238 2 11 1.72 68
1 238 2 11 1.49 63
1 238 1 12 1.57 63
1 238 2 14 1.89 68
1 237 2 10 1.768 66
1 237 2 20 2.836 79
1 237 2 14 1.81 69
1 237 2 12 2.382 71
1 237 1 13 1.71 64
1 237 1 13 2.57 72
1 237 3 1 0.006 10
1 236 2 14 1.492 60
1 236 2 11 1.51 61
1 236 2 10 1.272 60
1 236 2 11 1.464 61
1 236 1 8 1.376 60
1 236 1 9 1.44 61
1 235 1 12 1.342 58
1 235 2 10 2.126 67
1 235 2 6 1.376 61
1 235 1 11 1.472 61
1 234 2 12 1.588 62
1 235 1 14 1.186 57
1 235 1 10 1.884 65
1 234 2 12 1.438 64
1 234 2 11 1.708 64
1 234 2 9 1.69 63
1 234 1 10 0.89 54
1 234 1 11 1.66 61
1 233 3 1 0.024 15
1 233 2 6 0.73 48
1 233 2 6 0.638 44
1 233 2 5 0.612 46
1 233 2 6 0.814 51
1 233 1 4 0.364 37
1 233 1 3 0.378 37
1 232 2 5 0.734 50
1 232 1 7 1.022 54
1 232 1 7 1.114 55
1 232 1 5 0.734 48
1 232 1 6 0.562 44
1 232 1 4 0.448 40
1 231 1 10 1.366 59
1 231 1 16 1.506 63
1 231 1 6 0.74 50
1 231 1 4 0.958 51
1 231 2 6 0.8 49
1 231 2 7 0.964 52
1 230 2 6 0.792 49
1 230 2 10 1.186 60
1 230 1 6 0.89 51
1 230 1 6 0.784 49
1 230 2 6 0.68 50
1 230 1 NA 0.672 47
1 229 2 5 0.604 46
1 229 2 6 0.988 55
1 229 2 6 0.682 45
1 229 1 6 0.852 51
1 229 1 6 0.802 49
1 229 1 6 0.746 49
1 228 1 5 0.874 51
1 228 1 9 1.08 54
1 228 1 6 0.736 49
1 228 2 5 1.112 53
1 228 2 9 1.098 62
1 228 1 6 0.798 49
1 228 1 2 0.066 22
1 228 3 1 0.02 16
1 227 1 12 1.26 60
1 227 2 11 1.412 61
1 227 1 11 1.088 58
1 227 1 10 1.048 54
1 227 2 10 1.626 64
1 227 2 8 1.454 60
1 227 3 1 0.012 13
1 227 3 1 0.006 10
1 226 3 1 0.022 16
1 226 3 1 0.008 11
1 226 2 8 1.156 59
1 226 2 4 0.398 39
1 226 2 6 0.778 49
1 226 2 7 0.756 49
1 226 1 6 0.832 51
1 226 1 9 1.354 60
1 223 2 12 1.95 68
1 223 2 13 1.584 66
1 223 2 13 1.486 64
1 223 2 2 0.124 26
1 225 3 1 0.01 12
1 225 3 1 0.018 15
1 225 2 6 0.87 52
1 225 2 9 1.186 59
1 225 1 12 1.594 62
1 225 1 11 1.21 58
1 224 3 1 0.01 13
1 224 2 2 0.054 21
1 224 2 9 1.526 62
1 224 2 10 1.56 67
1 224 1 11 1.316 59
1 224 1 12 1.404 60
1 222 3 1 0.016 14
1 222 3 1 0.012 12
1 222 1 2 0.152 29
1 222 1 11 1.388 62
1 222 2 4 0.208 33
1 222 2 13 2.326 70
1 221 3 1 0.016 13
1 221 3 1 0.024 16
1 221 1 12 1.122 55
1 221 1 12 1.47 63
1 221 1 15 1.932 70
1 221 1 14 1.634 63
1 220 2 11 2.312 73
1 220 1 12 2.07 66
1 220 2 9 1.602 64
1 220 2 3 0.106 25
1 220 3 1 0.018 14
1 220 3 1 0.014 13
1 219 3 1 0.016 14
1 219 3 1 0.008 12
1 219 2 14 2.782 79
1 219 2 15 2.354 72
1 219 2 9 1.84 65
1 218 3 1 0.02 15
1 218 3 1 0.008 10
1 218 1 13 1.578 61
1 218 1 19 2.476 71
1 218 1 11 1.444 61
1 218 2 12 2.32 68
1 217 3 1 0.008 11
1 217 3 1 0.004 9
1 217 1 22 2.652 73
1 216 1 11 2.636 69
1 216 3 1 0.004 9
1 216 3 1 0.006 9
1 214 2 2 0.03 18
1 214 2 11 1.236 61
1 214 1 2 0.074 23
1 214 1 10 1.436 62
1 214 1 13 1.22 58
1 214 1 21 1.156 58
1 215 2 16 2.48 75
1 215 1 12 1.412 61
1 215 1 11 1.756 62
1 215 1 13 1.46 62
1 215 3 1 0.014 14
1 215 3 1 0.008 11
1 215 2 2 0.048 20
1 213 2 10 1.29 60
1 213 1 9 1.13 56
1 213 1 10 1.2 59
1 213 1 11 1.074 57
1 213 3 1 0.01 12
1 213 3 1 0.014 14
1 212 3 1 0.006 10
1 212 3 1 0.014 14
1 212 2 20 2.482 77
1 211 3 1 0.006 9
1 211 3 1 0.008 12
1 210 2 21 3.018 80
1 210 1 21 2.22 71
1 210 1 1 0.006 9
1 210 1 1 0.008 10
1 209 3 1 0.008 12
1 209 3 1 0.002 9
1 208 3 2 0.024 16
1 208 1 15 2.114 68
1 208 1 13 2.45 74
1 207 2 14 2.18 74
1 207 3 1 0.014 13
1 207 3 1 0.006 10
1 207 1 17 2.084 71
1 207 1 9 1.704 64
1 207 2 19 2.096 68
1 206 1 12 0.93 54
1 206 1 12 1.08 57
1 206 2 11 1.024 56
1 206 2 13 0.942 58
1 206 3 1 0.014 14
1 206 3 1 0.014 14
1 205 2 11 1.264 60
1 205 2 11 1.15 59
1 205 1 10 1.504 61
1 205 1 7 0.874 51
1 205 1 13 1.366 61
1 205 1 6 0.584 45
1 205 3 1 0.022 16
1 205 3 1 0.018 15
1 204 3 1 0.012 13
1 204 3 1 0.016 14
1 204 2 5 0.58 46
1 204 2 10 1.084 56
1 204 1 11 1.084 55
1 204 1 6 0.764 50
1 204 1 8 0.964 53
1 204 1 12 1.176 60
1 203 1 11 1.238 60
1 203 2 6 0.596 44
1 203 2 1 0.022 16
1 203 2 1 0.024 16
1 203 1 3 0.356 40
1 203 1 4 0.226 33
1 203 1 5 0.798 50
1 203 1 6 0.79 51
1 202 3 1 0.022 16
1 202 2 2 0.092 24
1 202 2 8 0.802 52
1 202 2 4 0.482 41
1 202 2 9 1.612 65
1 202 1 10 1.592 64
1 202 1 6 0.712 47
1 202 1 4 0.428 40
1 201 1 6 0.738 49
1 201 1 6 0.642 48
1 201 1 7 0.772 50
1 201 2 7 0.802 51
1 201 2 5 0.486 41
1 201 2 6 0.828 50
1 200 1 1 0.03 17
1 200 3 1 0.022 15
1 200 2 4 0.602 46
1 200 2 6 0.722 49
1 200 2 5 0.692 48
1 200 1 7 0.856 53
1 200 1 13 1.228 60
1 200 1 4 0.44 39
1 199 1 4 0.464 40
1 199 1 3 0.178 31
1 199 2 6 0.636 46
1 199 2 6 0.594 48
1 199 2 5 0.614 46
1 199 2 8 0.936 51
1 199 3 1 0.02 14
1 198 1 6 0.522 43
1 198 1 11 1.254 58
1 198 1 4 0.526 45
1 198 2 9 1.39 62
1 198 2 4 0.482 42
1 198 2 4 0.33 37
1 198 3 1 0.018 15
1 198 3 1 0.012 12
1 197 1 6 0.696 48
1 197 1 6 0.652 46
1 197 1 7 0.81 52
1 197 2 8 0.728 49
1 197 2 7 0.722 50
1 197 2 8 0.872 52
1 197 3 1 0.022 15
1 197 3 1 0.034 18
1 194 2 4 0.49 43
1 194 2 3 0.362 38
1 194 2 4 0.604 45
1 194 1 7 0.982 52
1 194 1 4 0.354 38
1 194 1 4 0.48 42
1 196 2 5 0.69 47
1 196 3 1 0.028 16
1 196 3 1 0.016 14
1 196 1 6 0.758 48
1 196 1 6 0.954 53
1 196 1 8 1.098 56
1 196 1 4 0.46 41
1 196 1 3 0.298 35
1 195 2 6 0.65 48
1 195 1 5 0.606 45
1 195 1 4 0.428 40
1 195 1 5 0.64 45
1 195 1 4 0.406 38
1 195 1 4 0.496 41
1 193 1 8 1.138 58
1 193 1 5 0.664 48
1 193 2 4 0.516 43
1 193 2 9 1.536 63
1 193 2 4 0.68 47
1 193 2 7 0.91 50
1 192 2 6 0.83 49
1 192 1 7 0.82 49
1 192 1 4 0.424 40
1 192 2 5 0.6 43
1 192 1 6 0.828 50
1 192 1 11 0.804 53
1 191 2 1 0.028 17
1 191 1 4 0.374 38
1 191 2 1 0.036 18
1 191 2 6 0.742 50
1 191 2 4 0.454 43
1 191 1 5 0.496 43
1 191 1 7 0.478 44
1 191 1 4 0.452 40
1 190 2 6 0.778 48
1 190 2 4 0.408 41
1 190 2 7 0.862 51
1 190 3 1 0.02 16
1 190 3 1 0.026 16
1 190 3 5 0.492 43
1 190 3 6 0.656 48
1 190 3 10 1.15 55
1 189 1 2 0.076 23
1 189 3 1 0.016 13
1 189 1 6 0.778 50
1 189 1 8 0.966 52
1 189 1 6 1.048 53
1 189 1 11 0.922 53
1 189 1 10 0.98 54
1 189 1 12 1.462 60
1 188 1 11 1.638 64
1 188 3 1 0.006 12
1 188 1 11 1.518 62
1 188 1 8 1.348 59
1 188 2 14 1.764 67
1 188 2 13 1.461 62
1 188 2 8 0.55 49
1 187 3 1 0.008 11
1 187 3 1 0.006 10
1 187 3 1 0.01 12
1 187 3 1 0.012 13
1 187 2 4 0.442 41
1 187 2 4 0.41 39
1 187 1 4 0.426 40
1 187 1 6 0.986 55
1 187 1 4 0.55 43
1 187 1 4 0.512 41
1 186 3 1 0.012 13
1 186 3 1 0.014 13
1 186 1 6 0.789 49
1 186 1 6 0.78 51
1 186 2 6 0.708 49
1 186 2 6 0.946 53
1 186 2 5 0.792 50
1 186 2 6 0.836 52
1 185 3 1 0.008 12
1 185 3 1 0.01 13
1 185 1 10 1.564 63
1 185 1 11 0.894 52
1 185 1 5 0.786 49
1 185 2 5 0.56 43
1 185 2 6 0.67 48
1 185 2 5 0.508 43
1 184 3 1 0.01 12
1 184 3 1 0.008 12
1 184 2 4 0.468 41
1 184 1 7 0.86 51
1 184 1 6 0.604 46
1 184 1 4 0.38 39
1 184 1 6 0.692 48
1 184 1 4 0.466 42
1 183 3 1 0.01 12
1 183 3 1 0.018 14
1 183 1 9 1.066 56
1 183 1 6 0.94 52
1 183 1 6 0.796 50
1 183 1 4 0.422 39
1 183 2 7 0.952 54
1 182 2 12 1.622 67
1 182 2 11 1.708 67
1 182 1 10 1.032 56
1 182 3 1 0.024 15
1 182 3 1 0.012 13
1 182 2 10 1.102 60
1 182 2 6 1.03 56
1 182 2 12 1.184 60
1 181 3 1 0.012 13
1 181 2 13 0.918 56
1 181 1 9 1.198 58
1 181 1 13 1.642 61
1 181 1 14 2.11 68
1 180 3 1 0.008 11
1 180 3 1 0.006 10
1 180 1 13 1.608 65
1 180 2 8 1.47 61
1 180 2 11 1.188 59
1 180 2 15 2.11 70
1 179 2 11 1.422 63
1 179 3 1 0.014 13
1 179 3 1 0.012 12
1 179 2 4 0.416 41
1 179 2 4 0.502 41
1 179 2 4 0.412 39
1 179 2 4 0.28 35
1 179 2 3 0.088 24
1 178 1 2 0.06 21
1 178 1 4 0.33 36
1 178 2 2 0.036 18
1 178 2 2 0.082 24
1 178 2 7 0.814 52
1 178 2 6 0.67 47
1 178 2 4 0.486 42
1 177 1 6 0.666 48
1 177 2 6 0.676 48
1 177 2 4 0.392 39
1 177 2 4 0.352 38
1 177 2 7 0.696 47
1 177 2 5 0.732 48
1 176 2 8 1.03 55
1 176 2 11 1.414 62
1 176 2 10 1.132 56
1 176 1 11 1.474 61
1 176 1 7 0.938 53
1 176 1 15 1.314 59
1 175 1 1 0.028 17
1 175 1 1 0.03 17
1 175 2 4 0.408 40
1 175 2 4 0.376 39
1 175 2 4 0.332 38
1 175 1 4 0.29 35
1 175 1 4 0.25 35
1 175 1 4 0.322 36
1 174 2 2 0.052 21
1 174 2 2 0.05 20
1 174 2 4 0.418 39
1 174 2 4 0.274 35
1 174 2 4 0.338 36
1 174 1 4 0.326 36
1 174 1 6 0.602 46
1 174 1 4 0.338 37
1 173 1 2 0.066 22
1 173 1 4 0.37 38
1 173 1 4 0.398 38
1 173 1 6 0.578 45
1 173 2 4 0.304 36
1 173 2 4 0.373 37
1 173 2 4 0.492 41
1 173 2 2 0.076 23
1 172 3 1 0.01 12
1 172 3 1 0.014 13
1 172 1 4 0.418 39
1 172 1 4 0.43 39
1 172 2 4 0.414 39
1 172 2 4 0.43 40
1 172 2 4 0.29 35
1 172 2 5 0.572 43
1 171 3 1 0.008 11
1 171 3 1 0.01 12
1 171 1 5 0.368 38
1 171 1 4 0.458 40
1 171 1 14 1.156 59
1 171 2 4 0.414 40
1 171 2 4 0.432 41
1 171 2 4 0.418 40
1 170 3 1 0.01 12
1 170 3 1 0.006 9
1 170 1 4 0.316 35
1 170 1 4 0.376 38
1 170 2 4 0.298 35
1 170 2 4 0.402 38
1 170 2 4 0.376 38
1 170 2 5 0.574 45
1 169 2 2 0.132 26
1 169 2 2 0.068 21
1 169 2 12 1.032 59
1 169 2 4 0.354 38
1 169 2 4 0.374 39
1 169 1 4 0.348 38
1 169 1 4 0.364 39
1 169 1 5 0.58 44
1 168 3 1 0.022 16
1 168 3 1 0.024 15
1 168 2 5 0.426 41
1 168 2 5 0.428 42
1 168 2 4 0.278 35
1 168 1 4 0.33 37
1 168 1 4 0.342 38
1 168 1 4 0.308 36
1 167 3 1 0.026 15
1 167 3 1 0.016 13
1 167 1 4 0.328 36
1 167 1 4 0.372 40
1 167 2 7 1.332 59
1 167 2 4 0.314 35
1 167 2 4 0.314 36
1 167 2 4 0.318 37
1 166 3 1 0.028 16
1 166 3 1 0.022 16
1 166 2 5 0.44 40
1 166 2 4 0.486 41
1 166 2 7 0.748 49
1 166 1 4 0.424 38
1 166 1 4 0.43 40
1 166 1 5 0.808 49
1 165 2 5 0.406 38
1 165 2 4 0.436 40
1 165 1 4 0.53 42
1 165 1 6 0.46 42
1 165 1 6 0.422 41
1 165 1 7 0.954 52
1 164 3 1 0.026 15
1 164 3 1 0.022 15
1 164 2 4 0.314 36
1 164 2 4 0.316 36
1 164 2 3 0.14 28
1 164 2 4 0.358 37
1 164 1 4 0.368 39
1 164 1 4 0.256 33
1 163 2 4 0.332 36
1 163 1 1 0.026 16
1 163 1 1 0.024 16
1 163 1 4 0.3 36
1 163 2 8 0.958 53
1 163 2 6 0.862 52
1 163 2 4 0.41 39
1 163 2 4 0.418 40
1 162 3 1 0.022 16
1 162 3 1 0.022 15
1 162 1 4 0.366 37
1 162 1 4 0.388 38
1 162 1 5 0.78 48
1 162 1 4 0.356 37
1 162 1 4 0.39 39
1 162 1 4 0.372 38
1 161 2 7 0.92 53
1 161 2 6 0.816 51
1 161 2 8 1.112 56
1 161 2 1 0.032 17
1 161 2 1 0.028 17
1 161 1 4 0.384 41
1 161 1 5 0.41 48
1 161 1 4 0.432 38
1 160 3 1 0.03 16
1 160 3 1 0.03 16
1 160 1 5 0.892 51
1 160 1 4 0.522 43
1 160 1 4 0.346 37
1 160 2 8 1.138 56
1 160 2 7 0.75 50
1 160 2 11 1.664 68
1 159 3 1 0.02 15
1 159 3 1 0.02 14
1 159 1 5 0.49 40
1 159 1 7 0.87 49
1 159 2 5 0.478 41
1 159 2 7 0.772 48
1 159 2 6 0.638 46
1 159 2 7 0.938 54
1 158 1 4 0.516 42
1 158 1 6 0.668 47
1 158 2 6 0.848 51
1 158 2 5 0.566 43
1 158 2 10 1.522 61
1 158 2 5 0.968 52
1 158 2 1 0.024 16
1 158 1 1 0.02 15
1 84 1 7 0.858 51
1 84 2 7 1.334 57
1 84 2 6 0.732 48
1 84 1 6 0.74 48
1 84 1 7 0.976 54
1 84 2 6 0.882 50
1 83 2 12 1.81 66
1 83 2 6 0.922 52
1 83 1 6 0.878 49
1 83 2 6 0.676 47
1 83 2 5 0.678 46
1 83 2 5 0.52 42
1 82 2 11 1.402 61
1 82 2 NA 0.948 51
1 82 2 11 1.484 62
1 82 2 8 1.172 56
1 82 2 7 0.93 49
1 82 1 6 0.852 49
1 81 2 4 0.428 41
1 81 3 1 0.016 14
1 81 3 1 0.016 14
1 81 2 6 0.868 51
1 81 2 6 0.674 48
1 81 1 4 0.31 36
1 81 1 4 0.276 34
1 81 1 6 0.722 50
1 80 3 1 0.028 16
1 80 3 1 0.014 13
1 80 2 6 0.704 49
1 80 1 11 0.904 55
1 80 1 4 0.522 43
1 80 1 6 0.686 47
1 80 2 4 0.318 37
1 80 1 4 0.316 37
1 79 3 1 0.014 14
1 79 3 1 0.006 12
1 79 2 9 1.196 59
1 79 2 4 0.24 33
1 79 2 4 0.502 41
1 79 2 4 0.818 46
1 79 2 4 0.353 37
1 79 1 2 0.056 22
1 78 3 1 0.012 12
1 78 3 1 0.03 16
1 78 1 4 0.548 43
1 78 1 4 0.43 37
1 78 1 4 0.478 39
1 78 2 6 0.682 46
1 78 2 4 0.494 41
1 78 1 4 0.414 39
1 77 3 1 0.01 15
1 77 3 1 0.006 13
1 77 1 4 0.392 38
1 77 2 9 1.688 64
1 77 1 4 0.346 38
1 77 1 4 0.382 38
1 77 1 4 0.288 35
1 77 2 4 0.402 39
1 76 2 10 0.868 54
1 76 2 13 1.166 62
1 76 2 10 1.082 57
1 76 2 6 0.816 51
1 76 1 11 1.122 56
1 76 1 NA 0.846 53
1 76 3 1 0.006 11
1 76 3 1 0.006 10
1 75 3 1 0.02 15
1 75 3 1 0.008 12
1 75 2 6 0.848 49
1 75 2 6 0.494 42
1 75 1 4 0.384 38
1 75 2 4 0.578 44
1 75 2 4 0.45 41
1 75 2 6 0.872 52
1 74 1 5 0.494 42
1 74 1 6 0.552 44
1 74 2 15 1.67 65
1 74 2 7 0.746 46
1 74 2 4 0.292 35
1 74 2 4 0.424 39
1 74 3 1 0.022 14
1 74 3 1 0.02 13
1 73 2 4 0.51 44
1 73 3 1 0.008 12
1 73 3 1 0.004 10
1 73 1 4 0.438 40
1 73 1 5 0.524 42
1 73 2 4 0.51 43
1 73 1 5 0.492 43
1 73 1 4 0.438 39
1 72 3 1 0.014 13
1 72 3 1 0.012 12
1 72 1 4 0.382 38
1 72 1 7 0.762 49
1 72 2 7 0.814 51
1 72 2 4 0.38 39
1 72 2 7 0.812 50
1 72 2 4 0.356 36
1 71 1 5 0.538 44
1 71 1 3 0.198 32
1 71 1 4 0.444 40
1 71 1 4 0.378 38
1 71 1 4 0.258 33
1 71 2 4 0.232 33
1 71 3 1 0.016 15
1 71 3 1 0.01 12
1 70 2 12 1.612 65
1 70 1 6 0.678 48
1 70 1 4 0.434 40
1 70 2 4 0.358 37
1 70 2 4 0.358 37
1 70 1 4 0.27 34
1 70 3 1 0.008 11
1 70 3 1 0.006 11
1 39 3 1 0.008 12
1 39 3 1 0.008 11
1 38 3 1 0.008 11
1 38 3 1 0.008 12
1 37 3 1 0.008 11
1 37 3 1 0.008 11
1 36 3 1 0.014 13
1 36 1 5 0.564 45
1 36 2 5 0.44 41
1 36 1 6 0.694 48
1 36 2 4 0.506 42
1 36 2 4 0.354 37
1 36 2 10 2.246 67
1 35 3 1 0.028 16
1 35 3 1 0.026 16
1 35 2 7 1.166 55
1 35 2 9 1.03 56
1 35 1 10 1.14 56
1 35 2 10 1.226 59
1 35 2 5 0.472 41
1 35 2 4 0.306 36
1 34 3 1 0.014 14
1 34 3 1 0.022 16
1 34 2 6 0.8 51
1 34 2 6 0.742 48
1 34 1 6 0.508 42
1 34 1 7 0.81 50
1 34 1 4 0.366 38
1 34 2 4 0.388 38
1 33 3 1 0.01 12
1 33 3 1 0.01 12
1 33 1 6 0.756 47
1 33 1 6 0.724 48
1 33 2 6 0.728 49
1 33 2 15 2.86 73
1 33 2 6 0.776 50
1 33 1 6 0.472 42
1 32 1 6 0.946 51
1 32 1 9 0.989 52
1 32 2 7 0.806 50
1 32 2 4 0.362 38
1 32 2 2 0.073 21
1 32 2 6 0.72 48
1 31 3 1 0.01 12
1 31 3 1 0.006 12
1 31 2 13 1.336 58
1 31 2 6 0.512 43
1 31 1 6 0.66 45
1 31 1 4 0.376 39
1 31 2 7 0.904 50
1 31 2 3 0.124 28
1 30 2 7 0.678 45
1 30 3 1 0.026 16
1 30 3 1 0.014 14
1 30 1 8 0.724 47
1 30 1 6 0.692 47
1 30 2 6 0.752 47
1 30 2 4 0.46 40
1 30 1 4 0.382 38
