1 70 1 10 1.44 60
1 70 1 8 0.668 51
1 70 1 13 1.194 57
1 70 1 12 0.888 53
1 70 1 13 0.846 54
1 70 1 9 1.198 56
1 70 1 3 0.218 32
1 70 1 3 0.172 28
1 70 1 13 1.146 53
1 70 1 13 0.868 55
1 70 1 16 1.396 62
1 70 1 13 0.73 52
1 70 1 8 0.624 50
1 70 1 8 1.226 59
1 70 1 14 1.744 64
1 70 1 10 1.274 65
1 70 1 15 2.036 67
1 70 1 3 0.206 30
1 70 2 12 1.738 69
1 70 2 10 1.084 57
1 70 2 14 1.67 67
1 70 2 8 0.814 56
1 70 2 13 1.216 58
1 70 2 12 1.34 59
1 70 2 8 1.124 62
1 70 2 7 0.784 53
1 70 2 14 0.966 61
1 70 2 10 0.944 54
1 70 2 3 0.168 31
1 70 2 1 0.026 15
1 70 2 1 0.022 14
1 70 2 1 0.014 13
1 70 2 1 0.012 12
1 70 2 1 0.008 11
1 70 2 1 0.014 13
1 70 2 1 0.02 14
1 70 2 1 0.022 15
1 69 1 10 0.696 49
1 69 1 16 2.506 75
1 69 1 3 0.262 33
1 69 1 11 1.772 63
1 69 1 13 1.578 61
1 69 1 6 0.632 47
1 69 2 13 1.168 60
1 69 2 13 1.694 65
1 69 2 13 1.984 71
1 69 2 7 0.71 51
1 69 2 7 0.714 50
1 69 2 10 1.85 63
1 69 2 3 0.33 34
1 69 2 10 1.164 55
1 69 2 16 1.872 66
1 68 2 14 1.578 61
1 68 2 13 1.632 64
1 68 2 3 0.254 33
1 68 2 2 0.102 24
1 68 2 14 2.05 70
1 68 2 2 0.19 28
1 68 1 13 0.606 51
1 68 1 9 1.072 55
1 68 1 13 1.578 61
1 68 1 12 1.22 59
1 68 1 10 1.692 60
1 68 1 10 0.936 56
1 68 1 7 0.85 52
1 68 1 10 0.718 53
1 68 1 13 1.336 58
1 68 1 14 1.162 63
1 68 1 13 0.988 54
1 68 1 13 1.536 62
1 68 1 13 1.104 57
1 68 1 3 0.208 30
1 68 1 7 0.514 47
1 68 1 5 0.446 41
1 68 1 8 0.494 46
1 68 1 2 0.098 26
1 68 1 2 0.068 21
1 68 1 1 0.048 19
1 68 3 1 0.038 17
1 68 3 1 0.028 16
1 68 3 1 0.018 12
1 68 3 1 0.008 11
1 68 2 10 1.502 63
1 68 2 15 1.696 60
1 68 2 16 1.862 68
1 68 2 13 0.936 57
1 68 2 13 1.638 62
1 67 1 7 1.466 60
1 67 1 14 1.852 63
1 67 1 11 0.826 52
1 67 1 13 1.116 59
1 67 1 16 1.59 66
1 67 2 13 1.57 66
1 67 2 14 2.394 69
1 67 2 13 2.042 67
1 67 2 13 1.852 65
1 66 1 14 1.146 55
1 66 1 8 0.73 48
1 66 1 16 1.242 58
1 66 1 6 0.51 47
1 66 1 12 1.73 67
1 66 1 9 0.912 57
1 66 1 10 1.396 61
1 66 1 7 0.788 54
1 66 1 8 0.548 49
1 66 2 13 1.738 63
1 66 2 12 1.256 64
1 66 2 9 1.478 61
1 66 2 6 0.806 53
1 66 2 10 2.09 66
1 66 2 8 1.946 65
1 66 3 1 0.01 11
1 66 3 1 0.014 12
1 66 3 1 0.016 13
1 66 3 1 0.006 10
1 65 2 6 0.614 49
1 65 2 4 0.936 50
1 65 2 10 1.268 56
1 65 2 4 0.536 43
1 65 2 6 0.672 47
1 65 2 3 0.182 30
1 65 1 9 1.156 53
1 65 1 10 0.78 49
1 65 1 5 0.61 46
1 65 1 5 0.842 48
1 65 1 8 0.7 51
1 65 1 9 0.848 50
1 65 1 6 0.394 44
1 65 1 7 1.132 56
1 65 1 5 0.484 45
1 65 2 8 0.796 53
1 65 2 7 0.852 48
1 64 2 6 0.69 46
1 64 2 5 0.868 49
1 64 2 6 1.144 56
1 64 2 5 1.006 50
1 64 2 5 0.56 43
1 64 2 6 1.01 52
1 64 2 11 1.36 58
1 64 2 6 0.814 48
1 64 2 6 1.168 54
1 64 2 5 0.784 46
1 64 2 6 0.78 46
1 64 2 6 0.782 52
1 64 2 9 0.996 55
1 64 2 5 0.65 43
1 64 2 5 0.758 44
1 64 2 7 0.726 47
1 64 2 5 0.526 42
1 64 2 5 0.664 44
1 64 1 5 0.932 50
1 64 1 5 0.618 44
1 64 1 5 0.488 43
1 64 1 6 0.898 48
1 64 1 5 0.508 41
1 64 1 5 0.818 45
1 64 1 6 0.626 44
1 64 1 5 0.604 43
1 64 1 5 0.608 43
1 64 1 5 0.608 42
1 64 1 7 0.702 45
1 64 1 4 0.574 42
1 64 1 5 0.48 41
1 64 3 1 0.018 14
1 64 2 5 1.002 51
1 64 2 NA 0.498 42
1 64 2 8 1.144 59
1 64 2 6 0.676 46
1 64 2 5 0.804 48
1 64 2 5 0.56 45
1 64 2 10 0.908 54
1 64 2 5 0.916 49
1 63 2 13 1.364 62
1 63 2 7 0.862 57
1 63 2 8 1.144 58
1 63 2 11 1.886 64
1 63 2 3 0.33 35
1 63 2 14 2.946 79
1 63 2 10 1.162 59
1 63 2 15 2.054 67
1 63 2 12 1.438 60
1 63 2 3 0.272 33
1 63 2 3 0.254 34
1 63 2 3 0.18 30
1 63 2 3 0.216 31
1 63 2 3 0.268 33
1 63 2 3 0.22 32
1 63 2 2 0.184 31
1 63 2 3 0.146 30
1 63 2 3 0.214 32
1 63 2 1 0.032 17
1 63 1 2 0.134 27
1 63 1 3 0.232 32
1 63 1 3 0.176 30
1 63 1 3 0.188 29
1 63 1 2 0.082 23
1 63 1 3 0.294 34
1 63 1 3 0.256 33
1 63 1 3 0.294 34
1 63 1 2 0.092 24
1 63 1 3 0.13 27
1 63 1 3 0.126 27
1 63 1 2 0.146 28
1 63 1 1 0.038 18
1 63 1 3 0.08 24
1 63 1 3 0.22 32
1 63 3 1 0.024 15
1 63 3 1 0.028 16
1 62 2 16 2.108 69
1 62 2 14 1.728 68
1 62 2 11 2.426 73
1 62 2 9 0.77 55
1 62 1 15 1.802 67
1 62 1 15 2.104 70
1 62 1 17 1.332 68
1 61 2 12 2.286 71
1 61 2 16 2.396 73
1 61 2 17 1.382 66
1 61 2 10 2.08 70
1 61 1 9 1.562 62
1 61 1 12 1.816 64
1 61 1 12 1.936 68
1 61 1 18 2.082 70
1 61 1 15 1.698 65
1 61 3 1 0.006 9
1 60 1 5 0.576 42
1 60 1 5 0.548 40
1 60 2 5 0.588 42
1 60 2 5 0.63 45
1 60 2 5 0.678 44
1 60 2 7 0.8 47
1 59 1 NA 0.94 51
1 59 1 15 1.862 64
1 59 1 8 0.686 50
1 59 1 15 1.25 57
1 59 1 9 1.04 56
1 59 1 12 1.568 62
1 59 1 9 1.438 60
1 59 1 15 2.146 70
1 59 1 14 1.506 61
1 59 1 14 1.644 65
1 59 1 NA 1.024 58
1 59 1 10 0.804 53
1 59 1 10 0.764 54
1 59 2 9 1.552 65
1 59 2 14 1.728 69
1 59 2 14 1.096 57
1 59 2 15 1.282 60
1 59 2 13 0.97 55
1 59 2 14 1.49 61
1 59 2 8 0.652 52
1 59 2 10 0.426 54
1 59 2 14 2.556 77
1 58 3 1 0.016 14
1 58 3 1 0.004 9
1 58 3 1 0.012 12
1 58 3 1 0.014 13
1 58 3 1 0.01 11
1 58 2 13 2.05 70
1 58 2 14 0.938 53
1 58 2 13 1.794 66
1 58 2 14 1.138 59
1 58 2 14 1.49 64
1 58 2 9 1.236 60
1 58 2 18 1.408 63
1 58 2 14 1.41 61
1 58 2 14 0.936 56
1 58 2 9 1.854 69
1 58 2 13 1.102 58
1 58 2 9 1.54 65
1 58 2 15 1.884 67
1 58 2 13 1.052 57
1 58 2 10 0.774 55
1 58 2 16 1.806 68
1 58 2 3 0.146 32
1 58 2 2 0.07 24
1 58 1 14 1.444 59
1 58 1 14 1.856 67
1 58 1 13 1.488 63
1 58 1 9 1.422 62
1 58 1 14 1.096 55
1 58 1 15 1.63 64
1 58 1 6 0.25 36
1 58 1 10 0.982 56
1 58 1 15 1.09 57
1 58 1 8 1.59 61
1 58 1 14 1.462 60
1 58 1 17 1.876 66
1 58 1 12 1.026 54
1 58 1 2 0.03 18
1 58 1 2 0.03 16
1 58 1 9 1.326 58
1 58 1 15 2.31 74
1 58 1 13 0.714 52
1 58 1 2 0.084 23
1 57 2 8 0.912 52
1 57 2 7 0.53 46
1 57 2 6 0.686 49
1 57 2 7 0.866 51
1 57 2 9 0.88 52
1 57 2 7 0.684 48
1 57 1 8 0.69 50
1 57 2 8 0.958 54
1 57 2 3 0.116 27
1 57 2 3 0.092 24
1 57 1 3 0.208 30
1 57 1 6 0.45 45
1 57 1 13 0.768 49
1 57 1 6 1.172 53
1 57 1 9 0.672 51
1 57 1 3 0.11 25
1 57 1 15 1.878 69
1 57 1 6 0.424 43
1 57 1 5 0.172 31
1 57 1 5 0.56 47
1 56 2 8 1.222 56
1 56 2 5 0.654 47
1 56 2 NA 1.016 54
1 56 2 8 0.736 48
1 56 2 9 0.98 51
1 56 2 9 1.112 55
1 56 2 5 0.672 46
1 56 2 6 1.024 53
1 56 2 7 1.042 52
1 56 2 5 0.538 41
1 56 2 5 0.728 50
1 56 2 4 0.662 42
1 56 2 9 1.194 57
1 56 2 7 0.864 49
1 56 2 6 0.392 41
1 56 1 8 1.082 51
1 56 1 7 0.604 45
1 56 1 5 0.476 43
1 56 1 5 0.854 48
1 56 1 8 1.346 59
1 56 1 6 0.496 46
1 56 1 7 0.952 49
1 56 1 6 0.904 47
1 56 1 6 0.91 50
1 56 1 5 0.498 41
1 56 1 4 0.44 42
1 56 1 6 0.598 43
1 56 1 9 1.23 56
1 56 1 9 1.25 55
1 55 1 6 0.614 44
1 55 1 5 0.76 46
1 55 1 5 0.518 41
1 55 1 6 0.656 45
1 55 1 6 0.958 49
1 55 1 5 0.846 46
1 55 1 5 0.476 42
1 55 1 1 0.036 17
1 55 1 7 1.078 54
1 55 1 4 0.486 40
1 55 1 5 0.892 47
1 55 1 4 0.49 40
1 55 1 5 0.596 44
1 55 2 5 0.778 48
1 55 2 9 0.702 49
1 55 2 5 0.388 40
1 55 2 5 0.624 42
1 55 2 5 0.646 45
1 55 2 10 1.274 58
1 55 2 4 0.512 39
1 55 2 4 0.64 44
1 55 2 5 0.57 43
1 55 2 5 0.728 46
1 55 2 6 0.858 51
1 55 2 5 0.58 43
1 55 2 6 1.042 52
1 55 2 5 0.702 47
1 55 2 6 0.778 51
1 55 2 6 0.762 50
1 55 2 4 0.64 44
1 54 2 7 0.94 53
1 54 2 8 1.256 58
1 54 2 10 1.594 59
1 54 2 5 0.552 41
1 54 2 12 1.174 56
1 54 2 8 1.376 60
1 54 1 7 1.074 52
1 54 1 9 1.22 53
1 54 1 15 1.68 62
1 53 1 6 0.75 47
1 53 1 6 0.712 46
1 53 1 7 0.824 50
1 53 1 6 0.512 44
1 53 1 7 0.93 52
1 53 1 7 1.286 58
1 53 1 5 0.438 39
1 53 1 5 0.606 43
1 53 1 7 0.826 48
1 53 1 7 0.786 49
1 53 1 7 0.618 45
1 53 1 7 0.86 51
1 53 1 3 0.124 27
1 53 1 1 0.024 15
1 53 1 4 0.424 40
1 53 1 13 1.964 67
1 53 2 7 0.968 51
1 53 2 7 0.902 53
1 53 2 7 0.848 50
1 53 2 5 0.57 45
1 53 2 6 0.668 47
1 53 2 5 0.774 49
1 53 2 6 0.644 46
1 53 2 7 0.87 52
1 53 2 1 0.024 15
1 53 2 1 0.03 16
1 52 1 9 0.6 48
1 52 1 13 1.838 66
1 52 1 13 1.56 62
1 52 1 5 0.392 41
1 52 1 12 0.926 53
1 52 1 10 2.216 68
1 52 1 7 1.042 57
1 52 1 3 0.146 30
1 52 1 2 0.076 23
1 52 1 7 0.48 44
1 52 1 13 1.136 55
1 52 1 2 0.05 20
1 52 1 1 0.024 16
1 52 1 1 0.018 15
1 52 1 5 0.502 46
1 52 1 3 0.108 27
1 52 1 2 0.042 19
1 52 1 6 0.408 42
1 52 1 NA 1.1 56
1 52 1 2 0.032 17
1 52 2 10 1.17 58
1 52 2 13 1.078 55
1 52 2 9 1.126 56
1 52 2 13 1.298 59
1 52 2 13 1.416 60
1 52 2 NA 0.92 54
1 52 2 13 1.058 57
1 52 2 1 0.018 14
1 52 2 3 0.11 25
1 52 2 12 1.488 63
1 52 2 6 0.438 45
1 52 2 7 0.474 47
1 52 2 3 0.152 29
1 52 2 17 1.428 61
1 52 2 15 2.114 71
1 51 1 17 1.382 59
1 51 1 13 1.882 65
1 51 1 12 1.492 61
1 51 1 15 0.944 54
1 51 1 NA 1.614 60
1 51 1 3 0.122 28
1 51 1 16 1.632 64
1 51 1 3 0.182 31
1 51 2 13 1.812 65
1 51 2 15 1.65 66
1 51 2 3 0.14 29
1 51 2 16 2.046 67
1 51 2 14 2.706 75
1 51 2 13 1.506 64
1 51 2 3 0.068 23
1 51 2 2 0.052 21
1 51 2 1 0.012 13
1 51 2 1 0.016 14
1 51 2 14 2.226 70
1 50 2 2 0.108 26
1 50 2 2 0.08 24
1 50 2 3 0.086 23
1 50 2 2 0.072 22
1 50 2 6 0.706 50
1 50 2 6 0.38 41
1 50 2 3 0.194 31
1 50 2 12 2.154 74
1 50 2 2 0.06 21
1 50 2 17 2.872 75
1 50 2 5 0.298 39
1 50 2 3 0.226 33
1 50 2 3 0.138 28
1 50 2 2 0.134 27
1 50 2 2 0.116 26
1 50 2 5 0.542 43
1 50 2 5 0.462 41
1 50 1 3 0.114 25
1 50 1 2 0.084 24
1 50 1 4 0.334 38
1 50 1 5 0.416 42
1 50 1 5 0.35 40
1 50 1 6 0.276 37
1 50 1 4 0.224 33
1 50 1 3 0.208 34
1 50 1 2 0.068 22
1 50 1 3 0.112 26
1 50 1 6 0.32 38
1 50 1 5 0.398 41
1 50 1 4 0.206 32
1 50 1 5 0.354 39
1 49 2 6 0.574 41
1 49 2 7 0.644 46
1 49 2 7 0.956 52
1 49 2 6 0.73 49
1 49 2 6 0.706 47
1 49 2 4 0.616 44
1 49 2 3 0.438 38
1 49 2 5 0.672 45
1 49 2 5 0.554 42
1 49 2 6 0.792 48
1 49 2 6 0.8 50
1 49 2 5 0.692 48
1 49 2 5 0.636 44
1 49 2 6 0.56 43
1 49 2 6 0.576 42
1 49 2 10 0.976 54
1 49 2 7 0.98 51
1 49 2 4 0.534 40
1 49 2 1 0.022 15
1 49 1 8 0.82 51
1 49 1 5 0.608 42
1 49 1 6 0.678 45
1 49 1 6 0.606 43
1 49 1 4 0.296 32
1 49 1 6 0.608 44
1 49 1 5 0.574 40
1 49 1 5 0.532 41
1 49 1 6 0.7 48
1 49 1 5 0.718 47
1 49 1 5 0.726 46
1 49 1 7 0.922 49
1 48 1 6 0.442 39
1 48 1 12 1.084 53
1 48 1 10 0.876 50
1 48 2 7 0.974 53
1 47 1 7 0.922 50
1 47 1 6 0.786 49
1 47 1 6 0.82 48
1 47 1 9 0.966 51
1 47 1 5 0.706 46
1 47 1 8 0.884 52
1 47 1 6 0.886 47
1 47 1 7 1.056 52
1 47 1 9 1.342 56
1 47 1 13 1.102 53
1 47 1 6 0.678 45
1 47 1 NA 1.174 54
1 47 1 11 1.026 55
1 47 2 7 1.338 53
1 47 2 6 0.948 52
1 47 2 7 1.2 56
1 47 2 6 0.936 51
1 47 2 5 0.858 47
1 47 2 11 1.436 58
1 47 2 5 0.808 48
1 47 2 5 0.654 45
1 47 2 7 1.022 54
1 47 2 7 1.222 56
1 47 2 5 0.928 49
1 47 2 10 0.964 58
1 47 2 7 1.358 57
1 46 1 5 0.666 45
1 46 1 5 0.592 41
1 46 1 5 0.69 43
1 46 1 4 0.39 40
1 46 1 4 0.52 42
1 46 1 6 0.612 44
1 46 1 5 0.374 37
1 46 1 10 1.486 59
1 46 1 5 0.356 38
1 46 1 5 0.466 39
1 46 2 4 0.604 42
1 46 2 4 0.574 43
1 46 2 4 0.636 42
1 46 2 5 0.71 46
1 46 2 4 0.448 37
1 46 2 5 0.572 41
1 46 2 4 0.636 44
1 46 2 5 0.626 44
1 46 2 4 0.478 39
1 46 2 4 0.526 40
1 46 2 5 0.672 43
1 46 2 5 0.516 40
1 45 1 2 0.168 31
1 45 1 4 0.424 38
1 45 2 4 0.54 40
1 45 2 2 0.05 20
1 44 1 13 1.126 55
1 44 1 1 0.056 21
1 44 1 2 0.066 21
1 44 1 1 0.038 17
1 44 1 2 0.154 28
1 44 2 2 0.104 25
1 44 1 2 0.082 23
1 44 1 2 0.086 23
1 44 2 NA 0.074 23
1 44 3 1 0.044 18
1 44 3 1 0.026 16
1 44 3 1 0.034 17
1 44 3 1 0.03 17
1 44 3 1 0.012 12
1 43 2 17 1.748 65
1 43 2 14 0.936 67
1 43 2 12 1.33 60
1 43 2 15 1.192 60
1 43 2 14 1.364 61
1 43 1 15 1.95 65
1 43 1 23 1.442 61
1 43 1 15 1.136 59
1 41 1 10 1.948 66
1 41 1 13 1.206 58
1 41 1 16 1.136 58
1 41 1 13 1.49 62
1 41 1 14 1.688 64
1 41 1 12 1.488 61
1 41 1 8 1.248 58
1 41 2 13 2.156 70
1 41 2 13 2.096 70
1 41 2 14 1.372 63
1 41 2 10 1.252 59
1 41 2 14 1.512 64
1 41 2 12 1.002 55
1 41 2 12 1.96 69
1 41 2 10 1.6 65
1 41 2 NA 1.718 67
1 41 2 12 1.578 62
1 41 2 13 1.832 66
1 41 2 13 2.108 67
1 41 2 20 2.554 77
1 41 2 16 2.95 81
1 41 2 8 1.172 56
1 41 2 15 1.106 55
1 41 2 13 1.344 59
1 41 2 15 1.904 68
1 41 2 12 1.252 62
1 41 2 13 1.688 65
1 41 2 12 1.404 63
1 41 2 13 1.794 69
1 41 2 14 1.238 62
1 42 1 NA 1.27 60
1 42 1 13 0.994 56
1 42 1 10 0.734 49
1 42 1 10 1 54
1 42 1 9 1.22 57
1 42 1 14 1.38 60
1 42 1 17 1.572 62
1 42 1 12 1.46 63
1 42 1 12 1.148 56
1 42 1 14 1.246 59
1 42 1 10 0.858 51
1 42 1 16 1.906 67
1 42 1 14 1.174 57
1 42 1 14 1.734 63
1 42 1 16 1.858 66
1 42 1 13 1.394 61
1 42 1 7 0.86 52
1 42 1 17 1.43 60
1 42 1 13 1.114 57
1 42 1 12 1.048 55
1 42 1 5 0.358 41
1 42 2 13 1.35 60
1 42 2 13 1.16 58
1 42 2 17 0.944 54
1 42 2 12 1.376 61
1 42 2 7 0.694 49
1 42 2 13 1.378 61
1 42 2 8 0.876 51
1 42 2 14 1.604 65
1 42 2 14 1.666 64
1 42 2 13 1.192 57
1 42 2 12 1.382 62
1 42 2 16 1.174 63
1 42 2 13 2.006 68
1 42 2 16 2.44 70
1 40 1 13 0.816 53
1 40 1 NA 0.49 42
1 40 1 2 0.09 24
1 40 1 7 0.622 46
1 40 1 6 0.342 43
1 40 1 8 0.626 48
1 40 1 6 0.822 50
1 40 1 5 0.538 44
1 40 1 2 0.038 18
1 40 1 4 0.162 35
1 40 1 4 0.14 28
1 40 1 14 1.416 62
1 40 2 7 0.518 44
1 40 2 6 0.634 45
1 40 2 6 0.624 46
1 40 2 6 0.638 47
1 40 2 6 0.644 48
1 40 2 13 0.988 55
1 40 2 5 0.454 41
1 40 2 9 0.812 50
1 40 2 5 0.444 42
1 40 2 4 0.526 43
1 40 2 7 0.86 52
1 40 3 1 0.03 16
1 40 3 1 0.016 13
1 40 3 1 0.024 16
1 40 3 1 0.018 14
1 40 3 1 0.016 14
1 39 2 2 0.038 18
1 39 2 2 0.062 22
1 39 2 5 0.376 40
1 39 2 2 0.054 20
1 39 2 2 0.072 23
1 39 2 2 0.058 21
1 39 2 4 0.25 37
1 39 2 3 0.144 30
1 39 2 2 0.106 26
1 39 2 1 0.008 14
1 39 1 2 0.088 24
1 39 1 5 0.312 37
1 39 1 3 0.11 26
1 39 1 2 0.068 21
1 39 1 1 0.046 19
1 39 1 1 0.034 18
1 39 1 5 0.38 40
1 39 1 2 0.072 22
1 39 1 14 1.488 63
1 39 1 1 0.036 18
1 39 1 1 0.024 15
1 39 1 3 0.254 34
1 39 1 4 0.264 35
1 39 1 12 1.766 64
1 38 1 4 0.484 39
1 38 1 4 0.376 38
1 38 3 1 0.028 16
1 38 3 1 0.018 14
1 38 1 2 0.128 27
1 38 1 3 0.246 33
1 38 1 4 0.372 37
1 38 1 4 0.368 37
1 38 1 2 0.26 32
1 38 1 1 0.028 16
1 38 1 3 0.304 34
1 38 1 4 0.294 36
1 38 1 2 0.094 25
1 38 1 4 0.266 35
1 38 2 4 0.33 37
1 38 2 3 0.302 36
1 38 2 1 0.036 18
1 38 2 5 0.434 39
1 38 2 11 1.282 59
1 38 2 3 0.266 34
1 38 2 4 0.312 36
1 38 2 4 0.342 37
1 38 2 6 0.954 53
1 38 2 3 0.302 35
1 38 2 2 0.048 19
1 38 2 3 0.266 33
1 38 2 4 0.332 36
1 38 2 3 0.134 26
1 37 1 3 0.226 32
1 37 1 5 0.214 31
1 37 1 2 0.08 24
1 37 1 2 0.114 25
1 37 1 4 0.312 37
1 37 1 2 0.124 27
1 37 1 4 0.32 36
1 37 1 2 0.086 24
1 37 1 4 0.23 33
1 37 1 6 0.322 36
1 37 1 3 0.204 32
1 37 1 3 0.146 29
1 37 1 3 0.098 25
1 37 1 2 0.052 20
1 37 1 2 0.05 19
1 37 1 2 0.082 23
1 37 1 2 0.056 21
1 37 1 2 0.13 26
1 37 2 6 0.402 39
1 37 2 13 2.644 73
1 37 2 5 0.242 33
1 37 2 2 0.12 26
1 37 2 5 0.408 38
1 37 2 4 0.236 34
1 37 2 2 0.096 24
1 37 2 2 0.066 22
1 37 2 2 0.146 29
1 37 2 4 0.284 36
1 37 2 4 0.348 37
1 37 2 4 0.26 35
1 37 2 5 0.406 39
1 37 2 3 0.226 33
1 37 2 2 0.06 21
1 37 2 3 0.156 29
1 37 2 2 0.064 21
1 37 2 3 0.168 30
1 37 2 3 0.25 34
1 37 2 3 0.198 30
1 37 2 3 0.146 27
1 37 2 2 0.08 23
1 37 2 4 0.232 33
1 37 2 2 0.056 20
1 37 2 2 0.066 22
1 36 1 4 0.276 35
1 36 2 3 0.24 32
1 36 2 3 0.224 32
1 36 2 3 0.258 32
1 36 1 4 0.328 35
1 36 1 4 0.326 35
1 36 1 3 0.27 34
1 36 1 1 0.036 17
1 36 2 3 0.3 37
1 36 2 4 0.288 35
1 36 2 5 0.344 38
1 36 1 3 0.19 30
1 36 1 4 0.368 36
1 36 1 3 0.202 30
1 36 1 5 0.3 34
1 36 2 4 0.33 36
1 36 2 4 0.412 38
1 36 2 3 0.276 34
1 36 2 3 0.318 34
1 36 2 4 0.296 35
1 36 2 3 0.178 30
1 36 2 4 0.322 35
1 36 2 4 0.266 35
1 36 2 3 0.228 31
1 36 2 3 0.22 31
1 35 3 1 0.026 15
1 35 3 1 0.028 17
1 35 3 1 0.034 17
1 35 3 1 0.024 15
1 35 3 1 0.022 15
1 35 3 1 0.026 15
1 35 3 1 0.024 15
1 35 3 1 0.034 17
1 35 2 1 0.07 22
1 35 2 2 0.088 25
1 35 2 1 0.048 19
1 35 2 1 0.048 19
1 35 1 1 0.04 17
1 35 1 1 0.036 18
1 35 1 1 0.022 15
1 35 1 1 0.03 17
1 35 1 1 0.038 18
1 34 1 13 1.52 66
1 34 1 12 0.93 58
1 34 1 17 0.966 57
1 34 1 15 1.782 69
1 34 1 13 0.626 52
1 34 1 13 1.196 59
1 34 1 15 1.2 60
1 34 1 12 1.586 61
1 34 1 13 0.928 54
1 34 1 2 0.13 26
1 34 1 3 0.136 27
1 34 2 13 1.012 58
1 34 1 12 1.312 62
1 34 1 12 0.612 50
1 34 1 1 0.048 19
1 34 2 3 0.264 33
1 34 2 2 0.196 31
1 34 2 2 0.086 23
1 34 2 3 0.194 30
1 34 2 2 0.222 32
1 34 2 10 0.658 56
1 34 2 11 1.708 65
1 34 2 1 0.068 21
1 34 2 11 1.446 64
1 34 3 2 0.06 20
1 34 3 1 0.052 19
1 34 3 1 0.026 16
1 34 3 1 0.02 14
1 34 3 1 0.022 15
1 34 3 1 0.014 12
1 34 3 1 0.04 18
1 34 3 1 0.018 14
1 34 3 1 0.034 17
1 34 3 1 0.016 13
1 33 1 12 1.244 59
1 33 1 3 0.256 31
1 33 1 11 1.118 55
1 33 1 3 0.182 29
1 33 1 3 0.264 32
1 33 1 1 0.044 19
1 33 1 9 0.882 53
1 33 1 16 1.206 56
1 33 1 2 0.07 22
1 33 1 2 0.076 24
1 33 1 13 1.742 62
1 33 1 1 0.06 21
1 33 1 11 0.606 49
1 33 1 3 0.25 33
1 33 1 16 1.484 65
1 33 1 3 0.138 27
1 33 1 16 1.636 63
1 33 1 3 0.214 31
1 33 1 3 0.216 31
1 33 1 12 1.734 64
1 33 1 14 2.044 68
1 33 1 14 1.766 67
1 33 1 13 2.118 67
1 33 1 13 1.36 61
1 33 1 3 0.286 34
1 33 1 3 0.294 35
1 33 2 2 0.074 22
1 33 2 10 1.89 62
1 33 2 15 1.002 55
1 33 2 3 0.204 30
1 33 2 2 0.106 25
1 33 2 11 2.316 72
1 33 2 9 1.666 60
1 33 2 16 1.81 69
1 33 2 3 0.35 36
1 33 2 13 1.672 64
1 33 2 15 2.122 71
1 33 2 13 2.028 68
1 33 2 3 0.206 28
1 33 2 3 0.23 31
1 33 2 14 2.016 71
1 33 2 9 1.068 61
1 33 2 14 0.768 53
1 33 2 3 0.246 34
1 33 2 2 0.142 26
1 33 2 3 0.134 27
1 33 2 8 0.688 54
1 32 1 9 1.516 56
1 32 1 10 0.936 54
1 32 1 12 1.074 53
1 32 1 13 0.886 55
1 32 1 13 1.5 61
1 32 1 9 1.174 58
1 32 1 12 1.432 63
1 32 1 8 0.682 49
1 32 1 14 1.73 64
1 32 1 2 0.138 28
1 32 1 7 0.656 47
1 32 1 6 0.59 51
1 32 1 14 1.362 57
1 32 1 9 0.64 50
1 32 1 9 0.562 48
1 32 1 9 0.78 52
1 32 1 9 0.588 48
1 32 2 9 1.022 55
1 32 2 7 0.596 53
1 32 2 8 1.168 59
1 32 2 13 1.27 61
1 32 2 10 1.312 62
1 32 2 9 1.424 59
1 32 2 9 1.536 65
1 32 2 13 0.956 58
1 32 2 13 1.324 60
1 32 2 10 0.758 52
1 32 2 12 0.802 54
1 32 2 3 0.216 33
1 32 2 13 1.32 56
1 32 2 7 0.562 45
1 31 1 7 0.672 48
1 31 1 5 0.61 44
1 31 1 5 0.606 46
1 31 1 5 0.49 43
1 31 1 6 0.608 44
1 31 1 6 0.476 42
1 31 1 5 0.788 49
1 31 1 5 0.584 45
1 31 1 8 0.652 47
1 31 1 3 0.65 42
1 31 2 6 0.596 45
1 31 2 4 0.496 42
1 31 2 8 0.696 50
1 31 2 6 0.516 47
1 31 2 5 0.546 45
1 31 2 5 0.586 47
1 31 2 5 0.674 46
1 31 2 6 0.632 48
1 31 2 5 0.806 49
1 30 1 15 1.484 62
1 30 1 6 0.846 51
1 30 1 7 0.532 47
1 30 1 11 1.432 60
1 30 1 13 1.526 60
1 30 3 1 0.022 15
1 30 3 1 0.038 18
1 30 3 1 0.014 13
1 30 3 1 0.016 13
1 30 2 12 1.938 68
1 30 2 5 0.522 46
1 30 2 12 1.688 66
1 30 2 11 1.134 55
1 30 2 1 0.062 21
1 30 2 5 0.672 48
1 30 2 8 0.828 52
1 30 2 3 0.234 33
1 30 1 2 0.132 26
1 29 1 12 1.05 56
1 29 1 7 0.648 49
1 29 1 10 1.676 64
1 29 1 14 1.688 63
1 29 1 8 0.94 53
1 29 1 13 1.072 58
1 29 1 8 1.306 60
1 29 1 12 0.806 53
1 29 2 16 2.05 69
1 29 2 13 0.97 59
1 29 2 13 1.078 58
1 29 2 13 1.774 67
1 29 2 9 1.144 59
1 29 2 13 2.222 70
1 29 2 6 0.48 47
1 29 2 7 1.28 60
1 29 2 9 0.842 56
1 29 2 10 1.056 55
1 28 1 16 0.848 54
1 28 1 9 0.89 50
1 28 1 8 0.884 51
1 28 1 11 0.962 52
1 28 1 9 0.632 46
1 28 1 6 0.49 43
1 28 1 12 0.924 52
1 28 1 3 0.192 30
1 28 1 2 0.18 30
1 28 1 3 0.242 31
1 28 1 4 0.634 45
1 28 1 7 0.624 46
1 28 1 9 1.204 57
1 28 1 8 0.65 46
1 28 1 6 0.56 43
1 28 1 3 0.2 30
1 28 2 5 0.636 48
1 28 2 5 0.606 46
1 28 2 7 0.802 52
1 28 2 9 0.722 50
1 28 2 6 0.798 51
1 28 2 8 0.66 50
1 28 2 10 1.182 57
1 28 2 2 0.1 25
1 28 2 3 0.148 29
1 28 2 2 0.116 26
1 28 2 3 0.198 32
1 28 2 2 0.064 21
1 27 1 6 0.634 44
1 27 1 7 0.834 50
1 27 1 6 0.95 48
1 27 1 6 0.582 45
1 27 1 4 0.574 43
1 27 1 5 0.54 45
1 27 1 5 0.832 47
1 27 1 7 0.864 51
1 27 2 6 0.816 50
1 27 2 5 0.77 45
1 27 2 6 0.7 44
1 27 2 5 0.732 46
1 27 2 5 1.174 52
1 27 2 5 0.53 44
1 27 2 5 1.338 54
1 27 2 10 1.114 57
1 27 2 1 0.024 15
1 26 2 6 0.91 51
1 26 2 13 1.368 58
1 26 2 5 0.534 43
1 26 2 4 0.598 43
1 26 2 6 0.582 44
1 26 2 5 0.912 52
1 26 2 5 0.46 43
1 26 2 6 1.26 51
1 26 2 6 0.672 47
1 26 2 6 0.814 51
1 26 2 4 0.604 44
1 26 1 6 0.808 50
1 26 1 5 0.772 48
1 26 1 5 0.632 45
1 26 1 6 0.748 51
1 26 1 7 0.866 48
1 26 1 5 0.586 42
1 26 1 13 0.938 54
1 25 3 1 0.014 14
1 25 3 1 0.006 10
1 25 3 1 0.012 12
1 25 3 1 0.006 10
1 25 3 1 0.014 13
1 25 3 1 0.01 12
1 25 3 1 0.008 11
1 25 3 1 0.004 9
1 25 3 1 0.006 9
1 25 2 14 2.092 71
1 25 2 13 1.02 57
1 25 2 12 2.43 73
1 25 2 15 1.466 64
1 25 2 15 2.182 70
1 25 2 15 2.276 68
1 25 2 9 0.912 62
1 25 2 12 2.996 74
1 25 2 20 1.392 61
1 25 2 11 2.092 68
1 24 1 8 1.054 54
1 24 1 5 0.624 44
1 24 1 5 0.772 49
1 24 1 6 0.76 47
1 24 1 6 0.826 50
1 24 1 7 1.058 52
1 24 1 6 0.504 46
1 24 1 5 0.482 41
1 24 1 4 0.54 41
1 24 1 5 0.608 44
1 24 1 11 1.38 57
1 24 1 5 0.448 41
1 24 1 5 0.486 39
1 24 1 5 0.436 41
1 24 1 5 0.566 43
1 24 1 10 1.496 58
1 24 2 8 1.012 51
1 24 2 7 0.974 53
1 24 2 6 1.072 54
1 24 2 7 1.218 57
1 24 2 NA 1.142 55
1 24 2 5 0.806 48
1 24 2 8 1.09 53
1 24 2 6 0.876 50
1 24 2 5 0.838 46
1 24 2 5 0.638 45
1 24 2 7 0.72 47
1 24 2 5 1.14 53
1 24 2 6 0.858 49
1 24 2 5 0.566 42
1 24 2 7 1.094 54
1 23 2 6 0.514 44
1 23 2 7 0.366 42
1 23 2 4 0.47 41
1 23 2 7 0.54 44
1 23 2 3 0.448 39
1 23 2 3 0.34 36
1 23 1 5 0.432 42
1 23 1 4 0.25 33
1 23 1 3 0.234 32
1 23 1 4 0.482 40
1 23 1 5 0.426 39
1 23 1 5 0.474 42
1 23 1 3 0.274 34
1 23 1 4 0.456 40
1 23 1 4 0.43 38
1 23 1 4 0.502 41
1 23 1 4 0.426 38
1 23 1 4 0.452 39
1 23 1 6 0.438 40
1 23 1 3 0.332 38
1 23 1 6 0.428 38
1 23 1 6 0.45 40
1 22 2 1 0.036 17
1 22 2 1 0.036 18
1 22 2 1 0.032 17
1 22 2 1 0.026 16
1 22 2 1 0.018 14
1 22 2 1 0.03 16
1 22 2 1 0.034 17
1 22 2 1 0.022 15
1 22 1 1 0.036 18
1 22 1 1 0.024 16
1 22 1 1 0.032 17
1 22 1 1 0.03 17
1 22 1 1 0.032 18
1 22 1 1 0.018 14
1 22 1 1 0.024 16
1 21 1 10 0.878 49
1 21 1 10 0.992 52
1 21 1 5 0.716 48
1 21 1 8 0.7 48
1 21 1 10 0.712 48
1 21 1 4 0.476 42
1 21 1 11 0.99 52
1 21 1 12 1 54
1 21 1 5 0.818 49
1 21 1 9 0.932 51
1 21 1 7 0.992 55
1 21 1 13 0.732 49
1 21 1 5 0.628 46
1 21 1 5 0.774 46
1 21 1 7 0.67 46
1 21 2 9 0.786 52
1 21 2 5 0.552 44
1 21 2 8 0.81 50
1 21 2 12 1.072 56
1 21 2 6 0.734 47
1 21 2 5 0.516 42
1 21 2 7 0.766 48
1 21 2 6 0.84 49
1 21 2 7 0.608 45
1 21 2 6 0.752 47
1 21 2 9 0.874 52
1 21 2 6 0.706 47
1 21 2 5 0.624 44
1 20 1 1 0.004 9
1 20 1 1 0.008 11
1 20 1 1 0.012 13
1 20 1 13 1.476 61
1 20 1 14 0.914 54
1 20 1 12 0.814 52
1 20 1 14 1.212 57
1 20 1 10 1.234 56
1 20 1 12 1.116 54
1 20 1 15 1.1 55
1 20 1 15 1.01 57
1 20 1 10 0.7 51
1 20 1 15 0.848 53
1 20 1 11 1.026 57
1 20 1 10 1.238 58
1 20 2 1 0.008 10
1 20 2 1 0.008 11
1 20 2 10 1.05 57
1 20 2 14 1.232 60
1 20 2 15 1.776 68
1 20 2 14 0.828 53
1 20 2 14 1.31 59
1 20 2 15 1.745 67
1 20 2 16 1.844 64
1 20 2 15 1.27 61
1 19 2 2 0.016 14
1 19 2 1 0.008 12
1 19 2 1 0.008 12
1 19 2 1 0.008 11
1 19 2 1 0.01 12
1 19 2 1 0.006 11
1 19 2 1 0.004 10
1 19 2 1 0.006 10
1 19 2 11 1.006 55
1 19 2 13 1.18 60
1 19 2 12 1.52 62
1 19 2 13 1.182 59
1 19 2 14 0.784 55
1 19 2 16 1.678 66
1 19 1 1 0.008 11
1 19 1 1 0.006 10
1 19 1 2 0.006 10
1 19 1 1 0.008 11
1 18 2 3 0.062 22
1 19 1 7 0.35 44
1 19 1 13 1.074 59
1 19 1 7 0.528 47
1 18 2 3 0.082 24
1 18 2 2 0.032 17
1 18 2 2 0.046 19
1 18 2 NA 0.02 15
1 18 2 1 0.016 13
1 18 2 3 0.022 15
1 18 2 3 0.018 15
1 18 2 2 0.018 14
1 18 2 1 0.014 13
1 18 2 1 0.016 13
1 18 2 1 0.018 14
1 18 1 1 0.016 13
1 18 1 2 0.014 14
1 18 1 1 0.022 15
1 18 1 1 0.02 15
1 18 1 2 0.012 13
1 18 1 1 0.024 15
1 18 1 1 0.02 15
1 18 1 1 0.014 13
1 18 1 1 0.018 14
1 18 1 3 0.046 19
1 18 1 10 0.55 48
1 18 1 7 0.626 51
1 18 1 8 0.736 49
1 18 1 9 0.918 53
1 18 1 13 1.056 56
1 17 2 9 1.008 54
1 17 2 8 0.9 53
1 17 2 NA 0.808 50
1 17 2 7 0.758 48
1 17 2 8 0.954 53
1 17 2 7 0.81 50
1 17 2 6 0.888 53
1 17 2 7 0.938 51
1 17 2 6 0.788 50
1 17 2 7 0.786 49
1 17 2 9 1.172 55
1 17 2 6 0.718 48
1 17 2 3 0.168 30
1 17 2 1 0.036 18
1 17 2 1 0.054 20
1 17 2 1 0.044 19
1 17 2 6 0.71 47
1 17 2 1 0.04 18
1 17 2 1 0.026 16
1 17 2 7 0.942 51
1 17 2 5 0.72 49
1 17 2 6 0.796 49
1 17 1 5 0.632 44
1 17 1 6 0.536 44
1 17 1 6 0.678 46
1 17 1 5 0.664 47
1 17 1 6 0.882 50
1 17 1 5 0.436 42
1 17 1 5 0.476 43
1 17 1 5 0.654 45
1 17 1 6 0.762 47
1 17 1 14 0.95 54
1 17 1 6 0.65 45
1 17 1 8 0.998 51
1 17 1 1 0.032 17
1 17 1 9 0.742 50
1 17 1 9 1.02 53
1 17 1 8 0.832 50
1 17 1 6 0.44 42
1 17 1 1 0.03 16
1 17 1 1 0.024 16
1 17 1 8 0.634 47
1 17 1 9 0.834 50
1 17 1 7 0.762 45
1 17 1 7 0.658 50
1 17 1 6 0.58 43
1 17 1 6 0.572 45
1 17 1 12 0.83 52
1 16 1 5 0.592 43
1 16 1 5 0.568 42
1 16 1 4 0.46 40
1 16 1 4 0.512 42
1 16 1 4 0.506 40
1 16 1 12 0.832 53
1 16 1 6 0.612 44
1 16 1 4 0.502 40
1 16 1 5 0.606 43
1 16 1 6 0.592 46
1 16 1 4 0.424 39
1 16 1 5 0.606 42
1 16 1 7 0.924 52
1 16 1 5 0.544 43
1 16 1 5 0.526 42
1 16 1 5 0.63 44
1 16 1 12 1.028 52
1 16 1 7 0.86 51
1 16 1 6 0.746 51
1 16 1 13 1.206 59
1 16 1 7 0.758 48
1 16 1 6 0.596 46
1 16 1 6 0.58 43
1 16 1 6 0.69 46
1 16 1 6 0.906 54
1 16 1 4 0.508 42
1 16 1 5 0.498 41
1 16 1 1 0.026 16
1 15 2 6 0.758 46
1 15 2 4 0.52 39
1 15 2 8 0.72 50
1 15 2 8 1.168 55
1 15 2 5 0.584 44
1 15 2 8 1.012 51
1 15 2 5 0.808 48
1 15 2 5 0.678 46
1 15 2 6 0.878 52
1 15 2 5 0.712 45
1 15 2 5 0.81 49
1 15 2 6 0.82 47
1 15 2 5 0.606 43
1 15 2 5 0.718 44
1 15 2 5 0.77 45
1 15 2 5 0.622 45
1 15 2 5 0.68 45
1 15 2 4 0.57 41
1 15 2 4 0.6 42
1 15 2 8 0.902 54
1 15 2 4 0.618 43
1 15 2 5 0.594 43
1 15 1 5 0.718 44
1 15 1 7 0.744 50
1 15 1 6 0.856 49
1 15 1 15 0.952 53
1 15 1 5 0.916 47
1 15 1 6 0.63 45
1 15 1 5 0.542 42
1 15 1 4 0.526 41
1 15 1 5 0.814 49
1 15 1 5 0.664 43
1 15 1 7 0.766 48
1 15 1 4 0.53 41
1 15 1 4 0.544 40
1 15 1 5 0.676 46
1 15 1 9 1.194 56
1 15 1 10 0.994 52
1 15 1 10 0.992 51
1 15 1 4 0.548 41
1 14 2 9 0.92 54
1 14 2 7 1.298 58
1 14 2 9 0.998 53
1 14 2 4 0.472 39
1 14 2 4 0.528 40
1 14 2 4 0.518 41
1 14 2 4 0.544 41
1 14 2 6 1.128 56
1 14 1 4 0.488 40
1 14 1 5 0.326 37
1 13 2 3 0.212 32
1 13 2 3 0.15 28
1 13 2 2 0.092 24
1 13 2 3 0.182 29
1 13 2 2 0.166 28
1 13 2 2 0.136 28
1 13 2 3 0.232 33
1 13 2 2 0.122 27
1 13 2 3 0.218 31
1 13 2 3 0.294 34
1 13 2 3 0.32 36
1 13 2 3 0.246 33
1 13 2 3 0.212 32
1 13 2 2 0.182 30
1 13 2 3 0.164 30
1 13 2 2 0.094 24
1 13 2 3 0.126 28
1 13 2 2 0.096 24
1 13 2 2 0.148 29
1 13 2 2 0.094 24
1 13 2 2 0.124 27
1 13 2 2 0.068 22
1 13 2 1 0.044 19
1 13 1 2 0.128 27
1 13 1 4 0.388 36
1 13 1 3 0.24 32
1 13 1 2 0.172 30
1 13 1 2 0.122 27
1 13 1 2 0.138 28
1 13 1 3 0.25 32
1 13 1 2 0.14 27
1 13 1 3 0.224 33
1 13 1 2 0.086 24
1 13 1 2 0.13 27
1 13 1 2 0.166 29
1 13 1 2 0.204 31
1 13 1 2 0.094 24
1 13 1 1 0.036 17
1 13 1 1 0.034 17
1 13 1 1 0.03 16
1 13 2 1 0.048 19
1 13 2 1 0.052 19
1 12 2 2 0.126 26
1 12 2 15 2.746 76
1 12 2 13 1.55 60
1 12 1 2 0.066 21
1 12 1 3 0.108 25
1 12 2 3 0.096 25
1 12 2 3 0.176 31
1 12 1 1 0.018 14
1 12 1 3 0.162 32
1 12 1 2 0.066 22
1 12 2 1 0.036 18
1 12 1 2 0.15 28
1 12 1 3 0.284 34
1 12 1 2 0.094 25
1 12 1 2 0.06 21
1 12 2 6 1.186 54
1 12 2 7 1.198 60
1 12 1 18 1.542 60
1 12 1 4 0.264 35
1 12 2 3 0.196 31
1 12 1 1 0.064 22
1 12 1 2 0.072 22
1 12 2 2 0.094 25
1 12 2 2 0.074 22
1 12 2 2 0.08 23
1 12 1 4 0.424 39
1 12 1 15 1.274 60
1 12 1 3 0.108 28
1 12 1 3 0.29 34
1 12 2 2 0.182 30
1 12 1 3 0.106 26
1 12 1 9 1.12 56
1 12 1 9 1.038 57
1 12 2 3 0.154 32
1 12 2 2 0.132 29
1 12 2 3 0.222 32
1 12 2 2 0.136 28
1 12 1 2 0.062 21
1 11 2 8 1.204 61
1 11 2 13 0.934 57
1 11 2 14 1.326 61
1 11 2 24 2.52 76
1 11 2 1 0.01 13
1 11 1 1 0.008 12
1 11 2 1 0.01 12
1 11 2 1 0.008 12
1 11 2 1 0.004 10
1 11 2 1 0.006 11
1 10 2 NA 1.378 62
1 10 2 11 1.662 65
1 10 2 10 1.383 62
1 10 2 15 2.23 71
1 10 2 12 1.17 59
1 10 2 17 1.416 63
1 10 2 13 1.28 61
1 10 2 13 2.058 72
1 10 2 9 0.98 55
1 10 2 13 1.15 58
1 10 2 13 1.508 60
1 10 1 1 0.01 12
1 10 1 1 0.012 12
1 10 1 1 0.008 11
1 10 1 1 0.01 12
1 10 1 1 0.006 11
1 10 2 1 0.014 14
1 10 2 1 0.008 11
1 10 2 1 0.006 10
1 10 2 NA 1.316 60
1 9 2 12 2.132 69
1 9 2 13 1.344 59
1 9 2 15 1.754 65
1 9 2 9 1.65 64
1 9 1 15 1.892 66
1 9 1 1 0.01 12
1 9 1 1 0.004 9
1 8 1 13 1.59 64
1 8 1 8 1.302 58
1 8 1 15 2.148 70
1 8 1 12 1.354 61
1 8 1 12 1.44 59
1 8 2 14 1.67 65
1 8 2 13 1.594 62
1 8 2 17 1.436 66
1 8 2 12 1.104 57
1 8 2 13 1.254 61
1 8 2 19 2.432 72
1 8 2 11 1.692 63
1 8 2 17 1.946 65
1 8 2 14 1.702 65
1 8 2 8 1.098 57
1 8 2 15 1.536 64
1 8 2 13 1.398 58
1 8 2 14 2.074 74
1 8 2 15 1.98 70
1 8 2 4 0.2 34
1 8 2 4 0.292 39
1 8 2 13 1.448 63
1 8 2 15 1.642 66
1 8 2 19 1.754 67
1 8 2 13 1.348 63
1 8 2 12 2.1 67
1 8 2 12 2.29 71
1 8 2 14 1.6 66
1 8 2 15 1.824 70
1 8 2 17 1.566 67
1 8 2 12 1.154 58
1 7 1 11 1.274 59
1 7 1 13 1.614 64
1 7 1 9 1.112 56
1 7 1 12 1.644 65
1 7 1 NA 1.61 65
1 7 1 14 1.162 55
1 7 1 15 1.33 59
1 7 1 15 1.542 62
1 7 1 2 0.074 24
1 7 1 3 0.108 26
1 7 2 14 1.776 68
1 7 2 13 2.288 71
1 7 2 12 1.058 56
1 7 2 2 0.058 21
1 7 2 8 1.132 58
1 7 2 11 1.144 56
1 7 2 14 1.758 67
1 6 1 2 0.122 27
1 6 1 3 0.064 23
1 6 1 2 0.06 21
1 6 1 2 0.056 20
1 6 1 2 0.084 24
1 6 1 13 0.99 54
1 6 1 9 1.152 55
1 6 2 5 0.336 38
1 6 2 9 1.132 56
1 6 1 6 0.23 36
1 6 2 6 0.412 41
1 6 2 14 2.242 66
1 6 1 4 0.224 33
1 6 1 4 0.186 32
1 6 1 4 0.22 33
1 6 1 3 0.186 29
1 6 1 3 0.196 33
1 6 2 3 0.1 26
1 6 2 2 0.068 22
1 6 1 2 0.062 21
1 6 2 3 0.086 23
1 6 2 2 0.06 21
1 6 1 2 0.072 23
1 6 1 2 0.072 23
1 6 1 13 1.434 62
1 6 1 3 0.114 26
1 6 1 3 0.152 28
1 6 1 2 0.076 23
1 6 2 2 0.05 20
1 6 2 2 0.128 26
1 6 2 4 0.308 37
1 6 2 4 0.236 33
1 6 2 3 0.126 27
1 6 2 4 0.386 37
1 6 2 3 0.18 30
1 6 2 2 0.048 20
1 6 2 3 0.102 27
1 5 2 4 0.334 37
1 5 2 4 0.314 36
1 5 2 4 0.34 38
1 5 2 3 0.092 25
1 5 2 5 0.256 34
1 5 2 3 0.202 31
1 5 2 6 0.234 34
1 5 2 5 0.356 38
1 5 2 13 2.52 70
1 5 2 6 0.426 40
1 5 2 NA 0.2 31
1 5 2 2 0.058 21
1 5 2 3 0.206 32
1 5 2 4 0.226 34
1 5 2 3 0.052 21
1 5 2 2 0.054 21
1 5 2 3 0.078 23
1 5 1 6 0.284 38
1 5 1 4 0.234 34
1 5 1 2 0.076 23
1 5 1 4 0.246 34
1 5 1 3 0.242 33
1 5 1 4 0.246 34
1 5 1 4 0.342 37
1 5 1 4 0.354 36
1 5 1 3 0.29 35
1 5 1 4 0.154 29
1 5 1 5 0.306 37
1 5 1 4 0.376 36
1 5 1 5 0.286 35
1 5 1 5 0.284 35
1 5 1 3 0.208 31
1 5 1 4 0.304 36
1 5 1 5 0.404 39
1 5 1 4 0.218 32
1 5 1 NA 0.312 39
1 5 1 3 0.208 31
1 5 1 3 0.13 28
1 5 1 3 0.152 29
1 5 1 3 0.166 30
1 5 1 3 0.096 24
1 5 1 2 0.058 20
1 5 1 2 0.07 22
1 5 1 2 0.072 22
1 5 1 2 0.058 22
1 5 1 2 0.052 20
1 5 1 2 0.048 20
1 5 1 1 0.022 15
1 5 1 2 0.046 20
1 5 1 1 0.016 14
1 4 2 4 0.312 35
1 4 2 4 0.26 35
1 4 2 12 2.304 71
1 4 2 3 0.302 36
1 4 2 4 0.314 36
1 4 2 3 0.134 27
1 4 2 3 0.096 23
1 4 2 2 0.104 25
1 4 2 2 0.08 23
1 4 2 3 0.156 29
1 4 2 2 0.052 20
1 4 2 2 0.058 20
1 4 2 3 0.104 26
1 4 2 1 0.024 15
1 4 2 1 0.022 15
1 4 2 1 0.014 13
1 4 2 1 0.024 16
1 4 1 4 0.194 31
1 4 1 5 0.246 35
1 4 1 5 0.32 37
1 4 1 3 0.152 29
1 4 1 5 0.412 39
1 4 1 4 0.406 38
1 4 1 5 0.35 38
1 4 1 3 0.172 30
1 4 1 2 0.106 25
1 4 1 3 0.318 37
1 4 1 13 1.016 58
1 4 1 3 0.118 26
1 4 1 1 0.034 18
1 4 1 2 0.241273582358047 34
1 3 1 12 1.84 69
1 3 1 8 1.322 59
1 3 1 8 1.806 63
1 3 1 2 0.04 18
1 3 2 6 0.364 38
1 3 2 5 0.306 36
1 3 2 7 0.442 40
1 3 2 10 1.974 68
1 3 2 11 3.214 77
1 2 1 4 0.26 34
1 2 1 9 1.14 57
1 1 2 5 0.455 40
1 1 1 4 0.375 38
