1 48 2 10 0.776 52
1 48 2 9 0.726 50
1 48 2 5 0.602 45
1 48 2 3 0.328 35
1 48 2 3 0.22 33
1 48 2 3 0.248 34
1 48 2 5 0.7 47
1 48 2 12 1.068 60
1 48 2 10 0.926 51
1 48 2 5 0.752 48
1 48 2 5 0.472 43
1 48 2 7 0.632 46
1 48 2 1 0.018 14
1 48 1 8 0.862 49
1 48 1 5 0.696 46
1 48 1 7 0.658 47
1 48 1 6 0.624 43
1 48 1 7 0.584 45
1 48 1 2 0.11 25
1 48 1 3 0.076 23
1 48 1 6 0.798 50
1 48 1 3 0.084 24
1 48 1 3 0.102 25
1 46 3 1 0.026 15
1 46 3 1 0.022 14
1 46 3 1 0.018 13
1 46 1 2 0.084 22
1 46 1 5 0.568 44
1 46 1 2 0.066 21
1 46 1 3 0.38 37
1 46 1 3 0.241273582358047 34
1 46 1 4 0.404 38
1 46 1 3 0.138 28
1 46 1 2 0.08 23
1 46 1 2 0.1 24
1 46 1 3 0.192 30
1 46 1 3 0.354 37
1 46 1 4 0.468 41
1 46 1 4 0.478 42
1 46 1 1 0.022 15
1 46 1 3 0.116 25
1 46 1 2 0.11 26
1 46 2 2 0.114 26
1 46 2 NA 0.11 24
1 46 2 2 0.066 21
1 46 2 2 0.07 20
1 46 2 2 0.108 24
1 46 2 4 0.478 41
1 46 2 1 0.03 16
1 47 3 1 0.026 15
1 47 3 1 0.016 13
1 47 3 1 0.02 14
1 47 3 1 0.01 11
1 20 2 6 1.062 55
1 20 2 5 0.498 42
1 20 2 4 0.38 39
1 20 2 2 0.124 28
1 20 2 6 0.73 49
1 20 2 8 0.8 52
1 20 1 4 0.494 41
1 20 1 4 0.57 44
1 20 1 3 0.37 38
1 20 1 6 0.59 45
1 20 1 5 0.498 42
1 20 1 6 0.538 43
1 20 1 3 0.312 38
1 20 1 4 0.296 35
1 20 1 7 0.666 47
1 20 1 4 0.47 42
1 20 1 4 0.538 43
1 20 1 7 0.538 43
1 20 1 NA 0.287027705916438 36
1 20 1 3 0.166 29
1 17 2 2 0.074 22
1 17 2 3 0.104 25
1 17 2 4 0.322 36
1 17 2 2 0.108 26
1 17 2 1 0.018 14
1 17 2 2 0.084 24
1 17 2 2 0.088 25
1 17 2 3 0.412 40
1 17 2 3 0.252 35
1 17 2 3 0.254 34
1 17 2 NA 1.01 58
1 17 2 NA 0.582 47
1 17 2 6 0.748 48
1 17 2 7 0.762 48
1 17 2 5 0.764 49
1 17 2 7 0.814 50
1 17 2 9 0.764 50
1 17 1 2 0.132 27
1 17 1 3 0.09 24
1 17 1 2 0.078 23
1 17 1 2 0.072 23
1 17 1 2 0.096 25
1 17 1 2 0.102 25
1 17 1 2 0.126 26
1 17 1 3 0.244 33
1 17 1 3 0.144 30
1 17 1 3 0.35 39
1 17 1 10 0.734 50
1 17 1 7 0.642 47
1 34 2 6 0.97 50
1 29 2 16 3.236 79
1 29 2 14 1.88 70
1 29 2 12 2.296 74
1 29 2 20 1.774 66
1 29 3 1 0.004 8
1 68 2 1 0.02 14
1 49 2 8 0.86 51
1 49 2 6 0.986 52
1 49 2 6 0.792 47
1 49 2 5 0.664 45
1 49 2 6 0.78 46
1 49 2 7 0.712 48
1 49 2 7 0.668 44
1 35 3 1 0.016 14
1 35 3 1 0.02 15
1 35 3 1 0.008 10
1 35 3 1 0.008 11
1 35 1 9 1.422 59
1 35 1 13 1.264 57
1 59 1 3 0.216 32
1 49 2 5 0.46 40
1 49 2 6 0.79 49
1 49 2 3 0.266 34
1 49 2 6 0.536 43
1 49 2 4 0.532 42
1 49 2 5 0.552 43
1 49 2 6 0.522 44
1 49 2 2 0.09 24
1 49 1 6 0.622 45
1 49 1 6 0.626 44
1 49 1 4 0.52 41
1 49 1 9 1.274 56
1 58 3 1 0.006 8
1 58 3 1 0.006 10
1 58 3 1 0.003 8
1 58 3 1 0.002 9
1 58 1 18 1.924 72
1 58 2 12 2.568 74
1 58 2 15 1.87 69
1 57 1 3 0.266 35
1 57 1 6 0.532 43
1 57 1 2 0.096 25
1 57 1 2 0.068 22
1 57 1 1 0.022 15
1 57 1 3 0.248 32
1 57 1 4 0.332 38
1 36 2 2 0.092 25
1 36 2 3 0.144 29
1 36 2 3 0.25 33
1 37 2 2 0.106 25
1 37 2 2 0.074 23
1 36 2 5 0.654 48
1 36 2 10 0.844 52
1 36 1 6 0.684 47
1 36 1 5 0.798 48
1 36 1 10 0.942 53
1 36 1 9 0.608 45
1 36 1 9 0.79 51
1 36 1 6 0.752 49
1 36 1 7 0.922 52
1 36 1 8 0.81 50
1 36 1 6 0.656 46
1 36 1 3 0.088 24
1 36 1 5 0.536 44
1 36 1 7 0.5 43
1 36 1 3 0.104 26
1 36 1 4 0.146 30
1 36 1 5 0.22 33
1 36 1 3 0.198 31
1 36 1 3 0.128 28
1 36 1 3 0.072 23
1 36 1 2 0.098 25
1 36 1 3 0.108 27
1 36 1 2 0.074 22
1 36 1 2 0.05 21
1 38 2 10 0.94 54
1 38 2 11 0.74 49
1 38 2 11 0.762 50
1 38 2 9 0.778 51
1 38 2 9 0.81 52
1 38 2 11 0.904 55
1 38 2 10 0.712 50
1 38 2 10 1.038 53
1 38 1 8 0.786 50
1 38 1 NA 0.692 48
1 2 1 6 0.66 46
1 2 1 5 0.6 46
1 2 1 5 0.578 44
1 2 1 5 0.602 45
1 2 1 5 0.586 45
1 2 1 5 0.49 42
1 2 1 11 0.8 51
1 2 1 5 0.564 43
1 2 1 5 0.458 42
1 2 1 4 0.49 41
1 2 1 5 0.42 40
1 2 1 7 0.618 47
1 2 1 7 0.492 43
1 2 1 7 0.62 44
1 2 1 9 1.022 54
1 2 1 7 0.734 49
1 2 1 8 0.786 52
1 2 1 10 0.866 52
1 2 1 8 0.876 51
1 2 1 5 0.476 40
1 2 2 5 0.554 45
1 2 2 5 0.444 41
1 2 2 4 0.538 43
1 2 2 5 0.73 49
1 2 2 6 0.658 45
1 2 2 6 0.656 47
1 2 2 5 0.67 48
1 2 2 6 0.746 47
1 2 2 6 0.62 46
1 6 3 1 0.012 11
1 6 3 2 0.024 16
1 6 3 1 0.008 11
1 7 3 2 0.036 18
1 61 2 10 2.332 68
1 61 2 11 2.23 66
1 61 2 13 2.156 70
1 61 2 18 1.732 67
1 61 2 16 1.812 64
1 61 1 13 2.068 64
1 61 1 17 1.382 59
1 61 1 13 2.438 75
1 61 1 14 2.206 67
1 61 1 12 1.29 62
1 61 1 18 1.418 63
1 61 1 12 1.854 66
1 61 1 19 2.162 68
1 61 1 9 1.118 53
1 61 1 12 2.464 69
1 61 1 17 2.82 73
1 54 2 12 1.122 56
1 54 2 10 1.236 60
1 54 2 10 1.098 56
1 54 2 10 1.146 58
1 54 2 11 1.06 55
1 25 2 4 0.222 34
1 25 2 2 0.066 23
1 25 2 2 0.082 25
1 25 2 3 0.386 39
1 25 2 9 0.898 54
1 25 2 5 1.15 57
1 25 1 9 0.87 52
1 25 1 3 0.082 25
1 25 1 2 0.122 27
1 25 1 4 0.194 32
1 25 1 3 0.23 36
1 25 1 11 1.082 54
1 25 1 10 1.322 59
1 25 1 2 0.116 28
1 25 1 4 0.376 39
1 25 1 3 0.116 27
1 25 1 8 1.366 60
1 25 1 12 1.374 60
1 25 1 4 0.26 35
1 25 1 2 0.074 24
1 25 1 4 0.176 33
1 25 1 2 0.12 28
1 15 1 10 1.54 61
1 15 1 12 1.568 63
1 15 1 20 1.93 69
1 15 1 9 2.154 71
1 15 1 12 1.44 61
1 15 1 11 1.96 70
1 15 1 10 1.94 65
1 15 1 21 1.528 66
1 54 2 10 1.166 57
1 54 2 11 2.364 71
1 54 2 13 3.286 81
1 54 2 12 1.524 62
1 54 2 14 2.084 69
1 54 2 10 1.3 59
1 54 2 14 1.586 67
1 54 2 9 1.672 63
1 54 1 14 1.102 56
1 54 1 13 1.508 60
1 54 1 9 0.88 54
1 54 1 10 1.292 59
1 54 1 15 1.454 61
1 54 1 13 1.024 55
1 54 1 12 1.35 60
1 54 1 13 1.01 55
1 50 2 5 0.494 40
1 50 2 9 1.216 60
1 50 2 6 0.76 50
1 50 2 2 0.076 23
1 50 2 1 0.028 16
1 50 2 1 0.03 17
1 50 2 4 0.388 38
1 50 2 4 0.466 42
1 50 2 3 0.434 39
1 50 2 3 0.342 37
1 50 2 3 0.308 35
1 50 2 3 0.33 36
1 50 2 2 0.126 27
1 50 2 4 0.33 36
1 51 2 5 0.526 43
1 51 2 10 1.19 59
1 51 2 12 0.986 54
1 51 2 4 0.434 39
1 51 2 10 2.176 68
1 51 2 7 0.77 49
1 39 2 18 1.7 66
1 39 2 11 1.476 60
1 39 2 10 1.424 64
1 39 2 12 2.862 74
1 39 2 15 2.052 66
1 39 2 13 1.376 63
1 39 2 12 2.17 71
1 39 2 11 0.986 54
1 39 2 6 0.612 50
1 39 2 13 1.492 62
1 39 2 12 1.18 56
1 39 2 11 1.176 57
1 39 2 14 1.972 64
1 10 3 1 0.02 16
1 10 3 1 0.026 16
1 11 3 2 0.032 17
1 11 3 2 0.05 19
1 11 1 2 0.164 28
1 11 1 3 0.248 33
1 11 1 4 0.38 38
1 11 1 3 0.266 32
1 11 1 3 0.3 35
1 11 1 4 0.33 36
1 11 1 3 0.19 30
1 11 1 3 0.276 33
1 11 1 3 0.146 27
1 11 1 3 0.232 32
1 11 1 3 0.214 31
1 11 1 5 0.374 39
1 26 1 12 2.206 67
1 26 1 19 1.47 63
1 26 1 13 1.776 62
1 26 2 14 2.082 67
1 26 2 13 2.796 75
1 26 2 13 1.626 64
1 26 2 11 1.122 61
1 26 2 12 1.5 62
1 26 2 12 1.778 65
1 26 2 13 2.424 72
1 26 2 12 1.872 68
1 26 2 13 1.294 63
1 30 3 1 0.008 10
1 30 3 1 0.02 14
1 30 3 1 0.008 11
1 30 3 1 0.004 9
1 30 2 11 2.562 73
1 30 2 21 2.396 74
1 30 2 12 2.344 71
1 30 2 11 2.192 69
1 30 2 13 1.888 67
1 30 2 20 3.328 76
1 30 2 16 2.842 73
1 31 2 4 0.502 44
1 31 2 11 1.3 60
1 31 2 10 1.314 58
1 31 2 13 2.162 70
1 31 2 10 0.85 54
1 31 2 10 1.344 59
1 31 2 7 0.844 51
1 31 2 6 0.734 48
1 31 2 10 1.246 57
1 31 1 11 0.948 51
1 31 1 13 0.908 53
1 31 1 3 0.222 31
1 62 2 12 2.518 71
1 62 2 12 1.854 67
1 62 2 13 1.774 63
1 62 2 12 2.252 71
1 62 2 18 1.642 67
1 62 2 17 2.32 69
1 62 2 19 1.956 70
1 62 2 12 1.47 61
1 62 2 13 1.472 62
1 62 2 16 2.258 69
1 62 2 12 1.27 65
1 62 2 12 1.206 61
1 62 2 10 1.55 64
1 62 1 13 1.388 57
1 62 1 12 1.744 63
1 49 1 10 0.968 55
1 49 1 6 0.796 51
1 49 1 13 1.008 54
1 49 1 10 0.888 49
1 49 1 9 1.004 54
1 49 1 6 0.66 46
1 49 1 7 0.796 48
1 49 1 4 0.41 38
1 49 1 5 0.598 43
1 49 1 3 0.304 35
1 49 1 4 0.45 40
1 49 1 5 0.528 42
1 12 1 2 0.08 22
1 12 1 3 0.162 29
1 12 1 2 0.078 21
1 12 1 2 0.068 21
1 12 2 3 0.172 29
1 12 2 2 0.156 28
1 12 2 3 0.134 26
1 12 2 2 0.064 21
1 12 2 2 0.064 21
1 12 2 2 0.142 27
1 12 2 3 0.22 31
1 12 2 2 0.1 23
1 12 2 3 0.128 25
1 12 2 2 0.134 26
1 12 2 3 0.192 30
1 12 2 3 0.19 30
1 12 2 2 0.104 24
1 13 1 5 0.432 39
1 13 1 2 0.124 26
1 69 2 7 0.989 49
1 69 2 7 1.058 52
1 69 2 6 1.132 52
1 69 2 10 1.548 60
1 69 2 9 1.294 59
1 49 1 13 1.826 61
1 49 1 1 0.032 17
1 69 2 5 0.67 46
1 69 2 6 1.648 57
1 69 2 6 1.02 48
1 69 2 6 1.052 50
1 69 2 7 1.296 54
1 69 2 6 1.348 57
1 69 2 7 1.414 54
1 69 2 7 0.972 50
1 69 2 7 0.83 47
1 69 2 8 1.73 61
1 70 2 6 0.596 45
1 70 2 6 1.042 53
1 70 2 6 0.776 51
1 70 2 4 0.578 42
1 70 2 6 0.956 53
1 70 2 4 0.5 41
1 70 2 2 0.15 28
1 70 2 5 0.72 48
1 70 2 4 0.46 39
1 70 2 2 0.068 22
1 70 2 1 0.032 17
1 70 2 1 0.024 15
1 55 2 8 1.028 52
1 55 2 5 0.88 50
1 55 2 11 0.924 56
1 55 2 7 1.032 53
1 55 2 6 0.816 48
1 55 2 6 0.886 51
1 55 2 6 0.618 45
1 55 1 6 0.796 48
1 55 1 NA 1.17 58
1 55 1 11 1.278 54
1 55 1 7 0.496 41
1 55 1 5 0.85 47
1 55 1 7 0.85 49
1 55 1 5 0.716 46
1 55 1 4 0.484 40
1 55 1 6 1.074 52
1 55 1 6 0.578 42
1 55 1 9 1.018 51
1 55 1 7 1.15 55
1 55 1 12 1.22 57
1 55 1 4 0.548 41
1 55 1 5 0.628 43
1 55 1 8 0.812 50
1 55 1 11 1.098 53
1 55 1 10 1.544 60
1 56 2 7 1.156 58
1 56 2 1 0.032 17
1 56 2 5 0.612 43
1 56 2 4 0.578 43
1 56 2 6 0.782 47
1 56 1 6 0.644 44
1 56 1 5 0.7 45
1 57 1 6 0.534 42
1 57 1 3 0.192 32
1 57 1 10 1.292 59
1 57 1 3 0.276 34
1 57 1 3 0.074 24
1 57 2 6 0.526 44
1 57 2 11 1.106 57
1 57 2 4 0.672 46
1 57 2 4 0.378 38
1 57 2 6 0.594 44
1 57 2 3 0.08 25
1 57 2 3 0.304 34
1 57 2 3 0.312 35
1 57 2 3 0.27 34
1 57 2 3 0.444 40
1 57 2 3 0.412 38
1 57 2 2 0.13 28
1 57 2 3 0.25 33
1 57 2 2 0.096 24
1 57 2 3 0.218 31
1 57 2 3 0.172 29
1 57 2 2 0.108 26
1 57 2 3 0.126 28
1 22 1 19 1.852 68
1 22 1 10 1.628 63
1 22 1 9 1.166 55
1 22 1 13 1.886 64
1 22 1 13 1.224 57
1 22 1 12 1.044 56
1 22 1 14 2.148 69
1 22 1 22 1.45 62
1 22 1 10 1.636 67
1 22 1 14 1.8 65
1 22 1 14 2.206 70
1 27 2 12 0.786 49
1 27 2 10 1.21 57
1 27 2 10 0.864 53
1 27 2 10 1.152 55
1 27 2 3 0.444 39
1 27 2 4 0.36 37
1 27 2 4 0.418 39
1 27 1 12 1.034 53
1 27 1 11 1.136 56
1 27 1 4 0.526 42
1 27 1 11 1.352 58
1 27 1 10 1.256 54
1 27 1 10 0.99 52
1 27 1 12 1.038 55
1 27 1 6 0.722 47
1 27 1 4 0.402 38
1 27 1 4 0.438 41
1 27 1 4 0.488 41
1 27 1 10 0.91 49
1 27 1 12 0.986 51
1 27 1 13 1.402 60
1 27 1 4 0.556 45
1 27 1 6 0.62 46
1 27 1 11 0.84 50
1 27 1 9 1.342 57
1 27 1 4 0.352 38
1 27 1 4 0.454 40
1 18 2 10 0.866 53
1 18 2 6 1.072 54
1 18 2 8 0.75 47
1 18 2 4 0.406 40
1 18 2 6 0.81 49
1 18 2 10 1.024 55
1 18 2 3 0.166 32
1 18 2 2 0.092 24
1 18 2 3 0.07 23
1 18 2 2 0.086 24
1 18 2 2 0.08 23
1 18 2 2 0.11 27
1 18 2 2 0.16 29
1 18 2 2 0.116 26
1 18 1 6 0.52 44
1 18 1 4 0.318 37
1 18 1 2 0.108 26
1 18 1 2 0.136 29
1 18 1 2 0.078 24
1 18 1 2 0.076 24
1 18 1 2 0.06 21
1 18 1 2 0.072 23
1 18 1 5 0.484 43
1 18 1 2 0.124 28
1 18 1 2 0.066 23
1 4 3 2 0.022 15
1 4 1 21 1.866 66
1 4 2 19 2.908 76
1 4 2 14 2.122 72
1 4 2 13 1.038 58
1 4 2 NA 2.724 77
1 4 2 17 2.624 74
1 4 2 20 1.946 68
1 4 2 16 2.894 76
1 4 2 17 3.216 80
1 5 3 2 0.04 19
1 5 3 1 0.014 14
1 5 3 1 0.01 12
1 5 3 1 0.016 14
1 5 3 1 0.006 11
1 5 3 1 0.008 11
1 5 3 1 0.012 13
1 24 2 11 1.04 56
1 24 2 9 1.07 54
1 57 2 3 0.218 33
1 50 1 7 0.634 44
1 50 1 6 0.6 46
1 50 1 6 0.47 41
1 50 1 1 0.062 20
1 50 1 7 0.7 48
1 50 1 4 0.478 40
1 50 1 6 0.652 45
1 50 1 4 0.508 42
1 50 1 11 1.138 57
1 50 1 4 0.326 36
1 50 1 7 0.638 47
1 50 1 8 0.57 43
1 50 1 3 0.232 32
1 50 1 4 0.374 37
1 50 1 5 0.462 39
1 50 1 9 0.862 50
1 50 1 4 0.362 37
1 50 1 4 0.35 38
1 50 1 9 0.742 49
1 50 1 4 0.322 35
1 50 1 7 0.694 47
1 15 2 11 2.204 69
1 15 2 13 2.436 74
1 15 2 16 1.37 65
1 15 1 13 2.142 67
1 15 1 12 2.222 67
1 15 1 11 1.454 62
1 15 1 10 1.706 62
1 15 1 13 1.902 63
1 15 1 14 1.158 60
1 19 2 12 2.358 70
1 19 2 9 1.686 63
1 19 2 10 1.624 66
1 19 2 9 1.332 59
1 19 2 6 1.02 54
1 19 2 10 1.064 57
1 19 2 7 1.606 64
1 19 2 8 1.346 61
1 19 2 11 1.156 56
1 19 2 2 0.088 23
1 19 2 3 0.186 32
1 19 2 9 1.238 60
1 64 2 8 1.058 56
1 64 2 10 1.098 58
1 64 2 9 1.254 59
1 45 1 11 1.332 58
1 45 1 11 1.298 57
1 45 1 10 1.736 63
1 45 1 10 1.172 56
1 45 1 11 1.458 59
1 45 1 NA 1.544 60
1 45 1 11 1.724 67
1 45 1 10 1.206 55
1 45 1 11 1.574 64
1 45 1 11 1.706 62
1 45 1 12 0.96 51
1 45 1 11 0.992 54
1 45 1 10 1.694 61
1 45 1 9 0.922 52
1 45 1 10 0.844 48
1 45 1 9 1.094 53
1 45 2 8 1.062 56
1 45 2 22 1.676 65
1 45 2 10 1.076 57
1 45 2 12 1.756 66
1 45 2 10 1.368 58
1 45 2 9 1.306 59
1 24 2 10 1.03 55
1 24 2 10 1.292 60
1 24 2 10 1.42 59
1 24 2 11 1.49 63
1 24 2 11 0.804 51
1 24 2 11 0.722 51
1 24 2 3 0.21 34
1 24 2 10 1.462 61
1 24 2 12 0.966 56
1 24 2 13 1.352 58
1 24 2 10 1.89 65
1 24 2 2 0.102 27
1 24 2 5 0.318 38
1 24 2 NA 1.816 68
1 24 1 10 1.112 55
1 24 1 9 0.854 50
1 24 1 12 1.096 57
1 24 1 10 1.276 58
1 24 1 12 1.008 58
1 24 1 14 0.924 52
1 24 1 11 0.838 48
1 24 1 9 0.892 50
1 24 1 10 0.804 51
1 31 1 3 0.354 36
1 31 1 10 0.954 53
1 31 1 2 0.094 25
1 31 1 NA 0.366042150952357 39
1 31 2 2 0.144 29
1 31 2 4 0.542 41
1 31 2 3 0.28 35
1 31 2 5 0.5 42
1 32 2 10 0.998 53
1 20 2 5 0.54 43
1 20 2 4 0.398 40
1 20 2 5 0.524 44
1 20 2 6 0.454 42
1 20 2 5 0.456 39
1 20 2 6 0.584 45
1 20 2 6 0.516 45
1 20 2 2 0.104 27
1 20 2 2 0.096 25
1 20 2 7 0.514 42
1 20 2 3 0.102 27
1 20 2 4 0.28705210703384 36
1 20 2 5 0.518 41
1 20 2 5 0.518 43
1 20 2 6 0.614 45
1 20 2 4 0.74 47
1 20 2 4 0.436 41
1 20 2 6 0.824 50
1 20 2 5 0.586 44
1 20 2 4 0.612 44
1 1 1 11 0.794 51
1 1 1 7 0.646 47
1 1 1 10 0.804 49
1 1 1 4 0.416 38
1 1 1 5 0.452 40
1 1 1 5 0.54 43
1 1 1 10 0.806 52
1 40 1 4 0.384 38
1 40 1 4 0.476 40
1 40 1 NA 0.608 44
1 40 1 3 0.316 36
1 40 1 3 0.312 34
1 40 1 3 0.358 36
1 40 1 3 0.402 37
1 40 1 6 0.554 41
1 40 1 3 0.344 35
1 40 1 4 0.33 34
1 40 1 3 0.46 40
1 40 1 5 0.336 35
1 40 1 5 0.43 39
1 40 1 4 0.474 41
1 40 1 4 0.532 42
1 40 1 4 0.55 43
1 41 1 5 0.646 45
1 41 1 11 0.958 52
1 41 1 8 1.026 53
1 41 2 12 0.766 51
1 41 2 13 1.05 55
1 41 2 7 0.754 47
1 41 2 6 0.622 45
1 41 2 6 0.798 49
1 41 2 11 0.83 50
1 41 2 7 0.678 46
1 41 2 10 1.172 54
1 41 2 8 0.828 52
1 41 2 6 0.562 44
1 41 2 6 0.776 48
1 41 2 10 0.808 53
1 41 2 5 0.558 43
1 41 2 10 1.186 59
1 42 1 6 0.42610259517279 41
1 42 1 8 0.482 44
1 42 1 4 0.424 39
1 42 1 9 1.002 54
1 42 1 4 0.406 38
1 42 1 4 0.386 37
1 42 1 5 0.562 43
1 42 1 6 0.49 42
1 42 1 4 0.48 40
1 42 1 4 0.256 33
1 42 2 10 1.53 62
1 42 2 5 0.538 41
1 42 2 4 0.42 39
1 42 2 4 0.466 40
1 43 2 3 0.176 30
1 43 2 4 0.366 37
1 43 2 4 0.358 38
1 43 2 5 0.54 42
1 43 2 3 0.292 35
1 43 1 2 0.077 22
1 43 1 2 0.04 19
1 43 1 3 0.104 25
1 43 1 3 0.322 36
1 43 1 3 0.26 33
1 43 1 3 0.296 34
1 43 1 3 0.312 35
1 43 1 3 0.22 32
1 44 1 13 1.972 67
1 44 2 8 1.261 57
1 44 2 8 1.262 56
1 44 2 13 1.268 61
1 44 2 10 1.35 58
1 64 2 9 1.042 54
1 64 2 10 1.2 55
1 64 2 4 0.426 40
1 64 2 3 0.168 30
1 64 2 2 0.148 28
1 64 2 9 1.06 56
1 64 2 4 0.446 42
1 64 2 1 0.036 17
1 64 1 10 1.306 56
1 64 1 9 1.246 58
1 64 1 10 1.222 55
1 64 1 10 1.536 61
1 64 1 10 1.472 60
1 64 1 9 0.9 51
1 64 1 11 0.97 54
1 64 1 10 0.946 52
1 64 1 3 0.462 40
1 65 1 3 0.148 29
1 65 1 4 0.402 38
1 65 1 3 0.308 35
1 65 1 10 0.544 45
1 65 1 3 0.432 39
1 65 1 3 0.226 33
1 65 1 4 0.428 42
1 65 1 3 0.284 36
1 65 2 3 0.176 31
1 65 2 3 0.366 37
1 65 2 4 0.38 38
1 65 2 2 0.132 26
1 65 2 4 0.706 46
1 65 2 3 0.316 36
1 65 2 5 0.332 35
1 65 2 4 0.22 32
1 65 2 4 0.508 46
1 65 2 9 0.738 49
1 65 2 3 0.16 29
1 65 2 3 0.242 34
1 65 2 5 0.766 47
1 68 1 3 0.09 24
1 68 1 3 0.126 28
1 68 1 2 0.096 25
1 68 1 2 0.174 31
1 68 1 1 0.032 17
1 68 1 1 0.016 14
1 68 1 1 0.03 15
1 68 1 1 0.016 13
1 68 1 1 0.014 12
1 68 2 6 0.924 51
1 68 2 4 0.286 36
1 68 2 2 0.232 32
1 68 2 7 0.65 45
1 68 2 2 0.204 31
1 68 2 3 0.28 35
1 68 2 3 0.184 30
1 68 2 2 0.12 25
1 68 2 2 0.104 25
1 68 2 2 0.09 26
1 68 2 1 0.024 16
1 68 2 1 0.018 14
1 68 2 1 0.022 15
1 69 1 6 1.124 50
1 69 1 6 1.306 53
1 69 1 5 1.328 55
1 69 1 9 1.298 57
1 69 1 6 1.086 49
1 69 2 6 0.826 46
1 69 2 NA 1.412 55
1 69 2 7 1.43 56
1 45 2 10 0.97 53
1 45 2 10 1.824 63
1 45 2 7 1.904 67
1 45 2 9 1.33 55
1 45 2 14 1.496 64
1 45 2 13 1.784 69
1 45 2 10 1.374 60
1 45 2 13 2.04 68
1 1 1 2 0.12 25
1 1 1 2 0.176 30
1 1 1 2 0.078 23
1 1 1 6 0.504 42
1 1 1 2 0.122 27
1 1 1 6 0.866 53
1 1 2 6 0.656 47
1 1 2 8 1.008 52
1 1 2 4 0.506 40
1 1 2 6 0.706 49
1 1 2 6 0.604 45
1 1 2 5 0.654 46
1 1 2 6 0.646 48
1 1 2 9 0.818 51
1 1 2 5 0.822 50
1 1 2 6 0.506 42
1 1 2 2 0.132 26
1 1 2 2 0.136 28
1 1 2 2 0.118 27
1 1 2 2 0.196 30
1 1 2 2 0.098 24
1 1 2 2 0.078 22
1 1 2 10 1.602 60
1 1 2 7 0.924 54
1 1 2 5 0.52 43
1 1 2 7 0.566 44
1 63 3 1 0.014 13
1 63 3 1 0.016 14
1 63 3 1 0.01 12
1 63 3 1 0.008 11
1 63 3 1 0.008 10
1 63 3 1 0.016 15
1 63 1 12 2.166 69
1 66 2 11 1.28 59
1 66 2 11 1.374 62
1 66 2 11 1.692 64
1 66 2 10 1.446 62
1 66 2 11 1.606 63
1 66 3 1 0.01 12
1 66 1 10 1.804 65
1 66 1 10 1.392 58
1 66 1 10 0.772 52
1 66 1 12 1.58 61
1 66 1 11 1.546 62
1 66 1 10 1.392 60
1 66 1 9 1.46 58
1 66 1 11 1.61 61
1 66 1 3 0.188 33
1 66 1 10 1.626 60
1 66 1 13 1.368 59
1 66 1 4 0.366 37
1 66 1 13 1.156 56
1 66 1 12 1.164 57
1 66 1 9 1.1 53
1 66 1 11 1.138 56
1 66 2 12 1.244 58
1 66 2 10 0.908 54
1 66 2 9 1.842 65
1 66 2 11 1.906 72
1 66 2 11 1.062 58
1 66 2 9 1.774 65
1 66 2 11 2.032 67
1 66 2 11 1.81 66
1 34 1 10 1.074 54
1 34 1 7 1.284 55
1 34 1 10 1 51
1 34 1 3 0.452 38
1 34 1 3 0.71 45
1 34 1 6 0.826 46
1 34 1 5 0.72 48
1 34 1 5 0.804 46
1 34 1 6 1.298 53
1 34 2 8 1.468 59
1 34 2 3 0.586 43
1 34 2 5 0.94 50
1 34 2 7 1.044 55
1 34 2 13 1.948 68
1 34 2 6 0.814 48
1 34 2 9 1.078 52
1 34 2 6 0.688 46
1 34 2 3 0.672 45
1 34 2 11 1.424 57
1 34 2 6 1.204 53
1 34 2 7 1.302 53
1 34 2 13 1.878 66
1 34 2 5 0.802 57
1 34 2 5 0.934 49
1 18 3 1 0.022 15
1 18 3 1 0.036 18
1 18 3 1 0.028 17
1 18 3 1 0.018 14
1 18 3 1 0.016 13
1 18 3 1 0.014 13
1 18 3 1 0.026 16
1 18 3 1 0.026 16
1 18 3 1 0.018 14
1 18 3 1 0.016 13
1 18 3 1 0.014 13
1 18 3 1 0.012 12
1 18 3 1 0.01 12
1 18 3 1 0.01 12
1 19 3 1 0.014 13
1 19 3 1 0.006 10
1 21 2 6 0.644 48
1 21 2 6 0.53 44
1 21 2 6 0.886 49
1 21 2 6 0.866 51
1 21 2 4 0.534 45
1 21 2 8 1.594 61
1 21 2 3 0.298 34
1 21 2 5 0.628 46
1 21 2 3 0.206 33
1 21 2 4 0.248 35
1 21 2 7 0.688 46
1 21 2 4 0.364 39
1 21 2 2 0.078 24
1 21 1 5 0.498 42
1 47 3 1 0.032 16
1 47 2 2 0.136 27
1 47 2 3 0.156 31
1 47 2 6 0.612 49
1 47 2 3 0.126 25
1 47 2 10 1.914 63
1 47 2 3 0.114 26
1 47 2 3 0.102 26
1 47 2 2 0.07 21
1 47 2 1 0.026 15
1 47 2 2 0.092 23
1 47 2 1 0.032 17
1 47 1 2 0.038 20
1 47 1 2 0.084 23
1 47 1 2 0.052 20
1 47 1 1 0.038 18
1 47 1 1 0.03 15
1 47 1 3 0.236 35
1 47 1 3 0.09 23
1 47 1 1 0.018 13
1 59 2 3 0.422 39
1 59 2 2 0.132 27
1 59 2 5 0.504 40
1 59 2 3 0.322 36
1 59 2 3 0.112 27
1 59 2 2 0.162 29
1 59 2 3 0.204 33
1 59 2 4 0.498 42
1 59 2 4 0.432 39
1 59 2 3 0.338 35
1 59 2 7 0.642 44
1 59 2 3 0.476 41
1 59 2 5 0.452 40
1 59 2 2 0.068 23
1 59 2 1 0.012 12
1 59 2 3 0.374 37
1 59 2 3 0.384 38
1 59 2 3 0.382 37
1 59 2 4 0.294 36
1 59 2 3 0.26 33
1 59 2 4 0.458 41
1 59 1 3 0.334 36
1 59 1 4 0.436 39
1 59 1 3 0.33 35
1 59 1 4 0.442 40
1 59 1 6 0.468 41
1 59 1 2 0.18 30
1 59 1 4 0.286 34
1 59 1 4 0.396 38
1 59 1 1 0.014 13
1 59 1 3 0.17 31
1 59 1 1 0.036 18
1 59 1 1 0.026 16
1 59 1 2 0.124 27
1 59 1 1 0.018 14
1 35 1 16 1.936 66
1 35 1 10 1.258 58
1 35 1 19 1.568 64
1 35 1 11 1.196 57
1 35 1 12 1.824 62
1 35 2 10 1.594 64
1 35 2 14 1.416 61
1 35 2 10 0.924 54
1 35 2 13 1.514 63
1 35 2 11 1.496 62
1 35 2 13 1.286 61
1 35 2 10 1.396 58
1 35 2 12 1.308 59
1 35 2 11 1.214 60
1 35 2 12 1.968 68
1 21 1 7 0.576 44
1 21 1 5 0.454 40
1 21 1 6 0.622 46
1 21 1 5 0.512 43
1 21 1 9 0.952 52
1 21 1 4 0.572 44
1 21 1 5 0.672 45
1 21 1 10 0.78 51
1 25 2 3 0.21 33
1 25 2 3 0.172 30
1 25 2 2 0.068 24
1 25 2 2 0.12 28
1 25 2 4 0.236 34
1 25 2 2 0.138 28
1 25 2 2 0.106 26
1 64 2 8 1.274 57
1 64 2 10 1.686 60
1 38 1 13 0.734 49
1 38 1 9 0.844 51
1 38 1 NA 0.896 53
1 38 1 10 0.62 46
1 38 1 12 1.034 56
1 37 2 2 0.084 24
1 37 2 2 0.102 26
1 37 2 2 0.104 26
1 37 2 3 0.132 28
1 37 2 6 0.616 46
1 37 2 7 0.742 48
1 37 2 2 0.062 22
1 37 2 2 0.116 27
1 37 2 6 0.822 49
1 37 2 3 0.188 32
1 7 3 2 0.038 18
1 7 3 2 0.026 17
1 7 2 22 2.528 72
1 7 2 15 1.338 64
1 8 3 1 0.018 14
1 8 3 1 0.024 15
1 8 1 21 2.24 68
1 8 1 12 1.946 64
1 8 2 16 2.202 72
1 8 2 12 3.15 77
1 8 2 14 3.424 79
1 8 2 10 3.272 77
1 8 2 NA 3.378 76
1 8 2 17 2.536 74
1 9 3 1 0.006 10
1 9 3 1 0.004 9
1 9 3 1 0.006 10
1 9 3 2 0.03 16
1 9 1 10 0.874 51
1 9 1 10 1.32 58
1 9 1 11 1.002 54
1 9 1 NA 1.558 61
1 9 1 14 1.234 60
1 9 1 9 1.142 55
1 9 1 14 1.82 65
1 9 1 12 1.628 60
1 9 1 9 0.846 53
1 9 2 13 1.418 60
1 9 2 12 1.036 53
1 9 2 9 0.934 51
1 9 2 13 1.934 64
1 9 2 10 1.384 56
1 9 2 17 1.718 69
1 9 2 10 1.008 53
1 9 2 12 1.412 58
1 9 2 12 1.862 64
1 9 2 10 0.854 49
1 9 2 8 1.016 52
1 9 2 10 0.934 52
1 9 2 10 1.054 57
1 9 2 12 1.704 63
1 9 2 10 1.468 62
1 9 2 9 1.102 55
1 9 2 10 1.28 57
1 9 2 11 1.228 58
1 9 2 11 1.472 60
1 9 2 10 1.052 55
1 9 2 10 1.388 61
1 9 2 13 1.288 59
1 9 2 11 1.422 61
1 9 2 8 1.188 59
1 37 2 4 0.172 31
1 37 2 2 0.062 21
1 37 1 3 0.168 30
1 37 1 5 0.636 47
1 37 1 5 0.564 45
1 37 1 8 1.036 52
1 37 1 3 0.342 37
1 37 1 12 1.344 58
1 37 1 3 0.136 29
1 37 1 2 0.076 23
1 37 1 2 0.104 25
1 37 1 2 0.064 21
1 37 1 4 0.328 38
1 37 1 4 0.176 29
1 9 2 9 1.424 61
1 51 2 6 0.548 44
1 51 2 10 1.36 57
1 51 2 3 0.28 33
1 51 2 5 0.494 41
1 51 2 3 0.29 34
1 51 2 11 0.948 55
1 51 2 5 0.54 44
1 51 2 10 1.12 58
1 51 2 2 0.106 25
1 51 1 4 0.29 34
1 51 1 10 1.394 58
1 51 1 11 0.813 51
1 51 1 2 0.1 25
1 51 1 6 1.14 57
1 51 1 9 0.816 52
1 11 1 3 0.33 36
1 11 1 4 0.41 39
1 11 1 NA 0.158 29
1 11 1 4 0.34 37
1 11 1 4 0.362 37
1 11 1 4 0.44 38
1 11 1 3 0.31 35
1 11 2 4 0.37 39
1 31 1 4 0.36 39
1 31 1 9 0.756 48
1 31 1 11 0.682 48
1 31 1 NA 0.642 47
1 31 1 NA 0.434 39
1 32 1 3 0.446 40
1 32 1 3 0.214 32
1 28 2 10 1.316 60
1 28 2 10 1.116 57
1 28 2 10 1.4 62
1 28 2 13 2.006 68
1 28 2 7 1.296 58
1 28 2 11 1.334 60
1 28 2 10 1.688 64
1 28 2 12 1.8 65
1 28 2 13 2.36 77
1 28 2 5 0.418 40
1 28 1 13 1.097 57
1 28 1 11 0.66 49
1 28 1 10 1.446 58
1 28 1 10 1.006 54
1 28 1 12 1.196 56
1 28 1 NA 1.08 56
1 28 1 4 0.558 45
1 28 1 11 1.054 59
1 28 1 11 0.54 47
1 28 1 4 0.4 41
1 28 1 4 0.386 38
1 28 1 4 0.462 42
1 28 1 11 0.644 52
1 18 3 1 0.03 17
1 18 3 1 0.03 17
1 18 2 6 0.814 51
1 18 2 3 0.316 38
1 18 2 6 0.56 47
1 3 2 7 0.694 46
1 3 2 8 0.85 52
1 3 2 11 0.682 48
1 39 2 14 2.204 66
1 39 2 14 1.984 65
1 39 2 13 2.148 67
1 39 2 11 1.346 60
1 39 2 10 1.01 54
1 39 2 14 2.108 69
1 39 2 11 1.43 59
1 39 2 11 1.452 61
1 39 2 NA 1.748 62
1 39 2 14 1.27 58
1 39 2 13 2.058 64
1 39 2 12 1.7 63
1 39 2 18 1.948 68
1 39 2 9 1.124 57
1 39 2 19 2.308 67
1 39 2 13 1.088 53
1 39 1 10 1.348 59
1 39 1 5 0.904 52
1 11 2 3 0.274 33
1 11 2 4 0.394 39
1 11 2 4 0.31 35
1 11 2 3 0.358 37
1 11 2 5 0.394 38
1 11 2 4 0.376 38
1 11 2 3 0.272 34
1 11 2 3 0.276 34
1 11 2 3 0.268 33
1 11 2 3 0.292 35
1 11 2 4 0.332 36
1 11 2 2 0.114 25
1 12 3 1 0.04 18
1 12 3 2 0.05 19
1 12 3 1 0.036 17
1 12 3 2 0.05 19
1 12 3 2 0.046 18
1 12 3 1 0.034 17
1 12 3 2 0.046 18
1 12 1 3 0.196 31
1 12 1 3 0.184 30
1 12 1 2 0.094 23
1 12 1 4 0.27 34
1 12 1 3 0.156 28
1 12 1 3 0.276 34
1 12 1 2 0.082 22
1 12 1 2 0.092 24
1 62 1 18 1.13 59
1 62 1 11 1.986 65
1 62 1 16 1.856 64
1 62 1 2 0.12 28
1 62 1 13 1.85 68
1 62 1 11 1.788 65
1 62 1 20 1.79 68
1 67 1 10 0.874 51
1 67 1 5 0.728 45
1 67 1 7 0.72 47
1 67 1 10 0.93 51
1 67 1 4 0.366 36
1 67 1 5 0.864 48
1 67 1 5 0.63 44
1 67 1 2 0.28 34
1 67 1 6 0.986 52
1 67 1 6 0.734 47
1 67 1 5 0.776 49
1 67 1 5 0.65 47
1 67 1 7 0.75 46
1 67 1 3 0.304 35
1 67 1 4 0.468 40
1 67 1 10 1.142 54
1 67 1 8 0.864 50
1 67 1 8 0.82 49
1 67 1 NA 0.842 50
1 67 1 2 0.118 26
1 67 1 4 0.46 39
1 67 1 11 1.134 55
1 67 1 6 0.832 46
1 67 1 8 0.678 44
1 67 1 5 0.636 43
1 67 1 NA 0.556 43
1 67 1 3 0.208 31
1 67 2 5 0.38 37
1 67 2 6 0.858 51
1 67 2 2 0.15 28
1 67 2 5 0.878 49
1 67 2 7 0.716 47
1 67 2 4 0.352 38
1 67 2 5 0.628 43
1 67 2 7 0.86 52
1 67 2 10 1.104 55
1 67 2 5 0.768 45
1 67 2 3 0.488 41
1 67 2 6 0.882 50
1 67 2 3 0.334 34
1 67 2 5 0.832 48
1 67 2 5 0.54 44
1 53 2 8 0.888 53
1 53 1 7 1.072 53
1 53 1 10 1.142 54
1 53 1 12 1.176 60
1 53 1 10 1.134 55
1 53 1 10 0.95 53
1 53 1 10 1.208 58
1 53 1 NA 1.176 56
1 52 1 2 0.122 27
1 52 1 2 0.096 25
1 52 2 1 0.034 18
1 52 2 1 0.03 16
1 32 1 3 0.44 39
1 32 1 2 0.11 27
1 32 1 3 0.356 37
1 32 1 2 0.212 31
1 32 1 3 0.408 37
1 32 1 4 0.326 37
1 32 1 3 0.19 30
1 32 1 5 0.296 34
1 32 1 4 0.354 36
1 32 1 4 0.352 35
1 32 1 3 0.502 40
1 32 1 2 0.206 31
1 32 1 4 0.518 42
1 32 2 4 0.33 38
1 32 2 4 0.326 38
1 32 2 3 0.226 32
1 32 2 2 0.226 30
1 32 2 2 0.18 29
1 32 2 2 0.198 30
1 32 2 5 0.464 41
1 32 2 5 0.578 43
1 32 2 5 0.554 42
1 32 2 4 0.398 37
1 32 2 3 0.12 26
1 32 2 3 0.352 36
1 32 2 4 0.412 40
1 55 2 6 0.756 49
1 55 2 10 0.924 54
1 55 2 9 1.05 55
1 55 2 7 1.092 54
1 13 1 2 0.138 27
1 13 1 2 0.106 24
1 13 1 3 0.154 27
1 13 1 4 0.45 39
1 13 1 2 0.128 26
1 13 1 5 0.42 39
1 13 1 2 0.114 25
1 13 1 3 0.226 31
1 13 1 2 0.07 22
1 13 1 2 0.102 24
1 13 1 2 0.08 23
1 13 2 2 0.052 20
1 13 2 3 0.138 27
1 13 2 4 0.096 26
1 13 2 2 0.1 24
1 13 2 2 0.078 22
1 13 2 3 0.298 34
1 13 2 4 0.344 36
1 13 2 2 0.082 23
1 13 2 2 0.082 22
1 13 2 2 0.1 24
1 13 2 4 0.398 38
1 13 2 3 0.174 30
1 70 2 1 0.02 15
1 70 1 6 0.698 48
1 70 1 4 0.604 44
1 70 1 4 0.552 42
1 70 1 4 0.488 41
1 70 1 6 0.614 46
1 70 1 7 1.126 54
1 70 1 6 0.682 45
1 70 1 6 0.686 48
1 70 1 4 0.514 40
1 27 2 9 1.258 58
1 27 2 9 1.3 59
1 27 2 10 1.046 54
1 27 2 5 0.488 41
1 27 2 5 0.566 42
1 14 3 1 0.004 10
1 14 3 1 0.005 11
1 14 3 1 0.004 9
1 14 3 1 0.006 11
1 14 3 1 0.008 10
1 14 3 1 0.004 8
1 14 3 1 0.004 8
1 14 3 1 0.004 9
1 22 1 10 1.45 60
1 22 1 17 2.228 71
1 22 1 23 1.33 61
1 22 1 13 1.156 58
1 22 1 13 2.028 66
1 22 1 6 0.68 47
1 22 1 11 1.208 59
1 22 1 13 2.6 72
1 22 2 15 2.48 75
1 22 2 13 1.59 63
1 22 2 19 1.822 69
1 58 2 15 2.39 73
1 58 2 17 2.036 71
1 58 2 19 2.84 73
1 58 2 13 3.014 75
1 58 2 23 2.304 72
1 58 2 14 2.95 74
1 58 2 23 2.9 79
1 58 2 19 2.4 72
1 58 2 16 2.198 70
1 58 2 18 2.56 74
1 58 2 24 3.39 85
1 36 3 1 0.02 14
1 36 3 1 0.014 12
1 36 3 1 0.02 13
1 36 3 1 0.012 11
1 36 3 1 0.012 12
1 36 3 1 0.016 13
1 36 2 NA 0.016 14
1 36 2 6 0.72 49
1 36 2 7 0.676 47
1 36 2 9 0.932 53
1 36 2 5 0.658 46
1 36 2 2 0.13 27
1 36 2 2 0.064 23
1 36 2 3 0.19 32
1 36 2 5 0.184 30
1 36 2 3 0.176 31
1 36 2 3 0.07 22
1 36 2 2 0.044 20
1 36 2 8 0.778 51
1 16 1 9 2.05 65
1 16 1 11 2.608 72
1 16 1 9 2.302 64
1 16 1 11 2.008 68
1 16 1 12 1.774 66
1 16 1 11 1.744 64
1 16 2 10 1.92 70
1 16 2 14 2.454 75
1 16 2 11 1.854 62
1 16 2 12 1.786 64
1 50 1 4 0.178 30
1 50 1 9 0.734 50
1 50 1 4 0.384 39
1 50 1 3 0.228 32
1 50 1 1 0.038 17
1 50 1 1 0.03 16
1 50 1 4 0.226 34
1 50 2 2 0.194 29
1 50 2 7 0.652 47
1 50 2 7 0.642 46
1 50 2 7 0.608 45
1 50 2 10 1.016 52
1 50 2 6 0.83 51
1 50 2 6 0.662 48
1 50 2 5 0.374 38
1 50 2 6 0.508 41
1 50 2 4 0.268 34
1 50 2 4 0.312 37
1 2 2 6 0.756 49
1 2 2 NA 0.708 50
1 2 2 6 0.608 44
1 2 2 5 0.456 41
1 2 2 11 1.066 54
1 2 2 6 0.794 50
1 2 2 7 0.696 48
1 2 2 6 0.538 42
1 2 2 6 0.524 42
1 2 2 6 0.584 46
1 2 2 7 0.51 43
1 2 2 6 0.294 37
1 2 2 7 0.564 44
1 2 2 10 0.948 54
1 2 2 5 0.432 40
1 2 2 4 0.464 40
1 2 2 10 0.914 55
1 2 2 10 0.88 51
1 60 3 1 0.008 9
1 60 3 1 0.002 9
1 60 3 1 0.012 10
1 60 3 1 0.01 11
1 64 2 11 0.98 53
1 26 1 18 1.696 65
1 26 1 13 1.93 68
1 26 1 12 1.524 61
1 26 1 10 2.334 69
1 26 1 15 1.542 59
1 26 1 13 1.54 64
1 26 1 19 1.772 66
1 19 2 9 1.234 58
1 19 2 11 1.598 63
1 19 2 10 1.112 56
1 19 2 2 0.086 23
1 19 2 2 0.128 26
1 19 1 10 0.998 53
1 19 1 3 0.222 33
1 19 1 11 1.468 59
1 19 1 8 1.258 58
1 19 1 12 1.356 61
1 19 1 3 0.126 26
1 19 1 11 1.344 57
1 19 1 13 1.4 60
1 19 1 9 0.91 54
1 19 1 11 1.424 59
1 19 1 2 0.064 21
1 19 1 1 0.032 17
1 19 1 4 0.526 44
1 19 3 1 0.006 9
1 19 3 1 0.008 11
1 19 3 1 0.008 11
1 19 3 1 0.02 14
1 19 3 2 0.032 18
1 19 3 1 0.014 12
1 3 2 6 0.624 45
1 3 2 6 0.65 47
1 3 2 9 1.02 54
1 3 2 11 0.872 51
1 3 2 11 1.082 52
1 3 2 14 1.084 59
1 3 2 10 0.852 51
1 3 2 10 1.296 59
1 3 2 10 1.132 57
1 3 2 12 0.966 53
1 3 2 10 1.068 55
1 3 2 9 0.938 53
1 3 2 10 1.46 60
1 3 2 11 0.994 54
1 3 2 13 1.69 63
1 3 2 6 0.706 49
1 3 2 6 0.734 46
1 3 2 10 1.826 66
1 3 2 10 0.944 55
1 3 2 10 1.036 57
1 3 2 9 1.286 56
1 3 2 10 1.538 62
1 3 2 9 1.072 56
1 3 2 18 2.332 71
1 3 2 12 1.386 58
1 3 2 12 1.198 56
1 3 2 10 1.228 58
1 3 2 5 0.556 44
1 3 2 11 1.144 57
1 4 3 2 0.024 16
1 4 3 1 0.008 11
1 4 3 1 0.012 12
1 4 3 NA 0.004 9
1 4 3 1 0.006 10
1 4 3 1 0.008 11
1 4 3 2 0.022 15
1 4 3 1 0.012 13
1 60 3 1 0.004 8
1 17 2 2 0.076 22
1 17 2 2 0.132 27
1 17 2 3 0.278 35
1 17 2 2 0.092 25
1 6 1 19 2.084 65
1 6 1 19 2.564 69
1 6 1 2 0.05 20
1 6 2 22 3.244 78
1 6 2 2 0.056 21
1 6 3 1 0.012 13
1 6 3 1 0.014 13
1 6 3 1 0.022 14
1 6 3 2 0.03 17
1 6 3 2 0.042 19
1 22 2 12 2.586 72
1 22 2 12 2.588 75
1 22 2 11 2.056 68
1 22 2 12 2.016 71
1 22 2 13 2.356 70
1 22 2 10 1.636 64
1 22 2 3 0.184 31
1 23 1 12 1.406 60
1 23 1 14 1.95 67
1 23 1 11 0.974 54
1 23 1 13 1.524 64
1 23 1 12 1.6 62
1 23 1 11 1.812 63
1 23 1 11 1.61 61
1 23 1 10 2.008 65
1 23 1 10 1.878 66
1 23 1 12 2.036 68
1 23 1 12 1.512 58
1 23 1 13 1.008 57
1 23 2 11 1.862 67
1 23 2 19 2.14 69
1 23 2 11 1.568 62
1 23 2 10 1.64 63
1 23 2 12 1.68 64
1 23 2 14 2.04 70
1 23 2 10 1.328 60
1 23 2 12 1.462 62
1 23 2 11 1.418 61
1 23 2 9 2.124 67
1 23 2 14 2.254 69
1 23 2 11 1.37 59
1 23 2 12 2.042 68
1 23 2 16 2.352 72
1 23 2 13 2.892 75
1 23 2 14 2.324 70
1 23 2 12 1.894 65
1 23 2 14 1.934 66
1 1 1 7 0.564 45
1 1 1 5 0.428 41
1 1 1 5 0.388 37
1 1 1 6 0.678 46
1 1 1 6 0.596 44
1 33 3 1 0.02 15
1 33 3 1 0.016 14
1 33 3 1 0.03 16
1 33 3 1 0.03 16
1 33 3 1 0.022 15
1 33 3 1 0.02 15
1 41 1 10 0.756 48
1 41 1 10 0.858 50
1 41 1 10 1.006 55
1 41 1 6 0.692 46
1 41 1 10 0.83 49
1 41 1 10 1.082 51
1 41 1 10 0.714 47
1 68 1 3 0.176 30
1 68 1 3 0.26 34
1 68 1 2 0.136 27
1 68 1 3 0.18 29
1 40 1 6 0.536 42
1 40 1 4 0.428 39
1 40 1 2 0.12 26
1 40 1 2 0.068 22
1 40 1 1 0.044 17
1 40 2 5 0.564 45
1 40 2 3 0.332 35
1 40 2 3 0.386 37
1 40 2 6 0.61 45
1 40 2 5 0.458 39
1 40 2 4 0.472 42
1 40 2 6 0.614 47
1 40 2 3 0.282 33
1 40 2 4 0.53 40
1 40 2 4 0.54 41
1 40 2 5 0.5 42
1 40 2 3 0.432 38
1 40 2 4 0.494 40
1 40 2 3 0.392 38
1 40 2 5 0.472 39
1 40 2 3 0.366 35
1 40 2 4 0.466 41
1 40 2 4 0.336 36
1 40 2 3 0.36 36
1 40 2 5 0.584 44
1 40 2 3 0.384 37
1 40 1 1 0.038 17
1 40 1 1 0.038 16
1 3 1 12 0.794 49
1 3 1 10 0.688 46
1 3 1 10 0.798 47
1 3 1 11 0.762 49
1 3 1 9 0.708 48
1 3 1 8 0.814 50
1 3 1 6 0.688 47
1 3 1 10 1.014 53
1 3 1 10 0.836 51
1 3 1 10 1.062 56
1 3 1 10 0.846 52
1 3 1 8 0.756 50
1 3 1 10 0.992 52
1 3 1 7 0.61 45
1 3 1 9 1.084 57
1 3 1 7 0.658 46
1 3 1 10 1.6 62
1 3 1 10 0.838 48
1 3 2 8 0.686 48
1 62 1 14 1.52 62
1 48 1 3 0.096 26
1 17 1 3 0.282 35
1 18 3 1 0.022 15
1 35 1 NA 1.804 63
1 36 2 4 0.232 34
1 6 3 1 0.018 14
1 15 1 12 2.07157356402859 69
1 15 1 16 2.222 68
1 50 2 4 0.31 35
1 50 2 3 0.236 33
1 10 3 1 0.02 15
1 11 3 1 0.024 15
1 26 2 14 1.99 69
1 62 1 17 1.738 66
1 18 2 3 0.144 30
1 45 2 10 1.418 62
1 24 2 3 0.242 35
1 1 1 7 0.644 48
1 1 1 2 0.118 26
1 66 2 1 0.012 11
1 21 2 7 0.862 52
1 21 2 4 0.362 39
1 9 1 10 1.136 54
1 9 2 9 1.496 62
1 51 2 2 0.07 22
1 51 1 3 0.238 32
1 67 1 4 0.408 38
1 70 2 1 0.022 13
1 60 3 1 0.002 8
1 4 3 1 0.012 12
1 4 3 1 0.012 13
1 6 3 1 0.01 12
1 22 2 15 1.864 66
