1 333 1 7 0.998 53
1 333 1 7 1.162 56
1 333 2 6 1.104 56
1 333 2 9 1.312 58
1 332 1 5 0.716 45
1 332 1 7 0.884 50
1 332 2 7 0.758 50
1 332 2 5 0.71 47
1 331 1 12 1.528 66
1 331 1 7 1.298 58
1 331 2 9 1.76 66
1 331 2 8 0.816 51
1 330 1 6 1.19 55
1 330 1 7 1.318 59
1 330 1 9 1.286 58
1 330 2 7 0.792 48
1 329 1 14 1.626 66
1 329 1 12 1.9 64
1 329 2 6 1.176 59
1 329 1 2 0.208 30
1 329 1 2 0.084 24
1 328 2 7 1.334 61
1 328 2 7 1.024 55
1 328 1 6 1.002 55
1 328 2 7 1.042 53
1 327 2 7 0.846 52
1 327 1 5 0.636 46
1 327 1 7 0.746 49
1 327 2 6 0.496 44
1 326 1 8 1.092 55
1 326 1 5 0.454 41
1 326 2 4 0.396 39
1 326 2 3 0.42 40
1 326 1 3 0.41 40
1 326 2 3 0.448 42
1 325 2 3 0.336 38
1 325 2 7 1.108 56
1 325 1 7 0.704 49
1 325 1 8 0.732 51
1 325 1 10 1.222 60
1 325 1 7 1.012 53
1 324 1 12 1.896 67
1 324 1 9 1.486 61
1 324 2 9 2.002 65
1 324 2 8 1.678 65
1 323 2 7 1.048 54
1 323 2 9 0.938 53
1 323 1 9 1.172 53
1 323 1 7 1.402 61
1 322 2 7 0.958 53
1 322 2 8 1.386 58
1 322 2 11 1.442 63
1 322 2 7 0.964 55
1 321 1 7 0.826 48
1 321 1 7 0.72 50
1 321 1 7 0.658 48
1 321 1 7 1.154 59
1 321 1 6 0.582 44
1 321 2 7 0.83 49
1 321 2 3 0.528 41
1 321 2 5 0.524 43
1 320 1 7 0.858 51
1 320 1 7 0.842 51
1 320 1 4 0.572 43
1 320 2 5 0.496 41
1 319 2 10 1.322 65
1 319 2 7 1.098 56
1 319 2 7 0.96 57
1 319 2 8 0.972 55
1 318 2 8 1.82 64
1 318 2 9 1.226 59
1 318 2 9 1.196 56
1 318 2 10 1.136 58
1 317 1 10 1.29 61
1 317 2 7 1.474 65
1 317 2 11 1.584 64
1 317 2 7 1.006 54
1 316 2 7 1.202 57
1 316 2 6 0.816 50
1 316 1 7 0.976 53
1 316 1 8 0.91 54
1 316 3 1 0.038 17
1 316 3 1 0.028 16
1 315 1 6 0.972 52
1 315 1 8 1.242 56
1 315 1 7 1.096 54
1 315 1 7 1.032 52
1 277 2 7 1.004 56
1 277 1 7 0.762 48
1 277 1 8 0.82 50
1 277 1 6 1.024 52
1 277 2 7 0.616 47
1 277 2 7 0.762 50
1 280 1 3 0.364 35
1 280 2 8 1.204 59
1 280 2 4 0.414 39
1 280 2 3 0.376 37
1 280 1 4 0.472 41
1 280 1 4 0.55 44
1 279 1 9 0.814 51
1 279 2 7 0.998 55
1 279 1 7 0.794 50
1 279 2 7 1.01 53
1 279 1 7 0.768 48
1 279 1 6 0.622 46
1 278 2 6 0.79 51
1 278 1 8 1.494 61
1 278 1 4 0.482 40
1 278 2 7 0.9 56
1 278 2 7 0.854 51
1 278 1 7 0.85 52
1 276 1 9 0.744 49
1 276 2 3 0.274 35
1 276 2 3 0.292 34
1 276 2 3 0.306 36
1 276 2 3 0.366 37
1 276 2 3 0.246 34
1 276 3 1 0.036 18
1 276 3 1 0.03 17
1 275 1 9 0.776 50
1 275 1 3 0.366 38
1 275 2 3 0.334 38
1 275 1 3 0.438 41
1 275 1 6 0.95 53
1 275 3 1 0.024 15
1 275 3 1 0.036 17
1 275 2 2 0.12 26
1 274 1 7 1.196 56
1 274 1 5 0.486 44
1 274 1 9 1.156 57
1 274 1 6 0.498 41
1 273 2 10 1.13 60
1 273 1 7 0.806 50
1 273 1 3 0.322 37
1 273 2 3 0.354 38
1 273 3 1 0.016 14
1 272 1 5 0.424 40
1 272 2 3 0.208 32
1 272 1 3 0.302 34
1 272 1 7 0.63 47
1 272 3 1 0.032 16
1 272 3 1 0.03 17
1 271 1 7 0.904 49
1 271 1 6 0.756 48
1 271 2 3 0.366 37
1 271 2 3 0.348 36
1 271 2 9 1.34 62
1 271 2 8 0.884 53
1 270 2 7 0.802 52
1 270 2 6 0.498 44
1 270 1 7 0.638 46
1 270 1 7 1.098 55
1 270 1 7 0.858 52
1 270 1 5 0.944 47
1 269 1 9 1.028 55
1 269 1 16 2.026 73
1 269 1 8 1.238 58
1 269 1 3 0.408 40
1 269 2 7 0.87 52
1 269 2 7 0.716 52
1 268 2 13 1.53 67
1 268 1 10 1.13 55
1 268 1 8 1.13 56
1 268 1 7 0.996 53
1 268 1 8 0.892 50
1 268 1 6 0.496 42
1 268 1 1 0.046 19
1 268 3 1 0.03 17
1 267 2 6 1.14 56
1 267 1 4 0.38 39
1 267 2 6 0.516 45
1 267 2 3 0.334 37
1 267 1 6 0.592 47
1 267 1 3 0.436 40
1 266 2 3 0.418 38
1 266 2 7 0.714 51
1 266 2 3 0.344 36
1 266 1 7 0.89 50
1 266 1 3 0.45 39
1 266 1 4 0.422 40
1 263 1 7 0.962 52
1 263 2 6 0.958 53
1 263 2 8 0.7 49
1 263 1 6 0.466 42
1 263 2 7 0.626 47
1 263 2 3 0.414 39
1 265 1 7 0.964 55
1 265 2 12 1.054 60
1 265 2 8 0.95 53
1 265 2 8 0.966 54
1 265 2 7 0.836 53
1 265 2 8 0.836 52
1 264 1 9 1.218 55
1 264 2 8 1.126 56
1 264 2 7 0.788 50
1 264 2 7 1.052 56
1 264 2 8 0.972 57
1 262 2 3 0.44 39
1 262 1 7 1.036 52
1 262 1 7 1.08 52
1 262 1 5 0.496 43
1 264 2 7 0.902 51
1 262 2 4 0.518 40
1 262 1 3 0.444 38
1 261 1 10 0.848 52
1 261 1 7 0.85 51
1 261 1 7 1.106 56
1 261 1 6 1.04 54
1 261 1 7 0.918 53
1 261 1 9 1.006 55
1 260 1 9 0.844 50
1 260 2 7 0.88 51
1 260 2 6 0.81 48
1 260 2 7 0.98 52
1 260 2 8 0.932 52
1 260 2 7 1.074 55
1 259 2 7 1.138 58
1 259 1 8 0.888 53
1 259 1 7 0.784 49
1 259 2 7 0.922 53
1 259 2 8 1.154 56
1 259 1 7 0.754 49
1 258 1 3 0.354 36
1 258 1 3 0.358 37
1 258 1 3 0.344 37
1 258 1 3 0.344 36
1 258 2 7 0.934 54
1 258 2 7 0.772 48
1 257 1 10 1.396 60
1 257 2 4 0.564 43
1 257 2 7 1.162 57
1 257 2 4 0.418 39
1 257 2 7 0.844 53
1 257 1 2 0.134 28
1 257 3 1 0.01 14
1 256 1 7 0.62 45
1 256 1 5 0.626 46
1 256 1 7 0.75 50
1 256 2 6 0.768 48
1 255 2 6 0.566 44
1 255 1 7 0.904 51
1 255 1 15 1.388 61
1 255 1 10 1.302 61
1 254 2 6 1.338 56
1 254 2 8 1.376 59
1 254 2 8 1.282 58
1 254 2 10 1.002 56
1 254 3 1 0.012 11
1 254 3 1 0.014 12
1 253 2 18 2.552 72
1 253 2 7 1.36 61
1 253 1 20 2.05 70
1 253 1 7 1.48 59
1 252 2 9 1.164 57
1 252 1 6 0.738 48
1 252 1 6 0.882 52
1 252 1 16 1.078 61
1 252 3 1 0.008 11
1 252 3 1 0.024 15
1 251 1 6 0.69 46
1 251 1 7 0.634 47
1 251 1 13 0.988 56
1 251 2 7 0.706 49
1 251 2 3 0.132 27
1 251 3 1 0.014 13
1 250 1 8 1.201 59
1 250 2 7 0.828 51
1 250 2 4 0.278 34
1 250 1 6 0.706 45
1 250 1 3 0.312 36
1 250 2 3 0.314 35
1 250 3 1 0.028 16
1 250 3 1 0.02 15
1 249 1 7 0.844 51
1 249 1 9 0.998 54
1 249 1 10 1.008 52
1 249 1 10 1.198 57
1 249 2 7 0.832 51
1 249 1 9 0.824 48
1 248 2 7 0.806 50
1 248 1 8 1.296 60
1 248 1 8 0.84 50
1 248 2 10 1.076 56
1 248 2 7 0.78 50
1 248 2 7 0.89 53
1 247 1 6 0.766 49
1 247 2 7 0.756 50
1 247 2 3 0.17 29
1 247 1 2 0.098 25
1 179 2 8 1.324 57
1 179 2 8 0.952 51
1 179 2 8 1.03 55
1 179 2 8 0.814 52
1 179 2 7 1.052 54
1 179 1 8 1.2 56
1 177 2 9 0.95 53
1 177 2 5 0.646 48
1 177 1 7 1.074 56
1 177 2 3 0.332 36
1 177 1 7 0.704 50
1 177 2 10 0.844 51
1 177 3 1 0.036 18
1 177 3 1 0.026 16
1 178 2 7 0.912 53
1 178 1 8 0.704 50
1 178 1 7 0.95 56
1 178 1 8 0.822 50
1 178 1 5 0.654 46
1 178 1 7 1.068 56
1 176 1 7 0.636 47
1 176 1 7 0.752 48
1 176 1 7 0.592 47
1 176 1 7 1.032 53
1 176 2 10 1.108 58
1 176 2 7 0.888 53
1 176 2 1 0.048 20
1 176 2 1 0.03 17
1 175 2 7 0.768 50
1 175 1 3 0.38 38
1 175 2 3 0.32 36
1 175 2 8 0.718 49
1 175 1 7 0.656 46
1 175 1 5 0.49 42
1 174 2 7 0.862 52
1 174 1 7 0.856 51
1 174 1 3 0.386 40
1 174 1 3 0.106 26
1 173 3 1 0.016 14
1 173 2 7 0.866 53
1 173 2 3 0.13 27
1 173 1 8 0.704 48
1 173 1 5 0.482 45
1 173 1 7 0.804 52
1 172 1 6 0.632 47
1 172 2 8 0.788 50
1 172 2 7 0.702 51
1 172 2 7 0.824 53
1 172 3 1 0.016 15
1 172 3 1 0.008 11
1 171 2 7 0.732 50
1 171 2 7 0.638 49
1 171 1 7 0.94 53
1 171 1 9 1.066 58
1 170 1 6 0.622 47
1 170 1 6 0.768 51
1 170 2 7 1.462 61
1 170 2 7 0.766 52
1 170 3 1 0.006 10
1 170 3 1 0.005 9
1 167 1 8 1.348 58
1 167 1 7 0.892 53
1 167 1 7 0.826 51
1 167 1 7 0.86 50
1 167 3 1 0.01 12
1 169 3 1 0.006 10
1 169 3 1 0.008 11
1 169 1 10 1.196 67
1 169 1 16 1.874 68
1 169 2 19 1.988 70
1 169 2 6 2.588 71
1 168 2 7 1.28 59
1 168 2 7 1.154 56
1 168 1 22 1.83 68
1 168 1 14 0.936 57
1 168 3 1 0.014 13
1 168 3 1 0.012 13
1 166 1 7 0.698 47
1 166 2 8 0.91 54
1 166 2 8 0.776 53
1 166 2 7 0.98 57
1 166 3 1 0.006 11
1 166 3 1 0.01 12
1 165 1 7 0.624 49
1 165 2 4 0.414 41
1 165 2 7 0.78 50
1 165 3 1 0.02 15
1 165 3 1 0.012 11
1 165 1 16 1.7 67
1 164 1 10 1.332 59
1 164 1 8 0.696 46
1 164 2 7 0.964 59
1 164 2 8 0.826 54
1 164 3 1 0.012 12
1 164 3 1 0.008 11
1 163 1 7 0.636 48
1 163 1 7 0.756 51
1 163 1 8 1.006 54
1 163 1 13 1.246 61
1 163 2 2 0.03 18
1 163 3 1 0.006 10
1 162 1 7 0.686 48
1 162 1 8 0.9 54
1 162 2 2 0.088 24
1 162 2 7 0.762 49
1 162 1 2 0.04 20
1 162 3 1 0.008 11
1 161 1 7 0.72 50
1 161 1 5 0.616 47
1 161 2 8 0.944 54
1 161 2 6 0.654 47
1 161 1 1 0.022 16
1 161 3 1 0.008 11
1 160 2 13 1.654 64
1 160 1 6 0.662 47
1 160 2 5 0.702 49
1 160 1 3 0.15 28
1 160 3 1 0.022 14
1 160 3 1 0.01 12
1 159 1 3 0.278 34
1 159 2 3 0.39 38
1 159 2 6 0.744 47
1 159 2 3 0.064 22
1 159 1 6 0.608 45
1 159 1 7 0.606 49
1 159 1 1 0.03 16
1 159 2 1 0.028 16
1 158 1 7 0.726 50
1 158 1 7 1.006 53
1 158 2 7 0.648 47
1 158 2 4 0.514 40
1 158 2 5 0.504 42
1 158 2 3 0.212 31
1 155 3 1 0.01 11
1 155 3 1 0.014 13
1 155 1 NA 0.648 46
1 155 1 7 0.728 50
1 155 1 4 0.39 37
1 155 1 7 0.72 48
1 155 2 4 0.404 37
1 155 2 6 0.562 44
1 157 2 4 0.428 39
1 157 2 8 0.69 50
1 157 2 8 0.74 49
1 157 2 7 0.72 50
1 157 1 7 0.672 47
1 157 1 7 0.664 46
1 157 1 1 0.026 16
1 157 3 1 0.024 15
1 156 2 7 0.752 50
1 156 1 7 0.8 51
1 156 1 7 0.856 50
1 156 1 7 0.712 48
1 156 1 4 0.414 40
1 156 1 4 0.466 41
1 154 1 7 0.742 48
1 154 1 5 0.626 45
1 154 2 9 1.006 58
1 154 2 7 0.952 53
1 154 2 4 0.442 39
1 154 2 7 0.864 51
1 153 1 7 0.7 50
1 153 1 7 0.658 45
1 153 1 10 0.822 48
1 153 1 5 0.484 42
1 153 1 9 0.94 52
1 153 1 8 0.702 47
1 153 1 1 0.026 16
1 153 1 1 0.036 17
1 152 1 9 1.03 59
1 152 1 7 0.652 48
1 152 1 8 0.706 48
1 152 1 7 0.782 50
1 152 2 6 0.654 47
1 152 2 6 0.702 49
1 152 2 1 0.03 16
1 151 2 1 0.026 16
1 151 2 1 0.022 15
1 151 2 7 1.008 52
1 151 2 7 1 51
1 151 2 8 0.78 48
1 151 2 7 0.578 47
1 151 1 8 0.686 49
1 151 1 7 0.846 51
1 150 1 7 0.81 49
1 150 1 8 0.7 46
1 150 1 7 0.688 45
1 150 2 6 0.858 50
1 150 2 7 0.731 51
1 150 2 7 0.914 52
1 149 2 7 0.972 55
1 149 2 7 0.95 51
1 149 2 7 0.748 51
1 149 1 7 0.57 47
1 149 1 7 0.778 50
1 149 1 7 0.748 49
1 148 1 7 0.658 46
1 148 1 6 0.696 50
1 148 1 3 0.376 36
1 148 2 4 0.374 38
1 148 2 7 0.71 49
1 148 2 8 0.726 50
1 147 1 7 0.718 49
1 147 1 7 0.774 47
1 147 1 9 1.074 55
1 147 1 6 0.532 42
1 147 1 1 0.04 18
1 147 2 8 0.832 49
1 147 2 5 0.802 45
1 147 2 1 0.034 17
1 146 1 7 0.954 53
1 146 1 7 0.762 47
1 146 1 7 0.772 49
1 146 2 7 0.86 51
1 146 2 8 1.046 56
1 146 2 7 0.844 52
1 146 2 1 0.048 20
1 146 2 1 0.028 17
1 145 2 4 0.424 38
1 145 2 8 1.014 55
1 145 2 7 0.602 44
1 145 2 1 0.02 15
1 145 1 3 0.496 40
1 145 1 3 0.43 38
1 145 1 3 0.388 37
1 145 1 1 0.028 16
1 144 1 5 0.504 42
1 144 2 7 0.826 51
1 144 2 8 0.816 50
1 144 2 7 0.838 50
1 144 1 7 0.788 51
1 144 1 7 0.684 46
1 144 2 1 0.032 17
1 144 2 1 0.026 16
1 143 1 6 0.54 45
1 143 1 7 0.74 47
1 143 1 7 0.68 48
1 143 1 7 0.892 52
1 143 2 8 0.846 50
1 143 2 7 0.668 47
1 143 1 1 0.028 16
1 143 1 1 0.032 17
1 142 3 1 0.014 14
1 142 1 8 1.044 53
1 142 1 10 0.864 53
1 142 1 6 0.79 48
1 142 2 7 0.906 54
1 142 2 7 0.774 46
1 142 2 8 1.122 54
1 142 2 1 0.024 17
1 141 2 6 0.536 43
1 141 2 7 0.844 49
1 141 2 9 0.994 55
1 141 1 7 0.816 47
1 141 1 6 0.534 44
1 141 1 7 0.714 47
1 141 2 1 0.038 17
1 141 1 1 0.026 16
1 140 2 6 0.766 47
1 140 2 7 0.69 44
1 140 2 7 0.658 44
1 140 2 9 1.212 58
1 140 2 1 0.036 17
1 140 1 9 1.194 56
1 140 1 8 0.868 50
1 140 1 1 0.032 16
1 139 2 8 0.794 49
1 139 2 9 0.922 52
1 139 2 8 1.03 54
1 139 2 7 0.988 52
1 139 1 8 0.766 50
1 139 1 10 1.036 54
1 139 3 1 0.016 13
1 138 1 1 0.038 21
1 138 2 1 0.031 17
1 138 1 7 0.934 52
1 138 2 9 1.512 59
1 138 2 7 0.876 52
1 138 2 8 0.984 55
1 138 2 6 0.82 51
1 138 2 6 0.754 48
1 127 2 1 0.024 16
1 127 2 7 0.65 44
1 127 2 7 0.77 50
1 127 2 2 0.062 22
1 127 2 1 0.014 14
1 127 1 9 1.422 63
1 127 1 6 0.664 49
1 127 1 NA 0.474 41
1 128 2 6 0.664 49
1 128 2 7 0.548 46
1 128 2 5 0.698 46
1 128 1 7 0.7 48
1 128 1 6 0.54 45
1 128 1 6 0.832 51
1 128 3 1 0.012 13
1 128 3 1 0.012 12
1 126 3 1 0.012 13
1 126 3 1 0.008 12
1 126 1 7 0.64 46
1 126 1 7 0.616 46
1 126 1 6 0.594 45
1 126 2 6 0.83 48
1 126 2 6 0.564 45
1 126 2 7 0.716 47
1 125 1 5 0.554 44
1 125 1 8 0.828 53
1 125 1 7 0.686 48
1 125 2 6 0.604 46
1 125 2 6 0.574 46
1 125 2 5 0.496 44
1 125 2 2 0.074 23
1 125 2 2 0.096 25
1 124 2 1 0.026 15
1 124 2 6 0.664 48
1 124 2 7 0.644 46
1 124 1 7 0.522 44
1 124 1 7 0.606 46
1 124 1 5 0.598 44
1 124 1 7 0.934 53
1 124 3 1 0.016 14
1 123 1 2 0.156 28
1 123 1 9 0.83 51
1 123 1 1 0.03 16
1 123 1 1 0.022 15
1 123 2 3 0.216 31
1 123 2 2 0.108 25
1 123 2 2 0.076 23
1 123 2 1 0.028 16
1 122 1 7 0.784 49
1 122 1 7 0.86 52
1 122 1 7 0.666 46
1 122 1 7 0.812 49
1 122 2 12 1.156 59
1 122 2 7 0.7 47
1 122 1 1 0.044 18
1 122 1 1 0.03 16
1 121 1 6 0.842 50
1 121 1 7 0.65 47
1 121 1 7 0.8 50
1 121 1 8 0.686 49
1 121 2 7 0.9 53
1 121 2 7 0.802 58
1 120 1 6 0.734 49
1 120 1 6 0.642 46
1 120 1 6 0.69 46
1 120 1 5 0.464 41
1 120 1 6 0.716 48
1 120 1 7 0.626 47
1 119 1 6 0.728 48
1 119 2 6 0.726 48
1 119 1 6 0.612 45
1 119 1 6 0.674 48
1 119 2 3 0.532 42
1 119 2 5 0.582 45
1 119 2 1 0.028 17
1 117 1 7 0.734 48
1 117 1 7 0.78 50
1 117 1 7 0.734 49
1 117 1 7 0.65 47
1 117 1 6 0.686 47
1 117 1 8 0.842 50
1 117 1 2 0.072 24
1 117 1 2 0.068 22
1 118 2 7 1.006 56
1 118 2 6 0.528 43
1 118 2 7 0.606 48
1 118 2 3 0.266 33
1 118 2 1 0.036 17
1 118 2 1 0.018 14
1 118 1 7 0.696 47
1 118 1 7 0.632 45
1 116 1 7 0.732 47
1 116 1 7 0.622 45
1 116 1 7 0.576 46
1 116 1 3 0.176 30
1 116 1 2 0.042 19
1 116 2 4 0.474 41
1 116 2 6 0.664 45
1 116 3 1 0.01 14
1 115 2 6 0.75 49
1 115 2 7 0.732 48
1 115 2 6 0.558 44
1 115 1 6 0.458 42
1 115 1 7 0.53 45
1 115 1 4 0.522 43
1 115 3 1 0.014 14
1 114 2 6 1.03 57
1 114 2 6 0.654 47
1 114 2 8 0.73 52
1 114 1 6 0.848 53
1 114 1 5 0.56 43
1 114 1 6 0.568 46
1 114 3 1 0.012 13
1 114 3 1 0.01 12
1 113 2 6 0.78 51
1 113 2 7 0.756 51
1 113 2 7 1.306 59
1 113 1 7 0.77 52
1 113 1 6 0.926 57
1 113 1 7 0.622 47
1 112 2 5 0.572 45
1 112 2 7 0.588 47
1 112 1 7 0.62 47
1 112 1 7 0.664 48
1 112 1 8 0.746 51
1 112 1 7 0.676 48
1 111 1 6 0.608 43
1 111 1 7 0.588 48
1 111 1 7 0.532 45
1 111 2 8 0.804 50
1 111 2 7 0.684 49
1 111 2 8 0.572 47
1 111 3 1 0.012 13
1 111 3 1 0.006 11
1 110 2 7 0.698 48
1 110 2 7 0.624 46
1 110 2 6 0.678 47
1 110 1 7 0.534 44
1 110 1 7 0.89 54
1 110 1 7 0.65 47
1 110 3 1 0.01 12
1 109 2 6 0.581 47
1 109 2 7 0.644 46
1 109 2 6 0.516 42
1 109 1 6 0.588 44
1 109 1 8 0.754 49
1 109 1 7 0.586 45
1 109 3 1 0.016 14
1 109 3 1 0.012 13
1 75 2 8 0.664 47
1 75 2 7 0.584 47
1 75 2 1 0.034 17
1 75 1 3 0.31 36
1 75 1 3 0.116 26
1 75 1 5 0.504 42
1 75 1 6 0.618 48
1 75 1 7 0.7 47
1 77 2 10 1.802 63
1 77 2 8 0.98 52
1 77 2 8 0.838 51
1 77 2 2 0.082 24
1 77 1 8 0.966 49
1 77 1 7 0.716 46
1 77 1 6 0.594 44
1 77 3 1 0.02 14
1 76 2 8 1.1 52
1 76 2 7 0.912 52
1 76 2 2 0.046 20
1 76 1 7 1.22 56
1 76 1 7 0.646 47
1 76 1 7 0.746 48
1 76 1 1 0.02 15
1 76 2 6 0.8 48
1 72 1 7 0.752 49
1 72 2 14 2.208 74
1 72 2 7 0.772 50
1 72 2 8 0.956 50
1 72 2 7 0.73 49
1 72 2 7 0.686 46
1 72 2 3 0.11 25
1 72 2 2 0.06 21
1 74 2 7 0.572 46
1 74 2 6 0.612 45
1 74 1 5 0.536 42
1 74 1 6 0.524 42
1 74 1 6 0.562 44
1 74 1 5 0.482 40
1 74 1 2 0.126 28
1 74 1 2 0.046 19
1 73 2 4 0.52 44
1 73 1 2 0.066 23
1 73 2 8 1.17 58
1 73 2 8 0.664 46
1 73 2 1 0.038 18
1 73 1 7 0.75 50
1 73 1 7 0.646 47
1 73 1 5 0.49 41
1 71 2 13 1.73 71
1 71 2 7 0.784 50
1 71 2 7 0.716 49
1 71 2 9 0.942 54
1 71 2 2 0.026 17
1 71 1 7 0.65 46
1 71 1 2 0.074 24
1 71 1 7 0.696 46
1 70 2 8 0.944 54
1 70 2 7 0.67 49
1 70 2 7 0.746 47
1 70 2 3 0.196 31
1 70 2 2 0.106 25
1 70 2 2 0.088 24
1 69 2 7 0.658 47
1 70 1 6 0.54 43
1 70 1 7 0.604 46
1 69 2 6 0.632 46
1 69 1 7 0.616 46
1 69 1 7 0.594 46
1 69 1 6 0.536 43
1 69 1 8 0.84 52
1 69 3 1 0.008 11
1 69 3 1 0.01 11
1 68 2 2 0.084 24
1 68 2 7 0.81 50
1 68 2 7 0.786 51
1 68 2 5 0.538 42
1 68 2 7 0.712 47
1 68 2 7 0.588 44
1 68 1 2 0.082 23
1 68 1 7 0.61 47
1 67 3 1 0.014 14
1 67 3 1 0.006 10
1 67 2 7 0.718 51
1 67 2 7 0.826 50
1 67 1 8 0.712 48
1 67 1 7 0.626 46
1 67 1 8 0.952 51
1 67 1 NA 0.68 45
1 66 3 1 0.008 11
1 66 3 1 0.006 10
1 66 2 7 0.696 49
1 66 2 8 0.83 53
1 66 2 9 0.966 55
1 66 2 7 0.676 47
1 66 1 7 0.596 47
1 66 1 6 0.76 49
1 65 3 1 0.012 14
1 65 3 1 0.01 12
1 65 2 7 0.6 47
1 65 2 8 0.648 47
1 65 2 NA 0.782 50
1 65 2 7 0.784 51
1 65 1 7 0.704 52
1 65 1 7 0.608 47
1 64 2 9 0.954 52
1 64 2 6 0.622 49
1 64 2 7 0.65 46
1 64 2 7 0.898 53
1 64 2 5 0.624 46
1 64 1 6 0.604 46
1 64 3 1 0.014 13
1 64 3 1 0.01 12
1 61 2 7 0.768 51
1 61 2 7 0.632 47
1 61 2 3 0.212 31
1 61 2 7 0.664 46
1 61 1 7 0.58 45
1 61 1 6 0.7 47
1 61 1 2 0.066 21
1 61 3 1 0.016 14
1 63 2 7 0.63 47
1 63 2 5 0.668 45
1 63 2 7 0.94 54
1 63 2 7 0.718 48
1 63 1 7 0.728 48
1 63 1 5 0.322 36
1 63 1 2 0.08 23
1 63 3 1 0.014 13
1 62 2 8 1.006 50
1 62 2 6 0.604 46
1 62 2 7 0.766 47
1 62 2 7 1.026 55
1 62 2 3 0.11 24
1 62 2 1 0.026 16
1 62 1 9 1.046 56
1 62 1 6 0.566 43
1 60 3 1 0.02 15
1 60 2 1 0.046 19
1 60 2 7 0.664 46
1 60 2 7 0.68 48
1 60 2 4 0.462 39
1 60 1 6 0.588 45
1 60 1 7 0.65 46
1 60 1 7 0.59 46
1 59 2 8 0.53 45
1 59 1 7 0.676 47
1 59 1 5 0.506 41
1 59 1 6 0.49 41
1 59 1 6 0.528 43
1 59 3 1 0.014 13
1 59 2 3 0.154 29
1 59 2 4 0.356 38
1 58 3 1 0.004 9
1 58 3 1 0.008 11
1 58 2 7 0.808 52
1 58 2 7 0.714 51
1 58 1 7 0.642 45
1 58 1 8 0.726 48
1 58 1 5 0.554 45
1 58 1 6 0.59 46
1 57 1 15 1.764 66
1 57 1 15 0.946 58
1 57 1 9 0.914 54
1 57 2 8 0.71 50
1 57 2 8 0.994 56
1 57 2 7 0.824 51
1 57 3 1 0.008 11
1 57 3 1 0.006 10
1 56 1 6 0.614 45
1 56 1 7 0.56 47
1 56 1 7 0.62 47
1 56 1 6 0.614 44
1 56 1 7 0.712 49
1 56 1 6 0.682 48
1 56 3 1 0.008 11
1 55 2 15 1.418 62
1 56 3 1 0.006 10
1 55 3 1 0.006 10
1 55 3 1 0.004 9
1 55 2 9 0.984 55
1 55 2 7 0.934 53
1 55 1 9 1.442 60
1 55 1 8 0.908 52
1 55 1 9 0.856 51
1 54 3 1 0.008 11
1 54 3 1 0.008 11
1 54 2 9 0.99 52
1 54 2 7 0.998 53
1 54 2 10 0.92 51
1 54 2 14 1.524 63
1 54 2 7 0.768 51
1 54 2 9 0.99 55
1 53 3 1 0.016 13
1 53 3 1 0.014 13
1 53 1 13 0.952 55
1 53 1 8 0.858 52
1 53 1 8 1.044 54
1 53 2 17 1.534 70
1 53 2 13 1.174 60
1 53 2 11 0.978 54
1 52 3 1 0.012 13
1 52 3 1 0.01 12
1 52 1 10 0.896 54
1 52 1 9 0.878 53
1 52 1 8 0.944 55
1 52 2 8 0.778 51
1 52 2 9 0.946 55
1 52 2 10 0.858 54
1 51 2 6 0.544 42
1 51 2 7 0.82 52
1 51 2 6 0.588 47
1 51 1 7 0.646 45
1 51 1 6 0.494 43
1 51 1 7 0.646 47
1 51 3 1 0.01 12
1 51 3 1 0.01 11
1 48 2 6 0.514 43
1 48 2 11 1.404 59
1 48 2 7 0.778 47
1 48 1 7 0.835 50
1 48 1 6 0.564 42
1 48 1 2 0.096 23
1 48 1 13 2.15 69
1 48 3 1 0.018 14
1 50 2 7 0.558 46
1 50 2 2 0.112 26
1 50 2 7 0.576 46
1 50 2 6 0.596 44
1 50 1 7 0.586 44
1 50 1 6 0.65 47
1 50 1 6 0.536 44
1 50 1 1 0.024 15
1 49 1 7 0.692 47
1 49 1 6 0.51 43
1 49 1 7 0.58 43
1 49 1 7 0.67 48
1 49 1 6 0.572 43
1 49 1 2 0.09 25
1 49 2 6 0.556 44
1 49 3 1 0.01 12
1 47 2 3 0.238 33
1 47 2 6 0.584 44
1 47 2 9 0.768 48
1 47 2 7 0.71 49
1 47 1 6 0.494 42
1 47 1 7 0.7 46
1 47 1 2 0.106 25
1 47 1 1 0.022 15
1 46 2 10 1.1 58
1 46 2 2 0.186 29
1 46 2 2 0.102 25
1 46 2 6 0.912 50
1 46 2 11 2.258 65
1 46 2 8 0.794 50
1 46 1 8 0.65 45
1 46 1 8 0.752 46
1 45 2 7 0.69 49
1 45 2 8 1.132 57
1 45 2 6 0.828 48
1 45 2 6 0.67 45
1 45 2 7 0.71 46
1 45 2 2 0.12 25
1 45 1 2 0.052 20
1 45 2 7 0.9 48
1 44 2 3 0.384 36
1 44 2 3 0.236 32
1 44 2 6 0.6 45
1 44 1 7 0.942 53
1 44 1 7 0.896 48
1 44 1 7 0.79 47
1 44 1 2 0.1 24
1 44 1 8 0.949 50
1 43 2 7 0.872 48
1 43 2 7 0.74 47
1 43 2 1 0.038 18
1 43 1 7 0.774 49
1 43 1 7 0.694 45
1 43 1 6 0.674 45
1 43 1 6 0.69 46
1 43 3 1 0.02 14
1 42 2 9 1.488 59
1 42 2 9 1.232 55
1 42 2 7 0.824 50
1 42 2 14 1.55 65
1 42 2 12 1.504 66
1 42 2 7 1.084 54
1 42 2 1 0.03 16
1 42 3 1 0.018 13
1 41 1 3 0.414 39
1 41 1 6 0.548 44
1 41 1 7 0.89 48
1 41 1 2 0.084 23
1 41 1 3 0.392 38
1 41 1 7 0.446 44
1 41 1 6 0.544 43
1 41 2 3 0.07 22
1 15 2 1 0.024 16
1 15 2 6 0.484 41
1 15 2 7 0.696 49
1 15 2 7 0.666 47
1 15 1 6 0.756 46
1 15 1 5 0.49 41
1 15 1 6 0.572 44
1 15 3 1 0.02 15
1 14 2 7 0.792 50
1 14 2 5 0.448 41
1 14 2 3 0.354 36
1 14 1 3 0.268 33
1 14 1 3 0.362 36
1 14 1 6 0.618 44
1 14 2 2 0.142 27
1 14 1 1 0.022 15
1 13 2 7 0.89 49
1 13 2 7 0.824 50
1 13 2 8 1.136 53
1 13 2 8 1.116 56
1 13 1 8 0.786 51
1 13 1 6 0.758 47
1 11 1 9 1.45 63
1 11 1 8 0.856 51
1 11 1 10 0.96 54
1 11 2 10 1.018 58
1 11 2 8 0.908 54
1 11 2 7 0.762 50
1 11 2 1 0.02 15
1 11 2 1 0.018 14
1 12 2 7 0.658 46
1 12 2 7 0.694 47
1 12 2 7 0.588 45
1 12 2 6 0.59 44
1 12 2 6 0.604 45
1 12 2 8 0.972 50
1 12 3 1 0.012 13
1 12 3 1 0.01 12
1 10 2 9 1.494 63
1 10 2 6 0.846 48
1 10 2 7 0.872 48
1 10 2 7 0.626 47
1 10 1 7 0.618 45
1 10 1 9 0.93 54
1 10 3 1 0.022 15
1 10 3 1 0.022 15
1 9 2 4 0.528 42
1 9 2 8 0.834 50
1 9 2 7 0.696 49
1 9 2 2 0.07 23
1 9 2 6 0.576 41
1 9 1 5 0.614 44
1 9 1 6 0.612 44
1 9 1 1 0.024 16
1 8 2 NA 1.11 55
1 8 2 7 0.9 52
1 8 2 10 1.162 54
1 8 2 7 0.694 47
1 8 2 9 1.076 55
1 8 2 6 0.652 49
1 8 1 2 0.132 27
1 8 1 2 0.128 26
1 7 2 6 0.624 44
1 7 1 7 0.928 51
1 7 1 3 0.256 34
1 7 1 2 0.06 21
1 7 1 1 0.044 19
1 7 2 7 0.964 50
1 7 2 NA 1.048 51
1 7 2 6 0.528 41
1 6 2 9 1.572 57
1 6 2 7 1.186 54
1 6 2 7 0.778 49
1 6 2 2 0.142 27
1 6 2 2 0.086 23
1 6 1 8 0.926 50
1 6 1 7 0.808 51
1 6 1 8 0.548 48
1 5 2 6 0.514 42
1 5 2 8 0.926 50
1 5 2 8 1.056 55
1 5 1 6 0.642 45
1 5 1 7 0.744 48
1 5 1 7 0.822 50
1 5 1 1 0.024 16
1 5 2 1 0.024 16
1 4 2 1 0.046 19
1 4 2 1 0.028 16
1 4 2 7 0.718 49
1 4 2 7 0.746 48
1 4 2 7 0.704 45
1 4 2 3 0.46 39
1 4 2 3 0.346 36
1 4 2 3 0.366 37
1 3 2 6 0.62 45
1 3 2 7 0.776 47
1 3 1 9 1.024 55
1 3 1 7 0.496 40
1 3 1 7 0.93 51
1 3 1 7 0.782 47
1 2 2 1 0.03 17
1 2 2 6 0.724 45
1 2 2 6 0.704 47
1 2 1 7 0.954 51
1 2 1 6 0.616 43
1 2 1 7 0.704 46
1 2 1 7 0.906 51
1 354 2 12 1.074 61
1 354 2 10 1.536 66
1 354 1 13 1.188 60
1 354 1 9 1.456 64
1 353 2 9 1.964 69
1 353 2 9 1.184 62
1 353 2 8 1.682 66
1 353 2 18 1.658 67
1 353 3 1 0.02 14
1 353 3 1 0.01 12
1 352 1 20 1.83 70
1 352 1 15 1.726 69
1 352 2 8 1.386 63
1 352 2 9 1.088 57
1 351 2 7 1.344 60
1 351 1 9 1.096 57
1 351 2 13 1.92 70
1 351 2 8 1.138 60
1 350 2 6 0.828 50
1 350 2 8 1.026 53
1 350 1 7 0.84 52
1 350 1 8 0.962 52
1 349 2 7 1.022 54
1 349 1 7 1.124 56
1 349 2 8 1.126 57
1 349 1 8 0.948 53
1 349 3 1 0.032 16
1 349 3 1 0.026 15
1 348 1 10 1.466 64
1 348 1 7 1.684 64
1 347 1 7 0.764 51
1 348 2 11 1.492 62
1 348 2 7 1.302 58
1 347 1 8 0.744 52
1 347 1 7 0.996 54
1 347 2 8 0.88 50
1 346 2 10 1.55 65
1 346 2 11 1.04 58
1 346 2 8 0.958 58
1 346 2 8 1.006 57
1 345 1 8 0.974 54
1 345 1 10 1.26 57
1 345 2 8 1.4 58
1 345 1 9 1.288 57
1 345 1 8 1.08 55
1 345 1 8 1.354 58
1 344 1 7 0.744 48
1 344 1 7 0.732 48
1 344 1 3 0.436 39
1 344 1 3 0.366 38
1 344 2 3 0.452 39
1 344 2 3 0.444 40
1 343 1 7 0.902 53
1 343 2 8 1.244 60
1 343 2 5 0.84 49
1 343 2 7 0.798 49
1 343 1 5 0.674 46
1 343 1 6 0.664 45
1 342 1 7 0.82 52
1 342 1 6 0.624 45
1 342 2 5 0.746 48
1 342 2 7 0.798 50
1 342 2 7 0.954 52
1 342 2 6 0.646 47
1 341 1 7 1.376 61
1 341 1 9 1.014 56
1 341 1 8 0.858 52
1 341 2 8 1.138 55
1 340 3 1 0.024 15
1 340 3 1 0.018 14
1 340 2 8 0.904 55
1 340 2 7 0.942 54
1 340 1 7 1.092 58
1 340 1 8 1.104 55
1 339 1 13 2.132 69
1 339 2 9 2.654 73
1 339 2 15 2.128 72
1 339 2 14 1.606 66
1 339 2 1 0.02 16
1 339 2 1 0.018 16
1 338 3 1 0.022 15
1 338 3 1 0.02 14
1 338 2 NA 1.794 65
1 338 2 7 1.448 64
1 338 1 10 1.314 58
1 338 1 12 1.682 66
1 337 2 7 1.124 55
1 337 1 7 0.792 50
1 337 2 6 1.362 58
1 337 1 6 0.72 46
1 336 1 7 1.664 66
1 336 2 5 0.932 51
1 336 2 6 1.476 62
1 336 1 7 0.828 51
1 335 1 7 1.01 55
1 335 1 7 0.836 52
1 335 1 7 1 54
1 335 1 7 0.78 48
1 335 2 7 0.876 51
1 335 2 7 0.984 54
1 335 3 1 0.028 16
1 335 3 1 0.02 14
1 334 1 7 0.77 53
1 334 1 7 0.85 50
1 334 1 7 0.916 52
1 334 1 6 0.642 46
1 334 1 9 1.184 60
1 334 2 5 0.51 44
1 314 1 7 0.762 52
1 314 1 7 0.84 52
1 314 1 6 0.63 47
1 314 2 7 0.982 55
1 314 2 7 0.758 52
1 314 2 4 0.426 41
1 314 3 1 0.026 16
1 314 3 1 0.028 16
1 313 1 4 0.408 40
1 313 1 7 0.86 51
1 313 2 4 0.45 41
1 313 1 4 0.468 42
1 313 1 4 0.36 38
1 313 1 4 0.376 40
1 313 2 1 0.04 17
1 313 2 1 0.034 16
1 312 2 8 0.998 57
1 312 3 1 0.02 15
1 312 3 1 0.022 16
1 312 2 9 0.922 57
1 312 2 3 0.198 31
1 312 1 5 0.616 48
1 312 1 3 0.364 38
1 312 1 8 0.788 50
1 311 3 1 0.016 12
1 311 3 1 0.026 14
1 311 1 9 1.416 63
1 311 1 3 0.412 39
1 311 1 3 0.28 35
1 311 2 3 0.43 42
1 311 2 3 0.348 36
1 311 2 3 0.222 32
1 307 3 1 0.026 15
1 307 3 1 0.018 13
1 307 1 8 1.298 57
1 307 2 10 1.586 61
1 307 2 15 1.805 68
1 307 2 7 0.994 55
1 310 3 1 0.024 14
1 310 3 1 0.016 13
1 310 2 7 1.218 56
1 310 2 3 0.35 37
1 310 1 8 1.036 56
1 310 1 4 0.518 43
1 309 3 1 0.006 11
1 309 3 1 0.008 12
1 309 2 14 1.746 65
1 309 2 18 2.486 75
1 309 1 10 1.982 67
1 309 1 18 3.034 80
1 308 3 1 0.012 14
1 308 3 1 0.008 11
1 308 1 14 1.502 65
1 308 1 10 1.464 63
1 308 2 NA 1.638 66
1 308 2 7 1.346 62
1 306 3 1 0.036 15
1 306 3 1 0.034 15
1 306 2 7 0.932 54
1 306 2 8 1.1 55
1 306 1 7 0.738 48
1 306 1 7 0.536 45
1 305 1 3 0.292 35
1 305 1 3 0.38 38
1 305 2 3 0.358 38
1 305 2 3 0.208 31
1 304 1 3 0.368 39
1 304 2 3 0.466 42
1 304 1 6 0.798 50
1 304 1 2 0.156 28
1 304 2 1 0.028 17
1 304 3 1 0.014 14
1 303 1 1 0.036 18
1 303 2 1 0.028 16
1 303 1 3 0.412 40
1 303 1 3 0.306 36
1 303 2 3 0.366 37
1 303 2 8 1.132 56
1 302 1 7 0.892 53
1 302 1 3 0.292 34
1 302 1 3 0.256 34
1 302 3 1 0.012 15
1 302 1 3 0.358 39
1 302 1 3 0.32 36
1 302 2 7 1.158 62
1 302 3 1 0.014 15
1 301 1 8 1.016 55
1 301 1 10 1.222 59
1 301 1 4 0.518 43
1 301 1 3 0.564 43
1 301 1 3 0.43 41
1 301 1 3 0.476 41
1 300 1 6 0.678 47
1 300 1 6 0.868 51
1 300 1 7 0.678 48
1 300 1 3 0.3 36
1 300 2 7 0.894 54
1 300 2 7 0.794 52
1 298 2 3 0.418 40
1 298 1 1 0.03 18
1 298 2 1 0.034 18
1 298 2 6 0.944 55
1 298 1 3 0.31 37
1 298 1 3 0.338 37
1 299 1 2 0.202 31
1 299 3 1 0.018 15
1 299 3 1 0.012 12
1 299 2 7 0.584 49
1 299 1 6 0.822 48
1 299 1 3 0.318 37
1 299 1 3 0.31 35
1 299 1 3 0.29 36
1 297 1 7 1.052 55
1 297 1 6 0.49 45
1 297 2 2 0.162 29
1 297 2 2 0.198 31
1 297 2 8 1.162 58
1 297 2 7 1.004 55
1 296 1 10 1.234 57
1 296 2 7 1.09 58
1 296 2 7 1.026 58
1 296 1 3 0.444 40
1 296 3 1 0.03 15
1 296 1 1 0.036 18
1 295 2 7 0.88 51
1 295 1 7 0.978 55
1 295 1 7 0.862 50
1 295 1 10 1.194 57
1 294 3 1 0.006 10
1 294 2 10 1.282 61
1 294 2 6 1.382 60
1 294 1 8 1.244 58
1 294 1 18 1.502 64
1 293 3 1 0.012 12
1 293 3 1 0.006 9
1 293 2 9 1.97 66
1 293 2 19 2.2 72
1 293 2 10 1.736 63
1 293 1 12 1.678 63
1 292 3 1 0.008 11
1 292 2 7 1.134 56
1 292 2 6 0.936 53
1 292 1 7 0.98 57
1 292 1 7 0.998 54
1 290 2 3 0.326 36
1 290 2 3 0.344 36
1 290 2 3 0.334 36
1 290 1 3 0.168 28
1 291 1 7 1.474 57
1 291 1 10 1.254 60
1 291 2 11 1.998 64
1 291 2 8 1.13 56
1 291 3 1 0.008 10
1 291 3 1 0.016 13
1 289 3 1 0.014 12
1 289 3 1 0.016 12
1 289 2 7 1.208 60
1 289 1 7 1.382 59
1 289 1 7 1.062 58
1 289 1 7 1.008 56
1 288 1 6 0.746 51
1 288 3 1 0.012 13
1 288 3 1 0.008 11
1 288 2 NA 0.352 37
1 288 2 7 0.994 54
1 288 2 7 0.808 50
1 287 3 1 0.006 10
1 287 1 1 0.022 16
1 287 2 6 0.752 50
1 287 2 8 1.222 60
1 287 2 6 0.716 50
1 287 1 7 0.86 54
1 286 2 3 0.434 38
1 286 2 3 0.314 37
1 286 1 4 0.376 37
1 286 2 2 0.154 28
1 286 1 2 0.124 27
1 286 1 3 0.374 38
1 285 2 3 0.264 34
1 285 2 3 0.296 36
1 285 2 3 0.306 36
1 285 2 3 0.31 36
1 284 1 6 0.454 41
1 284 2 3 0.272 34
1 284 1 3 0.28 35
1 284 2 3 0.334 38
1 284 3 1 0.02 15
1 284 3 1 0.018 15
1 284 2 3 0.296 35
1 284 1 7 0.824 52
1 283 1 1 0.04 19
1 283 1 6 0.538 43
1 283 1 3 0.278 34
1 283 1 2 0.21 32
1 283 2 3 0.298 34
1 283 2 3 0.288 34
1 283 2 3 0.32 36
1 283 2 1 0.06 18
1 282 1 6 0.696 47
1 282 1 4 0.384 39
1 282 1 3 0.454 40
1 282 2 8 0.886 53
1 282 2 7 0.752 49
1 282 2 6 0.452 41
1 281 2 7 0.698 51
1 281 1 7 0.976 52
1 281 1 7 0.94 51
1 281 1 8 0.672 47
1 281 2 8 0.97 55
1 281 1 7 0.806 49
1 246 1 7 0.806 50
1 246 1 NA 0.65 46
1 246 1 8 0.846 51
1 246 1 6 0.594 43
1 246 2 7 0.592 40
1 246 1 7 0.938 52
1 245 1 6 0.73 47
1 245 2 7 1.12 56
1 245 2 8 0.675 50
1 245 2 7 0.75 51
1 245 2 9 0.98 54
1 245 1 5 0.67 41
1 245 1 1 0.024 16
1 244 1 8 0.882 53
1 244 1 8 1.01 58
1 244 2 7 0.95 53
1 244 2 8 1.126 55
1 244 2 8 0.912 53
1 244 2 5 0.402 41
1 243 2 7 0.99 52
1 243 2 7 0.984 52
1 243 2 8 1.226 59
1 243 2 7 1.084 55
1 243 1 7 0.904 53
1 243 1 7 0.818 48
1 242 1 7 0.706 48
1 242 1 3 0.284 35
1 242 1 3 0.296 35
1 242 2 8 1.29 60
1 242 2 7 1.014 54
1 242 2 3 0.352 36
1 241 2 9 1.556 62
1 241 2 9 1.434 61
1 241 1 3 0.376 37
1 241 2 6 0.836 51
1 241 1 8 0.872 53
1 241 1 6 0.572 46
1 240 1 7 0.828 50
1 240 1 3 0.406 38
1 240 2 7 1.044 57
1 240 2 7 0.738 49
1 240 2 3 0.268 34
1 240 1 7 0.822 50
1 239 2 7 1.056 56
1 239 2 3 0.346 36
1 239 2 1 0.026 16
1 239 1 8 0.964 54
1 239 1 3 0.342 36
1 239 1 2 0.156 28
1 238 2 9 1.174 55
1 238 1 8 0.958 54
1 238 1 8 0.872 50
1 238 2 9 1.374 60
1 238 2 7 0.852 51
1 238 1 7 0.926 50
1 237 2 7 1.018 55
1 237 2 3 0.324 36
1 237 1 3 0.29 35
1 237 1 3 0.342 37
1 237 1 3 0.294 35
1 237 1 3 0.336 38
1 237 3 1 0.022 16
1 237 3 1 0.026 16
1 234 1 7 0.576 45
1 234 1 5 0.57 47
1 234 1 5 0.494 43
1 234 1 5 0.482 43
1 234 2 10 2.08 70
1 234 2 8 0.628 48
1 234 3 1 0.012 12
1 236 1 5 0.51 44
1 236 1 5 0.496 44
1 236 2 5 0.492 44
1 236 1 3 0.382 39
1 236 1 3 0.248 35
1 236 1 3 0.174 31
1 236 1 1 0.036 19
1 236 3 1 0.012 15
1 235 1 15 1.958 67
1 235 2 7 0.788 52
1 235 1 9 0.996 55
1 235 1 3 0.316 36
1 235 1 7 0.618 48
1 235 2 3 0.31 36
1 235 3 1 0.022 16
1 235 3 1 0.028 17
1 233 2 7 1.058 55
1 233 1 3 0.512 43
1 233 1 3 0.216 32
1 233 1 2 0.182 30
1 233 1 2 0.046 19
1 233 2 1 0.038 17
1 232 1 7 0.74 49
1 232 1 7 0.75 48
1 232 1 7 0.736 50
1 232 1 5 0.826 50
1 232 3 1 0.01 11
1 232 3 1 0.014 14
1 231 3 1 0.012 12
1 231 3 1 0.014 13
1 231 2 7 0.8 51
1 231 1 7 0.805 51
1 231 2 7 0.803 51
1 231 1 7 0.584 47
1 230 2 7 0.936 51
1 230 1 6 0.848 49
1 230 2 8 1.01 55
1 230 2 8 1.454 62
1 229 2 7 1.392 59
1 229 2 7 0.978 58
1 229 1 8 1.516 64
1 229 1 8 1.432 60
1 229 3 1 0.008 11
1 229 3 1 0.006 10
1 228 1 15 1.814 66
1 228 1 7 1.444 58
1 228 2 9 2.004 69
1 228 2 9 2.226 72
1 227 2 9 1.554 62
1 227 2 6 1.27 57
1 227 2 6 1.42 59
1 227 3 1 0.01 11
1 227 3 1 0.004 9
1 227 2 12 2.852 76
1 226 2 9 1.814 64
1 226 1 9 1.154 60
1 226 1 9 1.284 61
1 226 2 9 1.046 56
1 225 3 1 0.004 10
1 225 3 1 0.004 10
1 225 2 8 0.876 53
1 225 1 7 0.842 53
1 225 1 8 1.064 57
1 225 1 9 1.272 61
1 224 2 7 0.824 52
1 224 2 7 0.802 52
1 224 2 7 0.878 52
1 224 2 7 0.81 51
1 224 3 1 0.014 14
1 224 3 1 0.008 11
1 223 1 6 0.668 51
1 223 1 8 0.822 53
1 223 2 7 0.728 50
1 223 2 7 0.832 50
1 222 3 1 0.01 10
1 222 1 7 1.112 56
1 222 2 12 1.724 67
1 222 2 8 1.314 58
1 222 2 9 1.006 57
1 222 3 1 0.016 13
1 221 1 7 0.836 52
1 221 1 7 0.938 52
1 221 2 8 1.082 56
1 221 2 15 2.932 75
1 220 1 7 0.902 53
1 220 1 7 0.81 52
1 220 2 8 1.472 62
1 220 2 7 1.028 56
1 216 1 5 0.71 48
1 216 2 9 1.468 61
1 216 1 7 0.738 51
1 216 2 7 0.72 50
1 216 3 1 0.024 14
1 216 3 1 0.03 14
1 219 1 8 0.92 52
1 219 1 6 0.674 49
1 219 2 6 0.69 50
1 219 1 8 1.066 57
1 219 3 1 0.008 12
1 219 1 1 0.024 17
1 218 2 7 0.814 51
1 218 1 7 0.882 53
1 218 1 11 1.296 59
1 218 2 7 0.772 51
1 218 3 1 0.022 15
1 218 3 1 0.016 15
1 217 2 6 1.07 54
1 217 2 7 0.824 49
1 217 1 7 0.876 54
1 217 1 6 0.572 45
1 217 1 2 0.068 22
1 217 2 2 0.058 20
1 215 3 1 0.03 16
1 215 3 1 0.016 14
1 215 1 7 0.698 51
1 215 1 7 0.782 52
1 215 1 6 0.722 50
1 215 2 7 0.786 52
1 215 2 8 0.824 54
1 215 2 7 1.348 63
1 214 2 7 0.804 52
1 214 1 5 0.488 43
1 214 2 7 0.662 48
1 214 1 4 0.42 40
1 214 1 6 0.772 50
1 214 2 3 0.46 39
1 214 3 1 0.03 16
1 214 3 1 0.022 15
1 213 2 7 0.608 47
1 213 2 3 0.404 37
1 213 2 3 0.272 35
1 213 1 5 0.486 43
1 213 1 3 0.338 37
1 213 1 3 0.298 35
1 213 3 1 0.016 14
1 213 3 1 0.012 13
1 212 2 8 1.152 54
1 212 2 3 0.292 35
1 212 2 3 0.29 35
1 212 1 7 0.816 50
1 212 1 3 0.364 37
1 212 1 3 0.336 37
1 212 3 1 0.024 18
1 212 3 1 0.016 15
1 211 1 6 0.442 40
1 211 1 7 0.756 49
1 211 1 7 0.798 50
1 211 2 8 1.172 57
1 211 2 7 0.786 51
1 211 2 5 0.662 47
1 210 1 5 0.736 49
1 210 1 8 0.8 51
1 210 2 6 0.786 49
1 210 2 9 0.934 55
1 210 2 7 0.726 48
1 210 2 7 0.734 49
1 206 2 7 1.372 55
1 206 1 7 0.706 47
1 206 1 6 0.728 49
1 206 2 7 0.922 51
1 206 2 10 1.094 61
1 206 2 7 0.756 49
1 209 1 7 0.962 54
1 209 1 7 0.71 48
1 209 1 7 0.788 53
1 209 2 6 0.662 48
1 209 2 6 1.018 56
1 209 2 7 0.93 53
1 208 1 7 0.758 49
1 208 1 5 0.88 50
1 208 2 10 0.874 54
1 208 2 8 0.754 48
1 208 2 7 1.192 58
1 208 2 7 0.848 51
1 207 2 6 0.838 50
1 207 3 1 0.026 17
1 207 1 8 0.74 48
1 207 2 6 0.856 50
1 207 2 6 0.72 46
1 207 2 7 0.822 51
1 207 2 7 0.876 52
1 202 1 7 0.946 50
1 202 1 6 0.628 47
1 202 1 3 0.496 41
1 202 1 7 0.7 49
1 202 2 7 0.658 46
1 202 2 7 0.582 45
1 202 3 1 0.028 13
1 202 3 1 0.032 14
1 205 2 6 0.722 49
1 205 2 7 0.812 50
1 205 1 8 0.688 47
1 205 1 7 0.776 49
1 205 1 6 0.582 44
1 205 1 6 0.692 46
1 205 3 1 0.036 17
1 205 3 1 0.028 17
1 204 1 8 0.84 50
1 204 1 7 0.644 46
1 204 1 7 0.806 50
1 204 1 5 0.706 48
1 204 2 6 0.812 50
1 204 2 3 0.348 35
1 203 2 5 0.682 47
1 203 1 6 0.618 47
1 203 2 7 0.716 48
1 203 1 3 0.44 41
1 203 1 7 0.584 48
1 203 1 4 0.35 35
1 201 1 7 0.596 44
1 201 1 7 0.706 48
1 201 1 7 0.638 47
1 201 2 7 0.754 50
1 201 2 2 0.276 33
1 201 2 3 0.492 40
1 201 2 1 0.022 15
1 201 2 1 0.032 16
1 200 1 7 0.628 47
1 200 1 1 0.034 18
1 200 1 6 0.772 50
1 200 1 8 0.942 53
1 200 2 7 0.664 50
1 200 2 7 0.782 51
1 200 2 7 0.684 49
1 199 1 8 0.708 48
1 199 2 7 0.752 52
1 199 2 7 1.07 54
1 199 2 7 0.714 49
1 199 1 2 0.048 19
1 199 3 1 0.014 12
1 198 2 7 0.902 51
1 198 2 6 0.764 50
1 198 1 2 0.062 23
1 198 1 1 0.016 16
1 198 1 7 0.658 48
1 198 2 10 0.816 51
1 197 1 2 0.048 21
1 197 1 3 0.06 23
1 197 1 7 0.656 48
1 197 2 7 0.684 48
1 197 2 7 0.724 51
1 197 2 7 0.67 49
1 196 3 1 0.008 12
1 196 3 1 0.018 15
1 196 2 7 0.714 49
1 196 2 7 0.726 50
1 196 2 7 0.692 48
1 196 2 7 0.686 47
1 195 1 2 0.046 21
1 195 1 7 1.106 56
1 195 1 7 0.832 51
1 195 2 7 0.888 51
1 195 2 9 1.168 59
1 195 2 1 0.012 12
1 194 2 9 0.99 55
1 194 2 8 0.896 53
1 194 2 8 0.754 51
1 194 2 7 0.852 53
1 194 3 1 0.014 15
1 193 2 7 0.648 50
1 194 3 1 0.014 15
1 193 2 8 0.636 48
1 193 2 7 1.042 58
1 193 2 7 0.568 47
1 193 3 1 0.004 11
1 193 3 1 0.004 11
1 190 2 7 0.752 51
1 190 2 9 0.896 52
1 190 2 7 0.724 49
1 190 2 6 0.744 50
1 192 1 2 0.042 20
1 192 1 2 0.046 21
1 192 2 8 0.978 56
1 192 2 7 1.138 58
1 192 2 8 0.802 54
1 192 2 7 0.666 48
1 191 3 1 0.008 11
1 191 1 13 0.778 53
1 191 1 9 0.824 52
1 191 2 9 1.236 60
1 191 2 7 0.882 54
1 189 3 1 0.01 11
1 189 1 1 0.018 15
1 189 2 7 0.952 54
1 189 2 5 0.77 48
1 189 2 8 0.728 49
1 189 1 10 0.71 49
1 189 1 7 0.736 49
1 189 1 6 0.772 49
1 188 1 6 0.662 48
1 188 1 6 0.566 45
1 188 2 8 0.748 52
1 188 2 7 0.566 47
1 188 2 6 0.764 52
1 188 2 7 0.664 48
1 188 3 1 0.014 14
1 188 3 1 0.018 15
1 187 2 8 1.46 63
1 187 2 7 1.038 54
1 187 2 7 1.16 56
1 187 2 4 0.474 42
1 187 1 7 0.58 45
1 187 1 7 0.732 50
1 187 3 1 0.014 13
1 187 3 1 0.022 15
1 186 1 2 0.112 27
1 186 1 6 0.634 47
1 186 1 6 0.522 41
1 186 2 7 0.602 47
1 186 2 2 0.082 24
1 186 2 8 0.692 47
1 186 1 5 0.482 41
1 186 1 7 0.704 48
1 185 2 9 1.204 58
1 185 2 9 1.016 56
1 185 1 6 0.878 53
1 185 1 6 0.77 50
1 185 2 6 0.884 53
1 185 2 6 0.86 53
1 184 1 8 1.412 58
1 184 1 7 0.944 53
1 184 1 6 0.878 50
1 184 1 3 0.444 39
1 184 2 7 0.826 55
1 184 2 9 1.204 59
1 183 1 7 0.704 46
1 183 1 5 0.604 46
1 183 1 8 0.808 50
1 183 1 8 0.722 49
1 183 1 8 0.756 48
1 183 1 7 0.596 45
1 183 1 1 0.024 17
1 183 3 1 0.032 17
1 182 3 1 0.012 12
1 182 2 1 0.022 15
1 182 2 8 0.774 51
1 182 2 7 0.652 46
1 182 1 8 0.742 48
1 182 1 9 0.786 51
1 182 1 8 0.622 49
1 182 1 8 0.644 49
1 181 1 1 0.022 17
1 181 2 1 0.028 17
1 181 2 7 0.978 50
1 181 1 7 0.866 52
1 181 1 7 0.652 48
1 181 1 5 0.658 47
1 181 1 6 0.742 50
1 181 1 5 0.582 45
1 180 1 1 0.048 18
1 180 1 6 0.75 50
1 180 1 7 0.742 48
1 180 1 7 0.67 47
1 180 1 7 0.688 46
1 180 1 7 0.708 48
1 180 2 8 0.948 53
1 180 2 1 0.044 19
1 137 1 8 0.746 48
1 137 1 6 0.732 47
1 137 1 7 0.664 46
1 137 1 7 0.748 48
1 137 2 1 0.034 18
1 137 2 8 0.804 48
1 137 2 7 0.774 51
1 137 2 1 0.02 15
1 136 1 8 0.765 48
1 136 2 7 0.845 51
1 136 2 8 0.878 51
1 136 2 8 0.812 50
1 136 2 7 0.906 56
1 136 2 7 0.986 54
1 135 1 1 0.02 15
1 135 1 8 0.842 49
1 135 1 7 0.612 48
1 135 1 7 0.746 47
1 135 2 8 0.764 50
1 135 2 7 0.808 50
1 135 2 8 0.902 52
1 135 2 2 0.092 25
1 134 2 8 0.894 51
1 134 2 7 0.652 46
1 134 2 5 0.472 43
1 134 1 1 0.028 18
1 134 1 8 0.788 52
1 134 1 1 0.022 16
1 134 1 6 0.432 41
1 134 1 8 0.766 50
1 133 3 1 0.006 11
1 133 3 1 0.006 11
1 133 1 8 0.682 47
1 133 1 6 0.574 48
1 133 1 7 0.682 48
1 133 1 8 0.628 47
1 133 1 7 0.632 45
1 133 1 6 0.518 43
1 132 2 8 0.875 51
1 132 2 7 0.65 48
1 132 2 6 0.555 44
1 132 1 6 0.52 43
1 132 1 7 0.705 48
1 132 1 8 0.43 40
1 132 2 2 0.075 23
1 132 3 1 0.01 11
1 131 3 1 0.01 13
1 131 3 1 0.01 11
1 131 2 6 0.658 47
1 131 2 7 0.806 52
1 131 2 5 0.548 44
1 131 1 7 0.734 49
1 131 1 7 0.668 46
1 131 1 7 0.672 48
1 130 3 1 0.01 11
1 130 3 1 0.006 10
1 130 2 8 0.954 51
1 130 2 7 0.602 46
1 130 2 8 0.692 48
1 130 1 8 0.726 49
1 130 1 8 0.642 47
1 129 3 1 0.008 11
1 130 1 7 0.642 47
1 129 3 1 0.01 12
1 129 2 8 0.666 47
1 129 2 8 0.806 51
1 129 1 8 0.474 43
1 129 1 8 0.858 53
1 129 1 7 0.642 48
1 129 1 7 0.538 43
1 108 2 17 2.286 70
1 108 2 7 0.606 48
1 108 1 7 0.788 52
1 108 2 7 0.934 54
1 108 3 1 0.006 10
1 108 3 1 0.006 10
1 107 2 7 0.834 51
1 107 1 8 1.068 57
1 107 1 7 0.746 50
1 107 1 7 0.986 55
1 107 3 1 0.008 13
1 107 3 1 0.004 10
1 106 1 6 0.668 49
1 106 2 8 0.9 52
1 106 2 7 0.722 49
1 106 2 7 0.752 49
1 106 2 7 0.842 54
1 106 2 5 0.56 44
1 106 3 1 0.008 11
1 106 3 1 0.01 12
1 105 3 1 0.006 10
1 105 1 8 0.58 48
1 105 2 8 0.656 47
1 105 2 7 0.674 49
1 105 2 7 0.726 48
1 105 2 7 0.582 45
1 105 2 8 0.754 51
1 105 2 1 0.032 18
1 104 3 1 0.01 11
1 104 3 1 0.004 9
1 104 1 7 0.654 48
1 104 1 7 0.604 49
1 104 1 8 0.722 50
1 104 2 8 1.102 56
1 104 2 8 0.694 50
1 104 2 7 1.126 56
1 103 1 8 0.7 50
1 103 1 7 0.578 46
1 103 2 7 0.688 49
1 103 2 7 0.522 43
1 103 3 1 0.006 10
1 103 3 1 0.006 10
1 102 3 1 0.008 11
1 102 2 7 0.634 50
1 102 2 8 0.712 52
1 102 1 7 0.922 52
1 102 1 7 0.646 47
1 99 2 7 0.634 49
1 99 1 7 0.76 49
1 99 2 7 0.855 53
1 99 2 8 0.786 50
1 101 1 8 0.672 49
1 101 1 7 0.594 47
1 101 2 7 0.742 51
1 101 2 7 1.126 58
1 101 3 1 0.004 11
1 101 3 1 0.004 10
1 100 1 7 0.612 48
1 100 3 1 0.006 11
1 100 2 7 0.686 50
1 100 2 1 0.04 19
1 100 2 8 0.878 52
1 100 2 7 0.702 50
1 98 1 8 0.674 48
1 98 2 7 0.692 49
1 98 2 7 0.738 51
1 98 2 8 0.596 48
1 98 2 1 0.01 11
1 97 3 1 0.012 13
1 97 3 1 0.006 11
1 97 2 7 0.624 47
1 97 2 7 0.856 53
1 97 1 7 0.982 56
1 97 1 8 0.89 53
1 96 3 1 0.004 10
1 96 3 1 0.006 10
1 96 2 7 0.668 50
1 96 2 8 0.768 52
1 96 1 16 0.952 56
1 96 1 7 0.7 50
1 95 3 1 0.006 10
1 95 3 1 0.008 11
1 95 2 8 0.91 52
1 95 1 7 1.092 56
1 95 1 13 1.126 56
1 95 1 9 0.822 53
1 94 3 1 0.012 13
1 94 3 1 0.01 12
1 94 2 8 0.922 52
1 94 2 8 0.878 52
1 94 2 7 0.768 51
1 94 2 8 0.936 53
1 93 3 1 0.012 11
1 93 3 1 0.014 12
1 93 2 14 1.34 63
1 93 2 16 0.914 57
1 93 1 16 1.57 61
1 93 1 7 0.662 47
1 92 2 8 1.09 57
1 92 2 7 1.054 55
1 92 1 7 0.606 47
1 92 1 8 0.798 53
1 92 3 1 0.006 10
1 92 3 1 0.004 9
1 91 3 1 0.008 11
1 91 3 1 0.006 11
1 91 2 9 1.53 62
1 91 2 7 0.93 55
1 91 1 7 0.806 50
1 91 1 7 0.848 52
1 90 1 14 1.196 56
1 90 2 11 1.516 60
1 90 2 10 0.94 57
1 90 2 9 1.034 58
1 90 3 1 0.008 11
1 90 3 1 0.006 11
1 89 1 10 1.258 58
1 89 2 9 1.068 55
1 89 1 9 1.084 56
1 89 1 8 0.838 52
1 89 3 1 0.008 11
1 89 3 1 0.006 11
1 85 3 1 0.024 14
1 85 3 1 0.01 11
1 85 1 7 0.618 45
1 85 1 7 0.762 50
1 85 2 7 0.862 51
1 85 2 6 0.796 51
1 88 2 10 2.036 65
1 88 2 7 1.016 54
1 88 2 7 1.104 56
1 88 2 7 0.816 51
1 88 3 1 0.02 15
1 88 3 1 0.01 12
1 87 2 9 1.1 57
1 87 2 7 1.164 56
1 87 2 7 0.836 51
1 87 2 8 1.1 56
1 87 1 2 0.042 19
1 87 3 1 0.012 11
1 86 2 7 0.586 46
1 86 2 7 1.396 60
1 86 1 1 0.034 17
1 86 1 7 0.582 45
1 86 1 1 0.032 16
1 86 1 7 0.608 46
1 84 1 7 0.548 45
1 84 1 7 0.636 46
1 84 1 7 0.764 51
1 84 2 7 0.658 48
1 84 2 7 0.646 46
1 84 2 7 0.646 47
1 83 2 6 0.5 42
1 83 1 1 0.022 15
1 83 1 1 0.034 18
1 83 1 2 0.1 25
1 83 1 7 0.638 45
1 83 2 8 0.552 46
1 83 2 7 0.56 45
1 83 2 5 0.476 42
1 82 1 1 0.016 15
1 82 2 1 0.022 16
1 82 2 4 0.514 42
1 82 1 5 0.596 43
1 82 1 5 0.486 41
1 82 1 6 0.566 44
1 82 1 5 0.7 47
1 82 1 4 0.434 40
1 81 3 1 0.012 14
1 81 2 6 0.65 46
1 81 2 6 0.81 49
1 81 2 5 0.638 46
1 81 2 7 0.954 52
1 81 1 2 0.092 25
1 81 1 7 0.784 51
1 81 1 5 0.572 43
1 80 2 7 0.716 49
1 80 2 2 0.068 22
1 80 2 5 0.474 39
1 80 1 3 0.178 30
1 80 1 5 0.5 41
1 80 1 2 0.114 25
1 80 1 5 0.462 41
1 80 1 6 0.546 44
1 79 1 3 0.412 39
1 79 2 3 0.388 38
1 79 2 2 0.068 21
1 79 2 2 0.084 23
1 79 2 13 1.424 61
1 79 2 8 1.18 53
1 79 2 3 0.328 34
1 79 2 10 1.806 62
1 78 2 6 0.676 46
1 78 2 4 0.622 44
1 78 2 2 0.052 21
1 78 2 1 0.018 14
1 78 1 7 0.678 48
1 78 1 7 0.692 48
1 78 1 5 0.544 43
1 78 1 5 0.648 45
1 40 2 1 0.022 16
1 40 2 2 0.066 21
1 40 2 7 0.848 52
1 40 2 5 0.628 46
1 40 2 8 1.04 52
1 40 2 8 0.87 51
1 40 1 6 0.676 48
1 40 1 5 0.57 44
1 39 1 8 0.842 52
1 39 2 7 0.82 52
1 39 2 6 0.784 50
1 39 2 6 0.656 46
1 39 2 4 0.496 41
1 39 2 5 0.692 46
1 39 2 2 0.064 21
1 39 2 1 0.018 14
1 38 1 2 0.028 19
1 38 1 5 0.582 45
1 38 1 9 0.826 53
1 38 1 6 0.718 47
1 38 1 7 0.862 47
1 38 2 2 0.038 19
1 38 2 7 0.606 45
1 38 2 13 1.572 62
1 35 1 2 0.068 22
1 35 3 1 0.022 15
1 35 2 8 1.306 57
1 35 2 7 0.78 49
1 35 1 6 0.826 48
1 35 1 8 0.722 47
1 35 1 5 0.664 47
1 35 1 5 0.622 43
1 37 2 9 1.17 56
1 37 2 7 0.744 48
1 37 2 3 0.244 34
1 37 2 2 0.042 19
1 37 1 1 0.022 14
1 37 1 8 1.018 52
1 37 1 7 0.552 43
1 37 1 6 1.078 53
1 36 3 1 0.014 14
1 36 1 10 1.404 60
1 36 1 5 0.832 50
1 36 1 2 0.068 22
1 36 2 5 0.576 46
1 36 2 7 0.864 50
1 36 2 7 0.868 52
1 36 2 7 0.734 48
1 34 1 5 0.572 43
1 34 1 5 0.532 43
1 34 1 5 0.586 43
1 34 1 1 0.028 16
1 34 1 1 0.046 19
1 34 2 6 1.048 50
1 34 2 5 0.632 44
1 34 2 7 0.664 46
1 33 2 4 0.45 39
1 33 2 3 0.428 38
1 33 2 6 0.708 46
1 33 2 1 0.024 15
1 33 1 8 0.91 49
1 33 1 5 0.506 41
1 33 1 1 0.022 15
1 33 1 4 0.524 43
1 32 1 6 0.552 43
1 32 2 9 0.894 52
1 32 2 6 0.568 41
1 32 2 5 0.634 46
1 32 2 7 0.79 50
1 32 2 5 0.534 41
1 32 2 1 0.034 17
1 32 3 1 0.022 15
1 31 2 8 1.278 58
1 31 2 7 1.208 57
1 31 2 5 0.546 43
1 31 1 3 0.356 35
1 31 1 5 0.498 41
1 31 1 5 0.508 40
1 31 1 2 0.104 24
1 31 1 2 0.038 19
1 30 3 1 0.016 14
1 30 1 2 0.078 22
1 30 1 3 0.248 32
1 30 1 6 0.504 41
1 30 2 8 1.178 53
1 30 2 4 0.366 38
1 30 2 6 0.574 45
1 30 2 5 0.376 38
1 29 1 4 0.296 35
1 29 1 6 0.436 47
1 29 1 5 0.422 40
1 29 3 1 0.018 15
1 29 2 2 0.096 23
1 29 2 10 1.338 57
1 29 2 8 0.802 47
1 29 2 6 0.594 43
1 28 3 1 0.008 14
1 28 1 6 0.63 44
1 28 1 5 0.598 45
1 28 1 7 0.902 52
1 28 1 2 0.048 20
1 28 2 3 0.308 35
1 28 2 5 0.672 46
1 28 2 5 0.524 42
1 27 1 5 0.572 43
1 27 1 6 0.626 44
1 27 1 5 0.626 43
1 27 2 5 0.642 44
1 27 2 3 0.384 35
1 27 2 6 0.798 50
1 26 1 1 0.028 17
1 26 2 1 0.024 16
1 26 2 6 0.592 44
1 26 2 8 1.048 56
1 26 2 6 0.726 49
1 26 2 7 0.728 48
1 26 2 7 1.21 56
1 26 2 7 0.994 54
1 25 3 1 0.022 15
1 25 3 1 0.024 16
1 24 2 1 0.034 16
1 24 3 1 0.022 14
1 24 2 9 1.444 62
1 24 2 13 1.208 59
1 24 2 10 1.452 63
1 24 1 7 0.704 47
1 24 1 7 0.868 50
1 24 2 12 1.3 59
1 23 1 1 0.034 18
1 23 1 1 0.022 15
1 23 1 7 0.59 47
1 23 1 13 1.26 63
1 23 2 9 1.08 56
1 23 2 10 1.058 54
1 23 2 9 1.268 59
1 23 2 10 1.22 58
1 22 2 7 1.018 52
1 22 2 8 1.028 53
1 22 2 8 0.918 52
1 22 2 2 0.082 23
1 22 1 2 0.058 21
1 22 1 5 0.72 45
1 22 1 6 0.622 47
1 22 1 7 0.674 45
1 21 1 7 0.77 50
1 21 2 6 0.94 50
1 21 2 6 0.932 52
1 21 2 7 0.768 51
1 21 2 6 0.722 47
1 21 2 5 0.628 44
1 20 2 1 0.032 16
1 20 2 7 0.786 49
1 20 2 8 1.026 54
1 20 2 8 0.872 50
1 20 2 8 0.902 54
1 20 2 6 0.894 49
1 20 2 5 0.616 45
1 20 1 1 0.044 19
1 19 3 1 0.018 14
1 19 3 1 0.018 14
1 19 2 6 1.1 51
1 19 2 6 0.702 49
1 19 2 5 0.62 45
1 19 2 7 0.756 48
1 19 1 6 0.816 48
1 19 1 7 0.872 49
1 18 1 1 0.034 18
1 18 1 1 0.036 18
1 18 2 3 0.206 32
1 18 2 7 0.66 48
1 18 2 7 0.9 52
1 17 1 1 0.024 17
1 17 1 1 0.02 15
1 17 1 7 0.716 47
1 17 1 7 0.648 48
1 17 2 7 0.91 52
1 17 2 8 0.838 50
1 17 2 9 1.176 58
1 17 2 7 0.732 49
1 16 1 1 0.038 18
1 16 1 1 0.036 18
1 16 1 8 0.864 52
1 16 2 8 0.882 52
1 16 2 8 1.146 54
1 16 2 10 1.136 56
1 16 2 7 0.98 51
1 16 2 9 1.276 61
1 1 3 1 0.012 13
1 1 3 1 0.01 12
1 1 2 9 1.264 58
1 1 2 9 0.944 55
1 1 2 7 0.966 56
1 1 2 10 1.076 55
