1 313 3 14 1
1 313 3 15 1
1 312 2 77 1
1 311 3 13 2
1 311 3 14 1
1 311 3 15 1
1 310 3 8 1
1 310 3 11 2
1 309 1 49 1
1 308 3 11 1
1 308 3 12 2
1 308 3 13 1
1 308 1 73 1
1 308 2 73 1
1 308 2 77 2
1 308 2 79 1
1 307 3 14 4
1 307 3 15 5
1 307 2 73 1
1 306 3 14 1
1 306 1 62 1
1 306 2 69 1
1 306 1 70 2
1 305 1 59 1
1 305 1 60 2
1 305 1 61 2
1 305 1 62 1
1 305 2 62 1
1 305 1 63 2
1 305 1 64 2
1 305 1 65 3
1 305 2 65 4
1 305 1 66 4
1 305 2 66 3
1 305 1 67 5
1 305 2 67 5
1 305 1 68 2
1 305 2 68 3
1 305 1 69 5
1 305 2 69 7
1 305 1 70 1
1 305 2 70 5
1 305 1 71 3
1 305 2 71 6
1 305 1 72 1
1 305 2 72 7
1 305 1 73 2
1 305 2 73 2
1 305 1 74 1
1 305 2 74 4
1 305 1 75 1
1 305 2 75 7
1 305 2 76 1
1 305 2 77 2
1 305 2 78 2
1 305 1 79 1
1 305 2 79 2
1 305 2 80 1
1 304 2 17 1
1 304 1 27 1
1 304 1 40 1
1 304 1 58 1
1 304 2 63 1
1 304 2 64 1
1 304 1 65 1
1 304 2 65 1
1 304 2 67 1
1 304 1 71 1
1 304 2 72 3
1 304 2 74 2
1 304 2 75 1
1 304 2 77 1
1 304 2 80 1
1 303 2 24 1
1 303 2 25 1
1 303 2 26 2
1 303 2 28 1
1 303 2 30 2
1 303 1 58 1
1 303 1 66 1
1 303 1 70 1
1 303 2 70 3
1 303 2 71 2
1 303 2 72 2
1 303 2 73 2
1 303 1 74 1
1 303 2 74 5
1 303 2 75 1
1 303 2 76 2
1 303 2 79 1
1 303 2 80 1
1 302 3 14 1
1 302 2 16 1
1 302 2 25 1
1 302 2 69 1
1 302 1 71 2
1 302 2 73 1
1 302 2 78 1
1 301 3 12 1
1 301 3 13 2
1 301 3 14 1
1 301 1 15 2
1 301 1 16 2
1 301 1 67 2
1 301 2 70 1
1 301 1 71 1
1 301 2 72 3
1 301 1 73 1
1 301 2 73 1
1 301 2 74 2
1 301 1 75 2
1 301 2 75 2
1 301 1 76 1
1 301 2 76 2
1 301 2 77 1
1 301 2 78 1
1 301 2 79 1
1 301 2 83 1
1 300 3 11 2
1 300 3 14 1
1 300 1 67 2
1 300 2 70 1
1 300 1 72 1
1 300 1 73 1
1 300 1 75 1
1 300 2 75 1
1 300 2 77 1
1 299 3 9 1
1 299 3 11 2
1 298 2 82 1
1 297 1 72 1
1 297 1 73 1
1 297 2 75 1
1 297 1 77 1
1 297 2 78 1
1 296 3 13 1
1 296 3 14 1
1 296 2 61 1
1 296 2 75 1
1 295 3 9 1
1 295 3 14 3
1 295 1 15 2
1 295 2 15 7
1 295 1 16 1
1 295 3 16 1
1 295 1 17 1
1 295 3 17 1
1 295 1 25 1
1 295 2 26 1
1 295 1 28 2
1 295 2 29 1
1 295 2 31 1
1 295 2 68 1
1 295 2 69 1
1 295 2 70 1
1 295 1 77 1
1 295 2 77 1
1 295 2 79 1
1 294 3 13 1
1 294 3 14 1
1 294 1 15 1
1 294 3 15 7
1 294 3 16 1
1 294 1 17 2
1 294 2 17 1
1 294 1 26 1
1 294 2 26 1
1 294 2 27 1
1 294 3 44 1
1 294 1 60 1
1 294 1 63 1
1 294 1 64 1
1 294 2 69 1
1 294 2 70 3
1 294 1 73 1
1 294 2 73 2
1 293 3 13 1
1 293 3 16 1
1 293 2 28 1
1 293 2 63 1
1 292 2 15 1
1 292 3 16 2
1 292 1 55 2
1 292 1 57 2
1 292 1 59 2
1 292 2 59 2
1 292 1 60 1
1 292 2 60 3
1 292 1 61 2
1 292 2 61 1
1 292 1 62 3
1 292 2 62 2
1 292 1 63 2
1 292 2 63 1
1 292 2 64 3
1 292 1 65 3
1 292 2 65 2
1 292 2 66 1
1 292 2 67 6
1 292 1 68 1
1 292 2 68 2
1 292 2 69 2
1 292 2 71 2
1 292 2 72 1
1 291 1 25 1
1 291 1 29 1
1 291 2 29 1
1 291 2 30 1
1 291 1 31 1
1 291 2 32 1
1 291 2 33 1
1 291 2 34 1
1 291 1 35 1
1 291 2 35 1
1 291 2 36 1
1 291 1 37 1
1 291 2 37 5
1 291 1 38 6
1 291 2 38 2
1 291 1 39 7
1 291 2 39 7
1 291 1 40 8
1 291 2 40 9
1 291 1 41 5
1 291 2 41 11
1 291 1 42 4
1 291 2 42 7
1 291 1 43 3
1 291 2 43 4
1 291 1 44 1
1 291 2 44 3
1 291 1 45 2
1 291 1 46 1
1 291 2 46 1
1 291 1 47 1
1 291 2 47 1
1 291 1 49 1
1 291 1 50 1
1 291 1 51 1
1 291 2 51 1
1 291 1 55 1
1 291 2 56 1
1 291 1 58 1
1 291 1 59 3
1 291 1 60 3
1 291 1 61 2
1 291 2 61 3
1 291 1 62 2
1 291 2 62 4
1 291 1 63 3
1 291 1 64 2
1 291 2 64 5
1 291 1 65 3
1 291 2 65 2
1 291 2 66 1
1 291 1 67 1
1 291 2 67 3
1 291 1 69 1
1 291 2 69 3
1 291 2 70 4
1 291 2 72 2
1 291 2 73 2
1 291 2 75 1
1 290 1 15 1
1 290 1 28 1
1 290 1 30 1
1 290 1 32 3
1 290 2 33 2
1 290 1 35 1
1 290 2 35 2
1 290 1 36 1
1 290 1 37 3
1 290 2 37 1
1 290 1 38 2
1 290 2 38 2
1 290 1 39 1
1 290 1 40 3
1 290 2 40 2
1 290 1 41 4
1 290 2 41 2
1 290 1 42 5
1 290 2 42 5
1 290 1 43 2
1 290 2 43 6
1 290 1 44 4
1 290 2 44 2
1 290 1 45 5
1 290 2 45 9
1 290 1 46 7
1 290 2 46 3
1 290 1 47 6
1 290 2 47 7
1 290 1 48 3
1 290 2 48 1
1 290 1 49 1
1 290 2 49 7
1 290 1 50 4
1 290 2 50 4
1 290 1 51 4
1 290 2 51 4
1 290 1 52 2
1 290 2 52 3
1 290 1 53 4
1 290 1 54 1
1 290 2 54 1
1 290 1 55 5
1 290 1 56 1
1 290 2 56 1
1 290 1 57 4
1 290 1 58 3
1 290 2 58 1
1 290 1 59 6
1 290 1 60 3
1 290 2 60 2
1 290 1 61 5
1 290 2 61 2
1 290 1 62 7
1 290 2 62 8
1 290 1 63 2
1 290 2 63 4
1 290 1 64 3
1 290 2 64 4
1 290 1 65 2
1 290 2 65 3
1 290 1 66 4
1 290 2 66 3
1 290 1 67 1
1 290 2 67 5
1 290 1 68 3
1 290 2 68 4
1 290 1 69 1
1 290 2 69 2
1 290 1 70 1
1 290 2 70 1
1 290 2 71 1
1 290 2 73 2
1 290 2 74 1
1 289 1 41 1
1 289 2 41 1
1 289 1 43 2
1 289 2 45 2
1 289 1 46 1
1 289 1 47 1
1 289 2 47 1
1 289 1 48 3
1 289 2 48 4
1 289 1 49 1
1 289 2 49 2
1 289 1 50 3
1 289 2 50 3
1 289 1 51 2
1 289 2 51 1
1 289 1 52 2
1 289 2 52 1
1 289 1 53 4
1 289 2 53 1
1 289 1 54 7
1 289 2 54 2
1 289 1 55 4
1 289 2 55 1
1 289 1 56 4
1 289 1 57 2
1 289 2 57 3
1 289 1 58 5
1 289 2 58 2
1 289 1 59 8
1 289 2 59 5
1 289 1 60 7
1 289 2 60 2
1 289 1 61 3
1 289 2 61 11
1 289 1 62 5
1 289 2 62 7
1 289 1 63 3
1 289 2 63 5
1 289 1 64 3
1 289 2 64 4
1 289 2 65 2
1 289 2 66 2
1 289 2 67 2
1 289 2 68 1
1 289 2 69 1
1 289 2 70 1
1 288 2 28 1
1 288 1 40 4
1 288 1 42 4
1 288 2 42 1
1 288 2 43 1
1 288 1 44 4
1 288 2 44 3
1 288 1 45 2
1 288 1 46 8
1 288 2 46 3
1 288 1 47 3
1 288 2 47 2
1 288 1 48 12
1 288 2 48 6
1 288 1 49 4
1 288 1 50 13
1 288 2 50 4
1 288 1 51 3
1 288 2 51 2
1 288 1 52 13
1 288 2 52 7
1 288 1 53 1
1 288 2 53 1
1 288 1 54 16
1 288 2 54 8
1 288 1 55 5
1 288 2 55 2
1 288 1 56 9
1 288 2 56 6
1 288 1 57 3
1 288 1 58 7
1 288 2 58 11
1 288 1 59 1
1 288 2 59 2
1 288 1 60 3
1 288 2 60 3
1 288 2 61 5
1 288 1 62 5
1 288 2 62 3
1 288 2 65 1
1 288 1 73 1
1 287 1 41 1
1 287 1 42 1
1 287 2 45 1
1 287 2 47 1
1 287 1 48 2
1 287 2 48 1
1 287 1 49 2
1 287 2 49 2
1 287 1 50 1
1 287 2 50 2
1 287 1 51 5
1 287 2 51 3
1 287 1 52 10
1 287 1 53 7
1 287 2 53 8
1 287 1 54 3
1 287 2 54 8
1 287 1 55 6
1 287 2 55 8
1 287 1 56 4
1 287 2 56 5
1 287 1 57 3
1 287 2 57 2
1 287 1 58 2
1 287 2 58 4
1 287 1 59 1
1 287 2 59 5
1 287 2 60 7
1 287 2 61 4
1 287 2 62 3
1 287 1 63 1
1 287 2 64 4
1 287 2 65 2
1 287 2 66 2
1 287 2 67 1
1 286 1 28 1
1 286 1 29 2
1 286 2 29 3
1 286 2 30 1
1 286 2 31 1
1 286 1 32 1
1 286 2 32 2
1 286 1 33 2
1 286 2 34 1
1 286 1 36 1
1 286 1 37 1
1 286 2 37 1
1 286 1 38 3
1 286 2 38 1
1 286 1 39 3
1 286 2 39 7
1 286 1 40 4
1 286 2 40 3
1 286 1 41 6
1 286 2 41 4
1 286 1 42 2
1 286 2 42 3
1 286 1 43 2
1 286 2 43 2
1 286 1 44 1
1 286 2 44 6
1 286 1 45 3
1 286 2 45 4
1 286 1 46 4
1 286 1 47 3
1 286 2 47 3
1 286 1 48 4
1 286 2 48 1
1 286 1 49 1
1 286 2 49 2
1 286 1 50 1
1 286 2 50 1
1 286 1 51 1
1 286 2 53 1
1 286 1 54 2
1 286 2 54 1
1 286 1 55 2
1 286 2 56 1
1 286 2 57 1
1 286 1 58 1
1 286 1 59 4
1 286 1 60 1
1 286 2 60 2
1 286 1 61 3
1 286 2 61 3
1 286 1 62 1
1 286 1 63 1
1 286 2 63 5
1 286 1 64 3
1 286 2 64 8
1 286 1 65 3
1 286 2 65 6
1 286 1 66 2
1 286 2 66 1
1 286 1 67 1
1 286 2 67 2
1 286 1 68 1
1 286 2 68 4
1 286 2 69 8
1 286 2 71 3
1 286 2 74 1
1 286 2 75 1
1 285 1 15 1
1 285 2 15 1
1 285 3 15 2
1 285 2 19 1
1 285 1 24 1
1 285 1 25 2
1 285 1 26 2
1 285 2 26 1
1 285 1 27 8
1 285 2 27 2
1 285 1 28 16
1 285 2 28 9
1 285 1 29 11
1 285 2 29 14
1 285 1 30 8
1 285 2 30 13
1 285 1 31 13
1 285 2 31 13
1 285 1 32 8
1 285 2 32 2
1 285 1 33 2
1 285 2 33 4
1 285 1 34 1
1 285 2 34 1
1 285 1 35 1
1 285 2 35 1
1 285 2 36 1
1 285 2 37 2
1 285 1 38 2
1 285 1 39 1
1 285 2 39 2
1 285 1 40 2
1 285 2 40 2
1 285 2 41 1
1 285 1 43 1
1 285 2 43 1
1 285 1 49 1
1 285 1 51 1
1 285 2 51 1
1 285 1 52 1
1 285 1 53 1
1 285 2 54 2
1 285 1 57 1
1 285 1 58 1
1 285 1 59 3
1 285 1 60 1
1 285 1 61 2
1 285 1 62 1
1 285 2 63 1
1 285 1 64 1
1 285 2 64 3
1 285 2 65 2
1 285 1 66 2
1 285 2 66 1
1 285 1 67 1
1 285 2 67 4
1 285 2 68 2
1 285 2 69 1
1 285 2 70 2
1 285 2 71 3
1 285 2 73 3
1 285 2 74 2
1 285 2 77 1
1 285 2 78 1
1 285 2 81 1
1 284 3 14 2
1 284 3 15 2
1 284 3 16 3
1 284 3 17 1
1 284 2 24 1
1 284 2 25 1
1 284 1 26 1
1 284 2 26 2
1 284 1 28 2
1 284 2 28 1
1 284 1 29 1
1 284 2 29 1
1 284 1 31 1
1 284 1 32 1
1 284 1 37 2
1 284 1 38 1
1 284 2 38 1
1 284 1 55 1
1 284 1 56 1
1 284 2 60 2
1 284 1 61 1
1 284 2 64 1
1 284 2 66 2
1 284 2 67 4
1 284 1 68 1
1 284 2 82 1
1 283 3 12 1
1 283 3 13 1
1 283 3 14 3
1 283 3 15 3
1 282 3 11 1
1 282 3 12 3
1 282 3 13 18
1 282 3 14 16
1 282 3 15 15
1 282 1 16 3
1 282 2 16 2
1 282 3 16 1
1 282 1 61 1
1 282 1 66 1
1 282 2 76 1
1 282 2 81 1
1 281 3 13 2
1 281 3 14 2
1 281 2 15 1
1 281 3 15 3
1 281 1 16 1
1 281 2 16 1
1 281 2 70 2
1 281 1 72 2
1 281 2 73 1
1 281 2 76 1
1 280 3 9 1
1 280 3 10 1
1 280 3 11 3
1 280 3 12 1
1 280 3 13 1
1 280 3 14 1
1 280 3 15 1
1 280 1 16 1
1 280 2 18 1
1 280 2 70 1
1 280 2 74 1
1 280 2 76 1
1 279 3 10 1
1 279 3 11 2
1 278 3 7 1
1 278 3 9 1
1 278 3 11 1
1 277 3 9 2
1 277 3 10 3
1 277 1 72 1
1 276 3 7 2
1 276 3 8 4
1 276 3 9 10
1 276 3 10 1
1 275 3 7 2
1 275 3 8 7
1 275 3 9 19
1 275 3 10 15
1 275 3 11 8
1 275 3 12 3
1 275 3 13 1
1 275 3 14 2
1 275 1 70 1
1 275 1 73 1
1 274 3 8 1
1 274 3 13 1
1 274 1 69 1
1 274 1 72 1
1 274 1 77 1
1 274 2 77 2
1 274 1 78 1
1 274 2 79 1
1 273 3 9 1
1 273 3 11 1
1 273 2 78 1
1 272 3 10 2
1 272 3 11 4
1 272 3 12 2
1 272 3 13 3
1 272 3 15 2
1 271 3 11 1
1 271 3 12 4
1 271 3 13 7
1 271 3 14 3
1 271 3 15 1
1 271 1 77 1
1 270 3 14 2
1 270 1 15 5
1 270 1 16 3
1 270 1 17 4
1 270 2 17 1
1 270 1 18 1
1 270 1 24 4
1 270 1 25 7
1 270 2 25 3
1 270 1 26 10
1 270 2 26 1
1 270 1 27 8
1 270 2 27 12
1 270 1 28 22
1 270 2 28 11
1 270 1 29 17
1 270 2 29 19
1 270 1 30 14
1 270 2 30 15
1 270 1 31 16
1 270 2 31 9
1 270 1 32 3
1 270 2 32 1
1 270 1 33 4
1 270 2 33 4
1 270 2 34 1
1 270 2 35 1
1 270 1 38 1
1 270 1 39 1
1 270 2 41 2
1 270 1 42 1
1 270 1 46 1
1 270 2 47 1
1 270 2 51 1
1 270 1 54 1
1 270 1 55 1
1 270 2 56 1
1 270 2 57 1
1 270 1 58 1
1 270 1 59 1
1 270 2 64 1
1 270 2 69 1
1 270 2 71 1
1 270 2 72 1
1 269 3 14 1
1 269 1 15 5
1 269 1 16 1
1 269 1 17 1
1 269 1 20 1
1 269 2 30 1
1 269 1 39 1
1 269 2 40 1
1 269 1 46 2
1 269 2 47 1
1 269 1 48 2
1 269 1 49 2
1 269 1 50 1
1 269 1 51 2
1 269 1 52 2
1 269 1 53 2
1 269 2 53 3
1 269 1 55 3
1 269 1 56 4
1 269 1 57 3
1 269 2 57 2
1 269 1 58 1
1 269 2 58 2
1 269 1 59 3
1 269 2 59 5
1 269 1 60 1
1 269 2 60 6
1 269 1 61 4
1 269 2 61 8
1 269 1 62 1
1 269 2 62 6
1 269 1 63 4
1 269 2 63 15
1 269 1 64 1
1 269 2 64 7
1 269 1 65 2
1 269 2 65 4
1 269 2 66 2
1 269 1 67 1
1 269 2 67 7
1 269 1 68 1
1 269 2 69 3
1 269 2 70 1
1 269 2 71 2
1 269 2 72 1
1 269 2 73 1
1 269 2 77 2
1 268 1 50 1
1 268 1 51 1
1 268 1 54 1
1 268 1 56 1
1 268 1 57 1
1 268 2 59 1
1 268 2 60 1
1 268 2 62 1
1 268 2 63 1
1 268 2 64 1
1 268 2 65 2
1 267 1 43 1
1 267 1 49 2
1 267 1 50 1
1 267 2 51 2
1 267 1 52 3
1 267 1 53 2
1 267 2 53 4
1 267 1 54 3
1 267 1 55 1
1 267 2 55 3
1 267 1 56 1
1 267 2 56 3
1 267 1 57 1
1 267 2 57 4
1 267 1 58 3
1 267 2 58 4
1 267 2 62 1
1 267 1 63 1
1 267 2 63 2
1 266 1 39 1
1 266 1 40 1
1 266 1 41 1
1 266 1 42 1
1 266 2 42 1
1 266 1 43 3
1 266 2 43 1
1 266 1 44 4
1 266 2 44 1
1 266 1 45 4
1 266 2 45 4
1 266 1 46 2
1 266 2 46 4
1 266 1 47 4
1 266 2 47 9
1 266 1 48 8
1 266 2 48 7
1 266 1 49 7
1 266 2 49 4
1 266 1 50 3
1 266 2 50 4
1 266 1 51 6
1 266 2 51 2
1 266 1 52 3
1 266 2 52 5
1 266 1 53 5
1 266 2 53 3
1 266 1 54 5
1 266 2 54 4
1 266 1 55 4
1 266 2 55 5
1 266 1 56 6
1 266 2 56 6
1 266 1 57 2
1 266 2 57 2
1 266 1 58 2
1 266 2 58 3
1 266 1 59 1
1 266 2 59 1
1 266 2 60 2
1 266 2 62 1
1 266 2 65 2
1 265 1 61 1
1 265 2 71 1
1 264 2 41 1
1 264 1 55 1
1 264 1 60 1
1 264 2 60 2
1 264 2 62 1
1 263 3 14 4
1 263 1 15 3
1 263 1 16 4
1 263 2 16 3
1 263 1 17 1
1 263 2 17 1
1 263 1 18 1
1 263 1 24 1
1 263 2 24 1
1 263 1 25 2
1 263 1 26 4
1 263 1 27 1
1 263 1 28 2
1 263 1 29 2
1 263 2 29 2
1 263 1 30 3
1 263 2 30 1
1 263 2 31 1
1 263 2 32 2
1 263 1 39 1
1 263 1 41 1
1 263 1 42 1
1 263 2 55 1
1 263 1 56 1
1 263 1 57 1
1 263 1 59 1
1 263 1 60 1
1 263 1 62 1
1 263 2 67 2
1 263 2 68 1
1 263 2 69 1
1 263 2 72 1
1 263 2 75 1
1 263 2 76 1
1 263 2 81 1
1 262 3 14 1
1 262 2 15 1
1 262 1 16 1
1 262 2 18 1
1 262 1 35 1
1 262 1 41 1
1 262 1 42 1
1 262 2 42 1
1 262 1 44 2
1 262 1 45 1
1 262 2 46 1
1 262 1 48 1
1 262 2 48 1
1 262 1 49 2
1 262 1 50 1
1 262 1 51 1
1 262 2 51 1
1 262 1 52 1
1 262 1 53 1
1 262 2 53 2
1 262 1 54 2
1 262 2 55 3
1 262 1 56 2
1 262 2 56 3
1 262 1 57 4
1 262 2 57 2
1 262 1 58 3
1 262 2 58 5
1 262 1 59 5
1 262 2 59 4
1 262 1 60 4
1 262 2 60 2
1 262 1 61 1
1 262 2 61 10
1 262 1 62 1
1 262 2 62 6
1 262 1 63 6
1 262 2 63 4
1 262 1 64 2
1 262 2 64 6
1 262 1 65 2
1 262 2 65 6
1 262 2 66 3
1 262 1 67 1
1 262 2 67 5
1 262 2 68 1
1 262 2 72 1
1 261 3 12 1
1 261 3 13 1
1 261 3 14 13
1 261 3 15 8
1 261 1 16 1
1 261 2 16 2
1 261 3 16 2
1 261 2 59 1
1 261 1 61 1
1 261 2 67 2
1 261 2 73 2
1 261 1 75 1
1 261 2 75 1
1 260 3 8 1
1 260 3 9 5
1 260 3 10 11
1 260 3 11 20
1 260 3 12 9
1 260 3 13 6
1 260 3 14 2
1 260 3 15 2
1 259 3 8 2
1 259 3 9 2
1 259 3 10 26
1 259 3 11 57
1 259 3 12 50
1 259 3 13 5
1 259 3 14 2
1 259 3 15 5
1 259 2 28 1
1 259 2 30 1
1 259 2 32 1
1 259 2 34 1
1 259 2 35 1
1 259 2 42 1
1 259 2 49 1
1 259 2 53 1
1 258 3 7 1
1 258 3 8 3
1 258 3 9 15
1 258 3 10 22
1 258 3 11 18
1 258 3 12 16
1 258 3 13 5
1 258 3 14 1
1 258 1 65 1
1 258 2 80 1
1 257 3 7 8
1 257 3 8 14
1 257 3 9 32
1 257 3 10 42
1 257 3 11 20
1 257 3 12 9
1 257 3 13 4
1 257 3 14 1
1 257 2 75 1
1 256 3 7 3
1 256 3 8 17
1 256 3 9 21
1 256 3 10 24
1 256 3 11 19
1 256 3 12 14
1 256 3 13 2
1 256 3 14 2
1 256 1 70 1
1 256 1 75 1
1 255 3 8 7
1 255 3 9 18
1 255 3 10 29
1 255 3 11 53
1 255 3 12 22
1 255 3 13 7
1 255 3 14 2
1 255 2 73 1
1 254 3 8 2
1 254 3 9 22
1 254 3 10 31
1 254 3 11 48
1 254 3 12 26
1 254 3 13 4
1 254 3 15 2
1 254 3 16 2
1 254 1 25 1
1 254 1 70 1
1 254 2 70 1
1 254 1 71 1
1 254 2 75 1
1 254 2 76 1
1 254 2 80 1
1 253 3 9 8
1 253 3 10 5
1 253 3 11 9
1 253 3 12 3
1 253 3 13 3
1 253 3 14 1
1 252 3 8 2
1 252 3 9 6
1 252 3 10 13
1 252 3 11 9
1 252 3 12 9
1 252 3 13 3
1 252 1 68 1
1 252 2 75 1
1 251 2 57 1
1 250 2 53 2
1 250 2 57 2
1 250 2 60 1
1 249 1 53 2
1 249 2 55 2
1 249 1 60 1
1 249 2 60 1
1 249 2 61 1
1 248 1 50 1
1 248 1 51 1
1 248 1 52 4
1 248 1 53 1
1 248 1 54 4
1 248 1 55 4
1 248 2 55 1
1 248 1 56 1
1 248 1 58 1
1 248 2 58 1
1 248 1 61 2
1 248 2 61 1
1 248 1 62 1
1 247 2 56 1
1 246 2 46 1
1 246 1 48 1
1 246 2 50 1
1 246 2 51 1
1 246 1 52 2
1 246 2 54 1
1 246 1 55 1
1 246 1 60 1
1 246 2 62 1
1 246 2 66 1
1 245 2 51 1
1 245 1 56 1
1 244 1 16 1
1 244 1 17 1
1 244 2 29 1
1 244 1 36 1
1 244 1 37 1
1 244 1 38 1
1 244 2 39 1
1 244 1 40 1
1 244 2 40 1
1 244 1 41 3
1 244 2 41 1
1 244 1 42 5
1 244 2 42 2
1 244 1 43 7
1 244 2 43 1
1 244 1 44 3
1 244 2 44 1
1 244 1 45 4
1 244 2 45 1
1 244 1 46 10
1 244 1 47 7
1 244 2 47 4
1 244 1 48 9
1 244 2 48 6
1 244 1 49 6
1 244 2 49 5
1 244 1 50 9
1 244 2 50 2
1 244 1 51 4
1 244 2 51 2
1 244 1 52 5
1 244 2 52 3
1 244 1 53 7
1 244 2 53 5
1 244 1 54 2
1 244 2 54 1
1 244 1 55 3
1 244 2 55 3
1 244 1 56 5
1 244 2 56 2
1 244 1 57 5
1 244 2 57 2
1 244 1 58 3
1 244 2 58 2
1 244 2 59 1
1 244 1 60 3
1 244 2 60 1
1 244 2 61 3
1 244 2 62 1
1 244 1 63 1
1 244 2 63 2
1 244 2 64 1
1 244 2 66 1
1 244 2 68 1
1 244 2 76 1
1 243 3 9 5
1 243 3 11 14
1 243 3 12 5
1 243 3 13 5
1 243 3 14 5
1 243 2 16 5
1 243 1 17 14
1 243 2 17 5
1 243 1 19 5
1 243 1 25 10
1 243 2 25 5
1 243 1 26 19
1 243 2 26 24
1 243 1 27 5
1 243 2 27 29
1 243 1 28 29
1 243 2 28 57
1 243 1 29 43
1 243 2 29 33
1 243 1 30 43
1 243 2 30 19
1 243 1 31 10
1 243 2 31 33
1 243 1 32 24
1 243 2 32 5
1 243 1 37 5
1 243 1 40 5
1 243 1 49 1
1 243 1 60 1
1 243 2 65 1
1 243 2 66 1
1 243 2 68 1
1 243 2 73 1
1 243 2 78 1
1 242 3 8 1
1 242 3 9 1
1 242 3 10 4
1 242 3 11 1
1 242 3 12 3
1 242 3 13 3
1 242 3 14 1
1 242 3 16 1
1 242 3 19 1
1 242 1 70 1
1 242 2 70 1
1 242 2 74 1
1 242 2 77 1
1 242 1 78 1
1 242 2 79 1
1 241 3 7 1
1 241 3 8 4
1 241 3 9 4
1 241 3 10 8
1 241 3 11 4
1 241 3 12 3
1 241 3 13 1
1 240 3 10 1
1 240 3 11 2
1 240 1 74 1
1 239 3 6 1
1 239 3 7 5
1 239 3 8 16
1 239 3 9 19
1 239 3 10 30
1 239 3 11 14
1 239 3 12 13
1 239 3 13 4
1 239 3 14 2
1 238 3 8 2
1 238 3 9 7
1 238 3 10 21
1 238 3 11 19
1 238 3 12 4
1 237 3 7 2
1 237 3 8 4
1 237 3 9 12
1 237 3 10 9
1 237 3 11 1
1 236 3 7 7
1 236 3 8 46
1 236 3 9 74
1 236 3 10 25
1 236 3 11 18
1 236 2 74 1
1 236 2 78 1
1 235 3 6 1
1 235 3 7 1
1 235 3 8 3
1 235 3 9 6
1 235 3 10 3
1 234 2 75 1
1 233 3 8 1
1 233 3 10 1
1 233 3 11 1
1 233 3 12 2
1 232 3 8 2
1 232 1 73 1
1 232 1 76 1
1 231 3 9 147
1 231 3 10 245
1 231 3 11 294
1 231 3 12 65
1 231 3 13 65
1 231 3 15 16
1 231 1 68 1
1 231 1 69 1
1 231 2 70 1
1 231 2 80 1
1 230 3 7 1
1 230 3 8 6
1 230 3 9 19
1 230 3 10 23
1 230 3 11 10
1 230 3 12 2
1 230 1 67 1
1 230 2 71 1
1 230 2 73 1
1 230 1 75 1
1 230 2 76 1
1 230 2 78 1
1 229 3 7 2
1 229 3 8 2
1 229 3 9 5
1 229 3 10 13
1 229 3 11 8
1 229 3 12 2
1 229 1 68 1
1 229 2 71 1
1 229 1 76 1
1 229 2 77 1
1 228 3 8 6
1 228 3 9 5
1 228 3 10 17
1 228 3 11 5
1 228 3 12 2
1 227 3 8 3
1 227 3 9 11
1 227 3 10 16
1 227 3 11 3
1 227 1 68 1
1 227 1 70 1
1 227 2 71 1
1 227 1 73 1
1 227 2 73 1
1 227 1 74 1
1 227 2 74 2
1 227 2 75 1
1 227 2 76 1
1 227 2 78 1
1 226 3 8 6
1 226 3 9 76
1 226 3 10 95
1 226 3 11 64
1 226 3 12 64
1 226 3 13 19
1 226 1 65 1
1 226 1 69 1
1 226 1 70 1
1 226 1 71 1
1 226 2 74 1
1 226 2 75 1
1 226 2 80 1
1 225 3 7 2
1 225 3 8 2
1 225 3 9 24
1 225 3 10 64
1 225 3 11 45
1 225 3 12 26
1 225 3 17 2
1 225 1 62 1
1 225 1 63 1
1 225 1 66 1
1 225 1 68 1
1 225 1 70 2
1 225 2 71 1
1 225 1 74 1
1 225 2 76 1
1 225 2 79 1
1 224 3 9 7
1 224 3 10 19
1 224 3 11 21
1 224 3 12 21
1 224 3 13 12
1 224 3 14 5
1 224 1 65 1
1 224 2 80 1
1 223 3 8 2
1 223 3 9 2
1 223 3 10 13
1 223 3 11 21
1 223 3 12 4
1 223 3 13 5
1 223 3 14 2
1 223 3 15 3
1 223 1 19 1
1 223 1 25 1
1 223 2 68 1
1 223 2 69 1
1 223 2 77 1
1 222 2 73 1
1 221 3 11 2
1 221 1 63 1
1 221 1 72 1
1 221 2 73 1
1 221 2 75 1
1 220 3 8 4
1 220 3 10 4
1 220 3 11 18
1 220 3 12 43
1 220 3 13 28
1 220 3 14 32
1 220 3 15 7
1 220 3 16 4
1 220 1 21 1
1 220 1 59 1
1 220 1 67 2
1 220 1 74 1
1 219 3 10 33
1 219 3 11 33
1 219 3 12 82
1 219 3 13 82
1 219 3 14 98
1 219 3 15 49
1 219 1 65 1
1 219 1 66 1
1 219 2 67 1
1 219 2 71 1
1 219 2 73 1
1 218 3 8 1
1 218 3 9 2
1 218 3 10 12
1 218 3 11 12
1 218 3 12 11
1 218 3 13 20
1 218 3 14 5
1 218 1 15 1
1 218 2 15 2
1 218 3 15 2
1 218 2 16 1
1 218 1 57 1
1 218 2 65 1
1 218 1 67 1
1 218 1 69 1
1 218 2 73 2
1 218 2 74 1
1 217 3 9 1
1 217 3 10 1
1 217 3 11 7
1 217 3 12 7
1 217 3 13 4
1 217 3 14 3
1 217 3 15 1
1 217 1 53 1
1 217 1 58 1
1 217 1 59 3
1 217 1 60 1
1 217 1 62 2
1 217 2 62 1
1 217 1 63 2
1 217 2 63 1
1 217 1 64 4
1 217 2 64 1
1 217 2 65 1
1 217 2 66 2
1 217 1 67 3
1 217 2 67 2
1 217 2 68 5
1 217 2 69 2
1 217 2 70 2
1 217 2 71 2
1 217 2 73 2
1 217 2 75 1
1 216 3 11 2
1 216 3 12 1
1 216 3 13 3
1 216 3 14 3
1 216 3 15 2
1 216 1 17 1
1 216 2 20 1
1 216 1 56 1
1 216 1 58 1
1 216 2 60 1
1 216 2 61 1
1 216 1 62 1
1 216 2 62 2
1 216 1 63 1
1 216 2 63 3
1 216 2 64 4
1 216 2 65 1
1 216 2 66 2
1 216 2 67 2
1 216 1 68 1
1 216 2 68 1
1 216 1 70 1
1 216 2 70 2
1 216 2 71 2
1 216 2 77 1
1 215 2 30 1
1 215 2 34 1
1 215 2 36 1
1 215 2 37 1
1 215 1 38 1
1 215 2 38 2
1 215 1 39 4
1 215 2 39 2
1 215 1 40 2
1 215 2 40 2
1 215 1 41 3
1 215 2 41 4
1 215 1 42 4
1 215 2 42 1
1 215 1 43 6
1 215 2 43 1
1 215 1 44 4
1 215 2 44 3
1 215 1 45 4
1 215 2 45 5
1 215 1 46 4
1 215 2 46 1
1 215 1 47 8
1 215 2 47 1
1 215 1 48 3
1 215 2 48 1
1 215 1 49 2
1 215 2 49 1
1 215 1 50 7
1 215 2 50 5
1 215 1 51 6
1 215 2 51 4
1 215 1 52 2
1 215 2 52 2
1 215 1 53 9
1 215 2 53 3
1 215 1 54 5
1 215 2 54 3
1 215 1 55 5
1 215 2 55 6
1 215 2 56 1
1 215 2 57 3
1 215 1 58 1
1 215 2 58 2
1 215 2 59 4
1 215 1 61 1
1 215 2 62 1
1 215 1 65 1
1 215 2 66 1
1 215 1 67 1
1 215 2 67 1
1 214 1 48 1
1 214 2 51 1
1 214 1 53 1
1 214 2 53 2
1 214 1 54 2
1 214 2 54 1
1 214 1 55 3
1 214 2 55 6
1 214 2 56 4
1 214 1 57 4
1 214 2 57 13
1 214 1 58 2
1 214 2 58 9
1 214 1 59 1
1 214 2 59 6
1 214 1 60 2
1 214 2 60 4
1 214 2 61 6
1 214 1 62 2
1 214 2 62 7
1 214 2 63 7
1 214 2 64 2
1 214 1 65 1
1 214 2 66 2
1 214 2 69 1
1 213 2 58 1
1 212 3 15 5
1 212 3 16 5
1 212 3 17 5
1 212 1 37 17
1 212 2 38 17
1 212 1 39 33
1 212 2 39 33
1 212 2 40 17
1 212 1 41 17
1 212 1 42 33
1 212 2 42 17
1 212 1 43 67
1 212 2 43 50
1 212 2 44 50
1 212 1 45 33
1 212 2 45 33
1 212 1 46 67
1 212 2 46 33
1 212 1 47 250
1 212 2 47 100
1 212 1 48 50
1 212 2 48 100
1 212 1 49 83
1 212 2 49 83
1 212 1 50 50
1 212 2 50 150
1 212 1 51 133
1 212 2 51 117
1 212 1 52 133
1 212 2 52 83
1 212 1 53 67
1 212 2 53 33
1 212 1 54 50
1 212 2 54 33
1 212 1 55 67
1 212 2 55 100
1 212 2 56 17
1 212 2 57 33
1 212 2 59 17
1 212 2 61 17
1 211 3 16 1
1 211 2 18 1
1 211 2 35 1
1 211 1 38 2
1 211 1 39 3
1 211 2 39 5
1 211 1 40 3
1 211 2 40 2
1 211 1 41 3
1 211 2 41 4
1 211 1 42 4
1 211 2 42 8
1 211 1 43 6
1 211 2 43 2
1 211 1 44 4
1 211 2 44 3
1 211 1 45 5
1 211 2 45 3
1 211 1 46 6
1 211 2 46 3
1 211 1 47 6
1 211 2 47 4
1 211 1 48 5
1 211 2 48 3
1 211 1 49 2
1 211 2 49 5
1 211 1 50 10
1 211 2 50 5
1 211 1 51 4
1 211 2 51 3
1 211 1 52 6
1 211 2 52 4
1 211 1 53 3
1 211 2 53 4
1 211 1 54 1
1 211 2 54 3
1 211 1 55 1
1 211 2 55 5
1 211 1 56 2
1 211 2 56 6
1 211 2 57 2
1 211 2 58 3
1 211 2 59 1
1 211 2 60 2
1 210 3 12 10
1 210 3 13 48
1 210 3 14 48
1 210 1 15 19
1 210 2 15 48
1 210 3 15 48
1 210 1 16 76
1 210 2 16 38
1 210 1 17 48
1 210 2 17 10
1 210 1 18 10
1 210 1 19 10
1 210 2 40 11
1 210 1 41 23
1 210 2 41 11
1 210 1 42 11
1 210 1 43 11
1 210 2 43 11
1 210 1 44 34
1 210 2 44 11
1 210 1 45 92
1 210 2 45 11
1 210 1 46 69
1 210 2 46 34
1 210 1 47 46
1 210 1 48 92
1 210 2 48 34
1 210 1 49 126
1 210 2 49 23
1 210 1 50 115
1 210 2 50 11
1 210 1 51 80
1 210 2 51 80
1 210 1 52 23
1 210 2 52 69
1 210 1 53 92
1 210 2 53 34
1 210 1 54 69
1 210 2 54 23
1 210 1 55 57
1 210 2 55 23
1 210 1 56 34
1 210 2 56 23
1 210 2 57 46
1 210 2 58 11
1 210 1 59 11
1 210 2 59 11
1 210 2 60 11
1 210 2 61 23
1 209 3 9 17
1 209 3 10 17
1 209 3 11 121
1 209 3 12 346
1 209 3 13 467
1 209 3 14 225
1 209 3 15 138
1 209 3 16 52
1 209 3 17 17
1 209 3 19 17
1 209 3 23 17
1 209 1 47 3
1 209 1 48 3
1 209 1 49 8
1 209 1 51 10
1 209 1 52 13
1 209 1 53 23
1 209 1 54 16
1 209 2 54 5
1 209 1 55 23
1 209 2 55 8
1 209 1 56 18
1 209 2 56 5
1 209 1 57 23
1 209 2 57 8
1 209 1 58 5
1 209 2 58 13
1 209 1 59 8
1 209 2 59 13
1 209 1 60 3
1 209 2 60 8
1 209 1 61 8
1 209 2 61 10
1 209 2 62 5
1 209 2 63 3
1 209 1 65 3
1 209 2 65 5
1 209 2 69 3
1 208 3 11 9
1 208 3 12 5
1 208 1 48 2
1 208 1 53 9
1 208 2 54 4
1 208 1 55 9
1 208 2 55 2
1 208 1 56 2
1 208 2 56 4
1 208 1 57 9
1 208 2 57 6
1 208 1 58 11
1 208 2 58 17
1 208 1 59 6
1 208 2 59 13
1 208 1 60 15
1 208 2 60 4
1 208 1 61 11
1 208 2 61 9
1 208 1 62 2
1 208 2 62 11
1 208 1 63 2
1 208 2 63 6
1 208 1 64 4
1 208 2 64 2
1 208 2 65 4
1 208 2 66 2
1 208 1 67 2
1 208 2 68 2
1 208 1 71 2
1 207 3 10 1
1 207 3 11 5
1 207 3 12 1
1 207 3 13 1
1 207 3 14 2
1 207 3 15 1
1 207 1 59 1
1 207 1 62 2
1 207 1 63 1
1 207 1 64 1
1 207 2 65 2
1 207 2 66 2
1 207 1 68 1
1 207 1 69 1
1 207 2 70 2
1 207 2 71 1
1 207 2 72 1
1 207 2 75 1
1 207 2 76 1
1 207 2 77 1
1 206 3 10 14
1 206 3 11 7
1 206 3 12 8
1 206 3 13 1
1 206 3 14 2
1 206 1 61 1
1 206 1 74 1
1 206 2 76 1
1 206 2 78 1
1 205 3 10 1
1 205 3 11 1
1 205 3 12 2
1 205 3 14 2
1 204 3 9 10
1 204 3 10 37
1 204 3 11 27
1 204 3 12 9
1 204 3 13 5
1 203 3 9 62
1 203 3 10 93
1 203 3 11 23
1 203 3 12 4
1 203 2 75 1
1 202 3 9 4
1 202 3 10 30
1 202 3 11 28
1 202 3 12 5
1 202 3 13 1
1 201 3 10 15
1 201 3 11 9
1 201 3 12 4
1 201 1 64 1
1 201 1 67 1
1 201 2 68 1
1 201 2 72 1
1 200 3 10 23
1 200 3 11 100
1 200 3 12 67
1 200 3 13 43
1 200 3 14 17
1 200 3 15 3
1 200 3 20 3
1 200 2 45 2
1 200 2 47 2
1 200 2 49 2
1 200 1 51 2
1 200 2 51 2
1 200 1 52 6
1 200 2 52 2
1 200 1 53 16
1 200 2 53 4
1 200 1 54 10
1 200 2 54 8
1 200 1 55 16
1 200 2 55 6
1 200 1 56 2
1 200 2 56 16
1 200 1 57 14
1 200 2 57 14
1 200 1 58 8
1 200 2 58 14
1 200 1 59 2
1 200 2 59 28
1 200 1 60 4
1 200 2 60 12
1 200 1 61 6
1 200 2 61 4
1 200 1 62 6
1 200 2 62 2
1 200 2 63 4
1 200 2 64 2
1 200 2 65 4
1 200 1 67 2
1 199 3 9 1
1 199 3 10 17
1 199 3 11 25
1 199 3 12 23
1 199 3 13 8
1 199 3 14 2
1 199 3 15 1
1 199 1 23 1
1 199 2 51 1
1 199 2 54 1
1 199 2 56 1
1 199 1 57 3
1 199 2 57 1
1 199 2 58 4
1 199 2 59 4
1 199 1 60 3
1 199 2 60 1
1 199 1 61 3
1 199 2 61 7
1 199 1 62 1
1 199 2 62 2
1 199 1 63 2
1 199 2 63 2
1 199 1 64 1
1 199 2 64 2
1 199 1 65 3
1 199 2 65 6
1 199 1 67 2
1 199 2 67 2
1 199 2 68 3
1 199 2 69 3
1 199 2 70 1
1 199 2 71 1
1 198 3 10 6
1 198 3 11 21
1 198 3 12 8
1 198 3 14 1
1 198 3 15 1
1 198 1 16 1
1 198 1 17 1
1 198 3 17 1
1 198 1 51 1
1 198 2 54 1
1 198 1 55 1
1 198 1 56 1
1 198 2 56 1
1 198 1 57 1
1 198 2 57 3
1 198 1 58 2
1 198 2 58 2
1 198 1 59 2
1 198 2 59 9
1 198 1 60 2
1 198 2 60 5
1 198 2 61 9
1 198 1 62 1
1 198 2 62 7
1 198 1 63 1
1 198 2 63 7
1 198 1 64 2
1 198 2 64 1
1 198 1 65 1
1 198 2 65 3
1 198 1 66 1
1 198 2 66 3
1 198 2 67 1
1 198 2 68 1
1 198 2 69 1
1 198 2 70 1
1 198 2 72 1
1 198 1 75 2
1 198 2 78 1
1 197 3 9 15
1 197 3 10 18
1 197 3 11 2
1 197 2 36 1
1 197 1 56 2
1 197 2 56 2
1 197 1 57 3
1 197 2 58 2
1 197 1 59 1
1 197 2 59 2
1 197 2 60 2
1 197 1 61 3
1 197 2 61 2
1 197 1 62 2
1 197 2 62 7
1 197 2 63 5
1 197 2 64 4
1 197 2 65 5
1 197 1 66 1
1 197 2 66 3
1 197 2 67 9
1 197 2 68 9
1 197 2 69 2
1 197 2 70 3
1 197 2 71 1
1 196 3 9 2
1 196 3 12 1
1 195 3 9 5
1 195 3 10 3
1 195 3 11 1
1 194 3 8 2
1 194 3 9 27
1 194 3 10 37
1 194 3 11 5
1 194 1 73 1
1 193 3 8 12
1 193 3 9 28
1 193 3 10 7
1 193 2 68 1
1 192 3 9 2
1 192 3 10 1
1 191 3 9 1
1 190 3 7 2
1 190 3 9 1
1 190 3 10 1
1 190 3 11 1
1 190 3 13 1
1 189 1 20 1
1 189 1 62 1
1 188 3 8 2
1 188 3 9 7
1 188 3 10 9
1 188 3 11 4
1 188 2 18 1
1 188 2 74 1
1 187 3 7 1
1 187 3 8 6
1 187 3 9 33
1 187 3 10 27
1 187 3 11 14
1 187 3 14 1
1 186 3 7 5
1 186 3 8 32
1 186 3 9 22
1 186 3 10 13
1 186 3 11 4
1 186 2 50 1
1 186 2 69 1
1 185 3 6 1
1 185 3 7 3
1 185 3 8 25
1 185 3 9 34
1 185 3 10 6
1 185 3 11 1
1 185 3 12 1
1 184 3 8 2
1 184 3 9 2
1 184 3 10 10
1 184 3 11 1
1 183 3 8 4
1 183 3 9 14
1 183 3 10 25
1 183 3 11 1
1 183 3 12 1
1 183 3 13 1
1 182 3 11 4
1 182 3 12 20
1 182 3 13 28
1 182 3 14 31
1 182 3 15 39
1 182 1 16 8
1 182 2 16 4
1 182 1 17 20
1 182 1 19 8
1 182 1 20 4
1 182 2 20 4
1 182 2 21 4
1 182 1 22 4
1 182 2 22 20
1 182 1 23 4
1 182 2 23 12
1 182 1 24 8
1 182 2 24 16
1 182 1 25 4
1 182 2 25 8
1 182 1 26 4
1 182 2 26 8
1 182 1 27 4
1 182 1 29 4
1 182 1 32 4
1 182 2 35 4
1 182 2 41 2
1 182 1 47 2
1 182 1 48 5
1 182 1 49 9
1 182 2 49 3
1 182 1 50 8
1 182 2 50 2
1 182 1 51 9
1 182 2 51 5
1 182 1 52 9
1 182 2 52 5
1 182 1 53 8
1 182 2 53 3
1 182 1 54 9
1 182 2 54 9
1 182 1 55 8
1 182 2 55 9
1 182 1 56 5
1 182 2 56 2
1 182 1 57 5
1 182 2 57 5
1 182 1 58 6
1 182 2 58 9
1 182 1 59 3
1 182 2 59 8
1 182 2 60 8
1 182 2 61 5
1 182 1 62 5
1 181 3 9 10
1 181 3 10 10
1 181 3 11 48
1 181 3 12 105
1 181 3 13 96
1 181 3 14 48
1 181 3 15 29
1 181 1 16 38
1 181 2 19 10
1 181 1 20 19
1 181 2 20 10
1 181 1 21 10
1 181 1 22 10
1 181 2 23 10
1 181 2 29 10
1 181 1 32 11
1 181 1 49 33
1 181 1 50 11
1 181 1 51 55
1 181 2 51 11
1 181 1 52 11
1 181 1 53 44
1 181 2 53 11
1 181 1 54 55
1 181 1 55 65
1 181 2 55 44
1 181 1 56 33
1 181 2 56 76
1 181 1 57 65
1 181 2 57 22
1 181 1 58 44
1 181 2 58 65
1 181 1 59 11
1 181 2 59 44
1 181 2 60 22
1 181 2 61 65
1 181 2 62 22
1 181 1 64 11
1 181 2 64 11
1 181 2 65 11
1 181 2 69 11
1 180 3 10 1
1 180 3 11 3
1 180 3 12 5
1 180 3 13 7
1 180 3 14 1
1 180 3 15 1
1 180 1 16 1
1 180 2 16 3
1 180 3 16 1
1 180 1 18 2
1 180 2 19 1
1 180 2 21 1
1 180 1 22 2
1 180 2 22 1
1 180 1 23 1
1 180 1 24 1
1 180 2 24 1
1 180 1 26 2
1 180 2 26 2
1 180 2 27 3
1 180 2 28 2
1 180 2 31 1
1 180 2 35 1
1 180 1 47 2
1 180 1 48 1
1 180 1 49 1
1 180 1 50 1
1 180 1 51 2
1 180 2 51 1
1 180 1 52 2
1 180 2 52 1
1 180 1 53 10
1 180 1 54 6
1 180 2 54 3
1 180 1 55 8
1 180 2 55 3
1 180 1 56 5
1 180 2 56 6
1 180 1 57 3
1 180 2 57 7
1 180 1 58 3
1 180 2 58 4
1 180 2 59 4
1 180 1 60 4
1 180 2 60 1
1 180 1 61 2
1 180 2 61 3
1 180 2 62 2
1 180 2 64 2
1 180 2 65 1
1 180 2 66 1
1 179 3 15 1
1 179 1 41 1
1 179 1 42 1
1 179 1 43 1
1 179 2 45 2
1 179 1 46 2
1 179 2 46 1
1 179 1 47 2
1 179 1 48 2
1 179 2 48 2
1 179 1 49 5
1 179 2 49 3
1 179 1 50 4
1 179 2 50 1
1 179 1 51 4
1 179 1 52 5
1 179 2 52 2
1 179 1 53 6
1 179 2 53 2
1 179 1 54 1
1 179 2 54 1
1 179 1 55 5
1 179 2 55 3
1 179 1 56 1
1 179 2 56 5
1 179 1 57 4
1 179 2 57 2
1 179 1 58 2
1 179 2 58 1
1 179 1 59 1
1 179 2 59 3
1 179 2 60 3
1 179 1 61 1
1 179 2 61 5
1 179 2 64 2
1 179 1 69 1
1 52 3 13 1
1 52 3 14 4
1 52 1 15 9
1 52 2 15 3
1 52 1 16 2
1 52 2 16 1
1 52 1 17 1
1 52 1 18 1
1 51 3 12 3
1 51 3 13 14
1 51 3 14 24
1 51 1 15 3
1 51 3 15 41
1 51 1 16 7
1 51 2 16 7
1 51 3 16 17
1 51 1 17 14
1 51 2 17 7
1 51 3 17 3
1 51 2 18 17
1 51 3 18 3
1 51 2 46 8
1 51 2 48 24
1 51 1 49 16
1 51 2 49 16
1 51 1 50 24
1 51 2 50 8
1 51 1 51 40
1 51 2 51 16
1 51 1 52 16
1 51 2 52 40
1 51 1 53 16
1 51 2 53 48
1 51 1 54 48
1 51 2 54 48
1 51 1 55 56
1 51 2 55 24
1 51 2 56 32
1 51 1 57 16
1 51 2 57 8
1 51 1 58 16
1 51 2 58 40
1 51 2 59 24
1 51 1 60 8
1 51 2 60 24
1 51 1 61 8
1 51 2 61 16
1 51 2 62 32
1 51 2 64 8
1 51 2 65 8
1 50 3 14 2
1 50 1 47 1
1 50 2 49 1
1 50 1 53 1
1 50 2 55 1
1 50 2 57 1
1 50 2 61 1
1 50 2 65 1
1 49 3 12 1
1 49 3 13 4
1 49 3 14 7
1 49 3 15 6
1 49 1 16 2
1 49 3 16 2
1 49 1 17 1
1 49 2 17 1
1 49 3 17 1
1 49 1 18 2
1 49 1 44 2
1 49 2 44 2
1 49 1 45 2
1 49 1 47 6
1 49 1 48 2
1 49 2 48 2
1 49 1 49 8
1 49 2 49 6
1 49 1 50 10
1 49 2 50 8
1 49 1 51 14
1 49 2 51 10
1 49 1 52 12
1 49 2 52 18
1 49 1 53 14
1 49 2 53 16
1 49 1 54 10
1 49 2 54 18
1 49 1 55 8
1 49 2 55 26
1 49 1 56 2
1 49 2 56 22
1 49 1 57 4
1 49 2 57 20
1 49 2 58 12
1 49 1 59 2
1 49 2 59 10
1 49 1 60 2
1 49 1 61 2
1 49 2 61 4
1 49 1 63 2
1 49 2 63 4
1 49 2 64 2
1 49 2 65 6
1 49 2 66 2
1 49 2 67 2
1 49 2 68 2
1 49 2 70 2
1 49 2 73 2
1 48 3 12 5
1 48 3 14 10
1 48 3 15 14
1 48 1 16 5
1 48 1 17 10
1 48 1 29 14
1 48 1 31 14
1 48 1 32 14
1 48 2 32 43
1 48 1 33 29
1 48 2 33 29
1 48 1 34 57
1 48 2 34 57
1 48 1 35 71
1 48 2 35 114
1 48 1 36 214
1 48 2 36 228
1 48 1 37 200
1 48 2 37 257
1 48 1 38 271
1 48 2 38 200
1 48 1 39 171
1 48 2 39 228
1 48 1 40 214
1 48 2 40 185
1 48 1 41 171
1 48 2 41 114
1 48 1 42 114
1 48 2 42 57
1 48 1 43 57
1 48 2 43 57
1 48 1 44 14
1 48 2 44 14
1 48 2 45 14
1 48 1 46 14
1 48 2 46 14
1 48 1 47 29
1 48 2 47 14
1 48 1 49 43
1 48 2 49 29
1 48 1 50 71
1 48 1 51 57
1 48 2 51 57
1 48 1 52 29
1 48 2 52 43
1 48 1 53 29
1 48 2 53 29
1 48 2 54 43
1 48 1 55 29
1 48 2 55 29
1 48 1 56 14
1 48 2 56 29
1 48 2 57 29
1 48 1 58 29
1 48 2 58 14
1 48 2 59 14
1 48 2 60 14
1 48 1 61 14
1 48 2 63 14
1 48 2 65 14
1 47 3 14 11
1 47 3 15 11
1 47 3 17 11
1 47 2 29 68
1 47 2 30 34
1 47 2 31 34
1 47 1 32 34
1 47 2 32 34
1 47 1 33 101
1 47 2 33 101
1 47 1 34 135
1 47 2 34 304
1 47 1 35 270
1 47 2 35 304
1 47 1 36 439
1 47 2 36 203
1 47 1 37 473
1 47 2 37 304
1 47 1 38 304
1 47 2 38 304
1 47 1 39 304
1 47 2 39 405
1 47 1 40 304
1 47 2 40 203
1 47 1 41 203
1 47 2 41 270
1 47 1 42 101
1 47 2 42 169
1 47 1 43 135
1 47 2 43 135
1 47 1 44 68
1 47 2 44 68
1 47 1 45 135
1 47 2 45 203
1 47 1 46 135
1 47 2 46 34
1 47 1 47 101
1 47 2 47 68
1 47 1 48 304
1 47 2 48 34
1 47 1 49 203
1 47 2 49 34
1 47 1 50 101
1 47 2 50 135
1 47 1 51 101
1 47 2 51 135
1 47 2 52 101
1 47 2 53 169
1 47 1 54 68
1 47 2 54 203
1 47 2 55 68
1 47 2 56 101
1 47 1 57 68
1 47 1 64 34
1 47 1 65 34
1 47 2 66 68
1 46 3 12 1
1 46 3 13 1
1 46 3 14 2
1 46 2 39 1
1 46 1 47 2
1 46 1 48 2
1 46 1 49 1
1 46 1 50 2
1 46 2 50 2
1 46 1 51 1
1 46 1 52 3
1 46 2 52 1
1 46 1 53 2
1 46 2 53 1
1 46 1 55 1
1 46 2 55 1
1 46 1 56 1
1 46 1 57 1
1 46 2 57 2
1 46 1 58 1
1 46 2 58 2
1 46 2 59 1
1 46 1 60 1
1 46 2 61 2
1 45 3 10 6
1 45 3 11 6
1 45 3 12 29
1 45 3 13 11
1 45 3 14 40
1 45 1 15 6
1 45 3 15 9
1 45 1 16 3
1 45 3 16 14
1 45 1 17 11
1 45 1 18 6
1 45 1 20 9
1 45 3 22 3
1 45 1 30 10
1 45 1 31 7
1 45 1 32 7
1 45 1 34 3
1 45 1 37 7
1 45 1 38 3
1 45 1 39 10
1 45 2 39 7
1 45 2 40 17
1 45 1 41 3
1 45 2 41 10
1 45 1 42 10
1 45 2 42 7
1 45 1 43 17
1 45 2 43 3
1 45 1 44 14
1 45 2 44 7
1 45 1 45 20
1 45 1 46 34
1 45 2 46 14
1 45 1 47 17
1 45 2 47 14
1 45 1 48 34
1 45 2 48 17
1 45 1 49 20
1 45 2 49 7
1 45 1 50 54
1 45 2 50 34
1 45 1 51 34
1 45 2 51 24
1 45 1 52 58
1 45 2 52 24
1 45 1 53 37
1 45 2 53 34
1 45 1 54 31
1 45 2 54 47
1 45 1 55 10
1 45 2 55 17
1 45 1 56 20
1 45 2 56 24
1 45 1 57 3
1 45 2 57 3
1 45 1 58 7
1 45 2 58 7
1 45 1 59 3
1 45 2 59 10
1 45 1 60 3
1 45 2 65 3
1 44 3 11 22
1 44 3 13 7
1 44 3 14 7
1 44 2 20 7
1 44 1 21 7
1 44 2 21 15
1 44 2 23 17
1 44 1 25 24
1 44 2 33 17
1 44 2 34 17
1 44 1 45 17
1 44 1 47 83
1 44 2 47 17
1 44 1 48 50
1 44 2 48 33
1 44 1 49 33
1 44 2 49 50
1 44 1 50 133
1 44 2 50 100
1 44 1 51 100
1 44 2 51 116
1 44 1 52 183
1 44 2 52 283
1 44 1 53 100
1 44 2 53 166
1 44 1 54 133
1 44 2 54 316
1 44 1 55 50
1 44 2 55 83
1 44 1 56 67
1 44 2 56 283
1 44 1 57 67
1 44 2 57 67
1 44 1 58 50
1 44 2 58 50
1 44 2 59 17
1 44 2 70 17
1 43 3 12 8
1 43 2 43 25
1 43 1 44 25
1 43 2 45 25
1 43 1 46 25
1 43 1 47 125
1 43 2 47 75
1 43 1 48 125
1 43 2 48 125
1 43 1 49 275
1 43 2 49 175
1 43 1 50 200
1 43 2 50 200
1 43 1 51 375
1 43 2 51 350
1 43 1 52 200
1 43 2 52 375
1 43 1 53 325
1 43 2 53 375
1 43 1 54 100
1 43 2 54 450
1 43 1 55 125
1 43 2 55 325
1 43 1 56 175
1 43 2 56 175
1 43 1 57 50
1 43 2 57 175
1 43 1 58 50
1 43 2 58 50
1 43 2 59 25
1 43 2 60 25
1 43 2 62 50
1 42 3 12 79
1 42 3 13 59
1 42 3 14 118
1 42 3 15 197
1 42 3 16 59
1 42 3 17 39
1 42 1 18 20
1 42 2 18 39
1 42 3 18 20
1 42 1 19 39
1 42 2 19 79
1 42 1 20 79
1 42 2 20 79
1 42 1 21 59
1 42 2 21 99
1 42 1 22 59
1 42 2 22 20
1 42 1 24 39
1 42 2 24 20
1 42 2 25 20
1 42 1 26 20
1 42 2 26 39
1 42 1 27 20
1 42 1 28 59
1 42 2 28 39
1 42 1 29 20
1 42 2 29 79
1 42 1 30 14
1 42 1 39 14
1 42 1 42 14
1 42 2 43 14
1 42 1 44 28
1 42 1 45 84
1 42 2 45 14
1 42 1 46 56
1 42 2 46 28
1 42 1 47 70
1 42 2 47 56
1 42 1 48 126
1 42 2 48 112
1 42 1 49 112
1 42 2 49 126
1 42 1 50 154
1 42 2 50 154
1 42 1 51 98
1 42 2 51 98
1 42 1 52 42
1 42 2 52 182
1 42 1 53 56
1 42 2 53 168
1 42 1 54 42
1 42 2 54 140
1 42 1 55 56
1 42 2 55 84
1 42 2 56 14
1 42 1 57 28
1 42 2 57 14
1 42 2 58 42
1 42 2 59 42
1 42 1 60 14
1 42 2 61 28
1 41 3 10 2
1 41 3 11 9
1 41 3 12 10
1 41 3 13 4
1 41 3 14 2
1 41 3 15 1
1 41 2 17 1
1 41 1 18 1
1 41 2 18 1
1 41 2 19 3
1 41 1 20 3
1 41 2 20 5
1 41 1 21 8
1 41 2 21 4
1 41 1 22 3
1 41 2 22 3
1 41 1 23 4
1 41 2 23 4
1 41 1 24 1
1 41 1 25 1
1 41 2 25 1
1 41 2 26 3
1 41 1 27 1
1 41 1 29 1
1 41 2 49 1
1 41 1 51 1
1 41 2 51 1
1 41 1 54 1
1 41 2 54 2
1 41 1 55 1
1 41 2 55 2
1 41 2 56 3
1 41 1 57 3
1 41 2 57 1
1 41 1 58 4
1 41 2 58 3
1 41 1 59 5
1 41 2 59 6
1 41 1 60 5
1 41 2 60 7
1 41 1 61 7
1 41 2 61 10
1 41 1 62 2
1 41 2 62 1
1 41 1 63 2
1 41 2 63 9
1 41 1 64 2
1 41 2 64 8
1 41 1 65 1
1 41 2 65 5
1 41 2 66 2
1 41 2 67 6
1 41 2 68 5
1 41 2 69 1
1 41 2 70 2
1 41 2 71 1
1 41 2 72 1
1 41 2 79 1
1 40 3 10 1
1 40 2 68 1
1 40 2 71 1
1 39 1 19 2
1 39 1 22 1
1 39 1 27 1
1 39 2 42 3
1 39 2 50 3
1 39 1 51 3
1 39 2 51 3
1 39 1 52 3
1 39 1 53 3
1 39 2 53 8
1 39 2 54 3
1 39 2 55 8
1 39 1 56 5
1 39 2 56 22
1 39 1 57 8
1 39 2 57 30
1 39 1 58 3
1 39 2 58 30
1 39 1 59 8
1 39 2 59 27
1 39 1 60 3
1 39 2 60 16
1 39 1 61 11
1 39 2 61 24
1 39 1 62 8
1 39 2 62 14
1 39 1 63 3
1 39 2 63 11
1 39 1 64 3
1 39 2 64 14
1 39 1 65 5
1 39 2 65 11
1 39 2 66 8
1 39 2 67 11
1 39 1 68 3
1 39 2 68 11
1 39 1 69 3
1 39 2 69 5
1 39 2 70 5
1 39 2 71 3
1 39 2 73 3
1 38 3 10 3
1 38 3 11 3
1 38 1 48 1
1 38 1 51 1
1 38 2 55 1
1 38 2 56 1
1 38 1 63 2
1 38 1 65 1
1 38 2 66 1
1 38 1 67 1
1 38 2 67 1
1 38 1 68 2
1 38 2 68 1
1 38 2 69 1
1 38 2 70 1
1 38 1 71 2
1 38 2 71 1
1 38 1 72 1
1 38 2 72 1
1 38 1 73 1
1 38 2 75 2
1 38 1 76 1
1 37 2 22 1
1 37 1 36 1
1 37 1 49 1
1 37 1 52 1
1 37 1 53 1
1 37 2 54 2
1 37 2 55 2
1 37 1 56 2
1 37 2 56 3
1 37 1 57 3
1 37 2 57 3
1 37 1 58 1
1 37 2 58 1
1 37 1 59 3
1 37 2 59 3
1 37 2 60 4
1 37 1 61 4
1 37 2 61 1
1 37 1 62 2
1 37 2 62 2
1 37 1 63 1
1 37 2 63 4
1 37 1 64 1
1 37 2 64 6
1 37 2 65 6
1 37 1 66 1
1 37 2 66 7
1 37 2 67 1
1 37 2 68 3
1 37 2 69 4
1 37 1 71 1
1 37 2 72 1
1 37 2 74 1
1 36 3 10 1
1 36 3 11 2
1 36 3 12 2
1 36 1 40 1
1 36 2 44 1
1 36 1 48 1
1 36 1 49 4
1 36 1 50 3
1 36 2 50 4
1 36 1 51 3
1 36 2 51 3
1 36 1 52 6
1 36 2 52 4
1 36 1 53 11
1 36 2 53 11
1 36 1 54 9
1 36 2 54 14
1 36 1 55 10
1 36 2 55 11
1 36 1 56 9
1 36 2 56 11
1 36 2 57 13
1 36 1 58 4
1 36 2 58 14
1 36 1 59 3
1 36 2 59 14
1 36 1 60 6
1 36 2 60 4
1 36 1 61 1
1 36 2 61 7
1 36 1 62 3
1 36 2 62 9
1 36 2 63 6
1 36 2 64 7
1 36 1 65 3
1 36 2 65 1
1 36 2 66 1
1 36 2 67 1
1 36 1 68 1
1 36 2 69 1
1 36 2 70 1
1 36 2 73 3
1 35 3 10 6
1 35 3 11 14
1 35 3 12 6
1 35 3 13 2
1 35 3 14 1
1 35 2 18 1
1 35 2 20 1
1 35 1 23 1
1 35 2 32 1
1 35 2 44 1
1 35 2 57 1
1 35 2 58 2
1 35 1 60 1
1 35 2 60 2
1 35 2 61 1
1 35 1 62 2
1 35 2 62 3
1 35 2 63 1
1 35 1 64 3
1 35 2 64 4
1 35 1 65 1
1 35 2 65 1
1 35 1 66 5
1 35 2 66 3
1 35 2 67 1
1 35 1 68 4
1 35 2 68 2
1 35 1 69 2
1 35 1 70 1
1 35 2 70 2
1 35 1 72 1
1 35 2 72 3
1 35 2 73 1
1 35 1 74 1
1 35 2 74 3
1 35 2 76 2
1 34 3 10 1
1 34 3 11 4
1 34 3 12 1
1 34 3 13 1
1 33 3 8 1
1 33 3 10 7
1 33 3 11 27
1 33 3 12 12
1 33 3 13 1
1 33 3 14 2
1 32 3 9 1
1 32 3 11 1
1 32 3 12 1
1 32 3 13 1
1 31 3 10 1
1 30 3 10 3
1 30 3 11 10
1 30 3 12 4
1 29 3 10 2
1 29 3 11 2
1 28 3 9 2
1 28 3 10 1
1 28 3 11 5
1 28 3 12 2
1 28 3 13 1
1 27 3 12 2
1 27 3 13 7
1 27 3 14 7
1 27 3 15 1
1 27 1 16 1
1 27 3 16 1
1 27 1 17 1
1 27 2 17 1
1 27 1 18 1
1 27 2 19 1
1 27 1 20 1
1 27 2 20 1
1 27 1 21 1
1 27 1 45 1
1 27 2 50 1
1 27 2 53 1
1 27 2 54 2
1 27 2 55 4
1 27 1 56 2
1 27 2 56 3
1 27 1 57 3
1 27 2 57 1
1 27 1 58 2
1 27 2 58 2
1 27 1 59 2
1 27 2 59 3
1 27 1 60 6
1 27 2 60 4
1 27 1 61 8
1 27 2 61 9
1 27 1 62 4
1 27 2 62 3
1 27 1 63 6
1 27 2 63 4
1 27 1 64 3
1 27 2 64 6
1 27 1 65 1
1 27 2 65 7
1 27 2 66 4
1 27 1 67 3
1 27 2 67 4
1 27 2 68 2
1 27 2 69 1
1 27 1 70 1
1 27 2 71 2
1 26 3 12 1
1 26 3 13 6
1 26 3 14 11
1 26 1 15 2
1 26 2 15 1
1 26 3 15 16
1 26 1 16 5
1 26 2 16 4
1 26 3 16 7
1 26 1 17 1
1 26 2 17 1
1 26 1 18 1
1 26 2 18 3
1 26 1 19 2
1 26 2 19 4
1 26 3 19 1
1 26 1 20 3
1 26 2 20 3
1 26 1 21 1
1 26 2 21 1
1 26 3 21 2
1 26 1 22 1
1 26 2 22 2
1 26 2 24 3
1 26 1 26 1
1 26 2 27 1
1 26 2 28 1
1 26 1 42 1
1 26 1 43 3
1 26 2 44 1
1 26 2 45 1
1 26 1 46 1
1 26 2 46 1
1 26 1 47 3
1 26 2 47 1
1 26 1 48 1
1 26 2 48 3
1 26 1 49 3
1 26 1 50 3
1 26 2 50 4
1 26 1 51 10
1 26 2 51 1
1 26 1 52 9
1 26 2 52 12
1 26 1 53 4
1 26 2 53 9
1 26 1 54 13
1 26 2 54 21
1 26 1 55 4
1 26 2 55 21
1 26 1 56 6
1 26 2 56 19
1 26 1 57 7
1 26 2 57 9
1 26 1 58 10
1 26 2 58 31
1 26 1 59 4
1 26 2 59 10
1 26 1 60 10
1 26 2 60 22
1 26 1 61 3
1 26 1 62 12
1 26 2 62 7
1 26 2 63 1
1 26 1 64 1
1 26 2 64 6
1 26 1 65 1
1 26 2 66 3
1 26 2 68 1
1 26 2 70 1
1 26 2 74 1
1 25 3 14 16
1 25 3 15 13
1 25 3 16 16
1 25 3 17 3
1 25 1 19 3
1 25 2 19 3
1 25 3 19 3
1 25 1 20 13
1 25 2 20 13
1 25 3 20 3
1 25 1 21 20
1 25 2 21 3
1 25 1 22 3
1 25 1 23 10
1 25 2 23 7
1 25 1 24 4
1 25 2 24 3
1 25 1 26 4
1 25 2 26 4
1 25 1 27 7
1 25 2 29 4
1 25 2 30 4
1 25 1 31 4
1 25 1 32 4
1 25 1 33 4
1 25 2 36 7
1 25 1 38 4
1 25 2 38 7
1 25 1 39 7
1 25 1 40 4
1 25 2 40 7
1 25 1 41 7
1 25 2 41 4
1 25 1 42 11
1 25 2 42 4
1 25 1 43 7
1 25 2 43 4
1 25 1 44 21
1 25 2 44 18
1 25 1 45 11
1 25 2 45 7
1 25 1 46 4
1 25 2 46 7
1 25 1 47 7
1 25 2 47 11
1 25 1 48 11
1 25 2 48 25
1 25 1 49 25
1 25 2 49 4
1 25 1 50 46
1 25 2 50 14
1 25 1 51 21
1 25 2 51 25
1 25 1 52 32
1 25 2 52 32
1 25 1 53 11
1 25 2 53 14
1 25 1 54 32
1 25 2 54 18
1 25 1 55 14
1 25 2 55 4
1 25 1 56 35
1 25 2 56 32
1 25 1 57 7
1 25 2 57 7
1 25 1 58 11
1 25 2 58 18
1 25 2 59 4
1 25 1 60 4
1 25 2 60 4
1 25 1 61 7
1 25 1 62 7
1 25 2 62 14
1 25 1 71 4
1 24 3 14 2
1 24 3 15 8
1 24 3 16 10
1 24 3 17 2
1 24 3 18 2
1 24 1 19 4
1 24 3 19 4
1 24 2 20 4
1 24 3 20 10
1 24 1 21 4
1 24 1 22 15
1 24 1 23 7
1 24 2 23 7
1 24 1 24 4
1 24 2 24 7
1 24 1 25 11
1 24 2 25 4
1 24 2 26 4
1 24 1 27 7
1 24 1 28 4
1 24 2 28 7
1 24 1 29 15
1 24 1 30 7
1 24 1 31 4
1 24 1 32 15
1 24 2 32 4
1 24 1 33 7
1 24 1 34 4
1 24 1 35 11
1 24 1 37 4
1 24 2 37 4
1 24 2 38 4
1 24 2 39 7
1 24 1 40 4
1 24 2 40 4
1 24 1 42 4
1 24 2 42 4
1 24 1 43 7
1 24 1 44 19
1 24 2 44 4
1 24 1 45 7
1 24 2 45 4
1 24 1 46 19
1 24 2 46 7
1 24 1 47 19
1 24 2 47 7
1 24 1 48 45
1 24 2 48 30
1 24 1 49 11
1 24 2 49 33
1 24 1 50 30
1 24 2 50 52
1 24 1 51 11
1 24 2 51 26
1 24 1 52 26
1 24 2 52 37
1 24 1 53 26
1 24 2 53 22
1 24 1 54 19
1 24 2 54 45
1 24 1 55 4
1 24 2 56 7
1 24 1 57 4
1 24 2 57 4
1 24 2 58 4
1 24 1 60 4
1 24 1 61 4
1 24 2 62 7
1 24 2 66 11
1 23 3 13 3
1 23 3 14 1
1 23 3 15 7
1 23 2 16 1
1 23 3 16 4
1 23 2 17 1
1 23 1 18 3
1 23 2 18 2
1 23 1 19 4
1 23 2 19 1
1 23 1 20 4
1 23 1 21 4
1 23 2 21 8
1 23 1 22 16
1 23 2 22 12
1 23 1 23 4
1 23 2 23 4
1 23 2 24 4
1 23 1 25 4
1 23 1 27 8
1 23 2 27 4
1 23 2 28 4
1 23 2 30 8
1 23 1 31 4
1 23 1 33 4
1 23 1 35 4
1 23 1 36 4
1 23 2 36 12
1 23 1 37 4
1 23 2 37 12
1 23 1 38 20
1 23 2 38 16
1 23 1 39 12
1 23 2 39 12
1 23 1 40 53
1 23 2 40 24
1 23 1 41 4
1 23 2 41 12
1 23 1 42 16
1 23 2 42 28
1 23 1 43 28
1 23 2 43 20
1 23 1 44 20
1 23 2 44 4
1 23 2 45 12
1 23 1 46 8
1 23 2 46 16
1 23 1 47 12
1 23 1 48 8
1 23 2 48 32
1 23 1 49 12
1 23 2 49 24
1 23 1 50 32
1 23 2 50 12
1 23 1 51 4
1 23 2 51 20
1 23 1 52 8
1 23 2 52 20
1 23 1 53 12
1 23 2 53 4
1 23 1 54 4
1 23 2 54 36
1 23 1 55 8
1 23 1 56 4
1 23 2 56 8
1 23 1 57 4
1 23 2 57 8
1 23 2 58 8
1 23 2 59 4
1 23 1 66 4
1 23 1 70 4
1 22 3 16 2
1 22 3 18 1
1 21 3 13 4
1 21 3 14 4
1 21 3 15 5
1 21 3 16 5
1 21 3 17 2
1 21 1 26 1
1 21 2 27 1
1 21 1 28 1
1 21 2 31 1
1 21 1 33 1
1 21 1 37 1
1 21 2 37 1
1 21 1 38 2
1 21 1 39 1
1 21 2 39 1
1 21 1 40 2
1 21 2 40 5
1 21 1 41 5
1 21 2 41 1
1 21 2 42 2
1 21 1 43 2
1 21 2 44 1
1 21 1 45 1
1 21 2 45 1
1 21 1 46 1
1 21 1 47 1
1 21 2 47 1
1 21 1 48 1
1 21 2 49 1
1 21 1 50 1
1 21 2 50 1
1 21 2 51 1
1 21 1 52 1
1 21 1 53 1
1 21 2 53 2
1 21 2 54 1
1 21 2 56 1
1 21 1 57 1
1 21 2 57 4
1 20 3 12 1
1 20 3 13 4
1 20 3 14 5
1 20 3 15 15
1 20 3 16 14
1 20 3 17 4
1 20 3 18 1
1 20 2 22 1
1 20 2 24 1
1 20 1 28 1
1 20 1 30 1
1 20 1 32 1
1 20 2 32 3
1 20 1 33 1
1 20 2 33 4
1 20 1 34 7
1 20 2 34 3
1 20 1 35 4
1 20 1 36 5
1 20 2 36 7
1 20 1 37 7
1 20 2 37 8
1 20 1 38 14
1 20 2 38 8
1 20 1 39 23
1 20 2 39 15
1 20 1 40 11
1 20 2 40 14
1 20 1 41 14
1 20 2 41 14
1 20 1 42 15
1 20 2 42 7
1 20 1 43 3
1 20 2 43 3
1 20 2 44 7
1 20 2 45 3
1 20 1 46 3
1 20 2 46 1
1 20 1 47 1
1 20 2 47 4
1 20 1 48 4
1 20 2 48 1
1 20 1 49 1
1 20 2 51 1
1 20 2 53 1
1 20 2 54 1
1 20 1 56 1
1 20 2 56 3
1 20 2 57 1
1 20 2 59 3
1 20 2 60 1
1 20 2 61 1
1 20 2 62 1
1 20 2 65 1
1 19 3 12 12
1 19 3 13 42
1 19 3 14 36
1 19 3 15 60
1 19 3 16 66
1 19 1 17 6
1 19 2 17 6
1 19 3 17 24
1 19 1 18 6
1 19 3 18 18
1 19 1 19 42
1 19 2 19 12
1 19 1 20 19
1 19 2 20 24
1 19 1 21 6
1 19 2 21 13
1 19 1 22 14
1 19 2 23 14
1 19 1 24 14
1 19 2 24 7
1 19 2 25 14
1 19 1 26 7
1 19 2 26 7
1 19 2 27 7
1 19 2 29 7
1 19 2 30 7
1 19 1 31 21
1 19 2 31 7
1 19 2 32 7
1 19 2 33 7
1 19 1 34 7
1 19 2 34 7
1 19 1 35 7
1 19 1 36 7
1 19 2 37 7
1 19 1 38 7
1 19 2 38 7
1 19 1 39 14
1 19 2 39 14
1 19 1 40 14
1 19 2 40 14
1 19 1 41 50
1 19 2 41 28
1 19 1 42 14
1 19 2 42 35
1 19 1 43 57
1 19 2 43 50
1 19 1 44 28
1 19 2 44 14
1 19 1 45 28
1 19 2 45 50
1 19 1 46 21
1 19 2 46 35
1 19 1 47 78
1 19 2 47 35
1 19 1 48 71
1 19 2 48 43
1 19 1 49 92
1 19 2 49 21
1 19 1 50 57
1 19 2 50 92
1 19 1 51 57
1 19 2 51 50
1 19 1 52 21
1 19 2 52 78
1 19 1 53 14
1 19 2 53 64
1 19 2 54 35
1 19 1 55 21
1 19 2 55 21
1 19 1 56 7
1 19 2 56 7
1 19 2 58 7
1 19 2 59 14
1 19 1 60 7
1 19 2 61 7
1 19 1 62 7
1 19 2 62 7
1 19 2 64 14
1 19 1 70 7
1 18 3 13 8
1 18 3 16 8
1 18 1 37 13
1 18 2 37 13
1 18 1 39 66
1 18 2 39 39
1 18 1 41 131
1 18 2 41 105
1 18 1 42 53
1 18 2 42 39
1 18 1 43 131
1 18 2 43 131
1 18 1 44 53
1 18 2 44 39
1 18 1 45 105
1 18 2 45 210
1 18 1 46 26
1 18 2 46 53
1 18 1 47 79
1 18 2 47 118
1 18 1 48 26
1 18 2 48 39
1 18 1 49 171
1 18 2 49 131
1 18 1 50 13
1 18 2 50 92
1 18 1 51 105
1 18 2 51 144
1 18 1 52 26
1 18 2 52 105
1 18 1 53 66
1 18 2 53 105
1 18 2 54 26
1 18 1 55 13
1 18 2 55 66
1 18 2 57 26
1 18 2 61 13
1 18 2 64 13
1 17 3 12 3
1 17 3 14 6
1 17 3 15 35
1 17 3 16 9
1 17 3 17 9
1 17 1 18 3
1 17 2 18 3
1 17 3 18 6
1 17 1 19 3
1 17 2 19 3
1 17 1 20 16
1 17 2 20 16
1 17 1 21 16
1 17 2 21 9
1 17 1 22 13
1 17 2 22 15
1 17 2 23 10
1 17 1 24 11
1 17 2 24 4
1 17 2 25 4
1 17 1 26 7
1 17 2 26 4
1 17 1 27 4
1 17 2 27 7
1 17 1 28 4
1 17 2 28 11
1 17 1 29 7
1 17 2 29 4
1 17 1 30 7
1 17 1 31 4
1 17 2 31 4
1 17 2 34 4
1 17 2 37 4
1 17 1 38 7
1 17 1 39 4
1 17 2 39 7
1 17 1 40 4
1 17 1 41 4
1 17 2 41 11
1 17 1 42 4
1 17 1 43 7
1 17 2 43 4
1 17 1 45 22
1 17 2 45 7
1 17 1 46 30
1 17 2 46 11
1 17 1 47 15
1 17 2 47 22
1 17 1 48 45
1 17 2 48 11
1 17 1 49 15
1 17 2 49 37
1 17 1 50 26
1 17 2 50 37
1 17 1 51 11
1 17 2 51 45
1 17 1 52 22
1 17 2 52 37
1 17 1 53 7
1 17 2 53 30
1 17 1 54 4
1 17 2 54 34
1 17 1 55 7
1 17 2 55 30
1 17 1 56 7
1 17 2 56 11
1 17 1 57 4
1 17 2 57 15
1 17 2 60 4
1 17 2 62 4
1 17 2 63 4
1 17 2 65 4
1 17 2 67 4
1 16 3 13 14
1 16 3 14 22
1 16 1 16 14
1 16 1 17 7
1 16 1 18 7
1 16 2 18 14
1 16 1 20 7
1 16 1 21 7
1 16 2 21 7
1 16 2 22 7
1 16 1 23 15
1 16 2 23 14
1 16 2 24 22
1 16 2 25 7
1 16 1 27 15
1 16 1 34 15
1 16 1 37 15
1 16 2 37 15
1 16 2 38 15
1 16 1 39 30
1 16 2 39 15
1 16 1 40 30
1 16 1 41 15
1 16 2 41 15
1 16 2 42 30
1 16 1 43 30
1 16 2 43 60
1 16 1 44 74
1 16 2 44 30
1 16 1 45 89
1 16 2 45 45
1 16 1 46 134
1 16 2 46 45
1 16 1 47 238
1 16 2 47 104
1 16 1 48 179
1 16 2 48 104
1 16 1 49 268
1 16 2 49 194
1 16 1 50 149
1 16 2 50 104
1 16 1 51 119
1 16 2 51 104
1 16 1 52 89
1 16 2 52 179
1 16 1 53 15
1 16 2 53 89
1 16 1 54 30
1 16 2 54 45
1 16 2 55 15
1 16 2 57 15
1 16 2 58 15
1 16 1 59 15
1 16 1 63 15
1 15 3 13 7
1 15 3 14 7
1 15 3 15 35
1 15 3 16 14
1 15 1 18 7
1 15 1 19 7
1 15 2 19 14
1 15 2 20 60
1 15 1 21 58
1 15 2 21 37
1 15 1 22 88
1 15 2 22 7
1 15 1 23 69
1 15 2 23 55
1 15 2 24 39
1 15 1 25 32
1 15 2 25 32
1 15 1 26 48
1 15 2 26 97
1 15 1 27 16
1 15 2 27 64
1 15 1 28 97
1 15 2 28 97
1 15 1 29 113
1 15 2 29 81
1 15 1 30 177
1 15 2 30 64
1 15 1 31 161
1 15 2 31 129
1 15 1 32 32
1 15 2 32 97
1 15 1 33 129
1 15 1 34 81
1 15 2 34 64
1 15 1 35 97
1 15 2 35 81
1 15 1 36 32
1 15 2 36 81
1 15 1 37 48
1 15 2 37 81
1 15 1 38 97
1 15 2 38 97
1 15 1 39 81
1 15 2 39 32
1 15 1 40 64
1 15 2 40 193
1 15 1 41 81
1 15 2 41 97
1 15 1 42 48
1 15 2 42 32
1 15 1 43 81
1 15 2 43 64
1 15 1 44 32
1 15 2 44 48
1 15 1 45 48
1 15 2 45 48
1 15 1 46 32
1 15 2 46 64
1 15 1 47 16
1 15 2 47 32
1 15 1 48 48
1 15 2 48 64
1 15 1 49 32
1 15 2 49 48
1 15 1 50 64
1 15 2 50 48
1 15 1 51 64
1 15 2 51 64
1 15 1 52 16
1 15 2 52 16
1 15 2 53 16
1 15 2 54 16
1 15 2 55 16
1 15 2 56 16
1 14 3 16 3
1 14 2 29 1
1 14 1 62 1
1 14 2 63 1
1 14 1 66 2
1 14 2 66 1
1 14 1 67 2
1 14 2 67 2
1 14 1 69 1
1 14 2 69 2
1 14 2 70 1
1 14 1 71 1
1 14 2 72 3
1 14 1 73 1
1 14 2 73 1
1 14 2 74 2
1 14 2 75 2
1 14 2 76 1
1 14 2 77 1
1 14 2 78 1
1 14 2 79 2
1 13 2 78 1
1 13 1 80 1
1 12 1 70 1
1 11 3 12 5
1 11 3 14 5
1 11 1 15 5
1 11 1 16 5
1 11 1 69 1
1 11 1 70 1
1 11 1 74 1
1 11 2 74 1
1 11 2 75 1
1 11 2 76 2
1 11 1 77 1
1 11 2 77 2
1 10 2 70 1
1 10 2 73 1
1 10 2 74 1
1 10 2 76 1
1 9 2 60 1
1 9 1 64 1
1 9 2 68 1
1 9 2 69 1
1 9 2 70 1
1 9 2 71 4
1 9 2 72 1
1 9 2 74 1
1 9 2 75 4
1 9 2 76 1
1 9 2 81 1
1 8 3 16 4
1 8 3 17 4
1 8 2 79 1
1 7 2 20 4
1 7 1 30 1
1 7 2 76 1
1 6 1 33 1
1 6 2 40 1
1 6 2 65 1
1 6 2 76 1
1 5 1 28 1
1 5 1 29 2
1 5 1 30 3
1 5 2 30 1
1 5 1 31 7
1 5 2 31 5
1 5 1 32 14
1 5 2 32 4
1 5 1 33 12
1 5 2 33 4
1 5 1 34 5
1 5 2 34 1
1 5 1 35 8
1 5 2 35 9
1 5 1 36 3
1 5 2 36 2
1 5 1 37 4
1 5 2 37 1
1 5 2 38 1
1 5 1 40 2
1 5 2 41 3
1 5 2 42 1
1 5 1 43 2
1 5 2 43 2
1 5 1 44 3
1 5 1 60 2
1 5 1 66 1
1 5 1 67 1
1 5 2 67 1
1 5 1 69 1
1 5 2 70 1
1 5 2 73 1
1 5 2 78 1
1 5 2 79 1
1 5 1 80 1
1 5 2 81 1
1 4 1 18 5
1 4 1 63 1
1 4 2 70 1
1 4 2 71 1
1 4 1 73 1
1 4 2 74 1
1 3 3 16 7
1 3 1 35 1
1 3 2 64 1
1 2 1 31 1
1 2 2 33 2
1 2 1 60 1
1 2 1 68 1
1 1 2 31 1
1 1 1 56 1
1 1 1 57 1
1 1 2 58 1
1 1 1 59 1
1 1 1 60 1
1 1 1 61 1
1 1 1 63 2
1 1 1 64 1
1 1 2 65 2
1 1 1 67 2
1 1 1 69 1
1 1 2 72 1
1 1 2 73 1
1 373 2 40 1
1 373 2 44 1
1 372 3 11 1
1 372 3 12 1
1 372 3 13 1
1 372 3 14 2
1 371 3 11 2
1 371 3 12 3
1 371 3 13 4
1 371 3 14 2
1 371 2 74 1
1 370 3 10 1
1 370 3 11 1
1 370 3 12 5
1 370 3 13 5
1 370 3 14 1
1 370 3 15 1
1 370 3 16 1
1 370 1 73 1
1 369 1 53 1
1 369 1 67 1
1 369 1 73 1
1 368 3 14 5
1 368 3 15 4
1 368 3 16 1
1 367 3 15 4
1 367 1 66 1
1 367 1 67 1
1 367 1 68 1
1 367 2 68 2
1 367 2 70 1
1 367 2 71 1
1 367 1 72 1
1 367 1 73 3
1 367 2 73 2
1 367 1 75 2
1 367 2 75 1
1 367 2 78 1
1 367 2 79 1
1 367 1 80 1
1 367 2 80 1
1 366 3 13 1
1 366 3 14 1
1 366 3 16 1
1 366 1 61 1
1 366 1 68 1
1 366 2 68 1
1 366 1 69 2
1 366 2 69 1
1 366 2 70 2
1 366 1 71 1
1 366 2 71 1
1 366 2 72 2
1 366 2 73 1
1 366 2 74 2
1 366 2 75 2
1 366 2 76 1
1 365 3 13 2
1 365 3 14 2
1 365 1 65 1
1 365 2 68 2
1 365 1 69 2
1 365 1 70 1
1 365 1 71 1
1 365 2 72 2
1 365 2 73 1
1 365 2 75 1
1 365 2 76 2
1 365 2 77 3
1 365 2 78 1
1 365 2 84 1
1 364 2 67 1
1 364 1 68 1
1 364 2 69 1
1 364 1 72 1
1 363 3 9 2
1 363 3 10 3
1 363 3 11 9
1 363 3 12 13
1 363 3 13 2
1 363 2 75 1
1 363 2 78 1
1 362 3 11 2
1 362 3 13 2
1 362 1 67 1
1 362 1 71 1
1 362 1 74 1
1 362 2 75 1
1 362 2 76 1
1 362 2 77 1
1 362 2 78 1
1 362 2 79 1
1 362 2 81 1
1 361 2 15 1
1 361 2 79 1
1 360 3 13 1
1 360 3 14 3
1 360 1 15 1
1 360 2 15 3
1 360 3 15 9
1 360 1 16 2
1 360 2 16 7
1 360 1 17 2
1 360 2 17 2
1 360 1 27 1
1 360 1 69 1
1 360 2 77 1
1 360 2 78 1
1 359 3 13 1
1 359 1 15 1
1 359 2 15 3
1 359 1 16 1
1 359 2 16 4
1 359 2 17 1
1 359 1 27 1
1 359 2 27 1
1 359 1 28 2
1 359 2 28 2
1 359 1 30 1
1 359 2 30 2
1 359 1 31 1
1 359 2 31 1
1 359 1 32 1
1 359 1 40 1
1 359 1 57 1
1 359 1 60 1
1 359 1 64 1
1 359 1 65 1
1 359 1 68 1
1 359 2 69 1
1 359 2 77 1
1 359 2 78 1
1 359 1 81 1
1 358 2 15 1
1 358 1 27 2
1 358 1 28 1
1 358 1 29 1
1 358 1 30 1
1 358 2 30 1
1 358 1 31 1
1 358 2 35 1
1 358 1 36 1
1 358 1 55 1
1 358 2 55 1
1 358 1 56 1
1 358 1 60 1
1 358 1 61 1
1 358 2 64 2
1 358 1 65 1
1 358 1 66 1
1 358 2 66 1
1 358 2 67 2
1 358 2 70 2
1 358 2 71 2
1 358 1 72 3
1 358 2 72 1
1 358 2 76 1
1 358 2 78 1
1 357 3 16 3
1 357 1 51 5
1 357 1 57 5
1 357 1 59 5
1 357 2 59 5
1 357 1 60 18
1 357 1 61 23
1 357 2 61 9
1 357 1 62 9
1 357 1 63 5
1 357 1 64 18
1 357 2 64 5
1 357 1 65 14
1 357 2 65 5
1 357 1 66 9
1 357 2 66 5
1 357 1 67 9
1 357 2 67 5
1 357 1 68 5
1 357 2 68 14
1 357 1 69 5
1 357 1 70 5
1 357 2 70 18
1 357 2 72 9
1 357 2 78 5
1 356 3 15 2
1 356 2 29 4
1 356 2 30 4
1 356 1 60 4
1 356 1 66 4
1 356 1 67 4
1 356 1 70 4
1 356 2 71 4
1 356 2 74 4
1 356 2 75 8
1 355 3 14 3
1 355 3 15 1
1 355 3 16 5
1 355 3 17 1
1 355 2 21 1
1 355 1 25 2
1 355 2 25 1
1 355 1 26 1
1 355 2 26 2
1 355 1 27 3
1 355 2 27 4
1 355 1 28 2
1 355 1 29 3
1 355 2 29 2
1 355 2 30 2
1 355 2 31 1
1 355 1 32 2
1 355 1 33 1
1 355 1 57 1
1 355 1 58 1
1 355 1 63 1
1 354 2 16 1
1 354 1 17 1
1 354 1 29 1
1 354 1 30 1
1 354 2 30 1
1 354 1 31 1
1 354 1 33 1
1 354 2 33 1
1 354 1 39 1
1 354 2 40 1
1 354 1 41 1
1 354 1 51 1
1 354 1 60 1
1 354 1 64 1
1 354 2 64 1
1 354 2 65 1
1 354 2 66 1
1 354 1 67 1
1 354 1 70 1
1 354 2 72 2
1 354 2 73 1
1 354 1 74 1
1 354 2 75 1
1 354 2 76 1
1 354 2 79 1
1 353 3 15 1
1 353 3 16 1
1 353 1 26 1
1 353 2 26 3
1 353 2 27 1
1 353 1 28 1
1 353 2 28 3
1 353 1 29 6
1 353 2 29 4
1 353 1 30 2
1 353 2 30 3
1 353 1 32 1
1 353 2 32 3
1 353 1 37 1
1 353 1 38 1
1 353 1 40 1
1 353 2 40 1
1 353 1 48 1
1 353 1 55 1
1 353 1 56 1
1 353 1 57 1
1 353 1 60 3
1 353 1 62 2
1 353 2 66 1
1 353 1 67 1
1 353 2 67 2
1 353 1 69 2
1 353 2 70 1
1 353 2 71 2
1 352 1 38 1
1 352 1 39 1
1 352 1 42 1
1 352 2 61 1
1 352 2 66 1
1 352 2 68 1
1 352 2 71 1
1 352 2 73 1
1 352 2 74 1
1 352 2 75 1
1 351 3 14 2
1 351 3 15 2
1 351 1 60 1
1 351 1 64 1
1 351 1 65 1
1 350 3 13 3
1 350 3 14 3
1 350 2 15 1
1 350 3 15 2
1 350 1 16 1
1 350 1 24 1
1 350 1 25 1
1 350 2 25 2
1 350 1 26 2
1 350 2 26 1
1 350 1 28 1
1 350 2 28 1
1 350 1 29 1
1 350 2 29 1
1 350 2 70 1
1 350 2 73 1
1 350 2 75 1
1 350 2 76 1
1 349 3 14 2
1 349 1 17 1
1 349 1 29 1
1 349 2 72 1
1 349 2 73 1
1 348 3 12 1
1 348 3 13 1
1 348 3 14 2
1 348 1 65 1
1 348 1 71 1
1 347 3 10 2
1 347 3 11 2
1 347 3 12 11
1 347 3 13 11
1 347 3 14 8
1 347 3 15 3
1 347 3 16 2
1 347 1 67 1
1 346 3 8 3
1 346 3 10 8
1 346 3 13 3
1 346 3 14 5
1 346 2 72 1
1 345 3 10 5
1 345 3 11 2
1 345 1 73 1
1 344 3 8 1
1 344 3 9 2
1 344 3 10 7
1 344 3 11 7
1 344 3 12 7
1 344 3 13 1
1 343 3 8 1
1 343 3 9 5
1 343 3 10 3
1 343 3 11 4
1 343 3 12 1
1 342 3 9 5
1 342 3 10 5
1 342 3 11 2
1 342 1 75 1
1 341 3 8 5
1 341 3 9 12
1 341 3 10 14
1 341 3 11 4
1 341 3 12 3
1 340 3 8 1
1 340 3 9 3
1 340 3 10 8
1 340 3 11 3
1 340 3 12 2
1 339 3 10 2
1 339 3 11 2
1 339 3 13 2
1 339 3 15 2
1 339 1 71 1
1 339 2 75 1
1 339 1 76 1
1 339 2 76 2
1 339 1 78 1
1 338 3 10 4
1 338 3 11 4
1 338 3 12 12
1 338 3 13 6
1 338 3 14 15
1 338 3 15 6
1 338 3 17 2
1 338 1 68 1
1 338 2 77 1
1 338 2 79 2
1 337 3 10 5
1 337 3 12 5
1 337 3 13 2
1 337 2 72 1
1 337 2 82 1
1 336 3 12 3
1 336 3 13 10
1 336 3 14 6
1 336 3 16 3
1 336 2 73 1
1 335 3 15 1
1 335 3 17 1
1 335 2 75 1
1 335 2 77 1
1 334 3 11 1
1 334 3 12 3
1 334 3 13 2
1 334 3 14 1
1 334 3 15 1
1 333 3 12 1
1 333 1 15 1
1 333 2 15 1
1 333 2 16 1
1 333 1 17 1
1 333 1 73 1
1 332 3 13 1
1 332 3 14 2
1 332 3 15 5
1 332 3 16 3
1 332 3 17 1
1 332 2 75 1
1 332 2 78 1
1 331 3 14 3
1 331 3 15 2
1 331 3 16 1
1 331 3 17 1
1 331 1 61 1
1 331 1 63 1
1 331 1 69 1
1 331 2 69 1
1 331 2 75 1
1 331 2 80 1
1 330 3 14 2
1 330 2 15 2
1 330 1 39 1
1 330 1 54 1
1 330 1 58 1
1 330 1 61 1
1 330 2 61 1
1 330 1 63 2
1 330 1 70 1
1 330 2 71 1
1 330 2 72 1
1 330 1 73 1
1 330 2 73 1
1 330 1 74 2
1 330 2 74 3
1 330 2 77 1
1 329 3 12 1
1 329 3 13 3
1 329 3 15 1
1 329 1 17 1
1 328 3 11 1
1 328 3 12 1
1 328 3 13 1
1 328 3 14 2
1 328 3 15 1
1 327 1 72 1
1 326 1 67 1
1 325 3 10 1
1 325 3 13 3
1 325 3 14 1
1 324 3 8 2
1 324 3 9 2
1 324 3 10 2
1 324 3 11 2
1 324 3 13 2
1 324 2 77 1
1 323 3 8 10
1 323 3 9 22
1 323 3 10 5
1 323 3 11 10
1 323 3 12 6
1 323 3 14 6
1 323 2 19 1
1 323 2 26 2
1 323 2 29 2
1 323 2 30 2
1 323 2 31 1
1 323 2 33 1
1 323 2 34 1
1 323 2 41 1
1 323 2 42 1
1 323 2 54 1
1 323 2 55 1
1 322 3 8 13
1 322 3 9 3
1 322 3 10 8
1 322 3 11 2
1 321 3 8 1
1 321 3 10 2
1 320 3 7 2
1 320 3 8 3
1 320 3 9 10
1 320 3 10 11
1 320 3 11 11
1 320 3 12 10
1 320 3 13 3
1 320 1 71 1
1 320 2 76 1
1 319 3 8 2
1 319 3 10 13
1 319 3 11 14
1 319 3 12 8
1 319 3 13 4
1 318 3 9 33
1 318 3 10 39
1 318 3 11 28
1 318 3 12 33
1 318 3 14 17
1 318 1 67 1
1 318 1 70 3
1 318 2 70 2
1 318 1 73 1
1 318 2 73 1
1 318 2 77 1
1 317 1 76 1
1 317 2 78 1
1 316 3 14 2
1 316 1 16 2
1 316 1 17 2
1 316 2 17 2
1 316 1 18 2
1 316 1 23 1
1 316 1 27 1
1 316 2 27 1
1 316 1 28 3
1 316 2 28 1
1 316 1 30 1
1 316 1 40 1
1 316 2 40 1
1 316 1 41 2
1 316 1 43 1
1 316 2 44 1
1 316 1 45 1
1 316 1 46 3
1 316 1 47 1
1 316 1 48 4
1 316 1 49 2
1 316 2 49 1
1 316 1 50 8
1 316 1 51 2
1 316 2 51 1
1 316 1 52 6
1 316 2 52 1
1 316 1 53 5
1 316 1 54 4
1 316 2 54 1
1 316 1 55 5
1 316 2 55 1
1 316 1 56 2
1 316 1 57 2
1 316 2 57 2
1 316 1 58 1
1 316 2 58 3
1 316 1 59 2
1 316 2 59 2
1 316 1 60 1
1 316 2 60 2
1 316 1 61 1
1 316 2 61 1
1 316 1 62 1
1 316 2 62 1
1 316 1 63 1
1 316 2 63 1
1 316 1 65 2
1 316 2 66 2
1 316 1 67 2
1 316 2 68 2
1 316 2 69 1
1 316 1 70 1
1 316 2 71 1
1 316 2 75 1
1 315 3 14 1
1 315 3 15 2
1 315 1 60 1
1 315 2 64 1
1 314 2 53 1
1 178 1 41 1
1 178 2 41 3
1 178 1 42 1
1 178 2 42 1
1 178 1 43 3
1 178 2 43 1
1 178 1 44 6
1 178 2 44 3
1 178 1 45 3
1 178 2 45 3
1 178 1 46 9
1 178 2 46 2
1 178 1 47 6
1 178 2 47 6
1 178 1 48 2
1 178 2 48 8
1 178 1 49 3
1 178 2 49 7
1 178 2 50 6
1 178 1 51 5
1 178 2 51 10
1 178 1 52 3
1 178 2 52 6
1 178 1 53 1
1 178 2 53 3
1 178 1 54 4
1 178 2 54 7
1 178 1 55 3
1 178 2 55 6
1 178 1 56 3
1 178 2 56 6
1 178 1 57 2
1 178 2 57 13
1 178 1 58 4
1 178 2 58 3
1 178 1 59 3
1 178 2 59 4
1 178 1 60 3
1 178 2 60 5
1 178 1 61 2
1 178 2 61 4
1 178 1 62 1
1 178 2 62 4
1 178 2 63 2
1 178 1 64 1
1 178 2 64 6
1 178 2 65 6
1 178 1 66 2
1 178 2 66 3
1 178 2 67 1
1 178 2 69 1
1 177 2 30 1
1 177 2 44 2
1 177 1 46 1
1 177 2 46 1
1 177 1 48 2
1 177 1 49 2
1 177 1 50 1
1 177 2 50 2
1 177 1 51 3
1 177 2 51 2
1 177 2 52 5
1 177 1 53 6
1 177 2 53 2
1 177 1 54 1
1 177 2 54 1
1 177 1 55 3
1 177 2 55 6
1 177 1 56 2
1 177 2 56 3
1 177 2 57 3
1 177 2 58 2
1 177 2 59 2
1 177 2 60 2
1 177 2 61 2
1 177 2 62 2
1 177 2 63 1
1 176 2 48 1
1 176 2 49 1
1 176 1 50 3
1 176 2 50 1
1 176 1 51 2
1 176 2 51 2
1 176 1 52 4
1 176 2 52 6
1 176 1 53 9
1 176 2 53 5
1 176 1 54 6
1 176 2 54 4
1 176 1 55 4
1 176 2 55 2
1 176 1 56 1
1 176 2 56 7
1 176 1 57 6
1 176 2 57 8
1 176 1 58 3
1 176 2 58 8
1 176 1 59 1
1 176 2 59 12
1 176 1 60 2
1 176 2 60 6
1 176 2 61 2
1 176 2 63 4
1 176 2 66 1
1 176 2 72 1
1 175 2 55 1
1 174 1 46 2
1 174 2 46 1
1 174 1 47 1
1 174 1 49 1
1 174 1 50 2
1 174 2 50 1
1 174 1 51 5
1 174 2 51 2
1 174 1 52 6
1 174 2 52 2
1 174 1 53 6
1 174 2 53 5
1 174 1 54 4
1 174 2 54 6
1 174 1 55 10
1 174 2 55 7
1 174 1 56 7
1 174 2 56 14
1 174 1 57 4
1 174 2 57 12
1 174 2 58 11
1 174 1 59 4
1 174 2 59 11
1 174 2 60 4
1 174 2 61 7
1 174 2 62 1
1 174 2 63 2
1 174 2 64 6
1 174 2 65 1
1 174 2 66 3
1 174 2 67 1
1 174 1 68 1
1 174 2 68 2
1 173 1 17 1
1 173 2 37 1
1 173 1 38 1
1 173 2 38 1
1 173 1 40 3
1 173 2 40 2
1 173 1 41 1
1 173 2 42 2
1 173 1 50 2
1 173 2 50 1
1 173 1 51 1
1 173 1 52 1
1 172 2 58 1
1 172 2 59 1
1 172 2 60 1
1 172 2 61 1
1 172 2 63 2
1 172 2 70 1
1 171 1 17 3
1 171 2 40 1
1 171 2 41 1
1 171 1 43 1
1 171 1 46 1
1 171 2 46 2
1 171 1 47 2
1 171 2 48 1
1 171 1 49 1
1 171 1 50 2
1 171 1 51 2
1 171 1 52 2
1 171 2 52 1
1 171 1 53 2
1 171 2 53 2
1 171 1 54 1
1 171 2 54 2
1 171 1 55 2
1 171 2 55 2
1 171 1 56 4
1 171 2 56 2
1 171 1 57 6
1 171 2 57 3
1 171 1 58 2
1 171 2 58 8
1 171 1 59 6
1 171 2 59 5
1 171 1 60 10
1 171 2 60 4
1 171 1 61 3
1 171 2 61 8
1 171 1 62 6
1 171 2 62 8
1 171 1 63 2
1 171 2 63 6
1 171 1 64 5
1 171 2 64 11
1 171 1 65 4
1 171 2 65 13
1 171 1 66 1
1 171 2 66 8
1 171 1 67 1
1 171 2 67 5
1 171 2 68 3
1 171 1 69 1
1 171 2 69 4
1 171 2 70 2
1 171 2 71 2
1 171 2 72 1
1 171 2 73 1
1 170 3 10 4
1 170 3 11 13
1 170 3 12 23
1 170 3 13 34
1 170 3 14 25
1 170 3 15 4
1 170 3 16 2
1 170 3 17 2
1 170 3 18 2
1 170 2 53 1
1 170 1 56 1
1 170 1 58 1
1 170 1 59 1
1 170 1 60 1
1 170 2 60 1
1 170 1 61 1
1 170 1 62 1
1 170 1 64 2
1 170 1 66 2
1 170 2 66 1
1 170 2 67 1
1 170 2 69 6
1 170 2 70 1
1 170 2 71 3
1 170 2 72 1
1 170 2 73 1
1 170 2 74 2
1 170 2 79 1
1 169 3 8 2
1 169 3 9 6
1 169 3 10 14
1 169 3 11 12
1 169 3 12 12
1 169 3 13 9
1 169 3 14 2
1 169 3 15 1
1 169 3 19 1
1 169 1 63 1
1 169 2 63 1
1 169 1 66 1
1 169 1 67 3
1 169 2 67 1
1 169 1 68 1
1 169 1 69 1
1 169 2 69 1
1 169 2 73 2
1 169 2 76 1
1 168 3 9 20
1 168 3 10 16
1 168 3 11 49
1 168 3 12 37
1 168 3 13 45
1 168 3 14 33
1 168 3 15 8
1 168 2 64 1
1 168 1 67 1
1 168 1 68 1
1 168 2 68 1
1 168 1 69 1
1 168 2 69 2
1 168 2 70 1
1 168 2 71 1
1 168 2 73 1
1 168 2 75 1
1 168 2 76 1
1 167 3 9 3
1 167 1 70 1
1 166 3 9 7
1 166 3 10 25
1 166 3 11 16
1 166 3 12 5
1 166 3 13 2
1 166 3 18 1
1 165 3 9 2
1 165 3 10 17
1 165 3 11 14
1 165 3 12 5
1 165 3 13 3
1 165 1 69 1
1 165 1 75 1
1 165 2 75 1
1 165 2 85 1
1 164 3 9 5
1 164 3 10 25
1 164 3 11 30
1 164 3 12 47
1 164 3 13 22
1 164 3 14 14
1 164 2 18 3
1 164 2 19 3
1 164 1 68 1
1 164 1 69 1
1 164 2 69 1
1 164 1 71 1
1 164 2 72 1
1 164 2 74 1
1 164 2 75 1
1 163 3 9 7
1 163 3 10 9
1 163 3 11 15
1 163 3 12 6
1 163 3 13 4
1 163 3 14 2
1 162 3 8 1
1 162 3 9 11
1 162 3 10 26
1 162 3 11 23
1 162 3 12 9
1 162 3 13 4
1 161 3 7 24
1 161 3 8 48
1 161 3 9 311
1 161 3 10 623
1 161 3 11 216
1 161 3 12 264
1 161 1 74 1
1 161 2 75 1
1 160 3 8 39
1 160 3 9 195
1 160 3 10 468
1 160 3 11 253
1 160 3 12 97
1 160 1 69 1
1 159 3 7 1
1 159 3 8 4
1 159 3 9 25
1 159 3 10 19
1 159 3 11 4
1 159 3 12 1
1 159 3 13 2
1 159 1 67 1
1 159 2 71 1
1 158 3 8 5
1 158 3 9 6
1 158 3 10 1
1 158 2 69 1
1 158 2 71 1
1 158 2 73 1
1 158 2 78 1
1 157 3 8 12
1 157 3 9 5
1 157 3 10 7
1 157 3 11 3
1 157 2 72 1
1 157 2 75 1
1 156 3 10 2
1 155 3 7 1
1 155 3 8 5
1 155 3 9 29
1 155 3 10 23
1 155 3 11 5
1 155 2 15 1
1 154 3 8 1
1 154 3 9 22
1 154 3 10 23
1 154 3 11 12
1 153 3 9 108
1 153 3 10 257
1 153 3 11 190
1 153 3 12 81
1 153 3 13 14
1 153 3 14 41
1 153 1 63 1
1 153 2 74 1
1 153 1 75 1
1 153 2 77 1
1 153 2 78 1
1 153 2 79 1
1 153 2 80 1
1 153 2 81 1
1 153 2 82 1
1 152 3 8 10
1 152 3 9 52
1 152 3 10 145
1 152 3 11 135
1 152 3 12 42
1 152 3 13 83
1 152 3 14 31
1 152 3 15 10
1 152 1 20 1
1 152 1 63 1
1 152 1 68 1
1 152 2 71 2
1 152 1 72 1
1 152 2 72 1
1 152 2 76 1
1 152 2 78 2
1 152 2 81 1
1 151 3 9 23
1 151 3 10 70
1 151 3 11 140
1 151 3 12 152
1 151 3 13 58
1 151 3 14 35
1 151 2 34 1
1 151 2 67 1
1 151 2 71 1
1 151 1 72 1
1 151 1 75 1
1 151 2 76 1
1 150 3 9 3
1 150 3 10 17
1 150 3 11 26
1 150 3 12 14
1 150 3 13 6
1 150 1 58 1
1 150 1 69 1
1 150 1 71 1
1 149 3 9 21
1 149 3 10 53
1 149 3 11 41
1 149 3 12 27
1 149 3 13 6
1 149 3 14 6
1 149 2 72 1
1 149 2 73 1
1 149 2 81 1
1 148 3 9 6
1 148 3 10 58
1 148 3 11 123
1 148 3 12 110
1 148 3 13 19
1 148 3 14 13
1 148 3 15 6
1 148 2 75 1
1 148 2 78 1
1 147 3 10 19
1 147 3 11 11
1 147 3 12 6
1 147 1 30 1
1 147 1 61 1
1 147 1 65 1
1 147 2 68 1
1 147 2 69 1
1 146 3 11 26
1 146 3 12 22
1 146 3 13 35
1 146 3 14 9
1 146 1 52 1
1 146 1 54 1
1 146 1 55 1
1 146 1 57 1
1 146 1 58 2
1 146 1 59 1
1 146 2 59 1
1 146 1 60 1
1 146 2 60 1
1 146 1 61 1
1 146 2 61 1
1 146 1 62 4
1 146 1 63 3
1 146 2 63 3
1 146 1 64 2
1 146 1 67 1
1 146 2 67 3
1 146 1 68 1
1 146 2 68 2
1 146 1 69 1
1 146 2 69 3
1 146 1 71 1
1 146 2 71 2
1 146 2 72 1
1 146 2 73 1
1 146 1 74 1
1 146 2 74 1
1 146 2 75 1
1 145 3 9 3
1 145 3 10 18
1 145 3 11 18
1 145 3 12 29
1 145 3 13 50
1 145 3 14 44
1 145 3 15 9
1 145 3 16 9
1 145 1 19 1
1 145 1 49 1
1 145 1 56 1
1 145 2 57 1
1 145 1 58 2
1 145 2 58 1
1 145 1 59 2
1 145 2 59 2
1 145 1 60 3
1 145 2 60 3
1 145 1 61 3
1 145 2 61 5
1 145 1 62 5
1 145 2 62 3
1 145 1 63 7
1 145 2 63 3
1 145 2 64 2
1 145 2 65 6
1 145 1 66 1
1 145 2 66 1
1 145 2 67 3
1 145 1 68 4
1 145 2 68 5
1 145 1 69 1
1 145 2 69 1
1 145 2 70 1
1 145 2 79 1
1 144 3 9 4
1 144 3 10 4
1 144 3 12 22
1 144 3 13 33
1 144 3 14 48
1 144 1 15 22
1 144 2 15 4
1 144 3 15 4
1 144 1 16 7
1 144 2 16 4
1 144 1 17 7
1 144 2 24 1
1 144 1 25 1
1 144 1 27 1
1 144 2 27 1
1 144 1 28 3
1 144 2 28 1
1 144 2 29 3
1 144 2 30 1
1 144 2 34 1
1 144 1 38 1
1 144 1 39 1
1 144 1 43 1
1 144 1 44 4
1 144 2 44 1
1 144 1 45 6
1 144 1 46 4
1 144 2 46 1
1 144 1 47 12
1 144 2 47 1
1 144 1 48 4
1 144 2 48 3
1 144 1 49 8
1 144 2 49 3
1 144 1 50 15
1 144 2 50 5
1 144 1 51 23
1 144 2 51 5
1 144 1 52 27
1 144 2 52 8
1 144 1 53 15
1 144 2 53 5
1 144 1 54 13
1 144 2 54 5
1 144 1 55 10
1 144 2 55 6
1 144 1 56 15
1 144 2 56 5
1 144 1 57 8
1 144 2 57 5
1 144 1 58 4
1 144 2 58 9
1 144 1 59 3
1 144 2 59 3
1 144 1 60 6
1 144 2 60 3
1 144 2 61 3
1 144 1 62 3
1 144 2 62 5
1 144 1 63 1
1 144 2 68 1
1 143 3 11 8
1 143 3 12 54
1 143 3 13 124
1 143 3 14 185
1 143 1 15 8
1 143 2 15 23
1 143 3 15 77
1 143 1 16 62
1 143 2 16 23
1 143 3 16 15
1 143 1 17 46
1 143 2 17 57
1 143 3 17 15
1 143 1 18 31
1 143 2 18 15
1 143 1 19 8
1 143 1 20 8
1 143 2 20 8
1 143 1 21 8
1 143 1 22 8
1 143 2 22 15
1 143 1 23 8
1 143 2 23 8
1 143 1 25 3
1 143 1 26 3
1 143 2 26 3
1 143 1 27 3
1 143 1 37 3
1 143 1 39 3
1 143 1 40 10
1 143 1 41 10
1 143 2 41 10
1 143 1 42 10
1 143 2 42 13
1 143 1 43 6
1 143 2 43 3
1 143 1 44 6
1 143 2 44 26
1 143 1 45 6
1 143 2 45 6
1 143 1 46 13
1 143 2 46 6
1 143 1 47 13
1 143 2 47 16
1 143 1 48 29
1 143 2 48 6
1 143 1 49 10
1 143 2 49 19
1 143 1 50 26
1 143 2 50 13
1 143 1 51 26
1 143 2 51 6
1 143 1 52 19
1 143 2 52 13
1 143 1 53 26
1 143 2 53 16
1 143 1 54 22
1 143 2 54 10
1 143 1 55 26
1 143 1 56 26
1 143 2 56 10
1 143 1 57 10
1 143 2 57 6
1 143 1 58 19
1 143 2 58 10
1 143 1 59 19
1 143 2 59 22
1 143 1 60 10
1 143 2 60 13
1 143 1 61 10
1 143 2 61 6
1 143 1 62 3
1 143 2 62 6
1 143 1 63 3
1 143 2 63 6
1 142 3 11 4
1 142 3 12 11
1 142 3 13 32
1 142 3 14 50
1 142 1 15 14
1 142 2 15 4
1 142 3 15 14
1 142 1 16 11
1 142 2 16 7
1 142 1 17 4
1 142 2 17 11
1 142 1 18 4
1 142 2 41 4
1 142 1 44 4
1 142 1 45 4
1 142 1 46 4
1 142 1 48 8
1 142 1 49 23
1 142 2 49 4
1 142 1 50 23
1 142 1 51 38
1 142 2 51 4
1 142 1 52 15
1 142 1 53 30
1 142 1 54 53
1 142 2 54 4
1 142 1 55 30
1 142 2 55 4
1 142 1 56 34
1 142 1 57 38
1 142 2 57 4
1 142 1 58 19
1 142 2 58 8
1 142 1 59 23
1 142 2 59 15
1 142 1 60 11
1 142 2 60 15
1 142 1 61 8
1 142 2 61 8
1 142 1 62 8
1 142 2 62 4
1 142 1 63 8
1 142 2 63 4
1 142 2 64 11
1 142 2 65 8
1 142 2 68 4
1 142 2 69 4
1 142 2 72 4
1 141 2 28 1
1 141 1 46 1
1 141 1 52 2
1 141 1 53 1
1 141 1 54 1
1 141 1 55 2
1 141 2 55 1
1 141 1 56 7
1 141 2 56 2
1 141 1 57 5
1 141 2 57 4
1 141 1 58 11
1 141 2 58 2
1 141 1 59 10
1 141 2 59 3
1 141 1 60 5
1 141 2 60 9
1 141 1 61 5
1 141 2 61 8
1 141 1 62 6
1 141 2 62 5
1 141 1 63 1
1 141 2 63 7
1 141 1 64 3
1 141 2 64 2
1 141 2 65 2
1 141 1 66 1
1 141 2 66 2
1 141 2 67 2
1 141 1 68 1
1 141 2 68 1
1 141 2 71 2
1 140 1 43 1
1 140 1 51 2
1 140 1 52 2
1 140 1 53 4
1 140 2 53 1
1 140 1 54 5
1 140 2 54 1
1 140 1 55 4
1 140 1 56 8
1 140 1 57 8
1 140 1 58 4
1 140 1 59 4
1 140 1 60 3
1 140 2 60 2
1 140 1 61 2
1 140 2 61 2
1 140 1 62 1
1 140 2 62 3
1 140 2 63 2
1 140 1 64 3
1 140 2 65 1
1 139 3 10 2
1 139 3 12 2
1 139 3 14 2
1 138 3 12 4
1 138 3 13 4
1 138 3 14 13
1 138 3 15 4
1 138 1 16 13
1 138 1 25 13
1 138 1 35 13
1 138 1 38 26
1 138 1 39 39
1 138 1 40 13
1 138 2 40 13
1 138 2 41 39
1 138 1 42 52
1 138 2 42 66
1 138 1 43 105
1 138 2 43 79
1 138 1 44 52
1 138 2 44 39
1 138 1 45 184
1 138 2 45 26
1 138 1 46 105
1 138 2 46 26
1 138 1 47 118
1 138 2 47 92
1 138 1 48 131
1 138 2 48 92
1 138 1 49 131
1 138 2 49 79
1 138 1 50 170
1 138 2 50 66
1 138 1 51 170
1 138 2 51 79
1 138 1 52 66
1 138 2 52 157
1 138 1 53 118
1 138 2 53 105
1 138 1 54 66
1 138 2 54 105
1 138 1 55 39
1 138 2 55 26
1 138 1 56 39
1 138 2 56 26
1 138 2 57 26
1 138 1 59 26
1 138 2 59 26
1 138 1 60 26
1 138 1 61 13
1 138 2 62 13
1 138 1 63 13
1 137 3 11 7
1 137 3 12 13
1 137 3 13 46
1 137 3 14 43
1 137 3 15 33
1 137 3 16 30
1 137 3 17 10
1 137 3 18 7
1 137 1 23 1
1 137 2 24 1
1 137 2 28 1
1 137 2 34 1
1 137 2 37 1
1 137 2 38 1
1 137 1 39 2
1 137 2 39 2
1 137 2 40 3
1 137 1 41 1
1 137 2 41 5
1 137 1 42 3
1 137 2 42 2
1 137 1 43 5
1 137 1 44 6
1 137 2 44 1
1 137 1 45 4
1 137 2 45 1
1 137 1 47 2
1 137 2 47 2
1 137 1 48 2
1 137 1 49 5
1 137 2 49 3
1 137 1 50 5
1 137 2 50 1
1 137 1 51 8
1 137 2 51 3
1 137 1 52 2
1 137 2 52 2
1 137 2 53 2
1 137 1 54 1
1 137 2 54 2
1 137 1 55 2
1 137 2 55 4
1 137 1 56 1
1 137 2 56 1
1 137 1 57 2
1 137 2 57 3
1 137 1 59 1
1 137 2 59 1
1 137 2 60 2
1 136 3 10 1
1 136 3 13 1
1 135 3 12 2
1 135 3 13 6
1 135 3 14 8
1 135 1 15 4
1 135 2 15 3
1 135 3 15 3
1 135 1 16 3
1 135 2 16 1
1 135 1 40 1
1 135 1 41 1
1 135 2 43 1
1 135 1 44 2
1 135 2 47 1
1 135 1 48 2
1 135 2 49 2
1 135 1 50 4
1 135 1 51 1
1 135 1 52 3
1 135 1 53 8
1 135 2 53 2
1 135 1 54 8
1 135 2 54 3
1 135 1 55 3
1 135 2 55 2
1 135 1 56 4
1 135 2 56 1
1 135 1 57 3
1 135 2 57 3
1 135 1 58 3
1 135 2 58 3
1 135 1 59 2
1 135 2 59 2
1 135 1 60 1
1 135 2 61 1
1 135 1 62 1
1 135 2 62 1
1 135 1 64 1
1 135 2 65 2
1 134 3 11 4
1 134 3 12 8
1 134 3 13 2
1 134 3 14 6
1 134 3 15 3
1 134 3 16 1
1 134 1 25 1
1 134 2 25 1
1 134 1 27 1
1 134 2 34 1
1 134 1 35 1
1 134 1 38 1
1 134 1 40 1
1 134 1 47 2
1 134 1 48 2
1 134 1 49 3
1 134 2 50 1
1 134 1 51 4
1 134 1 52 3
1 134 2 52 1
1 134 1 53 8
1 134 2 53 1
1 134 1 54 6
1 134 2 54 2
1 134 1 55 7
1 134 2 55 3
1 134 1 56 2
1 134 2 56 4
1 134 1 57 7
1 134 2 57 5
1 134 1 58 3
1 134 2 58 6
1 134 1 59 4
1 134 2 59 5
1 134 1 60 1
1 134 2 60 1
1 134 1 61 1
1 134 2 61 4
1 134 1 62 1
1 134 2 62 1
1 134 1 63 1
1 134 2 63 1
1 134 2 64 3
1 133 3 10 26
1 133 3 11 69
1 133 3 12 138
1 133 3 13 129
1 133 3 14 52
1 133 3 15 17
1 133 1 18 5
1 133 2 18 9
1 133 2 21 5
1 133 1 22 9
1 133 1 23 18
1 133 2 23 5
1 133 1 24 5
1 133 2 24 5
1 133 1 25 18
1 133 1 26 5
1 133 2 26 9
1 133 1 27 14
1 133 2 28 5
1 133 1 29 18
1 133 2 29 14
1 133 1 30 14
1 133 2 30 5
1 133 1 31 9
1 133 2 31 5
1 133 1 32 5
1 133 2 32 5
1 133 2 33 5
1 133 2 34 9
1 133 1 35 5
1 133 1 46 5
1 133 1 51 5
1 133 1 53 14
1 133 1 54 23
1 133 2 54 5
1 133 1 55 18
1 133 2 55 9
1 133 1 56 9
1 133 2 56 5
1 133 1 57 9
1 133 2 57 14
1 133 1 58 32
1 133 2 58 5
1 133 2 59 18
1 133 1 60 14
1 133 2 60 9
1 133 1 61 14
1 133 2 61 14
1 133 1 62 5
1 133 2 62 37
1 133 1 63 9
1 133 2 63 5
1 133 1 64 9
1 133 2 64 9
1 133 1 65 5
1 133 2 65 5
1 133 2 66 5
1 133 2 67 5
1 133 2 68 5
1 133 2 74 5
1 132 3 11 3
1 132 3 12 3
1 132 1 53 1
1 132 1 57 1
1 132 1 58 4
1 132 2 58 2
1 132 1 59 6
1 132 2 59 1
1 132 1 60 5
1 132 2 60 2
1 132 1 61 9
1 132 1 62 5
1 132 2 62 5
1 132 1 63 4
1 132 2 63 4
1 132 1 64 3
1 132 2 64 4
1 132 1 65 4
1 132 2 65 5
1 132 1 66 4
1 132 2 66 6
1 132 2 67 4
1 132 1 68 2
1 132 2 68 3
1 132 1 69 2
1 132 2 69 3
1 132 2 70 1
1 132 2 71 1
1 132 2 72 2
1 132 2 74 1
1 132 1 76 1
1 132 2 76 1
1 131 3 9 3
1 131 3 10 8
1 131 3 11 9
1 131 3 12 6
1 131 3 13 1
1 131 1 62 2
1 131 1 63 2
1 131 2 67 3
1 131 2 70 2
1 131 2 71 1
1 131 2 73 1
1 131 1 74 1
1 131 2 76 1
1 130 3 9 1
1 130 3 10 7
1 130 3 11 15
1 130 3 12 12
1 130 3 13 6
1 130 3 14 1
1 130 2 71 1
1 130 2 77 1
1 129 3 8 1
1 129 3 9 7
1 129 3 10 30
1 129 3 11 19
1 129 3 12 4
1 129 2 76 1
1 128 3 9 4
1 128 3 10 16
1 128 3 11 11
1 128 3 12 2
1 128 1 63 1
1 128 1 64 1
1 128 2 66 2
1 128 2 67 1
1 128 1 68 1
1 128 2 68 2
1 128 2 69 3
1 128 1 70 1
1 128 2 70 1
1 128 2 71 1
1 128 2 72 1
1 128 1 73 1
1 128 2 73 1
1 128 2 75 1
1 127 3 9 1
1 127 3 10 3
1 127 3 11 8
1 127 3 12 5
1 127 3 13 3
1 127 3 14 4
1 127 3 15 1
1 127 2 54 1
1 127 1 55 1
1 127 1 57 1
1 127 1 58 3
1 127 2 58 2
1 127 1 59 2
1 127 1 60 1
1 127 2 60 1
1 127 2 61 1
1 127 1 62 1
1 127 2 62 1
1 127 2 63 2
1 127 1 64 2
1 127 2 64 2
1 127 1 65 2
1 127 2 65 3
1 127 2 66 1
1 127 2 67 5
1 127 2 68 3
1 127 2 69 4
1 127 2 70 1
1 127 1 71 2
1 127 2 71 2
1 127 2 73 1
1 127 2 74 3
1 126 3 11 3
1 126 3 12 6
1 126 3 13 12
1 126 3 14 20
1 126 1 15 6
1 126 2 15 1
1 126 3 15 6
1 126 1 16 5
1 126 2 16 3
1 126 3 16 1
1 126 1 17 2
1 126 3 17 1
1 126 2 19 1
1 126 2 20 1
1 126 1 21 1
1 126 1 24 2
1 126 2 24 1
1 126 1 26 2
1 126 2 27 2
1 126 1 28 1
1 126 2 28 1
1 126 2 31 1
1 126 1 32 2
1 126 2 32 1
1 126 2 34 1
1 126 1 36 2
1 126 2 36 2
1 126 1 37 2
1 126 2 37 3
1 126 1 38 6
1 126 2 38 2
1 126 1 39 14
1 126 2 39 8
1 126 1 40 11
1 126 2 40 6
1 126 1 41 5
1 126 2 41 2
1 126 1 42 3
1 126 2 42 6
1 126 1 43 5
1 126 2 43 1
1 126 1 44 3
1 126 2 44 4
1 126 1 45 2
1 126 2 45 3
1 126 1 46 8
1 126 2 46 3
1 126 1 47 8
1 126 2 47 3
1 126 1 48 9
1 126 2 48 2
1 126 1 49 13
1 126 2 49 3
1 126 1 50 9
1 126 2 50 6
1 126 1 51 9
1 126 2 51 3
1 126 1 52 8
1 126 2 52 5
1 126 1 53 7
1 126 2 53 7
1 126 1 54 4
1 126 2 54 2
1 126 2 55 4
1 126 1 56 1
1 126 2 56 4
1 126 2 57 4
1 126 2 58 3
1 126 2 59 3
1 126 2 61 1
1 126 2 65 1
1 125 3 12 13
1 125 3 13 47
1 125 3 14 81
1 125 1 15 40
1 125 2 15 40
1 125 3 15 40
1 125 1 16 60
1 125 2 16 13
1 125 1 17 12
1 125 2 17 27
1 125 2 18 7
1 125 1 19 5
1 125 1 21 5
1 125 2 21 5
1 125 1 23 10
1 125 2 23 21
1 125 1 24 5
1 125 1 25 26
1 125 2 25 21
1 125 1 26 16
1 125 1 27 5
1 125 1 28 5
1 125 1 29 16
1 125 1 30 5
1 125 2 30 5
1 125 1 31 5
1 125 2 31 5
1 125 1 32 26
1 125 2 32 5
1 125 1 33 10
1 125 2 33 5
1 125 1 34 16
1 125 2 34 16
1 125 1 35 36
1 125 2 35 16
1 125 1 36 21
1 125 2 36 31
1 125 1 37 42
1 125 2 37 21
1 125 1 38 31
1 125 2 38 21
1 125 1 39 52
1 125 2 39 21
1 125 1 40 16
1 125 2 40 10
1 125 1 41 16
1 125 2 41 31
1 125 1 42 42
1 125 2 42 10
1 125 1 43 21
1 125 2 43 5
1 125 1 44 21
1 125 2 44 16
1 125 1 45 36
1 125 2 45 16
1 125 1 46 31
1 125 2 46 10
1 125 1 47 36
1 125 2 47 26
1 125 1 48 57
1 125 2 48 31
1 125 1 49 31
1 125 2 49 42
1 125 1 50 21
1 125 2 50 26
1 125 1 51 36
1 125 2 51 21
1 125 1 52 26
1 125 2 52 36
1 125 1 53 16
1 125 2 53 21
1 125 1 54 16
1 125 2 54 21
1 125 1 55 5
1 125 2 55 21
1 125 1 56 5
1 125 2 56 5
1 125 2 57 5
1 125 2 58 5
1 125 1 59 5
1 125 1 60 5
1 125 1 61 5
1 124 3 11 17
1 124 3 12 85
1 124 3 13 237
1 124 3 14 322
1 124 1 15 81
1 124 2 15 51
1 124 3 15 34
1 124 2 16 68
1 124 2 18 30
1 124 1 19 27
1 124 2 19 40
1 124 1 20 40
1 124 2 20 27
1 124 1 21 67
1 124 2 21 27
1 124 1 22 81
1 124 2 22 54
1 124 1 23 40
1 124 2 23 40
1 124 1 24 67
1 124 2 24 27
1 124 1 25 13
1 124 2 25 27
1 124 1 26 13
1 124 2 26 13
1 124 1 27 13
1 124 1 28 40
1 124 1 31 13
1 124 1 32 13
1 124 1 33 13
1 124 2 33 13
1 124 1 35 13
1 124 1 37 27
1 124 2 37 27
1 124 1 38 13
1 124 2 38 27
1 124 1 39 40
1 124 2 39 13
1 124 1 40 27
1 124 2 40 94
1 124 1 41 40
1 124 2 41 27
1 124 1 42 94
1 124 2 42 27
1 124 1 43 81
1 124 2 43 27
1 124 1 44 148
1 124 2 44 27
1 124 1 45 134
1 124 2 45 108
1 124 1 46 67
1 124 2 46 94
1 124 1 47 202
1 124 2 47 54
1 124 1 48 148
1 124 2 48 94
1 124 1 49 148
1 124 2 49 27
1 124 1 50 121
1 124 2 50 67
1 124 1 51 67
1 124 2 51 40
1 124 2 52 13
1 124 1 53 13
1 124 2 53 40
1 124 1 54 27
1 124 2 54 13
1 124 2 57 27
1 124 2 62 13
1 123 3 11 28
1 123 3 12 73
1 123 3 13 76
1 123 3 14 47
1 123 1 15 47
1 123 2 15 38
1 123 3 15 28
1 123 1 16 76
1 123 1 17 9
1 123 2 19 16
1 123 1 20 7
1 123 2 22 13
1 123 2 23 7
1 123 1 42 7
1 123 2 42 7
1 123 2 43 7
1 123 1 44 7
1 123 2 44 7
1 123 1 45 20
1 123 2 45 7
1 123 1 46 7
1 123 1 47 33
1 123 2 47 7
1 123 1 48 74
1 123 2 48 33
1 123 1 49 53
1 123 2 49 33
1 123 1 50 40
1 123 2 50 20
1 123 1 51 47
1 123 2 51 47
1 123 1 52 67
1 123 2 52 47
1 123 1 53 60
1 123 2 53 47
1 123 1 54 40
1 123 2 54 20
1 123 2 55 40
1 123 2 56 13
1 123 2 57 7
1 123 1 58 7
1 123 2 58 13
1 123 1 59 7
1 123 2 59 7
1 123 2 60 7
1 123 2 61 7
1 123 2 64 7
1 122 3 10 6
1 122 3 11 75
1 122 3 12 46
1 122 3 13 37
1 122 3 14 23
1 122 1 15 9
1 122 2 15 6
1 122 1 16 9
1 122 2 16 3
1 122 1 17 3
1 122 1 19 1
1 122 1 22 1
1 122 2 22 2
1 122 2 51 1
1 122 1 52 1
1 122 1 54 2
1 122 2 54 1
1 122 2 55 1
1 122 2 56 1
1 122 1 57 2
1 122 2 57 2
1 122 1 58 3
1 122 2 58 6
1 122 2 59 3
1 122 1 60 1
1 122 2 60 5
1 122 2 61 7
1 122 1 62 1
1 122 1 63 2
1 122 2 63 6
1 122 2 64 4
1 122 2 65 2
1 122 1 66 1
1 122 2 67 1
1 122 2 70 1
1 121 3 9 3
1 121 3 10 1
1 120 3 8 9
1 120 3 9 10
1 119 3 8 3
1 119 3 9 5
1 118 3 7 1
1 118 3 8 2
1 118 3 9 1
1 118 3 10 1
1 117 3 8 1
1 117 3 9 4
1 117 3 10 4
1 117 3 11 2
1 117 3 12 1
1 116 3 8 1
1 116 3 9 3
1 116 3 10 5
1 116 3 11 2
1 115 3 8 1
1 115 3 9 3
1 115 3 10 11
1 115 3 11 9
1 115 3 12 4
1 115 3 13 1
1 115 3 15 1
1 114 3 8 1
1 114 3 9 6
1 114 3 10 4
1 114 3 11 4
1 113 3 9 3
1 113 3 10 4
1 113 3 11 2
1 113 3 12 1
1 113 3 14 1
1 113 3 15 1
1 112 3 9 2
1 112 3 10 3
1 112 1 61 1
1 112 2 73 1
1 112 2 74 1
1 112 2 81 1
1 111 3 8 6
1 111 3 9 5
1 110 3 8 1
1 110 3 9 2
1 110 3 10 4
1 110 3 11 1
1 109 3 9 7
1 109 3 10 25
1 109 3 11 3
1 109 2 68 1
1 109 1 72 1
1 109 2 72 1
1 109 2 73 1
1 109 2 74 1
1 109 2 77 1
1 108 3 9 8
1 108 3 10 56
1 108 3 11 56
1 108 3 12 15
1 108 2 56 1
1 108 2 57 1
1 108 1 59 1
1 108 1 60 1
1 108 1 61 2
1 108 1 62 1
1 108 2 62 5
1 108 1 63 3
1 108 2 63 3
1 108 2 64 2
1 108 2 65 4
1 108 1 66 1
1 108 2 66 4
1 108 2 67 3
1 108 2 68 2
1 108 2 69 2
1 108 1 70 1
1 108 2 70 2
1 108 2 71 1
1 107 3 9 1
1 107 3 10 10
1 107 3 11 8
1 107 3 12 1
1 107 2 51 1
1 107 2 56 1
1 107 1 57 1
1 107 2 58 2
1 107 1 59 2
1 107 2 59 2
1 107 1 60 2
1 107 2 60 1
1 107 1 61 2
1 107 2 61 7
1 107 1 62 5
1 107 2 62 4
1 107 1 63 7
1 107 2 63 5
1 107 1 64 4
1 107 2 64 11
1 107 1 65 1
1 107 2 65 7
1 107 1 66 1
1 107 2 66 18
1 107 1 67 1
1 107 2 67 8
1 107 1 68 1
1 107 2 68 8
1 107 2 69 6
1 107 2 70 1
1 107 2 71 2
1 107 1 72 1
1 107 2 72 2
1 107 1 73 1
1 107 2 73 5
1 107 1 74 1
1 107 2 74 2
1 107 2 75 1
1 106 3 13 12
1 106 3 14 8
1 106 1 15 4
1 106 2 15 8
1 106 3 15 2
1 106 2 16 2
1 106 1 17 6
1 106 2 17 10
1 106 2 25 2
1 106 1 27 2
1 106 2 31 2
1 106 1 33 2
1 106 1 34 2
1 106 1 35 4
1 106 1 36 8
1 106 1 37 4
1 106 1 38 2
1 106 2 38 2
1 106 1 39 2
1 106 1 40 4
1 106 2 40 2
1 106 2 41 2
1 106 1 42 4
1 106 1 43 2
1 106 2 43 4
1 106 1 44 2
1 106 1 45 2
1 106 1 46 8
1 106 1 47 6
1 106 2 47 2
1 106 1 48 6
1 106 2 48 2
1 106 1 49 21
1 106 2 49 8
1 106 1 50 12
1 106 2 50 10
1 106 1 51 12
1 106 2 51 4
1 106 1 52 10
1 106 2 52 4
1 106 1 53 17
1 106 2 53 19
1 106 1 54 12
1 106 2 54 10
1 106 1 55 6
1 106 2 55 17
1 106 1 56 23
1 106 2 56 12
1 106 1 57 21
1 106 2 57 19
1 106 1 58 6
1 106 2 58 19
1 106 1 59 4
1 106 2 59 6
1 106 1 60 6
1 106 2 60 10
1 106 2 61 2
1 106 1 62 6
1 106 2 62 4
1 106 1 63 4
1 106 2 63 6
1 106 2 64 2
1 106 2 65 2
1 106 1 66 2
1 106 1 67 2
1 106 2 67 4
1 106 2 70 2
1 105 3 14 2
1 105 2 15 2
1 105 1 18 3
1 105 1 41 3
1 105 2 41 3
1 105 1 44 3
1 105 2 44 3
1 105 1 46 7
1 105 2 46 10
1 105 1 47 10
1 105 1 48 10
1 105 2 48 3
1 105 1 49 10
1 105 2 49 14
1 105 1 50 28
1 105 2 50 14
1 105 1 51 31
1 105 2 51 24
1 105 1 52 14
1 105 2 52 34
1 105 1 53 31
1 105 2 53 41
1 105 1 54 28
1 105 2 54 55
1 105 1 55 17
1 105 2 55 24
1 105 1 56 10
1 105 2 56 17
1 105 1 57 7
1 105 2 57 38
1 105 1 58 3
1 105 2 58 31
1 105 1 59 3
1 105 2 59 28
1 105 1 60 3
1 105 2 60 17
1 105 1 61 3
1 105 2 61 17
1 105 1 62 3
1 105 2 62 17
1 105 2 63 3
1 105 2 64 3
1 105 1 65 3
1 105 2 65 3
1 105 2 66 7
1 105 2 67 3
1 105 2 68 7
1 104 3 14 5
1 104 1 15 2
1 104 1 16 2
1 104 2 16 2
1 104 2 17 2
1 104 1 42 7
1 104 1 43 14
1 104 2 43 7
1 104 2 44 7
1 104 1 45 14
1 104 2 45 7
1 104 1 46 7
1 104 2 46 7
1 104 1 47 20
1 104 2 47 7
1 104 1 48 20
1 104 2 48 14
1 104 1 49 54
1 104 2 49 20
1 104 1 50 20
1 104 2 50 20
1 104 1 51 41
1 104 2 51 34
1 104 1 52 41
1 104 2 52 61
1 104 1 53 102
1 104 2 53 54
1 104 1 54 41
1 104 2 54 47
1 104 1 55 20
1 104 2 55 61
1 104 1 56 27
1 104 2 56 74
1 104 1 57 20
1 104 2 57 20
1 104 2 58 41
1 104 1 59 7
1 104 2 59 47
1 104 2 60 14
1 104 2 61 14
1 104 2 62 14
1 103 3 14 9
1 103 1 16 9
1 103 2 18 9
1 103 2 29 14
1 103 1 30 14
1 103 2 37 14
1 103 1 39 14
1 103 2 39 14
1 103 1 41 14
1 103 2 41 41
1 103 2 42 27
1 103 1 43 27
1 103 1 44 55
1 103 1 45 41
1 103 2 45 27
1 103 1 46 110
1 103 2 46 14
1 103 1 47 41
1 103 2 47 27
1 103 1 48 110
1 103 2 48 14
1 103 1 49 124
1 103 2 49 124
1 103 1 50 165
1 103 2 50 55
1 103 1 51 165
1 103 2 51 55
1 103 1 52 41
1 103 2 52 124
1 103 1 53 110
1 103 2 53 124
1 103 1 54 165
1 103 2 54 82
1 103 1 55 69
1 103 2 55 41
1 103 1 56 55
1 103 2 56 69
1 103 2 57 27
1 103 2 58 82
1 103 1 59 14
1 103 2 59 41
1 103 2 60 27
1 103 2 61 27
1 103 2 62 14
1 103 2 63 14
1 103 2 65 14
1 103 2 66 27
1 103 2 67 14
1 102 3 11 1
1 101 3 13 3
1 101 3 14 1
1 101 1 15 1
1 101 2 15 2
1 101 2 16 1
1 101 2 17 1
1 101 2 62 1
1 100 3 12 1
1 100 3 13 1
1 99 3 12 1
1 99 3 13 4
1 99 3 14 5
1 99 1 15 5
1 99 2 15 4
1 99 3 15 2
1 99 1 16 4
1 99 2 16 3
1 99 1 17 2
1 99 2 17 1
1 99 2 18 1
1 98 1 37 1
1 98 1 39 2
1 98 1 40 1
1 98 2 40 1
1 98 1 41 2
1 98 1 42 2
1 98 2 42 1
1 98 1 43 2
1 98 2 43 2
1 98 1 44 2
1 98 2 44 2
1 98 1 45 5
1 98 2 45 3
1 98 1 46 3
1 98 2 46 2
1 98 1 47 5
1 98 2 47 3
1 98 1 48 3
1 98 2 48 3
1 98 1 49 8
1 98 2 49 5
1 98 1 50 9
1 98 2 50 9
1 98 1 51 10
1 98 2 51 10
1 98 1 52 5
1 98 2 52 8
1 98 1 53 9
1 98 2 53 8
1 98 1 54 9
1 98 2 54 8
1 98 1 55 3
1 98 2 55 5
1 98 1 56 1
1 98 2 56 6
1 98 1 57 1
1 98 2 57 3
1 98 1 58 2
1 98 2 58 3
1 98 2 59 3
1 98 2 60 1
1 98 1 61 1
1 98 2 61 2
1 97 3 11 1
1 97 3 12 2
1 97 3 13 1
1 97 3 14 5
1 97 3 15 15
1 97 3 16 10
1 97 3 17 4
1 97 3 18 4
1 97 3 19 2
1 97 3 20 1
1 97 1 23 1
1 97 1 25 1
1 97 1 32 1
1 97 1 43 1
1 97 1 44 1
1 97 2 45 1
1 97 1 46 1
1 97 2 46 1
1 97 1 47 3
1 97 1 48 1
1 97 2 48 1
1 97 1 49 3
1 97 2 49 4
1 97 1 50 14
1 97 2 50 7
1 97 1 51 9
1 97 2 51 6
1 97 1 52 12
1 97 2 52 9
1 97 1 53 13
1 97 2 53 6
1 97 1 54 9
1 97 2 54 6
1 97 1 55 9
1 97 2 55 17
1 97 1 56 3
1 97 2 56 6
1 97 1 57 9
1 97 2 57 9
1 97 1 58 1
1 97 2 58 3
1 97 1 59 3
1 97 2 59 4
1 97 1 60 1
1 97 1 61 3
1 97 2 61 7
1 97 2 62 3
1 97 1 63 3
1 97 1 64 1
1 97 2 66 1
1 97 2 67 1
1 97 1 68 1
1 96 3 11 2
1 96 3 12 2
1 96 3 14 7
1 96 1 15 2
1 96 2 15 2
1 96 1 16 2
1 96 2 16 9
1 96 1 17 11
1 96 2 17 4
1 96 2 18 4
1 96 1 19 9
1 96 2 19 2
1 96 1 20 4
1 96 2 20 7
1 96 1 21 13
1 96 2 21 9
1 96 1 22 31
1 96 2 22 13
1 96 1 23 9
1 96 2 23 13
1 96 1 24 26
1 96 2 24 17
1 96 1 25 4
1 96 2 25 13
1 96 1 26 17
1 96 2 26 13
1 96 1 27 17
1 96 2 27 17
1 96 1 28 9
1 96 2 28 9
1 96 1 29 17
1 96 2 29 13
1 96 1 30 22
1 96 2 30 13
1 96 1 31 26
1 96 2 31 17
1 96 1 32 22
1 96 2 32 4
1 96 1 33 4
1 96 2 33 4
1 96 1 34 13
1 96 2 34 39
1 96 1 35 4
1 96 2 35 13
1 96 2 36 4
1 96 2 37 9
1 96 2 38 4
1 96 1 39 9
1 96 2 39 13
1 96 2 40 4
1 96 1 41 4
1 96 2 41 9
1 96 1 43 13
1 96 2 43 17
1 96 1 44 9
1 96 2 44 9
1 96 1 45 9
1 96 2 45 9
1 96 1 46 26
1 96 2 46 17
1 96 1 47 26
1 96 2 47 17
1 96 1 48 9
1 96 2 48 17
1 96 1 49 22
1 96 2 49 22
1 96 1 50 48
1 96 2 50 39
1 96 1 51 22
1 96 2 51 57
1 96 1 52 22
1 96 2 52 26
1 96 1 53 17
1 96 2 53 22
1 96 1 54 9
1 96 2 54 35
1 96 1 55 4
1 96 2 55 39
1 96 1 56 4
1 96 2 56 9
1 96 1 57 4
1 96 2 57 4
1 96 2 58 9
1 96 2 59 9
1 96 1 60 4
1 96 2 60 4
1 96 2 62 4
1 96 2 63 13
1 96 2 64 4
1 96 1 66 4
1 96 2 68 4
1 96 2 69 4
1 96 2 73 4
1 96 2 80 4
1 95 3 11 2
1 95 3 12 14
1 95 3 13 19
1 95 3 14 14
1 95 1 15 3
1 95 2 15 3
1 95 3 15 14
1 95 1 16 4
1 95 2 16 1
1 95 1 17 4
1 95 2 17 2
1 95 2 18 1
1 95 1 19 1
1 95 2 19 3
1 95 1 20 3
1 95 2 20 10
1 95 1 21 10
1 95 2 21 2
1 95 1 22 6
1 95 2 22 7
1 95 1 23 18
1 95 2 23 7
1 95 1 24 7
1 95 2 24 4
1 95 1 25 4
1 95 1 26 4
1 95 1 27 4
1 95 2 27 4
1 95 1 28 4
1 95 2 28 4
1 95 1 29 4
1 95 2 29 4
1 95 1 30 7
1 95 1 31 4
1 95 2 33 4
1 95 1 34 4
1 95 2 35 4
1 95 2 38 4
1 95 1 39 4
1 95 1 40 4
1 95 1 41 4
1 95 1 42 4
1 95 2 43 4
1 95 1 45 4
1 95 2 45 4
1 95 1 46 18
1 95 1 47 33
1 95 2 47 18
1 95 1 48 22
1 95 2 48 11
1 95 1 49 51
1 95 2 49 18
1 95 1 50 33
1 95 2 50 37
1 95 1 51 29
1 95 2 51 15
1 95 1 52 48
1 95 2 52 4
1 95 1 53 15
1 95 2 53 22
1 95 1 54 15
1 95 2 54 18
1 95 1 55 7
1 95 2 55 18
1 95 1 56 4
1 95 2 56 7
1 95 1 57 7
1 95 2 57 18
1 95 2 58 4
1 95 2 59 7
1 95 2 60 4
1 94 3 10 12
1 94 3 11 15
1 94 3 12 58
1 94 3 13 42
1 94 3 14 42
1 94 1 15 27
1 94 2 15 19
1 94 3 15 15
1 94 1 16 4
1 94 2 16 8
1 94 1 17 4
1 94 1 19 4
1 94 2 19 12
1 94 2 21 8
1 94 1 22 4
1 94 2 22 4
1 94 1 25 10
1 94 1 31 10
1 94 2 31 10
1 94 1 33 10
1 94 1 38 10
1 94 1 39 20
1 94 1 40 10
1 94 2 40 20
1 94 2 41 20
1 94 1 43 10
1 94 1 44 39
1 94 1 45 49
1 94 2 45 30
1 94 1 46 30
1 94 2 46 39
1 94 1 47 69
1 94 2 47 79
1 94 1 48 59
1 94 2 48 39
1 94 1 49 79
1 94 2 49 59
1 94 1 50 98
1 94 2 50 39
1 94 1 51 98
1 94 2 51 98
1 94 1 52 39
1 94 2 52 30
1 94 1 53 30
1 94 2 53 49
1 94 1 54 30
1 94 2 54 30
1 94 1 55 10
1 94 2 55 20
1 94 1 57 10
1 94 2 57 10
1 94 2 58 10
1 94 1 59 10
1 93 3 10 5
1 93 3 11 21
1 93 3 12 27
1 93 3 13 32
1 93 3 14 16
1 93 1 15 5
1 93 2 15 5
1 93 2 17 5
1 93 2 18 5
1 93 1 19 11
1 93 1 20 12
1 93 2 21 12
1 93 1 22 12
1 93 2 22 23
1 93 1 23 23
1 93 2 26 23
1 93 1 43 12
1 93 1 45 12
1 93 2 45 12
1 93 1 46 23
1 93 2 46 12
1 93 1 47 12
1 93 1 48 58
1 93 2 48 12
1 93 1 49 58
1 93 2 49 23
1 93 1 50 46
1 93 2 50 58
1 93 1 51 58
1 93 2 51 69
1 93 1 52 46
1 93 2 52 69
1 93 1 53 58
1 93 2 53 46
1 93 1 54 46
1 93 2 54 58
1 93 1 55 46
1 93 2 55 92
1 93 2 56 46
1 93 1 57 12
1 93 2 58 12
1 93 1 59 12
1 93 2 60 12
1 93 2 62 12
1 92 3 11 4
1 92 3 12 2
1 92 3 13 3
1 92 2 49 1
1 92 2 50 1
1 92 1 51 1
1 92 2 51 1
1 92 1 52 1
1 92 2 52 1
1 92 1 53 5
1 92 2 53 1
1 92 1 54 7
1 92 2 54 4
1 92 1 55 9
1 92 2 55 20
1 92 1 56 5
1 92 2 56 5
1 92 1 57 10
1 92 2 57 13
1 92 1 58 12
1 92 2 58 13
1 92 1 59 8
1 92 2 59 13
1 92 1 60 5
1 92 2 60 16
1 92 1 61 5
1 92 2 61 18
1 92 1 62 1
1 92 2 62 9
1 92 1 63 1
1 92 2 63 9
1 92 1 64 1
1 92 2 64 4
1 92 2 65 5
1 92 1 66 1
1 92 2 66 3
1 92 2 67 1
1 92 2 68 3
1 92 2 69 1
1 92 2 70 3
1 92 1 71 1
1 92 2 71 1
1 92 2 73 1
1 91 3 12 1
1 91 3 13 1
1 91 3 14 1
1 91 3 15 2
1 91 2 25 5
1 91 2 29 5
1 91 1 43 5
1 91 2 43 5
1 91 1 44 5
1 91 2 44 5
1 91 1 45 5
1 91 1 46 25
1 91 2 46 5
1 91 1 47 45
1 91 2 47 5
1 91 1 48 20
1 91 2 48 20
1 91 1 49 40
1 91 2 49 30
1 91 1 50 35
1 91 2 50 20
1 91 1 51 35
1 91 2 51 35
1 91 1 52 20
1 91 2 52 35
1 91 1 53 35
1 91 2 53 10
1 91 2 54 35
1 91 1 55 15
1 91 2 55 20
1 91 1 56 20
1 91 2 56 10
1 91 2 57 5
1 91 2 58 5
1 91 2 60 10
1 90 3 10 1
1 90 3 11 1
1 90 3 12 4
1 90 3 13 5
1 90 3 14 11
1 90 1 15 1
1 90 2 15 3
1 90 3 15 4
1 90 1 16 1
1 90 3 16 2
1 90 2 17 2
1 90 3 17 1
1 90 1 18 3
1 90 2 18 2
1 90 1 19 2
1 90 2 19 2
1 90 1 20 3
1 90 2 20 4
1 90 1 21 2
1 90 2 21 1
1 90 1 22 9
1 90 2 22 3
1 90 1 23 6
1 90 2 23 3
1 90 1 24 6
1 90 1 25 6
1 90 2 25 6
1 90 1 26 9
1 90 2 27 6
1 90 2 28 3
1 90 1 29 3
1 90 2 29 3
1 90 2 30 3
1 90 2 31 6
1 90 1 33 3
1 90 1 36 9
1 90 1 43 3
1 90 1 44 3
1 90 1 46 6
1 90 2 46 3
1 90 1 47 3
1 90 1 48 6
1 90 2 48 3
1 90 1 49 6
1 90 2 49 6
1 90 1 50 16
1 90 2 50 6
1 90 1 51 22
1 90 2 51 6
1 90 1 52 28
1 90 2 52 6
1 90 1 53 19
1 90 2 53 9
1 90 1 54 13
1 90 2 54 9
1 90 1 55 13
1 90 2 55 16
1 90 2 56 16
1 90 1 57 6
1 90 1 58 9
1 90 1 59 3
1 90 1 65 3
1 90 2 65 3
1 89 3 11 6
1 89 3 13 6
1 89 3 14 62
1 89 1 15 6
1 89 3 15 45
1 89 1 16 6
1 89 2 16 6
1 89 3 16 11
1 89 1 17 11
1 89 2 17 6
1 89 2 18 11
1 89 1 19 20
1 89 2 19 9
1 89 1 20 9
1 89 2 20 22
1 89 1 21 3
1 89 2 21 13
1 89 1 22 6
1 89 2 22 19
1 89 1 23 16
1 89 2 23 13
1 89 1 24 6
1 89 2 24 3
1 89 2 25 3
1 89 2 26 3
1 89 2 27 3
1 89 1 28 3
1 89 1 29 3
1 89 1 44 3
1 89 2 45 3
1 89 1 46 3
1 89 1 47 13
1 89 1 48 10
1 89 2 48 6
1 89 1 49 19
1 89 2 49 10
1 89 1 50 10
1 89 2 50 3
1 89 1 51 13
1 89 2 51 13
1 89 1 52 22
1 89 2 52 22
1 89 1 53 10
1 89 2 53 22
1 89 1 54 6
1 89 2 54 16
1 89 1 55 10
1 89 2 55 22
1 89 1 56 6
1 89 2 56 16
1 89 1 57 6
1 89 2 57 6
1 89 1 58 3
1 89 2 58 3
1 89 2 59 6
1 89 1 60 3
1 89 2 63 3
1 89 2 65 3
1 88 3 11 2
1 88 3 12 3
1 88 2 43 2
1 88 2 49 3
1 88 2 51 3
1 88 1 52 2
1 88 2 52 9
1 88 1 53 5
1 88 2 53 7
1 88 1 54 5
1 88 1 55 7
1 88 2 55 7
1 88 1 56 10
1 88 2 56 7
1 88 2 57 15
1 88 1 58 2
1 88 2 58 7
1 88 1 59 7
1 88 2 59 7
1 88 1 60 3
1 88 2 60 12
1 88 2 61 7
1 88 1 62 2
1 88 2 62 3
1 88 1 63 2
1 88 2 63 2
1 88 1 64 5
1 88 2 64 3
1 88 1 65 2
1 88 2 65 3
1 88 1 67 2
1 88 2 67 3
1 88 2 68 2
1 88 2 69 2
1 87 3 11 6
1 87 3 12 1
1 87 3 13 1
1 87 1 44 2
1 87 2 61 1
1 87 2 63 1
1 87 2 64 2
1 87 1 65 1
1 87 2 65 2
1 87 1 66 4
1 87 2 66 2
1 87 1 67 1
1 87 1 68 2
1 87 2 68 1
1 87 1 69 1
1 87 2 69 3
1 87 1 70 2
1 87 2 70 6
1 87 1 71 2
1 87 1 72 1
1 87 2 72 2
1 87 2 73 1
1 87 1 74 1
1 87 2 74 2
1 87 2 75 1
1 87 1 76 2
1 87 2 77 1
1 87 2 79 1
1 86 1 62 1
1 86 2 71 1
1 85 1 71 1
1 84 3 9 2
1 84 3 10 7
1 84 3 11 9
1 84 3 12 6
1 84 3 13 1
1 83 3 10 1
1 83 3 11 1
1 83 1 18 1
1 82 3 9 1
1 82 3 10 6
1 82 3 11 9
1 82 3 12 5
1 82 3 13 5
1 82 3 14 1
1 82 3 15 2
1 81 3 14 1
1 81 3 15 1
1 81 2 44 2
1 81 1 45 2
1 81 1 48 2
1 81 2 48 2
1 81 1 49 2
1 81 1 50 4
1 81 2 50 5
1 81 1 51 7
1 81 2 51 9
1 81 1 52 11
1 81 2 52 13
1 81 1 53 9
1 81 2 53 20
1 81 1 54 7
1 81 2 54 20
1 81 1 55 20
1 81 2 55 23
1 81 1 56 2
1 81 2 56 23
1 81 1 57 11
1 81 2 57 18
1 81 1 58 4
1 81 2 58 20
1 81 1 59 4
1 81 2 59 25
1 81 1 60 5
1 81 2 60 9
1 81 1 61 2
1 81 2 61 2
1 81 1 62 2
1 81 2 62 4
1 81 2 63 7
1 81 1 64 2
1 81 2 64 2
1 81 1 65 4
1 81 1 66 2
1 81 2 66 2
1 81 1 67 2
1 81 2 67 2
1 81 2 70 2
1 81 2 75 2
1 80 3 13 11
1 80 3 14 11
1 80 3 15 4
1 80 3 16 4
1 80 1 18 5
1 80 2 19 5
1 80 1 20 5
1 80 1 21 5
1 80 2 22 5
1 80 2 26 5
1 80 2 38 5
1 80 1 40 5
1 80 2 41 5
1 80 2 45 16
1 80 1 47 5
1 80 2 47 21
1 80 1 48 11
1 80 2 48 16
1 80 1 49 21
1 80 2 49 21
1 80 1 50 37
1 80 2 50 37
1 80 1 51 32
1 80 2 51 37
1 80 1 52 32
1 80 2 52 42
1 80 1 53 21
1 80 2 53 37
1 80 1 54 11
1 80 2 54 32
1 80 1 55 5
1 80 2 55 42
1 80 2 56 26
1 80 1 57 21
1 80 2 57 58
1 80 2 58 21
1 80 1 61 5
1 80 2 61 5
1 80 2 62 5
1 80 2 63 5
1 80 1 67 5
1 79 3 13 1
1 79 3 14 3
1 79 1 15 2
1 79 2 15 2
1 79 1 17 1
1 79 1 18 5
1 79 2 18 3
1 79 2 19 1
1 79 1 21 10
1 79 2 21 3
1 79 2 22 3
1 79 2 46 3
1 79 1 47 3
1 79 1 48 3
1 79 1 49 3
1 79 2 49 7
1 79 1 50 14
1 79 2 50 20
1 79 1 51 20
1 79 2 51 17
1 79 1 52 7
1 79 2 52 17
1 79 1 53 17
1 79 2 53 31
1 79 1 54 20
1 79 2 54 24
1 79 1 55 17
1 79 2 55 31
1 79 1 56 10
1 79 2 56 14
1 79 1 57 14
1 79 2 57 38
1 79 1 58 3
1 79 2 58 17
1 79 1 59 7
1 79 2 59 10
1 79 2 60 14
1 79 1 61 3
1 79 2 61 14
1 79 1 62 3
1 79 2 64 3
1 79 1 66 3
1 79 2 66 3
1 79 1 73 3
1 78 3 14 2
1 78 2 20 5
1 78 2 24 5
1 78 1 25 5
1 78 1 40 5
1 78 1 41 5
1 78 1 42 5
1 78 2 43 5
1 78 1 45 10
1 78 2 45 16
1 78 2 46 5
1 78 1 47 10
1 78 2 47 16
1 78 1 48 21
1 78 2 48 16
1 78 1 49 26
1 78 2 49 36
1 78 1 50 16
1 78 2 50 62
1 78 1 51 26
1 78 2 51 52
1 78 1 52 31
1 78 2 52 42
1 78 1 53 26
1 78 2 53 67
1 78 1 54 26
1 78 2 54 52
1 78 1 55 5
1 78 2 55 42
1 78 2 56 31
1 78 1 57 21
1 78 2 57 10
1 78 2 58 5
1 78 1 59 5
1 78 2 60 5
1 78 2 61 10
1 78 1 63 5
1 78 2 65 5
1 78 2 70 5
1 77 1 21 1
1 77 1 28 1
1 77 1 37 1
1 77 2 38 2
1 77 1 39 1
1 77 2 39 1
1 77 1 41 10
1 77 2 41 6
1 77 1 42 7
1 77 2 42 3
1 77 1 43 8
1 77 2 43 7
1 77 1 44 6
1 77 2 44 4
1 77 1 45 3
1 77 2 45 7
1 77 1 46 4
1 77 2 46 8
1 77 1 47 5
1 77 2 47 8
1 77 1 48 4
1 77 2 48 6
1 77 1 49 8
1 77 2 49 7
1 77 1 50 2
1 77 2 50 10
1 77 1 51 2
1 77 2 51 3
1 77 1 52 2
1 77 2 52 7
1 77 1 53 3
1 77 2 53 5
1 77 2 54 5
1 77 1 55 2
1 77 2 55 3
1 77 2 56 1
1 77 2 58 1
1 77 2 59 1
1 77 2 61 1
1 77 1 65 1
1 77 2 72 1
1 76 2 22 1
1 76 1 27 1
1 76 2 27 2
1 76 2 28 1
1 76 1 35 1
1 76 1 36 1
1 76 1 37 1
1 76 1 39 1
1 76 2 39 2
1 76 1 40 3
1 76 2 40 3
1 76 2 41 2
1 76 1 42 1
1 76 2 42 2
1 76 2 43 1
1 76 1 44 2
1 76 2 44 2
1 76 1 45 1
1 76 2 45 3
1 76 1 46 2
1 76 1 47 2
1 76 2 47 3
1 76 1 48 1
1 76 2 48 3
1 76 1 49 2
1 76 2 49 3
1 76 1 50 1
1 76 1 51 1
1 76 2 51 1
1 76 1 52 1
1 76 2 52 3
1 76 2 53 3
1 76 1 54 2
1 76 2 54 9
1 76 1 55 1
1 76 2 55 3
1 76 1 56 1
1 76 2 56 1
1 76 2 57 3
1 76 2 58 2
1 76 2 59 1
1 76 2 61 1
1 76 2 62 1
1 75 3 14 5
1 75 1 15 5
1 75 2 15 5
1 75 2 16 2
1 75 1 17 2
1 75 1 19 2
1 75 1 20 11
1 75 1 21 11
1 75 2 21 34
1 75 1 22 23
1 75 2 22 11
1 75 2 23 11
1 75 1 25 11
1 75 2 25 11
1 75 2 26 34
1 75 1 27 23
1 75 1 29 11
1 75 2 29 11
1 75 1 30 23
1 75 2 30 23
1 75 1 31 34
1 75 2 31 23
1 75 1 32 11
1 75 2 33 23
1 75 1 34 23
1 75 2 34 23
1 75 1 35 23
1 75 2 35 34
1 75 1 36 11
1 75 2 36 34
1 75 1 37 90
1 75 2 37 34
1 75 1 38 56
1 75 2 38 79
1 75 1 39 56
1 75 2 39 124
1 75 1 40 113
1 75 2 40 113
1 75 1 41 79
1 75 2 41 102
1 75 1 42 147
1 75 2 42 124
1 75 1 43 113
1 75 2 43 68
1 75 1 44 56
1 75 2 44 68
1 75 1 45 68
1 75 2 45 135
1 75 1 46 113
1 75 2 46 79
1 75 1 47 56
1 75 2 47 90
1 75 1 48 68
1 75 2 48 23
1 75 1 49 34
1 75 2 49 68
1 75 1 50 45
1 75 2 50 79
1 75 1 51 11
1 75 2 51 34
1 75 1 52 11
1 75 2 52 102
1 75 1 53 11
1 75 2 53 79
1 75 1 54 23
1 75 2 54 45
1 75 2 55 11
1 75 1 59 11
1 75 1 65 11
1 74 2 34 1
1 74 1 36 1
1 74 1 41 1
1 74 2 41 1
1 74 1 43 3
1 74 2 43 2
1 74 1 44 1
1 74 2 45 3
1 74 1 46 2
1 74 2 46 1
1 74 1 47 1
1 74 2 47 3
1 74 1 48 5
1 74 2 48 5
1 74 1 49 2
1 74 2 49 6
1 74 1 50 2
1 74 2 50 14
1 74 1 51 2
1 74 2 51 3
1 74 1 52 4
1 74 2 52 14
1 74 1 53 2
1 74 2 53 7
1 74 1 54 6
1 74 2 54 13
1 74 1 55 3
1 74 2 55 7
1 74 2 56 7
1 74 2 57 4
1 74 2 58 2
1 74 1 60 1
1 74 2 60 2
1 74 2 65 2
1 74 1 66 1
1 73 3 13 2
1 73 3 14 1
1 73 3 16 1
1 73 3 17 1
1 73 2 34 2
1 73 1 35 1
1 73 1 36 1
1 73 1 37 3
1 73 2 37 1
1 73 1 38 4
1 73 2 38 2
1 73 1 39 6
1 73 2 39 2
1 73 1 40 5
1 73 2 40 6
1 73 1 41 7
1 73 2 41 8
1 73 1 42 3
1 73 2 42 4
1 73 1 43 2
1 73 2 43 1
1 73 1 44 4
1 73 2 45 2
1 73 2 46 3
1 73 2 47 2
1 73 1 48 1
1 73 2 49 3
1 73 1 51 1
1 73 2 51 4
1 73 1 52 1
1 73 2 52 1
1 73 2 53 1
1 73 2 56 2
1 72 3 15 4
1 72 1 22 19
1 72 1 23 37
1 72 1 25 19
1 72 1 26 37
1 72 2 26 37
1 72 1 27 112
1 72 2 27 75
1 72 1 28 75
1 72 2 28 37
1 72 1 29 131
1 72 2 29 112
1 72 1 30 206
1 72 2 30 94
1 72 1 31 225
1 72 2 31 168
1 72 1 32 187
1 72 2 32 243
1 72 1 33 243
1 72 2 33 281
1 72 1 34 187
1 72 2 34 262
1 72 1 35 206
1 72 2 35 150
1 72 1 36 150
1 72 2 36 94
1 72 1 37 150
1 72 2 37 150
1 72 1 38 112
1 72 2 38 75
1 72 1 39 75
1 72 2 39 168
1 72 1 40 168
1 72 2 40 75
1 72 1 41 56
1 72 2 41 56
1 72 1 42 19
1 72 2 42 19
1 72 2 44 19
1 72 2 45 19
1 72 1 47 37
1 72 2 48 37
1 72 2 49 56
1 72 1 50 19
1 72 2 50 37
1 72 2 51 19
1 72 1 53 19
1 72 2 53 37
1 72 2 55 19
1 72 2 56 19
1 72 2 57 37
1 71 3 15 2
1 71 2 27 8
1 71 2 28 17
1 71 2 30 25
1 71 1 31 17
1 71 2 31 8
1 71 1 32 25
1 71 2 32 8
1 71 1 33 8
1 71 1 34 8
1 71 2 34 8
1 71 1 35 17
1 71 2 35 17
1 71 2 36 8
1 71 2 37 8
1 71 1 38 8
1 71 2 38 25
1 71 1 39 25
1 71 2 39 41
1 71 1 40 17
1 71 2 40 33
1 71 1 41 25
1 71 2 41 41
1 71 1 42 33
1 71 2 42 17
1 71 1 43 50
1 71 2 43 50
1 71 1 44 58
1 71 2 44 25
1 71 1 45 50
1 71 2 45 25
1 71 1 46 33
1 71 2 46 25
1 71 1 47 50
1 71 2 47 33
1 71 1 48 33
1 71 2 48 8
1 71 1 49 58
1 71 2 49 41
1 71 1 50 33
1 71 2 50 58
1 71 1 51 33
1 71 2 51 58
1 71 2 52 33
1 71 1 53 8
1 71 2 53 8
1 71 2 54 25
1 71 1 55 25
1 71 2 55 8
1 71 2 56 17
1 71 2 57 17
1 71 1 58 8
1 71 2 60 8
1 71 1 61 8
1 70 3 13 2
1 70 3 15 1
1 70 3 37 4
1 70 3 39 4
1 70 3 40 8
1 70 3 41 12
1 70 3 42 21
1 70 3 43 8
1 70 3 44 8
1 70 3 45 12
1 70 3 46 16
1 70 3 47 25
1 70 3 48 29
1 70 3 49 33
1 70 3 50 41
1 70 3 51 41
1 70 3 52 33
1 70 3 53 33
1 70 3 54 49
1 70 3 55 45
1 70 3 56 21
1 70 3 57 16
1 70 3 58 8
1 70 3 59 16
1 70 3 60 12
1 70 3 61 4
1 70 3 65 4
1 69 3 10 1
1 69 3 11 2
1 69 3 12 4
1 69 3 13 1
1 68 3 12 1
1 68 3 15 2
1 68 3 17 1
1 68 2 45 1
1 67 3 12 1
1 67 3 13 2
1 67 3 14 1
1 67 2 17 1
1 67 2 54 1
1 67 1 55 1
1 66 3 14 1
1 66 1 15 1
1 66 2 15 1
1 66 2 16 1
1 66 1 17 1
1 66 2 17 1
1 66 1 29 1
1 66 2 29 1
1 66 2 32 1
1 66 2 34 1
1 66 1 61 2
1 66 1 63 1
1 66 1 64 1
1 66 2 64 1
1 66 1 65 2
1 66 2 65 2
1 66 1 66 1
1 66 2 66 1
1 66 1 67 3
1 66 1 68 1
1 66 2 68 2
1 66 1 70 1
1 66 2 70 4
1 66 2 71 1
1 66 2 72 1
1 66 1 73 1
1 66 2 73 1
1 66 1 74 1
1 66 2 75 1
1 66 2 78 1
1 65 3 16 1
1 65 1 61 1
1 65 1 62 1
1 65 2 63 1
1 65 1 64 1
1 65 1 65 1
1 65 1 66 1
1 65 2 66 1
1 65 1 67 1
1 65 1 68 1
1 65 2 68 2
1 65 1 69 1
1 65 2 69 2
1 65 1 70 1
1 65 1 71 1
1 65 2 71 3
1 65 2 72 1
1 65 2 73 1
1 65 2 74 2
1 65 2 75 1
1 65 2 76 1
1 64 3 13 2
1 64 3 14 1
1 64 1 15 1
1 64 2 15 1
1 64 1 17 2
1 64 1 18 1
1 64 2 18 1
1 63 1 15 1
1 63 2 25 1
1 63 2 32 1
1 63 2 75 1
1 62 2 31 1
1 62 1 32 2
1 62 2 32 1
1 62 2 33 1
1 62 2 76 1
1 61 2 15 1
1 61 2 68 1
1 61 2 75 1
1 61 2 81 1
1 60 3 14 1
1 60 1 15 1
1 60 1 16 1
1 60 1 33 1
1 60 1 61 1
1 60 2 69 2
1 60 2 76 1
1 60 2 80 1
1 59 2 71 1
1 58 1 67 1
1 58 2 67 1
1 58 2 69 2
1 58 1 70 2
1 58 2 70 1
1 58 1 73 1
1 58 2 73 4
1 58 2 76 1
1 57 2 30 1
1 57 1 31 1
1 57 2 70 1
1 57 2 72 2
1 57 2 77 1
1 56 2 28 1
1 56 1 30 1
1 56 2 30 1
1 56 1 32 2
1 56 2 32 1
1 56 1 58 2
1 56 2 60 1
1 56 1 62 1
1 56 1 63 1
1 56 2 63 1
1 56 2 64 1
1 56 1 65 3
1 56 2 65 2
1 56 1 66 2
1 56 2 66 3
1 56 1 67 1
1 56 2 67 2
1 56 1 69 1
1 56 2 69 4
1 56 1 70 1
1 56 2 70 5
1 56 2 71 4
1 56 2 72 7
1 56 1 73 1
1 56 2 73 8
1 56 1 74 1
1 56 2 74 6
1 56 1 75 1
1 56 2 75 6
1 56 2 76 1
1 56 2 77 1
1 55 2 29 1
1 55 1 31 1
1 55 1 42 1
1 55 1 57 1
1 55 1 58 1
1 55 1 59 3
1 55 2 59 1
1 55 1 60 1
1 55 1 62 4
1 55 2 62 1
1 55 1 63 2
1 55 2 63 2
1 55 1 64 1
1 55 2 64 4
1 55 1 65 2
1 55 2 65 6
1 55 1 66 4
1 55 2 66 4
1 55 1 67 3
1 55 2 67 3
1 55 2 69 1
1 55 2 70 1
1 55 2 71 2
1 55 2 72 1
1 55 2 73 2
1 55 2 78 1
1 54 2 46 1
1 54 1 49 1
1 54 1 59 1
1 54 1 60 1
1 54 1 62 3
1 54 1 64 1
1 54 2 64 1
1 54 1 67 1
1 54 2 67 2
1 54 1 68 1
1 54 2 68 1
1 54 1 70 2
1 54 1 72 1
1 53 1 31 1
1 53 1 34 1
1 53 2 35 1
1 53 1 39 1
1 53 1 40 1
1 53 1 41 1
1 53 1 42 3
1 53 2 42 1
1 53 2 43 2
1 53 1 44 1
1 53 2 44 3
1 53 1 45 2
1 53 2 45 1
1 53 1 46 1
1 53 2 46 1
1 53 1 47 1
1 53 2 47 1
1 53 1 48 1
1 53 1 49 1
1 53 2 49 1
1 53 1 50 2
1 53 1 51 2
1 53 1 52 2
1 53 1 53 1
1 53 1 54 3
1 53 2 54 2
1 53 1 55 4
1 53 1 56 2
1 53 1 57 9
1 53 2 57 1
1 53 1 58 5
1 53 1 59 9
1 53 2 59 1
1 53 1 60 9
1 53 1 61 7
1 53 2 61 1
1 53 1 62 5
1 53 1 63 6
1 53 1 64 4
1 53 1 65 5
1 53 1 66 2
1 53 1 67 2
1 53 1 68 1
1 53 1 73 2
