1 316 3 1 0.014 13
1 316 3 1 0.01 12
1 316 1 15 2.242 71
1 316 1 17 1.792 65
1 316 2 20 2 73
1 316 2 19 2.612 80
1 315 2 2 0.154 28
1 315 2 19 2.604 77
1 315 3 1 0.016 13
1 315 1 12 2.968 74
1 315 1 17 1.56 61
1 315 2 9 2.756 73
1 301 3 1 0.026 15
1 301 3 1 0.02 14
1 301 2 8 1.874 63
1 301 1 15 1.856 66
1 301 1 12 1.978 65
1 301 2 16 1.658 64
1 304 3 1 0.028 15
1 304 3 1 0.014 13
1 304 2 3 0.308 35
1 304 1 8 2.606 69
1 304 1 17 1.818 64
1 304 2 14 2.532 71
1 303 1 17 3.078 80
1 303 1 3 0.354 36
1 303 3 1 0.022 15
1 303 3 1 0.018 13
1 302 2 16 1.656 66
1 302 2 3 0.35 35
1 302 2 1 0.058 19
1 302 2 1 0.022 14
1 300 1 15 2.05 70
1 300 1 11 1.282 58
1 300 1 1 0.035 17
1 300 2 12 1.89 64
1 300 2 10 1.57 60
1 300 2 12 1.74 65
1 300 2 1 0.05 18
1 300 1 5 1.43 60
1 299 1 4 0.674 45
1 299 1 9 1.784 65
1 299 1 8 1.484 59
1 299 2 13 2.432 75
1 299 2 15 1.578 63
1 299 2 3 0.236 32
1 298 1 14 2.67 77
1 298 2 8 3.74 75
1 298 2 12 2.198 72
1 298 2 20 2.862 79
1 298 1 5 0.726 47
1 298 1 12 2.038 67
1 298 3 1 0.018 14
1 298 3 1 0.014 13
1 297 3 1 0.014 13
1 297 3 1 0.016 14
1 297 2 11 2.32 70
1 297 2 10 2.116 70
1 297 2 3 0.21 31
1 297 1 12 1.326 64
1 297 1 3 0.286 32
1 297 1 3 0.2 29
1 296 2 15 1.89 69
1 296 2 16 2.006 75
1 296 1 19 2.018 70
1 296 1 16 2.656 73
1 295 3 1 0.032 17
1 295 3 1 0.026 17
1 295 2 6 1.376 61
1 295 2 15 2.394 67
1 295 1 10 2.49 71
1 295 2 10 1.816 65
1 294 1 14 2.102 67
1 294 2 13 1.88 69
1 294 2 8 1.154 56
1 294 2 5 0.948 50
1 294 1 1 0.038 18
1 294 2 1 0.026 15
1 293 3 1 0.018 14
1 293 3 1 0.018 14
1 293 1 12 1.605 61
1 293 2 8 2.288 72
1 293 1 13 1.942 64
1 293 1 7 1.336 59
1 292 1 11 1.652 66
1 292 1 9 1.134 56
1 292 2 12 2.496 76
1 292 1 14 2.036 69
1 292 1 1 0.028 17
1 292 2 1 0.03 17
1 291 2 13 2.042 69
1 291 1 9 1.22 60
1 291 1 10 1.072 53
1 291 1 11 1.842 63
1 291 1 8 1.24 58
1 291 1 8 1.206 55
1 288 1 5 0.596 43
1 288 1 6 0.724 46
1 288 2 6 1.046 57
1 288 2 6 1.046 53
1 288 2 5 0.662 46
1 288 2 7 1.638 63
1 288 1 1 0.028 16
1 288 1 1 0.036 17
1 290 1 7 0.744 47
1 290 1 7 0.734 46
1 290 1 4 1.012 51
1 290 1 7 0.696 47
1 290 1 9 1.004 53
1 290 2 10 0.968 53
1 289 1 6 0.936 49
1 289 1 7 0.806 47
1 289 1 6 0.886 50
1 289 2 8 0.728 46
1 289 2 9 1.472 60
1 289 2 6 1.028 52
1 287 2 8 1.88 64
1 287 2 8 1.49 59
1 287 2 14 2.24 69
1 287 1 9 1.714 61
1 287 3 1 0.016 13
1 287 1 9 1.152 55
1 287 1 8 0.758 50
1 287 3 1 0.018 13
1 286 3 1 0.018 14
1 286 3 1 0.018 14
1 286 2 6 1.078 53
1 286 2 8 1.25 57
1 286 2 9 1.438 60
1 286 1 6 1.032 53
1 286 1 5 1.002 52
1 286 1 8 1.154 55
1 285 1 5 0.654 45
1 285 1 12 1.92 69
1 285 1 7 0.494 41
1 285 1 7 1.616 62
1 285 1 11 2.19 68
1 285 2 12 2.208 68
1 285 1 1 0.04 18
1 285 2 1 0.024 16
1 284 1 8 1.79 63
1 284 1 3 0.32 34
1 284 1 3 0.264 33
1 284 1 13 2.112 68
1 284 2 15 1.746 67
1 284 2 14 2.03 70
1 284 3 1 0.016 13
1 284 3 1 0.012 13
1 283 3 1 0.02 15
1 283 3 1 0.012 12
1 283 2 6 1.658 62
1 283 2 18 2.61 78
1 283 2 23 1.81 70
1 283 2 13 2.638 71
1 268 1 21 2.246 72
1 268 3 1 0.014 11
1 268 3 1 0.014 13
1 267 1 15 1.768 69
1 267 2 15 2.28 68
1 267 2 16 2.048 71
1 267 2 11 2.074 65
1 267 3 1 0.014 12
1 267 3 1 0.016 13
1 262 3 1 0.018 14
1 262 3 1 0.016 13
1 262 2 15 2.366 74
1 262 2 11 2.09 66
1 262 1 12 1.996 66
1 262 1 16 1.986 73
1 239 1 9 1.644 64
1 239 1 3 0.176 28
1 239 3 1 0.023 15
1 239 2 12 2.118 64
1 239 2 8 1.492 60
1 239 1 8 1.346 57
1 261 3 1 0.014 12
1 261 3 1 0.012 12
1 261 2 22 2.354 75
1 240 1 10 2.742 73
1 240 3 1 0.014 13
1 240 3 1 0.008 12
1 240 1 7 1.36 58
1 240 1 14 1.57 61
1 240 2 8 2.304 70
1 238 3 1 0.008 11
1 238 2 2 0.134 25
1 238 2 9 1.36 59
1 238 2 6 1.212 54
1 238 2 12 2.092 71
1 238 2 12 1.06 55
1 238 3 1 0.018 14
1 238 1 1 0.028 16
1 238 2 8 1.256 56
1 238 2 6 1.006 52
1 238 2 6 1.214 57
1 238 1 7 0.982 52
1 237 3 1 0.01 11
1 237 3 1 0.014 14
1 237 1 5 0.43 40
1 237 1 8 1.002 54
1 237 1 6 0.762 48
1 237 2 8 0.744 48
1 236 3 1 0.02 14
1 236 2 2 0.132 26
1 236 2 7 0.722 47
1 236 2 7 0.85 50
1 236 2 6 0.748 48
1 236 1 6 0.488 41
1 236 1 6 0.876 50
1 236 1 12 2.122 68
1 235 2 6 0.784 50
1 235 2 6 0.656 45
1 235 2 8 1.17 54
1 235 1 6 0.774 48
1 235 1 6 0.644 45
1 235 1 6 0.588 43
1 235 3 1 0.016 14
1 235 3 1 0.026 16
1 234 1 6 0.908 51
1 234 1 NA 0.792 48
1 234 1 7 0.794 48
1 234 2 6 0.928 52
1 234 1 6 0.586 44
1 234 2 1 0.032 17
1 234 3 1 0.018 14
1 234 1 6 0.874 50
1 231 2 8 1.19 55
1 231 2 9 1.094 54
1 231 2 10 1.368 61
1 231 2 7 1.168 53
1 233 1 5 0.668 46
1 233 2 7 0.966 52
1 233 2 6 0.77 49
1 233 1 6 0.878 50
1 233 1 6 0.694 45
1 233 1 6 0.952 51
1 232 1 8 1.116 54
1 232 1 9 0.956 54
1 232 1 6 0.868 48
1 232 2 6 1.128 56
1 232 2 8 1.116 56
1 232 2 6 0.944 52
1 231 1 6 0.89 49
1 231 1 11 1.264 56
1 230 1 8 1.282 60
1 230 1 6 1.03 53
1 230 2 7 1.274 54
1 230 1 7 0.838 48
1 230 1 7 1.116 54
1 230 1 7 1.032 53
1 229 2 17 2.566 72
1 229 2 10 1.766 62
1 229 2 16 2.008 71
1 229 1 7 1.712 59
1 228 1 7 1.372 56
1 228 1 15 1.536 58
1 228 2 9 2.408 67
1 228 2 14 2.732 71
1 227 3 1 0.016 14
1 227 3 1 0.008 11
1 227 1 7 1.092 54
1 227 1 13 2.124 68
1 227 2 7 1.03 54
1 227 2 8 1.174 56
1 209 2 7 0.912 52
1 209 2 6 1.362 57
1 209 2 6 0.954 52
1 209 2 7 1.064 53
1 209 1 6 0.892 52
1 209 1 5 0.968 54
1 213 2 10 1.238 59
1 213 2 9 1.838 61
1 213 2 8 0.93 53
1 213 2 7 1.108 54
1 213 2 10 1.344 60
1 213 1 6 0.682 47
1 212 1 6 0.784 45
1 212 2 7 0.91 52
1 212 2 10 1.3 58
1 212 2 10 1.174 58
1 212 2 8 1.324 55
1 212 2 7 1.014 52
1 211 1 6 0.668 48
1 211 2 9 1.278 56
1 211 2 7 1.044 52
1 211 2 10 1.172 57
1 211 2 10 1.286 55
1 211 2 8 1.022 51
1 210 1 6 1.054 51
1 210 1 8 0.94 50
1 210 1 7 0.824 51
1 210 1 7 0.888 50
1 210 2 6 0.958 51
1 210 2 9 1.52 63
1 208 2 9 1.288 58
1 208 2 6 1.054 54
1 208 2 7 0.932 51
1 208 1 7 1.012 50
1 208 1 7 0.694 46
1 208 1 8 0.794 48
1 207 1 2 0.138 27
1 207 2 2 0.2 30
1 207 2 9 0.958 53
1 207 2 7 0.668 46
1 207 2 6 0.788 50
1 207 1 8 0.834 53
1 207 1 7 0.844 49
1 207 1 6 0.62 45
1 206 2 6 0.67 48
1 206 1 6 0.75 48
1 206 1 5 0.62 44
1 206 1 NA 0.674 45
1 206 1 7 0.712 46
1 206 3 1 0.018 14
1 206 3 1 0.022 15
1 206 2 6 0.738 47
1 205 1 2 0.154 28
1 205 1 2 0.132 26
1 205 1 6 0.942 51
1 205 1 5 0.538 41
1 205 1 6 0.766 48
1 205 1 6 0.706 47
1 205 2 6 0.7 47
1 205 2 7 0.81 50
1 204 1 12 1.276 55
1 204 1 9 1.086 55
1 204 1 11 1.232 57
1 204 2 7 1.028 54
1 204 1 1 0.03 16
1 204 3 1 0.02 14
1 201 2 6 0.96 52
1 201 2 6 0.776 48
1 201 2 7 1.068 54
1 201 2 7 0.89 50
1 201 2 2 0.118 26
1 201 1 2 0.136 27
1 203 1 7 0.842 50
1 203 1 1 0.024 15
1 203 2 16 2.57 71
1 203 2 8 1.162 53
1 203 2 8 1.726 62
1 203 2 1 0.044 18
1 202 3 1 0.012 13
1 202 1 2 0.1 24
1 202 1 4 0.35 37
1 202 2 18 1.922 66
1 202 2 8 1.828 62
1 202 2 10 1.562 63
1 200 1 14 0.836 52
1 200 1 6 0.782 48
1 200 2 7 0.764 49
1 200 2 7 0.87 50
1 200 2 1 0.024 17
1 200 2 1 0.032 17
1 199 3 1 0.02 15
1 199 3 1 0.016 14
1 199 1 8 1.162 54
1 199 2 7 1.234 57
1 199 2 8 1.17 56
1 199 2 7 0.832 50
1 198 3 1 0.014 13
1 198 3 1 0.014 13
1 198 2 6 0.946 53
1 198 2 5 0.792 49
1 198 2 6 0.698 47
1 198 2 6 0.816 50
1 197 1 7 1.042 52
1 197 2 5 1.068 53
1 197 2 7 0.836 51
1 197 2 6 0.838 51
1 197 3 1 0.008 11
1 197 3 1 0.012 11
1 196 2 13 1.402 61
1 196 2 15 2.262 71
1 196 1 9 1.806 64
1 196 1 12 1.908 63
1 196 3 1 0.022 14
1 196 3 1 0.012 12
1 190 3 1 0.004 9
1 190 1 7 1.22 57
1 190 2 15 1.932 68
1 190 2 15 2.4 74
1 190 2 12 1.316 59
1 190 3 1 0.016 14
1 195 1 12 2.242 71
1 195 1 12 1.902 65
1 195 1 15 2.068 66
1 195 2 15 2.988 76
1 195 3 1 0.018 14
1 195 3 1 0.016 13
1 194 2 16 2.236 71
1 194 2 15 2.362 72
1 194 1 12 2.232 68
1 194 1 6 1.104 53
1 194 3 1 0.014 14
1 194 3 1 0.012 13
1 193 2 6 1.24 59
1 193 2 10 1.758 65
1 193 2 6 1.338 61
1 193 2 14 1.95 68
1 193 3 1 0.01 12
1 193 3 1 0.004 9
1 192 1 8 1.452 59
1 192 2 12 1.86 69
1 192 2 13 1.656 66
1 192 2 12 1.986 66
1 192 1 2 0.04 19
1 192 3 1 0.01 12
1 191 3 1 0.014 14
1 191 3 1 0.018 15
1 191 1 13 1.142 59
1 191 1 15 1.376 64
1 191 1 11 1.676 63
1 191 1 10 1.424 61
1 189 1 13 1.526 61
1 189 1 14 1.348 61
1 189 1 12 1.336 61
1 189 2 10 1.678 64
1 189 2 1 0.022 15
1 189 2 1 0.018 14
1 188 2 8 0.994 54
1 188 2 9 1.252 59
1 188 2 7 0.868 52
1 188 1 7 1.116 55
1 188 3 1 0.01 12
1 188 3 1 0.016 13
1 177 2 9 1.436 60
1 177 1 9 1.438 58
1 177 1 7 1.226 57
1 177 1 8 0.728 50
1 177 3 1 0.012 13
1 177 3 1 0.01 12
1 176 2 6 0.942 52
1 176 1 9 1.102 54
1 176 1 1 0.028 16
1 176 2 6 0.826 49
1 176 2 6 0.73 48
1 176 3 1 0.02 14
1 175 1 8 1.146 55
1 175 1 7 0.646 45
1 175 2 7 0.69 48
1 175 2 6 0.54 44
1 175 3 1 0.012 12
1 175 3 1 0.014 13
1 174 1 6 0.686 45
1 174 1 6 0.598 44
1 174 1 2 0.13 26
1 174 2 6 0.866 50
1 174 2 7 0.736 49
1 174 2 6 0.752 49
1 174 3 1 0.02 15
1 174 3 1 0.012 13
1 173 3 1 0.018 14
1 173 3 1 0.018 14
1 173 2 7 0.71 48
1 173 2 6 0.772 49
1 173 2 6 0.75 48
1 173 2 6 0.9 50
1 173 2 6 0.722 47
1 173 2 7 0.594 45
1 172 1 8 0.774 48
1 172 1 8 0.74 46
1 172 2 7 0.73 47
1 172 2 7 0.834 50
1 172 2 7 0.834 49
1 172 2 7 0.818 48
1 171 1 7 0.776 47
1 171 1 7 0.718 46
1 171 1 10 0.606 45
1 171 2 6 0.734 50
1 171 2 7 0.676 45
1 171 2 6 0.812 49
1 170 2 7 0.73 45
1 170 2 7 0.806 50
1 170 2 1 0.024 15
1 170 1 6 0.834 49
1 170 1 6 0.682 48
1 170 1 6 0.68 47
1 170 1 7 0.63 45
1 169 1 6 0.576 43
1 169 1 7 0.566 44
1 169 1 7 0.614 45
1 169 1 6 0.522 43
1 169 1 7 0.66 46
1 169 2 7 0.7 46
1 168 1 6 0.764 48
1 168 1 7 0.524 42
1 168 1 7 0.674 46
1 168 1 7 0.792 49
1 168 2 7 0.762 48
1 168 2 7 0.778 49
1 168 2 1 0.032 17
1 168 3 1 0.018 14
1 167 2 5 0.508 41
1 167 1 7 0.568 43
1 167 1 7 0.68 45
1 167 1 7 0.676 45
1 167 1 6 0.516 41
1 167 1 5 0.614 44
1 166 2 2 0.17 28
1 166 2 2 0.19 29
1 166 2 3 0.238 31
1 166 1 2 0.146 27
1 166 1 2 0.148 27
1 166 1 2 0.108 24
1 165 1 2 0.174 28
1 165 1 2 0.142 27
1 165 1 5 0.676 45
1 165 1 7 0.676 46
1 165 1 7 0.562 42
1 165 1 6 0.698 45
1 165 2 6 0.808 50
1 165 2 6 0.622 46
1 164 2 7 0.902 50
1 164 2 6 0.98 52
1 164 2 6 0.81 47
1 164 2 6 0.984 53
1 164 2 7 0.79 48
1 164 1 7 0.758 47
1 163 2 7 0.916 52
1 163 2 5 0.798 49
1 163 2 7 0.872 51
1 163 1 6 0.812 48
1 163 1 6 0.862 51
1 163 1 6 0.72 46
1 162 1 6 0.926 49
1 162 1 6 0.864 52
1 162 2 8 1.222 59
1 162 2 6 0.87 51
1 162 2 6 0.804 49
1 162 2 6 0.768 45
1 161 1 5 0.684 46
1 161 1 5 0.568 43
1 161 2 3 0.176 30
1 161 1 8 1.008 55
1 161 1 6 0.82 49
1 161 1 8 1.056 56
1 138 1 6 0.464 43
1 138 2 7 0.648 46
1 138 2 6 0.938 51
1 138 1 6 0.676 45
1 138 1 6 0.696 47
1 138 1 7 0.586 44
1 139 2 1 0.036 18
1 139 2 1 0.048 20
1 139 2 1 0.042 18
1 139 1 1 0.034 17
1 139 3 1 0.02 14
1 139 3 1 0.016 13
1 137 2 7 0.628 45
1 137 2 7 0.63 45
1 137 2 6 0.618 44
1 137 2 6 0.532 42
1 137 1 6 0.644 44
1 137 1 6 0.71 46
1 137 3 1 0.022 15
1 137 3 1 0.008 11
1 136 1 6 0.576 43
1 136 1 6 0.632 47
1 136 1 7 0.592 48
1 136 1 7 0.942 52
1 136 2 5 0.538 43
1 136 2 6 0.846 50
1 136 2 1 0.04 18
1 136 1 1 0.028 16
1 135 2 6 0.816 50
1 135 2 2 0.158 28
1 135 1 6 0.76 49
1 135 1 6 0.794 48
1 135 1 8 1.29 60
1 135 1 6 0.628 42
1 135 1 6 0.744 50
1 135 1 2 0.144 26
1 134 2 7 0.982 56
1 134 2 1 0.05 20
1 134 2 1 0.036 17
1 134 1 2 0.102 24
1 134 1 1 0.032 18
1 134 1 1 0.032 17
1 133 2 2 0.164 29
1 133 1 6 0.7 44
1 133 1 6 0.868 49
1 133 1 2 0.152 27
1 133 2 6 0.86 49
1 133 2 6 0.662 44
1 133 2 6 1.08 53
1 133 2 7 0.778 47
1 111 1 7 0.472 42
1 111 2 6 0.794 47
1 111 1 6 0.58 44
1 111 1 7 0.636 46
1 111 1 7 0.794 48
1 111 1 7 0.58 44
1 111 3 1 0.016 14
1 111 3 1 0.018 14
1 114 2 7 0.788 48
1 114 1 8 1.3 60
1 114 1 5 0.606 43
1 114 1 6 0.606 43
1 114 1 8 0.768 47
1 114 1 6 0.62 44
1 113 2 6 0.79 48
1 113 1 7 1.34 58
1 113 1 6 0.674 46
1 113 1 6 0.66 45
1 113 1 7 0.766 47
1 113 1 6 0.756 47
1 112 2 6 0.778 50
1 112 1 6 0.606 46
1 112 1 7 0.816 48
1 112 1 7 0.546 43
1 112 1 6 0.696 46
1 112 1 7 0.742 47
1 110 2 6 0.696 47
1 110 2 6 0.702 46
1 110 2 6 0.62 44
1 110 1 6 0.818 47
1 110 1 4 0.476 39
1 110 1 6 0.616 46
1 109 2 6 0.74 48
1 109 1 6 0.642 45
1 109 1 6 0.648 44
1 109 1 6 0.794 50
1 109 1 6 0.618 45
1 109 1 6 0.744 48
1 109 1 2 0.158 27
1 109 3 1 0.012 13
1 108 2 7 0.656 44
1 108 2 6 0.718 47
1 108 1 6 0.644 45
1 108 1 6 0.726 47
1 108 1 6 0.632 45
1 108 1 6 0.62 45
1 107 2 7 0.56 45
1 107 2 6 0.742 47
1 107 2 6 0.538 44
1 107 2 7 0.636 45
1 107 1 7 0.866 50
1 107 1 6 0.494 42
1 107 3 1 0.024 15
1 107 3 1 0.018 14
1 106 2 6 0.562 42
1 106 2 6 0.64 44
1 106 2 6 0.646 47
1 106 2 6 0.612 45
1 106 2 6 0.888 52
1 106 1 8 0.928 53
1 106 2 1 0.036 18
1 106 3 1 0.016 14
1 105 2 6 0.596 45
1 105 2 6 0.59 44
1 105 2 7 0.612 46
1 105 1 7 0.632 46
1 105 1 6 0.568 43
1 105 1 6 0.61 44
1 105 3 1 0.022 15
1 104 2 6 0.792 48
1 105 3 1 0.02 15
1 104 2 6 0.7 45
1 104 2 6 0.688 47
1 104 2 5 0.586 43
1 104 2 2 0.104 24
1 104 1 6 0.644 47
1 104 1 6 0.59 45
1 104 3 1 0.018 13
1 103 1 2 0.058 21
1 103 1 2 0.09 24
1 103 1 6 0.642 45
1 103 1 6 0.6 45
1 103 1 7 0.634 46
1 103 1 6 0.784 48
1 103 1 6 0.636 46
1 103 1 6 0.692 46
1 102 3 1 0.02 15
1 102 3 1 0.022 15
1 102 1 7 0.622 45
1 102 2 6 0.742 48
1 102 2 7 0.926 52
1 102 2 12 2.026 64
1 102 2 6 0.658 46
1 102 2 6 0.626 45
1 101 1 1 0.028 16
1 101 2 1 0.028 16
1 101 2 6 0.69 45
1 101 2 7 1.008 52
1 101 2 6 0.734 46
1 101 2 6 0.708 46
1 101 2 6 0.548 43
1 101 2 7 0.574 43
1 100 1 6 0.822 49
1 100 1 6 0.766 48
1 100 1 4 0.514 40
1 100 2 8 0.87 50
1 100 2 6 0.87 48
1 100 2 6 0.728 50
1 99 1 5 0.746 46
1 99 1 6 0.92 51
1 99 1 5 0.602 44
1 99 1 6 0.466 40
1 99 2 5 0.64 43
1 99 2 6 0.682 45
1 99 3 1 0.018 14
1 99 3 1 0.016 14
1 98 1 7 1.318 59
1 98 1 5 0.718 46
1 98 2 7 1.022 51
1 98 2 7 1.152 55
1 98 2 6 1.272 58
1 98 2 6 0.9 48
1 98 2 2 0.178 29
1 98 2 2 0.128 27
1 97 1 9 1.356 56
1 97 1 6 0.85 50
1 97 2 9 1.348 59
1 97 2 8 1.022 53
1 97 2 8 1.166 54
1 97 2 7 1.03 51
1 97 2 1 0.03 17
1 96 2 7 1.182 53
1 96 1 7 0.832 50
1 96 1 7 0.814 49
1 96 1 8 0.966 53
1 96 1 7 0.672 45
1 96 1 6 0.792 47
1 83 2 8 1.332 59
1 83 2 8 0.85 50
1 83 1 7 1.086 53
1 83 1 8 1.07 52
1 83 2 8 0.888 52
1 83 3 1 0.018 14
1 83 3 1 0.016 13
1 83 2 8 0.89 51
1 86 1 7 0.786 51
1 86 1 7 0.922 51
1 86 1 6 0.464 42
1 86 1 6 0.664 45
1 86 2 6 0.732 49
1 86 2 8 1.164 57
1 85 2 9 1.002 55
1 85 2 6 0.786 47
1 85 2 10 1.836 64
1 85 1 7 0.808 50
1 85 1 8 0.918 52
1 85 1 8 0.802 51
1 85 3 1 0.022 15
1 85 3 1 0.018 14
1 84 2 9 0.694 49
1 84 2 5 0.568 43
1 84 2 7 0.876 51
1 84 1 8 0.826 52
1 84 1 9 0.764 49
1 84 1 9 0.906 52
1 84 2 1 0.026 16
1 84 2 1 0.022 15
1 82 2 8 0.898 51
1 82 1 6 0.71 47
1 82 2 6 0.75 47
1 82 2 6 0.61 45
1 82 1 6 0.836 49
1 82 1 7 0.694 47
1 82 3 1 0.02 15
1 82 3 1 0.016 14
1 81 1 8 0.872 49
1 81 1 10 1.21 57
1 81 1 6 0.852 48
1 81 2 7 0.728 48
1 81 2 8 1.252 57
1 81 2 8 0.7 49
1 81 3 1 0.026 16
1 81 3 1 0.022 15
1 78 3 1 0.014 14
1 78 2 1 0.03 17
1 78 2 7 0.648 45
1 78 2 5 0.57 44
1 78 2 7 0.586 43
1 78 2 8 0.852 50
1 78 2 8 1.862 64
1 78 1 5 0.52 42
1 80 3 1 0.02 16
1 80 3 1 0.018 16
1 80 1 11 0.738 48
1 80 1 9 0.632 48
1 80 1 8 0.714 49
1 80 2 7 0.706 48
1 80 2 7 0.57 45
1 80 2 7 0.69 47
1 79 2 8 0.784 51
1 79 2 5 0.384 38
1 79 2 6 0.772 49
1 79 2 6 0.708 46
1 79 2 7 0.652 46
1 79 3 1 0.02 14
1 79 3 1 0.01 12
1 79 2 8 0.64 45
1 77 3 1 0.016 14
1 77 3 1 0.02 15
1 77 1 9 0.92 51
1 77 2 9 1.006 53
1 77 2 7 0.54 41
1 77 2 7 0.638 45
1 77 2 7 0.626 45
1 77 2 6 0.68 46
1 76 3 1 0.022 16
1 76 3 1 0.014 14
1 76 1 6 0.758 48
1 76 1 7 0.632 45
1 76 2 6 0.536 43
1 76 2 9 1.356 58
1 76 2 6 0.554 43
1 76 2 7 0.668 49
1 67 1 1 0.02 14
1 67 1 6 0.522 41
1 67 1 7 0.6 45
1 67 1 6 0.77 47
1 67 2 1 0.03 15
1 67 2 7 0.688 45
1 67 2 6 0.588 45
1 67 2 7 0.642 45
1 66 1 6 0.588 46
1 66 2 6 0.742 50
1 66 2 7 0.656 46
1 66 1 6 0.614 45
1 66 2 14 1.63 69
1 66 1 5 0.46 41
1 66 3 1 0.014 14
1 66 1 1 0.022 16
1 65 2 6 0.572 44
1 65 2 7 0.602 45
1 65 3 1 0.012 13
1 65 3 1 0.01 13
1 65 1 5 0.456 40
1 65 1 7 0.55 43
1 65 1 7 0.568 45
1 65 1 6 0.408 41
1 64 1 7 0.64 45
1 64 1 6 0.606 44
1 64 1 6 0.616 44
1 64 1 6 0.598 45
1 64 2 6 0.642 46
1 64 2 10 1.068 54
1 63 2 5 0.486 41
1 63 2 7 0.662 44
1 63 2 7 0.68 47
1 63 1 5 0.422 38
1 63 1 6 0.61 43
1 63 1 7 0.596 42
1 62 1 6 0.626 45
1 62 2 6 0.696 47
1 62 2 9 1.14 58
1 62 2 6 0.614 45
1 62 2 9 0.682 47
1 62 2 6 0.658 45
1 61 2 7 0.84 49
1 61 3 1 0.01 13
1 61 3 1 0.02 15
1 61 2 7 0.642 47
1 61 2 7 0.906 53
1 61 1 6 0.634 47
1 61 1 9 0.836 52
1 61 1 12 0.942 55
1 60 2 6 0.676 46
1 60 2 6 0.64 46
1 60 2 5 0.404 39
1 60 1 6 0.502 41
1 60 1 6 0.692 47
1 60 1 6 0.572 42
1 60 3 1 0.014 12
1 60 3 1 0.01 12
1 59 1 6 0.48 41
1 59 1 6 0.488 42
1 59 1 6 0.632 44
1 59 2 6 0.554 43
1 59 2 6 0.518 41
1 59 2 5 0.45 39
1 59 3 1 0.018 15
1 59 3 1 0.01 13
1 58 3 1 0.006 10
1 58 3 1 0.012 12
1 58 1 13 0.822 54
1 58 2 8 1.01 54
1 58 2 19 1.636 63
1 58 2 8 1.036 56
1 58 2 9 1.37 60
1 58 2 6 1.142 55
1 41 2 7 1.054 53
1 41 1 7 0.616 45
1 41 2 7 0.73 48
1 41 2 6 0.786 49
1 41 2 6 0.84 50
1 41 2 7 0.882 50
1 41 3 1 0.018 13
1 41 3 1 0.018 14
1 43 3 1 0.016 14
1 43 3 1 0.012 13
1 43 1 7 0.682 46
1 43 1 7 0.704 48
1 43 2 7 0.896 50
1 43 2 9 0.95 53
1 43 2 6 0.592 45
1 43 2 10 1.088 53
1 42 1 6 0.748 48
1 42 2 6 0.592 47
1 42 2 8 0.702 48
1 42 2 6 0.68 48
1 42 2 7 0.564 44
1 42 2 7 0.9 54
1 40 2 6 0.64 44
1 40 2 7 0.598 44
1 40 2 7 0.634 46
1 40 2 6 0.608 45
1 40 1 7 0.71 46
1 40 1 8 0.78 50
1 39 1 6 0.574 43
1 39 1 8 0.602 45
1 39 2 7 0.642 46
1 39 2 7 0.7 46
1 39 2 7 0.698 47
1 39 2 4 0.34 36
1 38 1 6 0.556 42
1 38 1 6 0.598 43
1 38 1 2 0.11 25
1 38 2 6 0.59 41
1 38 2 6 0.564 42
1 38 2 4 0.45 39
1 38 2 1 0.02 13
1 38 2 1 0.014 12
1 37 3 1 0.02 15
1 37 3 1 0.02 14
1 37 2 4 0.294 34
1 37 2 4 0.322 36
1 37 1 5 0.506 42
1 37 1 23 2.792 74
1 37 1 9 0.79 48
1 37 1 12 1.292 62
1 36 2 7 0.676 46
1 36 2 6 0.488 42
1 36 2 7 0.666 47
1 36 2 5 0.446 41
1 36 2 6 0.746 48
1 36 2 7 1.38 58
1 36 3 1 0.01 12
1 36 3 1 0.026 16
1 35 1 5 0.476 40
1 35 1 6 0.508 43
1 35 1 5 0.67 46
1 35 2 6 0.966 54
1 35 2 6 0.588 44
1 35 2 5 0.596 44
1 35 3 1 0.016 14
1 35 3 1 0.014 14
1 33 2 7 0.63 46
1 33 2 6 0.812 48
1 33 2 3 0.286 34
1 33 1 9 1.232 56
1 33 1 5 0.454 41
1 33 1 9 0.874 52
1 33 1 1 0.024 16
1 33 2 1 0.022 16
1 34 2 7 0.742 46
1 34 2 6 0.88 49
1 34 2 5 0.52 41
1 34 2 6 0.68 48
1 34 1 6 0.86 50
1 34 1 6 0.496 43
1 24 1 5 0.51 41
1 24 1 7 0.82 51
1 24 2 6 0.664 46
1 24 2 9 0.826 54
1 24 2 7 0.72 48
1 24 2 13 1.286 58
1 24 3 1 0.03 17
1 24 3 1 0.014 14
1 23 3 1 0.024 16
1 23 3 1 0.026 16
1 23 1 10 0.846 53
1 23 1 12 1.67 63
1 23 2 7 0.782 48
1 23 2 6 0.562 44
1 23 2 6 0.656 47
1 23 2 6 0.678 46
1 22 3 1 0.028 16
1 22 3 1 0.018 14
1 22 1 5 0.454 41
1 22 1 4 0.462 39
1 22 2 6 0.882 51
1 22 2 9 1.062 55
1 22 2 6 0.52 42
1 22 2 6 0.512 43
1 21 2 5 0.83 48
1 21 2 6 0.668 48
1 21 1 6 0.61 45
1 21 1 5 0.536 42
1 21 1 7 0.664 47
1 21 1 11 1.013 56
1 20 3 1 0.028 17
1 20 3 1 0.026 16
1 20 2 7 1.016 53
1 20 2 6 0.804 49
1 20 2 6 0.588 44
1 20 2 6 0.688 45
1 20 1 5 0.45 39
1 20 1 6 0.582 43
1 19 3 1 0.026 15
1 19 3 1 0.03 17
1 19 1 4 0.318 35
1 19 1 5 0.578 44
1 19 2 4 0.356 36
1 19 2 6 0.654 46
1 19 2 6 0.818 51
1 19 2 10 1.718 61
1 12 3 1 0.028 15
1 12 3 1 0.03 17
1 12 2 6 0.606 44
1 12 2 6 0.648 45
1 12 2 6 0.74 48
1 12 2 6 0.792 49
1 12 1 6 0.498 40
1 12 1 8 1.092 55
1 11 3 1 0.026 14
1 11 3 1 0.034 15
1 11 2 7 0.916 54
1 11 2 8 0.738 49
1 11 2 11 2.766 74
1 11 1 6 0.68 46
1 11 1 6 0.564 43
1 11 1 6 0.766 46
1 5 3 1 0.02 15
1 5 3 1 0.02 15
1 5 1 6 0.594 43
1 5 1 7 0.828 49
1 5 1 7 0.546 41
1 5 1 9 0.916 51
1 5 2 7 0.67 47
1 5 2 6 0.806 41
1 4 3 1 0.024 15
1 4 3 1 0.016 13
1 4 2 7 0.616 44
1 4 2 7 0.658 45
1 4 1 5 0.436 40
1 4 1 6 0.614 43
1 4 1 7 0.672 47
1 4 1 13 2.072 71
1 3 1 13 1.562 59
1 3 1 7 0.826 50
1 3 1 6 0.59 43
1 3 3 1 0.02 15
1 3 3 1 0.022 16
1 3 2 5 0.662 45
1 3 2 6 0.64 46
1 3 2 6 0.682 47
1 2 1 6 0.75 48
1 2 2 6 0.572 44
1 2 1 6 0.684 45
1 2 1 6 0.718 48
1 2 1 7 0.58 45
1 2 1 6 0.742 46
1 2 3 1 0.024 16
1 2 3 1 0.014 15
1 1 1 5 0.7 46
1 1 1 6 0.468 43
1 1 1 8 1.328 58
1 1 2 6 0.7 49
1 1 2 5 0.52 43
1 1 2 6 0.748 46
1 1 3 1 0.006 13
1 1 3 1 0.016 15
1 314 3 1 0.018 14
1 314 1 15 3.058 77
1 314 1 8 1.294 58
1 314 2 10 2.968 74
1 313 1 23 1.482 64
1 313 1 14 1.716 60
1 313 2 17 2.42 74
1 313 2 9 2.096 69
1 313 3 1 0.022 15
1 313 3 1 0.014 13
1 312 2 18 2.894 77
1 312 2 23 2.7 80
1 312 2 23 2.526 77
1 312 2 14 2.436 70
1 312 3 1 0.022 14
1 312 3 1 0.008 12
1 311 3 1 0.014 12
1 311 3 1 0.014 13
1 311 2 18 2.112 67
1 311 2 21 2.178 76
1 311 1 10 2.308 71
1 311 1 7 1.906 63
1 310 2 8 1.852 63
1 310 2 3 0.176 30
1 310 2 3 0.344 35
1 310 1 3 0.176 28
1 310 2 2 0.046 19
1 310 1 1 0.03 17
1 309 1 14 1.984 70
1 309 2 18 1.934 67
1 309 2 9 2.202 70
1 309 1 22 1.952 70
1 309 3 1 0.02 13
1 308 1 1 0.038 18
1 308 2 1 0.024 15
1 308 2 NA 1.468 62
1 308 2 8 1.918 63
1 308 2 7 1.128 53
1 308 1 8 1.442 59
1 308 1 13 2.136 68
1 308 1 6 1.12 54
1 307 2 14 1.526 63
1 307 2 7 1.038 54
1 307 1 8 1.446 59
1 307 1 14 2.916 73
1 307 1 11 2.008 64
1 307 1 7 1.15 54
1 306 1 10 1.746 62
1 306 2 17 2.718 75
1 306 2 10 1.572 63
1 306 2 11 1.506 62
1 305 1 11 2.08 68
1 305 2 7 1.748 63
1 305 2 9 2.186 67
1 305 2 13 1.696 65
1 282 2 1 0.03 16
1 282 2 1 0.022 14
1 282 2 14 2.156 70
1 282 1 3 0.232 32
1 282 1 15 1.858 64
1 282 1 3 0.184 31
1 281 1 14 2.032 67
1 281 1 13 2.579 68
1 281 1 10 1.918 64
1 281 2 9 2.184 70
1 280 2 21 3.928 87
1 280 2 15 2.562 75
1 280 2 26 3.872 79
1 280 2 8 2.206 69
1 279 2 6 1.006 54
1 279 2 9 2.002 67
1 279 1 5 0.622 45
1 279 1 9 1.996 64
1 279 3 1 0.02 15
1 279 3 1 0.016 14
1 278 1 1 0.018 14
1 278 2 8 1.022 56
1 278 2 1 0.026 15
1 278 2 13 1.598 66
1 278 2 14 1.748 65
1 278 1 10 1.402 58
1 277 2 1 0.032 17
1 277 2 7 0.922 51
1 277 2 8 1.11 57
1 277 1 1 0.022 16
1 277 1 9 0.88 51
1 277 1 9 1.31 58
1 276 1 7 1.15 57
1 276 1 5 0.68 47
1 276 1 7 0.78 49
1 276 2 5 0.852 50
1 276 2 9 1.88 65
1 276 2 7 1 52
1 275 2 7 0.922 51
1 275 2 6 1.126 54
1 275 1 7 0.876 49
1 275 1 10 1.21 56
1 275 1 7 0.962 52
1 275 1 7 0.774 49
1 274 2 8 1.202 58
1 274 1 9 1.24 56
1 274 1 10 1.096 55
1 274 1 5 0.756 45
1 274 1 8 1.312 55
1 274 1 6 0.954 52
1 273 2 9 2.136 66
1 273 2 19 1.484 62
1 273 1 7 1.102 54
1 273 1 7 1.314 57
1 273 1 12 1.336 61
1 273 1 9 1.43 60
1 272 2 6 0.858 50
1 272 1 7 0.738 46
1 272 1 6 0.65 43
1 272 1 7 0.922 50
1 272 2 6 0.88 50
1 272 1 7 0.832 49
1 271 2 7 0.908 51
1 271 2 6 0.948 51
1 271 1 7 0.792 49
1 271 1 7 0.706 50
1 271 1 6 0.724 48
1 271 1 6 1.164 53
1 270 1 1 0.022 15
1 270 2 13 1.626 64
1 270 2 7 1.11 56
1 270 1 6 0.628 45
1 270 1 7 0.744 48
1 270 1 6 0.888 52
1 270 1 6 0.48 42
1 269 2 9 1.368 59
1 269 2 8 1.35 62
1 269 2 1 0.03 16
1 269 1 1 0.03 17
1 269 1 6 0.944 52
1 269 1 6 0.918 50
1 269 1 6 0.666 46
1 269 1 15 1.55 65
1 266 2 11 2.078 68
1 266 1 6 0.726 47
1 266 1 7 1.228 57
1 266 2 7 0.746 47
1 266 2 7 0.662 47
1 266 2 6 0.722 47
1 265 1 10 2.074 67
1 265 1 5 0.732 48
1 265 1 3 0.714 45
1 265 1 6 0.958 52
1 264 2 11 1.568 63
1 264 2 13 1.698 69
1 264 1 3 0.186 30
1 264 1 6 1.348 57
1 263 1 11 1.668 61
1 263 1 6 1.088 53
1 263 2 8 1.522 62
1 263 2 8 1.312 60
1 260 2 15 2.062 70
1 260 3 1 0.018 13
1 260 3 1 0.016 14
1 260 1 17 2.19 69
1 260 1 13 1.482 59
1 260 2 6 1.448 59
1 259 1 13 1.512 63
1 259 2 9 1.472 62
1 259 2 15 2.562 74
1 259 2 8 1.534 60
1 258 2 2 0.128 27
1 258 3 1 0.016 11
1 258 1 13 1.71 64
1 258 1 16 2.326 73
1 258 2 15 2.946 78
1 258 2 22 2.222 74
1 257 2 8 1.712 64
1 257 1 13 1.828 68
1 257 1 7 1.084 55
1 257 1 9 1.896 63
1 257 3 1 0.014 12
1 257 3 1 0.022 14
1 256 3 1 0.018 13
1 256 3 1 0.014 13
1 256 2 9 1.19 56
1 256 2 13 1.562 65
1 256 1 9 1.384 57
1 256 1 11 1.986 66
1 255 1 9 1.448 59
1 255 1 1 0.016 14
1 255 1 1 0.014 13
1 255 1 6 0.982 52
1 255 2 7 1.264 57
1 255 2 6 1.332 59
1 254 1 1 0.016 13
1 254 1 1 0.012 12
1 254 1 9 1.06 55
1 254 1 7 1.148 57
1 254 2 6 0.978 54
1 254 2 8 1.324 58
1 253 3 1 0.01 11
1 253 3 1 0.012 13
1 253 1 6 0.938 51
1 253 1 5 0.538 42
1 253 2 7 0.896 50
1 253 2 8 0.784 49
1 252 2 6 0.63 45
1 252 1 6 0.844 50
1 252 1 6 0.576 45
1 252 1 5 0.644 46
1 252 1 7 0.766 49
1 252 1 6 0.632 46
1 251 2 7 0.99 53
1 251 2 8 1.43 59
1 251 1 8 1.366 59
1 251 1 7 0.758 49
1 251 1 8 1.146 56
1 251 1 6 0.702 46
1 250 2 2 0.122 24
1 250 2 6 0.872 52
1 250 1 2 0.122 25
1 250 2 5 0.77 51
1 250 2 8 1.592 66
1 250 1 5 1.058 53
1 250 1 6 0.56 44
1 250 1 6 0.684 45
1 249 2 7 1.59 61
1 249 2 7 1.216 59
1 249 1 6 0.966 51
1 249 1 6 0.812 52
1 249 1 7 0.624 45
1 249 1 14 2.09 66
1 248 2 8 1.374 60
1 248 2 6 0.782 51
1 248 1 6 0.592 45
1 248 1 7 0.554 43
1 248 1 7 0.848 49
1 248 1 6 0.806 48
1 247 1 6 0.77 47
1 247 1 5 0.686 47
1 247 1 6 0.654 46
1 247 1 6 1.128 52
1 247 2 6 0.8 50
1 247 2 9 1.604 61
1 246 2 6 0.592 44
1 246 1 6 0.908 52
1 246 1 7 1.148 51
1 246 1 6 0.726 46
1 246 1 7 1 54
1 246 1 6 0.764 43
1 245 1 8 1.138 54
1 245 2 13 1.57 58
1 245 2 8 1.74 60
1 245 2 9 1.164 57
1 245 2 8 1.71 62
1 245 2 7 0.98 52
1 244 2 7 0.83 49
1 244 2 6 0.892 52
1 244 2 7 1.058 53
1 244 1 8 0.882 52
1 244 1 6 0.638 45
1 244 1 7 0.754 50
1 243 2 8 0.998 56
1 243 2 6 0.764 46
1 243 1 5 0.528 43
1 243 1 6 0.69 46
1 243 1 7 0.698 45
1 243 1 6 0.756 48
1 242 1 7 0.922 51
1 242 1 8 1.348 59
1 242 1 7 0.936 51
1 242 1 7 0.908 50
1 242 1 10 1.42 58
1 241 2 8 1.336 58
1 241 2 7 1.756 67
1 241 2 9 1.486 59
1 241 1 10 1.462 59
1 241 1 7 0.954 52
1 241 1 7 1.032 52
1 226 1 6 0.764 49
1 226 3 1 0.034 17
1 226 3 1 0.034 16
1 226 1 10 1.205 53
1 225 1 8 1.05 53
1 226 2 6 0.924 51
1 226 2 5 0.692 47
1 225 1 6 1.026 51
1 225 2 6 0.94 50
1 225 2 5 0.744 46
1 225 2 10 1.74 60
1 225 2 6 0.884 49
1 224 2 12 1.768 62
1 224 2 7 1.752 64
1 224 1 6 1.142 53
1 224 1 7 1.142 55
1 224 1 10 1.06 52
1 224 1 7 1.026 50
1 223 1 9 1.534 56
1 223 2 6 0.966 51
1 223 1 7 1.03 53
1 223 1 6 0.952 51
1 223 2 6 0.996 51
1 223 2 7 0.97 53
1 222 1 6 0.836 50
1 222 2 6 1.28 57
1 222 2 8 1.342 58
1 222 2 7 0.902 52
1 222 2 6 0.844 50
1 222 2 7 0.924 52
1 221 2 9 1.496 59
1 221 2 7 0.78 47
1 221 2 8 1.094 54
1 221 1 7 1.15 52
1 221 1 7 0.856 48
1 221 1 6 0.804 48
1 221 1 2 0.126 26
1 220 2 6 0.776 48
1 220 2 6 0.91 52
1 220 2 6 0.83 49
1 220 2 6 0.75 49
1 220 1 6 1.012 50
1 220 1 6 0.824 49
1 219 1 7 1.054 54
1 219 1 7 0.962 51
1 219 1 7 0.716 47
1 219 2 7 0.67 46
1 219 2 6 0.75 49
1 219 2 8 1.254 58
1 218 2 6 0.564 43
1 218 2 7 0.644 45
1 218 1 5 0.82 49
1 218 1 6 0.61 45
1 218 1 7 0.872 50
1 218 1 6 0.652 47
1 217 1 7 0.656 46
1 217 1 7 0.696 46
1 217 1 2 0.168 28
1 217 2 7 0.792 50
1 217 3 1 0.022 14
1 217 3 1 0.042 17
1 216 3 1 0.018 14
1 216 3 1 0.024 15
1 216 2 6 0.992 53
1 216 2 7 0.852 50
1 216 1 8 1.464 60
1 216 1 6 0.936 53
1 215 2 8 1.22 54
1 215 1 9 1.572 58
1 215 1 7 1.26 55
1 215 2 8 1.922 65
1 215 3 1 0.034 16
1 215 3 1 0.018 14
1 214 2 10 2.494 68
1 214 2 9 1.828 64
1 214 2 13 1.718 62
1 214 2 11 1.756 62
1 214 3 1 0.014 15
1 214 3 1 0.01 11
1 187 1 6 0.976 54
1 187 1 5 0.79 49
1 187 1 10 1.45 60
1 187 1 8 1.23 57
1 187 2 2 0.076 23
1 187 3 1 0.018 14
1 186 1 9 0.802 53
1 186 1 9 1.16 55
1 186 2 7 1.168 57
1 186 2 6 0.946 51
1 186 1 2 0.102 25
1 186 3 1 0.012 13
1 185 1 7 0.796 49
1 185 1 6 0.56 43
1 185 1 6 0.724 48
1 185 2 6 0.694 45
1 185 3 1 0.016 13
1 185 3 1 0.02 15
1 184 1 2 0.074 22
1 184 1 2 0.078 23
1 184 2 7 0.646 45
1 184 2 2 0.146 27
1 184 3 1 0.024 16
1 183 1 6 0.736 47
1 183 1 7 0.632 46
1 183 2 7 0.772 49
1 183 2 7 0.858 51
1 183 3 1 0.018 14
1 183 3 1 0.02 15
1 182 1 6 0.774 48
1 182 1 6 0.57 44
1 182 2 7 1.154 56
1 182 2 7 1.05 55
1 182 3 1 0.014 13
1 182 3 1 0.018 15
1 181 1 9 1.24 58
1 181 1 16 1.152 56
1 181 2 14 2.124 70
1 181 2 9 1.384 58
1 181 3 1 0.006 10
1 181 3 1 0.006 9
1 180 3 1 0.008 11
1 180 1 11 1.618 60
1 180 1 16 1.312 58
1 180 2 10 1.464 62
1 180 3 1 0.006 10
1 180 1 18 0.922 53
1 179 1 8 1.208 56
1 179 1 26 1.47 62
1 179 2 11 2.078 70
1 179 2 18 2.374 70
1 178 1 10 1.22 57
1 178 2 14 1.534 60
1 178 2 8 1.198 57
1 178 1 15 2.176 64
1 178 3 1 0.004 10
1 178 3 1 0.024 15
1 160 1 12 1.146 57
1 160 2 9 1.162 58
1 160 2 7 0.836 51
1 160 2 9 1.34 58
1 160 3 1 0.004 10
1 160 3 1 0.006 11
1 159 2 7 1.116 57
1 159 1 6 0.706 48
1 159 1 14 1.102 55
1 159 1 17 1.296 58
1 159 1 15 1.128 57
1 159 1 6 0.604 46
1 159 2 1 0.028 17
1 159 2 1 0.036 18
1 158 2 17 2.674 74
1 158 2 6 0.688 48
1 158 2 7 0.71 47
1 158 1 6 0.762 46
1 158 1 7 0.896 49
1 158 1 6 0.73 47
1 158 2 2 0.048 20
1 158 3 1 0.012 12
1 157 1 6 0.846 50
1 157 1 13 1.512 64
1 157 1 8 0.876 51
1 157 1 7 0.612 45
1 157 2 7 0.658 46
1 157 2 3 0.216 32
1 157 3 1 0.02 15
1 157 3 1 0.012 12
1 156 1 6 0.87 49
1 156 1 7 0.612 46
1 156 1 8 0.812 49
1 156 2 7 0.59 44
1 156 2 8 1.27 58
1 156 2 6 0.792 50
1 156 3 1 0.016 14
1 156 3 1 0.016 14
1 155 2 7 0.758 47
1 155 1 5 0.68 45
1 155 1 7 0.674 45
1 155 1 6 0.624 46
1 155 1 6 0.6 44
1 155 1 6 0.806 49
1 155 3 1 0.024 15
1 155 3 1 0.02 14
1 154 1 6 0.702 46
1 154 1 3 0.39 38
1 154 2 6 0.702 48
1 154 2 6 0.8 46
1 154 2 6 0.772 47
1 154 2 6 0.694 48
1 154 3 1 0.02 14
1 154 3 1 0.018 14
1 153 1 7 0.706 45
1 153 2 6 0.638 47
1 153 2 6 0.82 50
1 153 2 6 0.538 44
1 153 2 5 0.706 47
1 153 2 6 0.76 47
1 153 2 2 0.136 27
1 153 3 1 0.026 15
1 152 1 6 0.778 48
1 152 1 7 0.598 45
1 152 1 6 0.758 47
1 152 2 6 0.83 49
1 152 2 6 0.5 43
1 152 2 6 0.746 50
1 152 3 1 0.014 13
1 152 3 1 0.012 12
1 151 1 NA 0.942 53
1 151 1 6 0.766 48
1 151 2 6 0.808 49
1 151 2 6 1.044 56
1 151 3 1 0.028 15
1 151 3 1 0.022 15
1 150 1 5 0.694 45
1 150 1 6 0.868 49
1 150 1 7 0.778 49
1 150 1 6 0.686 45
1 150 2 6 0.61 45
1 150 2 6 0.676 45
1 149 1 7 0.874 50
1 149 1 6 0.598 43
1 149 1 7 0.87 49
1 149 2 7 0.756 47
1 149 2 6 0.682 44
1 149 1 6 0.91 50
1 148 1 6 0.758 48
1 148 1 6 0.792 50
1 148 1 6 0.768 49
1 148 1 6 0.672 44
1 148 2 6 0.866 49
1 148 2 6 0.562 43
1 147 1 7 0.746 48
1 147 1 6 0.644 45
1 147 1 6 0.65 47
1 147 2 6 0.922 49
1 147 2 6 0.63 45
1 147 2 7 1.04 55
1 146 1 5 0.584 43
1 146 1 6 0.726 48
1 146 1 6 0.636 44
1 146 1 6 0.64 44
1 146 2 5 0.632 45
1 146 2 7 0.448 40
1 145 3 1 0.026 16
1 145 3 1 0.02 14
1 144 1 6 0.774 48
1 144 1 6 0.684 45
1 144 1 6 0.664 47
1 144 1 6 0.738 47
1 144 2 8 1.032 56
1 144 2 7 1 51
1 143 1 16 1.942 69
1 143 1 7 0.752 48
1 143 1 6 0.66 46
1 143 1 8 1.014 54
1 143 2 6 0.916 49
1 143 2 6 0.79 47
1 143 3 1 0.028 16
1 143 3 1 0.02 15
1 142 1 4 0.61 42
1 142 1 6 0.764 47
1 142 1 7 0.734 48
1 142 1 7 1.112 55
1 142 2 7 0.792 49
1 142 2 7 0.766 47
1 141 1 7 0.718 44
1 141 1 6 0.458 47
1 141 1 7 0.708 47
1 141 2 7 0.744 48
1 141 2 7 0.774 47
1 141 2 7 0.772 46
1 140 1 7 0.734 47
1 140 1 7 0.848 50
1 140 1 6 0.654 44
1 140 1 6 0.72 48
1 140 1 7 0.72 45
1 140 2 6 0.688 46
1 132 2 10 1.182 56
1 132 2 13 1.088 55
1 132 2 7 0.888 50
1 132 1 13 1.612 62
1 132 1 8 0.972 51
1 132 1 6 0.778 50
1 132 1 13 1.87 67
1 132 1 8 1.15 55
1 132 1 6 0.9 53
1 132 2 9 1.276 58
1 132 2 17 1.34 62
1 132 2 11 1.492 61
1 132 3 1 0.006 12
1 132 3 1 0.004 10
1 131 1 12 1.136 57
1 131 2 15 1.114 56
1 131 2 9 1.088 55
1 131 2 9 1.454 56
1 131 3 1 0.004 9
1 131 3 1 0.006 11
1 130 2 14 1.884 67
1 130 2 11 1.554 62
1 130 2 9 2.154 66
1 130 2 17 2.27 68
1 130 3 1 0.006 10
1 130 3 1 0.008 11
1 129 2 15 2.044 71
1 129 1 7 0.936 54
1 129 1 12 1.154 56
1 129 2 16 2.432 74
1 128 2 10 1.2 57
1 128 2 9 1.02 56
1 128 2 16 1.066 56
1 128 2 15 1.892 64
1 127 3 1 0.008 11
1 127 3 1 0.006 10
1 127 1 12 0.93 54
1 127 1 13 1.468 62
1 127 2 10 1.976 64
1 127 2 12 1.542 64
1 126 1 7 0.878 50
1 126 1 9 1.106 54
1 126 1 12 1.604 62
1 126 2 6 0.806 49
1 126 2 7 0.82 51
1 126 2 10 1.046 55
1 126 3 1 0.008 11
1 126 3 1 0.008 11
1 125 3 1 0.006 11
1 125 3 1 0.006 11
1 125 1 6 0.622 45
1 125 1 5 0.72 49
1 125 1 7 0.69 46
1 125 2 6 0.642 46
1 125 2 7 0.926 49
1 125 2 8 1.23 53
1 124 1 13 1.06 56
1 124 1 13 1.518 60
1 124 1 6 0.804 48
1 124 1 6 0.652 45
1 124 3 1 0.012 13
1 124 3 1 0.012 13
1 124 2 6 0.676 48
1 124 2 6 1.11 54
1 123 1 8 0.55 45
1 123 1 6 0.622 46
1 123 1 7 0.598 43
1 123 1 7 0.786 49
1 123 2 5 0.536 43
1 123 2 2 0.118 26
1 123 3 1 0.014 13
1 123 3 1 0.01 12
1 122 1 6 0.744 47
1 122 1 6 0.61 45
1 122 2 6 0.766 48
1 122 2 6 0.656 46
1 122 2 6 0.52 42
1 122 2 5 0.51 40
1 122 3 1 0.032 16
1 122 3 1 0.032 17
1 121 1 7 0.73 47
1 121 1 6 0.916 51
1 121 1 6 0.73 46
1 121 1 6 0.66 47
1 121 1 6 0.55 42
1 121 1 6 0.644 43
1 120 1 5 0.65 42
1 120 1 5 0.664 43
1 120 2 6 0.852 48
1 120 2 6 0.736 47
1 120 2 6 0.78 47
1 120 3 1 0.034 17
1 120 3 1 0.02 14
1 119 1 6 0.752 48
1 119 2 6 0.734 46
1 119 2 6 0.692 46
1 119 2 5 0.664 45
1 119 1 5 0.52 42
1 119 1 7 0.784 50
1 118 1 6 0.872 51
1 119 3 1 0.022 15
1 119 3 1 0.02 15
1 118 1 6 0.94 49
1 118 1 6 0.734 47
1 118 2 7 0.728 47
1 118 2 7 0.65 45
1 118 2 8 0.886 53
1 117 1 9 0.864 51
1 117 2 6 0.812 47
1 117 2 6 0.744 47
1 117 2 7 0.818 50
1 117 2 7 0.824 48
1 117 2 6 0.852 51
1 116 1 6 0.768 49
1 116 1 6 0.754 49
1 116 2 5 0.848 50
1 116 2 7 1.046 52
1 116 2 7 0.966 53
1 116 2 8 0.866 50
1 115 1 8 0.962 51
1 115 1 6 0.814 48
1 115 1 6 0.746 49
1 115 1 7 0.908 51
1 115 2 7 0.914 51
1 115 2 8 1.18 55
1 95 2 10 1.234 60
1 95 2 7 0.896 51
1 95 2 9 1.17 56
1 95 2 9 0.926 54
1 95 2 7 0.794 52
1 95 1 6 0.79 50
1 95 3 1 0.024 15
1 95 3 1 0.036 17
1 95 3 1 0.028 16
1 95 3 1 0.022 15
1 94 2 6 1.278 55
1 94 2 5 0.724 46
1 94 2 9 0.844 51
1 94 2 6 0.72 48
1 94 2 5 0.596 44
1 94 2 6 0.758 50
1 93 2 6 0.836 48
1 93 2 6 0.942 53
1 93 2 8 1.18 61
1 93 2 7 1.034 55
1 93 2 6 0.746 49
1 93 2 7 0.918 53
1 93 2 1 0.03 17
1 93 1 1 0.04 18
1 92 2 9 0.826 49
1 92 2 8 1.078 54
1 92 2 6 0.618 45
1 92 2 7 0.908 51
1 92 2 5 0.482 40
1 92 2 6 0.91 49
1 91 2 8 0.818 48
1 91 2 6 0.704 44
1 91 1 6 0.702 45
1 91 2 6 0.802 49
1 91 2 6 0.754 46
1 91 1 6 0.658 45
1 91 3 1 0.028 16
1 91 3 1 0.024 15
1 90 1 6 0.712 46
1 90 1 6 0.666 46
1 90 1 7 0.604 45
1 90 1 6 0.614 46
1 90 1 6 0.584 45
1 90 1 6 0.624 46
1 89 1 7 0.962 50
1 89 1 6 0.588 44
1 89 2 6 1.048 53
1 89 2 7 0.74 49
1 89 2 6 0.586 45
1 89 2 6 0.736 49
1 89 3 1 0.028 16
1 89 3 1 0.012 12
1 88 2 6 0.716 46
1 88 2 7 0.966 53
1 88 2 6 0.678 46
1 88 2 6 0.862 49
1 88 1 4 0.454 40
1 88 1 14 2.06 67
1 88 3 1 0.018 15
1 88 3 1 0.014 13
1 87 1 6 0.722 46
1 87 1 6 0.576 45
1 87 2 6 0.716 46
1 87 2 6 0.582 44
1 87 2 5 0.398 38
1 87 1 2 0.086 23
1 87 3 1 0.018 15
1 87 3 1 0.014 14
1 75 1 6 0.562 45
1 75 2 6 0.676 47
1 75 1 6 0.538 43
1 75 2 6 0.79 51
1 75 1 7 0.824 50
1 75 2 6 0.644 45
1 75 3 1 0.024 15
1 75 3 1 0.01 12
1 74 2 6 0.704 46
1 74 2 6 0.594 44
1 74 2 6 0.742 48
1 74 1 5 0.606 45
1 74 1 6 0.57 44
1 74 1 6 0.608 45
1 74 3 1 0.01 12
1 74 3 1 0.01 11
1 73 3 1 0.006 11
1 73 2 6 0.616 45
1 73 2 7 0.782 47
1 73 1 6 0.662 45
1 73 1 6 0.628 44
1 73 1 6 0.58 46
1 73 1 8 0.794 50
1 73 3 1 0.01 12
1 72 3 1 0.01 11
1 72 3 1 0.006 11
1 72 2 6 0.82 50
1 72 1 6 0.692 45
1 72 2 6 0.812 51
1 72 1 6 0.692 45
1 72 1 12 0.904 51
1 72 2 6 0.808 51
1 71 2 6 0.69 47
1 71 2 7 0.916 51
1 71 2 6 0.816 50
1 71 2 6 0.646 47
1 71 2 6 0.746 48
1 71 1 7 0.942 53
1 70 2 10 2.078 71
1 70 2 9 1.06 57
1 70 1 11 1.766 65
1 70 1 7 0.988 55
1 70 3 1 0.006 12
1 70 3 1 0.006 10
1 69 1 7 1.034 54
1 69 1 13 1.196 60
1 69 2 9 1.636 64
1 69 2 7 1.086 54
1 69 3 1 0.008 12
1 69 3 1 0.006 10
1 68 2 7 0.598 45
1 68 2 8 1.102 56
1 68 2 6 0.76 47
1 68 1 6 0.682 44
1 68 1 6 0.646 46
1 68 2 6 0.686 44
1 57 2 6 0.644 45
1 57 1 6 0.582 43
1 57 1 6 0.596 45
1 57 1 6 0.526 43
1 57 1 6 0.582 42
1 57 1 6 0.636 45
1 57 3 1 0.012 14
1 57 3 1 0.006 11
1 56 1 19 2.602 76
1 56 2 13 1.59 63
1 56 2 8 1.28 56
1 56 2 8 1.226 57
1 56 3 1 0.01 11
1 56 3 1 0.008 10
1 56 2 8 0.924 53
1 56 2 12 1.37 61
1 55 1 13 1.436 61
1 55 2 8 1.644 60
1 55 1 13 1.288 58
1 55 3 1 0.01 11
1 55 3 1 0.012 11
1 55 1 11 1.602 61
1 54 1 11 2.356 71
1 54 1 8 1.526 62
1 54 1 9 1.316 58
1 54 1 11 1.626 63
1 54 3 1 0.016 14
1 54 3 1 0.008 12
1 53 1 8 1.628 60
1 53 2 7 1.244 56
1 53 1 8 0.822 50
1 53 1 7 0.964 53
1 53 3 1 0.008 11
1 53 3 1 0.006 9
1 52 1 8 1.038 55
1 52 2 14 1.214 59
1 52 1 15 1.498 61
1 52 1 9 1.252 56
1 52 3 1 0.016 13
1 52 3 1 0.014 13
1 51 2 16 1.49 64
1 51 2 14 2.314 71
1 51 2 18 1.85 64
1 51 2 13 1.968 65
1 51 3 1 0.01 12
1 51 3 1 0.008 11
1 50 1 20 1.784 66
1 50 1 15 2.212 70
1 50 2 12 1.468 64
1 50 2 13 1.322 60
1 50 3 1 0.008 12
1 50 3 1 0.01 11
1 49 3 1 0.02 15
1 49 3 1 0.008 10
1 49 2 13 1.568 64
1 49 2 9 1.078 56
1 49 1 16 1.318 61
1 49 1 13 1.448 60
1 48 1 8 0.938 51
1 48 2 6 0.718 49
1 48 2 8 0.774 48
1 48 1 17 0.88 53
1 48 2 6 0.796 48
1 48 2 10 1.512 63
1 48 3 1 0.01 12
1 48 3 1 0.008 10
1 47 3 1 0.01 11
1 47 3 1 0.01 11
1 47 2 7 0.812 50
1 47 1 7 0.652 47
1 47 2 6 0.786 48
1 47 1 9 0.844 49
1 47 2 7 0.506 44
1 47 2 12 1.308 63
1 46 2 6 0.62 45
1 46 2 7 0.598 46
1 46 2 9 0.758 48
1 46 2 8 0.794 48
1 46 1 6 0.692 47
1 46 1 7 0.83 47
1 46 3 1 0.01 12
1 46 3 1 0.006 10
1 45 3 1 0.014 13
1 45 3 1 0.008 11
1 45 2 8 0.662 46
1 45 1 7 0.664 46
1 45 2 6 0.662 45
1 45 1 7 0.636 46
1 45 1 6 0.632 45
1 45 2 7 0.658 45
1 44 2 8 0.888 50
1 44 2 7 0.586 44
1 44 1 7 0.474 41
1 44 1 5 0.45 39
1 44 2 7 0.538 42
1 44 1 NA 0.492 41
1 44 3 1 0.012 11
1 44 3 1 0.014 12
1 32 1 6 0.684 47
1 32 2 7 0.702 45
1 32 2 5 0.4 39
1 32 2 5 0.424 37
1 32 1 7 0.574 43
1 32 1 2 0.092 23
1 31 2 6 0.462 39
1 31 1 6 0.64 44
1 31 2 7 0.674 46
1 31 2 5 0.482 40
1 31 2 6 0.746 48
1 31 1 5 0.394 38
1 30 1 6 0.802 49
1 30 2 7 0.614 44
1 30 2 5 0.344 37
1 30 2 4 0.372 37
1 30 1 9 0.928 52
1 30 1 6 0.714 47
1 30 3 1 0.018 14
1 30 3 1 0.02 14
1 29 2 6 0.736 48
1 29 2 2 0.11 25
1 29 2 4 0.412 39
1 29 2 6 0.562 42
1 29 2 3 0.168 29
1 29 2 7 0.71 46
1 28 2 8 1.042 55
1 28 2 7 1.576 58
1 28 1 4 0.54 41
1 28 1 9 0.612 44
1 28 3 1 0.024 15
1 28 2 8 0.752 48
1 28 2 6 0.62 45
1 28 3 1 0.022 15
1 27 3 1 0.024 15
1 27 3 1 0.016 13
1 27 2 6 0.754 47
1 27 1 5 0.618 42
1 27 1 6 0.702 45
1 27 2 7 1.544 60
1 27 2 6 0.638 44
1 27 2 6 0.706 46
1 26 1 10 1.004 53
1 26 2 7 0.984 52
1 26 1 4 0.37 36
1 26 2 7 0.84 49
1 26 1 4 0.226 34
1 26 2 2 0.146 27
1 26 3 1 0.022 15
1 26 3 1 0.026 16
1 25 3 1 0.018 14
1 25 3 1 0.024 16
1 25 1 10 1.04 55
1 25 2 4 0.33 36
1 25 1 6 0.456 43
1 25 2 6 0.702 48
1 25 1 6 0.644 48
1 25 2 6 0.71 47
1 18 2 6 0.474 41
1 18 3 1 0.04 18
1 18 3 1 0.026 15
1 18 2 5 0.684 45
1 18 2 6 0.756 48
1 18 2 6 0.594 46
1 18 1 6 0.472 42
1 18 1 5 0.582 44
1 17 1 6 0.882 52
1 17 2 7 1.274 57
1 17 1 9 1.038 54
1 17 2 9 1.104 56
1 17 1 8 0.928 52
1 17 2 6 0.686 47
1 16 1 6 0.972 54
1 16 1 5 0.528 44
1 16 2 9 1.122 57
1 16 2 5 0.712 47
1 16 2 8 0.988 52
1 16 2 7 0.816 49
1 16 3 1 0.024 14
1 16 3 1 0.018 14
1 15 1 8 1.088 57
1 15 1 8 0.92 51
1 15 1 NA 0.898 53
1 15 2 NA 1.234 56
1 15 2 12 0.93 58
1 15 2 7 0.894 52
1 15 3 1 0.018 15
1 15 3 1 0.018 14
1 14 2 5 0.65 46
1 14 2 6 0.696 47
1 14 2 5 0.708 46
1 14 2 4 0.508 42
1 14 2 6 0.634 46
1 14 2 6 0.578 44
1 13 1 6 0.628 45
1 13 1 5 0.528 42
1 13 2 6 0.584 45
1 13 2 5 0.47 38
1 13 1 6 0.58 44
1 10 2 7 0.578 43
1 13 2 5 0.54 42
1 13 3 1 0.032 16
1 13 3 1 0.032 17
1 10 2 6 0.562 43
1 10 1 3 0.37 37
1 10 1 5 0.592 43
1 10 2 6 0.626 44
1 10 2 5 0.476 41
1 10 3 1 0.016 14
1 10 3 1 0.022 17
1 9 2 6 0.66 46
1 9 1 5 0.536 41
1 9 2 6 0.864 49
1 9 2 7 0.876 50
1 9 1 6 0.644 46
1 9 1 7 0.664 46
1 9 3 1 0.024 16
1 9 3 1 0.018 14
1 8 3 1 0.022 15
1 8 3 1 0.014 14
1 8 2 6 0.884 50
1 8 1 5 0.546 41
1 8 1 6 0.498 42
1 8 1 7 0.654 45
1 8 1 6 0.62 46
1 8 2 7 0.814 48
1 7 2 16 1.316 64
1 7 1 13 1.476 58
1 7 2 9 1.194 57
1 7 2 13 1.622 62
1 7 2 7 0.768 49
1 7 2 11 1.302 63
1 7 3 1 0.024 15
1 7 3 1 0.02 15
1 6 1 6 0.684 44
1 6 2 6 0.65 47
1 6 1 5 0.35 37
1 6 1 7 0.662 45
1 6 1 7 0.622 44
1 6 2 6 0.678 45
1 6 3 1 0.022 15
1 6 3 1 0.022 14
