1 384 3 13 1
1 384 2 76 1
1 383 3 10 1
1 383 3 12 6
1 383 3 13 12
1 383 3 14 10
1 383 3 15 4
1 383 3 16 1
1 382 3 11 1
1 381 3 16 1
1 380 3 15 1
1 380 1 67 1
1 380 2 69 1
1 380 2 73 1
1 379 3 8 1
1 379 1 62 1
1 379 1 63 1
1 379 2 63 1
1 379 1 64 1
1 379 2 64 1
1 379 1 65 1
1 379 2 65 3
1 379 1 66 2
1 379 1 67 2
1 379 2 67 3
1 379 1 68 3
1 379 2 68 2
1 379 1 69 2
1 379 2 69 1
1 379 1 70 3
1 379 2 70 1
1 379 1 71 4
1 379 2 71 7
1 379 1 72 1
1 379 2 72 4
1 379 1 73 1
1 379 2 73 12
1 379 1 74 1
1 379 2 74 1
1 379 1 75 2
1 379 2 75 9
1 379 1 76 1
1 379 2 76 6
1 379 2 77 3
1 379 2 78 2
1 379 2 79 2
1 379 2 80 2
1 379 2 81 1
1 378 3 14 1
1 378 1 48 1
1 378 2 61 1
1 378 1 64 1
1 378 1 65 2
1 378 2 67 1
1 378 1 70 1
1 378 1 72 1
1 378 2 73 1
1 378 2 83 1
1 377 2 28 2
1 377 1 48 1
1 377 1 56 2
1 377 2 56 1
1 377 1 57 1
1 377 2 57 2
1 377 1 58 2
1 377 2 58 1
1 377 1 60 7
1 377 2 60 4
1 377 2 61 1
1 377 1 62 1
1 377 2 62 2
1 377 1 63 4
1 377 1 64 3
1 377 2 65 2
1 377 1 67 1
1 377 2 67 2
1 377 1 68 1
1 377 2 68 1
1 377 1 69 1
1 377 2 69 2
1 377 1 70 1
1 377 2 71 1
1 377 2 72 2
1 376 1 47 1
1 376 1 57 1
1 376 2 58 2
1 376 2 59 1
1 376 1 60 2
1 376 2 60 2
1 376 1 61 2
1 376 2 61 2
1 376 1 62 3
1 376 2 62 2
1 376 1 63 3
1 376 2 63 2
1 376 1 64 2
1 376 2 64 2
1 376 2 65 2
1 376 1 66 2
1 376 2 66 3
1 376 2 67 5
1 376 2 68 7
1 376 2 69 4
1 376 2 70 3
1 376 2 71 5
1 376 2 72 4
1 376 2 73 1
1 376 2 76 1
1 376 2 77 1
1 376 2 81 1
1 375 3 11 1
1 375 3 12 1
1 375 3 13 4
1 375 3 14 5
1 375 3 16 1
1 375 3 17 1
1 375 1 53 1
1 375 1 55 1
1 375 2 56 1
1 375 1 59 3
1 375 1 62 3
1 375 2 62 1
1 375 1 63 1
1 375 1 64 1
1 375 2 64 1
1 375 2 65 1
1 375 1 66 1
1 375 2 66 3
1 375 2 67 1
1 375 1 68 1
1 375 2 68 4
1 375 1 69 1
1 375 2 69 1
1 375 2 70 7
1 375 2 71 2
1 375 2 72 2
1 375 1 73 1
1 375 2 73 2
1 375 1 74 1
1 375 1 75 1
1 375 2 75 1
1 375 2 76 2
1 374 3 11 2
1 374 3 12 3
1 374 3 13 15
1 374 3 14 19
1 374 3 15 11
1 374 3 16 3
1 374 3 17 1
1 374 3 18 1
1 374 2 63 1
1 374 1 65 1
1 374 2 68 1
1 374 1 69 1
1 374 2 69 1
1 374 2 70 1
1 374 1 71 1
1 374 2 71 2
1 374 2 72 3
1 374 1 73 1
1 374 1 74 1
1 374 2 74 1
1 374 2 77 1
1 374 2 79 1
1 373 3 11 1
1 373 3 13 2
1 373 3 14 8
1 373 3 15 3
1 373 3 18 1
1 373 3 19 1
1 373 1 68 1
1 372 3 10 1
1 372 3 11 1
1 372 3 12 2
1 372 1 72 1
1 372 1 73 1
1 371 1 69 1
1 370 3 9 1
1 370 3 10 1
1 370 3 11 1
1 369 3 11 1
1 368 1 72 1
1 368 2 78 1
1 368 2 84 1
1 367 3 12 2
1 367 3 13 1
1 367 3 14 1
1 367 1 56 1
1 367 2 68 1
1 367 1 69 1
1 367 2 75 1
1 367 2 76 1
1 366 1 59 1
1 366 2 60 2
1 366 1 69 1
1 366 2 73 1
1 366 2 78 2
1 365 3 9 1
1 365 3 10 1
1 365 3 11 2
1 365 3 12 13
1 365 3 13 12
1 365 3 14 7
1 365 3 15 2
1 365 3 16 2
1 365 3 34 1
1 365 2 59 1
1 365 1 63 1
1 365 2 66 1
1 364 1 47 1
1 364 1 51 1
1 364 1 52 1
1 364 1 53 1
1 364 1 54 3
1 364 1 55 2
1 364 1 56 4
1 364 1 57 3
1 364 2 58 1
1 364 1 59 2
1 364 1 61 1
1 364 2 61 1
1 364 1 63 1
1 364 2 63 1
1 364 1 64 1
1 364 1 66 1
1 364 2 77 1
1 363 3 13 2
1 363 3 14 1
1 363 1 29 2
1 363 1 30 1
1 363 2 30 2
1 363 1 31 2
1 363 2 31 1
1 363 1 32 2
1 363 1 33 2
1 363 2 33 4
1 363 1 34 1
1 363 2 34 1
1 363 2 35 1
1 363 1 42 1
1 363 2 42 1
1 363 2 43 2
1 363 2 45 1
1 363 2 46 1
1 363 2 47 2
1 363 1 48 2
1 363 2 48 1
1 363 2 49 1
1 363 1 50 5
1 363 2 50 1
1 363 1 51 3
1 363 2 51 3
1 363 1 52 6
1 363 2 52 1
1 363 1 53 4
1 363 2 53 1
1 363 1 54 7
1 363 2 54 2
1 363 1 55 6
1 363 2 55 2
1 363 1 56 10
1 363 2 56 1
1 363 1 57 6
1 363 2 57 1
1 363 1 58 8
1 363 2 58 5
1 363 1 59 5
1 363 1 60 5
1 363 2 60 3
1 363 1 61 2
1 363 2 61 4
1 363 1 62 4
1 363 2 62 4
1 363 1 63 1
1 363 2 63 1
1 363 1 64 1
1 363 2 64 2
1 363 1 65 2
1 363 2 67 2
1 363 2 71 1
1 362 3 12 1
1 362 3 13 1
1 362 3 14 7
1 362 3 15 3
1 362 3 16 1
1 362 3 17 1
1 362 3 18 1
1 362 3 19 1
1 362 1 28 1
1 362 1 33 1
1 362 2 35 1
1 362 2 36 1
1 362 2 48 1
1 362 1 51 1
1 362 2 51 1
1 362 1 52 2
1 362 1 53 1
1 362 1 54 5
1 362 1 55 11
1 362 2 55 2
1 362 1 56 7
1 362 1 57 7
1 362 2 57 1
1 362 1 58 7
1 362 2 58 2
1 362 1 59 7
1 362 2 59 4
1 362 1 60 5
1 362 2 60 1
1 362 1 61 4
1 362 2 61 2
1 362 1 62 6
1 362 2 62 2
1 362 2 63 1
1 362 2 64 3
1 362 1 65 4
1 362 2 65 1
1 362 1 66 1
1 362 2 69 1
1 362 2 70 2
1 361 3 12 6
1 361 3 13 13
1 361 3 14 9
1 361 3 15 10
1 361 2 42 2
1 361 2 43 1
1 361 1 45 3
1 361 1 46 2
1 361 2 46 1
1 361 1 47 3
1 361 2 47 1
1 361 1 48 2
1 361 2 48 1
1 361 1 49 5
1 361 1 50 5
1 361 2 50 2
1 361 1 51 2
1 361 2 51 3
1 361 1 52 3
1 361 2 52 2
1 361 1 53 6
1 361 2 53 2
1 361 1 54 7
1 361 2 54 4
1 361 1 55 3
1 361 2 55 3
1 361 1 56 6
1 361 2 56 3
1 361 1 57 3
1 361 1 58 2
1 361 2 58 2
1 361 1 59 1
1 361 2 59 1
1 361 1 62 1
1 361 2 62 1
1 360 3 15 1
1 360 2 43 1
1 360 1 46 1
1 360 1 47 3
1 360 1 48 2
1 360 2 48 3
1 360 1 49 2
1 360 2 49 2
1 360 1 50 5
1 360 2 50 2
1 360 1 51 5
1 360 1 52 10
1 360 2 52 1
1 360 1 53 7
1 360 2 53 2
1 360 1 54 3
1 360 2 54 2
1 360 1 55 5
1 360 2 55 1
1 360 1 56 4
1 360 2 56 3
1 360 1 57 7
1 360 2 57 6
1 360 1 58 8
1 360 2 58 5
1 360 1 59 4
1 360 2 59 8
1 360 1 60 1
1 360 2 60 9
1 360 1 61 3
1 360 2 61 1
1 360 1 62 1
1 360 2 62 6
1 360 2 63 4
1 360 2 64 4
1 360 2 65 2
1 360 2 67 1
1 360 2 68 1
1 359 3 12 3
1 359 3 13 4
1 359 3 14 7
1 359 3 15 3
1 359 3 16 2
1 359 3 17 1
1 359 3 20 1
1 359 1 31 1
1 359 1 46 1
1 359 1 50 1
1 359 1 51 1
1 359 1 52 1
1 359 1 53 1
1 359 2 55 1
1 359 1 56 1
1 359 1 57 2
1 359 2 57 1
1 359 1 58 2
1 359 1 59 3
1 359 2 59 1
1 359 2 60 1
1 359 1 61 2
1 359 2 62 2
1 359 1 63 1
1 359 2 63 4
1 359 1 64 1
1 359 2 64 4
1 359 2 65 2
1 359 1 66 1
1 359 2 66 3
1 359 2 67 4
1 359 2 68 2
1 359 2 69 1
1 359 2 70 3
1 359 2 71 4
1 359 2 73 1
1 359 2 76 1
1 358 3 13 2
1 358 3 14 3
1 358 3 16 2
1 358 3 19 1
1 358 2 36 1
1 358 1 46 1
1 358 1 47 1
1 358 2 49 1
1 358 1 51 4
1 358 2 51 2
1 358 1 52 3
1 358 1 53 1
1 358 2 53 2
1 358 1 54 4
1 358 1 55 8
1 358 2 55 1
1 358 1 56 7
1 358 2 56 5
1 358 1 57 7
1 358 2 57 1
1 358 1 58 9
1 358 2 58 4
1 358 1 59 6
1 358 2 59 3
1 358 1 60 4
1 358 2 60 6
1 358 1 61 6
1 358 2 61 7
1 358 1 62 5
1 358 2 62 6
1 358 1 63 3
1 358 2 63 5
1 358 1 64 3
1 358 2 64 7
1 358 1 65 3
1 358 2 65 5
1 358 1 66 2
1 358 2 66 4
1 358 2 67 3
1 358 1 68 1
1 358 2 68 3
1 358 2 69 1
1 358 2 70 2
1 358 2 71 1
1 358 2 72 1
1 358 2 74 1
1 358 2 75 1
1 357 3 12 2
1 357 3 13 1
1 357 3 14 3
1 357 3 15 1
1 357 3 16 4
1 357 3 17 2
1 357 1 48 1
1 357 1 49 1
1 357 1 51 1
1 357 2 51 1
1 357 1 52 3
1 357 2 52 1
1 357 1 53 2
1 357 1 54 1
1 357 1 55 2
1 357 1 56 1
1 357 1 57 2
1 357 1 58 2
1 357 1 59 1
1 357 2 59 1
1 357 1 60 1
1 357 1 61 3
1 357 2 61 1
1 357 1 62 1
1 357 2 62 2
1 357 1 63 1
1 357 1 64 2
1 357 2 64 1
1 357 1 65 1
1 357 2 66 2
1 357 2 67 3
1 357 2 68 1
1 357 2 69 1
1 357 1 70 1
1 357 2 70 2
1 357 2 72 1
1 357 2 74 1
1 356 3 10 1
1 356 3 11 2
1 356 3 16 2
1 356 1 66 2
1 355 3 10 2
1 355 3 11 6
1 355 3 12 4
1 355 3 13 1
1 355 3 14 5
1 355 3 15 1
1 355 3 16 2
1 355 1 28 1
1 355 1 66 1
1 355 2 73 1
1 355 2 77 1
1 354 3 12 2
1 354 1 62 2
1 354 1 64 1
1 354 1 66 1
1 354 2 66 1
1 354 1 68 2
1 354 2 68 1
1 354 2 69 1
1 354 2 70 2
1 354 2 74 1
1 353 3 8 1
1 353 1 62 1
1 353 2 74 1
1 352 3 10 7
1 352 3 11 6
1 352 3 12 17
1 352 3 13 11
1 352 3 14 7
1 352 3 15 5
1 352 3 16 1
1 352 3 18 1
1 351 3 10 4
1 351 3 11 3
1 351 3 12 2
1 351 3 13 3
1 351 3 14 1
1 351 2 71 1
1 351 2 80 1
1 350 3 10 4
1 350 3 11 1
1 350 3 12 2
1 350 3 13 1
1 349 3 9 6
1 349 3 10 25
1 349 3 11 15
1 349 3 12 8
1 349 3 13 2
1 349 3 40 1
1 348 3 10 1
1 348 3 13 1
1 347 1 73 1
1 346 1 63 2
1 346 1 76 1
1 345 3 10 3
1 345 3 11 4
1 345 3 12 4
1 345 3 13 1
1 345 3 14 1
1 345 3 15 1
1 345 2 18 1
1 344 3 10 6
1 344 3 11 12
1 344 3 12 11
1 344 3 13 8
1 344 3 14 3
1 344 3 15 2
1 344 3 16 1
1 344 2 77 1
1 343 3 9 3
1 343 3 10 10
1 343 3 11 13
1 343 3 12 6
1 343 3 13 4
1 343 3 14 4
1 343 3 15 1
1 342 3 9 3
1 342 3 10 8
1 342 3 11 11
1 342 3 12 3
1 342 3 13 5
1 342 3 14 2
1 342 3 15 2
1 342 3 16 1
1 342 3 17 1
1 342 1 24 1
1 342 1 61 1
1 341 3 9 4
1 341 3 10 2
1 341 3 11 3
1 341 3 12 9
1 341 3 13 8
1 341 3 14 10
1 341 3 15 10
1 341 3 16 3
1 341 3 17 2
1 341 2 26 1
1 341 2 28 1
1 341 2 37 1
1 341 2 74 1
1 340 3 13 2
1 340 3 14 1
1 340 3 15 2
1 340 3 16 2
1 340 3 17 1
1 340 3 18 1
1 340 2 23 1
1 340 1 24 1
1 340 2 25 3
1 340 1 26 1
1 340 2 26 1
1 340 2 27 1
1 340 2 30 1
1 340 1 59 1
1 340 1 61 1
1 340 1 63 1
1 339 3 12 2
1 339 3 13 4
1 339 3 14 7
1 339 3 15 7
1 339 1 16 1
1 339 3 16 5
1 339 3 17 1
1 339 1 53 2
1 339 2 55 1
1 339 2 56 2
1 339 1 57 1
1 339 2 57 2
1 339 1 58 4
1 339 2 58 2
1 339 1 59 3
1 339 1 60 2
1 339 2 60 3
1 339 1 61 3
1 339 2 61 3
1 339 2 62 4
1 339 1 63 2
1 339 2 63 4
1 339 1 64 1
1 339 2 64 2
1 339 1 65 2
1 339 2 65 6
1 339 2 66 3
1 339 1 67 1
1 339 2 67 1
1 339 2 68 2
1 339 2 69 2
1 339 2 70 1
1 339 2 72 2
1 338 3 13 1
1 338 3 14 2
1 338 3 15 2
1 338 3 16 1
1 338 3 18 1
1 338 2 30 1
1 338 1 43 1
1 338 1 45 1
1 338 1 46 1
1 338 1 47 1
1 338 1 48 1
1 338 2 48 1
1 338 1 49 4
1 338 2 49 1
1 338 1 50 5
1 338 1 51 7
1 338 2 51 3
1 338 1 52 4
1 338 2 52 4
1 338 1 53 2
1 338 2 53 2
1 338 1 54 5
1 338 2 54 5
1 338 1 55 2
1 338 2 55 2
1 338 1 56 7
1 338 2 56 4
1 338 1 57 5
1 338 2 57 4
1 338 1 58 10
1 338 2 58 7
1 338 1 59 1
1 338 2 59 1
1 338 1 60 3
1 338 2 60 5
1 338 1 61 5
1 338 2 61 8
1 338 1 62 1
1 338 2 62 5
1 338 2 63 7
1 338 1 64 1
1 338 2 64 8
1 338 2 65 5
1 338 2 66 2
1 338 2 67 2
1 338 2 68 1
1 338 2 69 1
1 338 2 70 1
1 338 2 74 1
1 337 3 13 1
1 337 3 14 4
1 337 3 15 3
1 337 2 64 1
1 336 3 13 1
1 336 3 15 1
1 336 3 16 1
1 336 3 51 1
1 289 2 40 1
1 289 1 41 4
1 289 1 42 3
1 289 1 43 7
1 289 2 43 2
1 289 1 44 19
1 289 2 44 5
1 289 1 45 22
1 289 2 45 9
1 289 1 46 17
1 289 2 46 9
1 289 1 47 18
1 289 2 47 15
1 289 1 48 7
1 289 2 48 9
1 289 1 49 7
1 289 2 49 7
1 289 1 50 5
1 289 2 50 4
1 289 1 51 5
1 289 2 51 2
1 289 1 52 1
1 289 2 52 3
1 289 1 53 2
1 289 2 53 2
1 289 1 54 1
1 289 2 54 1
1 289 2 55 1
1 289 1 56 1
1 289 1 58 1
1 289 2 63 1
1 288 1 34 1
1 288 1 44 1
1 288 1 45 2
1 288 2 45 1
1 288 1 46 1
1 288 2 46 1
1 288 1 47 1
1 288 2 47 1
1 288 1 48 2
1 288 2 48 2
1 288 1 49 4
1 288 2 49 1
1 288 1 50 4
1 288 2 50 2
1 288 1 51 7
1 288 2 51 1
1 288 1 52 8
1 288 2 52 3
1 288 1 53 5
1 288 2 53 3
1 288 1 54 4
1 288 2 54 4
1 288 1 55 3
1 288 2 55 10
1 288 1 56 2
1 288 2 56 7
1 288 1 57 1
1 288 2 57 7
1 288 2 58 5
1 288 2 59 1
1 288 2 60 4
1 288 2 63 1
1 288 1 64 1
1 287 1 52 1
1 286 2 62 1
1 285 1 60 1
1 284 3 13 1
1 284 1 40 1
1 284 1 46 1
1 284 2 46 1
1 284 1 48 3
1 284 1 49 3
1 284 1 50 3
1 284 2 50 1
1 284 1 51 2
1 284 2 51 3
1 284 1 52 14
1 284 2 52 6
1 284 1 53 13
1 284 2 53 6
1 284 1 54 11
1 284 2 54 9
1 284 1 55 10
1 284 2 55 15
1 284 1 56 6
1 284 2 56 12
1 284 1 57 4
1 284 2 57 10
1 284 1 58 3
1 284 2 58 4
1 284 1 59 5
1 284 2 59 5
1 284 1 60 1
1 284 2 60 2
1 284 1 61 1
1 284 2 61 2
1 283 3 11 1
1 283 3 12 1
1 283 3 13 5
1 283 3 14 14
1 283 3 15 12
1 283 1 16 1
1 283 3 16 11
1 283 3 17 4
1 283 3 19 1
1 283 2 20 1
1 283 2 25 1
1 283 1 26 1
1 283 1 27 2
1 283 2 27 1
1 283 1 28 5
1 283 2 28 3
1 283 1 29 5
1 283 2 29 3
1 283 1 30 9
1 283 2 30 12
1 283 1 31 6
1 283 2 31 4
1 283 1 32 8
1 283 2 32 6
1 283 1 33 2
1 283 2 33 5
1 283 2 34 1
1 283 2 37 1
1 283 1 52 2
1 283 1 53 2
1 283 2 53 1
1 283 2 54 1
1 283 1 55 1
1 283 2 56 3
1 283 1 58 3
1 283 2 58 5
1 283 1 60 2
1 283 2 60 2
1 283 2 61 2
1 283 1 62 2
1 283 2 62 4
1 283 1 64 1
1 283 2 64 1
1 283 2 66 2
1 283 2 68 1
1 282 3 10 1
1 282 3 11 3
1 282 3 12 5
1 282 3 13 7
1 282 3 14 4
1 282 3 15 2
1 282 2 16 1
1 282 3 16 3
1 282 2 17 1
1 282 3 17 1
1 282 1 18 1
1 282 3 18 1
1 282 1 57 1
1 282 2 58 1
1 282 2 64 1
1 281 1 66 1
1 280 3 9 1
1 280 3 10 6
1 280 3 11 4
1 280 3 12 17
1 280 3 13 3
1 280 3 14 17
1 280 3 16 1
1 280 2 72 1
1 279 3 9 5
1 279 3 10 6
1 279 3 11 10
1 279 3 12 14
1 279 3 13 7
1 279 3 14 3
1 279 3 15 2
1 278 3 9 7
1 278 3 10 21
1 278 3 11 21
1 278 3 12 14
1 278 3 13 8
1 278 3 14 6
1 278 3 18 1
1 278 1 64 1
1 278 2 69 2
1 278 2 72 1
1 278 2 76 1
1 277 3 8 1
1 277 3 9 1
1 277 3 10 21
1 277 3 11 5
1 277 3 12 82
1 277 3 13 9
1 277 3 14 24
1 277 3 16 4
1 276 1 66 1
1 275 1 66 1
1 275 1 67 1
1 275 1 68 1
1 275 1 69 1
1 274 3 10 1
1 274 3 11 3
1 274 3 12 9
1 274 3 13 3
1 274 3 14 6
1 274 2 17 2
1 274 1 57 1
1 274 1 64 2
1 274 1 65 1
1 274 1 69 1
1 273 3 8 1
1 273 3 9 6
1 273 3 10 13
1 273 3 11 4
1 273 3 13 1
1 273 3 14 2
1 273 1 72 1
1 273 2 72 1
1 273 2 73 1
1 273 2 74 1
1 272 3 8 4
1 272 3 9 21
1 272 3 10 49
1 272 3 11 28
1 272 3 12 9
1 272 3 13 1
1 272 1 64 1
1 272 1 68 1
1 272 2 71 1
1 272 1 78 1
1 271 3 8 1
1 271 3 9 1
1 271 3 10 1
1 271 2 78 1
1 270 3 8 3
1 270 3 9 10
1 270 3 10 13
1 270 3 11 13
1 270 3 12 2
1 270 1 60 1
1 270 1 61 1
1 270 2 66 1
1 270 1 67 1
1 270 2 68 1
1 270 1 70 1
1 269 3 8 1
1 269 3 9 42
1 269 3 10 81
1 269 3 11 35
1 269 3 12 5
1 269 1 59 1
1 269 1 66 1
1 269 2 66 2
1 269 1 67 1
1 269 2 69 1
1 269 1 71 1
1 269 1 72 1
1 268 3 8 1
1 268 3 9 7
1 268 3 10 8
1 268 3 11 2
1 268 3 12 2
1 268 2 70 1
1 267 3 8 1
1 267 3 9 7
1 267 3 10 12
1 267 2 68 1
1 266 3 9 3
1 265 3 9 2
1 265 3 11 2
1 264 3 8 2
1 264 3 9 25
1 264 3 10 9
1 264 3 11 25
1 264 3 12 2
1 264 3 13 3
1 264 3 14 1
1 263 3 9 7
1 263 3 10 23
1 263 3 11 20
1 263 3 12 5
1 263 3 13 3
1 263 3 14 1
1 262 3 9 2
1 262 3 10 8
1 262 3 11 11
1 262 3 12 14
1 262 3 13 3
1 262 2 68 1
1 262 2 73 2
1 261 3 9 13
1 261 3 10 22
1 261 3 11 7
1 261 3 13 3
1 260 3 9 12
1 260 3 10 13
1 260 3 11 12
1 260 3 12 8
1 260 3 14 1
1 260 2 56 1
1 260 1 62 1
1 260 2 62 1
1 260 1 65 1
1 260 2 66 3
1 260 2 67 1
1 260 1 69 1
1 260 2 69 1
1 260 1 70 1
1 260 2 70 1
1 260 2 74 1
1 260 2 75 2
1 260 2 76 2
1 259 3 8 1
1 259 3 9 4
1 259 3 10 36
1 259 3 11 75
1 259 3 12 183
1 259 3 13 62
1 259 3 14 55
1 259 3 15 6
1 259 3 16 3
1 259 1 60 1
1 259 1 63 1
1 259 1 65 1
1 259 2 66 1
1 259 1 68 1
1 259 1 69 2
1 259 2 71 1
1 259 1 72 2
1 259 2 72 2
1 258 3 8 1
1 258 3 9 3
1 258 3 10 20
1 258 3 11 42
1 258 3 12 45
1 258 3 13 10
1 258 3 14 9
1 258 3 15 1
1 258 3 16 2
1 257 3 9 10
1 257 3 10 45
1 257 3 11 32
1 257 3 12 17
1 257 3 13 7
1 257 3 14 3
1 256 3 5 1
1 256 3 6 1
1 256 3 8 1
1 256 3 9 2
1 256 3 10 11
1 256 3 11 13
1 256 3 12 63
1 256 3 13 3
1 256 3 14 20
1 256 3 16 2
1 256 3 18 1
1 256 1 68 1
1 255 3 9 3
1 255 3 10 11
1 255 3 11 13
1 255 3 12 5
1 255 3 13 7
1 255 1 68 1
1 254 3 9 3
1 254 3 10 14
1 254 3 11 19
1 254 3 12 12
1 254 3 13 4
1 254 3 14 1
1 254 3 17 1
1 254 1 23 1
1 254 1 66 1
1 253 3 9 3
1 253 3 10 6
1 253 3 11 19
1 253 3 12 6
1 253 3 13 6
1 253 3 14 1
1 252 3 9 2
1 252 3 10 11
1 252 3 11 16
1 252 3 12 9
1 252 3 13 2
1 252 3 14 1
1 252 1 51 1
1 252 1 56 1
1 252 1 62 1
1 252 2 63 2
1 252 2 64 1
1 252 2 65 1
1 252 2 66 1
1 252 2 67 1
1 252 2 68 2
1 252 2 69 1
1 252 2 72 1
1 252 2 75 1
1 252 2 77 1
1 252 2 80 1
1 251 3 9 7
1 251 3 10 10
1 251 3 11 44
1 251 3 12 9
1 251 3 13 9
1 251 3 14 2
1 251 3 15 1
1 250 3 10 6
1 250 3 11 8
1 250 3 12 21
1 250 3 13 9
1 250 3 14 1
1 250 3 15 1
1 250 2 65 1
1 250 2 66 1
1 250 2 70 1
1 250 2 78 1
1 249 3 10 1
1 249 3 11 7
1 249 3 12 6
1 249 3 13 4
1 249 1 55 1
1 249 2 55 1
1 249 1 61 1
1 249 1 64 1
1 249 2 68 1
1 249 2 69 2
1 249 2 70 1
1 249 2 72 1
1 248 1 43 1
1 248 1 45 1
1 248 1 47 1
1 248 2 48 1
1 248 1 49 3
1 248 2 49 3
1 248 1 50 5
1 248 2 50 1
1 248 1 51 6
1 248 2 51 2
1 248 1 52 2
1 248 2 52 1
1 248 1 53 5
1 248 2 53 4
1 248 1 54 8
1 248 2 54 4
1 248 1 55 7
1 248 2 55 11
1 248 1 56 2
1 248 2 56 4
1 248 1 57 4
1 248 2 57 8
1 248 1 58 3
1 248 2 58 5
1 248 1 59 3
1 248 2 59 4
1 248 1 60 2
1 248 2 60 3
1 248 1 61 1
1 248 2 61 2
1 248 1 62 1
1 248 2 62 1
1 248 1 63 2
1 248 2 63 1
1 248 1 64 1
1 248 2 64 1
1 247 2 40 1
1 247 1 41 1
1 247 2 41 1
1 247 1 42 1
1 247 1 43 5
1 247 2 43 2
1 247 1 44 5
1 247 2 44 1
1 247 1 45 3
1 247 2 45 3
1 247 1 46 7
1 247 2 46 2
1 247 1 47 11
1 247 2 47 2
1 247 1 48 9
1 247 2 48 5
1 247 1 49 6
1 247 2 49 4
1 247 1 50 7
1 247 2 50 5
1 247 1 51 11
1 247 2 51 6
1 247 1 52 6
1 247 2 52 1
1 247 1 53 6
1 247 2 53 3
1 247 1 54 3
1 247 1 55 1
1 247 2 55 1
1 247 1 56 1
1 247 2 56 2
1 247 2 59 2
1 246 3 12 1
1 246 3 14 1
1 246 1 40 1
1 246 1 41 1
1 246 1 42 2
1 246 1 43 2
1 246 2 43 1
1 246 1 44 6
1 246 2 44 2
1 246 1 45 5
1 246 2 45 1
1 246 1 46 7
1 246 2 46 3
1 246 1 47 5
1 246 2 47 2
1 246 1 48 3
1 246 2 48 2
1 246 1 49 9
1 246 2 49 5
1 246 1 50 10
1 246 2 50 1
1 246 1 51 10
1 246 2 51 2
1 246 1 52 10
1 246 2 52 5
1 246 1 53 7
1 246 2 53 7
1 246 1 54 6
1 246 2 54 6
1 246 1 55 3
1 246 2 55 2
1 246 1 56 3
1 246 2 56 2
1 246 2 57 2
1 246 1 58 3
1 246 2 58 1
1 246 1 59 1
1 246 2 62 1
1 245 3 10 1
1 245 3 12 1
1 245 1 27 1
1 245 2 41 1
1 245 1 44 2
1 245 1 45 1
1 245 1 46 4
1 245 1 47 4
1 245 1 48 3
1 245 2 48 2
1 245 1 49 6
1 245 1 50 10
1 245 2 50 4
1 245 1 51 5
1 245 1 52 14
1 245 2 52 4
1 245 1 53 8
1 245 2 53 3
1 245 1 54 12
1 245 2 54 6
1 245 1 55 5
1 245 2 55 4
1 245 1 56 4
1 245 2 56 3
1 245 1 57 2
1 245 2 57 4
1 245 1 58 1
1 245 2 58 6
1 245 1 59 1
1 245 2 60 2
1 245 2 61 2
1 245 2 63 1
1 245 2 64 1
1 245 2 65 1
1 244 3 10 9
1 244 3 11 8
1 244 3 12 14
1 244 3 13 11
1 244 3 14 6
1 244 3 15 3
1 244 2 16 1
1 244 3 16 1
1 244 2 17 2
1 244 1 31 1
1 244 2 33 1
1 244 1 44 1
1 244 1 45 1
1 244 2 46 1
1 244 1 47 1
1 244 1 48 3
1 244 2 48 1
1 244 1 49 2
1 244 2 49 1
1 244 1 50 2
1 244 1 51 1
1 244 1 52 6
1 244 2 52 2
1 244 1 53 9
1 244 2 53 1
1 244 1 54 3
1 244 2 54 4
1 244 1 55 3
1 244 2 55 3
1 244 1 56 6
1 244 2 56 4
1 244 1 57 6
1 244 2 57 6
1 244 1 58 6
1 244 2 58 6
1 244 1 59 2
1 244 2 59 4
1 244 1 60 6
1 244 2 60 5
1 244 1 61 1
1 244 2 61 4
1 244 2 62 1
1 244 2 65 1
1 243 3 10 3
1 243 3 11 5
1 243 3 12 1
1 243 3 13 2
1 243 3 14 1
1 243 2 45 1
1 243 2 48 1
1 243 1 50 1
1 243 1 51 4
1 243 1 52 1
1 243 2 52 2
1 243 1 53 1
1 243 1 54 1
1 243 2 54 2
1 243 1 55 2
1 243 2 55 1
1 243 1 56 2
1 243 2 56 3
1 243 1 57 2
1 243 2 57 2
1 243 1 58 4
1 243 2 58 2
1 243 2 59 2
1 243 1 60 1
1 243 2 60 1
1 243 2 63 2
1 243 2 64 1
1 243 2 67 1
1 242 3 9 4
1 242 3 10 6
1 242 3 11 15
1 242 3 12 12
1 242 3 13 16
1 242 3 14 8
1 242 3 15 3
1 242 1 19 1
1 242 1 46 1
1 242 2 49 1
1 242 1 50 1
1 242 2 51 1
1 242 1 53 4
1 242 2 53 1
1 242 1 54 2
1 242 2 54 3
1 242 1 55 3
1 242 2 55 2
1 242 1 56 4
1 242 1 57 5
1 242 2 57 1
1 242 1 58 1
1 242 2 58 1
1 242 1 59 2
1 242 2 59 5
1 242 2 60 4
1 242 1 61 4
1 242 2 61 3
1 242 2 62 3
1 242 1 63 1
1 242 2 63 4
1 242 2 64 1
1 242 2 66 1
1 241 3 10 2
1 241 3 11 6
1 241 3 12 1
1 241 3 13 3
1 241 3 15 2
1 241 2 22 1
1 241 2 52 1
1 241 1 54 2
1 241 1 56 1
1 241 2 56 1
1 241 2 57 1
1 241 1 58 2
1 241 2 58 1
1 241 2 59 2
1 241 1 60 1
1 241 2 60 1
1 241 1 62 6
1 241 2 62 1
1 241 2 63 1
1 241 1 64 1
1 241 2 66 1
1 241 2 67 3
1 241 2 68 1
1 241 2 69 1
1 240 3 10 2
1 240 3 11 6
1 240 3 12 8
1 240 3 13 2
1 240 2 56 1
1 240 2 60 2
1 240 1 61 1
1 240 2 64 1
1 240 2 72 1
1 239 3 10 5
1 239 3 11 9
1 239 3 12 18
1 239 3 13 17
1 239 3 14 5
1 239 3 15 2
1 239 2 61 1
1 239 2 68 1
1 238 3 11 8
1 238 3 12 4
1 238 3 13 1
1 238 3 14 1
1 238 3 15 1
1 238 3 17 1
1 238 2 70 1
1 238 2 72 1
1 237 3 9 2
1 237 3 10 1
1 237 3 11 5
1 237 3 13 7
1 237 3 15 1
1 237 2 61 1
1 237 1 62 1
1 237 2 66 2
1 237 2 69 2
1 237 2 70 1
1 237 2 73 1
1 236 3 9 1
1 236 3 11 8
1 236 3 12 5
1 236 3 13 14
1 236 3 15 3
1 236 1 27 1
1 236 1 53 1
1 236 1 54 2
1 236 2 55 1
1 236 2 60 1
1 236 1 61 1
1 236 2 61 2
1 236 2 62 1
1 236 2 65 2
1 236 2 67 4
1 236 2 71 2
1 236 2 75 2
1 235 3 9 2
1 235 3 10 10
1 235 3 11 11
1 235 3 12 32
1 235 3 13 5
1 235 3 14 12
1 235 3 16 1
1 235 1 53 1
1 235 1 56 1
1 235 2 57 1
1 235 1 58 1
1 235 1 59 1
1 235 1 60 2
1 235 2 61 1
1 235 1 62 2
1 235 2 62 1
1 235 1 63 1
1 235 2 67 1
1 235 1 69 1
1 235 2 70 1
1 235 2 71 1
1 234 3 9 2
1 234 3 10 7
1 234 3 11 12
1 234 3 12 10
1 234 3 13 1
1 234 3 14 2
1 234 2 16 1
1 234 2 25 1
1 234 2 37 1
1 234 2 42 1
1 234 1 48 1
1 234 1 51 1
1 234 1 53 1
1 234 2 53 2
1 234 1 54 2
1 234 1 56 2
1 234 1 58 3
1 234 1 59 2
1 234 2 59 2
1 234 1 60 3
1 234 2 60 2
1 234 1 61 1
1 234 2 61 4
1 234 1 62 3
1 234 2 62 2
1 234 1 63 2
1 234 2 63 5
1 234 1 64 2
1 234 2 64 2
1 234 2 65 5
1 234 1 66 2
1 234 2 66 5
1 234 2 67 5
1 234 2 68 6
1 234 1 69 2
1 234 2 69 5
1 234 2 70 3
1 234 2 72 1
1 234 2 75 1
1 233 3 10 4
1 233 3 11 15
1 233 3 12 20
1 233 3 13 9
1 233 3 14 7
1 233 3 15 1
1 233 1 51 2
1 233 2 54 1
1 233 2 55 1
1 233 1 57 2
1 233 1 58 3
1 233 2 58 1
1 233 1 59 3
1 233 2 59 1
1 233 1 60 2
1 233 2 60 3
1 233 1 61 3
1 233 2 61 1
1 233 1 62 2
1 233 2 62 5
1 233 2 63 1
1 233 1 64 1
1 233 1 65 1
1 233 2 65 3
1 233 2 66 4
1 233 2 68 1
1 233 2 74 1
1 232 3 10 5
1 232 3 11 23
1 232 3 12 43
1 232 3 13 21
1 232 3 14 12
1 232 3 15 3
1 232 3 17 1
1 232 1 60 1
1 232 2 64 1
1 231 3 10 1
1 231 3 11 2
1 230 3 10 4
1 230 3 11 20
1 230 3 12 20
1 230 3 13 17
1 230 3 14 12
1 230 3 15 5
1 230 3 16 2
1 230 3 17 2
1 230 3 18 3
1 230 1 23 1
1 230 2 27 1
1 230 1 29 1
1 230 1 48 2
1 230 2 48 1
1 230 1 49 4
1 230 1 50 2
1 230 1 51 5
1 230 2 51 1
1 230 1 52 2
1 230 2 52 2
1 230 1 53 2
1 230 2 53 1
1 230 1 54 3
1 230 2 54 3
1 230 1 55 2
1 230 2 55 4
1 230 2 56 5
1 230 2 58 4
1 230 1 61 1
1 230 2 61 1
1 230 2 64 1
1 229 3 10 4
1 229 3 11 10
1 229 3 12 21
1 229 3 13 10
1 229 3 14 12
1 229 3 15 3
1 229 3 16 2
1 229 2 18 1
1 229 2 30 1
1 229 1 49 1
1 229 2 50 1
1 229 2 52 1
1 229 1 53 1
1 229 2 53 2
1 229 1 54 1
1 229 2 54 2
1 229 1 56 1
1 229 1 57 1
1 229 2 57 2
1 229 2 58 4
1 229 1 59 2
1 229 2 59 3
1 229 2 60 2
1 229 1 61 1
1 229 2 61 6
1 229 2 62 1
1 229 1 63 1
1 229 2 63 4
1 229 2 64 2
1 229 1 65 1
1 229 2 65 6
1 229 2 66 1
1 229 2 67 6
1 229 2 68 3
1 229 2 69 2
1 229 2 72 1
1 229 2 73 1
1 229 2 74 2
1 229 2 78 1
1 228 3 11 21
1 228 3 12 40
1 228 3 13 55
1 228 3 14 45
1 228 3 15 23
1 228 3 16 11
1 228 3 17 3
1 228 3 18 1
1 228 1 22 1
1 228 2 25 1
1 228 2 26 1
1 228 1 29 1
1 228 2 29 2
1 228 1 45 1
1 228 1 50 2
1 228 1 52 2
1 228 2 53 2
1 228 1 55 1
1 228 2 55 1
1 228 2 56 1
1 228 1 57 1
1 228 2 59 1
1 228 1 60 1
1 228 2 60 1
1 228 2 61 1
1 228 2 62 1
1 228 2 63 1
1 228 2 64 3
1 228 2 65 1
1 228 2 71 1
1 227 3 9 1
1 227 3 10 2
1 227 3 11 15
1 227 3 12 18
1 227 3 13 20
1 227 3 14 15
1 227 3 15 5
1 227 3 16 1
1 227 3 17 1
1 227 3 19 1
1 227 3 21 1
1 227 1 33 1
1 227 1 52 1
1 227 1 54 1
1 227 2 55 1
1 227 1 57 1
1 227 2 57 1
1 227 2 58 2
1 227 1 62 1
1 227 2 62 2
1 227 2 63 1
1 227 2 65 1
1 227 2 74 1
1 226 3 11 1
1 226 3 12 9
1 226 3 13 5
1 226 3 14 7
1 226 3 16 2
1 226 2 54 1
1 226 1 57 1
1 226 1 60 1
1 226 1 62 1
1 226 2 66 1
1 226 2 73 1
1 226 2 78 1
1 225 3 7 1
1 225 3 8 3
1 225 3 9 1
1 225 3 10 4
1 225 3 11 30
1 225 3 12 46
1 225 3 13 53
1 225 3 14 33
1 225 3 15 15
1 225 3 16 7
1 225 3 17 2
1 225 3 18 2
1 225 1 28 1
1 225 1 70 1
1 224 3 9 1
1 224 3 10 9
1 224 3 11 28
1 224 3 12 69
1 224 3 13 40
1 224 3 14 26
1 224 3 15 4
1 224 3 16 1
1 223 3 9 1
1 223 3 10 2
1 223 3 11 6
1 223 3 12 23
1 223 3 13 22
1 223 3 14 12
1 223 3 15 4
1 223 3 16 2
1 223 1 37 1
1 223 1 54 2
1 223 2 55 1
1 223 1 56 2
1 223 2 56 2
1 223 1 57 2
1 223 2 57 5
1 223 1 58 3
1 223 2 58 5
1 223 1 59 4
1 223 2 59 6
1 223 1 60 1
1 223 2 60 3
1 223 1 61 1
1 223 2 61 1
1 223 1 62 1
1 223 2 62 4
1 223 1 63 1
1 223 2 63 5
1 223 2 64 4
1 223 1 65 1
1 223 2 65 2
1 223 1 66 1
1 223 2 66 1
1 223 1 67 1
1 223 2 67 5
1 223 1 68 1
1 223 2 68 4
1 223 2 71 2
1 223 2 75 1
1 222 3 10 2
1 222 3 11 10
1 222 3 12 27
1 222 3 13 20
1 222 3 14 35
1 222 3 15 11
1 222 3 16 3
1 222 2 18 1
1 222 3 18 1
1 222 2 23 1
1 222 1 26 3
1 222 2 27 1
1 222 1 30 1
1 222 1 31 1
1 222 1 35 2
1 222 1 45 1
1 222 1 46 2
1 222 2 46 1
1 222 1 48 3
1 222 1 49 4
1 222 2 49 1
1 222 1 50 8
1 222 2 50 2
1 222 1 51 8
1 222 2 51 1
1 222 1 52 6
1 222 2 52 5
1 222 1 53 6
1 222 2 53 3
1 222 1 54 4
1 222 2 54 8
1 222 1 55 5
1 222 2 55 9
1 222 1 56 5
1 222 2 56 9
1 222 1 57 2
1 222 2 57 2
1 222 1 58 4
1 222 2 58 10
1 222 1 59 2
1 222 2 59 3
1 222 2 60 5
1 222 1 61 1
1 222 2 61 4
1 222 2 62 3
1 222 2 63 1
1 222 1 64 1
1 222 2 64 1
1 222 2 65 1
1 222 1 66 1
1 222 2 66 1
1 222 2 67 1
1 222 2 68 2
1 222 2 69 1
1 222 2 71 1
1 221 3 11 1
1 221 3 12 7
1 221 3 13 4
1 221 3 14 12
1 221 3 15 6
1 221 3 16 1
1 221 3 17 1
1 221 3 18 2
1 221 1 24 1
1 221 1 45 1
1 221 2 46 1
1 221 1 47 4
1 221 1 48 3
1 221 2 48 1
1 221 1 49 13
1 221 2 49 7
1 221 1 50 8
1 221 2 50 8
1 221 1 51 13
1 221 2 51 6
1 221 1 52 5
1 221 2 52 16
1 221 1 53 7
1 221 2 53 11
1 221 1 54 1
1 221 2 54 18
1 221 1 55 2
1 221 2 55 6
1 221 1 56 2
1 221 2 56 7
1 221 2 57 2
1 221 2 58 3
1 221 2 59 1
1 221 2 60 1
1 221 1 62 1
1 221 1 66 1
1 221 2 70 1
1 221 2 81 1
1 220 3 10 1
1 220 3 11 2
1 220 3 12 3
1 220 3 13 5
1 220 3 14 2
1 220 3 15 9
1 220 3 16 5
1 220 3 17 4
1 220 3 18 3
1 220 1 19 1
1 220 3 19 1
1 220 1 22 1
1 220 1 27 1
1 220 1 41 1
1 220 1 42 2
1 220 2 42 1
1 220 1 43 5
1 220 2 43 1
1 220 1 44 8
1 220 2 44 2
1 220 1 45 7
1 220 2 45 2
1 220 1 46 15
1 220 2 46 4
1 220 1 47 9
1 220 2 47 4
1 220 1 48 10
1 220 1 49 8
1 220 2 49 2
1 220 1 50 12
1 220 2 50 5
1 220 1 51 8
1 220 2 51 7
1 220 1 52 10
1 220 2 52 8
1 220 1 53 3
1 220 2 53 1
1 220 1 54 3
1 220 2 54 8
1 220 2 55 1
1 220 2 56 3
1 220 1 58 3
1 220 2 58 1
1 220 2 59 1
1 219 2 39 1
1 219 1 40 3
1 219 2 40 1
1 219 2 41 1
1 219 1 42 5
1 219 2 42 2
1 219 1 43 5
1 219 2 43 1
1 219 1 44 3
1 219 2 44 4
1 219 1 45 5
1 219 2 45 2
1 219 1 46 9
1 219 2 46 5
1 219 1 47 7
1 219 2 47 7
1 219 1 48 17
1 219 2 48 7
1 219 1 49 5
1 219 2 49 9
1 219 1 50 20
1 219 2 50 5
1 219 1 51 5
1 219 2 51 6
1 219 1 52 9
1 219 2 52 4
1 219 1 53 2
1 219 2 53 3
1 219 1 54 5
1 219 2 55 1
1 219 2 56 1
1 219 2 57 1
1 219 2 59 1
1 218 3 12 4
1 218 3 13 3
1 218 3 14 2
1 218 3 15 1
1 218 3 16 2
1 218 1 17 1
1 218 3 17 1
1 218 3 18 1
1 218 2 22 1
1 218 2 23 1
1 218 1 25 3
1 218 1 26 3
1 218 1 27 1
1 218 2 27 1
1 218 1 28 1
1 218 2 28 1
1 218 1 31 1
1 218 2 39 1
1 218 1 42 2
1 218 2 42 1
1 218 1 44 3
1 218 1 45 1
1 218 2 45 1
1 218 1 46 3
1 218 2 46 1
1 218 1 47 6
1 218 2 47 1
1 218 1 48 13
1 218 2 48 5
1 218 1 49 10
1 218 2 49 4
1 218 1 50 24
1 218 2 50 9
1 218 1 51 8
1 218 2 51 5
1 218 1 52 17
1 218 2 52 9
1 218 1 53 7
1 218 2 53 12
1 218 1 54 9
1 218 2 54 12
1 218 1 55 2
1 218 2 55 2
1 218 2 56 9
1 218 1 57 3
1 218 2 57 3
1 218 1 58 1
1 218 2 58 2
1 218 2 60 1
1 218 2 61 1
1 218 2 64 1
1 217 3 11 2
1 217 3 12 4
1 217 3 13 11
1 217 3 14 13
1 217 3 15 15
1 217 3 16 7
1 217 1 17 1
1 217 2 17 2
1 217 3 17 3
1 217 3 18 2
1 217 2 19 2
1 217 3 19 1
1 217 1 20 1
1 217 1 24 1
1 217 1 25 4
1 217 2 25 3
1 217 2 26 1
1 217 1 27 1
1 217 2 27 5
1 217 1 28 5
1 217 2 28 3
1 217 1 29 1
1 217 2 29 2
1 217 2 31 1
1 217 2 32 1
1 217 1 33 1
1 217 2 40 1
1 217 1 42 2
1 217 2 42 1
1 217 1 43 3
1 217 2 43 1
1 217 1 44 1
1 217 1 45 1
1 217 2 45 2
1 217 1 46 6
1 217 2 47 1
1 217 1 48 8
1 217 2 48 3
1 217 1 49 7
1 217 2 49 5
1 217 1 50 6
1 217 2 50 6
1 217 1 51 10
1 217 2 51 8
1 217 1 52 9
1 217 2 52 9
1 217 1 53 3
1 217 2 53 5
1 217 1 54 6
1 217 2 54 6
1 217 1 55 1
1 217 2 55 5
1 217 1 56 3
1 217 2 56 3
1 217 1 57 2
1 217 2 57 3
1 217 1 58 2
1 217 2 58 1
1 217 2 59 2
1 217 1 60 1
1 217 2 60 2
1 217 2 62 1
1 217 2 64 1
1 216 1 24 1
1 216 2 29 1
1 216 1 34 1
1 216 2 36 2
1 216 1 38 2
1 216 2 38 1
1 216 1 40 2
1 216 1 41 3
1 216 2 41 2
1 216 1 42 11
1 216 2 42 2
1 216 1 43 6
1 216 2 43 3
1 216 1 44 4
1 216 2 44 3
1 216 1 45 4
1 216 2 45 2
1 216 1 46 10
1 216 2 46 5
1 216 1 47 4
1 216 2 47 5
1 216 1 48 9
1 216 2 48 3
1 216 1 49 4
1 216 2 49 2
1 216 1 50 5
1 216 2 50 7
1 216 1 51 5
1 216 1 52 4
1 216 2 52 7
1 216 1 53 2
1 216 2 53 3
1 216 1 54 2
1 216 2 54 4
1 216 1 55 2
1 216 2 55 1
1 216 1 56 1
1 216 2 56 1
1 216 2 60 1
1 215 3 13 2
1 215 1 28 1
1 215 1 40 2
1 215 2 40 1
1 215 1 41 5
1 215 1 42 6
1 215 1 43 7
1 215 2 43 6
1 215 1 44 7
1 215 2 44 2
1 215 1 45 11
1 215 2 45 7
1 215 1 46 11
1 215 2 46 6
1 215 1 47 13
1 215 2 47 7
1 215 1 48 8
1 215 2 48 6
1 215 1 49 5
1 215 2 49 8
1 215 1 50 6
1 215 2 50 2
1 215 1 51 10
1 215 2 51 4
1 215 1 52 3
1 215 2 52 2
1 215 1 53 3
1 215 2 53 1
1 215 1 54 2
1 215 2 54 2
1 215 1 55 1
1 215 2 55 4
1 215 2 56 2
1 215 1 58 1
1 215 1 59 1
1 215 2 60 1
1 74 2 16 1
1 74 1 45 1
1 73 1 60 1
1 72 2 16 1
1 72 2 48 1
1 72 2 55 1
1 72 2 66 1
1 71 1 32 1
1 71 2 50 1
1 70 3 13 2
1 70 3 14 2
1 70 1 16 2
1 70 2 16 2
1 70 2 49 1
1 70 2 51 3
1 70 1 52 1
1 70 2 53 1
1 70 2 54 1
1 70 2 56 1
1 70 1 57 1
1 70 2 57 1
1 70 2 58 1
1 69 1 38 1
1 69 2 39 1
1 69 1 40 1
1 69 1 41 1
1 69 2 41 3
1 69 1 42 2
1 69 2 42 2
1 69 1 43 4
1 69 2 43 1
1 69 1 44 6
1 69 1 45 10
1 69 2 45 1
1 69 1 46 2
1 69 2 46 2
1 69 1 47 8
1 69 2 47 11
1 69 1 48 7
1 69 2 48 1
1 69 1 49 9
1 69 2 49 8
1 69 1 50 3
1 69 2 50 7
1 69 1 51 6
1 69 2 51 7
1 69 1 52 1
1 69 2 52 5
1 69 1 53 4
1 69 2 53 6
1 69 1 54 2
1 69 2 54 1
1 69 2 55 2
1 69 2 56 2
1 69 1 57 1
1 69 2 57 1
1 69 2 58 1
1 68 3 12 1
1 68 3 13 3
1 68 3 14 7
1 68 3 15 1
1 68 3 16 1
1 68 1 17 1
1 68 2 17 1
1 68 1 34 1
1 68 1 35 1
1 68 2 38 1
1 68 1 40 1
1 68 1 41 2
1 68 2 41 1
1 68 1 42 5
1 68 2 42 2
1 68 1 43 2
1 68 2 43 2
1 68 1 44 6
1 68 2 44 4
1 68 1 45 11
1 68 2 45 4
1 68 1 46 10
1 68 2 46 1
1 68 1 47 8
1 68 2 47 8
1 68 1 48 8
1 68 2 48 5
1 68 1 49 5
1 68 1 50 5
1 68 1 51 3
1 68 2 51 1
1 68 1 52 1
1 68 2 52 3
1 68 1 53 3
1 68 2 53 2
1 68 2 54 3
1 68 2 55 2
1 68 2 56 1
1 68 2 58 1
1 68 2 60 1
1 68 2 61 1
1 68 2 62 2
1 68 1 66 1
1 67 3 10 1
1 67 3 11 6
1 67 3 12 18
1 67 3 13 26
1 67 3 14 33
1 67 3 15 20
1 67 1 16 9
1 67 2 16 2
1 67 3 16 4
1 67 1 17 2
1 67 2 20 1
1 67 2 28 1
1 67 2 29 1
1 67 1 30 1
1 67 2 30 1
1 67 1 32 2
1 67 1 34 1
1 67 2 38 1
1 67 1 42 1
1 67 1 44 5
1 67 1 46 6
1 67 2 46 2
1 67 1 48 8
1 67 2 48 3
1 67 1 50 14
1 67 2 50 6
1 67 2 51 1
1 67 1 52 9
1 67 2 52 11
1 67 1 53 1
1 67 1 54 7
1 67 2 54 6
1 67 2 55 1
1 67 1 56 2
1 67 2 56 2
1 67 1 57 1
1 67 2 58 1
1 66 3 10 2
1 66 3 11 26
1 66 3 12 15
1 66 3 13 13
1 66 3 14 3
1 66 3 15 1
1 65 3 9 10
1 65 3 10 36
1 65 3 11 33
1 65 3 12 10
1 65 3 13 3
1 65 3 14 1
1 65 3 15 1
1 64 3 9 1
1 64 3 10 12
1 64 3 11 16
1 64 3 12 8
1 64 3 13 3
1 64 3 14 1
1 64 1 16 1
1 63 3 9 4
1 63 3 10 31
1 63 3 11 10
1 63 3 12 5
1 63 3 13 1
1 63 3 14 2
1 62 3 9 5
1 62 3 10 4
1 62 3 11 5
1 62 3 12 6
1 62 3 13 3
1 62 3 16 2
1 61 3 9 1
1 61 3 10 4
1 61 3 11 1
1 61 3 12 1
1 60 3 9 1
1 60 3 10 19
1 60 3 11 14
1 60 3 12 14
1 60 3 13 2
1 59 3 9 2
1 59 3 10 28
1 59 3 11 57
1 59 3 12 24
1 59 3 13 6
1 59 3 14 3
1 59 2 71 1
1 58 3 10 5
1 58 3 11 22
1 58 3 12 33
1 58 3 13 14
1 58 3 14 5
1 58 1 55 1
1 58 2 75 1
1 57 3 8 1
1 57 3 9 2
1 57 3 10 21
1 57 3 11 42
1 57 3 12 48
1 57 3 13 25
1 57 3 14 8
1 57 3 15 2
1 57 1 16 1
1 57 1 53 1
1 57 2 55 3
1 57 2 57 1
1 57 1 61 1
1 57 2 62 2
1 57 2 65 1
1 57 2 70 1
1 57 2 71 1
1 57 2 72 1
1 56 3 9 2
1 56 3 10 5
1 56 3 11 19
1 56 3 12 39
1 56 3 13 25
1 56 3 14 9
1 56 3 15 5
1 56 3 16 1
1 56 2 17 1
1 56 2 54 2
1 56 1 57 1
1 56 2 57 1
1 56 2 59 1
1 56 2 62 1
1 56 2 63 1
1 56 2 68 1
1 56 1 69 1
1 55 3 9 5
1 55 3 10 34
1 55 3 11 88
1 55 3 12 95
1 55 3 13 72
1 55 3 14 33
1 55 3 15 12
1 55 3 16 3
1 55 1 25 1
1 55 2 56 1
1 55 2 61 1
1 55 2 62 1
1 55 2 64 2
1 55 1 74 1
1 54 3 10 17
1 54 3 11 23
1 54 3 12 51
1 54 3 13 2
1 54 3 14 2
1 54 3 16 2
1 54 1 50 1
1 54 2 55 1
1 54 1 58 1
1 54 1 61 1
1 54 2 61 1
1 54 2 64 2
1 54 2 65 1
1 54 1 66 1
1 54 2 66 1
1 54 1 67 1
1 54 2 67 1
1 54 2 70 2
1 54 2 71 1
1 54 2 79 1
1 53 3 8 2
1 53 3 9 7
1 53 3 10 28
1 53 3 11 25
1 53 3 12 41
1 53 3 13 1
1 53 3 14 3
1 53 1 66 1
1 53 2 68 1
1 52 3 10 9
1 52 3 11 6
1 52 3 13 1
1 52 1 20 1
1 52 1 61 1
1 52 2 62 1
1 52 2 67 1
1 52 2 68 2
1 52 1 70 1
1 52 2 70 1
1 52 1 71 1
1 52 2 71 2
1 52 2 73 1
1 52 2 74 1
1 52 2 75 1
1 51 3 9 5
1 51 3 10 12
1 51 3 11 73
1 51 3 12 42
1 51 3 13 20
1 51 3 14 8
1 51 3 15 7
1 51 1 52 1
1 51 2 68 1
1 51 2 70 1
1 51 2 72 1
1 51 2 73 1
1 51 2 74 1
1 50 3 9 4
1 50 3 10 20
1 50 3 11 19
1 50 3 12 17
1 50 3 13 5
1 50 3 14 1
1 50 2 61 1
1 49 3 10 12
1 49 3 11 5
1 49 3 12 19
1 49 3 13 2
1 48 3 8 2
1 48 3 9 17
1 48 3 10 53
1 48 3 11 38
1 48 3 12 10
1 48 1 57 1
1 48 1 71 1
1 47 3 10 12
1 47 3 11 6
1 47 3 12 3
1 47 1 64 2
1 47 1 65 1
1 47 1 68 1
1 47 1 70 1
1 47 1 72 1
1 47 2 72 1
1 46 3 9 2
1 46 3 10 1
1 46 3 11 4
1 46 3 12 6
1 46 3 13 4
1 45 3 7 1
1 45 3 9 2
1 45 3 10 9
1 45 3 11 13
1 45 3 12 2
1 44 3 8 1
1 44 3 9 8
1 44 3 10 25
1 44 3 11 37
1 44 3 12 17
1 44 3 13 2
1 44 3 14 1
1 44 1 66 1
1 44 2 72 1
1 44 2 74 3
1 43 3 9 2
1 43 3 10 2
1 43 3 11 18
1 43 3 12 3
1 43 3 13 1
1 42 3 10 7
1 42 3 11 11
1 42 3 12 5
1 41 3 9 1
1 41 3 10 4
1 41 3 11 16
1 41 3 12 17
1 41 3 13 6
1 41 3 14 1
1 40 3 10 1
1 40 3 11 1
1 40 3 12 3
1 40 3 13 1
1 40 3 14 1
1 39 3 9 2
1 39 3 10 3
1 39 3 11 13
1 39 3 12 19
1 39 3 13 6
1 39 3 14 1
1 39 3 15 3
1 38 3 10 3
1 38 3 11 6
1 38 3 12 19
1 38 3 13 11
1 38 3 14 14
1 38 3 15 2
1 38 3 16 2
1 37 3 10 25
1 37 3 11 29
1 37 3 12 34
1 37 3 13 2
1 37 3 14 2
1 37 2 73 1
1 36 3 10 1
1 36 3 11 4
1 36 3 12 55
1 36 3 13 23
1 36 3 14 33
1 36 3 15 2
1 35 3 10 11
1 35 3 11 9
1 35 3 12 39
1 35 3 13 2
1 35 3 15 1
1 34 3 10 7
1 34 3 11 20
1 34 3 12 36
1 34 3 13 12
1 34 3 14 3
1 34 3 15 2
1 33 3 10 7
1 33 3 11 7
1 33 3 12 43
1 33 3 14 1
1 32 3 9 3
1 32 3 10 4
1 32 3 11 2
1 32 3 13 1
1 31 3 7 1
1 31 3 10 5
1 31 3 11 10
1 31 3 12 7
1 30 3 9 1
1 30 3 10 5
1 30 3 11 10
1 30 3 12 2
1 29 3 9 1
1 29 3 10 8
1 29 3 11 13
1 29 3 12 15
1 29 3 14 1
1 29 2 67 1
1 28 1 67 1
1 27 3 15 2
1 27 2 16 1
1 27 1 57 1
1 27 2 62 1
1 27 1 64 1
1 27 2 68 1
1 27 1 73 1
1 27 2 77 1
1 26 3 13 1
1 26 3 14 1
1 26 3 15 5
1 26 3 16 5
1 26 1 17 1
1 26 2 17 1
1 26 1 18 2
1 26 3 18 1
1 26 1 19 2
1 26 1 20 1
1 26 1 21 1
1 26 1 58 1
1 26 2 73 1
1 25 3 14 1
1 25 1 59 1
1 24 3 14 1
1 24 3 15 1
1 24 2 17 1
1 24 1 21 1
1 24 2 62 1
1 23 3 15 1
1 23 1 17 1
1 23 2 17 1
1 23 1 18 1
1 23 2 18 1
1 23 1 19 1
1 23 2 62 1
1 22 3 15 1
1 22 1 17 2
1 22 1 60 1
1 22 1 66 1
1 22 1 67 1
1 22 2 67 1
1 22 2 68 1
1 22 2 69 1
1 22 2 70 1
1 22 2 73 1
1 22 2 74 2
1 21 1 63 1
1 21 1 65 2
1 21 2 65 1
1 21 2 67 2
1 21 2 69 1
1 21 1 70 1
1 21 2 71 1
1 21 2 73 1
1 21 1 74 1
1 20 3 14 1
1 20 3 16 2
1 20 1 67 1
1 20 1 68 1
1 19 1 72 1
1 18 3 12 1
1 18 3 14 2
1 18 3 15 1
1 18 2 16 2
1 18 2 19 1
1 17 3 12 1
1 17 3 13 2
1 17 3 15 2
1 17 3 16 2
1 17 3 17 1
1 16 3 14 2
1 16 3 69 1
1 16 3 70 2
1 16 3 72 2
1 16 3 74 1
1 16 3 76 1
1 15 3 12 1
1 15 3 15 1
1 15 3 16 3
1 15 1 60 2
1 15 1 61 1
1 15 1 64 1
1 15 2 65 1
1 15 1 67 1
1 15 2 74 1
1 14 1 54 1
1 14 1 55 2
1 14 1 56 1
1 14 1 57 1
1 14 1 59 1
1 14 2 59 1
1 14 1 61 2
1 14 1 63 1
1 14 2 63 3
1 14 1 64 2
1 14 2 64 4
1 14 1 65 1
1 14 2 65 1
1 14 1 66 2
1 14 2 66 4
1 14 2 67 3
1 14 1 68 1
1 14 2 68 3
1 14 1 69 1
1 14 2 69 3
1 14 2 70 3
1 14 2 71 2
1 13 1 52 2
1 13 2 55 1
1 13 1 58 1
1 13 2 64 1
1 13 2 72 1
1 12 3 15 1
1 12 1 18 1
1 12 1 32 1
1 12 2 33 1
1 12 2 34 1
1 12 1 35 2
1 12 2 35 1
1 12 1 36 1
1 12 2 36 1
1 12 2 38 1
1 12 1 42 1
1 12 1 48 1
1 12 1 50 3
1 12 1 51 2
1 12 1 52 5
1 12 2 52 1
1 12 1 53 3
1 12 1 54 4
1 12 1 55 4
1 12 2 55 1
1 12 1 56 6
1 12 2 56 1
1 12 1 57 3
1 12 1 58 6
1 12 1 59 7
1 12 2 59 2
1 12 1 60 9
1 12 2 60 2
1 12 1 61 4
1 12 2 61 3
1 12 1 62 3
1 12 2 62 4
1 12 1 63 2
1 12 2 63 3
1 12 1 64 1
1 12 2 64 2
1 12 2 65 1
1 12 1 66 1
1 12 2 67 1
1 12 2 72 1
1 11 1 30 1
1 11 1 53 1
1 11 1 54 1
1 11 2 54 1
1 11 1 55 1
1 11 1 56 1
1 11 2 56 1
1 11 1 57 1
1 11 1 58 3
1 11 2 58 4
1 11 1 59 3
1 11 2 59 1
1 11 1 60 2
1 11 2 60 1
1 11 1 61 2
1 11 2 61 2
1 11 1 62 3
1 11 2 62 1
1 11 1 63 2
1 11 2 63 3
1 11 1 64 1
1 11 2 64 1
1 11 2 65 1
1 11 1 66 2
1 11 2 66 1
1 11 2 67 1
1 10 3 12 1
1 10 2 16 1
1 10 2 18 1
1 10 1 55 1
1 10 1 57 1
1 10 1 58 3
1 10 1 59 1
1 10 1 60 3
1 10 1 61 5
1 10 2 61 1
1 10 1 62 6
1 10 2 62 1
1 10 1 63 5
1 10 2 63 2
1 10 1 64 3
1 10 2 64 2
1 10 1 65 1
1 10 2 65 7
1 10 2 66 7
1 10 1 67 1
1 10 2 67 7
1 10 1 68 1
1 10 1 69 1
1 10 2 69 1
1 10 2 70 3
1 10 2 71 2
1 10 2 72 1
1 10 2 74 1
1 9 3 14 1
1 9 3 15 3
1 9 2 17 1
1 9 1 19 1
1 9 1 59 1
1 9 2 65 1
1 9 1 68 1
1 9 2 69 1
1 8 3 13 2
1 7 3 12 2
1 7 3 15 1
1 7 2 65 1
1 7 2 74 1
1 6 3 12 2
1 5 3 12 1
1 4 3 14 1
1 4 3 15 1
1 4 2 17 1
1 4 2 18 1
1 4 2 22 1
1 4 1 29 1
1 4 1 31 1
1 4 2 47 1
1 4 1 54 1
1 4 1 55 2
1 4 2 55 1
1 4 2 56 1
1 4 1 57 1
1 4 2 57 1
1 4 1 58 1
1 4 2 59 1
1 4 2 61 1
1 4 1 62 1
1 4 2 62 2
1 4 1 63 1
1 4 2 64 2
1 4 2 66 1
1 4 2 68 1
1 4 2 69 2
1 4 2 70 1
1 4 2 72 1
1 4 1 75 1
1 3 1 55 1
1 3 2 57 1
1 3 2 66 1
1 3 1 67 2
1 3 1 68 1
1 2 1 17 1
1 2 1 52 4
1 2 2 52 1
1 2 2 53 1
1 2 1 56 2
1 2 2 56 2
1 2 1 57 2
1 2 1 58 1
1 2 2 58 2
1 2 1 60 3
1 2 2 60 4
1 2 1 61 1
1 2 1 62 3
1 2 2 62 5
1 2 1 63 1
1 2 1 64 1
1 2 2 64 6
1 2 2 65 2
1 2 1 66 1
1 2 2 66 2
1 2 2 67 2
1 2 2 68 2
1 2 2 70 1
1 2 2 71 1
1 2 2 72 3
1 2 2 75 1
1 1 3 15 1
1 1 2 25 1
1 1 2 27 1
1 1 1 32 2
1 1 1 43 1
1 1 1 48 1
1 1 2 49 1
1 1 1 50 1
1 1 1 52 1
1 1 2 52 2
1 1 1 53 1
1 1 2 53 2
1 1 1 55 3
1 1 2 55 1
1 1 1 56 6
1 1 2 56 3
1 1 1 57 4
1 1 2 57 4
1 1 1 58 3
1 1 2 58 4
1 1 1 59 2
1 1 2 59 1
1 1 1 60 6
1 1 2 60 2
1 1 1 61 2
1 1 2 61 6
1 1 1 62 4
1 1 2 62 1
1 1 1 64 1
1 1 2 64 4
1 1 1 65 1
1 1 2 65 2
1 1 2 66 3
1 1 2 68 1
1 1 2 69 5
1 1 2 70 1
1 335 3 12 2
1 335 3 13 3
1 335 3 14 2
1 335 3 15 1
1 335 3 16 1
1 335 3 18 1
1 335 2 34 1
1 335 2 42 1
1 335 1 49 1
1 335 1 50 1
1 335 1 51 1
1 335 1 52 1
1 335 1 53 2
1 335 1 54 1
1 335 1 55 1
1 335 1 56 3
1 335 1 58 2
1 335 1 59 1
1 335 1 61 2
1 335 1 62 1
1 335 1 63 1
1 335 2 63 1
1 335 1 64 1
1 335 2 68 1
1 334 3 12 2
1 334 3 13 1
1 333 3 10 3
1 333 3 11 9
1 333 3 12 5
1 333 3 13 5
1 333 3 14 3
1 332 3 13 2
1 331 3 13 1
1 331 3 15 2
1 331 2 73 1
1 331 1 75 1
1 331 2 79 1
1 331 2 82 1
1 331 2 85 1
1 330 3 12 1
1 330 3 13 1
1 330 3 14 4
1 330 3 15 1
1 330 2 16 1
1 330 1 58 1
1 330 2 65 1
1 330 1 67 1
1 330 2 74 1
1 330 1 75 1
1 330 2 77 1
1 330 2 79 1
1 329 3 13 1
1 329 3 14 4
1 329 3 15 1
1 329 3 16 2
1 328 3 12 2
1 328 3 13 7
1 328 3 14 7
1 328 3 15 7
1 328 1 16 1
1 328 2 16 1
1 328 3 16 1
1 328 2 17 1
1 328 2 49 1
1 328 1 61 1
1 328 1 62 1
1 328 2 62 1
1 328 1 69 1
1 328 2 80 1
1 327 1 52 1
1 327 1 54 1
1 327 1 55 1
1 327 2 55 1
1 327 1 57 1
1 327 1 58 2
1 327 2 58 1
1 327 1 59 2
1 327 2 59 2
1 327 1 60 2
1 327 2 60 2
1 327 1 61 1
1 327 2 61 3
1 327 1 62 7
1 327 2 62 1
1 327 1 63 2
1 327 1 64 6
1 327 2 64 2
1 327 1 65 4
1 327 2 65 4
1 327 1 66 4
1 327 2 66 2
1 327 1 67 4
1 327 2 67 6
1 327 1 68 3
1 327 2 68 8
1 327 2 69 4
1 327 1 70 1
1 327 2 70 1
1 327 2 71 4
1 327 2 72 4
1 327 2 73 5
1 327 2 74 3
1 327 2 76 2
1 326 3 13 1
1 326 3 15 1
1 326 1 18 1
1 326 1 58 1
1 326 1 60 2
1 326 2 61 2
1 326 1 62 1
1 326 1 63 2
1 326 2 63 4
1 326 1 64 3
1 326 1 65 4
1 326 2 65 5
1 326 1 66 1
1 326 2 66 4
1 326 1 67 1
1 326 2 67 3
1 326 1 68 4
1 326 2 68 3
1 326 1 69 3
1 326 2 69 2
1 326 1 70 1
1 326 2 70 3
1 326 2 72 4
1 326 2 73 4
1 326 2 74 1
1 326 2 75 1
1 326 2 78 1
1 325 3 12 1
1 325 3 13 1
1 325 1 61 1
1 325 1 64 3
1 325 2 64 2
1 325 2 65 2
1 325 1 66 1
1 325 1 67 2
1 325 2 67 2
1 325 2 68 2
1 325 2 69 1
1 325 2 70 1
1 325 1 71 1
1 325 2 71 3
1 325 1 72 1
1 325 2 72 3
1 325 2 73 3
1 325 2 74 1
1 325 2 75 3
1 325 2 76 2
1 325 2 79 1
1 325 2 80 1
1 324 3 14 1
1 324 2 61 1
1 324 2 63 1
1 324 1 64 1
1 324 2 65 1
1 324 2 66 1
1 324 2 70 1
1 324 2 72 1
1 324 2 74 1
1 324 2 75 2
1 324 2 77 1
1 324 2 78 1
1 324 2 79 2
1 324 2 80 1
1 324 2 81 1
1 323 3 7 1
1 323 3 11 1
1 323 3 15 1
1 322 3 11 1
1 322 3 14 1
1 321 3 12 2
1 321 3 13 6
1 321 3 15 2
1 321 1 59 1
1 321 1 63 1
1 321 1 66 2
1 321 2 68 1
1 321 2 71 1
1 321 2 74 1
1 321 2 77 1
1 320 3 10 1
1 320 3 11 3
1 320 3 12 5
1 320 3 13 14
1 320 3 14 1
1 320 3 15 3
1 320 2 18 1
1 320 1 57 1
1 320 2 68 1
1 320 1 69 1
1 320 2 70 1
1 319 3 11 1
1 319 3 12 1
1 319 3 13 1
1 319 3 14 1
1 319 1 16 1
1 319 1 64 1
1 319 2 64 1
1 319 1 67 1
1 319 2 67 2
1 319 2 68 2
1 319 1 77 1
1 318 3 14 2
1 318 3 15 1
1 318 1 53 2
1 318 1 56 2
1 318 1 57 1
1 318 2 57 1
1 318 1 58 1
1 318 2 58 1
1 318 1 59 1
1 318 1 60 1
1 318 2 60 1
1 318 1 61 2
1 318 2 61 1
1 318 1 62 2
1 318 2 62 1
1 318 1 63 1
1 318 1 64 1
1 318 2 64 1
1 318 1 65 1
1 318 2 65 1
1 318 1 66 1
1 318 2 66 5
1 318 1 67 2
1 318 2 67 1
1 318 1 68 2
1 318 2 68 1
1 318 2 69 4
1 318 2 70 1
1 318 2 72 1
1 318 2 73 1
1 317 3 10 1
1 317 3 14 1
1 317 1 16 1
1 317 1 56 1
1 317 2 60 1
1 317 1 61 1
1 317 1 66 1
1 317 2 66 1
1 317 2 67 1
1 317 2 68 2
1 317 2 77 1
1 316 3 12 2
1 316 3 13 1
1 316 3 14 9
1 316 1 16 1
1 316 2 16 1
1 316 2 17 1
1 316 1 50 3
1 316 1 53 1
1 316 1 54 2
1 316 1 55 4
1 316 1 56 1
1 316 1 57 1
1 316 2 57 1
1 316 1 58 4
1 316 2 58 2
1 316 1 59 2
1 316 2 59 3
1 316 1 60 5
1 316 1 61 2
1 316 2 61 4
1 316 1 62 5
1 316 2 62 5
1 316 1 63 4
1 316 2 63 1
1 316 1 64 6
1 316 2 64 2
1 316 2 65 1
1 316 1 66 2
1 316 2 66 4
1 316 1 67 2
1 316 2 67 4
1 316 1 68 1
1 316 2 68 5
1 316 2 69 3
1 316 1 70 1
1 316 2 70 2
1 316 1 71 2
1 316 2 73 2
1 315 3 12 1
1 315 3 13 5
1 315 3 14 5
1 315 1 15 1
1 315 3 15 2
1 315 1 18 1
1 315 2 53 1
1 315 1 55 1
1 315 1 56 1
1 315 1 58 2
1 315 1 59 4
1 315 1 60 1
1 315 1 61 1
1 315 2 61 1
1 315 1 62 3
1 315 2 62 2
1 315 1 63 4
1 315 2 63 5
1 315 1 64 5
1 315 2 64 7
1 315 1 65 5
1 315 2 65 6
1 315 1 66 1
1 315 2 66 9
1 315 2 67 6
1 315 2 68 5
1 315 2 69 1
1 315 1 70 1
1 315 2 70 3
1 315 2 71 1
1 315 1 72 1
1 315 2 73 4
1 315 2 74 2
1 315 2 76 2
1 314 1 30 1
1 314 1 32 1
1 314 1 48 1
1 314 2 50 1
1 314 1 51 1
1 314 1 52 2
1 314 2 52 1
1 314 1 53 2
1 314 2 53 2
1 314 1 54 7
1 314 1 55 2
1 314 1 56 6
1 314 2 57 2
1 314 1 58 4
1 314 2 58 1
1 314 1 59 4
1 314 1 60 4
1 314 2 60 1
1 314 1 61 2
1 314 2 61 4
1 314 1 62 3
1 314 2 62 4
1 314 1 63 2
1 314 2 63 4
1 314 1 64 4
1 314 2 64 4
1 314 2 65 4
1 314 1 66 4
1 314 2 66 2
1 314 2 68 1
1 314 1 69 1
1 314 2 70 1
1 314 2 71 2
1 313 3 15 1
1 313 1 17 1
1 313 2 18 1
1 313 2 27 1
1 313 2 30 1
1 313 1 45 1
1 313 1 47 2
1 313 2 48 1
1 313 1 51 2
1 313 1 53 1
1 313 1 54 2
1 313 2 55 1
1 313 1 56 2
1 313 1 57 1
1 313 1 58 1
1 313 2 58 1
1 313 1 59 2
1 313 1 60 1
1 313 1 62 3
1 313 2 63 1
1 313 2 65 1
1 313 1 66 2
1 313 2 67 1
1 313 2 68 1
1 313 2 70 1
1 312 3 13 1
1 312 3 15 2
1 312 2 28 1
1 312 1 29 2
1 312 2 30 1
1 312 2 31 1
1 312 1 34 1
1 312 1 47 1
1 312 1 49 1
1 312 1 50 1
1 312 1 51 4
1 312 1 52 2
1 312 1 53 3
1 312 2 53 1
1 312 1 54 1
1 312 2 54 2
1 312 1 55 5
1 312 2 55 1
1 312 1 56 6
1 312 1 57 4
1 312 2 57 2
1 312 1 58 3
1 312 2 58 2
1 312 1 59 5
1 312 2 59 3
1 312 1 60 6
1 312 2 60 2
1 312 1 61 2
1 312 2 61 2
1 312 1 62 3
1 312 2 62 1
1 312 1 63 1
1 312 2 63 2
1 312 1 64 3
1 312 2 64 7
1 312 1 65 3
1 312 2 65 2
1 312 2 66 5
1 312 1 67 1
1 312 2 67 1
1 312 1 68 2
1 312 2 68 1
1 312 2 69 1
1 312 2 70 1
1 312 2 71 1
1 312 2 73 1
1 312 2 82 1
1 311 3 8 1
1 311 3 15 2
1 311 2 16 1
1 311 2 18 1
1 311 1 23 1
1 311 2 24 1
1 311 2 25 1
1 311 1 26 1
1 311 2 26 2
1 311 1 27 1
1 311 2 28 3
1 311 1 29 3
1 311 2 29 1
1 311 1 30 2
1 311 1 31 3
1 311 2 31 2
1 311 1 32 2
1 311 1 33 1
1 311 2 33 2
1 311 1 34 1
1 311 2 34 3
1 311 1 36 1
1 311 1 42 1
1 311 1 44 1
1 311 1 45 1
1 311 2 45 2
1 311 1 48 2
1 311 2 48 1
1 311 2 49 1
1 311 1 50 5
1 311 2 50 1
1 311 1 51 4
1 311 2 51 1
1 311 1 52 9
1 311 2 52 3
1 311 1 53 2
1 311 2 53 3
1 311 1 54 14
1 311 2 54 1
1 311 1 55 13
1 311 2 55 4
1 311 1 56 6
1 311 2 56 3
1 311 1 57 12
1 311 2 57 3
1 311 1 58 10
1 311 2 58 2
1 311 1 59 2
1 311 2 59 2
1 311 1 60 1
1 311 2 60 2
1 311 1 61 2
1 311 2 61 4
1 311 1 62 2
1 311 2 64 2
1 311 1 65 1
1 311 2 65 1
1 311 2 69 1
1 310 3 14 1
1 310 1 21 1
1 310 1 31 1
1 310 1 34 1
1 310 1 54 1
1 310 1 58 1
1 310 2 60 1
1 310 1 61 1
1 310 1 62 1
1 310 2 63 1
1 310 1 65 1
1 310 2 65 1
1 310 2 67 1
1 310 2 74 1
1 309 3 11 1
1 309 3 12 2
1 309 3 13 1
1 309 3 14 2
1 309 3 15 1
1 309 1 57 1
1 309 1 59 1
1 309 1 69 1
1 309 1 71 1
1 309 2 71 1
1 309 2 75 1
1 308 3 10 2
1 308 3 11 4
1 308 3 12 5
1 308 3 13 1
1 308 3 15 1
1 308 2 65 1
1 308 2 66 2
1 308 1 68 1
1 308 1 70 1
1 308 2 70 1
1 308 2 71 1
1 308 2 74 1
1 307 3 10 1
1 307 3 11 3
1 307 3 12 4
1 307 3 13 2
1 307 3 14 3
1 307 3 15 2
1 307 2 16 1
1 307 2 69 1
1 307 2 76 1
1 306 3 9 5
1 306 3 10 8
1 306 3 11 6
1 306 3 12 5
1 306 3 13 3
1 306 3 14 1
1 306 1 68 1
1 306 2 75 1
1 305 3 9 2
1 305 3 10 1
1 305 3 82 1
1 304 3 11 2
1 304 3 12 1
1 304 2 76 1
1 304 2 79 1
1 303 3 7 1
1 303 3 9 9
1 303 3 10 18
1 303 3 11 11
1 303 3 12 2
1 303 3 13 4
1 302 3 10 2
1 302 3 11 1
1 301 3 8 1
1 301 3 9 7
1 301 3 10 11
1 301 3 11 17
1 301 3 12 19
1 301 3 13 2
1 301 3 14 1
1 301 3 15 3
1 301 1 16 1
1 300 3 9 3
1 300 3 10 10
1 300 3 11 30
1 300 3 12 19
1 300 3 13 17
1 300 3 14 16
1 300 3 15 5
1 300 1 16 1
1 300 2 16 1
1 300 2 65 1
1 300 2 69 1
1 300 1 70 1
1 299 3 9 1
1 299 3 10 13
1 299 3 11 11
1 299 3 12 11
1 299 3 13 7
1 299 3 14 7
1 299 3 15 2
1 299 1 64 2
1 299 2 73 1
1 298 3 9 1
1 298 3 10 4
1 298 3 11 28
1 298 3 12 36
1 298 3 13 51
1 298 3 14 27
1 298 3 15 9
1 298 1 16 1
1 298 2 16 1
1 298 3 16 1
1 298 1 17 1
1 298 2 17 1
1 298 1 64 1
1 298 2 68 1
1 297 3 8 1
1 297 3 9 1
1 297 3 10 4
1 297 3 11 4
1 297 3 12 2
1 297 3 13 4
1 297 3 14 1
1 297 3 15 1
1 297 1 71 2
1 296 3 10 2
1 296 3 11 2
1 296 3 12 1
1 296 3 14 1
1 296 3 15 1
1 296 2 16 1
1 296 2 20 1
1 296 1 28 1
1 296 1 67 1
1 296 2 67 1
1 296 1 68 1
1 295 3 10 15
1 295 3 11 21
1 295 3 12 35
1 295 3 13 76
1 295 3 14 110
1 295 3 15 25
1 295 1 16 4
1 295 2 16 3
1 295 3 16 5
1 295 1 17 3
1 295 2 17 2
1 295 1 18 1
1 295 2 18 2
1 295 2 19 2
1 295 2 24 1
1 295 2 26 1
1 295 1 27 1
1 295 1 29 1
1 295 1 53 1
1 295 1 58 1
1 295 1 59 2
1 295 2 59 1
1 295 2 60 1
1 295 2 61 1
1 295 2 62 1
1 295 2 63 1
1 295 2 64 1
1 295 2 65 2
1 295 2 66 3
1 295 1 67 1
1 295 2 67 5
1 295 2 70 1
1 295 2 71 1
1 295 2 73 1
1 294 3 13 4
1 294 3 14 1
1 294 3 15 2
1 294 2 49 1
1 294 2 50 2
1 294 2 52 2
1 294 1 54 1
1 294 2 54 1
1 294 1 56 4
1 294 2 56 2
1 294 1 57 5
1 294 2 57 4
1 294 1 58 5
1 294 2 58 4
1 294 1 59 10
1 294 2 59 3
1 294 1 60 4
1 294 2 60 6
1 294 1 61 1
1 294 2 61 8
1 294 1 62 5
1 294 2 62 7
1 294 1 63 1
1 294 2 63 9
1 294 1 64 2
1 294 2 64 3
1 294 1 65 1
1 294 2 65 3
1 294 1 66 1
1 294 2 66 1
1 294 1 67 1
1 294 2 67 2
1 294 2 68 1
1 294 2 69 1
1 294 2 70 1
1 293 2 46 1
1 293 2 47 1
1 293 1 48 3
1 293 2 49 1
1 293 1 50 2
1 293 1 51 2
1 293 1 52 3
1 293 2 52 1
1 293 1 53 5
1 293 2 53 2
1 293 1 54 4
1 293 2 54 2
1 293 1 55 2
1 293 2 55 3
1 293 1 56 8
1 293 2 56 8
1 293 1 57 5
1 293 2 57 7
1 293 1 58 8
1 293 2 58 5
1 293 1 59 6
1 293 2 59 9
1 293 1 60 3
1 293 2 60 7
1 293 1 61 2
1 293 2 61 10
1 293 2 62 4
1 293 2 63 2
1 293 1 64 1
1 293 2 64 4
1 293 1 65 1
1 293 2 67 1
1 293 1 68 1
1 292 3 8 1
1 292 1 44 2
1 292 1 45 2
1 292 1 47 3
1 292 2 47 2
1 292 1 48 4
1 292 2 48 2
1 292 1 49 1
1 292 2 49 5
1 292 1 50 8
1 292 2 50 2
1 292 1 51 7
1 292 2 51 4
1 292 1 52 8
1 292 2 52 5
1 292 1 53 10
1 292 2 53 7
1 292 1 54 5
1 292 2 54 6
1 292 1 55 3
1 292 2 55 6
1 292 1 56 6
1 292 2 56 3
1 292 1 57 5
1 292 2 57 3
1 292 1 58 2
1 292 2 58 5
1 292 1 59 3
1 292 2 59 5
1 292 1 60 1
1 292 2 60 4
1 292 1 61 2
1 292 2 61 2
1 292 1 62 1
1 292 2 62 3
1 292 2 63 1
1 292 2 64 1
1 292 2 66 1
1 292 1 67 1
1 292 2 68 1
1 292 2 69 1
1 291 3 14 2
1 291 1 44 1
1 291 1 45 1
1 291 1 46 1
1 291 1 48 2
1 291 2 48 1
1 291 1 49 1
1 291 1 50 1
1 291 2 50 1
1 291 1 51 1
1 291 2 51 2
1 291 1 52 1
1 291 2 52 1
1 291 1 53 5
1 291 2 53 3
1 291 1 54 5
1 291 2 54 6
1 291 1 55 9
1 291 2 55 7
1 291 1 56 3
1 291 2 56 6
1 291 1 57 3
1 291 2 57 10
1 291 1 58 1
1 291 2 58 5
1 291 1 59 1
1 291 2 59 9
1 291 1 60 3
1 291 2 60 2
1 291 1 61 2
1 291 2 61 6
1 291 1 62 1
1 291 2 62 3
1 291 2 63 5
1 291 2 64 1
1 291 2 65 1
1 291 2 67 2
1 290 1 43 2
1 290 2 43 1
1 290 1 44 1
1 290 1 45 3
1 290 1 46 2
1 290 2 46 1
1 290 1 47 5
1 290 1 48 2
1 290 2 48 4
1 290 1 49 2
1 290 2 49 1
1 290 1 50 5
1 290 2 50 2
1 290 1 51 10
1 290 2 51 5
1 290 1 52 12
1 290 2 52 5
1 290 1 53 11
1 290 2 53 3
1 290 1 54 5
1 290 2 54 3
1 290 1 55 9
1 290 2 55 7
1 290 1 56 7
1 290 2 56 1
1 290 1 57 3
1 290 2 57 7
1 290 1 58 5
1 290 2 58 2
1 290 1 59 1
1 290 1 60 1
1 290 2 60 3
1 290 2 61 1
1 290 2 64 2
1 214 1 35 1
1 214 1 36 1
1 214 1 40 2
1 214 1 42 2
1 214 2 42 2
1 214 1 43 2
1 214 2 43 2
1 214 1 44 6
1 214 2 44 2
1 214 1 45 15
1 214 2 45 3
1 214 1 46 7
1 214 2 46 5
1 214 1 47 12
1 214 2 47 5
1 214 1 48 13
1 214 2 48 14
1 214 1 49 5
1 214 2 49 15
1 214 1 50 5
1 214 2 50 11
1 214 1 51 5
1 214 2 51 14
1 214 1 52 9
1 214 2 52 7
1 214 1 53 2
1 214 2 53 5
1 214 1 54 3
1 214 2 54 4
1 214 2 55 3
1 214 2 56 2
1 214 1 58 1
1 214 2 58 2
1 214 2 59 1
1 214 2 61 1
1 214 2 70 1
1 213 1 42 1
1 213 1 43 1
1 213 1 45 3
1 213 2 45 1
1 213 1 46 7
1 213 2 46 2
1 213 1 47 6
1 213 2 47 4
1 213 1 48 11
1 213 2 48 7
1 213 1 49 11
1 213 2 49 2
1 213 1 50 10
1 213 2 50 5
1 213 1 51 7
1 213 1 52 6
1 213 2 52 4
1 213 1 53 5
1 213 2 53 5
1 213 1 54 6
1 213 2 54 2
1 213 1 55 1
1 213 2 55 6
1 213 2 56 1
1 213 1 57 3
1 213 2 57 2
1 213 2 59 2
1 213 1 61 1
1 213 2 64 1
1 212 3 14 1
1 212 1 45 1
1 212 1 46 1
1 212 1 50 2
1 212 2 51 1
1 212 1 53 1
1 212 2 53 1
1 212 1 54 2
1 212 2 54 3
1 212 1 55 1
1 212 2 55 1
1 212 1 56 1
1 212 1 58 1
1 211 2 50 1
1 211 2 58 1
1 210 2 52 1
1 210 1 53 1
1 210 2 55 2
1 210 1 56 2
1 210 2 57 1
1 210 1 58 1
1 210 2 58 1
1 210 1 59 1
1 210 2 59 2
1 210 2 61 1
1 210 2 62 4
1 210 1 64 1
1 210 2 66 1
1 210 2 67 1
1 209 3 12 2
1 209 3 13 3
1 209 3 14 11
1 209 3 15 3
1 209 1 16 1
1 209 2 16 1
1 209 3 16 2
1 209 1 17 1
1 209 2 17 1
1 209 1 18 1
1 209 1 26 1
1 209 2 27 2
1 209 1 28 1
1 209 1 29 4
1 209 1 30 3
1 209 2 30 2
1 209 2 31 2
1 209 1 32 1
1 209 2 32 3
1 209 1 33 2
1 209 2 35 1
1 209 1 36 1
1 209 2 40 1
1 209 1 42 1
1 209 2 42 1
1 209 1 46 1
1 209 2 47 1
1 209 1 48 4
1 209 1 54 5
1 209 1 55 2
1 209 2 55 2
1 209 2 56 4
1 209 1 57 2
1 209 1 58 3
1 209 2 58 3
1 209 1 59 4
1 209 2 59 8
1 209 1 60 1
1 209 2 60 1
1 209 1 61 2
1 209 2 61 4
1 209 1 62 1
1 209 2 62 2
1 209 1 63 1
1 209 2 63 2
1 209 1 64 1
1 209 2 64 1
1 209 1 65 2
1 209 2 65 3
1 209 1 66 1
1 209 2 66 1
1 209 2 67 2
1 209 2 68 2
1 208 3 12 1
1 208 3 13 7
1 208 3 14 8
1 208 3 15 3
1 208 2 16 1
1 208 2 17 1
1 208 1 22 1
1 208 1 23 1
1 208 1 24 2
1 208 2 24 3
1 208 1 25 1
1 208 1 26 1
1 208 2 26 4
1 208 1 27 5
1 208 2 27 2
1 208 1 28 9
1 208 2 28 4
1 208 1 29 5
1 208 2 29 5
1 208 1 30 2
1 208 2 30 5
1 208 1 31 2
1 208 2 31 4
1 208 1 32 4
1 208 2 32 2
1 208 2 33 1
1 208 1 49 1
1 208 2 51 1
1 208 1 54 1
1 208 2 55 2
1 208 1 56 2
1 208 2 57 5
1 208 1 58 2
1 208 2 58 4
1 208 1 59 4
1 208 1 60 2
1 208 2 60 1
1 208 1 61 3
1 208 2 61 5
1 208 1 62 2
1 208 2 62 4
1 208 1 63 2
1 208 2 63 1
1 208 1 64 2
1 208 2 64 5
1 208 1 66 1
1 208 2 66 1
1 208 2 67 3
1 208 1 68 1
1 208 2 72 1
1 207 3 9 1
1 207 3 10 1
1 207 3 11 1
1 207 3 12 10
1 207 3 13 7
1 207 3 14 10
1 207 3 15 4
1 207 3 16 1
1 207 1 17 1
1 207 2 18 1
1 207 2 19 1
1 207 2 24 1
1 207 2 26 3
1 207 2 32 1
1 207 2 35 1
1 207 1 52 1
1 207 1 55 1
1 207 1 57 1
1 207 1 59 1
1 207 1 60 2
1 207 1 61 1
1 207 2 62 2
1 207 2 63 3
1 207 2 64 3
1 207 1 67 1
1 207 2 67 1
1 207 2 68 2
1 207 2 70 2
1 207 2 71 1
1 206 3 9 2
1 206 3 10 8
1 206 3 11 4
1 206 3 12 3
1 206 3 14 1
1 206 3 15 2
1 206 1 16 1
1 206 3 16 1
1 206 1 64 1
1 206 2 71 1
1 206 2 72 1
1 206 2 75 1
1 206 2 83 1
1 205 3 9 4
1 205 3 10 12
1 205 3 11 17
1 205 3 12 13
1 205 3 13 18
1 205 3 14 8
1 205 3 15 3
1 205 3 16 3
1 205 2 17 1
1 204 3 9 4
1 204 3 10 13
1 204 3 11 16
1 204 3 12 18
1 204 3 13 6
1 204 3 14 3
1 203 3 9 11
1 203 3 10 22
1 203 3 11 35
1 203 3 12 36
1 203 3 13 30
1 203 3 14 17
1 203 3 15 9
1 203 1 16 2
1 203 2 16 1
1 203 2 21 1
1 203 1 26 1
1 203 2 28 1
1 203 1 64 1
1 203 1 68 1
1 203 1 76 1
1 202 3 10 9
1 202 3 11 9
1 202 3 12 6
1 202 3 13 4
1 202 2 76 1
1 201 1 70 1
1 200 3 9 6
1 200 3 10 19
1 200 3 11 15
1 200 3 12 5
1 200 3 13 1
1 200 3 14 1
1 200 3 15 5
1 200 2 69 1
1 200 2 70 1
1 199 3 9 1
1 199 3 10 8
1 199 3 11 18
1 199 3 12 21
1 199 3 13 15
1 199 3 14 2
1 199 3 15 2
1 199 2 57 1
1 199 1 60 1
1 199 2 61 1
1 199 1 64 1
1 199 2 65 1
1 199 2 66 1
1 199 2 67 2
1 199 2 68 1
1 199 2 69 2
1 199 2 72 1
1 199 2 74 1
1 198 3 9 4
1 198 3 10 7
1 198 3 11 20
1 198 3 12 22
1 198 3 13 20
1 198 3 14 8
1 198 3 15 7
1 198 2 59 1
1 198 2 61 1
1 198 1 65 1
1 197 3 9 3
1 197 3 10 11
1 197 3 11 41
1 197 3 12 41
1 197 3 13 26
1 197 3 14 14
1 197 3 15 13
1 197 2 16 2
1 197 3 16 1
1 197 1 21 1
1 197 2 31 1
1 197 1 53 1
1 197 1 55 1
1 197 1 58 2
1 197 1 59 1
1 197 1 62 1
1 197 1 63 1
1 197 1 64 1
1 197 2 65 1
1 197 2 66 1
1 197 2 67 2
1 197 2 68 2
1 197 2 69 1
1 196 3 12 4
1 196 3 13 1
1 196 3 14 1
1 196 3 15 2
1 196 1 27 1
1 196 2 29 1
1 196 2 52 1
1 196 1 53 1
1 196 1 54 2
1 196 1 55 4
1 196 2 55 1
1 196 1 56 3
1 196 2 56 1
1 196 1 57 2
1 196 1 58 3
1 196 2 58 1
1 196 1 59 2
1 196 2 59 1
1 196 1 60 1
1 196 2 60 3
1 196 1 61 1
1 196 2 61 4
1 196 1 62 2
1 196 2 62 1
1 196 1 63 2
1 196 2 63 2
1 196 2 64 5
1 196 1 65 1
1 196 2 65 4
1 196 2 66 3
1 196 2 67 3
1 196 2 68 1
1 196 2 69 1
1 196 2 72 1
1 196 2 73 1
1 195 3 9 1
1 195 3 10 7
1 195 3 11 11
1 195 3 12 12
1 195 3 13 21
1 195 3 14 17
1 195 3 15 18
1 195 1 16 6
1 195 2 16 1
1 195 3 16 3
1 195 1 17 2
1 195 1 18 1
1 195 2 18 1
1 195 1 19 1
1 195 1 21 1
1 195 2 25 1
1 195 2 51 1
1 195 2 53 1
1 195 1 54 1
1 195 2 54 2
1 195 1 55 4
1 195 1 56 3
1 195 2 56 1
1 195 1 57 2
1 195 2 57 1
1 195 1 58 1
1 195 2 58 6
1 195 1 59 3
1 195 2 59 4
1 195 1 60 1
1 195 2 60 3
1 195 2 61 2
1 195 2 62 2
1 195 1 63 1
1 195 2 63 1
1 195 2 64 1
1 195 2 65 3
1 195 2 66 2
1 195 2 72 1
1 194 3 11 1
1 194 3 14 1
1 194 3 15 2
1 194 1 27 1
1 194 1 29 2
1 194 2 29 1
1 194 1 32 1
1 194 1 42 1
1 194 1 43 1
1 194 2 43 1
1 194 1 45 2
1 194 2 45 1
1 194 1 46 1
1 194 2 46 1
1 194 1 47 2
1 194 1 48 5
1 194 1 49 6
1 194 2 49 1
1 194 1 50 12
1 194 2 50 2
1 194 1 51 9
1 194 2 51 2
1 194 1 52 12
1 194 2 52 3
1 194 1 53 4
1 194 2 53 4
1 194 1 54 16
1 194 2 54 10
1 194 1 55 11
1 194 2 55 4
1 194 1 56 5
1 194 2 56 5
1 194 1 57 5
1 194 2 57 7
1 194 1 58 2
1 194 2 58 7
1 194 2 59 2
1 194 1 60 1
1 194 2 60 1
1 194 2 61 1
1 194 2 64 1
1 194 2 69 1
1 193 3 14 2
1 193 3 15 6
1 193 2 16 1
1 193 1 55 1
1 193 2 64 1
1 192 2 25 1
1 192 1 44 1
1 192 1 45 1
1 192 1 46 1
1 192 2 46 2
1 192 1 47 5
1 192 2 47 2
1 192 1 48 5
1 192 2 48 1
1 192 1 49 9
1 192 2 49 2
1 192 1 50 4
1 192 2 50 1
1 192 1 51 8
1 192 2 51 6
1 192 1 52 16
1 192 2 52 9
1 192 1 53 9
1 192 2 53 11
1 192 1 54 8
1 192 2 54 8
1 192 1 55 5
1 192 2 55 12
1 192 1 56 3
1 192 2 56 7
1 192 1 57 3
1 192 2 57 3
1 192 2 58 2
1 192 2 59 1
1 192 2 61 1
1 191 3 11 1
1 191 3 12 1
1 191 3 13 1
1 191 3 14 2
1 191 3 15 3
1 191 1 27 1
1 191 2 27 1
1 191 1 41 1
1 191 1 48 1
1 191 1 51 1
1 191 1 52 1
1 191 2 52 2
1 191 1 53 4
1 191 2 53 1
1 191 1 54 1
1 191 2 54 2
1 191 1 55 1
1 191 2 55 2
1 191 1 56 3
1 191 2 56 3
1 191 1 57 2
1 191 2 57 5
1 191 1 58 1
1 191 2 58 1
1 191 2 59 2
1 191 2 60 1
1 191 1 61 1
1 190 3 10 5
1 190 3 11 7
1 190 3 12 10
1 190 3 13 8
1 190 3 14 9
1 190 3 15 2
1 190 1 16 1
1 190 2 17 1
1 190 1 22 1
1 190 2 28 3
1 190 1 29 1
1 190 1 47 1
1 190 2 47 1
1 190 1 49 1
1 190 1 50 1
1 190 2 51 1
1 190 1 52 2
1 190 1 53 2
1 190 1 54 3
1 190 2 54 2
1 190 1 55 1
1 190 2 55 1
1 190 1 56 5
1 190 2 56 1
1 190 1 57 5
1 190 2 57 1
1 190 1 58 4
1 190 2 58 2
1 190 1 59 3
1 190 2 59 4
1 190 1 60 2
1 190 2 60 4
1 190 1 61 1
1 190 2 61 2
1 190 1 62 4
1 190 2 62 2
1 190 2 63 6
1 190 2 64 7
1 190 2 65 1
1 190 2 66 2
1 190 2 67 1
1 190 1 68 1
1 190 2 68 1
1 190 2 69 1
1 190 2 70 1
1 189 3 12 1
1 189 3 13 1
1 189 2 63 1
1 188 3 8 1
1 188 3 9 5
1 188 3 10 63
1 188 3 11 81
1 188 3 12 53
1 188 3 13 26
1 188 3 14 4
1 188 3 16 1
1 188 2 53 1
1 188 2 56 1
1 188 2 58 1
1 188 1 63 1
1 188 2 65 1
1 188 2 73 1
1 187 3 9 1
1 187 3 10 8
1 187 3 11 8
1 187 3 12 9
1 187 3 13 6
1 187 3 14 10
1 187 3 15 3
1 187 2 28 1
1 187 1 59 1
1 187 2 63 1
1 187 2 64 1
1 187 2 66 1
1 187 2 68 1
1 186 3 9 2
1 186 3 10 6
1 186 3 11 14
1 186 3 12 18
1 186 3 13 5
1 186 3 14 6
1 186 3 15 1
1 186 2 26 1
1 186 2 60 1
1 186 1 62 2
1 186 2 62 1
1 186 2 66 1
1 186 1 67 1
1 186 2 67 1
1 186 2 69 5
1 186 2 72 1
1 185 3 9 5
1 185 3 10 43
1 185 3 11 66
1 185 3 12 81
1 185 3 13 27
1 185 3 14 5
1 185 1 16 1
1 185 2 16 1
1 185 2 49 1
1 185 2 52 1
1 185 2 58 1
1 185 1 59 1
1 185 1 61 2
1 185 2 62 1
1 185 2 64 1
1 185 2 77 1
1 184 3 9 1
1 184 3 10 5
1 184 3 11 3
1 184 3 12 3
1 184 3 13 1
1 184 3 14 1
1 184 1 53 2
1 184 1 55 2
1 184 2 55 1
1 184 1 56 1
1 184 2 56 2
1 184 2 57 2
1 184 1 58 1
1 184 2 58 2
1 184 1 59 4
1 184 2 59 2
1 184 1 60 3
1 184 2 60 4
1 184 1 61 1
1 184 2 61 1
1 184 1 62 1
1 184 2 62 2
1 184 1 63 1
1 184 2 63 4
1 184 2 64 1
1 184 2 65 2
1 184 2 66 1
1 184 2 71 1
1 183 3 10 1
1 183 3 11 1
1 183 3 13 1
1 183 1 36 1
1 183 1 50 3
1 183 1 51 4
1 183 1 52 4
1 183 2 52 1
1 183 1 53 6
1 183 2 53 2
1 183 1 54 13
1 183 2 54 2
1 183 1 55 7
1 183 2 55 8
1 183 1 56 5
1 183 2 56 1
1 183 1 57 7
1 183 2 57 6
1 183 1 58 3
1 183 2 58 5
1 183 1 59 7
1 183 2 59 7
1 183 1 60 2
1 183 2 60 9
1 183 1 61 3
1 183 2 61 5
1 183 1 62 1
1 183 2 62 4
1 183 2 63 4
1 183 1 64 1
1 183 2 64 3
1 183 2 65 1
1 183 2 66 1
1 183 1 70 1
1 182 3 10 1
1 182 1 40 1
1 182 1 42 3
1 182 1 43 1
1 182 1 44 3
1 182 2 44 1
1 182 1 45 8
1 182 2 45 2
1 182 1 46 7
1 182 2 46 2
1 182 1 47 6
1 182 2 47 2
1 182 1 48 10
1 182 2 48 3
1 182 1 49 10
1 182 1 50 14
1 182 2 50 2
1 182 1 51 12
1 182 1 52 19
1 182 2 52 1
1 182 1 53 11
1 182 2 53 3
1 182 1 54 11
1 182 2 54 2
1 182 1 55 11
1 182 2 55 3
1 182 1 56 5
1 182 2 56 1
1 182 1 57 7
1 182 2 57 1
1 182 1 58 2
1 182 2 58 2
1 182 1 59 2
1 182 1 61 2
1 182 1 62 1
1 182 1 64 1
1 181 1 39 1
1 181 1 40 1
1 181 1 41 2
1 181 1 43 4
1 181 2 43 2
1 181 1 44 6
1 181 2 44 4
1 181 1 45 6
1 181 1 46 10
1 181 2 46 5
1 181 1 47 9
1 181 2 47 6
1 181 1 48 9
1 181 2 48 3
1 181 1 49 10
1 181 2 49 6
1 181 1 50 11
1 181 2 50 7
1 181 1 51 10
1 181 2 51 6
1 181 1 52 13
1 181 2 52 4
1 181 1 53 3
1 181 2 53 6
1 181 1 54 4
1 181 2 54 1
1 181 2 55 1
1 181 1 56 2
1 181 2 56 4
1 181 2 57 2
1 181 1 58 1
1 181 1 59 2
1 181 2 59 1
1 181 2 66 1
1 180 1 42 3
1 180 1 43 6
1 180 1 44 4
1 180 2 44 2
1 180 1 45 14
1 180 2 45 1
1 180 1 46 8
1 180 2 46 8
1 180 1 47 13
1 180 2 47 11
1 180 1 48 17
1 180 2 48 8
1 180 1 49 15
1 180 2 49 10
1 180 1 50 5
1 180 2 50 7
1 180 1 51 9
1 180 2 51 4
1 180 1 52 7
1 180 2 52 8
1 180 1 53 5
1 180 2 53 2
1 180 1 54 2
1 180 2 54 5
1 180 2 55 3
1 180 1 56 1
1 180 2 56 1
1 180 1 57 3
1 180 2 58 2
1 180 2 61 1
1 180 2 62 1
1 179 3 14 1
1 179 3 15 1
1 179 1 45 2
1 179 2 45 1
1 179 1 46 5
1 179 2 46 2
1 179 1 47 4
1 179 2 47 5
1 179 1 48 4
1 179 2 48 7
1 179 1 49 14
1 179 2 49 4
1 179 1 50 10
1 179 2 50 6
1 179 1 51 5
1 179 2 51 7
1 179 1 52 5
1 179 2 52 4
1 179 1 53 3
1 179 2 53 12
1 179 1 54 3
1 179 2 54 8
1 179 1 55 2
1 179 2 55 11
1 179 1 56 2
1 179 2 56 3
1 179 2 57 2
1 179 1 58 1
1 179 2 58 3
1 179 1 59 1
1 179 2 59 1
1 179 1 60 1
1 179 2 60 1
1 179 1 63 1
1 179 2 64 1
1 178 1 43 1
1 178 1 44 2
1 178 1 45 2
1 178 1 46 2
1 178 2 46 1
1 178 2 47 1
1 178 1 48 7
1 178 2 48 1
1 178 2 49 2
1 178 1 50 6
1 178 2 50 1
1 178 1 51 2
1 178 2 51 2
1 178 1 52 3
1 178 2 52 4
1 178 2 53 5
1 178 1 54 5
1 178 2 54 9
1 178 1 55 3
1 178 2 55 7
1 178 2 56 10
1 178 1 57 1
1 178 2 57 14
1 178 2 58 8
1 178 2 59 11
1 178 2 60 6
1 178 2 61 3
1 178 2 62 3
1 178 2 63 1
1 178 2 64 1
1 177 3 12 3
1 177 1 46 1
1 177 1 47 1
1 177 1 48 2
1 177 1 49 3
1 177 2 49 1
1 177 1 50 5
1 177 1 51 4
1 177 2 51 4
1 177 1 52 6
1 177 2 52 2
1 177 1 53 10
1 177 2 53 2
1 177 1 54 10
1 177 2 54 7
1 177 1 55 6
1 177 2 55 3
1 177 1 56 6
1 177 2 56 5
1 177 1 57 2
1 177 2 57 12
1 177 1 58 2
1 177 2 58 3
1 177 2 59 6
1 177 2 60 2
1 177 1 61 2
1 177 2 61 1
1 177 2 62 1
1 177 2 63 2
1 177 1 65 1
1 177 1 66 1
1 177 2 67 1
1 176 3 13 1
1 176 1 39 1
1 176 1 40 1
1 176 1 43 3
1 176 1 45 5
1 176 1 46 7
1 176 2 46 3
1 176 1 47 5
1 176 2 47 8
1 176 1 48 10
1 176 2 48 5
1 176 1 49 17
1 176 2 49 4
1 176 1 50 18
1 176 2 50 6
1 176 1 51 28
1 176 2 51 5
1 176 1 52 8
1 176 2 52 6
1 176 1 53 13
1 176 2 53 3
1 176 1 54 4
1 176 2 54 6
1 176 1 55 4
1 176 2 55 7
1 176 1 56 2
1 176 2 56 2
1 176 1 57 1
1 176 2 58 1
1 176 2 59 1
1 176 2 60 1
1 176 1 61 1
1 176 2 63 1
1 175 3 11 2
1 175 3 12 2
1 175 3 14 1
1 175 1 48 3
1 175 1 50 3
1 175 2 50 1
1 175 1 51 8
1 175 2 51 2
1 175 1 52 11
1 175 2 52 4
1 175 1 53 3
1 175 2 53 4
1 175 1 54 7
1 175 2 54 6
1 175 1 55 13
1 175 2 55 2
1 175 1 56 8
1 175 2 56 4
1 175 1 57 7
1 175 2 57 7
1 175 1 58 4
1 175 2 58 6
1 175 1 59 4
1 175 2 59 5
1 175 1 60 1
1 175 2 60 3
1 175 1 61 3
1 175 2 61 3
1 175 1 62 1
1 175 2 62 1
1 175 2 63 4
1 175 2 64 1
1 175 2 67 1
1 175 1 68 1
1 174 3 9 1
1 174 3 11 1
1 174 3 12 1
1 174 3 13 1
1 174 1 47 1
1 174 1 48 2
1 174 1 49 2
1 174 2 49 1
1 174 1 50 5
1 174 1 51 9
1 174 2 51 1
1 174 1 52 6
1 174 2 52 1
1 174 1 53 11
1 174 2 53 6
1 174 1 54 13
1 174 2 54 6
1 174 1 55 5
1 174 2 55 4
1 174 1 56 11
1 174 2 56 4
1 174 1 57 4
1 174 2 57 3
1 174 1 58 7
1 174 2 58 4
1 174 1 59 1
1 174 2 59 5
1 174 1 60 3
1 174 2 60 7
1 174 1 61 2
1 174 2 62 1
1 174 2 63 1
1 174 2 67 1
1 173 3 11 6
1 173 3 12 1
1 173 3 13 2
1 173 1 48 1
1 173 1 50 3
1 173 1 51 7
1 173 2 51 4
1 173 1 52 4
1 173 2 52 2
1 173 1 53 4
1 173 2 53 5
1 173 1 54 10
1 173 2 54 6
1 173 1 55 5
1 173 2 55 5
1 173 1 56 5
1 173 2 56 3
1 173 1 57 4
1 173 2 57 7
1 173 1 58 6
1 173 2 58 7
1 173 2 59 6
1 173 1 60 2
1 173 2 60 3
1 173 1 61 3
1 173 2 61 3
1 173 1 62 1
1 173 2 62 1
1 173 2 65 1
1 172 3 9 1
1 172 3 10 6
1 172 3 11 3
1 172 3 12 4
1 172 3 13 1
1 172 2 62 1
1 171 3 8 1
1 171 3 9 1
1 171 3 10 2
1 171 3 11 9
1 171 3 12 10
1 171 3 13 17
1 171 3 14 5
1 171 3 15 6
1 171 1 17 1
1 171 1 45 3
1 171 1 46 1
1 171 1 47 8
1 171 1 48 6
1 171 2 48 3
1 171 1 49 13
1 171 2 49 1
1 171 1 50 7
1 171 2 50 1
1 171 1 51 22
1 171 2 51 5
1 171 1 52 5
1 171 2 52 4
1 171 1 53 11
1 171 2 53 3
1 171 1 54 2
1 171 2 54 3
1 171 1 55 14
1 171 2 55 3
1 171 1 56 2
1 171 1 57 2
1 171 2 57 2
1 171 1 58 1
1 171 1 59 1
1 171 2 59 1
1 171 2 62 1
1 170 3 12 10
1 170 3 13 12
1 170 3 14 12
1 170 3 15 8
1 170 1 16 1
1 170 2 16 4
1 170 3 16 3
1 170 2 18 1
1 170 1 44 1
1 170 1 45 2
1 170 1 46 8
1 170 2 46 1
1 170 1 47 1
1 170 2 47 5
1 170 1 48 12
1 170 2 48 3
1 170 1 49 5
1 170 1 50 11
1 170 2 50 7
1 170 1 51 13
1 170 2 51 4
1 170 1 52 13
1 170 2 52 6
1 170 1 53 1
1 170 2 53 2
1 170 1 54 9
1 170 2 54 5
1 170 1 55 2
1 170 2 55 2
1 170 1 56 5
1 170 2 56 2
1 170 1 57 2
1 170 2 57 1
1 170 1 58 2
1 170 2 58 5
1 170 2 60 1
1 170 2 61 3
1 170 1 62 1
1 170 2 70 1
1 169 3 9 1
1 169 3 10 8
1 169 3 11 22
1 169 3 12 7
1 169 3 13 1
1 168 3 13 6
1 168 3 14 2
1 168 3 15 4
1 168 2 16 1
1 168 3 16 1
1 168 2 17 1
1 168 1 19 1
1 168 2 27 1
1 168 1 42 4
1 168 2 42 2
1 168 1 43 9
1 168 2 43 2
1 168 1 44 9
1 168 2 44 1
1 168 1 45 8
1 168 2 45 1
1 168 1 46 8
1 168 2 46 7
1 168 1 47 9
1 168 2 47 3
1 168 1 48 18
1 168 2 48 12
1 168 1 49 7
1 168 2 49 1
1 168 1 50 9
1 168 2 50 5
1 168 1 51 8
1 168 1 52 6
1 168 2 52 5
1 168 1 53 4
1 168 1 54 3
1 168 2 54 5
1 168 1 55 1
1 168 2 55 3
1 168 2 59 1
1 167 3 11 1
1 167 3 12 2
1 167 3 13 1
1 167 3 14 4
1 167 3 15 2
1 167 1 16 1
1 167 2 16 3
1 167 1 17 1
1 167 1 18 1
1 167 2 18 1
1 167 1 26 1
1 167 2 34 1
1 167 1 41 1
1 167 1 42 4
1 167 1 43 2
1 167 1 44 6
1 167 2 44 2
1 167 1 45 10
1 167 2 45 1
1 167 1 46 12
1 167 2 46 2
1 167 1 47 14
1 167 2 47 3
1 167 1 48 17
1 167 2 48 4
1 167 1 49 7
1 167 2 49 1
1 167 1 50 20
1 167 2 50 10
1 167 1 51 10
1 167 2 51 1
1 167 1 52 9
1 167 2 52 4
1 167 1 53 2
1 167 1 54 1
1 167 2 54 4
1 167 1 55 2
1 167 1 56 2
1 167 2 57 1
1 166 3 12 1
1 166 3 13 6
1 166 3 14 8
1 166 3 15 4
1 166 3 16 4
1 166 3 17 1
1 166 1 26 1
1 166 1 46 1
1 166 1 47 1
1 166 1 48 2
1 166 1 49 3
1 166 2 49 5
1 166 1 50 5
1 166 2 50 3
1 166 1 51 7
1 166 2 51 4
1 166 1 52 5
1 166 2 52 5
1 166 1 53 4
1 166 2 53 5
1 166 1 54 8
1 166 2 54 11
1 166 1 55 1
1 166 2 55 5
1 166 1 56 2
1 166 2 56 9
1 166 2 57 3
1 166 1 58 1
1 166 2 58 2
1 166 2 59 3
1 166 1 60 1
1 166 2 60 3
1 166 2 62 2
1 165 1 38 1
1 165 1 40 1
1 165 1 42 1
1 165 1 43 2
1 165 2 43 2
1 165 1 44 3
1 165 1 45 1
1 165 2 45 5
1 165 1 46 3
1 165 2 46 4
1 165 1 47 4
1 165 2 47 2
1 165 1 48 7
1 165 2 48 13
1 165 1 49 6
1 165 2 49 10
1 165 1 50 3
1 165 2 50 7
1 165 1 51 5
1 165 2 51 11
1 165 1 52 3
1 165 2 52 12
1 165 1 53 6
1 165 2 53 14
1 165 1 54 5
1 165 2 54 9
1 165 1 55 2
1 165 2 55 9
1 165 2 56 5
1 165 2 57 3
1 165 2 58 2
1 165 2 59 1
1 165 2 60 1
1 165 2 62 1
1 164 3 11 1
1 164 3 12 1
1 164 3 13 2
1 164 3 14 16
1 164 3 15 13
1 164 1 16 11
1 164 2 16 15
1 164 1 17 8
1 164 2 17 3
1 164 1 18 5
1 164 2 18 3
1 164 1 19 1
1 164 2 19 3
1 164 2 20 3
1 164 2 21 1
1 164 1 24 1
1 164 1 26 3
1 164 2 26 1
1 164 1 27 1
1 164 2 27 2
1 164 1 28 2
1 164 1 30 4
1 164 2 30 1
1 164 1 31 1
1 164 2 31 1
1 164 1 41 1
1 164 1 42 2
1 164 2 42 1
1 164 1 43 1
1 164 1 44 1
1 164 2 44 3
1 164 1 45 7
1 164 2 45 1
1 164 1 46 9
1 164 2 46 5
1 164 1 47 7
1 164 2 47 3
1 164 1 48 11
1 164 2 48 5
1 164 1 49 4
1 164 2 49 2
1 164 1 50 9
1 164 2 50 4
1 164 1 51 2
1 164 2 51 1
1 164 1 52 1
1 164 2 52 2
1 164 1 53 1
1 164 2 53 2
1 164 2 54 4
1 164 2 55 1
1 164 2 56 4
1 163 3 12 2
1 163 3 13 7
1 163 3 14 6
1 163 3 15 2
1 163 1 16 1
1 163 2 18 1
1 163 2 27 1
1 163 2 28 3
1 163 2 29 2
1 163 1 30 2
1 163 2 30 1
1 163 1 31 1
1 163 1 32 1
1 163 2 34 1
1 163 1 36 1
1 163 2 36 1
1 163 2 38 1
1 163 2 41 1
1 163 2 42 2
1 163 1 45 3
1 163 2 45 2
1 163 1 47 1
1 163 2 47 2
1 163 1 48 3
1 163 2 48 1
1 163 1 49 6
1 163 2 49 2
1 163 1 50 5
1 163 2 50 2
1 163 1 51 4
1 163 2 51 2
1 163 1 52 4
1 163 2 52 2
1 163 1 53 3
1 163 2 53 1
1 163 1 54 1
1 163 2 54 7
1 163 1 55 1
1 163 2 55 3
1 163 2 56 2
1 163 1 57 1
1 163 2 57 1
1 162 3 13 1
1 162 3 14 2
1 162 3 15 2
1 162 1 16 1
1 162 1 17 1
1 162 1 25 1
1 162 1 41 1
1 162 1 42 2
1 162 1 44 2
1 162 2 44 1
1 162 1 45 4
1 162 1 46 5
1 162 2 46 1
1 162 1 47 7
1 162 2 47 2
1 162 1 48 8
1 162 2 48 1
1 162 1 49 12
1 162 2 49 3
1 162 1 50 8
1 162 2 50 4
1 162 1 51 15
1 162 2 51 7
1 162 1 52 12
1 162 2 52 4
1 162 1 53 4
1 162 2 53 6
1 162 1 54 6
1 162 2 54 2
1 162 1 55 3
1 162 2 55 3
1 162 1 56 1
1 162 2 56 3
1 162 1 57 1
1 162 2 57 1
1 162 2 58 1
1 162 1 59 1
1 162 1 60 2
1 161 3 11 1
1 161 3 14 2
1 161 1 27 1
1 161 1 28 2
1 161 2 39 1
1 161 1 44 1
1 161 2 44 1
1 161 1 45 1
1 161 1 46 1
1 161 2 46 1
1 161 1 47 4
1 161 1 48 6
1 161 1 49 6
1 161 2 49 6
1 161 1 50 7
1 161 1 51 12
1 161 2 51 5
1 161 1 52 13
1 161 2 52 6
1 161 1 53 13
1 161 2 53 8
1 161 1 54 5
1 161 2 54 2
1 161 1 55 5
1 161 2 55 5
1 161 1 56 2
1 161 2 56 2
1 161 2 57 1
1 161 1 58 1
1 161 2 58 2
1 161 2 59 4
1 161 2 60 2
1 161 2 63 1
1 160 3 11 3
1 160 3 12 10
1 160 3 13 20
1 160 3 14 16
1 160 3 15 12
1 160 1 16 3
1 160 2 16 2
1 160 2 17 2
1 160 1 18 1
1 160 1 19 1
1 160 2 19 1
1 160 2 20 1
1 160 2 21 1
1 160 1 25 2
1 160 1 27 3
1 160 2 27 1
1 160 1 28 2
1 160 2 28 2
1 160 1 29 3
1 160 2 29 4
1 160 1 30 3
1 160 2 30 2
1 160 1 31 1
1 160 2 31 1
1 160 1 32 1
1 160 2 33 1
1 160 1 47 1
1 160 2 47 1
1 160 1 48 3
1 160 2 48 1
1 160 1 49 2
1 160 1 50 5
1 160 1 51 8
1 160 2 51 3
1 160 1 52 13
1 160 2 52 2
1 160 1 53 5
1 160 2 53 5
1 160 1 54 9
1 160 2 54 7
1 160 1 55 5
1 160 2 55 7
1 160 1 56 3
1 160 2 56 6
1 160 1 57 1
1 160 2 57 4
1 160 1 58 1
1 160 2 58 1
1 160 2 59 3
1 160 2 60 4
1 160 2 65 1
1 159 3 10 8
1 159 3 11 27
1 159 3 12 59
1 159 3 13 108
1 159 3 14 58
1 159 3 15 53
1 159 3 16 11
1 159 3 17 10
1 159 3 18 3
1 159 3 24 1
1 159 1 29 1
1 159 2 47 1
1 159 1 53 1
1 159 2 55 1
1 159 1 56 3
1 159 2 57 1
1 159 1 58 1
1 159 2 58 1
1 159 1 59 1
1 159 2 59 1
1 159 2 60 1
1 159 2 61 1
1 159 1 64 1
1 159 2 64 1
1 159 1 74 1
1 158 3 10 6
1 158 3 11 20
1 158 3 12 30
1 158 3 13 21
1 158 3 14 9
1 158 3 15 12
1 158 1 16 4
1 158 2 16 3
1 158 2 18 1
1 158 1 51 1
1 158 1 52 2
1 158 1 53 1
1 158 2 53 2
1 158 1 54 2
1 158 2 54 4
1 158 1 55 2
1 158 2 55 4
1 158 1 56 3
1 158 2 56 2
1 158 1 57 4
1 158 2 57 2
1 158 2 58 3
1 158 1 59 2
1 158 2 59 2
1 158 2 60 4
1 158 2 61 2
1 158 2 62 3
1 158 2 63 1
1 158 2 64 1
1 158 2 65 1
1 157 3 9 1
1 157 3 10 7
1 157 3 11 51
1 157 3 12 57
1 157 3 13 30
1 157 3 14 8
1 157 3 15 2
1 157 1 16 1
1 157 2 18 2
1 157 1 47 1
1 157 1 53 1
1 157 2 57 1
1 157 1 61 1
1 157 1 64 1
1 157 2 64 1
1 157 2 70 1
1 156 3 10 4
1 156 3 11 12
1 156 3 12 23
1 156 3 13 11
1 156 3 14 8
1 156 3 15 5
1 156 3 16 1
1 156 1 37 1
1 156 1 53 1
1 156 1 57 1
1 156 2 59 2
1 156 2 60 1
1 156 2 63 1
1 156 2 64 1
1 156 2 70 1
1 156 2 72 1
1 155 3 10 5
1 155 3 11 24
1 155 3 12 38
1 155 3 13 27
1 155 3 14 10
1 155 3 15 9
1 155 3 16 2
1 155 1 18 1
1 155 1 24 1
1 155 1 51 1
1 155 1 52 1
1 155 2 56 1
1 155 1 57 1
1 155 2 58 1
1 155 2 59 1
1 155 2 60 1
1 155 1 62 2
1 155 2 62 1
1 155 2 63 1
1 155 1 64 1
1 155 2 64 1
1 155 2 67 1
1 155 2 71 1
1 155 2 73 1
1 154 3 9 1
1 154 3 11 16
1 154 3 12 5
1 154 3 13 20
1 154 3 14 1
1 154 3 15 7
1 154 2 17 2
1 154 1 18 1
1 154 1 27 1
1 154 1 29 1
1 154 1 39 1
1 154 1 46 1
1 154 1 47 2
1 154 2 47 1
1 154 1 48 2
1 154 2 48 1
1 154 1 49 3
1 154 1 50 5
1 154 2 50 6
1 154 1 51 3
1 154 2 51 4
1 154 1 52 5
1 154 2 52 8
1 154 1 53 2
1 154 2 53 2
1 154 1 54 2
1 154 2 54 3
1 154 1 55 1
1 154 2 55 6
1 154 1 56 1
1 154 2 56 4
1 154 1 57 2
1 154 2 58 2
1 154 1 59 2
1 154 2 59 1
1 154 2 60 1
1 154 2 63 1
1 154 2 69 1
1 153 3 11 5
1 153 3 12 14
1 153 3 13 13
1 153 3 14 13
1 153 3 15 8
1 153 1 16 1
1 153 2 16 2
1 153 3 16 3
1 153 1 17 1
1 153 2 22 1
1 153 1 25 1
1 153 2 26 2
1 153 1 28 1
1 153 1 44 1
1 153 1 47 1
1 153 1 50 3
1 153 2 50 1
1 153 1 51 1
1 153 1 52 1
1 153 2 52 1
1 153 1 53 2
1 153 2 54 1
1 153 1 56 1
1 153 1 57 1
1 153 1 58 1
1 153 2 74 1
1 152 3 11 2
1 152 3 12 10
1 152 3 13 10
1 152 3 14 20
1 152 3 15 10
1 152 1 16 6
1 152 2 16 2
1 152 1 17 3
1 152 2 17 5
1 152 1 18 1
1 152 2 18 1
1 152 1 19 2
1 152 2 19 1
1 152 1 20 2
1 152 1 48 1
1 152 1 49 1
1 152 1 50 1
1 152 1 51 2
1 152 1 52 1
1 152 2 52 1
1 152 1 53 1
1 152 1 54 3
1 152 2 54 3
1 152 2 55 1
1 152 1 56 2
1 152 2 56 1
1 152 2 57 1
1 152 1 58 1
1 152 1 59 1
1 152 2 60 2
1 152 2 61 1
1 152 2 62 1
1 152 2 63 1
1 152 1 64 1
1 152 2 66 1
1 151 3 10 1
1 151 3 11 2
1 151 3 12 17
1 151 3 13 21
1 151 3 14 10
1 151 3 15 10
1 151 2 16 1
1 151 2 17 2
1 151 1 18 1
1 151 2 18 1
1 151 2 24 1
1 151 1 26 1
1 151 1 28 2
1 151 1 42 1
1 151 1 44 1
1 151 1 45 1
1 151 2 46 1
1 151 1 47 1
1 151 1 48 1
1 151 1 49 5
1 151 2 49 1
1 151 1 50 2
1 151 1 51 6
1 151 2 51 3
1 151 1 52 1
1 151 2 52 4
1 151 1 53 6
1 151 2 53 6
1 151 1 54 6
1 151 2 54 2
1 151 1 55 4
1 151 2 55 2
1 151 1 56 4
1 151 2 56 3
1 151 1 57 1
1 151 2 57 4
1 151 1 58 2
1 151 2 58 1
1 151 1 59 1
1 151 1 60 1
1 151 2 60 2
1 151 2 61 1
1 151 2 63 1
1 150 1 40 1
1 150 1 46 1
1 150 1 48 4
1 150 1 49 7
1 150 2 49 1
1 150 1 50 10
1 150 2 50 3
1 150 1 51 2
1 150 2 51 3
1 150 1 52 11
1 150 2 52 5
1 150 1 53 3
1 150 2 53 3
1 150 1 54 6
1 150 2 54 5
1 150 1 55 3
1 150 2 55 6
1 150 1 56 4
1 150 2 56 2
1 150 1 58 2
1 150 2 58 1
1 150 2 59 2
1 150 2 60 1
1 150 2 61 1
1 150 1 62 1
1 150 1 63 1
1 150 2 66 1
1 149 3 10 1
1 149 3 12 1
1 149 1 16 1
1 149 2 16 1
1 149 1 18 1
1 149 2 28 1
1 149 1 30 1
1 149 2 31 2
1 149 2 33 1
1 149 2 36 1
1 149 1 38 1
1 149 1 40 1
1 149 2 41 1
1 149 1 42 2
1 149 2 42 1
1 149 1 43 4
1 149 2 43 1
1 149 1 44 7
1 149 1 45 7
1 149 2 45 1
1 149 1 46 10
1 149 2 46 2
1 149 1 47 6
1 149 1 48 10
1 149 2 48 4
1 149 1 49 8
1 149 2 49 2
1 149 1 50 12
1 149 2 50 2
1 149 1 51 8
1 149 2 51 2
1 149 1 52 2
1 149 2 52 4
1 149 1 53 2
1 149 2 53 2
1 149 1 54 1
1 149 2 54 4
1 149 1 55 1
1 149 1 56 2
1 149 1 57 1
1 149 2 58 2
1 149 2 59 2
1 149 2 62 1
1 148 3 13 1
1 148 3 15 1
1 148 2 31 1
1 148 1 32 1
1 148 2 32 1
1 148 2 40 1
1 148 1 42 2
1 148 2 42 1
1 148 1 43 2
1 148 2 43 1
1 148 1 44 1
1 148 1 45 4
1 148 2 45 1
1 148 1 46 6
1 148 2 46 1
1 148 1 47 5
1 148 2 47 2
1 148 1 48 2
1 148 2 48 3
1 148 1 49 8
1 148 2 49 3
1 148 1 50 9
1 148 2 50 7
1 148 1 51 3
1 148 2 51 2
1 148 1 52 7
1 148 2 52 6
1 148 1 53 5
1 148 2 53 6
1 148 2 54 2
1 148 1 55 2
1 148 2 55 2
1 148 1 56 3
1 148 2 56 1
1 148 1 57 2
1 148 1 59 1
1 148 2 59 1
1 148 1 67 1
1 148 2 67 1
1 147 1 39 1
1 147 1 41 2
1 147 1 43 3
1 147 1 44 1
1 147 1 45 3
1 147 2 45 7
1 147 1 46 14
1 147 2 46 1
1 147 1 47 11
1 147 2 47 5
1 147 1 48 16
1 147 2 48 5
1 147 1 49 9
1 147 2 49 3
1 147 1 50 8
1 147 2 50 6
1 147 1 51 5
1 147 2 51 5
1 147 1 52 5
1 147 2 52 7
1 147 1 53 5
1 147 2 53 5
1 147 1 54 2
1 147 2 54 1
1 147 1 55 1
1 147 2 55 3
1 147 1 56 1
1 147 1 57 2
1 147 2 57 2
1 147 1 58 1
1 147 2 59 2
1 147 2 60 1
1 146 2 48 1
1 146 1 50 1
1 146 1 51 1
1 146 1 52 4
1 146 2 52 7
1 146 1 53 3
1 146 2 53 2
1 146 1 54 6
1 146 2 54 5
1 146 2 55 6
1 146 1 56 4
1 146 2 56 8
1 146 1 57 3
1 146 2 57 8
1 146 1 58 3
1 146 2 58 10
1 146 1 59 2
1 146 2 59 3
1 146 1 60 1
1 146 2 60 13
1 146 1 61 2
1 146 2 61 6
1 146 2 62 6
1 146 2 63 1
1 146 2 64 3
1 146 2 65 1
1 145 1 44 2
1 145 2 46 1
1 145 1 47 3
1 145 1 48 2
1 145 2 48 2
1 145 1 49 2
1 145 2 49 5
1 145 1 50 10
1 145 2 50 8
1 145 1 51 12
1 145 2 51 2
1 145 1 52 3
1 145 2 52 14
1 145 1 53 4
1 145 2 53 10
1 145 1 54 6
1 145 2 54 7
1 145 1 55 4
1 145 2 55 7
1 145 1 56 3
1 145 2 56 4
1 145 2 57 2
1 145 2 58 1
1 145 2 59 2
1 145 2 60 1
1 145 2 65 1
1 144 2 34 1
1 144 1 44 3
1 144 1 45 3
1 144 1 46 1
1 144 1 47 1
1 144 1 48 2
1 144 2 49 1
1 144 1 50 2
1 144 1 51 1
1 144 1 52 1
1 144 1 53 3
1 144 1 54 3
1 144 2 54 1
1 144 2 56 1
1 144 2 58 1
1 144 2 59 1
1 144 2 61 1
1 143 3 13 4
1 143 2 17 1
1 142 3 12 2
1 142 3 13 10
1 142 3 14 8
1 142 1 15 9
1 142 2 15 4
1 142 1 16 2
1 142 2 16 1
1 142 2 17 2
1 141 2 37 1
1 141 1 39 1
1 141 1 40 1
1 141 1 41 3
1 141 2 41 1
1 141 1 42 3
1 141 1 43 2
1 141 1 44 6
1 141 2 44 1
1 141 1 45 8
1 141 2 45 7
1 141 2 46 2
1 141 1 47 6
1 141 2 47 1
1 141 1 48 8
1 141 2 48 3
1 141 1 49 5
1 141 2 49 4
1 141 1 50 2
1 141 2 50 3
1 141 1 51 5
1 141 2 51 8
1 141 1 52 5
1 141 2 52 5
1 141 1 53 4
1 141 2 53 5
1 141 1 54 1
1 141 2 54 1
1 141 1 55 1
1 141 2 55 2
1 141 1 57 1
1 141 1 58 1
1 140 3 13 1
1 140 1 15 1
1 140 2 37 1
1 140 1 38 1
1 140 2 38 1
1 140 1 39 1
1 140 1 40 1
1 140 1 42 2
1 140 1 43 6
1 140 2 43 2
1 140 1 44 3
1 140 2 44 1
1 140 1 45 7
1 140 2 45 5
1 140 1 46 6
1 140 1 47 6
1 140 2 47 4
1 140 1 48 6
1 140 2 48 1
1 140 1 49 6
1 140 2 49 8
1 140 1 50 4
1 140 1 51 2
1 140 2 51 2
1 140 1 52 2
1 140 2 52 2
1 140 1 53 2
1 140 2 53 1
1 140 1 54 1
1 140 2 54 1
1 140 1 57 1
1 140 1 62 1
1 140 2 62 1
1 140 1 63 1
1 139 3 11 2
1 139 3 12 2
1 139 3 13 5
1 139 3 14 2
1 139 1 15 1
1 139 2 15 2
1 139 1 16 2
1 139 2 16 1
1 139 1 17 1
1 139 2 38 1
1 139 1 40 1
1 139 1 41 2
1 139 1 42 2
1 139 2 42 1
1 139 1 43 5
1 139 2 43 2
1 139 1 44 4
1 139 2 44 1
1 139 1 45 6
1 139 2 45 3
1 139 1 46 3
1 139 2 46 3
1 139 1 47 7
1 139 2 47 4
1 139 1 48 3
1 139 2 48 2
1 139 1 49 5
1 139 2 49 3
1 139 1 50 2
1 139 2 50 2
1 139 1 51 1
1 139 2 51 2
1 139 1 52 2
1 139 2 52 2
1 139 2 53 1
1 139 2 56 3
1 139 1 57 1
1 138 3 12 2
1 138 3 13 2
1 138 3 14 7
1 138 2 15 4
1 138 1 16 1
1 138 2 16 1
1 138 2 17 3
1 138 1 24 1
1 138 1 27 1
1 138 2 28 1
1 138 1 35 1
1 138 1 38 1
1 138 1 39 2
1 138 1 40 2
1 138 2 40 1
1 138 1 41 2
1 138 2 41 1
1 138 1 42 7
1 138 2 42 3
1 138 1 43 2
1 138 2 43 2
1 138 1 44 7
1 138 2 44 3
1 138 1 45 9
1 138 2 45 6
1 138 1 46 15
1 138 2 46 4
1 138 1 47 7
1 138 2 47 2
1 138 1 48 3
1 138 1 49 9
1 138 2 49 1
1 138 1 50 9
1 138 2 50 3
1 138 1 52 2
1 138 2 52 8
1 138 1 53 1
1 138 2 53 2
1 138 1 54 1
1 137 3 11 2
1 137 3 12 5
1 137 3 13 7
1 137 3 14 9
1 137 1 15 1
1 137 2 15 1
1 137 1 16 3
1 137 2 16 2
1 137 1 19 1
1 137 2 24 1
1 137 1 40 1
1 137 2 41 1
1 137 1 43 2
1 137 1 44 2
1 137 2 44 1
1 137 1 45 6
1 137 1 46 4
1 137 2 46 1
1 137 1 47 3
1 137 1 48 7
1 137 2 48 4
1 137 1 49 2
1 137 2 49 3
1 137 1 50 4
1 137 2 50 2
1 137 1 51 1
1 137 2 51 7
1 137 1 52 2
1 137 2 52 6
1 137 1 53 1
1 137 2 53 1
1 137 2 54 4
1 137 1 60 2
1 136 3 11 1
1 136 3 12 3
1 136 3 13 5
1 136 3 14 6
1 136 1 15 1
1 136 1 16 2
1 136 2 16 1
1 136 1 17 1
1 136 2 17 1
1 136 2 19 1
1 136 1 22 1
1 136 1 34 1
1 136 2 47 1
1 136 2 50 3
1 136 1 51 1
1 136 2 51 1
1 136 1 52 2
1 136 2 52 1
1 136 1 53 3
1 136 1 54 3
1 136 2 54 2
1 136 2 55 4
1 136 1 56 3
1 136 2 56 3
1 136 2 57 3
1 136 2 58 6
1 136 1 59 1
1 136 2 59 2
1 136 1 60 1
1 136 2 60 1
1 136 1 61 1
1 136 2 61 1
1 136 2 62 1
1 136 2 64 1
1 136 2 65 1
1 135 3 12 4
1 135 3 13 1
1 135 3 14 2
1 135 1 15 5
1 135 2 15 1
1 135 1 19 1
1 135 2 25 1
1 135 2 42 1
1 135 1 44 2
1 135 2 46 3
1 135 1 47 3
1 135 1 48 1
1 135 2 48 4
1 135 1 49 4
1 135 2 49 1
1 135 1 50 1
1 135 2 50 3
1 135 1 51 1
1 135 2 51 6
1 135 1 52 1
1 135 2 52 6
1 135 2 53 6
1 135 1 54 2
1 135 2 54 4
1 135 1 55 1
1 135 2 55 4
1 135 2 56 1
1 135 2 57 2
1 135 1 58 1
1 135 2 59 1
1 135 1 63 1
1 134 3 10 7
1 134 3 11 39
1 134 3 12 54
1 134 3 13 37
1 134 3 14 15
1 134 3 15 3
1 134 3 16 2
1 134 1 45 1
1 134 1 47 2
1 134 2 48 1
1 134 2 50 1
1 134 1 51 4
1 134 2 51 2
1 134 1 52 3
1 134 2 52 3
1 134 1 53 3
1 134 2 53 3
1 134 1 54 6
1 134 2 54 10
1 134 1 55 4
1 134 2 55 5
1 134 1 56 1
1 134 2 56 7
1 134 1 57 2
1 134 2 57 2
1 134 2 58 2
1 134 1 59 1
1 134 2 59 1
1 134 2 60 3
1 134 1 61 1
1 134 2 61 1
1 134 1 62 1
1 134 2 62 3
1 134 1 63 1
1 134 2 64 3
1 134 2 65 2
1 133 3 10 4
1 133 3 11 25
1 133 3 12 28
1 133 3 13 14
1 133 3 14 4
1 133 3 15 5
1 133 1 49 1
1 133 1 51 1
1 133 1 52 1
1 133 2 52 1
1 133 1 53 1
1 133 1 56 1
1 133 1 57 1
1 133 2 57 1
1 133 1 58 2
1 133 2 58 2
1 133 1 59 1
1 133 2 59 1
1 133 1 60 1
1 133 2 60 2
1 133 2 61 2
1 133 2 62 1
1 133 2 63 2
1 133 1 64 1
1 133 2 64 3
1 133 1 66 1
1 133 2 66 1
1 133 2 67 1
1 133 2 68 1
1 133 2 69 1
1 133 2 71 3
1 133 2 75 1
1 132 3 9 2
1 132 3 10 3
1 132 3 11 5
1 132 3 12 19
1 132 3 13 7
1 132 3 14 5
1 132 3 18 1
1 131 3 11 18
1 131 3 12 26
1 131 3 13 16
1 131 3 14 4
1 131 1 15 2
1 131 1 51 1
1 131 1 61 1
1 131 2 61 1
1 131 1 69 1
1 131 2 69 1
1 131 1 70 1
1 131 2 70 1
1 131 2 75 1
1 130 3 7 1
1 130 3 9 11
1 130 3 10 78
1 130 3 11 74
1 130 3 12 23
1 130 3 13 9
1 130 3 14 1
1 130 3 15 1
1 130 1 16 1
1 130 3 16 1
1 130 2 63 1
1 129 3 9 4
1 129 3 10 13
1 129 3 11 8
1 129 3 12 6
1 128 3 9 1
1 128 3 10 9
1 128 3 11 5
1 128 3 12 11
1 128 3 13 4
1 128 3 14 1
1 128 3 16 1
1 127 3 10 1
1 127 3 11 8
1 127 3 12 15
1 127 3 13 6
1 127 3 14 4
1 127 3 15 3
1 127 2 42 1
1 127 1 54 1
1 127 1 56 1
1 127 2 56 2
1 127 2 58 2
1 127 1 60 1
1 127 2 60 1
1 127 2 61 1
1 127 1 62 1
1 127 2 62 3
1 127 1 63 1
1 127 2 63 1
1 127 2 65 1
1 127 2 66 2
1 127 2 67 1
1 127 2 68 2
1 127 2 69 2
1 127 2 70 4
1 127 2 72 1
1 127 2 74 1
1 127 2 75 1
1 126 1 42 1
1 126 1 44 2
1 126 1 45 1
1 126 2 45 2
1 126 2 46 1
1 126 1 47 7
1 126 2 47 4
1 126 1 48 7
1 126 2 48 9
1 126 1 49 5
1 126 2 49 15
1 126 1 50 3
1 126 2 50 9
1 126 1 51 1
1 126 2 51 4
1 126 1 52 2
1 126 2 52 6
1 126 1 53 2
1 126 2 53 2
1 126 2 54 3
1 126 1 55 2
1 126 2 55 1
1 126 2 58 1
1 125 2 16 1
1 125 2 19 1
1 125 1 43 1
1 125 2 48 1
1 125 1 49 1
1 125 1 50 1
1 125 2 51 1
1 125 1 52 4
1 125 2 52 2
1 125 1 53 1
1 125 2 53 3
1 125 1 54 2
1 125 2 54 4
1 125 1 55 1
1 125 2 55 2
1 125 1 56 2
1 125 2 56 4
1 125 2 57 7
1 125 1 58 2
1 125 2 58 1
1 125 2 59 3
1 125 1 60 1
1 125 2 60 4
1 125 2 61 2
1 125 1 62 1
1 125 2 62 3
1 125 1 63 1
1 125 2 63 1
1 125 1 64 3
1 125 2 64 1
1 125 2 65 3
1 125 2 66 1
1 125 2 71 1
1 124 3 11 1
1 124 3 13 2
1 124 3 14 1
1 124 2 39 1
1 124 2 51 1
1 124 1 55 3
1 124 1 56 1
1 124 1 57 3
1 124 2 57 2
1 124 1 58 4
1 124 2 58 3
1 124 1 59 3
1 124 2 59 4
1 124 1 60 4
1 124 2 60 1
1 124 1 61 2
1 124 2 61 3
1 124 1 62 5
1 124 2 62 4
1 124 1 63 4
1 124 2 63 5
1 124 1 64 2
1 124 2 64 1
1 124 1 65 2
1 124 2 65 1
1 124 1 66 4
1 124 1 67 1
1 124 2 67 1
1 124 1 68 1
1 124 2 68 2
1 124 2 73 1
1 123 1 16 1
1 123 2 17 2
1 123 1 18 1
1 123 1 46 3
1 123 2 46 1
1 123 1 47 2
1 123 2 47 2
1 123 1 48 3
1 123 2 48 6
1 123 1 49 3
1 123 2 49 2
1 123 1 50 6
1 123 2 50 8
1 123 1 51 6
1 123 2 51 7
1 123 1 52 8
1 123 2 52 9
1 123 1 53 4
1 123 2 53 3
1 123 1 54 6
1 123 2 54 12
1 123 1 55 2
1 123 2 55 4
1 123 1 56 1
1 123 2 56 5
1 123 2 57 4
1 123 2 58 2
1 123 1 59 1
1 123 2 60 1
1 122 3 12 1
1 122 3 14 2
1 122 1 15 1
1 122 1 24 1
1 122 1 26 1
1 122 1 43 4
1 122 1 44 2
1 122 1 45 3
1 122 2 45 1
1 122 1 46 3
1 122 2 46 3
1 122 1 47 6
1 122 2 47 6
1 122 1 48 12
1 122 2 48 4
1 122 1 49 9
1 122 2 49 7
1 122 1 50 3
1 122 2 50 9
1 122 1 51 7
1 122 2 51 10
1 122 1 52 1
1 122 2 52 2
1 122 1 53 3
1 122 2 53 4
1 122 1 54 1
1 122 2 54 5
1 122 2 55 3
1 122 2 56 1
1 122 2 57 1
1 122 2 59 1
1 122 1 65 1
1 121 3 11 1
1 121 3 12 2
1 121 3 13 3
1 121 3 14 2
1 121 1 15 4
1 121 2 15 1
1 121 1 16 4
1 121 1 18 1
1 121 2 18 1
1 121 1 19 1
1 121 2 19 1
1 121 1 32 1
1 121 2 41 3
1 121 1 43 2
1 121 1 44 3
1 121 1 45 4
1 121 2 45 2
1 121 1 46 3
1 121 2 46 4
1 121 1 47 2
1 121 2 47 5
1 121 1 48 7
1 121 2 48 6
1 121 1 49 14
1 121 2 49 7
1 121 1 50 5
1 121 2 50 9
1 121 1 51 7
1 121 2 51 8
1 121 1 52 2
1 121 2 52 8
1 121 1 53 1
1 121 2 53 2
1 121 2 54 1
1 121 2 55 2
1 120 3 13 3
1 120 3 14 2
1 120 2 15 2
1 120 1 16 2
1 120 2 16 2
1 120 1 17 1
1 120 2 17 1
1 120 1 18 1
1 120 1 20 1
1 120 1 22 1
1 120 1 23 2
1 120 1 24 1
1 120 2 24 1
1 120 1 25 1
1 120 2 28 1
1 120 1 37 1
1 120 2 38 1
1 120 1 39 2
1 120 1 40 1
1 120 1 41 3
1 120 2 41 2
1 120 1 43 7
1 120 2 43 1
1 120 1 44 1
1 120 2 44 4
1 120 1 45 21
1 120 2 45 12
1 120 1 46 4
1 120 2 46 6
1 120 1 47 13
1 120 2 47 6
1 120 1 48 2
1 120 2 48 9
1 120 1 49 5
1 120 2 49 5
1 120 1 50 1
1 120 2 50 5
1 120 1 51 2
1 120 2 51 5
1 120 2 52 5
1 120 2 53 1
1 120 2 54 1
1 120 2 55 1
1 119 3 12 1
1 119 3 13 6
1 119 3 14 11
1 119 1 15 7
1 119 2 15 5
1 119 1 16 9
1 119 2 16 3
1 119 1 17 9
1 119 2 17 6
1 119 1 18 5
1 119 2 18 1
1 119 1 19 2
1 119 2 19 2
1 119 1 20 3
1 119 2 20 1
1 119 1 21 1
1 119 1 22 1
1 119 1 23 1
1 119 1 24 2
1 119 1 27 1
1 119 1 30 2
1 119 2 35 1
1 119 2 38 1
1 119 1 39 1
1 119 1 41 2
1 119 1 43 1
1 119 2 43 1
1 119 1 44 1
1 119 2 45 2
1 119 1 46 3
1 119 2 46 1
1 119 1 47 3
1 119 1 48 2
1 119 2 48 2
1 119 1 49 4
1 119 2 49 3
1 119 1 50 1
1 119 2 50 3
1 119 2 51 5
1 119 1 52 2
1 119 2 52 2
1 119 2 53 2
1 119 1 54 1
1 119 2 54 2
1 119 2 56 1
1 119 1 59 1
1 119 1 60 1
1 118 3 18 1
1 117 3 12 7
1 117 3 13 8
1 117 3 14 19
1 117 1 15 5
1 117 2 15 6
1 117 1 16 5
1 117 2 16 4
1 117 1 17 1
1 117 1 18 1
1 116 3 14 2
1 116 2 16 1
1 116 2 18 1
1 116 2 19 2
1 116 2 35 1
1 116 2 39 1
1 116 2 40 1
1 116 1 41 2
1 116 1 42 3
1 116 1 43 3
1 116 2 43 3
1 116 1 44 1
1 116 2 44 1
1 116 1 45 9
1 116 2 45 1
1 116 1 46 8
1 116 2 46 4
1 116 1 47 7
1 116 2 47 10
1 116 1 48 2
1 116 2 48 2
1 116 1 49 2
1 116 2 49 5
1 116 1 50 4
1 116 1 51 1
1 116 2 51 1
1 116 1 52 2
1 116 2 52 3
1 116 2 53 1
1 116 2 54 3
1 116 2 55 2
1 116 2 56 1
1 116 1 57 1
1 116 2 57 2
1 115 3 14 2
1 115 1 15 2
1 115 2 15 1
1 115 1 16 1
1 115 2 17 1
1 115 2 34 1
1 115 2 35 1
1 115 1 36 1
1 115 2 37 1
1 115 1 40 1
1 115 1 41 3
1 115 2 41 1
1 115 1 42 2
1 115 2 42 2
1 115 1 43 3
1 115 1 44 3
1 115 2 44 6
1 115 1 45 5
1 115 2 45 4
1 115 1 46 14
1 115 2 46 8
1 115 1 47 6
1 115 2 47 2
1 115 1 48 4
1 115 1 49 2
1 115 2 49 4
1 115 1 50 2
1 115 2 50 5
1 115 1 51 1
1 115 2 51 2
1 115 1 52 1
1 115 2 52 1
1 115 2 56 1
1 114 3 12 3
1 114 3 13 3
1 114 3 14 3
1 114 1 15 1
1 114 2 16 1
1 114 1 26 1
1 114 2 34 1
1 114 1 36 1
1 114 1 38 1
1 114 2 38 1
1 114 2 39 1
1 114 1 40 3
1 114 1 41 2
1 114 1 42 10
1 114 2 42 4
1 114 1 43 2
1 114 1 44 8
1 114 2 44 6
1 114 1 45 6
1 114 2 45 1
1 114 1 46 14
1 114 2 46 11
1 114 1 47 4
1 114 2 47 3
1 114 1 48 11
1 114 2 48 11
1 114 1 49 4
1 114 2 49 2
1 114 1 50 5
1 114 2 50 8
1 114 1 51 4
1 114 1 52 1
1 114 2 52 2
1 114 1 54 1
1 113 3 12 2
1 113 3 13 3
1 113 1 15 1
1 113 1 33 1
1 113 2 33 1
1 113 1 37 2
1 113 1 38 1
1 113 1 39 3
1 113 1 40 1
1 113 1 41 3
1 113 2 41 3
1 113 1 42 5
1 113 2 42 2
1 113 1 43 14
1 113 2 43 9
1 113 1 44 5
1 113 2 44 3
1 113 1 45 8
1 113 2 45 8
1 113 1 46 4
1 113 2 46 6
1 113 1 47 10
1 113 2 47 9
1 113 1 48 5
1 113 2 48 1
1 113 1 49 8
1 113 2 49 9
1 113 1 50 4
1 113 2 50 1
1 113 1 51 3
1 113 2 51 2
1 113 1 52 1
1 113 2 52 2
1 113 2 53 2
1 113 2 59 1
1 112 3 12 1
1 112 3 13 2
1 112 3 14 3
1 112 2 16 1
1 112 2 40 3
1 112 1 41 1
1 112 2 41 3
1 112 1 42 3
1 112 2 42 2
1 112 1 43 4
1 112 2 43 3
1 112 1 44 2
1 112 2 44 4
1 112 1 45 2
1 112 2 45 4
1 112 1 46 6
1 112 2 46 1
1 112 1 47 5
1 112 2 47 4
1 112 1 48 7
1 112 2 48 3
1 112 1 49 1
1 112 2 49 5
1 112 1 50 1
1 112 2 50 5
1 112 2 51 4
1 112 1 52 2
1 112 2 53 1
1 112 1 54 1
1 112 1 57 1
1 111 3 10 1
1 111 3 11 4
1 111 3 12 7
1 111 3 13 4
1 111 3 14 3
1 111 1 15 1
1 111 3 15 2
1 111 3 16 2
1 111 1 48 1
1 111 2 52 1
1 111 1 54 2
1 111 2 55 1
1 111 2 56 1
1 111 1 57 3
1 111 1 58 7
1 111 2 58 1
1 111 1 59 2
1 111 1 60 2
1 111 2 60 2
1 111 2 61 2
1 111 1 62 1
1 111 2 62 2
1 111 1 63 2
1 111 2 63 1
1 111 1 64 2
1 111 2 64 3
1 111 1 65 1
1 111 2 65 1
1 111 1 66 1
1 111 2 66 2
1 111 1 67 1
1 111 2 68 1
1 111 1 70 1
1 111 2 70 1
1 111 2 75 1
1 110 3 11 11
1 110 3 12 18
1 110 3 13 11
1 110 3 14 4
1 110 3 16 1
1 109 3 11 2
1 109 3 12 1
1 109 3 13 12
1 109 3 14 7
1 109 1 15 1
1 109 3 15 2
1 109 1 16 1
1 109 2 17 1
1 109 2 22 1
1 109 1 45 2
1 109 2 45 1
1 109 1 47 4
1 109 2 48 3
1 109 1 49 3
1 109 2 49 9
1 109 1 50 3
1 109 2 50 1
1 109 1 51 2
1 109 2 51 6
1 109 2 52 6
1 109 1 53 2
1 109 2 53 9
1 109 2 54 4
1 109 1 55 1
1 109 2 55 8
1 109 1 56 1
1 109 2 56 5
1 109 1 57 3
1 109 2 57 3
1 109 2 58 1
1 109 2 59 2
1 109 2 61 2
1 109 2 62 1
1 109 2 63 1
1 109 2 64 1
1 109 2 65 3
1 109 2 66 1
1 108 3 12 15
1 108 3 13 16
1 108 3 14 5
1 108 1 15 2
1 108 2 15 2
1 108 3 15 2
1 108 2 19 1
1 108 2 45 1
1 108 2 52 1
1 108 1 54 1
1 108 2 54 1
1 108 1 55 1
1 108 2 56 1
1 108 1 57 1
1 108 2 57 1
1 108 2 58 1
1 108 1 59 1
1 108 1 60 2
1 108 2 60 4
1 108 1 61 2
1 108 1 62 1
1 108 2 62 2
1 108 1 63 3
1 108 2 63 3
1 108 1 64 1
1 108 2 64 2
1 108 2 65 2
1 108 2 66 4
1 108 2 67 3
1 108 1 68 1
1 108 2 68 1
1 108 1 69 1
1 108 2 72 2
1 108 2 74 2
1 108 2 81 1
1 107 3 10 1
1 107 3 11 21
1 107 3 12 18
1 107 3 13 69
1 107 3 14 11
1 107 1 15 1
1 107 3 15 15
1 107 3 16 1
1 107 3 19 1
1 107 1 43 1
1 107 1 61 1
1 107 1 63 1
1 107 2 63 2
1 107 2 64 1
1 107 1 65 1
1 107 2 66 1
1 107 2 67 2
1 107 1 68 1
1 107 2 70 3
1 106 3 11 13
1 106 3 12 66
1 106 3 13 86
1 106 3 14 46
1 106 1 15 3
1 106 2 15 3
1 106 3 15 11
1 106 1 16 2
1 106 2 16 2
1 106 3 16 2
1 106 2 18 1
1 106 1 23 1
1 106 1 61 1
1 106 2 61 1
1 106 1 63 1
1 106 2 64 1
1 106 2 66 1
1 106 2 68 2
1 106 1 69 1
1 106 2 71 2
1 106 2 73 1
1 105 3 11 1
1 105 3 12 17
1 105 3 13 10
1 105 3 14 15
1 105 3 15 1
1 105 3 16 1
1 104 3 11 2
1 104 3 12 20
1 104 3 13 32
1 104 3 14 33
1 104 1 15 3
1 104 3 15 9
1 104 2 16 1
1 104 3 16 4
1 104 3 18 1
1 104 3 19 1
1 104 1 46 1
1 104 2 46 1
1 104 1 51 1
1 104 1 52 1
1 104 2 52 3
1 104 1 53 2
1 104 2 53 3
1 104 1 54 3
1 104 2 54 4
1 104 2 55 2
1 104 1 56 1
1 104 2 56 3
1 104 2 57 4
1 104 2 58 3
1 104 1 59 4
1 104 2 59 2
1 104 2 60 1
1 104 2 61 2
1 104 1 62 1
1 104 2 63 2
1 104 2 64 2
1 104 2 67 1
1 104 2 68 1
1 103 3 12 1
1 103 3 13 2
1 103 3 14 2
1 103 1 15 1
1 103 2 15 1
1 103 1 45 1
1 103 1 50 2
1 103 2 50 1
1 103 2 51 2
1 103 1 52 1
1 103 2 52 2
1 103 1 53 3
1 103 2 53 2
1 103 1 54 3
1 103 2 54 7
1 103 2 55 2
1 103 1 56 2
1 103 2 56 3
1 103 1 57 4
1 103 2 57 4
1 103 1 58 1
1 103 2 58 2
1 103 1 59 1
1 103 2 59 1
1 103 2 60 2
1 103 2 61 3
1 103 2 63 2
1 103 2 64 1
1 103 1 69 1
1 102 3 13 1
1 102 1 37 2
1 102 2 39 1
1 102 1 40 1
1 102 1 41 2
1 102 2 42 1
1 102 1 43 7
1 102 2 43 3
1 102 1 44 2
1 102 2 44 1
1 102 1 45 10
1 102 2 45 2
1 102 2 46 2
1 102 1 47 4
1 102 2 47 3
1 102 1 48 1
1 102 2 48 1
1 102 1 49 3
1 102 2 49 11
1 102 1 50 1
1 102 2 50 2
1 102 1 51 7
1 102 2 51 2
1 102 2 52 1
1 102 1 53 2
1 102 2 53 2
1 102 2 54 2
1 102 2 56 1
1 102 1 59 1
1 101 3 12 1
1 101 2 15 1
1 101 1 16 1
1 101 1 36 1
1 101 1 38 2
1 101 1 40 1
1 101 1 41 1
1 101 2 41 1
1 101 1 42 4
1 101 2 42 1
1 101 1 43 8
1 101 2 43 3
1 101 1 44 5
1 101 2 44 4
1 101 1 45 9
1 101 2 45 3
1 101 1 46 6
1 101 2 46 5
1 101 1 47 6
1 101 2 47 6
1 101 1 48 3
1 101 2 48 8
1 101 1 49 2
1 101 2 49 1
1 101 1 50 1
1 101 2 50 3
1 101 1 51 1
1 101 1 52 1
1 101 2 52 1
1 101 1 53 1
1 101 2 53 1
1 101 2 54 1
1 100 3 13 1
1 100 3 14 2
1 100 2 15 1
1 100 1 33 1
1 100 1 37 1
1 100 1 39 1
1 100 1 40 2
1 100 1 41 3
1 100 2 41 1
1 100 1 42 4
1 100 2 42 3
1 100 1 43 2
1 100 2 43 3
1 100 1 44 3
1 100 2 44 6
1 100 1 45 10
1 100 2 45 2
1 100 1 46 4
1 100 2 46 4
1 100 1 47 2
1 100 2 47 4
1 100 1 48 3
1 100 2 48 8
1 100 1 49 2
1 100 2 49 2
1 100 1 50 1
1 100 2 50 2
1 100 1 51 1
1 100 2 51 4
1 100 1 52 1
1 100 2 52 1
1 100 2 53 1
1 100 2 55 1
1 100 2 59 1
1 100 2 64 1
1 99 3 14 3
1 99 2 15 1
1 99 2 42 2
1 99 1 43 1
1 99 2 43 1
1 99 1 44 3
1 99 1 45 5
1 99 2 45 2
1 99 1 46 3
1 99 2 46 1
1 99 1 47 3
1 99 2 47 4
1 99 1 48 6
1 99 2 48 10
1 99 1 49 3
1 99 2 49 8
1 99 1 50 5
1 99 2 50 12
1 99 1 51 5
1 99 2 51 12
1 99 1 52 3
1 99 2 52 9
1 99 1 53 2
1 99 2 53 4
1 99 2 54 11
1 99 1 55 1
1 99 2 55 5
1 99 2 56 1
1 99 2 57 3
1 99 1 58 2
1 99 2 58 3
1 98 3 12 1
1 98 3 13 2
1 98 3 14 1
1 98 1 15 3
1 98 2 15 1
1 98 1 16 3
1 98 2 16 1
1 98 1 19 1
1 98 1 24 1
1 98 1 39 1
1 98 1 41 2
1 98 2 41 3
1 98 1 42 3
1 98 2 42 5
1 98 1 43 3
1 98 2 43 4
1 98 1 44 5
1 98 2 44 3
1 98 1 45 10
1 98 2 45 7
1 98 1 46 6
1 98 2 46 7
1 98 1 47 7
1 98 2 47 6
1 98 1 48 8
1 98 2 48 4
1 98 1 49 5
1 98 2 49 8
1 98 1 50 3
1 98 2 50 11
1 98 1 51 2
1 98 2 51 1
1 98 1 52 1
1 98 2 52 4
1 98 2 53 4
1 98 1 54 1
1 98 2 55 1
1 98 1 56 2
1 98 2 57 1
1 98 2 64 1
1 98 1 70 1
1 97 1 17 1
1 97 2 35 1
1 97 1 40 4
1 97 2 40 1
1 97 1 41 5
1 97 2 41 1
1 97 1 42 6
1 97 2 42 1
1 97 1 43 3
1 97 2 43 4
1 97 1 44 7
1 97 2 44 3
1 97 1 45 3
1 97 2 45 9
1 97 1 46 4
1 97 2 46 7
1 97 1 47 5
1 97 2 47 6
1 97 1 48 2
1 97 2 48 5
1 97 2 49 5
1 97 2 50 2
1 97 2 52 2
1 97 1 54 1
1 97 2 64 1
1 97 2 65 2
1 96 3 11 1
1 96 3 13 6
1 96 3 14 5
1 96 1 15 3
1 96 1 16 1
1 96 2 16 1
1 96 1 17 3
1 96 1 22 2
1 96 2 23 1
1 96 1 25 1
1 96 1 27 2
1 96 2 32 1
1 96 1 35 2
1 96 2 35 1
1 96 1 36 2
1 96 1 37 3
1 96 2 37 3
1 96 1 38 1
1 96 1 39 3
1 96 2 39 6
1 96 1 40 5
1 96 2 40 3
1 96 1 41 5
1 96 2 41 6
1 96 1 42 6
1 96 2 42 4
1 96 1 43 10
1 96 2 43 3
1 96 1 44 9
1 96 2 44 13
1 96 1 45 10
1 96 2 45 6
1 96 1 46 3
1 96 2 46 5
1 96 1 47 3
1 96 2 47 8
1 96 1 48 1
1 96 2 48 3
1 96 1 49 1
1 96 2 49 4
1 96 1 50 1
1 96 2 50 3
1 96 2 51 5
1 96 1 52 1
1 96 2 52 2
1 96 1 53 1
1 96 2 53 2
1 96 2 57 1
1 96 2 62 1
1 95 2 33 1
1 95 1 35 1
1 95 2 35 1
1 95 1 37 1
1 95 2 37 1
1 95 1 38 1
1 95 2 38 2
1 95 1 39 3
1 95 1 40 4
1 95 2 40 3
1 95 1 41 5
1 95 2 41 1
1 95 1 42 3
1 95 2 42 3
1 95 1 43 6
1 95 2 43 5
1 95 1 44 8
1 95 2 44 7
1 95 1 45 12
1 95 2 45 7
1 95 1 46 8
1 95 2 46 8
1 95 1 47 4
1 95 2 47 5
1 95 1 48 2
1 95 2 48 3
1 95 1 49 6
1 95 2 49 7
1 95 1 50 1
1 95 2 50 1
1 95 2 51 1
1 95 1 52 1
1 95 2 53 1
1 95 2 54 1
1 95 1 56 1
1 94 3 12 2
1 94 3 13 2
1 94 3 14 4
1 94 1 15 2
1 94 2 20 1
1 94 2 37 3
1 94 2 38 3
1 94 1 39 3
1 94 2 39 1
1 94 1 40 3
1 94 1 41 2
1 94 2 41 3
1 94 1 42 7
1 94 2 42 3
1 94 1 43 5
1 94 2 43 3
1 94 1 44 10
1 94 2 44 5
1 94 1 45 7
1 94 2 45 7
1 94 1 46 1
1 94 2 46 9
1 94 1 47 6
1 94 2 47 4
1 94 1 48 4
1 94 2 48 5
1 94 1 49 3
1 94 2 49 2
1 94 1 50 1
1 94 2 50 3
1 94 1 51 1
1 94 2 51 1
1 94 2 52 1
1 94 2 53 3
1 94 1 54 2
1 94 2 54 3
1 94 2 57 2
1 94 2 59 3
1 94 1 61 1
1 94 1 62 1
1 94 2 70 1
1 93 3 13 2
1 93 3 14 3
1 93 2 16 1
1 93 1 17 1
1 93 2 17 2
1 93 1 19 1
1 93 2 20 1
1 93 1 21 1
1 93 2 21 1
1 93 1 22 1
1 93 2 33 1
1 93 2 37 1
1 93 1 39 1
1 93 2 39 1
1 93 1 40 3
1 93 1 41 2
1 93 1 42 5
1 93 2 42 2
1 93 1 43 1
1 93 2 43 2
1 93 1 44 6
1 93 2 44 1
1 93 1 45 6
1 93 2 45 3
1 93 1 46 4
1 93 2 46 2
1 93 1 47 7
1 93 2 47 8
1 93 1 48 1
1 93 2 48 2
1 93 1 49 2
1 93 2 49 3
1 93 2 50 6
1 93 1 51 1
1 93 2 51 2
1 93 1 53 1
1 93 2 53 1
1 93 2 56 2
1 93 1 57 1
1 93 1 58 1
1 93 2 58 1
1 93 2 61 1
1 93 1 64 1
1 93 2 69 1
1 92 3 12 1
1 92 3 13 6
1 92 1 31 1
1 92 1 32 1
1 92 1 33 2
1 92 2 34 1
1 92 2 36 1
1 92 1 37 4
1 92 2 37 1
1 92 1 38 3
1 92 2 39 1
1 92 1 40 2
1 92 1 41 6
1 92 2 41 5
1 92 1 42 7
1 92 2 42 2
1 92 1 43 4
1 92 2 43 3
1 92 1 44 6
1 92 2 44 3
1 92 1 45 9
1 92 2 45 4
1 92 1 46 14
1 92 2 46 4
1 92 1 47 10
1 92 2 47 8
1 92 1 48 3
1 92 1 49 5
1 92 2 49 6
1 92 1 50 3
1 92 2 50 4
1 92 2 51 5
1 92 1 52 2
1 92 2 52 4
1 92 2 53 3
1 92 1 54 1
1 92 2 55 1
1 91 3 13 2
1 91 3 14 4
1 91 1 16 1
1 91 2 16 1
1 91 2 17 1
1 91 1 23 1
1 91 1 24 2
1 91 2 26 1
1 91 2 30 1
1 91 2 31 1
1 91 1 36 1
1 91 2 36 1
1 91 1 37 1
1 91 1 38 3
1 91 1 39 2
1 91 1 40 1
1 91 2 40 3
1 91 1 41 4
1 91 2 41 1
1 91 1 42 6
1 91 2 42 2
1 91 1 43 7
1 91 1 44 7
1 91 2 44 9
1 91 1 45 11
1 91 2 45 6
1 91 1 46 8
1 91 2 46 7
1 91 1 47 8
1 91 2 47 4
1 91 1 48 3
1 91 2 48 4
1 91 1 49 5
1 91 2 49 4
1 91 1 50 2
1 91 2 50 5
1 91 1 51 1
1 91 2 51 3
1 91 2 52 3
1 91 2 53 2
1 91 1 55 1
1 91 2 56 1
1 91 1 58 1
1 91 2 61 1
1 91 2 79 1
1 90 3 12 1
1 90 3 14 2
1 90 1 15 1
1 90 1 16 2
1 90 1 24 1
1 90 1 34 1
1 90 2 36 1
1 90 1 38 2
1 90 2 38 2
1 90 1 39 1
1 90 2 39 1
1 90 1 40 3
1 90 1 41 4
1 90 2 41 2
1 90 1 42 6
1 90 2 42 5
1 90 1 43 9
1 90 1 44 17
1 90 2 44 5
1 90 1 45 13
1 90 2 45 7
1 90 1 46 4
1 90 2 46 7
1 90 1 47 6
1 90 2 47 3
1 90 1 48 6
1 90 2 48 14
1 90 1 49 3
1 90 2 49 1
1 90 1 50 1
1 90 2 50 1
1 90 2 52 5
1 90 1 53 1
1 90 2 53 1
1 90 1 54 1
1 90 2 54 1
1 90 2 55 1
1 90 2 57 1
1 90 1 60 1
1 89 2 34 2
1 89 2 35 1
1 89 1 36 2
1 89 2 36 1
1 89 1 37 3
1 89 2 37 2
1 89 1 38 3
1 89 2 38 4
1 89 1 39 6
1 89 2 39 4
1 89 1 40 4
1 89 2 40 8
1 89 1 41 4
1 89 2 41 4
1 89 1 42 5
1 89 2 42 9
1 89 1 43 5
1 89 2 43 9
1 89 1 44 7
1 89 2 44 14
1 89 1 45 9
1 89 2 45 7
1 89 1 46 5
1 89 2 46 5
1 89 1 47 2
1 89 2 47 5
1 89 1 48 1
1 89 2 48 3
1 89 1 49 1
1 89 2 49 3
1 89 1 50 1
1 89 2 50 1
1 89 2 51 3
1 89 2 52 1
1 89 1 54 2
1 89 2 54 1
1 88 3 12 1
1 88 3 13 1
1 88 3 14 6
1 88 1 15 1
1 88 2 15 4
1 88 1 16 1
1 88 2 16 1
1 88 2 17 1
1 88 2 18 1
1 88 2 19 1
1 88 1 21 1
1 88 1 25 1
1 88 1 31 1
1 88 2 31 1
1 88 1 33 1
1 88 1 34 1
1 88 1 35 2
1 88 1 36 2
1 88 2 36 1
1 88 2 37 2
1 88 1 38 2
1 88 1 39 4
1 88 2 39 2
1 88 1 40 4
1 88 2 40 4
1 88 1 41 4
1 88 2 41 5
1 88 1 42 13
1 88 2 42 7
1 88 1 43 13
1 88 2 43 6
1 88 1 44 8
1 88 2 44 7
1 88 1 45 10
1 88 2 45 3
1 88 1 46 6
1 88 2 46 5
1 88 1 47 3
1 88 2 47 4
1 88 1 48 2
1 88 2 48 9
1 88 1 49 2
1 88 2 49 4
1 88 1 50 1
1 88 2 50 3
1 88 1 51 2
1 88 1 53 1
1 88 2 53 2
1 88 1 54 1
1 88 2 54 2
1 88 2 55 1
1 87 2 35 1
1 87 1 36 1
1 87 2 36 1
1 87 2 37 2
1 87 1 38 1
1 87 2 38 2
1 87 1 39 1
1 87 1 40 3
1 87 2 40 1
1 87 1 41 4
1 87 2 41 6
1 87 1 42 6
1 87 2 42 5
1 87 1 43 6
1 87 2 43 1
1 87 1 44 6
1 87 2 44 6
1 87 1 45 1
1 87 2 45 4
1 87 1 46 5
1 87 2 46 4
1 87 1 47 6
1 87 2 47 5
1 87 1 48 1
1 87 2 48 6
1 87 1 49 3
1 87 2 49 3
1 87 1 50 2
1 87 1 51 1
1 87 1 52 1
1 87 2 52 2
1 87 2 53 1
1 87 2 54 1
1 87 2 57 1
1 87 2 63 1
1 86 3 13 1
1 86 3 14 2
1 86 1 16 1
1 86 2 16 1
1 86 1 19 1
1 86 2 38 1
1 86 2 39 2
1 86 1 40 2
1 86 2 40 2
1 86 1 41 4
1 86 2 41 1
1 86 1 42 5
1 86 2 42 2
1 86 1 43 7
1 86 2 43 3
1 86 2 44 2
1 86 1 45 4
1 86 2 45 3
1 86 1 46 6
1 86 2 46 4
1 86 1 47 2
1 86 2 47 6
1 86 1 48 4
1 86 2 48 3
1 86 1 49 4
1 86 2 49 4
1 86 1 50 3
1 86 2 51 3
1 86 1 52 1
1 86 2 52 1
1 86 2 54 1
1 86 1 55 1
1 86 2 56 1
1 86 2 58 1
1 86 2 60 1
1 86 2 62 2
1 85 3 14 1
1 85 1 15 1
1 85 1 16 1
1 85 1 18 1
1 85 2 36 2
1 85 1 37 1
1 85 1 38 1
1 85 2 38 1
1 85 1 39 1
1 85 2 40 2
1 85 1 41 5
1 85 2 41 1
1 85 1 42 3
1 85 2 42 2
1 85 1 43 1
1 85 2 43 4
1 85 1 44 3
1 85 2 44 1
1 85 1 45 15
1 85 2 45 5
1 85 1 46 7
1 85 2 46 5
1 85 1 47 3
1 85 2 47 3
1 85 1 48 5
1 85 2 48 3
1 85 1 49 3
1 85 2 49 2
1 85 1 50 3
1 85 2 50 2
1 85 1 52 1
1 85 2 52 1
1 85 2 53 2
1 85 2 54 2
1 85 1 76 1
1 84 3 9 1
1 84 3 14 1
1 84 1 16 2
1 84 2 16 2
1 84 2 17 1
1 84 1 18 1
1 84 2 18 1
1 84 1 22 1
1 84 2 26 1
1 84 2 36 1
1 84 1 38 2
1 84 2 38 1
1 84 1 39 1
1 84 1 40 3
1 84 2 40 1
1 84 1 41 2
1 84 2 41 1
1 84 1 42 7
1 84 2 42 3
1 84 1 43 1
1 84 2 43 1
1 84 1 44 10
1 84 2 44 7
1 84 1 45 5
1 84 1 46 7
1 84 2 46 5
1 84 1 47 2
1 84 2 47 4
1 84 1 48 6
1 84 2 48 9
1 84 2 49 2
1 84 1 50 2
1 84 2 50 5
1 84 1 51 2
1 84 2 51 1
1 84 2 52 9
1 84 2 53 3
1 84 2 54 5
1 84 1 55 1
1 84 1 56 1
1 84 2 56 3
1 84 2 60 1
1 84 2 62 1
1 84 2 64 1
1 84 2 66 1
1 83 1 36 2
1 83 1 41 1
1 83 1 42 1
1 83 1 43 4
1 83 2 43 2
1 83 1 44 1
1 83 2 44 1
1 83 1 45 5
1 83 2 45 3
1 83 1 46 2
1 83 2 46 3
1 83 1 47 5
1 83 2 47 4
1 83 1 48 3
1 83 2 48 4
1 83 1 49 5
1 83 2 49 5
1 83 1 50 1
1 83 2 50 5
1 83 2 51 5
1 83 1 52 1
1 83 2 52 1
1 83 1 53 1
1 83 2 53 2
1 83 1 54 2
1 83 2 55 3
1 83 1 57 4
1 83 1 61 1
1 83 2 65 1
1 82 3 13 4
1 82 3 14 3
1 82 1 15 1
1 82 2 15 1
1 81 3 13 1
1 81 1 15 3
1 81 2 46 1
1 81 1 49 1
1 80 3 11 4
1 80 3 12 6
1 80 3 13 35
1 80 3 14 20
1 80 1 15 4
1 80 2 15 1
1 80 3 15 11
1 80 1 16 2
1 80 2 16 4
1 80 3 16 1
1 80 1 17 4
1 80 2 17 1
1 80 2 18 1
1 80 3 18 1
1 80 2 45 1
1 80 2 50 1
1 79 3 12 3
1 79 3 13 16
1 79 3 14 21
1 79 1 15 2
1 79 2 15 3
1 79 3 15 6
1 79 1 16 4
1 79 2 16 8
1 79 1 17 3
1 79 2 17 1
1 79 1 18 1
1 79 2 18 3
1 79 2 28 1
1 79 2 53 1
1 78 3 12 1
1 78 3 13 3
1 78 3 14 7
1 78 1 15 1
1 78 2 15 2
1 78 1 16 2
1 78 2 17 2
1 77 3 13 5
1 77 3 14 9
1 77 3 15 5
1 77 3 16 3
1 77 3 17 1
1 76 3 13 1
1 76 2 35 1
1 76 1 36 1
1 76 1 38 1
1 76 2 38 1
1 76 1 39 1
1 76 2 39 1
1 76 1 40 4
1 76 1 41 4
1 76 2 41 3
1 76 1 42 3
1 76 1 43 4
1 76 2 43 2
1 76 1 44 3
1 76 2 44 5
1 76 1 45 8
1 76 2 45 1
1 76 1 46 1
1 76 2 46 1
1 76 1 47 3
1 76 2 47 3
1 76 1 48 2
1 76 2 48 8
1 76 1 49 5
1 76 2 49 2
1 76 2 50 3
1 76 1 51 1
1 76 2 51 5
1 76 1 52 2
1 76 2 52 2
1 76 2 53 2
1 76 1 54 1
1 76 2 55 1
1 76 1 56 2
1 76 2 56 1
1 76 2 57 1
1 75 3 13 2
1 75 3 14 4
1 75 1 15 3
1 75 2 23 1
1 75 2 34 1
1 75 1 37 2
1 75 1 39 2
1 75 2 39 2
1 75 1 40 1
1 75 1 41 4
1 75 2 41 2
1 75 1 42 6
1 75 2 42 1
1 75 1 43 3
1 75 2 43 2
1 75 1 44 9
1 75 2 44 3
1 75 1 45 10
1 75 2 45 7
1 75 1 46 6
1 75 2 46 2
1 75 1 47 13
1 75 2 47 3
1 75 1 48 4
1 75 2 48 4
1 75 1 49 1
1 75 1 50 3
1 75 2 50 5
1 75 1 51 2
1 75 2 51 2
1 75 1 52 2
1 75 2 52 1
1 75 2 53 1
1 75 2 54 1
