1 276 3 1 0.024 16
1 276 3 1 0.016 13
1 276 3 1 0.01 12
1 276 3 1 0.012 13
1 275 2 13 2.588 70
1 275 2 12 2.82 76
1 275 1 9 2.144 66
1 275 1 15 2.012 67
1 274 2 14 3.2 72
1 274 1 18 1.278 56
1 274 2 17 1.646 64
1 274 2 14 2.846 75
1 274 1 13 1.924 62
1 274 2 10 2.404 71
1 273 2 14 2.176 66
1 273 2 10 2.706 75
1 273 2 8 2.048 66
1 273 2 11 1.742 64
1 273 1 12 1.758 62
1 273 1 11 1.75 62
1 272 1 12 0.992 52
1 272 1 15 1.456 61
1 272 2 13 2.332 70
1 271 3 1 0.02 14
1 272 2 14 2.18 69
1 271 3 1 0.02 15
1 271 3 1 0.018 14
1 271 3 1 0.01 12
1 270 3 1 0.012 13
1 270 3 1 0.014 13
1 270 3 1 0.01 12
1 270 3 1 0.008 11
1 269 1 11 2.914 72
1 269 1 9 1.978 73
1 269 3 1 0.012 12
1 269 3 1 0.016 13
1 268 3 1 0.018 15
1 268 3 1 0.02 14
1 268 3 1 0.012 12
1 268 3 1 0.012 12
1 267 1 7 0.726 51
1 267 2 13 2.826 76
1 267 2 10 1.582 61
1 267 1 9 1.468 58
1 267 1 9 1.822 60
1 267 1 11 1.292 57
1 266 1 11 1.928 60
1 266 2 14 1.406 59
1 266 1 8 0.77 51
1 266 1 8 1.148 52
1 266 1 11 1.81 60
1 266 1 8 1.244 54
1 265 1 7 0.952 55
1 265 1 8 1.554 58
1 265 2 9 1.476 61
1 265 1 13 1.328 57
1 265 1 11 1.284 58
1 265 3 1 0.02 15
1 264 1 8 2.1 63
1 264 1 7 1.254 54
1 264 1 7 1.174 54
1 264 2 8 1.196 56
1 264 3 1 0.024 16
1 264 3 1 0.016 14
1 263 1 8 1.402 58
1 263 1 11 1.228 53
1 263 1 5 0.94 49
1 263 2 11 1.404 57
1 263 2 8 1.58 60
1 263 2 12 1.304 61
1 262 2 12 1.754 64
1 262 2 12 1.704 63
1 262 1 11 1.454 59
1 262 1 12 1.68 65
1 262 3 1 0.046 20
1 262 3 1 0.01 12
1 261 1 14 1.838 64
1 261 1 14 1.152 58
1 261 1 9 1.088 57
1 261 1 10 0.818 54
1 261 2 12 2.33 69
1 261 2 2 0.142 27
1 260 1 16 2.1 62
1 260 1 13 1.94 65
1 260 1 10 0.946 56
1 260 2 15 1.97 66
1 260 2 17 2.116 69
1 260 2 8 0.606 51
1 259 3 1 0.026 16
1 259 3 1 0.012 12
1 259 3 1 0.01 12
1 259 3 1 0.008 11
1 258 3 1 0.02 15
1 258 3 1 0.02 14
1 258 3 1 0.018 14
1 258 3 1 0.012 13
1 257 3 1 0.012 13
1 257 3 1 0.01 12
1 257 3 1 0.008 11
1 257 3 1 0.006 10
1 256 3 1 0.01 12
1 256 3 1 0.008 11
1 256 3 1 0.006 10
1 256 3 1 0.006 10
1 255 3 1 0.012 13
1 255 3 1 0.012 13
1 255 3 1 0.01 12
1 255 3 1 0.008 11
1 254 3 1 0.008 12
1 254 3 1 0.01 12
1 254 3 1 0.008 11
1 254 3 1 0.006 10
1 253 3 1 0.015 14
1 253 3 1 0.015 14
1 253 3 1 0.005 10
1 253 3 1 0.006 10
1 252 3 1 0.01 12
1 252 3 1 0.022 15
1 252 3 1 0.02 15
1 252 3 1 0.016 13
1 252 3 1 0.01 12
1 252 3 1 0.006 10
1 251 1 2 0.122 27
1 251 2 2 0.068 22
1 251 3 1 0.02 15
1 251 2 3 0.11 26
1 251 3 1 0.02 15
1 251 3 1 0.014 13
1 250 2 15 1.746 65
1 250 2 12 1.006 55
1 250 1 8 1.46 61
1 250 3 1 0.02 15
1 250 3 1 0.02 15
1 250 3 1 0.016 14
1 249 1 17 1.888 66
1 249 1 8 1.338 59
1 249 2 9 1.636 64
1 249 2 8 1.454 62
1 249 2 10 1.564 59
1 249 2 10 2.536 70
1 223 1 6 0.864 46
1 223 2 5 0.806 48
1 223 1 6 0.896 50
1 223 1 6 0.668 45
1 223 1 6 0.962 49
1 223 1 6 0.686 43
1 223 1 7 1.214 54
1 223 2 7 0.886 53
1 223 2 7 1.206 54
1 223 1 8 1.016 52
1 223 2 7 1.4 57
1 223 1 7 0.836 53
1 222 1 6 1.336 56
1 222 1 7 1.04 52
1 222 1 8 1.024 52
1 222 2 7 1.114 56
1 222 2 7 1.12 55
1 222 2 7 1.12 55
1 221 2 8 1.354 59
1 221 1 9 1.25 57
1 221 1 4 0.204 31
1 221 1 14 1.358 59
1 221 1 3 0.204 31
1 221 2 4 0.2 31
1 221 2 1 0.02 15
1 220 2 1 0.026 16
1 220 2 1 0.03 16
1 220 3 1 0.014 13
1 220 3 1 0.01 12
1 220 1 1 0.036 18
1 220 1 12 0.992 57
1 219 2 1 0.012 13
1 219 3 1 0.014 14
1 219 3 1 0.008 11
1 219 3 1 0.008 11
1 218 3 1 0.006 10
1 218 3 1 0.012 11
1 218 3 1 0.008 10
1 218 3 1 0.008 11
1 217 3 1 0.008 11
1 217 3 1 0.01 12
1 217 3 1 0.006 10
1 217 1 19 2.192 65
1 216 3 1 0.016 14
1 216 3 1 0.014 14
1 216 3 1 0.01 12
1 216 3 1 0.014 14
1 215 3 1 0.006 10
1 215 3 1 0.006 10
1 215 3 1 0.006 10
1 215 3 1 0.006 10
1 214 1 14 1.388 60
1 214 1 15 1.932 71
1 214 2 18 2.106 68
1 214 3 1 0.006 10
1 213 1 10 2.164 67
1 213 3 1 0.006 10
1 213 3 1 0.008 10
1 213 3 1 0.004 9
1 212 3 1 0.004 10
1 212 3 1 0.01 11
1 212 3 1 0.006 10
1 212 3 1 0.006 10
1 211 3 1 0.002 8
1 211 3 1 0.006 10
1 211 3 1 0.006 10
1 211 3 1 0.006 10
1 210 3 1 0.004 9
1 210 3 1 0.006 10
1 210 3 1 0.006 10
1 210 3 1 0.004 9
1 209 3 1 0.006 10
1 209 3 1 0.006 11
1 209 3 1 0.008 11
1 209 3 1 0.006 10
1 208 2 10 2.4 68
1 208 3 1 0.006 11
1 208 3 1 0.008 11
1 208 3 1 0.012 13
1 204 3 1 0.014 14
1 204 3 1 0.008 11
1 204 3 1 0.01 12
1 204 3 1 0.008 12
1 207 3 1 0.004 10
1 207 3 1 0.006 11
1 207 3 1 0.004 10
1 206 2 15 2.844 76
1 206 1 13 1.778 64
1 206 2 16 1.374 63
1 206 3 1 0.008 11
1 205 3 1 0.014 14
1 205 3 1 0.012 14
1 205 3 1 0.012 12
1 205 2 14 2.576 72
1 203 3 1 0.006 11
1 203 3 1 0.018 15
1 203 3 1 0.008 11
1 203 3 1 0.008 11
1 202 3 1 0.008 11
1 201 3 1 0.012 14
1 202 3 1 0.006 11
1 202 3 1 0.01 12
1 202 3 1 0.006 10
1 201 3 1 0.01 12
1 201 3 1 0.01 12
1 201 3 1 0.006 10
1 200 3 1 0.006 10
1 200 3 1 0.008 12
1 200 3 1 0.008 11
1 200 3 1 0.006 10
1 199 3 1 0.006 11
1 199 3 1 0.006 11
1 199 3 1 0.008 12
1 199 3 1 0.008 11
1 198 2 14 2.42 69
1 198 2 13 1.89 65
1 198 3 1 0.008 12
1 198 3 1 0.012 12
1 197 3 1 0.01 12
1 197 3 1 0.014 13
1 197 3 1 0.008 11
1 197 3 1 0.01 12
1 196 3 1 0.008 11
1 196 3 1 0.01 12
1 196 3 1 0.008 11
1 196 3 1 0.01 12
1 195 1 12 1.9 61
1 195 3 1 0.014 13
1 195 3 1 0.012 13
1 195 3 1 0.01 12
1 194 2 6 1.224 56
1 194 2 6 0.784 49
1 194 2 5 0.758 49
1 194 1 8 1.16 56
1 194 1 8 1.12 56
1 194 1 7 0.838 50
1 193 1 11 0.936 54
1 193 2 4 0.572 43
1 193 1 7 0.708 46
1 193 1 15 1.212 57
1 193 1 11 0.892 53
1 193 1 4 0.564 43
1 192 2 7 1.208 57
1 192 2 8 1.174 58
1 192 1 7 0.818 50
1 192 2 9 1.062 55
1 192 1 8 1.004 51
1 192 1 7 1.002 52
1 191 1 9 1.002 52
1 191 1 15 1.056 54
1 191 2 8 1.428 62
1 191 1 7 0.94 51
1 191 1 12 1.206 57
1 191 1 14 1.254 59
1 190 2 10 1.74 58
1 190 2 8 1.23 57
1 190 2 15 1.306 58
1 190 1 7 0.904 51
1 190 2 10 1.438 59
1 190 1 9 0.548 47
1 189 2 8 1.478 61
1 189 2 14 1.52 63
1 189 1 13 1.362 58
1 189 1 10 1.302 56
1 189 2 12 1.118 57
1 189 2 15 1.514 63
1 188 1 10 1.774 63
1 188 2 16 1.33 59
1 188 1 10 1.962 65
1 188 1 10 1.088 57
1 185 3 1 0.012 13
1 185 3 1 0.016 14
1 185 3 1 0.012 13
1 185 3 1 0.012 13
1 187 2 18 1.404 62
1 187 2 12 1.224 56
1 187 1 14 1.432 61
1 187 1 11 1.14 57
1 186 1 8 0.7 50
1 186 1 15 2.488 68
1 186 2 9 1.098 59
1 186 2 9 1.264 58
1 184 3 1 0.018 15
1 184 3 1 0.01 11
1 184 3 1 0.01 12
1 184 3 1 0.01 12
1 183 3 1 0.006 11
1 183 3 1 0.006 10
1 183 3 1 0.012 13
1 183 3 1 0.006 11
1 182 2 11 2.246 66
1 182 2 17 2.354 74
1 182 1 10 0.912 56
1 182 3 1 0.014 14
1 181 3 1 0.012 13
1 181 3 1 0.014 13
1 181 3 1 0.014 13
1 181 3 1 0.012 12
1 181 3 1 0.008 11
1 181 2 13 2.542 72
1 180 2 17 1.966 64
1 180 2 12 2.092 69
1 180 2 13 2.324 68
1 180 2 12 0.97 54
1 180 2 10 2.166 67
1 180 2 1 0.022 16
1 179 2 14 1.774 65
1 179 1 10 1.45 57
1 179 2 9 1.47 61
1 179 2 10 2.146 65
1 179 2 16 1.676 61
1 179 2 11 0.904 58
1 178 3 1 0.018 15
1 178 3 1 0.012 12
1 178 3 1 0.018 15
1 178 3 1 0.01 12
1 178 3 1 0.01 11
1 178 3 1 0.008 12
1 177 1 14 1.79 63
1 177 1 8 0.918 52
1 177 1 8 0.922 54
1 177 2 11 0.876 54
1 177 3 1 0.018 15
1 177 3 1 0.02 15
1 176 1 29 1.382 57
1 176 2 15 1.902 67
1 176 1 16 1.106 57
1 176 2 9 1.144 56
1 176 1 3 0.114 28
1 176 3 1 0.008 11
1 175 1 13 1.236 56
1 175 1 8 0.96 54
1 175 2 10 2.186 65
1 175 3 1 0.014 13
1 175 3 1 0.012 13
1 175 3 1 0.012 13
1 174 2 13 1.708 66
1 174 1 11 0.74 51
1 174 2 19 1.716 63
1 174 2 15 1.412 61
1 174 2 16 1.224 62
1 174 3 1 0.016 14
1 173 1 12 1.526 61
1 173 2 18 2.536 74
1 173 3 1 0.018 14
1 173 3 1 0.01 13
1 173 3 1 0.014 14
1 173 3 1 0.008 11
1 172 3 1 0.026 16
1 172 3 1 0.036 18
1 172 3 1 0.026 16
1 172 3 1 0.012 12
1 172 3 1 0.012 13
1 172 3 1 0.016 14
1 171 3 1 0.008 11
1 171 3 1 0.012 13
1 171 3 1 0.006 11
1 171 3 1 0.006 11
1 171 3 1 0.008 11
1 171 3 1 0.018 15
1 170 1 11 1.432 59
1 170 1 12 1.522 61
1 170 2 15 1.484 61
1 170 2 15 1.332 62
1 170 3 1 0.014 13
1 170 3 1 0.008 12
1 169 1 15 0.984 55
1 169 2 9 0.98 54
1 169 2 14 1.28 58
1 169 3 1 0.014 13
1 169 3 1 0.01 12
1 168 2 9 0.826 53
1 168 1 12 0.86 52
1 168 2 7 0.816 48
1 168 2 9 1.038 56
1 168 2 11 1.004 55
1 168 1 3 0.312 34
1 167 1 7 0.74 49
1 167 2 11 1.122 57
1 167 1 8 0.878 51
1 167 2 1 0.054 20
1 167 3 1 0.032 17
1 167 3 1 0.018 14
1 166 1 10 0.9 53
1 166 1 7 0.806 51
1 166 2 9 0.582 47
1 166 1 5 0.524 42
1 166 2 7 0.71 52
1 166 2 7 1.03 53
1 165 1 9 0.896 51
1 165 1 8 0.85 50
1 165 2 6 0.838 50
1 165 2 8 1.142 56
1 165 1 9 0.918 50
1 165 1 7 0.836 48
1 164 1 10 0.846 50
1 164 2 8 1.072 54
1 164 1 8 0.856 50
1 164 1 5 0.63 42
1 164 1 3 0.154 28
1 164 3 1 0.018 14
1 163 1 8 0.954 51
1 163 1 6 0.764 47
1 163 1 6 0.716 46
1 163 1 6 0.682 46
1 163 1 7 0.884 51
1 163 1 5 0.67 46
1 162 1 7 0.88 49
1 162 2 12 1.216 60
1 162 2 7 0.79 49
1 162 1 4 0.632 43
1 162 1 7 0.706 45
1 36 1 7 0.82 50
1 36 1 8 0.996 53
1 36 1 7 0.768 48
1 36 1 6 0.706 45
1 36 2 6 0.724 48
1 36 2 6 0.742 49
1 37 2 8 0.906 51
1 37 2 12 0.892 52
1 37 2 6 0.816 50
1 37 1 11 0.908 53
1 37 3 1 0.014 13
1 37 3 1 0.024 15
1 35 2 6 0.912 52
1 35 3 1 0.018 14
1 35 1 6 0.638 43
1 35 1 8 0.664 45
1 35 1 10 0.858 48
1 35 1 9 0.936 50
1 34 2 9 0.956 50
1 34 2 8 1.122 52
1 34 2 8 0.554 46
1 34 1 6 0.884 54
1 34 1 8 0.932 52
1 34 3 1 0.014 13
1 33 3 1 0.016 14
1 33 3 1 0.014 13
1 33 3 1 0.01 12
1 33 3 1 0.01 11
1 33 3 1 0.008 11
1 33 3 1 0.01 11
1 32 3 1 0.008 11
1 32 3 1 0.006 10
1 32 3 1 0.008 11
1 32 3 1 0.008 11
1 32 3 1 0.004 9
1 32 3 1 0.006 11
1 31 3 1 0.008 11
1 31 3 1 0.008 11
1 31 3 1 0.008 12
1 31 3 1 0.006 10
1 31 3 1 0.006 10
1 31 3 1 0.006 10
1 30 3 1 0.006 11
1 30 3 1 0.006 10
1 30 3 1 0.006 10
1 30 3 1 0.004 9
1 29 3 1 0.01 14
1 29 3 1 0.012 14
1 29 3 1 0.006 10
1 29 3 1 0.006 10
1 26 2 11 2.726 72
1 26 3 1 0.014 13
1 26 3 1 0.014 13
1 26 3 1 0.014 13
1 26 3 1 0.01 11
1 26 3 1 0.006 10
1 28 3 1 0.008 12
1 28 3 1 0.008 11
1 28 3 1 0.006 11
1 28 3 1 0.004 10
1 27 3 1 0.008 12
1 27 3 1 0.008 11
1 27 3 1 0.008 11
1 27 3 1 0.008 11
1 27 3 1 0.008 11
1 27 3 1 0.006 10
1 25 1 11 1.098 56
1 25 1 5 0.32 37
1 25 3 1 0.022 16
1 25 3 1 0.012 12
1 25 3 1 0.008 11
1 25 3 1 0.006 10
1 24 3 1 0.008 11
1 24 3 1 0.01 12
1 24 3 1 0.016 13
1 24 3 1 0.012 13
1 24 3 1 0.01 12
1 24 3 1 0.01 12
1 23 2 19 1.568 64
1 23 3 1 0.016 14
1 23 3 1 0.012 13
1 23 3 1 0.01 12
1 23 3 1 0.008 11
1 23 3 1 0.008 11
1 22 1 13 1.474 62
1 22 3 1 0.008 11
1 22 3 1 0.012 13
1 22 3 1 0.006 10
1 22 3 1 0.01 12
1 22 3 1 0.006 11
1 21 3 1 0.018 15
1 21 3 1 0.01 11
1 21 3 1 0.006 10
1 21 3 1 0.01 12
1 21 3 1 0.008 11
1 21 3 1 0.006 10
1 20 1 14 1.446 60
1 20 2 18 2.212 70
1 20 2 16 2.408 74
1 20 1 2 0.04 20
1 20 3 1 0.006 10
1 20 3 1 0.008 11
1 19 3 1 0.01 11
1 19 3 1 0.004 10
1 19 3 1 0.008 11
1 19 3 1 0.008 11
1 19 3 1 0.006 10
1 19 3 1 0.006 9
1 18 3 1 0.006 10
1 18 3 1 0.006 10
1 18 3 1 0.008 11
1 18 3 1 0.006 10
1 18 3 1 0.006 10
1 18 3 1 0.006 10
1 17 3 1 0.012 12
1 17 3 1 0.008 11
1 17 3 1 0.008 11
1 17 3 1 0.006 11
1 16 3 1 0.008 11
1 16 3 1 0.006 11
1 16 3 1 0.008 11
1 16 3 1 0.006 10
1 15 1 13 2.516 70
1 15 3 1 0.008 11
1 15 3 1 0.006 11
1 15 3 1 0.004 9
1 14 3 1 0.006 10
1 14 3 1 0.006 11
1 14 3 1 0.006 11
1 14 3 1 0.004 9
1 13 3 1 0.008 11
1 13 3 1 0.006 10
1 13 3 1 0.008 11
1 13 3 1 0.006 11
1 12 3 1 0.006 10
1 12 3 1 0.01 12
1 12 3 1 0.006 10
1 12 3 1 0.012 12
1 11 3 1 0.006 11
1 11 3 1 0.008 11
1 11 3 1 0.008 11
1 11 3 1 0.01 12
1 10 3 1 0.01 11
1 10 3 1 0.008 11
1 10 3 1 0.008 11
1 10 3 1 0.006 11
1 9 3 1 0.006 11
1 9 3 1 0.01 12
1 9 3 1 0.01 12
1 9 3 1 0.012 13
1 8 3 1 0.012 14
1 8 3 1 0.01 12
1 8 3 1 0.008 11
1 8 3 1 0.01 11
1 7 3 1 0.01 12
1 7 3 1 0.008 11
1 7 3 1 0.006 11
1 7 3 1 0.008 11
1 6 3 1 0.016 14
1 6 3 1 0.012 13
1 6 3 1 0.012 13
1 6 3 1 0.01 12
1 5 3 1 0.01 12
1 5 3 1 0.008 11
1 5 3 1 0.008 11
1 5 3 1 0.008 11
1 4 3 1 0.008 12
1 4 3 1 0.006 11
1 4 3 1 0.008 12
1 4 3 1 0.006 11
1 3 3 1 0.008 12
1 3 3 1 0.006 11
1 3 3 1 0.01 12
1 3 3 1 0.008 11
1 2 3 1 0.008 11
1 2 3 1 0.01 12
1 2 3 1 0.008 11
1 2 3 1 0.006 10
1 1 3 1 0.006 11
1 1 3 1 0.006 10
1 1 3 1 0.008 11
1 1 3 1 0.006 10
1 248 2 15 3.71 80
1 248 1 11 1.59 62
1 248 2 7 0.714 49
1 248 3 1 0.02 14
1 247 2 17 2.686 71
1 247 2 11 1.826 67
1 247 2 9 0.856 56
1 247 1 9 1.79 63
1 247 1 15 1.534 62
1 247 1 14 1.784 61
1 246 2 18 2.164 68
1 246 2 17 3.063 72
1 246 2 15 2.1 70
1 246 2 13 2.216 73
1 245 2 12 2.704 70
1 245 2 14 2.902 75
1 245 2 17 3.174 76
1 245 2 11 2.15 64
1 244 1 15 2.596 69
1 244 3 1 0.016 13
1 244 3 1 0.012 13
1 244 3 1 0.006 11
1 243 2 12 2.132 66
1 243 1 12 2.112 66
1 243 2 12 2.018 66
1 243 2 12 1.736 66
1 243 1 12 1.176 58
1 243 1 14 1.964 64
1 242 2 10 1.89 67
1 242 1 9 1.582 62
1 242 1 13 2.558 70
1 242 2 8 1.296 58
1 242 2 11 1.406 59
1 242 1 16 2.068 67
1 241 2 10 1.966 70
1 241 2 14 1.83 63
1 241 2 15 1.834 63
1 241 2 NA 2.034 65
1 241 2 1 0.042 19
1 241 3 1 0.016 14
1 240 1 12 2.278 66
1 240 2 12 1.938 64
1 240 2 14 2.11 63
1 240 1 12 1.422 60
1 240 2 10 0.818 52
1 240 1 15 0.928 56
1 239 1 15 1.724 62
1 239 1 15 0.894 54
1 239 1 8 1.046 58
1 239 2 21 2.378 68
1 239 2 8 1.76 63
1 239 2 2 0.132 27
1 238 1 11 1.144 56
1 238 1 9 0.912 52
1 238 2 15 1.872 64
1 238 2 13 1.632 62
1 238 1 8 1.296 58
1 238 1 12 1.002 53
1 237 1 8 0.99 52
1 237 1 12 1.48 59
1 237 1 20 1.426 58
1 237 1 7 1.738 61
1 237 1 16 0.966 56
1 237 2 3 0.208 31
1 236 3 1 0.018 13
1 236 3 1 0.01 11
1 236 3 1 0.01 11
1 236 3 1 0.012 12
1 235 3 1 0.006 11
1 235 3 1 0.006 10
1 235 3 1 0.006 10
1 235 3 1 0.004 9
1 234 3 1 0.01 12
1 234 3 1 0.01 12
1 234 3 1 0.008 11
1 234 3 1 0.01 12
1 233 3 1 0.008 11
1 233 3 1 0.006 9
1 233 3 1 0.006 9
1 233 3 1 0.016 14
1 232 1 16 2.132 64
1 232 3 1 0.016 13
1 232 3 1 0.018 15
1 232 3 1 0.014 13
1 231 3 1 0.014 14
1 231 3 1 0.012 13
1 231 3 1 0.014 13
1 231 3 1 0.014 13
1 230 3 1 0.012 13
1 230 3 1 0.012 13
1 230 3 1 0.01 12
1 230 3 1 0.006 10
1 229 1 18 1.446 60
1 229 1 3 0.118 27
1 229 2 1 0.02 16
1 229 3 1 0.012 12
1 229 3 1 0.01 12
1 229 3 1 0.016 13
1 228 2 7 1.272 58
1 228 2 14 1.532 65
1 228 2 15 1.81 66
1 228 2 NA 1.312 58
1 228 1 16 1.26 59
1 228 2 10 1.166 57
1 227 1 10 1.556 57
1 227 1 8 1.338 60
1 227 1 7 1.696 59
1 227 1 7 1.2 54
1 227 1 6 0.78 49
1 227 1 6 1.068 54
1 227 2 9 1.412 60
1 227 1 8 0.906 53
1 227 1 7 0.788 48
1 227 1 8 0.928 53
1 226 2 8 1.054 58
1 226 1 8 1.322 56
1 226 2 8 1.432 61
1 226 1 7 1.246 55
1 226 1 8 0.89 51
1 226 1 7 0.83 49
1 226 2 7 1.38 57
1 226 2 9 1.498 61
1 226 2 8 1.266 55
1 225 1 8 1.182 55
1 225 2 8 1.102 56
1 225 1 8 1.49 57
1 225 1 7 1.106 52
1 225 1 14 1.214 55
1 225 2 11 1.934 62
1 225 1 6 1.074 50
1 225 2 9 1.69 60
1 225 2 7 1.326 57
1 225 2 5 0.992 50
1 224 2 8 1.368 58
1 224 1 5 0.704 46
1 224 1 7 1.254 56
1 224 2 6 1.016 52
1 224 2 12 1.194 57
1 224 1 6 1.528 56
1 161 2 7 1.416 58
1 161 2 6 0.916 53
1 161 2 6 1.266 55
1 161 1 7 1.01 55
1 161 1 6 1.004 52
1 161 1 6 0.856 50
1 160 2 13 1.314 61
1 160 1 7 1.262 54
1 160 1 9 1.266 54
1 160 2 NA 1.096 53
1 160 2 7 0.996 52
1 160 1 7 0.96 51
1 159 2 8 1.234 54
1 159 2 7 1.41 55
1 159 1 6 0.914 50
1 159 1 7 0.668 46
1 159 1 7 1.19 55
1 159 1 7 1.486 57
1 158 2 16 1.86 62
1 158 1 10 1.462 58
1 158 1 12 1.306 55
1 158 2 10 1.588 65
1 158 2 2 0.146 28
1 158 1 3 0.148 28
1 157 2 9 1.358 64
1 157 2 13 1.228 61
1 157 2 7 1.418 61
1 157 2 2 0.134 28
1 157 1 3 0.132 28
1 157 3 1 0.012 13
1 156 1 10 0.91 55
1 156 1 10 0.952 56
1 156 2 15 2.624 72
1 156 2 16 2.272 71
1 156 2 3 0.414 40
1 156 3 1 0.018 15
1 153 3 1 0.008 11
1 153 3 1 0.016 14
1 153 3 1 0.014 14
1 153 3 1 0.01 12
1 155 2 14 2.492 71
1 155 3 1 0.012 12
1 155 3 1 0.006 9
1 155 3 1 0.01 11
1 154 2 1 0.028 17
1 154 3 1 0.014 13
1 154 3 1 0.008 11
1 154 3 1 0.008 11
1 152 3 1 0.016 13
1 152 3 1 0.016 14
1 152 3 1 0.016 14
1 152 3 1 0.008 11
1 151 3 1 0.014 13
1 151 3 1 0.01 12
1 151 3 1 0.01 12
1 151 3 1 0.006 10
1 150 3 1 0.02 15
1 150 3 1 0.018 15
1 150 3 1 0.02 15
1 150 3 1 0.01 12
1 149 2 10 2.74 74
1 149 2 12 1.752 69
1 149 3 1 0.014 14
1 149 3 1 0.014 14
1 148 1 9 1.72 63
1 148 1 15 1.368 62
1 148 2 14 1.528 67
1 148 1 2 0.054 21
1 148 3 1 0.02 15
1 148 3 1 0.016 14
1 147 2 13 2.306 69
1 147 2 15 1.72 64
1 147 1 13 1.496 59
1 147 2 15 1.522 61
1 147 2 11 0.814 55
1 147 1 15 0.99 54
1 147 1 12 1.276 55
1 146 1 13 1.568 62
1 146 1 13 1.14 55
1 146 1 15 1.476 61
1 146 1 8 0.918 53
1 146 1 1 0.058 20
1 146 3 1 0.018 14
1 145 2 11 1.272 57
1 145 1 7 1.036 54
1 145 2 7 1.252 58
1 145 1 2 0.122 27
1 145 2 9 1.35 57
1 145 1 5 0.594 43
1 144 1 7 0.94 55
1 144 2 6 1.126 51
1 144 2 8 1.296 57
1 144 2 6 0.814 50
1 144 2 8 1.004 53
1 144 2 7 0.854 51
1 143 2 7 1.146 56
1 143 1 8 0.984 51
1 143 1 8 0.764 53
1 143 1 9 1.132 54
1 143 1 8 1.142 57
1 143 3 1 0.012 15
1 143 3 1 0.008 11
1 142 2 10 1.93 62
1 142 2 11 2.314 71
1 142 2 13 2.2 69
1 142 2 14 0.776 53
1 142 1 3 0.12 27
1 142 1 1 0.032 18
1 141 2 10 1.23 58
1 141 3 1 0.012 13
1 141 3 1 0.006 11
1 141 3 1 0.008 11
1 137 3 1 0.008 12
1 137 2 18 1.246 58
1 137 2 11 1.654 62
1 137 2 16 1.642 61
1 140 3 1 0.012 13
1 140 2 12 2.182 69
1 140 1 3 0.128 28
1 140 1 1 0.018 16
1 139 2 16 1.314 62
1 139 1 15 1.83 67
1 139 2 14 2.67 69
1 139 2 3 0.108 26
1 138 1 13 1.086 54
1 138 1 15 1.306 58
1 138 3 1 0.01 12
1 138 3 1 0.01 13
1 136 1 14 1.514 59
1 136 2 11 1.072 56
1 136 2 8 1.652 61
1 136 2 9 0.898 55
1 135 1 6 0.814 50
1 135 1 7 0.82 47
1 135 1 6 0.89 49
1 135 1 8 1.206 56
1 135 2 6 0.988 53
1 135 2 7 0.712 47
1 134 1 7 1.086 55
1 134 1 8 1.02 53
1 134 1 7 0.816 48
1 134 1 7 0.918 49
1 134 2 8 0.922 54
1 134 2 6 0.85 50
1 133 2 11 1.962 63
1 133 1 7 0.848 51
1 133 2 5 0.848 50
1 133 1 6 1.124 54
1 133 2 7 0.946 51
1 133 1 6 0.882 50
1 132 1 12 1.31 54
1 132 2 11 1.646 60
1 132 2 6 0.954 52
1 132 1 5 0.98 50
1 132 2 8 1.228 55
1 132 2 7 1.224 58
1 131 1 6 0.626 47
1 131 1 8 0.792 51
1 131 1 6 0.676 46
1 131 1 6 0.742 50
1 131 2 7 1.016 54
1 131 2 7 1.156 62
1 130 1 6 0.886 51
1 130 1 7 1.178 55
1 130 2 7 1.282 60
1 130 2 11 1.5 61
1 130 2 11 1.216 56
1 130 2 7 1.37 59
1 129 1 8 1.16 55
1 129 1 5 0.7 47
1 129 1 6 1.118 53
1 129 2 11 1.348 61
1 129 2 15 1.196 56
1 129 2 8 0.954 54
1 128 1 7 1.21 56
1 128 1 13 1.204 55
1 128 1 6 1.308 54
1 128 1 7 0.918 50
1 128 1 15 1.276 58
1 128 1 9 0.852 51
1 127 1 16 1.278 56
1 127 1 10 1.222 56
1 127 1 11 1.09 54
1 127 1 8 1.142 54
1 127 2 11 1.32 58
1 127 2 9 1.192 58
1 126 2 9 1.018 55
1 126 2 8 0.954 55
1 126 2 15 1.35 62
1 126 1 9 1.1 53
1 126 1 7 1.336 57
1 126 1 9 0.638 50
1 125 1 9 1.094 54
1 125 1 5 0.722 47
1 125 1 10 1.016 51
1 125 1 6 0.896 51
1 125 1 7 0.91 50
1 125 1 11 0.966 54
1 124 1 6 1.054 54
1 124 1 10 0.856 51
1 124 1 7 1 52
1 124 1 5 0.802 48
1 124 1 7 0.894 50
1 124 1 6 0.752 49
1 123 2 7 0.706 47
1 123 1 5 0.78 48
1 123 1 4 0.604 44
1 123 1 5 0.624 44
1 123 1 11 0.872 51
1 123 1 7 0.878 50
1 122 2 6 0.908 51
1 122 1 8 1.012 50
1 122 1 5 0.708 47
1 122 1 7 0.9 48
1 122 1 5 0.728 46
1 122 1 5 0.582 43
1 121 1 6 0.76 52
1 121 1 6 1.12 53
1 121 2 7 1.032 55
1 121 2 1 0.022 16
1 121 2 9 1.42 60
1 121 2 7 0.766 51
1 120 2 7 0.976 53
1 120 2 7 0.99 52
1 120 2 5 0.69 47
1 120 2 9 1.092 56
1 120 1 6 0.942 49
1 120 1 7 0.988 53
1 117 1 7 0.576 43
1 117 1 6 0.656 45
1 117 1 7 1.016 53
1 117 1 8 0.904 52
1 117 1 8 0.862 50
1 117 2 5 0.56 43
1 119 1 2 0.13 27
1 119 1 1 0.028 16
1 119 2 7 1.062 53
1 119 2 4 0.514 43
1 119 3 1 0.016 14
1 119 2 7 0.916 52
1 118 2 16 0.978 56
1 118 2 2 0.192 31
1 118 2 9 0.812 53
1 118 1 7 0.618 49
1 118 1 7 0.93 54
1 118 1 9 1.01 54
1 116 1 6 0.93 51
1 116 2 8 0.902 49
1 116 2 8 1.022 55
1 116 2 7 1.256 56
1 116 2 9 1.18 57
1 116 1 9 0.488 48
1 115 2 10 1.48 62
1 115 2 14 1.164 57
1 115 2 9 1.318 58
1 115 1 8 0.95 53
1 115 1 7 1.116 54
1 115 1 7 0.99 53
1 114 3 1 0.036 17
1 114 3 1 0.022 15
1 114 3 1 0.018 15
1 114 3 1 0.018 15
1 114 2 8 1.452 60
1 114 1 14 1.158 56
1 113 3 1 0.016 13
1 113 1 17 1.978 67
1 113 1 15 1.238 56
1 113 2 7 0.82 54
1 113 2 7 0.706 50
1 113 2 10 1.656 64
1 112 2 10 2.278 67
1 112 3 1 0.006 11
1 112 3 1 0.008 13
1 112 3 1 0.008 11
1 112 3 1 0.026 15
1 112 3 1 0.01 12
1 111 2 10 1.94 68
1 111 3 1 0.01 12
1 111 3 1 0.008 12
1 111 3 1 0.006 11
1 111 3 1 0.008 12
1 111 3 1 0.014 13
1 110 2 6 0.806 49
1 110 2 9 1.184 59
1 110 1 12 0.872 52
1 110 1 11 1.008 53
1 110 1 8 1.096 55
1 110 1 9 1.106 54
1 109 2 2 0.204 30
1 109 3 1 0.022 14
1 109 2 2 0.128 27
1 109 2 7 0.716 50
1 109 1 1 0.024 16
1 109 1 8 0.914 50
1 108 2 18 3.01 77
1 108 2 13 0.938 52
1 108 2 8 0.826 53
1 108 3 1 0.026 16
1 108 3 1 0.02 14
1 108 3 1 0.016 14
1 107 1 8 1.01 53
1 107 1 8 0.888 55
1 107 1 9 0.876 50
1 107 1 7 1.094 53
1 107 2 9 1.166 57
1 107 2 12 1.324 61
1 106 1 8 1.22 58
1 106 1 8 1.18 56
1 106 1 9 0.898 50
1 106 1 9 0.964 51
1 106 1 8 1.012 53
1 106 1 8 0.978 52
1 105 2 7 0.912 50
1 105 2 6 0.816 49
1 105 1 6 0.752 47
1 105 1 5 0.504 43
1 105 1 6 0.474 42
1 105 1 2 0.106 26
1 104 1 6 0.676 46
1 104 1 4 0.572 43
1 104 2 6 0.92 51
1 104 2 3 0.476 39
1 104 2 6 0.758 47
1 104 2 8 1.052 55
1 103 2 6 0.788 51
1 103 1 6 0.874 52
1 103 1 8 0.91 51
1 103 1 8 1.244 55
1 103 1 7 0.898 51
1 103 1 7 0.934 51
1 102 2 8 1.344 58
1 102 2 9 1.658 63
1 102 2 6 1.366 56
1 102 2 7 1.416 59
1 102 2 8 0.998 54
1 102 2 7 1.084 54
1 101 1 4 0.708 44
1 101 2 7 1.438 56
1 101 2 7 1.148 55
1 101 2 6 1.024 50
1 101 2 8 1.604 61
1 101 2 7 1.104 57
1 100 2 8 1.302 60
1 100 1 15 1.134 54
1 100 1 8 0.83 48
1 100 1 7 0.816 48
1 100 1 10 1.004 54
1 100 1 8 1.202 54
1 99 2 10 0.892 54
1 99 2 8 1.026 53
1 99 2 9 1.564 60
1 99 2 7 0.908 50
1 99 1 5 0.702 46
1 99 1 5 0.814 48
1 98 2 5 0.486 44
1 98 1 6 0.68 46
1 98 1 8 0.746 48
1 98 1 6 0.692 48
1 98 1 8 0.636 47
1 98 1 6 0.768 48
1 97 2 8 0.824 52
1 97 2 5 0.732 45
1 97 2 7 1.024 55
1 97 2 5 0.726 48
1 97 2 1 0.022 15
1 97 1 4 0.502 41
1 96 1 3 0.51 40
1 96 1 2 0.092 25
1 96 1 5 0.65 46
1 96 1 6 0.658 46
1 96 1 6 0.7 47
1 96 1 7 0.854 50
1 95 1 5 0.774 49
1 95 1 6 0.824 48
1 95 2 8 0.77 48
1 95 2 3 0.212 32
1 95 2 8 0.706 49
1 95 2 5 0.936 51
1 94 1 1 0.032 17
1 94 2 9 1.054 55
1 94 2 1 0.028 17
1 94 2 14 1.322 59
1 94 2 9 0.96 55
1 94 2 16 1.562 62
1 93 2 7 0.876 50
1 93 2 6 0.864 53
1 93 2 6 0.824 48
1 93 2 6 0.766 50
1 93 2 12 0.952 53
1 93 2 8 1.106 55
1 92 1 12 1.394 59
1 92 1 9 1.7 63
1 92 2 9 1.088 55
1 92 2 8 0.898 54
1 92 2 10 0.928 51
1 92 2 14 1.058 54
1 91 2 10 1.87 63
1 91 1 12 1.164 58
1 91 1 1 0.008 12
1 91 1 1 0.01 12
1 91 2 1 0.012 13
1 91 2 1 0.018 15
1 90 3 1 0.008 12
1 90 3 1 0.01 11
1 90 3 1 0.01 12
1 90 3 1 0.014 13
1 90 3 1 0.008 12
1 89 2 17 1.338 61
1 89 2 1 0.01 11
1 89 2 1 0.014 12
1 89 2 1 0.012 13
1 89 1 1 0.01 13
1 89 1 1 0.01 12
1 88 2 1 0.006 11
1 88 1 1 0.008 10
1 88 1 1 0.026 16
1 88 1 1 0.006 10
1 88 2 1 0.008 11
1 85 2 15 1.596 65
1 85 2 1 0.016 13
1 85 2 18 2.108 71
1 85 2 1 0.024 16
1 85 2 1 0.014 13
1 85 1 12 1.742 62
1 88 2 1 0.006 11
1 87 3 1 0.01 12
1 87 3 1 0.008 11
1 87 3 1 0.004 10
1 87 3 1 0.01 13
1 87 3 1 0.006 11
1 87 3 1 0.012 12
1 86 3 1 0.008 12
1 86 3 1 0.006 11
1 86 3 1 0.008 12
1 86 3 1 0.006 11
1 86 3 1 0.004 11
1 86 3 1 0.01 13
1 84 1 6 0.856 51
1 84 1 6 0.668 47
1 84 2 7 0.904 52
1 84 2 8 0.876 50
1 84 2 8 0.852 49
1 84 2 7 0.846 50
1 83 2 9 1.138 56
1 83 2 9 1.95 64
1 83 2 9 1.268 60
1 83 1 9 1.14 55
1 83 1 9 1.104 54
1 83 1 11 1.046 56
1 82 2 10 1.456 60
1 82 2 11 1.208 60
1 82 2 11 1.296 59
1 82 2 15 1.622 61
1 82 2 15 1.74 64
1 82 2 10 1.522 64
1 81 2 9 1.304 57
1 81 1 8 1.066 55
1 81 1 9 0.906 51
1 81 1 8 0.802 50
1 81 1 7 0.954 53
1 81 1 7 0.854 49
1 80 1 8 0.886 51
1 80 1 8 1.16 56
1 80 1 7 0.678 47
1 80 1 10 0.85 50
1 80 2 8 0.622 45
1 80 2 9 1.336 58
1 79 2 8 0.852 50
1 79 2 7 0.722 48
1 79 2 8 0.8 50
1 79 1 7 0.618 44
1 79 1 7 0.742 50
1 79 1 8 0.736 47
1 78 2 5 0.71 48
1 78 2 4 0.468 41
1 78 1 6 0.748 49
1 78 1 7 0.656 46
1 78 1 6 0.712 47
1 78 1 5 0.594 43
1 77 2 6 0.834 49
1 77 2 6 0.646 47
1 77 2 7 0.736 48
1 77 1 1 0.02 15
1 77 1 4 0.516 41
1 77 1 1 0.016 13
1 76 1 1 0.032 17
1 76 1 1 0.028 16
1 76 1 1 0.016 14
1 76 2 1 0.022 15
1 76 2 1 0.016 14
1 76 2 1 0.014 15
1 73 1 5 0.742 49
1 73 2 8 0.792 52
1 73 2 3 0.296 34
1 73 1 6 0.686 45
1 73 1 5 0.578 45
1 73 1 4 0.67 47
1 75 2 4 0.46 41
1 75 2 7 0.936 50
1 75 2 5 0.676 46
1 75 2 6 0.644 47
1 75 1 4 0.424 39
1 75 1 5 0.628 47
1 74 2 9 0.852 52
1 74 2 1 0.026 16
1 74 1 7 0.668 46
1 74 1 7 0.71 47
1 74 1 9 0.7 47
1 74 1 6 0.492 41
1 72 1 6 0.852 48
1 72 1 5 0.752 49
1 72 2 7 0.65 47
1 72 2 4 0.43 39
1 72 2 5 0.476 41
1 72 2 6 0.688 48
1 71 1 5 0.645223408350916 47
1 71 1 5 0.528063383077256 44
1 71 2 6 0.55889990769086 45
1 71 2 7 1.25488976889911 59
1 71 2 5 0.454845448150225 42
1 71 2 6 0.765536504327292 50
1 70 1 13 1.2874347697086 59
1 70 2 13 1.4552012415772 62
1 70 2 7 1.19244253885011 58
1 70 2 1 0.00832606945963199 11
1 70 2 1 0.010796342970298 12
1 70 2 1 0.00832606945963199 11
1 69 3 1 0.01 12
1 69 3 1 0.01 11
1 69 3 1 0.01 12
1 69 3 1 0.014 13
1 69 3 1 0.014 13
1 69 3 1 0.008 11
1 68 1 7 0.756 51
1 68 2 6 1.232 59
1 68 2 1 0.018 15
1 68 2 9 0.94 52
1 68 1 9 1.01 52
1 68 1 4 0.574 43
1 67 2 8 1.76 64
1 67 2 8 0.642 52
1 67 1 1 0.018 14
1 67 1 11 2.154 68
1 67 1 1 0.016 15
1 67 1 13 1.404 61
1 66 1 7 0.902 53
1 66 1 1 0.014 14
1 66 1 15 1.356 63
1 66 2 1 0.02 15
1 66 2 1 0.014 13
1 66 2 1 0.016 14
1 65 1 1 0.01 13
1 65 1 1 0.01 12
1 65 1 1 0.014 13
1 65 1 1 0.014 13
1 65 2 1 0.014 13
1 65 2 1 0.016 13
1 64 3 1 0.012 12
1 64 3 1 0.016 13
1 64 3 1 0.014 13
1 64 3 1 0.018 14
1 64 3 1 0.012 13
1 64 3 1 0.012 12
1 60 1 5 0.648 45
1 60 1 7 0.864 49
1 60 2 6 0.83 50
1 60 2 5 0.632 44
1 60 2 5 0.534 44
1 60 2 1 0.018 14
1 63 2 8 0.912 52
1 63 2 10 1.64 67
1 63 2 6 0.684 47
1 63 2 7 1.076 56
1 63 2 1 0.014 14
1 63 2 1 0.008 12
1 62 2 8 1.368 60
1 62 2 6 0.946 51
1 62 2 11 1.126 58
1 62 1 11 1.05 57
1 62 1 1 0.016 14
1 62 1 1 0.022 15
1 61 1 6 1.05 52
1 61 1 6 0.926 50
1 61 2 7 0.93 53
1 61 2 7 0.802 51
1 61 2 6 0.762 48
1 61 2 6 0.79 49
1 59 2 6 0.888 55
1 59 2 6 0.628 45
1 59 2 6 0.778 49
1 59 1 6 0.858 48
1 59 1 5 0.48 43
1 59 1 1 0.016 14
1 58 1 10 1.392 61
1 58 2 7 0.918 51
1 58 2 8 1.556 59
1 58 2 6 0.746 49
1 58 2 6 0.834 51
1 58 1 5 0.554 45
1 57 1 7 0.704 46
1 57 1 8 0.732 48
1 57 1 5 0.522 42
1 57 1 6 0.694 46
1 57 2 6 0.618 45
1 57 2 5 0.66 47
1 56 1 6 0.72 47
1 56 1 4 0.474 41
1 56 1 1 0.022 15
1 56 2 6 0.684 45
1 56 2 6 0.81 49
1 56 2 5 0.642 45
1 55 2 8 1.128 52
1 55 2 5 0.84 51
1 55 2 10 1.256 58
1 55 2 5 0.61 45
1 55 1 5 0.69 44
1 55 1 3 0.19 31
1 54 1 6 0.7 46
1 54 1 5 0.65 45
1 54 1 6 0.712 48
1 54 2 6 0.72 47
1 54 2 5 0.756 46
1 54 2 5 0.67 47
1 53 2 5 0.552 44
1 53 2 4 0.44 41
1 53 1 10 1.57 58
1 53 1 5 0.562 46
1 53 1 6 0.538 44
1 53 1 7 0.524 44
1 52 1 6 0.722 48
1 52 1 1 0.03 17
1 52 1 6 0.548 44
1 52 1 2 0.038 19
1 52 1 6 0.662 46
1 52 1 4 0.418 38
1 51 1 6 0.61 45
1 51 1 7 0.87 50
1 51 1 6 0.85 50
1 51 2 5 0.562 43
1 51 2 7 0.608 47
1 51 2 4 0.474 40
1 50 2 7 0.902 54
1 50 2 6 0.682 47
1 50 1 6 0.71 46
1 50 1 2 0.106 25
1 50 1 7 0.678 47
1 50 1 6 0.714 48
1 49 2 6 0.794 48
1 49 2 3 0.386 38
1 49 2 5 0.616 43
1 49 2 5 0.454 40
1 49 2 6 1.222 55
1 49 1 5 0.482 42
1 48 2 6 0.758 46
1 48 2 6 0.738 48
1 48 2 6 0.794 51
1 48 1 6 0.43 41
1 48 1 1 0.012 13
1 48 1 8 1.032 54
1 47 1 5 0.496 41
1 47 1 2 0.098 24
1 47 1 5 0.558 44
1 47 1 1 0.018 15
1 47 2 7 0.69 48
1 47 2 2 0.046 19
1 46 1 6 0.85 49
1 46 1 5 0.57 43
1 46 1 6 0.71 49
1 46 2 6 0.636 44
1 46 2 6 0.658 47
1 46 2 7 0.836 51
1 45 2 7 0.882 51
1 45 2 8 1.018 53
1 45 2 1 0.026 16
1 45 2 5 0.658 46
1 45 1 6 0.784 47
1 45 1 7 0.852 49
1 44 1 4 0.55 44
1 44 1 5 0.448 41
1 44 1 5 0.524 44
1 44 2 4 0.404 39
1 44 2 1 0.014 14
1 44 2 1 0.026 16
1 43 2 7 0.738 52
1 43 1 8 0.526 44
1 43 1 8 0.748 49
1 43 1 4 0.506 42
1 43 1 6 0.694 49
1 43 1 4 0.574 42
1 42 2 9 0.896 51
1 42 2 6 0.71 50
1 42 2 6 0.882 50
1 42 1 5 0.704 48
1 42 1 6 0.8 49
1 42 1 9 0.754 49
1 41 1 1 0.016 14
1 41 1 1 0.028 15
1 41 2 1 0.034 17
1 41 2 1 0.026 15
1 41 2 1 0.016 13
1 41 2 1 0.022 14
1 40 2 1 0.03 16
1 40 2 1 0.028 16
1 40 2 8 1.01 53
1 40 1 1 0.032 17
1 40 1 1 0.018 14
1 40 1 1 0.03 16
1 39 2 6 0.846 49
1 39 2 6 0.848 50
1 39 1 8 0.938 51
1 39 1 7 0.672 46
1 39 1 10 1.122 54
1 39 1 5 0.546 43
1 38 1 5 0.466 40
1 38 1 7 0.706 45
1 38 1 6 0.72 47
1 38 1 5 0.604 44
1 38 1 5 0.526 43
1 38 2 8 0.766 49
