1 22 1 NA 1.22228101736594 58
1 22 1 11 1.42465222704847 61
1 22 1 16 1.64835816438098 64
1 26 3 1 0.0062277650938888 10
1 26 3 1 0.0136658969169787 13
1 26 3 1 0.0062277650938888 10
1 26 3 1 0.0062277650938888 10
1 26 1 12 1.8098863253998 66
1 26 2 12 1.38623340171885 61
1 26 2 12 1.13209739428148 57
1 26 2 11 1.75387914201929 66
1 26 2 12 1.4552012415772 62
1 26 2 16 2.09076017603334 70
1 22 2 14 1.4552012415772 62
1 22 2 11 0.963317031233514 54
1 22 2 9 0.860651749381272 52
1 22 2 15 1.31947481561824 60
1 22 2 14 1.25488976889911 59
1 20 2 7 0.911022741819148 53
1 26 3 1 0.0170625580150927 14
1 20 2 8 0.677684896328169 48
1 20 2 NA 0.596810365125118 46
1 20 2 6 0.454845448150225 42
1 20 2 6 0.522626183152471 44
1 20 2 5 0.55889990769086 45
1 20 2 7 0.487953323210794 43
1 20 2 7 0.596810365125118 46
1 20 2 7 0.677684896328169 48
1 20 2 7 0.765536504327292 50
1 20 2 10 0.765536504327292 50
1 22 2 10 2.09076017603334 70
1 22 2 16 2.27424006459455 72
1 22 2 12 1.67571730531301 65
1 20 2 7 0.487953323210794 43
1 22 1 10 1.7278562172771 65
1 22 1 10 1.2874347697086 59
1 22 1 11 2.07157356402859 69
1 22 1 16 1.42465222704847 61
1 22 1 10 1.2874347697086 59
1 22 1 10 1.09868209914911 56
1 22 1 14 1.35487840651185 60
1 22 1 18 1.64835816438098 64
1 22 1 19 1.22228101736594 58
1 22 1 11 1.64835816438098 64
1 22 2 14 1.31947481561824 60
1 22 2 16 1.25488976889911 59
1 22 2 13 2.09076017603334 70
1 22 2 17 1.59990749922341 64
1 22 2 12 1.25488976889911 59
1 22 2 12 1.13209739428148 57
1 22 2 12 1.59990749922341 64
1 20 2 6 0.720720651873109 49
1 20 2 8 1.07381859537678 56
1 20 2 5 0.454845448150225 42
1 24 2 5 0.522626183152471 44
1 24 2 6 0.636393412595257 47
1 24 2 6 0.860651749381272 52
1 24 2 5 0.423266666569362 41
1 24 3 1 0.0209795409075551 15
1 24 1 5 0.458467090515667 42
1 24 2 6 0.860651749381272 52
1 19 1 3 0.0948022334245762 25
1 19 1 3 0.148813366034225 29
1 19 1 13 1.22228101736594 58
1 19 1 7 0.826941938002479 51
1 19 1 7 0.983759784520098 54
1 19 1 5 0.778659695743356 50
1 19 1 3 0.148813366034225 29
1 19 1 6 0.687840433858683 48
1 19 1 3 0.13376513179291 28
1 19 1 3 0.164957168912451 30
1 19 1 3 0.164957168912451 30
1 19 1 2 0.0481289014985585 20
1 19 1 2 0.119773278667969 27
1 19 1 7 1.09868209914911 56
1 19 1 3 0.119773278667969 27
1 19 1 6 0.528063383077256 44
1 19 1 3 0.10679867230782 26
1 19 1 3 0.119773278667969 27
1 19 1 3 0.200688486024396 32
1 19 1 3 0.200688486024396 32
1 19 1 2 0.182235779350765 31
1 19 1 8 0.826941938002479 51
1 19 1 3 0.148813366034225 29
1 19 1 3 0.148813366034225 29
1 19 2 2 0.263893475089143 35
1 19 2 3 0.221372717435218 33
1 19 2 3 0.166542675902083 30
1 19 2 7 0.963317031233514 54
1 19 2 3 0.166542675902083 30
1 19 2 3 0.150508800114173 29
1 19 2 3 0.201938584171938 32
1 19 2 2 0.166542675902083 30
1 19 2 7 0.765536504327292 50
1 19 2 5 0.522626183152471 44
1 19 2 2 0.18367391774336 31
1 19 2 4 0.720720651873109 49
1 19 2 2 0.135536215008145 28
1 19 2 2 0.242012344010376 34
1 19 2 2 0.0966251848252642 25
1 19 2 3 0.108630527589575 26
1 19 2 2 0.150508800114173 29
1 10 2 11 1.4552012415772 62
1 10 2 11 1.31947481561824 60
1 10 2 NA 1.25488976889911 59
1 10 2 14 1.91740159848383 68
1 10 2 13 1.67571730531301 65
1 10 2 16 1.52641404137297 63
1 10 2 1 0.00832606945963199 11
1 10 2 2 0.00832606945963199 11
1 10 1 2 0.0101959911081428 12
1 10 1 12 1.09868209914911 56
1 10 1 10 1.49679655612453 62
1 10 1 14 1.49679655612453 62
1 10 1 13 1.64835816438098 64
1 10 1 17 1.8098863253998 66
1 10 1 14 1.7278562172771 65
1 10 1 13 2.25943413645593 71
1 10 1 13 1.64835816438098 64
1 10 1 15 1.2874347697086 59
1 10 1 16 1.04015646621315 55
1 10 1 14 1.42465222704847 61
1 10 1 13 1.2874347697086 59
1 10 1 15 1.57135174367646 63
1 10 1 16 1.8944889354247 67
1 10 1 17 2.77835998778523 76
1 10 1 11 1.57135174367646 63
1 10 1 14 1.42465222704847 61
1 10 1 12 1.04015646621315 55
1 10 2 12 0.963317031233514 54
1 10 2 12 1.59990749922341 64
1 10 2 12 1.67571730531301 65
1 10 2 12 1.83442868403452 67
1 10 2 14 1.59990749922341 64
1 22 1 11 1.2874347697086 59
1 22 1 12 1.35487840651185 60
1 22 1 8 1.09868209914911 56
1 20 2 8 0.636393412595257 47
1 20 1 6 0.778659695743356 50
1 20 2 8 0.677684896328169 48
1 20 2 8 0.720720651873109 49
1 20 2 7 0.55889990769086 45
1 20 2 7 0.636393412595257 47
1 20 2 6 0.522626183152471 44
1 20 2 8 1.19244253885011 58
1 20 2 5 0.522626183152471 44
1 20 2 5 0.454845448150225 42
1 20 2 8 0.596810365125118 46
1 20 2 10 1.01757039353941 55
1 20 2 8 0.963317031233514 54
1 20 2 7 0.720720651873109 49
1 20 2 5 0.636393412595257 47
1 20 2 7 0.911022741819148 53
1 20 2 7 0.812168268552216 51
1 20 2 7 0.812168268552216 51
1 20 1 8 0.877192642841716 52
1 20 1 7 0.604414834877932 46
1 20 1 7 0.528063383077256 44
1 20 1 6 0.528063383077256 44
1 20 1 8 0.877192642841716 52
1 18 1 7 0.826941938002479 51
1 18 1 NA 1.09868209914911 56
1 18 1 7 1.42465222704847 61
1 19 2 8 1.07381859537678 56
1 19 2 7 1.4552012415772 62
1 19 2 3 0.166542675902083 30
1 19 2 7 0.911022741819148 53
1 19 1 5 0.687840433858683 48
1 19 1 7 0.732305867180272 49
1 19 1 7 0.877192642841716 52
1 19 1 7 0.877192642841716 52
1 19 1 7 0.983759784520098 54
1 19 1 9 1.09868209914911 56
1 19 1 7 0.929451889000328 53
1 21 1 7 0.687840433858683 48
1 21 1 3 0.10679867230782 26
1 21 1 2 0.064291998647329 22
1 21 1 NA 0.119773278667969 27
1 21 1 2 0.0948022334245762 25
1 21 1 2 0.083744939831874 24
1 21 1 4 0.42610259517279 41
1 21 3 1 0.030522417045663 17
1 21 1 2 0.0558186128936075 21
1 21 1 8 0.983759784520098 54
1 21 1 6 0.645223408350916 47
1 21 1 NA 0.983759784520098 54
1 21 1 2 0.083744939831874 24
1 21 1 NA 0.182235779350765 31
1 21 1 8 0.604414834877932 46
1 21 1 2 0.0948022334245762 25
1 21 1 7 0.687840433858683 48
1 21 1 5 0.565374789957043 45
1 21 1 NA 0.826941938002479 51
1 21 1 2 0.0735878286427455 23
1 21 1 2 0.0948022334245762 25
1 21 1 6 0.565374789957043 45
1 23 2 7 0.677684896328169 48
1 23 2 5 0.636393412595257 47
1 23 2 7 0.963317031233514 54
1 23 2 7 0.860651749381272 52
1 19 2 2 0.221372717435218 33
1 19 2 2 0.121588827785628 27
1 19 2 3 0.108630527589575 26
1 19 2 8 1.01757039353941 55
1 19 2 5 0.812168268552216 51
1 19 2 3 0.135536215008145 28
1 19 2 3 0.201938584171938 32
1 19 2 NA 1.31947481561824 60
1 19 2 7 0.911022741819148 53
1 19 2 6 0.765536504327292 50
1 19 2 2 0.135536215008145 28
1 19 2 3 0.18367391774336 31
1 19 2 3 0.201938584171938 32
1 19 2 6 0.55889990769086 45
1 19 2 7 0.911022741819148 53
1 18 1 6 0.458467090515667 42
1 18 1 7 0.826941938002479 51
1 18 1 11 1.7278562172771 65
1 18 1 3 0.13376513179291 28
1 18 1 14 1.8944889354247 67
1 18 1 7 0.778659695743356 50
1 19 2 3 0.201938584171938 32
1 19 2 3 0.150508800114173 29
1 19 2 2 0.135536215008145 28
1 19 2 2 0.121588827785628 27
1 18 1 14 1.15937687616058 57
1 18 1 12 1.49679655612453 62
1 18 1 11 1.04015646621315 55
1 18 1 13 2.07157356402859 69
1 18 1 17 1.09868209914911 56
1 18 1 12 1.57135174367646 63
1 18 1 11 1.8098863253998 66
1 18 1 12 1.49679655612453 62
1 18 1 7 0.983759784520098 54
1 18 1 11 1.64835816438098 64
1 18 2 10 1.4552012415772 62
1 18 1 15 1.22228101736594 58
1 18 1 8 0.983759784520098 54
1 18 1 12 1.64835816438098 64
1 18 1 NA 1.35487840651185 60
1 18 1 11 1.2874347697086 59
1 18 1 16 1.57135174367646 63
1 18 1 11 1.42465222704847 61
1 18 1 12 1.2874347697086 59
1 18 1 14 1.7278562172771 65
1 18 1 6 1.04015646621315 55
1 18 2 2 0.150508800114173 29
1 18 2 14 1.91740159848383 68
1 18 2 7 1.25488976889911 59
1 18 2 2 0.108630527589575 26
1 18 2 7 1.38623340171885 61
1 18 2 12 1.91740159848383 68
1 18 2 7 1.4552012415772 62
1 18 2 8 1.59990749922341 64
1 18 2 18 2.00283354503976 69
1 18 2 12 1.75387914201929 66
1 18 2 8 0.911022741819148 53
1 18 2 7 1.01757039353941 55
1 18 2 9 1.13209739428148 57
1 18 2 14 2.27424006459455 72
1 18 2 15 1.13209739428148 57
1 18 2 7 1.01757039353941 55
1 18 2 7 0.963317031233514 54
1 18 2 7 1.52641404137297 63
1 26 2 13 2.18121713656205 71
1 26 2 12 1.13209739428148 57
1 26 2 12 1.83442868403452 67
1 26 2 15 1.83442868403452 67
1 26 3 1 0.0209795409075551 15
1 26 3 2 0.0209795409075551 15
1 26 3 1 0.0170625580150927 14
1 26 3 1 0.0107525563546564 12
1 26 3 1 0.0107525563546564 12
1 26 3 1 0.0136658969169787 13
1 26 3 1 0.0136658969169787 13
1 26 3 2 0.030522417045663 17
1 26 3 1 0.0209795409075551 15
1 26 3 1 0.00828552194843732 11
1 26 3 1 0.00828552194843732 11
1 21 3 1 0.0209795409075551 15
1 21 3 1 0.0209795409075551 15
1 21 3 1 0.0254538346765266 16
1 21 3 1 0.030522417045663 17
1 21 3 1 0.0254538346765266 16
1 23 1 3 0.10679867230782 26
1 21 1 6 0.645223408350916 47
1 21 1 4 0.148813366034225 29
1 21 1 5 0.528063383077256 44
1 21 1 2 0.10679867230782 26
1 21 1 2 0.064291998647329 22
1 21 1 2 0.10679867230782 26
1 21 2 3 0.0855366504286305 24
1 21 2 2 0.121588827785628 27
1 21 2 5 0.522626183152471 44
1 21 2 2 0.0753287550755299 23
1 21 2 3 0.108630527589575 26
1 21 2 2 0.0855366504286305 24
1 21 2 2 0.0659653083245264 22
1 21 2 2 0.0966251848252642 25
1 21 2 2 0.0753287550755299 23
1 21 2 3 0.0966251848252642 25
1 21 2 2 0.0855366504286305 24
1 21 2 2 0.0659653083245264 22
1 21 2 2 0.0659653083245264 22
1 21 2 2 0.0966251848252642 25
1 21 2 3 0.0855366504286305 24
1 23 2 6 0.55889990769086 45
1 23 2 7 0.963317031233514 54
1 23 2 5 0.636393412595257 47
1 23 2 5 0.596810365125118 46
1 23 2 8 0.720720651873109 49
1 23 2 8 0.720720651873109 49
1 23 2 7 1.01757039353941 55
1 23 2 7 0.860651749381272 52
1 23 2 5 0.812168268552216 51
1 23 2 6 0.765536504327292 50
1 23 2 7 0.765536504327292 50
1 23 2 8 1.01757039353941 55
1 23 2 6 0.860651749381272 52
1 23 1 8 0.778659695743356 50
1 23 1 8 0.732305867180272 49
1 23 1 6 0.565374789957043 45
1 23 1 5 0.565374789957043 45
1 23 1 6 0.492440757404064 43
1 23 1 7 0.877192642841716 52
1 23 1 7 0.687840433858683 48
1 23 1 5 0.778659695743356 50
1 23 1 8 0.687840433858683 48
1 23 1 6 0.528063383077256 44
1 23 1 NA 0.528063383077256 44
1 23 1 6 0.877192642841716 52
1 23 1 10 1.04015646621315 55
1 23 1 8 0.929451889000328 53
1 23 1 8 0.778659695743356 50
1 23 1 7 0.645223408350916 47
1 23 1 8 0.604414834877932 46
1 18 2 7 1.19244253885011 58
1 18 2 18 1.38623340171885 61
1 18 2 7 1.07381859537678 56
1 18 2 3 0.18367391774336 31
1 18 2 2 0.108630527589575 26
1 18 2 12 1.31947481561824 60
1 18 2 2 0.121588827785628 27
1 18 2 7 1.25488976889911 59
1 18 2 3 0.18367391774336 31
1 18 2 8 1.07381859537678 56
1 18 2 6 0.963317031233514 54
1 23 1 6 0.687840433858683 48
1 23 1 10 0.877192642841716 52
1 23 1 6 0.732305867180272 49
1 23 1 9 0.929451889000328 53
1 23 1 7 0.645223408350916 47
1 23 1 8 0.645223408350916 47
1 23 1 8 0.983759784520098 54
1 23 1 5 0.604414834877932 46
1 23 1 7 0.778659695743356 50
1 23 1 6 0.732305867180272 49
1 23 1 3 0.10679867230782 26
1 26 2 14 1.52641404137297 63
1 26 2 14 1.67571730531301 65
1 26 2 16 1.83442868403452 67
1 26 2 13 1.59990749922341 64
1 26 2 17 3.00023978900932 79
1 26 2 14 2.00283354503976 69
1 26 2 14 1.83442868403452 67
1 22 1 13 1.98170451732336 68
1 22 1 16 1.7278562172771 65
1 22 2 12 1.75387914201929 66
1 22 2 9 1.31947481561824 60
1 22 2 14 1.59990749922341 64
1 22 2 11 1.38623340171885 61
1 22 2 14 1.25488976889911 59
1 22 2 14 1.75387914201929 66
1 22 2 17 2.00283354503976 69
1 22 2 12 1.52641404137297 63
1 22 2 8 1.38623340171885 61
1 22 2 17 1.67571730531301 65
1 22 2 16 2.00283354503976 69
1 22 2 12 1.67571730531301 65
1 22 2 NA 1.19244253885011 58
1 22 2 16 1.52641404137297 63
1 23 1 5 0.458467090515667 42
1 21 1 7 0.492440757404064 43
1 23 2 7 0.812168268552216 51
1 21 3 1 0.0254538346765266 16
1 20 2 7 0.911022741819148 53
1 20 2 6 0.55889990769086 45
1 20 2 7 0.487953323210794 43
1 22 2 NA 1.38623340171885 61
1 22 2 14 1.67571730531301 65
1 22 2 18 2.00283354503976 69
1 22 2 11 1.59990749922341 64
1 22 2 11 1.4552012415772 62
1 26 2 17 2.36986459107253 73
1 26 3 2 0.0107525563546564 12
1 26 3 1 0.0170625580150927 14
1 6 1 9 1.09868209914911 56
1 6 1 14 1.2874347697086 59
1 6 1 13 0.877192642841716 52
1 6 1 15 1.8098863253998 66
1 6 1 8 1.09868209914911 56
1 6 1 8 0.826941938002479 51
1 6 1 7 0.687840433858683 48
1 6 1 2 0.064291998647329 22
1 6 1 2 0.083744939831874 24
1 10 2 12 1.52641404137297 63
1 10 2 12 2.46812634000966 74
1 10 2 12 2.18121713656205 71
1 10 1 1 0.0130027953378209 13
1 10 2 1 0.0137112270240232 13
1 10 2 1 0.010796342970298 12
1 10 2 2 0.010796342970298 12
1 24 2 8 0.636393412595257 47
1 24 2 5 0.677684896328169 48
1 24 2 6 0.812168268552216 51
1 24 2 6 0.487953323210794 43
1 24 2 6 0.522626183152471 44
1 24 2 9 0.720720651873109 49
1 24 2 7 0.720720651873109 49
1 24 2 7 0.963317031233514 54
1 24 2 5 0.596810365125118 46
1 24 2 NA 0.596810365125118 46
1 24 2 6 0.522626183152471 44
1 24 2 9 1.38623340171885 61
1 24 2 6 0.720720651873109 49
1 24 2 7 0.55889990769086 45
1 24 2 6 0.393181075098724 40
1 24 2 10 0.860651749381272 52
1 24 2 7 0.636393412595257 47
1 24 2 7 1.07381859537678 56
1 24 2 7 1.19244253885011 58
1 24 2 7 0.860651749381272 52
1 24 2 4 0.337345787377907 38
1 24 2 10 1.4552012415772 62
1 24 2 6 0.55889990769086 45
1 24 2 5 0.487953323210794 43
1 24 2 6 0.860651749381272 52
1 24 2 8 0.963317031233514 54
1 24 2 5 0.55889990769086 45
1 24 2 5 0.636393412595257 47
1 24 2 5 0.522626183152471 44
1 24 2 6 0.55889990769086 45
1 24 2 6 0.596810365125118 46
1 24 2 5 0.636393412595257 47
1 24 2 5 0.487953323210794 43
1 24 2 7 0.812168268552216 51
1 24 2 8 0.720720651873109 49
1 24 2 6 0.393181075098724 40
1 24 1 7 0.687840433858683 48
1 24 1 7 0.877192642841716 52
1 24 1 4 0.565374789957043 45
1 24 1 7 0.877192642841716 52
1 24 1 NA 0.778659695743356 50
1 24 1 6 0.604414834877932 46
1 24 1 5 0.492440757404064 43
1 24 1 6 0.565374789957043 45
1 24 1 5 0.687840433858683 48
1 24 1 7 0.778659695743356 50
1 24 1 6 0.565374789957043 45
1 24 1 6 0.877192642841716 52
1 24 1 6 0.528063383077256 44
1 24 1 6 0.565374789957043 45
1 24 1 6 0.732305867180272 49
1 24 1 5 0.645223408350916 47
1 24 1 6 0.687840433858683 48
1 24 1 7 0.929451889000328 53
1 24 1 5 0.604414834877932 46
1 24 1 6 0.732305867180272 49
1 24 1 6 0.732305867180272 49
1 24 1 5 0.42610259517279 41
1 24 1 6 0.732305867180272 49
1 24 1 5 0.604414834877932 46
1 28 2 5 0.393181075098724 40
1 28 2 6 0.364552758104586 39
1 28 2 5 0.28705210703384 36
1 28 2 6 0.423266666569362 41
1 28 2 7 0.423266666569362 41
1 28 2 4 0.263893475089143 35
1 28 2 4 0.364552758104586 39
1 28 2 4 0.311524221807164 37
1 28 2 4 0.263893475089143 35
1 28 2 6 0.311524221807164 37
1 28 2 5 0.393181075098724 40
1 28 2 4 0.337345787377907 38
1 28 2 7 0.596810365125118 46
1 28 2 5 0.423266666569362 41
1 28 2 4 0.311524221807164 37
1 28 2 5 0.393181075098724 40
1 28 1 5 0.366042150952357 39
1 28 1 4 0.263484784681414 35
1 28 1 5 0.33826681095657 38
1 28 1 4 0.33826681095657 38
1 28 1 5 0.241273582358047 34
1 28 1 4 0.22035462581468 33
1 28 1 7 0.33826681095657 38
1 28 1 4 0.241273582358047 34
1 28 1 7 0.492440757404064 43
1 28 1 4 0.311941862085942 37
1 28 1 5 0.263484784681414 35
1 28 1 6 0.33826681095657 38
1 28 1 4 0.263484784681414 35
1 28 1 6 0.263484784681414 35
1 28 1 4 0.22035462581468 33
1 28 1 4 0.287027705916438 36
1 28 1 5 0.263484784681414 35
1 28 1 4 0.287027705916438 36
1 28 1 5 0.366042150952357 39
1 28 1 5 0.458467090515667 42
1 28 1 6 0.311941862085942 37
1 28 1 6 0.287027705916438 36
1 15 1 3 0.13376513179291 28
1 15 1 3 0.164957168912451 30
1 15 1 4 0.241273582358047 34
1 15 1 16 1.98170451732336 68
1 15 1 4 0.13376513179291 28
1 15 1 3 0.0411841647222761 19
1 15 1 4 0.148813366034225 29
1 15 1 4 0.13376513179291 28
1 15 1 4 0.241273582358047 34
1 15 1 4 0.148813366034225 29
1 15 1 3 0.10679867230782 26
1 15 1 4 0.311941862085942 37
1 15 1 7 0.604414834877932 46
1 15 1 3 0.0558186128936075 21
1 15 1 8 0.983759784520098 54
1 16 2 2 0.0659653083245264 22
1 16 2 16 2.09076017603334 70
1 16 2 7 0.860651749381272 52
1 16 2 8 0.860651749381272 52
1 17 2 4 0.221372717435218 33
1 17 2 4 0.393181075098724 40
1 17 2 5 0.393181075098724 40
1 17 2 4 0.242012344010376 34
1 17 2 4 0.201938584171938 32
1 17 2 4 0.311524221807164 37
1 17 2 5 0.337345787377907 38
1 17 2 5 0.454845448150225 42
1 17 2 4 0.337345787377907 38
1 17 2 6 0.522626183152471 44
1 17 2 6 0.454845448150225 42
1 17 2 4 0.423266666569362 41
1 17 2 19 2.36986459107253 73
1 17 2 4 0.263893475089143 35
1 17 2 5 0.423266666569362 41
1 17 2 5 0.364552758104586 39
1 17 2 5 0.393181075098724 40
1 17 2 4 0.337345787377907 38
1 17 2 4 0.221372717435218 33
1 17 2 6 0.522626183152471 44
1 17 2 6 0.812168268552216 51
1 17 2 6 0.636393412595257 47
1 17 2 5 0.364552758104586 39
1 15 2 4 0.393181075098724 40
1 15 2 7 0.596810365125118 46
1 15 2 5 0.221372717435218 33
1 15 2 5 0.337345787377907 38
1 15 2 6 0.454845448150225 42
1 15 2 4 0.166542675902083 30
1 15 2 4 0.18367391774336 31
1 15 2 6 0.522626183152471 44
1 15 2 7 0.860651749381272 52
1 15 2 4 0.18367391774336 31
1 15 2 5 0.364552758104586 39
1 15 2 6 0.393181075098724 40
1 15 2 4 0.263893475089143 35
1 26 3 1 0.0170625580150927 14
1 22 2 16 2.09076017603334 70
1 22 1 16 2.16413659110954 70
1 22 2 12 1.13209739428148 57
1 20 2 7 0.812168268552216 51
1 21 1 2 0.083744939831874 24
1 21 1 2 0.064291998647329 22
1 21 2 2 0.135536215008145 28
1 23 2 5 0.55889990769086 45
1 23 1 5 0.604414834877932 46
1 23 1 8 0.929451889000328 53
1 26 2 10 1.38623340171885 61
1 26 3 1 0.00828552194843732 11
1 25 1 16 2.16413659110954 70
1 25 2 NA 2.27424006459455 72
1 24 1 6 0.458467090515667 42
1 24 2 7 1.13209739428148 57
1 24 2 4 0.423266666569362 41
1 3 2 8 0.55889990769086 45
1 3 2 6 0.487953323210794 43
1 3 2 7 0.677684896328169 48
1 3 2 5 0.765536504327292 50
1 3 2 7 0.765536504327292 50
1 3 2 6 0.522626183152471 44
1 3 2 6 0.522626183152471 44
1 3 2 5 0.454845448150225 42
1 3 2 7 0.720720651873109 49
1 3 2 7 0.636393412595257 47
1 3 2 7 0.636393412595257 47
1 3 2 6 0.636393412595257 47
1 3 2 6 0.720720651873109 49
1 3 3 1 0.0170625580150927 14
1 3 3 1 0.0254538346765266 16
1 3 3 1 0.0254538346765266 16
1 3 3 1 0.0209795409075551 15
1 3 3 1 0.0136658969169787 13
1 7 2 15 2.18121713656205 71
1 7 2 16 2.77909105979512 77
1 9 2 14 1.83442868403452 67
1 9 2 14 2.56906092858782 75
1 9 2 17 3.11507260082387 80
1 11 2 4 0.150508800114173 29
1 11 2 7 0.963317031233514 54
1 11 2 2 0.108630527589575 26
1 11 1 2 0.10679867230782 26
1 12 3 1 0.0254538346765266 16
1 12 3 1 0.0254538346765266 16
1 12 3 1 0.0170625580150927 14
1 12 2 7 1.01757039353941 55
1 12 2 NA 0.677684896328169 48
1 1 1 12 1.42465222704847 61
1 1 1 14 1.8098863253998 66
1 1 1 NA 1.8098863253998 66
1 1 1 NA 1.2874347697086 59
1 1 1 14 1.8944889354247 67
1 1 1 14 1.7278562172771 65
1 1 1 15 1.2874347697086 59
1 1 1 12 1.35487840651185 60
1 1 1 2 0.13376513179291 28
1 1 1 2 0.164957168912451 30
1 1 1 2 0.13376513179291 28
1 1 1 13 2.66878102256086 75
1 1 1 16 1.57135174367646 63
1 1 1 14 1.64835816438098 64
1 1 1 12 2.07157356402859 69
1 1 1 10 1.22228101736594 58
1 1 1 12 1.98170451732336 68
1 1 1 8 1.04015646621315 55
1 1 1 12 1.15937687616058 57
1 1 1 12 1.98170451732336 68
1 1 1 12 1.09868209914911 56
1 1 1 14 1.7278562172771 65
1 1 1 13 1.8944889354247 67
1 1 1 9 1.15937687616058 57
1 1 1 3 0.148813366034225 29
1 1 1 2 0.0735878286427455 23
1 1 2 11 2.00283354503976 69
1 1 2 NA 2.09076017603334 70
1 1 2 14 1.52641404137297 63
1 1 2 7 1.59990749922341 64
1 1 2 16 1.52641404137297 63
1 1 2 14 1.4552012415772 62
1 1 2 17 1.91740159848383 68
1 28 1 5 0.395307520124461 40
1 28 1 7 0.492440757404064 43
1 28 1 4 0.200688486024396 32
1 28 1 6 0.42610259517279 41
1 28 1 4 0.287027705916438 36
1 28 1 5 0.311941862085942 37
1 28 2 7 0.487953323210794 43
1 28 2 4 0.263893475089143 35
1 28 2 4 0.364552758104586 39
1 28 2 10 0.765536504327292 50
1 28 2 5 0.364552758104586 39
1 28 2 5 0.423266666569362 41
1 24 1 6 0.604414834877932 46
1 24 1 7 0.929451889000328 53
1 24 1 7 0.929451889000328 53
1 24 1 6 0.492440757404064 43
1 24 1 6 0.42610259517279 41
1 24 1 5 0.395307520124461 40
1 24 2 7 0.677684896328169 48
1 24 2 7 1.07381859537678 56
1 24 2 8 0.765536504327292 50
1 24 2 6 0.812168268552216 51
1 24 3 1 0.0209795409075551 15
1 24 2 NA 0.765536504327292 50
1 24 2 7 0.596810365125118 46
1 24 3 1 0.0254538346765266 16
1 24 3 1 0.0209795409075551 15
1 24 2 6 0.720720651873109 49
1 24 3 1 0.030522417045663 17
1 24 3 1 0.0136658969169787 13
1 24 2 7 0.636393412595257 47
1 24 2 6 0.487953323210794 43
1 24 2 7 0.812168268552216 51
1 24 2 NA 0.596810365125118 46
1 24 2 7 1.01757039353941 55
1 24 2 7 0.677684896328169 48
1 24 2 7 1.01757039353941 55
1 24 2 6 0.677684896328169 48
1 24 2 5 0.677684896328169 48
1 27 1 9 0.983759784520098 54
1 27 1 6 0.395307520124461 40
1 27 1 4 0.395307520124461 40
1 27 1 5 0.395307520124461 40
1 27 1 5 0.458467090515667 42
1 27 1 5 0.366042150952357 39
1 27 1 6 0.366042150952357 39
1 27 1 8 0.492440757404064 43
1 27 1 5 0.42610259517279 41
1 27 2 6 0.423266666569362 41
1 27 2 7 0.860651749381272 52
1 27 2 10 0.911022741819148 53
1 27 2 8 0.963317031233514 54
1 27 2 4 0.311524221807164 37
1 27 2 5 0.28705210703384 36
1 28 2 4 0.201938584171938 32
1 28 2 5 0.487953323210794 43
1 28 2 5 0.337345787377907 38
1 28 2 5 0.364552758104586 39
1 28 2 4 0.263893475089143 35
1 28 2 5 0.263893475089143 35
1 28 2 6 0.454845448150225 42
1 28 2 6 0.454845448150225 42
1 28 2 6 0.423266666569362 41
1 28 2 5 0.337345787377907 38
1 28 2 5 0.221372717435218 33
1 28 2 5 0.28705210703384 36
1 28 2 7 0.522626183152471 44
1 28 2 4 0.242012344010376 34
1 28 2 4 0.311524221807164 37
1 28 2 5 0.337345787377907 38
1 28 2 4 0.221372717435218 33
1 15 2 9 1.13209739428148 57
1 14 2 16 2.77909105979512 77
1 14 2 5 0.677684896328169 48
1 14 2 2 0.0496268875964245 20
1 17 1 4 0.22035462581468 33
1 17 1 6 0.33826681095657 38
1 17 1 4 0.311941862085942 37
1 17 1 4 0.263484784681414 35
1 17 1 6 0.42610259517279 41
1 17 1 4 0.33826681095657 38
1 17 1 4 0.311941862085942 37
1 17 1 5 0.395307520124461 40
1 17 1 6 0.492440757404064 43
1 17 1 4 0.366042150952357 39
1 17 1 4 0.263484784681414 35
1 17 1 5 0.395307520124461 40
1 17 1 4 0.241273582358047 34
1 17 1 4 0.241273582358047 34
1 17 1 4 0.311941862085942 37
1 17 1 5 0.42610259517279 41
1 17 1 6 0.395307520124461 40
1 17 1 7 0.528063383077256 44
1 17 1 6 0.311941862085942 37
1 17 1 4 0.366042150952357 39
1 17 1 5 0.42610259517279 41
1 17 1 4 0.200688486024396 32
1 17 1 4 0.395307520124461 40
1 17 1 4 0.287027705916438 36
1 17 1 6 0.492440757404064 43
1 17 2 4 0.28705210703384 36
1 17 2 4 0.28705210703384 36
1 17 2 5 0.263893475089143 35
1 17 2 4 0.28705210703384 36
1 17 2 5 0.263893475089143 35
1 17 2 7 0.55889990769086 45
1 17 2 5 0.55889990769086 45
1 17 2 5 0.423266666569362 41
1 14 1 NA 0.732305867180272 49
1 14 1 4 0.241273582358047 34
1 14 1 7 0.732305867180272 49
1 14 1 7 0.929451889000328 53
1 14 1 11 2.07157356402859 69
1 14 3 1 0.0209795409075551 15
1 14 3 1 0.0170625580150927 14
1 14 3 1 0.0362222550951168 18
1 14 3 1 0.0107525563546564 12
1 14 3 1 0.00454224165550516 9
1 14 3 1 0.0170625580150927 14
1 14 3 1 0.030522417045663 17
1 14 3 1 0.0362222550951168 18
1 14 3 1 0.030522417045663 17
1 14 2 2 0.0855366504286305 24
1 14 2 3 0.135536215008145 28
1 14 2 2 0.0753287550755299 23
1 14 2 2 0.0574100976844544 21
1 14 2 2 0.0753287550755299 23
1 14 2 2 0.0753287550755299 23
1 24 1 4 0.778659695743356 50
1 24 1 6 0.458467090515667 42
1 24 1 6 0.528063383077256 44
1 24 3 1 0.0209795409075551 15
1 24 2 5 0.487953323210794 43
1 22 2 11 1.52641404137297 63
1 18 2 2 0.221372717435218 33
1 28 2 6 0.393181075098724 40
1 28 2 5 0.201938584171938 32
1 28 1 7 0.458467090515667 42
1 28 1 4 0.287027705916438 36
1 28 1 4 0.22035462581468 33
1 28 2 4 0.242012344010376 34
1 28 2 5 0.337345787377907 38
1 28 2 5 0.393181075098724 40
1 13 1 8 0.732305867180272 49
1 13 1 6 0.42610259517279 41
1 13 1 8 0.826941938002479 51
1 13 2 6 0.487953323210794 43
1 13 2 8 0.860651749381272 52
1 13 2 10 0.911022741819148 53
1 7 2 12 1.91740159848383 68
1 15 1 4 0.22035462581468 33
1 17 2 4 0.364552758104586 39
1 17 1 6 0.458467090515667 42
1 14 3 1 0.0362222550951168 18
1 6 1 2 0.083744939831874 24
1 6 1 2 0.0481289014985585 20
1 6 1 2 0.0948022334245762 25
1 6 1 10 1.42465222704847 61
1 6 1 10 1.2874347697086 59
1 6 1 10 1.15937687616058 57
1 6 1 2 0.064291998647329 22
1 6 1 7 1.49679655612453 62
1 6 2 8 1.4552012415772 62
1 6 2 15 1.19244253885011 58
1 6 2 14 1.52641404137297 63
1 6 2 4 0.242012344010376 34
1 14 2 3 0.108630527589575 26
1 14 2 2 0.0753287550755299 23
1 14 2 2 0.0574100976844544 21
1 14 2 2 0.0496268875964245 20
1 14 2 2 0.108630527589575 26
1 14 2 10 0.911022741819148 53
1 14 2 5 0.596810365125118 46
1 14 2 11 1.25488976889911 59
1 14 2 11 1.25488976889911 59
1 14 2 6 0.911022741819148 53
1 14 2 4 0.242012344010376 34
1 14 2 9 0.860651749381272 52
1 14 2 7 0.860651749381272 52
1 14 2 6 0.765536504327292 50
1 14 2 6 0.596810365125118 46
1 14 2 9 1.13209739428148 57
1 14 2 9 0.636393412595257 47
1 14 2 7 0.677684896328169 48
1 14 2 6 0.677684896328169 48
1 14 1 2 0.10679867230782 26
1 14 1 2 0.119773278667969 27
1 14 1 3 0.119773278667969 27
1 14 1 2 0.0735878286427455 23
1 14 1 2 0.0558186128936075 21
1 14 1 2 0.0735878286427455 23
1 14 1 3 0.10679867230782 26
1 14 1 3 0.119773278667969 27
1 14 1 2 0.0735878286427455 23
1 14 1 2 0.064291998647329 22
1 14 1 7 0.528063383077256 44
1 14 1 11 0.877192642841716 52
1 14 1 6 0.929451889000328 53
1 14 1 6 0.565374789957043 45
1 14 1 5 0.732305867180272 49
1 14 1 7 0.732305867180272 49
1 14 1 5 0.528063383077256 44
1 14 1 8 0.929451889000328 53
1 14 1 4 0.148813366034225 29
1 13 1 7 0.877192642841716 52
1 13 1 7 0.687840433858683 48
1 13 1 6 1.04015646621315 55
1 13 1 6 0.645223408350916 47
1 13 1 7 0.983759784520098 54
1 13 1 7 1.22228101736594 58
1 13 1 7 0.778659695743356 50
1 13 1 6 0.645223408350916 47
1 13 1 6 0.687840433858683 48
1 13 1 7 0.778659695743356 50
1 13 1 7 0.877192642841716 52
1 13 1 6 0.604414834877932 46
1 13 1 9 0.929451889000328 53
1 13 1 6 0.929451889000328 53
1 13 1 7 0.877192642841716 52
1 13 1 7 0.645223408350916 47
1 13 1 10 0.826941938002479 51
1 13 1 11 1.04015646621315 55
1 13 1 8 1.15937687616058 57
1 13 1 7 0.604414834877932 46
1 13 1 6 0.826941938002479 51
1 13 1 4 0.33826681095657 38
1 13 1 7 0.528063383077256 44
1 13 1 7 0.645223408350916 47
1 13 1 6 0.528063383077256 44
1 13 2 6 0.812168268552216 51
1 13 2 7 0.911022741819148 53
1 13 2 8 1.07381859537678 56
1 13 2 7 0.720720651873109 49
1 3 3 1 0.030522417045663 17
1 3 3 1 0.0107525563546564 12
1 3 3 1 0.0209795409075551 15
1 3 3 1 0.0136658969169787 13
1 3 3 1 0.0254538346765266 16
1 5 3 1 0.0136658969169787 13
1 5 3 1 0.0136658969169787 13
1 5 3 1 0.030522417045663 17
1 6 2 3 0.0966251848252642 25
1 6 2 12 1.59990749922341 64
1 6 2 13 1.38623340171885 61
1 6 2 12 1.31947481561824 60
1 6 2 14 1.4552012415772 62
1 6 2 2 0.0855366504286305 24
1 6 2 2 0.0855366504286305 24
1 6 2 2 0.121588827785628 27
1 6 2 3 0.150508800114173 29
1 13 2 19 1.07381859537678 56
1 13 2 12 1.07381859537678 56
1 13 2 8 0.812168268552216 51
1 13 2 9 0.963317031233514 54
1 13 2 8 0.911022741819148 53
1 13 2 10 1.19244253885011 58
1 13 2 8 0.765536504327292 50
1 13 2 6 0.720720651873109 49
1 13 2 8 0.677684896328169 48
1 3 3 1 0.0107525563546564 12
1 3 1 8 0.604414834877932 46
1 3 1 6 0.604414834877932 46
1 3 1 6 0.565374789957043 45
1 3 1 8 0.732305867180272 49
1 3 1 7 0.458467090515667 42
1 3 1 6 0.604414834877932 46
1 2 3 1 0.030522417045663 17
1 2 2 7 1.31947481561824 60
1 2 2 8 0.860651749381272 52
1 1 2 9 1.25488976889911 59
1 1 1 16 1.64835816438098 64
1 6 2 5 0.487953323210794 43
1 8 1 12 1.57135174367646 63
1 9 2 NA 2.77909105979512 77
1 11 2 6 0.636393412595257 47
1 12 3 1 0.0136658969169787 13
1 12 2 3 0.166542675902083 30
1 13 1 6 0.565374789957043 45
1 5 3 1 0.0170625580150927 14
1 5 3 1 0.0254538346765266 16
1 6 2 2 0.0574100976844544 21
1 6 1 2 0.0244339302544053 16
1 6 1 1 0.0200836233309419 15
1 6 2 1 0.0137112270240232 13
1 7 1 14 1.2874347697086 59
1 7 1 14 1.7278562172771 65
1 7 1 14 1.42465222704847 61
1 7 2 16 3.00023978900932 79
1 7 2 13 1.52641404137297 63
1 7 2 10 1.59990749922341 64
1 7 2 14 1.52641404137297 63
1 7 2 12 2.09076017603334 70
1 7 2 16 1.83442868403452 67
1 7 2 12 1.67571730531301 65
1 7 2 NA 2.18121713656205 71
1 7 2 7 0.636393412595257 47
1 7 2 10 1.38623340171885 61
1 7 2 13 1.19244253885011 58
1 7 2 14 2.27424006459455 72
1 8 1 14 1.57135174367646 63
1 8 1 15 1.7278562172771 65
1 8 1 18 1.8944889354247 67
1 8 1 17 2.16413659110954 70
1 8 1 11 1.42465222704847 61
1 8 1 12 1.15937687616058 57
1 8 2 NA 2.18121713656205 71
1 8 2 18 2.00283354503976 69
1 8 2 18 2.18121713656205 71
1 8 2 18 2.56906092858782 75
1 8 2 12 2.18121713656205 71
1 8 2 12 2.00283354503976 69
1 8 2 7 1.31947481561824 60
1 8 2 14 1.67571730531301 65
1 8 2 8 1.38623340171885 61
1 8 2 10 2.36986459107253 73
1 8 2 16 2.46812634000966 74
1 8 2 18 1.38623340171885 61
1 8 2 9 1.75387914201929 66
1 8 2 17 2.46812634000966 74
1 9 2 13 1.59990749922341 64
1 9 2 12 1.19244253885011 58
1 9 2 12 1.75387914201929 66
1 9 2 7 1.07381859537678 56
1 9 2 9 1.25488976889911 59
1 9 2 18 1.83442868403452 67
1 9 2 16 2.00283354503976 69
1 9 2 17 1.01757039353941 55
1 9 2 8 1.38623340171885 61
1 9 2 11 1.38623340171885 61
1 4 2 2 0.166542675902083 30
1 4 1 4 0.33826681095657 38
1 5 1 7 0.983759784520098 54
1 5 1 8 1.04015646621315 55
1 5 1 6 0.778659695743356 50
1 5 1 6 0.732305867180272 49
1 5 1 7 0.645223408350916 47
1 5 1 7 0.877192642841716 52
1 5 1 7 0.929451889000328 53
1 5 1 6 0.826941938002479 51
1 5 1 7 0.604414834877932 46
1 5 2 7 0.860651749381272 52
1 5 2 8 0.720720651873109 49
1 5 2 6 0.911022741819148 53
1 5 2 6 1.01757039353941 55
1 5 2 4 0.812168268552216 51
1 5 2 9 0.963317031233514 54
1 5 2 9 0.911022741819148 53
1 5 2 7 0.677684896328169 48
1 5 2 6 0.522626183152471 44
1 5 2 5 0.596810365125118 46
1 5 2 6 1.07381859537678 56
1 5 2 7 0.860651749381272 52
1 5 2 6 0.963317031233514 54
1 5 3 1 0.0209795409075551 15
1 5 3 1 0.0170625580150927 14
1 5 3 1 0.0209795409075551 15
1 5 3 1 0.030522417045663 17
1 5 3 1 0.0362222550951168 18
1 5 3 1 0.0254538346765266 16
1 5 3 1 0.030522417045663 17
1 4 2 2 0.166542675902083 30
1 4 2 3 0.201938584171938 32
1 4 2 3 0.18367391774336 31
1 4 2 4 0.311524221807164 37
1 4 2 3 0.18367391774336 31
1 4 2 2 0.242012344010376 34
1 4 2 3 0.311524221807164 37
1 4 2 3 0.135536215008145 28
1 4 2 2 0.108630527589575 26
1 4 2 3 0.150508800114173 29
1 4 2 2 0.221372717435218 33
1 4 2 3 0.166542675902083 30
1 4 2 3 0.135536215008145 28
1 4 2 3 0.0659653083245264 22
1 2 2 14 1.67571730531301 65
1 2 2 6 0.860651749381272 52
1 2 2 7 0.812168268552216 51
1 2 2 6 0.812168268552216 51
1 2 2 7 0.860651749381272 52
1 2 2 13 2.18121713656205 71
1 2 1 8 1.2874347697086 59
1 2 1 7 1.04015646621315 55
1 2 1 6 0.929451889000328 53
1 2 1 6 0.929451889000328 53
1 2 1 7 1.04015646621315 55
1 2 1 13 1.22228101736594 58
1 2 1 11 1.09868209914911 56
1 2 1 6 0.778659695743356 50
1 2 1 2 0.119773278667969 27
1 2 1 2 0.13376513179291 28
1 2 1 7 1.09868209914911 56
1 2 1 7 0.983759784520098 54
1 2 1 7 0.877192642841716 52
1 2 1 7 0.778659695743356 50
1 2 1 10 0.983759784520098 54
1 2 1 9 0.929451889000328 53
1 2 1 7 0.732305867180272 49
1 2 1 5 0.395307520124461 40
1 2 1 9 0.826941938002479 51
1 2 1 6 0.492440757404064 43
1 2 1 5 0.565374789957043 45
1 2 1 7 0.826941938002479 51
1 2 3 1 0.0209795409075551 15
1 2 2 NA 0.0210208353871691 15
1 2 3 1 0.0136658969169787 13
1 2 3 1 0.0170625580150927 14
1 2 3 1 0.0170625580150927 14
1 3 1 5 0.528063383077256 44
1 28 2 10 1.07381859537678 56
1 28 1 6 0.458467090515667 42
1 28 1 6 0.33826681095657 38
1 27 1 5 0.366042150952357 39
1 28 2 7 0.677684896328169 48
1 10 1 12 1.7278562172771 65
1 10 2 16 1.75387914201929 66
1 9 2 2 0.0659653083245264 22
1 9 2 11 1.31947481561824 60
1 9 2 13 1.91740159848383 68
1 9 2 12 1.01757039353941 55
1 9 2 10 1.25488976889911 59
1 9 2 10 1.07381859537678 56
1 9 2 12 1.19244253885011 58
1 9 1 7 0.983759784520098 54
1 9 1 14 1.8098863253998 66
1 9 1 16 1.57135174367646 63
1 9 1 12 1.15937687616058 57
1 9 1 12 1.49679655612453 62
1 9 1 16 1.8944889354247 67
1 9 1 12 1.49679655612453 62
1 9 1 10 1.22228101736594 58
1 11 2 3 0.108630527589575 26
1 11 2 2 0.0966251848252642 25
1 11 2 4 0.242012344010376 34
1 11 2 4 0.311524221807164 37
1 11 2 2 0.135536215008145 28
1 11 2 8 1.01757039353941 55
1 11 2 5 0.454845448150225 42
1 11 2 6 0.487953323210794 43
1 11 2 2 0.0966251848252642 25
1 11 2 7 0.55889990769086 45
1 11 2 2 0.0574100976844544 21
1 11 2 2 0.0425794183179522 19
1 11 2 4 0.135536215008145 28
1 11 2 7 0.677684896328169 48
1 11 2 5 0.487953323210794 43
1 11 2 NA 0.55889990769086 45
1 11 2 3 0.221372717435218 33
1 11 2 7 0.55889990769086 45
1 11 2 4 0.28705210703384 36
1 11 2 2 0.0966251848252642 25
1 11 2 1 0.0425794183179522 19
1 11 2 2 0.0855366504286305 24
1 11 2 2 0.0574100976844544 21
1 11 2 7 0.765536504327292 50
1 11 1 4 0.200688486024396 32
1 11 1 4 0.164957168912451 30
1 11 1 5 0.458467090515667 42
1 11 1 3 0.10679867230782 26
1 11 1 5 0.458467090515667 42
1 11 1 6 0.458467090515667 42
1 11 1 4 0.22035462581468 33
1 11 1 3 0.164957168912451 30
1 11 1 3 0.13376513179291 28
1 11 1 4 0.182235779350765 31
1 11 1 5 0.200688486024396 32
1 11 1 6 0.565374789957043 45
1 11 1 7 0.687840433858683 48
1 11 1 3 0.148813366034225 29
1 11 1 5 0.565374789957043 45
1 11 1 5 0.33826681095657 38
1 11 1 6 0.42610259517279 41
1 11 1 6 0.366042150952357 39
1 11 1 6 0.778659695743356 50
1 4 2 2 0.135536215008145 28
1 4 2 3 0.28705210703384 36
1 3 2 7 0.522626183152471 44
1 3 2 5 0.765536504327292 50
1 3 2 5 0.677684896328169 48
1 3 2 5 0.596810365125118 46
1 3 2 6 0.55889990769086 45
1 3 2 6 0.55889990769086 45
1 3 2 6 0.487953323210794 43
1 3 2 5 0.393181075098724 40
1 3 2 6 0.677684896328169 48
1 4 1 2 0.200688486024396 32
1 4 1 2 0.13376513179291 28
1 4 1 2 0.182235779350765 31
1 4 1 3 0.182235779350765 31
1 4 1 2 0.200688486024396 32
1 4 1 3 0.311941862085942 37
1 4 1 NA 0.13376513179291 28
1 4 1 2 0.10679867230782 26
1 4 1 2 0.148813366034225 29
1 4 1 3 0.148813366034225 29
1 4 1 3 0.311941862085942 37
1 4 1 2 0.164957168912451 30
1 4 1 2 0.182235779350765 31
1 2 2 12 1.59990749922341 64
1 2 2 7 0.963317031233514 54
1 2 2 10 1.25488976889911 59
1 2 2 7 1.07381859537678 56
1 2 2 6 1.01757039353941 55
1 2 2 7 1.13209739428148 57
1 2 2 8 1.31947481561824 60
1 2 2 7 1.07381859537678 56
1 2 2 10 1.13209739428148 57
1 2 2 12 1.4552012415772 62
1 2 2 7 1.13209739428148 57
1 2 2 7 1.01757039353941 55
1 2 2 13 1.52641404137297 63
1 2 2 7 0.911022741819148 53
1 2 2 7 0.911022741819148 53
1 2 2 7 1.07381859537678 56
1 2 2 8 1.01757039353941 55
1 2 2 7 1.19244253885011 58
1 2 2 3 0.28705210703384 36
1 2 2 6 0.963317031233514 54
1 2 2 7 0.963317031233514 54
1 2 2 14 1.19244253885011 58
1 2 2 14 1.59990749922341 64
1 2 2 7 1.31947481561824 60
1 19 1 3 0.148813366034225 29
1 19 2 3 0.221372717435218 33
1 19 2 6 1.13209739428148 57
1 18 1 13 1.8098863253998 66
1 18 1 3 0.119773278667969 27
1 18 1 NA 1.35487840651185 60
1 18 2 9 1.19244253885011 58
1 18 2 NA 2.36986459107253 73
1 18 2 6 1.31947481561824 60
1 16 2 7 0.812168268552216 51
1 16 2 7 1.19244253885011 58
1 11 1 4 0.182235779350765 31
1 11 1 5 0.200688486024396 32
1 11 1 2 0.083744939831874 24
1 11 1 6 0.366042150952357 39
1 11 1 3 0.148813366034225 29
1 11 1 3 0.13376513179291 28
1 11 1 2 0.0948022334245762 25
1 11 1 2 0.0558186128936075 21
1 12 3 1 0.0362222550951168 18
1 12 3 1 0.0209795409075551 15
1 12 3 1 0.0209795409075551 15
1 12 3 1 0.030522417045663 17
1 12 3 1 0.0254538346765266 16
1 12 3 2 0.0660731665935789 22
1 12 3 1 0.030522417045663 17
1 12 3 1 0.0362222550951168 18
1 12 3 1 0.0170625580150927 14
1 12 1 2 0.0735878286427455 23
1 12 1 2 0.0735878286427455 23
1 12 1 2 0.083744939831874 24
1 12 1 3 0.182235779350765 31
1 12 1 4 0.22035462581468 33
1 12 1 3 0.0948022334245762 25
1 12 1 2 0.119773278667969 27
1 12 1 2 0.064291998647329 22
1 12 1 2 0.0948022334245762 25
1 12 1 2 0.064291998647329 22
1 12 1 3 0.164957168912451 30
1 12 1 3 0.119773278667969 27
1 12 1 2 0.0948022334245762 25
1 12 1 2 0.083744939831874 24
1 12 1 6 0.687840433858683 48
1 12 1 7 0.645223408350916 47
1 12 1 7 0.778659695743356 50
1 12 1 8 0.826941938002479 51
1 12 1 6 0.778659695743356 50
1 12 1 6 0.565374789957043 45
1 12 2 2 0.0753287550755299 23
1 12 2 3 0.121588827785628 27
1 12 2 2 0.135536215008145 28
1 12 2 2 0.121588827785628 27
1 12 2 3 0.166542675902083 30
1 12 2 2 0.0855366504286305 24
1 12 2 2 0.108630527589575 26
1 12 2 2 0.121588827785628 27
1 12 2 11 1.25488976889911 59
1 12 2 2 0.121588827785628 27
1 12 2 2 0.0966251848252642 25
1 12 2 6 0.765536504327292 50
1 12 2 7 0.55889990769086 45
1 12 2 7 0.487953323210794 43
1 12 2 5 0.522626183152471 44
1 12 2 7 0.720720651873109 49
1 12 2 6 0.423266666569362 41
1 12 2 5 0.55889990769086 45
1 12 2 6 0.963317031233514 54
1 12 2 8 1.13209739428148 57
1 4 1 2 0.22035462581468 33
1 4 1 3 0.287027705916438 36
1 4 1 2 0.10679867230782 26
1 4 1 3 0.148813366034225 29
1 4 2 3 0.150508800114173 29
1 4 2 3 0.150508800114173 29
1 4 2 3 0.108630527589575 26
1 4 2 2 0.0966251848252642 25
1 4 2 4 0.263893475089143 35
1 4 2 3 0.18367391774336 31
1 4 2 3 0.201938584171938 32
1 4 2 3 0.221372717435218 33
1 4 2 2 0.201938584171938 32
1 4 2 3 0.221372717435218 33
1 4 2 2 0.121588827785628 27
1 3 1 7 0.877192642841716 52
1 3 1 7 0.687840433858683 48
1 3 1 6 0.565374789957043 45
1 16 2 7 1.13209739428148 57
1 16 2 14 1.83442868403452 67
1 16 2 6 0.337345787377907 38
1 16 2 4 0.311524221807164 37
1 16 2 5 0.364552758104586 39
1 16 2 4 0.201938584171938 32
1 16 2 2 0.0496268875964245 20
1 16 1 5 0.492440757404064 43
1 16 1 7 0.604414834877932 46
1 16 1 8 1.09868209914911 56
1 16 1 7 0.492440757404064 43
1 16 1 2 0.0558186128936075 21
1 16 1 2 0.034945776344098 18
1 16 1 12 1.35487840651185 60
1 16 1 9 0.983759784520098 54
1 16 1 12 1.7278562172771 65
1 16 1 8 0.983759784520098 54
1 16 1 8 1.35487840651185 60
1 16 1 8 1.22228101736594 58
1 16 1 12 1.35487840651185 60
1 15 2 4 0.166542675902083 30
1 15 2 2 0.0659653083245264 22
1 15 2 3 0.166542675902083 30
1 15 2 2 0.0496268875964245 20
1 15 2 5 0.242012344010376 34
1 15 2 4 0.263893475089143 35
1 15 2 4 0.221372717435218 33
1 15 2 6 0.423266666569362 41
1 15 2 4 0.201938584171938 32
1 15 2 2 0.0659653083245264 22
1 15 1 17 2.25943413645593 71
1 15 1 3 0.164957168912451 30
1 15 1 6 0.604414834877932 46
1 15 1 4 0.182235779350765 31
1 15 1 5 0.366042150952357 39
1 15 1 5 0.182235779350765 31
1 15 1 18 2.35750675997121 72
1 15 1 6 1.15937687616058 57
1 15 2 2 0.0659653083245264 22
1 15 2 4 0.150508800114173 29
1 15 1 2 0.0481289014985585 20
1 17 2 4 0.18367391774336 31
1 17 2 5 0.311524221807164 37
1 17 2 5 0.454845448150225 42
1 17 1 4 0.33826681095657 38
1 17 1 4 0.200688486024396 32
1 17 1 4 0.263484784681414 35
1 14 3 1 0.0170625580150927 14
1 14 3 1 0.0136658969169787 13
1 14 3 1 0.030522417045663 17
1 3 1 6 0.645223408350916 47
1 3 1 7 0.645223408350916 47
1 3 1 7 0.983759784520098 54
1 3 1 6 0.687840433858683 48
1 3 1 6 0.732305867180272 49
1 3 1 7 0.877192642841716 52
1 3 1 6 0.826941938002479 51
1 3 1 7 0.687840433858683 48
1 3 1 5 0.492440757404064 43
1 3 1 5 0.645223408350916 47
1 3 1 5 0.528063383077256 44
1 3 1 7 0.492440757404064 43
1 3 1 5 0.528063383077256 44
1 3 1 6 0.458467090515667 42
1 3 1 7 0.458467090515667 42
1 3 2 5 0.454845448150225 42
1 3 2 4 0.596810365125118 46
1 3 2 5 0.812168268552216 51
1 3 2 NA 0.911022741819148 53
1 3 2 7 0.720720651873109 49
1 3 2 4 0.423266666569362 41
1 3 2 6 0.596810365125118 46
1 24 2 9 1.13209739428148 57
1 24 2 7 0.911022741819148 53
1 24 2 5 0.487953323210794 43
1 24 2 5 0.423266666569362 41
1 24 2 NA 1.07381859537678 56
1 24 2 6 0.393181075098724 40
1 25 1 14 1.8098863253998 66
1 25 1 12 1.8944889354247 67
1 25 1 12 1.64835816438098 64
1 25 1 13 1.7278562172771 65
1 25 1 18 2.25943413645593 71
1 25 1 15 2.16413659110954 70
1 25 1 14 1.42465222704847 61
1 25 1 12 2.25943413645593 71
1 25 1 NA 1.8098863253998 66
1 25 1 16 1.8098863253998 66
1 25 1 16 1.35487840651185 60
1 25 1 12 1.42465222704847 61
1 25 1 14 1.8098863253998 66
1 25 1 11 1.22228101736594 58
1 25 1 19 1.8944889354247 67
1 25 1 7 1.42465222704847 61
1 25 1 15 2.07157356402859 69
1 25 2 18 2.36986459107253 73
1 25 2 17 1.83442868403452 67
1 25 2 13 1.4552012415772 62
1 25 2 13 1.91740159848383 68
1 25 2 19 1.91740159848383 68
1 25 2 16 2.00283354503976 69
1 25 2 12 1.52641404137297 63
1 25 2 NA 2.18121713656205 71
1 24 2 5 0.55889990769086 45
1 1 2 16 2.18121713656205 71
1 1 2 11 2.27424006459455 72
1 1 2 11 1.75387914201929 66
1 1 2 14 2.09076017603334 70
1 1 2 13 2.56906092858782 75
1 1 2 12 1.75387914201929 66
1 1 2 12 1.38623340171885 61
1 1 2 14 1.38623340171885 61
1 1 2 2 0.121588827785628 27
1 1 2 2 0.108630527589575 26
1 1 2 2 0.108630527589575 26
1 1 2 16 1.91740159848383 68
1 1 2 12 1.67571730531301 65
1 1 2 14 1.25488976889911 59
1 1 2 13 1.4552012415772 62
1 1 2 2 0.0966251848252642 25
1 1 2 3 0.121588827785628 27
1 1 2 2 0.0496268875964245 20
1 1 2 2 0.0855366504286305 24
1 1 1 14 1.42465222704847 61
1 1 1 14 2.07157356402859 69
1 1 1 12 1.35487840651185 60
1 1 1 11 1.49679655612453 62
1 1 1 12 1.57135174367646 63
1 1 1 11 1.49679655612453 62
1 15 1 4 0.22035462581468 33
1 15 1 5 0.287027705916438 36
1 15 1 5 0.42610259517279 41
1 23 2 9 1.07381859537678 56
1 4 2 3 0.121588827785628 27
1 4 2 2 0.121588827785628 27
1 3 1 6 0.778659695743356 50
1 16 1 5 0.263484784681414 35
1 16 1 16 2.77835998778523 76
1 24 2 6 0.487953323210794 43
1 24 1 8 0.826941938002479 51
1 10 2 14 1.4552012415772 62
1 10 2 14 2.00283354503976 69
1 21 1 4 0.182235779350765 31
1 21 3 1 0.030522417045663 17
1 21 1 2 0.083744939831874 24
1 23 1 6 0.732305867180272 49
1 10 1 1 0.0101959911081428 12
1 24 1 6 0.645223408350916 47
1 24 1 5 0.645223408350916 47
1 17 2 5 0.311524221807164 37
1 15 2 4 0.18367391774336 31
1 15 2 NA 0.522626183152471 44
1 24 2 7 1.01757039353941 55
1 24 2 8 0.911022741819148 53
1 24 2 NA 0.765536504327292 50
1 17 1 5 0.458467090515667 42
1 17 1 4 0.287027705916438 36
1 17 1 4 0.287027705916438 36
1 17 1 6 0.492440757404064 43
1 6 1 13 1.04015646621315 55
1 6 2 11 1.01757039353941 55
1 14 2 7 0.720720651873109 49
1 13 2 7 0.720720651873109 49
1 7 2 14 1.83442868403452 67
1 8 1 14 1.64835816438098 64
1 8 2 13 1.59990749922341 64
1 9 2 12 1.91740159848383 68
1 9 1 18 1.98170451732336 68
1 9 1 14 1.64835816438098 64
