1 129 3 1 0.016 13
1 129 2 17 2.332 66
1 129 1 13 1.104 57
1 129 1 13 1.502 63
1 128 1 13 1.168 58
1 128 1 12 1.142 57
1 128 1 13 1.642 63
1 128 1 15 1.734 67
1 128 1 11 2.226 69
1 128 1 14 1.05 56
1 127 1 10 0.794 54
1 127 1 14 1.414 63
1 127 2 15 2.048 68
1 127 2 15 1.906 71
1 127 2 9 1.8 65
1 127 2 16 1.434 64
1 126 1 14 1.624 62
1 126 1 14 1.488 64
1 125 1 13 2.03 65
1 126 2 9 2.55 72
1 126 2 11 1.59 63
1 125 2 11 2.81 73
1 125 2 10 2.524 71
1 125 2 10 2.288 68
1 124 1 12 1.538 63
1 124 2 14 3.008 74
1 124 1 13 2.296 70
1 124 2 14 1.892 68
1 123 1 12 1.706 63
1 123 1 16 2.34 68
1 123 2 10 1.6 63
1 123 1 13 1.598 60
1 122 1 11 1.26 58
1 122 3 1 0.018 14
1 122 1 12 1.518 60
1 122 2 14 1.458 62
1 122 3 1 0.024 15
1 122 1 13 1.806 62
1 121 2 14 1.596 63
1 121 1 14 1.284 61
1 121 1 14 1.092 57
1 121 1 10 0.89 56
1 121 2 11 1.706 64
1 121 2 12 1.48 61
1 120 1 8 0.636 51
1 120 1 9 1.112 53
1 120 1 13 1.858 64
1 120 1 12 1.256 59
1 120 1 10 1.472 58
1 120 2 11 1.408 61
1 119 1 10 1.386 57
1 119 2 11 1.514 61
1 119 1 10 1.59 60
1 119 1 14 0.958 52
1 119 2 12 1.252 59
1 119 1 12 1.452 59
1 118 1 9 1.598 58
1 118 1 9 1.374 56
1 118 2 11 1.996 67
1 118 2 5 0.992 50
1 118 2 7 1.522 60
1 118 2 6 0.838 49
1 117 2 6 0.538 47
1 117 2 6 0.674 46
1 117 2 7 0.672 47
1 117 2 8 1.266 57
1 117 1 9 1.382 60
1 117 1 9 1.074 56
1 116 1 11 1.006 53
1 116 1 6 1.316 56
1 116 1 9 2.02 65
1 116 2 10 1.198 56
1 116 1 9 1.234 57
1 116 2 10 1.99 63
1 115 1 8 0.98 53
1 115 2 8 1.31 60
1 115 1 9 1.336 56
1 115 2 15 1.208 57
1 115 1 8 1.006 54
1 115 1 9 0.784 51
1 114 1 12 1.376 56
1 114 1 17 1.416 62
1 114 1 11 1.226 56
1 114 2 12 0.978 56
1 114 2 14 1.686 64
1 114 1 12 1.474 62
1 113 1 10 2.024 64
1 113 2 8 0.424 46
1 113 1 18 1.848 67
1 113 2 10 1.966 68
1 112 1 11 1.684 61
1 112 1 13 2.124 73
1 112 2 9 2.26 69
1 112 2 15 2.096 69
1 111 1 16 2.65 74
1 111 1 15 2.2 69
1 111 2 15 1.056 58
1 111 3 1 0.006 11
1 108 1 12 1.43 61
1 108 1 11 0.906 52
1 108 1 14 1.174 55
1 108 1 10 1.134 57
1 108 3 1 0.008 12
1 108 3 1 0.008 12
1 110 3 1 0.014 13
1 110 3 1 0.006 10
1 110 1 10 1.45 60
1 110 1 17 1.482 61
1 109 1 10 1.552 62
1 109 2 14 1.27 60
1 109 1 10 1.602 62
1 109 3 1 0.014 13
1 107 1 10 0.818 54
1 107 2 10 1.17 57
1 107 1 8 1.302 56
1 107 1 6 0.716 49
1 107 1 13 1.084 60
1 107 2 13 1.072 56
1 106 2 7 1.454 59
1 106 2 8 1.336 54
1 106 2 6 1.016 54
1 106 2 7 1.53 60
1 106 2 6 1.156 53
1 106 2 9 1.666 62
1 105 1 10 1.196 55
1 105 1 8 0.996 53
1 105 2 7 1.082 53
1 105 2 7 0.998 57
1 105 2 9 1.218 57
1 105 1 6 0.656 50
1 104 2 11 1.35 59
1 104 1 7 0.888 50
1 104 2 6 0.824 50
1 104 1 6 1.06 53
1 104 2 7 0.986 52
1 104 2 8 1.36 57
1 103 2 7 0.756 49
1 103 2 7 1.088 53
1 103 1 6 1 52
1 103 1 8 0.97 50
1 103 1 8 1.198 53
1 103 1 10 1.522 58
1 102 2 6 1.108 54
1 102 2 13 1.532 59
1 102 2 7 0.934 52
1 102 2 6 1.128 52
1 102 1 6 0.706 45
1 102 1 12 1.232 56
1 101 2 6 0.782 54
1 101 2 7 0.626 48
1 101 1 6 0.734 48
1 101 1 5 0.698 48
1 101 1 6 0.522 45
1 101 1 5 0.556 45
1 100 2 12 1.522 58
1 100 2 7 1.084 54
1 100 2 6 1.01 52
1 100 1 6 0.866 49
1 100 2 6 0.66 47
1 100 1 11 1.304 56
1 99 2 8 1.08 57
1 99 2 10 1.062 58
1 99 2 15 1.038 55
1 99 1 8 0.992 53
1 99 1 6 0.534 46
1 99 1 7 0.736 47
1 98 2 6 0.8 52
1 98 1 6 0.69 48
1 98 1 13 1.05 54
1 98 1 13 0.818 53
1 98 2 11 1.088 58
1 98 2 14 1.416 61
1 95 2 8 0.758 49
1 95 2 9 1.244 57
1 95 2 6 0.6 45
1 95 2 NA 1.262 58
1 95 1 13 0.918 56
1 95 1 9 1.07 54
1 97 2 13 1.276 59
1 97 1 13 1.398 58
1 97 1 7 0.812 56
1 97 1 11 1.216 58
1 97 2 13 1.646 64
1 97 1 14 1.984 64
1 96 1 10 1.122 58
1 96 1 7 1.106 56
1 96 2 8 1.236 56
1 96 1 8 0.67 48
1 96 1 10 1.07 55
1 96 2 7 1.01 51
1 94 3 1 0.014 13
1 94 2 10 1.056 56
1 94 1 9 0.948 52
1 94 2 7 0.764 52
1 94 1 11 0.876 55
1 94 1 8 1.176 58
1 93 1 11 1.148 59
1 93 1 8 0.662 50
1 93 1 11 0.806 56
1 93 1 16 0.986 58
1 93 3 1 0.006 11
1 93 3 1 0.006 11
1 92 3 1 0.006 11
1 92 3 1 0.008 11
1 92 1 10 1.86 66
1 92 1 11 1.896 65
1 92 2 10 1.722 66
1 92 2 10 1.202 59
1 91 3 1 0.008 10
1 91 1 13 0.998 56
1 91 1 10 1.282 60
1 91 1 13 1.142 59
1 91 3 1 0.01 12
1 91 3 1 0.006 10
1 90 2 15 2.366 71
1 90 1 14 2.028 67
1 90 3 1 0.008 11
1 90 3 1 0.006 11
1 90 3 1 0.008 11
1 90 3 1 0.004 9
1 89 3 1 0.008 10
1 89 3 1 0.006 10
1 89 3 1 0.004 9
1 89 3 1 0.004 8
1 88 3 1 0.004 9
1 88 3 1 0.004 9
1 88 3 1 0.004 8
1 88 3 1 0.004 9
1 87 3 1 0.004 10
1 87 3 1 0.004 9
1 87 1 14 1.602 64
1 87 1 15 1.632 64
1 86 1 15 2.144 66
1 86 2 13 2.288 71
1 86 3 1 0.006 10
1 86 3 1 0.002 9
1 85 2 15 1.488 63
1 85 3 1 0.004 9
1 85 3 1 0.006 9
1 85 3 1 0.006 10
1 84 3 1 0.01 12
1 84 3 1 0.008 11
1 84 3 1 0.008 11
1 84 3 1 0.006 11
1 83 2 15 1.848 63
1 83 1 14 1.578 61
1 83 2 15 1.426 61
1 83 2 10 1.176 58
1 82 2 13 1.678 67
1 82 2 14 1.488 63
1 82 2 14 1.29 57
1 82 2 10 0.994 57
1 79 3 1 0.01 13
1 79 3 1 0.006 11
1 79 3 1 0.006 11
1 79 3 1 0.004 9
1 81 3 1 0.014 13
1 81 3 1 0.006 11
1 81 3 1 0.006 10
1 81 3 1 0.006 9
1 80 3 1 0.006 12
1 80 3 1 0.008 12
1 80 3 1 0.006 10
1 80 3 1 0.004 9
1 78 3 1 0.008 11
1 78 3 1 0.004 9
1 78 3 1 0.004 9
1 78 3 1 0.004 8
1 77 3 1 0.008 11
1 77 3 1 0.004 9
1 77 3 1 0.004 9
1 77 3 1 0.004 8
1 76 3 1 0.004 9
1 76 3 1 0.004 9
1 76 3 1 0.004 9
1 76 3 1 0.002 8
1 75 3 1 0.004 9
1 75 3 1 0.004 9
1 75 3 1 0.002 8
1 75 3 1 0.004 8
1 74 3 1 0.004 9
1 74 3 1 0.004 9
1 74 3 1 0.004 9
1 74 3 1 0.002 8
1 73 1 14 2.306 67
1 73 3 1 0.012 13
1 73 3 1 0.012 13
1 73 3 1 0.006 11
1 72 2 14 2.41 74
1 72 2 14 2.336 75
1 72 1 16 1.782 66
1 72 2 11 1.9 66
1 71 2 10 2.188 68
1 71 2 19 1.356 62
1 71 1 2 0.04 19
1 71 3 1 0.014 14
1 70 2 16 1.43 59
1 70 1 4 0.222 35
1 70 2 13 1.826 67
1 70 2 12 1.248 61
1 69 3 1 0.008 12
1 69 2 NA 2.22 67
1 69 3 1 0.012 12
1 69 3 1 0.01 11
1 68 3 1 0.012 13
1 68 3 1 0.008 12
1 68 3 1 0.006 9
1 68 3 1 0.006 10
1 67 2 14 1.506 65
1 67 2 9 1.902 70
1 67 1 14 1.118 56
1 67 1 7 1.146 54
1 67 2 12 1.424 63
1 67 2 9 0.934 57
1 64 1 13 1.586 63
1 64 1 12 0.918 52
1 64 1 11 1.26 56
1 64 1 16 1.376 58
1 64 2 15 2.68 73
1 64 2 1 0.01 12
1 66 2 8 1.278 58
1 66 2 14 0.966 55
1 66 2 14 0.994 55
1 66 2 10 1.216 59
1 66 2 9 0.992 56
1 66 2 6 0.4 43
1 65 2 15 1.106 59
1 65 2 11 1.644 64
1 65 2 15 1.148 63
1 65 2 10 1.156 58
1 65 1 16 1.048 55
1 65 1 12 2.328 72
1 63 1 11 1.346 61
1 63 1 9 0.996 53
1 63 1 8 1.056 55
1 63 1 14 1.012 51
1 63 2 NA 1.018 55
1 63 2 10 1.03 55
1 62 1 7 0.728 47
1 62 1 5 0.696 46
1 62 1 5 0.58 44
1 62 2 5 0.758 48
1 62 2 6 0.57 45
1 62 2 4 0.478 41
1 61 1 7 0.698 50
1 61 1 7 0.956 52
1 61 1 10 1.066 55
1 61 1 10 1.274 59
1 61 1 8 1.006 54
1 61 2 6 0.524 42
1 60 2 7 0.968 53
1 60 2 7 0.752 49
1 60 1 6 0.5 41
1 60 1 7 0.922 51
1 60 1 6 0.666 47
1 60 1 6 0.828 51
1 59 1 6 0.488 44
1 59 1 5 0.65 45
1 59 1 6 0.748 46
1 59 1 11 0.886 48
1 59 2 9 0.746 51
1 59 2 7 0.712 50
1 58 2 9 1.248 55
1 58 2 9 0.75 50
1 58 1 8 0.752 52
1 58 1 7 0.794 50
1 58 1 6 0.932 52
1 58 1 7 0.914 52
1 57 1 7 0.842 49
1 57 1 10 0.742 50
1 57 1 4 0.518 43
1 57 1 7 0.836 49
1 57 1 5 0.618 44
1 57 1 5 0.472 42
1 54 2 14 2 68
1 54 2 7 0.852 52
1 54 2 13 1.424 60
1 54 2 8 1.184 57
1 54 2 15 1.876 68
1 54 1 9 1.072 55
1 56 2 9 1.278 58
1 56 2 4 0.384 39
1 56 2 6 0.494 42
1 56 1 11 0.94 50
1 56 1 6 0.81 48
1 56 1 10 1.248 56
1 55 1 6 0.868 49
1 55 1 6 0.726 48
1 55 1 11 0.842 51
1 55 1 7 0.808 51
1 55 1 7 0.792 51
1 55 1 7 0.906 53
1 53 1 7 0.838 51
1 53 1 7 0.982 53
1 53 1 7 0.434 44
1 53 2 3 0.168 29
1 53 2 7 0.822 52
1 53 2 10 1.4 60
1 52 1 13 1.01 53
1 52 1 7 0.556 46
1 52 1 6 0.744 50
1 52 1 16 0.774 51
1 52 1 6 0.638 49
1 52 1 12 0.77 50
1 51 1 8 0.848 50
1 51 1 5 0.492 42
1 51 1 5 0.7 49
1 51 1 6 0.546 43
1 51 2 5 0.786 49
1 51 2 7 0.678 48
1 50 1 7 0.77 51
1 50 1 6 0.742 48
1 50 1 10 0.78 51
1 50 1 5 0.416 42
1 50 1 3 0.136 28
1 50 2 6 0.85 52
1 49 1 14 0.766 51
1 49 2 9 0.912 54
1 49 2 7 0.77 52
1 49 2 7 0.658 47
1 49 2 10 0.856 53
1 49 2 8 0.682 50
1 48 1 14 0.97 54
1 48 1 3 0.11 24
1 48 2 7 1.284 59
1 48 2 11 0.772 52
1 48 2 10 0.84 55
1 48 2 10 0.898 54
1 47 2 6 0.588 46
1 47 2 9 0.636 49
1 47 2 NA 0.79 52
1 47 2 6 0.67 49
1 47 1 8 0.656 48
1 47 1 8 0.824 52
1 46 1 7 0.608 44
1 46 1 6 0.896 53
1 46 1 6 0.964 53
1 46 2 6 0.69 49
1 46 2 6 0.628 49
1 46 2 7 0.606 49
1 43 1 6 0.58 44
1 43 1 5 0.608 45
1 43 1 6 0.574 44
1 43 1 7 0.55 44
1 43 1 5 0.56 43
1 43 2 5 0.53 42
1 45 1 7 0.646 47
1 45 1 8 0.796 52
1 45 2 7 0.748 51
1 45 2 7 0.61 47
1 45 2 4 0.382 37
1 45 2 3 0.124 29
1 44 1 6 0.7 48
1 44 2 6 0.586 44
1 44 2 7 0.54 47
1 44 2 8 0.87 51
1 44 2 7 0.534 45
1 44 2 9 0.554 44
1 42 2 8 1.2 55
1 42 1 6 0.562 43
1 42 2 7 0.958 52
1 42 2 5 0.668 46
1 42 1 7 0.602 44
1 42 1 6 0.672 47
1 41 2 6 0.566 45
1 41 2 7 0.526 43
1 41 2 6 0.956 53
1 41 2 8 1.002 58
1 41 1 5 0.63 45
1 41 1 4 0.474 40
1 40 2 11 1.402 58
1 40 2 10 1.116 54
1 40 2 6 1.054 52
1 40 2 8 0.848 50
1 40 2 7 0.936 52
1 40 1 5 0.542 41
1 39 1 5 0.762 46
1 39 1 4 0.442 40
1 39 1 5 0.586 44
1 39 1 6 0.762 48
1 39 1 5 0.63 46
1 39 1 9 1.504 61
1 38 2 7 0.714 46
1 38 2 5 0.506 41
1 38 1 5 0.644 45
1 38 2 4 0.52 43
1 38 2 5 0.47 43
1 38 1 8 0.46 52
1 37 2 11 1.13209739428148 57
1 37 3 1 0.030522417045663 17
1 37 3 1 0.030522417045663 17
1 37 2 6 0.860651749381272 52
1 37 2 11 1.13209739428148 57
1 37 1 10 1.04015646621315 55
1 36 2 6 0.802 48
1 36 2 15 1.23 60
1 36 2 5 0.714 46
1 36 2 5 0.828 48
1 36 2 7 0.918 51
1 36 1 6 0.812 46
1 35 2 7 1.182 55
1 35 2 6 0.854 49
1 35 1 9 0.982 54
1 35 1 5 0.594 43
1 35 1 6 0.842 49
1 35 1 5 0.394 39
1 34 2 7 0.708 48
1 34 2 6 0.898 50
1 34 2 6 0.836 49
1 34 1 6 0.892 49
1 34 1 5 0.916 50
1 34 1 7 0.908 50
1 33 1 6 0.818 49
1 33 1 4 0.838 48
1 33 1 6 0.474 42
1 33 1 6 0.862 50
1 33 2 6 0.818 48
1 33 2 8 0.938 52
1 32 1 1 0.024 14
1 32 1 7 0.998 51
1 32 1 6 0.742 47
1 32 1 5 0.58 43
1 32 1 10 1.162 55
1 32 2 5 0.73 51
1 29 1 7 1.062 53
1 29 1 4 0.57 43
1 29 1 8 0.818 48
1 29 1 10 1.068 53
1 29 1 5 0.704 46
1 29 1 10 1.23 58
1 31 2 14 1.164 58
1 31 2 9 1.072 58
1 31 2 9 1.066 56
1 31 2 8 0.818 50
1 31 1 9 0.626 51
1 31 1 10 0.784 51
1 30 1 9 0.722 52
1 30 2 10 1.14 57
1 30 2 9 0.998 54
1 30 2 8 1.114 56
1 30 2 8 1.112 57
1 30 1 7 0.899 53
1 28 1 8 0.816 48
1 28 2 7 1.122 55
1 28 2 8 0.822 50
1 28 2 5 0.962 51
1 28 2 5 0.736 47
1 28 2 6 0.756 47
1 27 1 7 0.572 44
1 27 1 7 0.756 49
1 27 2 5 0.754 46
1 27 2 6 0.902 51
1 27 2 8 0.788 50
1 27 2 6 0.8 47
1 26 2 1 0.018 15
1 26 1 5 0.502 42
1 26 1 7 0.718 49
1 26 1 6 0.71 49
1 26 1 10 0.932 54
1 26 1 7 0.854 51
1 25 2 8 0.612 44
1 25 2 6 0.702 48
1 25 1 7 0.878 51
1 25 1 5 0.71 46
1 25 1 4 0.436 40
1 25 1 6 0.596 44
1 24 2 9 2.088 66
1 24 2 3 0.106 27
1 24 1 15 0.936 52
1 24 1 16 1.83 65
1 24 1 2 0.076 25
1 24 1 14 1.024 54
1 23 2 10 1.162 57
1 23 2 8 0.666 50
1 23 2 14 1.174 56
1 23 2 7 1.202 60
1 23 2 10 1.474 63
1 23 1 14 1.32 58
1 22 2 15 2.246 72
1 22 2 12 1.726 66
1 22 2 14 1.484 65
1 22 2 14 2.116 69
1 22 2 14 1.152 59
1 22 2 13 2.02 72
1 21 1 10 1.246 58
1 21 1 17 1.78 65
1 21 1 9 1.12 56
1 21 1 14 1.364 58
1 21 2 14 1.8 66
1 21 2 13 1.666 64
1 20 3 1 0.006 11
1 20 1 15 1.416 59
1 20 2 17 1.99 70
1 20 2 15 1.61 66
1 20 2 10 1.082 59
1 20 2 13 1.346 64
1 18 3 1 0.006 9
1 18 3 1 0.008 12
1 18 3 1 0.006 9
1 18 3 1 0.006 10
1 18 3 1 0.01 11
1 18 3 1 0.002 8
1 19 3 1 0.012 13
1 19 3 1 0.012 11
1 19 3 1 0.013 12
1 19 3 1 0.014 14
1 19 3 1 0.008 12
1 19 3 1 0.008 12
1 17 3 1 0.004 8
1 17 3 1 0.01 11
1 17 3 1 0.004 10
1 17 3 1 0.008 11
1 17 3 1 0.004 9
1 17 3 1 0.002 8
1 16 3 1 0.004 9
1 16 3 1 0.008 9
1 16 3 1 0.006 10
1 16 3 1 0.006 9
1 16 3 1 0.004 9
1 16 3 1 0.004 8
1 15 3 1 0.008 11
1 15 3 1 0.008 12
1 15 3 1 0.006 11
1 15 3 1 0.008 11
1 15 3 1 0.004 10
1 15 3 1 0.004 9
1 14 3 1 0.008 11
1 14 3 1 0.008 12
1 14 3 1 0.008 11
1 14 3 1 0.008 11
1 14 3 1 0.008 11
1 14 3 1 0.008 10
1 13 3 1 0.01 12
1 13 3 1 0.008 10
1 13 3 1 0.006 11
1 13 3 1 0.012 11
1 13 3 1 0.008 11
1 13 3 1 0.01 11
1 12 3 1 0.01 12
1 12 3 1 0.006 10
1 12 3 1 0.008 11
1 12 3 1 0.008 11
1 12 3 1 0.006 11
1 12 3 1 0.008 11
1 11 3 1 0.004 11
1 11 3 1 0.004 10
1 11 3 1 0.006 10
1 11 3 1 0.008 12
1 11 3 1 0.006 11
1 11 3 1 0.004 10
1 10 3 1 0.006 11
1 10 3 1 0.004 9
1 10 3 1 0.012 13
1 10 3 1 0.004 10
1 10 3 1 0.004 10
1 10 3 1 0.006 10
1 8 1 14 1.076 58
1 8 1 9 0.786 51
1 8 1 14 0.884 52
1 8 1 6 0.302 40
1 8 2 5 0.732 48
1 8 3 1 0.008 11
1 9 2 16 1.904 71
1 9 2 10 1.368 63
1 9 2 13 1.208 59
1 9 3 1 0.008 10
1 9 3 1 0.012 13
1 9 3 1 0.008 12
1 7 1 7 0.736 49
1 7 1 10 0.78 50
1 7 1 6 0.442 44
1 7 1 5 0.526 44
1 7 2 7 0.802 53
1 7 2 11 0.688 47
1 6 2 8 0.836 53
1 6 2 5 0.472 42
1 6 2 7 0.78 49
1 6 1 8 0.722 49
1 6 1 10 0.786 53
1 6 1 6 0.648 48
1 5 1 6 0.646 47
1 5 2 7 0.678 49
1 5 2 6 0.742 50
1 5 2 6 0.704 47
1 5 2 5 0.322 37
1 5 2 7 0.586 48
1 4 2 7 0.706 51
1 4 1 6 0.562 44
1 4 1 6 0.708 48
1 4 1 6 0.71 48
1 4 2 7 0.508 45
1 4 2 8 0.592 46
1 3 2 6 0.608 46
1 3 2 2 0.074 22
1 3 1 4 0.442 41
1 3 1 6 0.702 48
1 3 1 5 0.536 43
1 3 1 6 0.686 48
1 2 2 8 0.732 53
1 2 1 5 0.4 41
1 2 1 5 0.79 51
1 2 1 5 0.564 45
1 2 1 10 0.656 49
1 2 1 6 0.538 44
1 1 2 6 0.592 45
1 1 2 7 0.89 52
1 1 1 7 0.85 49
1 1 1 5 0.494 42
1 1 1 6 0.642 45
1 1 1 8 0.826 50
1 286 2 NA 1.66 65
1 286 2 15 3.006 73
1 286 1 10 1.546 60
1 286 2 16 2.25 66
1 285 2 15 2.41 71
1 285 1 11 1.84 64
1 285 1 15 1.962 63
1 285 1 14 1.79 63
1 284 1 15 1.06 58
1 284 2 10 1.81 65
1 284 2 5 1.016 54
1 284 1 10 1.082 58
1 283 1 15 1.332 60
1 283 1 17 1.18 55
1 283 1 7 0.612 48
1 283 1 3 0.248 32
1 282 2 14 1.28 57
1 282 2 14 1.928 65
1 282 2 14 1.678 64
1 282 1 17 0.702 52
1 281 1 10 1.484 58
1 281 1 14 1.802 62
1 281 1 14 1.766 65
1 281 2 17 1.036 58
1 280 1 14 1.776 62
1 280 2 11 1.726 66
1 280 2 12 2.104 66
1 280 2 17 2.056 66
1 279 2 15 2.414 71
1 279 1 14 0.976 57
1 279 1 14 1.234 61
1 279 1 16 2.11 66
1 278 2 13 2.564 75
1 278 1 13 1.348 58
1 278 1 10 1.062 59
1 278 1 14 1.538 63
1 276 2 16 1.784 65
1 276 2 9 1.35 61
1 277 1 15 1.114 56
1 277 1 14 2.43 70
1 277 2 13 2.538 69
1 277 2 14 2.126 66
1 276 1 6 0.518 48
1 276 1 10 0.914 55
1 275 1 12 0.954 55
1 275 1 12 0.926 51
1 275 1 12 1.46 57
1 275 1 10 1.24 56
1 274 2 15 1.896 68
1 274 1 16 1.174 54
1 274 1 13 1.018 57
1 274 1 6 0.482 43
1 274 1 3 0.204 32
1 274 2 1 0.024 15
1 273 1 8 0.732 47
1 273 2 8 1.082 54
1 273 1 9 0.668 46
1 273 1 8 1.344 57
1 273 2 9 0.852 53
1 273 2 13 1.856 66
1 272 1 9 1.162 54
1 272 1 7 1.428 59
1 272 1 7 0.944 52
1 272 2 10 1.24 59
1 272 2 8 0.636 51
1 272 2 7 1.21 55
1 271 1 14 1.442 60
1 271 1 9 1.02 54
1 271 2 9 0.88 51
1 271 2 6 1.036 54
1 271 2 9 0.992 56
1 271 2 9 0.846 52
1 268 2 15 2.16 68
1 268 2 15 2.6 70
1 268 1 14 2.194 68
1 268 1 14 1.384 58
1 270 2 1 0.012 13
1 270 1 8 1.09 57
1 270 1 12 1.48 59
1 270 1 12 1.284 56
1 270 1 15 1.036 56
1 270 1 8 1.148 60
1 269 3 1 0.012 13
1 269 3 1 0.008 12
1 269 2 11 1.436 64
1 269 1 13 2.168 69
1 269 1 3 0.184 29
1 269 1 3 0.258 32
1 267 3 1 0.012 10
1 267 1 19 2.452 74
1 267 1 13 1.508 60
1 267 1 15 1.064 58
1 266 1 14 2.848 77
1 266 1 16 2.258 73
1 266 3 1 0.012 12
1 266 2 11 2.094 66
1 265 2 9 1.752 68
1 265 1 12 2.19 65
1 265 2 12 2.518 73
1 265 2 16 2.112 69
1 262 1 13 1.264 58
1 262 1 16 0.816 53
1 262 2 15 1.776 63
1 262 2 13 2.202 71
1 264 2 9 2.646 69
1 264 2 13 1.682 65
1 264 2 13 1.572 62
1 264 2 14 2.082 78
1 263 1 15 1.92 62
1 263 1 10 1.07 56
1 263 2 18 1.882 68
1 263 2 14 2.078 67
1 261 1 12 1.594 63
1 261 2 13 0.904 56
1 261 1 15 0.944 56
1 261 3 1 0.01 10
1 260 1 7 0.802 50
1 260 1 9 1.224 57
1 260 2 13 1.68 66
1 260 2 8 1.302 60
1 260 2 10 1.342 61
1 260 2 8 0.912 54
1 259 1 7 0.652 49
1 259 2 10 1.212 58
1 259 1 9 0.846 53
1 259 1 13 1.564 60
1 259 2 8 0.886 55
1 259 2 1 0.02 13
1 258 1 7 0.85 51
1 258 1 6 1 50
1 258 1 4 0.418 40
1 258 1 8 0.904 51
1 258 1 8 0.766 48
1 258 1 6 0.792 47
1 257 1 9 1.076 53
1 257 1 7 0.99 54
1 257 2 8 1.36 61
1 257 2 7 1.302 56
1 257 2 14 1.391 63
1 257 2 11 1.676 67
1 256 1 6 0.924 47
1 256 1 6 0.78 47
1 256 1 6 0.942 51
1 256 2 6 1.47 57
1 256 2 5 0.704 46
1 256 2 10 0.958 56
1 255 2 6 0.628 46
1 255 2 6 1.092 52
1 255 2 8 1.2 56
1 255 2 6 0.81 48
1 255 1 6 0.78 47
1 255 1 6 0.722 46
1 254 1 7 0.962 51
1 254 1 10 1.212 57
1 254 1 8 1.278 57
1 254 2 7 1.226 54
1 254 2 9 1.414 57
1 254 2 8 0.964 54
1 253 1 8 1.086 52
1 253 1 9 0.706 48
1 253 1 11 1.318 61
1 253 2 6 0.668 47
1 253 1 6 0.994 52
1 253 1 9 0.742 49
1 252 1 14 1.35 58
1 252 1 16 0.964 53
1 252 2 12 1.716 65
1 252 2 10 1.414 61
1 252 2 13 1.16 57
1 252 2 14 1.386 62
1 249 2 8 0.864 52
1 249 2 13 0.792 54
1 249 2 9 1.086 58
1 249 2 2 0.078 24
1 251 1 9 1.33 56
1 251 1 11 1.04 55
1 251 1 14 1.396 58
1 251 2 12 1.256 58
1 251 2 11 1.524 62
1 251 2 11 1.118 60
1 250 1 13 1.456 58
1 250 2 NA 1.76 63
1 250 2 NA 1.656 64
1 250 2 15 1.916 67
1 248 1 15 0.89 53
1 248 1 9 1.44 60
1 248 3 1 0.006 11
1 248 3 1 0.006 9
1 247 2 14 1.472 61
1 247 1 13 1.124 59
1 247 1 15 1.114 56
1 247 2 14 1.556 61
1 247 2 16 1.22 58
1 247 2 11 1.008 54
1 246 3 1 0.01 11
1 246 1 3 0.268 33
1 246 1 5 0.452 43
1 246 2 6 0.786 49
1 246 2 6 0.826 48
1 246 2 5 0.804 50
1 245 1 7 0.736 50
1 245 1 6 0.788 49
1 245 2 9 0.782 52
1 245 2 8 1.002 56
1 245 2 NA 1.28 55
1 245 2 10 1.218 57
1 244 2 1 0.022 16
1 244 2 1 0.014 13
1 244 2 7 1.438 59
1 244 2 10 1.47 59
1 244 2 8 1.16 57
1 244 2 8 0.908 50
1 243 1 9 1.326 57
1 243 2 14 1.564 63
1 243 2 9 1.388 61
1 243 2 14 1.362 57
1 242 1 15 1.008 59
1 242 3 1 0.008 10
1 242 3 1 0.01 11
1 242 3 1 0.008 10
1 241 1 15 1.178 56
1 241 2 14 2.624 74
1 241 3 1 0.008 11
1 241 3 1 0.004 10
1 240 3 1 0.006 11
1 240 3 1 0.006 10
1 240 3 1 0.005 9
1 240 3 1 0.008 10
1 240 2 6 0.694 53
1 240 2 13 1.854 65
1 240 2 15 1.398 66
1 240 1 13 1.002 56
1 239 3 1 0.008 11
1 239 3 1 0.006 9
1 239 1 20 1.294 62
1 239 1 14 2.164 67
1 238 3 1 0.004 9
1 238 3 1 0.002 8
1 238 3 1 0.002 7
1 238 3 1 0.002 7
1 236 3 1 0.012 13
1 236 3 1 0.008 11
1 236 3 1 0.006 10
1 236 3 1 0.004 9
1 236 1 15 1.652 62
1 236 1 18 2.404 69
1 236 1 13 2.932 74
1 236 2 10 2.3 69
1 237 3 1 0.004 9
1 237 2 15 2 68
1 237 2 11 2.158 65
1 237 2 12 2.402 73
1 235 1 16 2.372 69
1 235 3 1 0.006 10
1 235 3 1 0.01 12
1 235 3 1 0.008 10
1 234 1 12 1.602 62
1 234 2 14 1.93 69
1 234 3 1 0.008 11
1 234 3 1 0.004 9
1 233 1 15 0.86 55
1 233 2 10 1.758 64
1 233 3 1 0.008 11
1 233 3 1 0.008 10
1 230 1 7 1.15 57
1 230 2 14 2.404 71
1 230 2 12 1.542 63
1 230 2 12 1.628 65
1 232 1 14 1.894 69
1 232 2 19 1.936 73
1 232 2 11 2.174 67
1 232 2 14 2.772 73
1 232 3 1 0.012 13
1 232 3 1 0.008 11
1 232 3 1 0.006 10
1 232 3 1 0.004 10
1 231 2 16 1.74 67
1 231 2 15 1.284 59
1 231 1 13 0.948 54
1 231 1 13 1.378 59
1 229 2 15 2.652 75
1 229 2 17 2.422 74
1 229 2 14 2.206 71
1 229 2 12 2.18 68
1 229 3 1 0.012 13
1 229 3 1 0.01 12
1 229 3 1 0.01 12
1 229 3 1 0.006 11
1 228 3 1 0.012 13
1 228 3 1 0.006 10
1 228 3 1 0.01 11
1 228 3 1 0.006 10
1 227 3 1 0.006 11
1 227 3 1 0.004 10
1 227 3 1 0.004 9
1 227 3 1 0.006 9
1 226 3 1 0.004 10
1 226 3 1 0.004 10
1 226 3 1 0.004 8
1 226 3 1 0.004 9
1 225 3 1 0.004 10
1 225 3 1 0.004 9
1 225 3 1 0.004 9
1 225 3 1 0.002 8
1 224 3 1 0.008 11
1 224 3 1 0.004 8
1 224 3 1 0.004 8
1 224 3 1 0.004 8
1 223 3 1 0.01 12
1 223 3 1 0.006 11
1 223 3 1 0.008 12
1 223 3 1 0.006 10
1 222 3 1 0.012 14
1 222 3 1 0.006 12
1 222 3 1 0.01 12
1 222 3 1 0.01 11
1 221 2 13 1.764 67
1 221 1 21 3.244 81
1 221 1 3 0.074 25
1 221 2 2 0.062 23
1 221 1 2 0.036 19
1 221 2 2 0.058 20
1 220 1 11 1.546 62
1 220 2 13 2.262 66
1 220 2 14 1.07 60
1 220 2 12 1.636 67
1 220 2 11 1.546 62
1 220 2 16 1.764 65
1 219 1 2 0.054 20
1 219 2 2 0.104 26
1 219 2 13 1.328 63
1 219 2 9 0.944 57
1 219 2 14 1.302 60
1 219 2 16 1.646 67
1 218 1 12 1.308 61
1 218 2 11 1.24 58
1 218 2 13 1.426 61
1 218 2 13 1.574 60
1 218 2 15 1.884 65
1 218 2 1 0.018 12
1 217 2 10 1.264 59
1 217 2 10 1.576 63
1 217 2 10 1.696 65
1 217 2 11 1.56 64
1 217 2 2 0.052 20
1 217 2 2 0.088 24
1 216 1 13 1.702 64
1 216 2 10 0.956 56
1 216 2 13 0.984 53
1 216 2 12 1.402 61
1 216 2 13 1.508 65
1 216 2 9 0.556 48
1 215 1 13 1.632 66
1 215 1 17 1.074 58
1 215 1 14 0.784 52
1 215 2 8 0.582 48
1 215 2 3 0.116 28
1 215 3 1 0.006 11
1 214 2 13 1.094 58
1 214 2 15 1.286 62
1 214 2 14 1.432 61
1 214 2 14 1.202 58
1 214 2 14 1.01 58
1 214 2 14 0.954 56
1 213 2 14 1.304 62
1 213 2 10 0.65 49
1 213 2 4 0.318 38
1 213 1 7 0.658 49
1 213 1 7 0.796 50
1 213 1 7 0.752 51
1 212 1 7 0.944 53
1 212 2 8 0.954 52
1 212 2 9 0.764 52
1 212 1 8 0.828 48
1 212 1 7 0.918 50
1 212 1 10 0.894 52
1 211 1 6 0.582 48
1 211 1 10 0.94 60
1 211 1 8 0.73 49
1 211 1 6 0.848 51
1 211 1 7 0.63 48
1 211 1 3 0.124 28
1 208 2 9 0.97 56
1 208 2 9 1.188 58
1 208 1 7 0.936 55
1 208 1 8 0.984 52
1 208 1 9 0.81 51
1 208 1 11 0.916 52
1 210 2 6 0.61 46
1 210 2 9 1.148 55
1 210 1 6 0.74 47
1 210 1 5 0.656 45
1 210 1 5 0.538 41
1 210 1 4 0.434 38
1 209 1 9 0.962 53
1 209 1 10 0.736 49
1 209 1 7 0.616 48
1 209 1 8 0.87 51
1 209 2 7 0.832 53
1 209 3 1 0.012 12
1 207 1 7 0.802 47
1 207 1 9 1.08 54
1 207 1 5 0.656 47
1 207 1 5 0.552 43
1 207 2 8 0.72 49
1 207 2 2 0.096 26
1 206 2 9 0.826 51
1 206 2 6 0.656 49
1 206 2 8 1.144 59
1 206 2 14 0.96 53
1 206 2 7 0.846 51
1 206 2 11 0.838 56
1 205 1 16 1.35 60
1 205 2 9 1.044 56
1 205 2 10 1.38 61
1 205 2 10 1.186 58
1 205 2 14 1.488 60
1 205 2 8 0.942 55
1 204 1 15 1.226 59
1 204 1 11 1.214 61
1 204 2 13 1.706 66
1 204 2 13 1.144 59
1 204 2 7 0.992 56
1 204 2 14 1.01 59
1 203 1 3 0.074 23
1 203 3 1 0.01 12
1 203 3 1 0.006 10
1 203 3 1 0.008 10
1 203 3 1 0.008 11
1 203 3 1 0.008 11
1 202 3 1 0.006 10
1 202 3 1 0.004 10
1 202 3 1 0.006 10
1 202 3 1 0.006 10
1 202 3 1 0.004 9
1 202 3 1 0.004 9
1 201 1 24 1.7 69
1 201 3 1 0.008 11
1 201 3 1 0.008 11
1 201 3 1 0.006 11
1 200 2 19 1.092 60
1 200 1 1 0.028 17
1 200 2 1 0.024 16
1 200 3 1 0.008 11
1 200 3 1 0.006 11
1 200 3 1 0.006 10
1 199 1 13 1.304 58
1 199 1 11 1.14 57
1 199 2 15 1.518 64
1 199 2 14 1.53 64
1 199 2 8 1.114 59
1 199 2 2 0.144 27
1 198 2 10 1.19 60
1 198 2 8 1.086 57
1 198 2 8 0.984 55
1 198 1 9 1.024 54
1 198 1 8 0.858 51
1 198 2 8 0.972 55
1 197 1 7 0.682 50
1 197 1 7 0.486 43
1 197 1 7 0.73 50
1 197 2 6 0.568 47
1 197 2 8 0.8 52
1 197 2 8 0.688 51
1 196 1 8 0.846 51
1 196 1 8 0.528 43
1 196 2 8 0.796 51
1 196 2 8 0.83 52
1 196 2 7 0.682 48
1 196 2 2 0.098 26
1 195 1 7 0.66 46
1 195 1 7 0.758 47
1 195 1 2 0.09 24
1 195 2 11 1.46 63
1 195 2 10 0.976 55
1 195 2 4 0.364 37
1 194 1 8 0.742 47
1 194 1 7 0.72 49
1 194 2 8 0.972 53
1 194 2 5 0.464 41
1 194 2 6 0.666 46
1 194 2 1 0.036 18
1 191 2 5 0.644 45
1 191 2 5 0.758 49
1 191 2 5 0.794 49
1 191 2 5 0.88 49
1 191 2 10 1.18 59
1 191 2 6 0.684 49
1 193 1 8 0.746 48
1 193 1 5 0.568 46
1 193 1 6 0.79 49
1 193 2 6 0.662 47
1 193 2 7 0.74 49
1 193 2 8 0.922 53
1 192 1 6 0.458 41
1 192 1 6 0.742 47
1 192 1 6 0.816 48
1 192 2 6 0.776 49
1 192 2 6 0.634 45
1 192 2 7 0.854 50
1 190 1 9 0.75 52
1 190 2 6 0.808 51
1 190 2 6 0.722 45
1 190 2 6 0.51 46
1 190 2 7 1.086 52
1 190 2 7 0.95 51
1 189 1 7 0.69 48
1 189 2 6 0.732 47
1 189 1 6 0.648 45
1 189 1 7 1.092 54
1 189 2 8 1.09 53
1 189 2 6 0.446 40
1 188 1 4 0.586 43
1 188 1 6 0.686 44
1 188 1 5 0.706 44
1 188 1 7 0.846 49
1 188 1 5 0.756 44
1 188 1 6 0.722 46
1 187 1 7 0.912 51
1 187 1 6 0.958 49
1 187 1 5 0.74 47
1 187 2 9 1.082 54
1 187 2 6 0.872 53
1 187 2 6 0.874 47
1 186 1 8 0.704 48
1 186 1 7 0.996 52
1 186 1 12 1.092 53
1 186 2 6 1.008 51
1 186 2 6 0.796 47
1 186 2 7 0.602 49
1 185 3 1 0.024 16
1 185 1 7 0.762 47
1 185 1 7 0.93 51
1 185 2 6 1.02 51
1 185 2 5 0.55 43
1 185 2 6 0.772 47
1 184 1 8 1.024 53
1 184 2 7 0.948 52
1 184 1 8 0.916 51
1 184 1 6 0.648 44
1 184 1 10 0.812 54
1 184 1 5 0.606 45
1 183 1 7 0.792 46
1 183 2 7 1.122 54
1 183 2 6 0.948 52
1 183 2 7 1.064 55
1 183 2 9 1.068 57
1 183 2 6 0.532 46
1 182 2 7 0.622 46
1 182 2 6 0.836 49
1 182 1 6 0.692 46
1 182 1 5 0.576 43
1 182 1 5 0.558 42
1 182 1 7 0.556 43
1 181 2 6 0.602 43
1 181 1 6 0.708 46
1 181 1 6 0.752 46
1 181 2 1 0.022 16
1 181 2 10 1.274 59
1 181 2 7 0.872 48
1 180 2 5 0.84 48
1 180 1 10 1.048 53
1 180 2 6 0.798 49
1 180 1 6 0.734 52
1 180 2 7 0.59 45
1 180 2 5 0.98 52
1 179 1 1 0.034 17
1 179 1 6 0.696 45
1 179 1 6 0.616 45
1 179 2 5 0.688 45
1 179 2 7 0.96 54
1 179 2 10 1.072 54
1 179 2 1 0.02 15
1 179 1 1 0.018 14
1 179 1 10 0.712 50
1 179 2 8 0.788 52
1 179 2 7 1.016 52
1 179 2 5 0.588 44
1 176 1 4 0.522 42
1 176 2 7 0.676 46
1 176 2 7 0.63 46
1 176 1 7 0.796 47
1 176 1 6 0.702 46
1 176 1 8 0.946 53
1 178 2 5 0.558 44
1 178 2 7 0.85 51
1 178 2 8 0.668 48
1 178 2 5 0.712 47
1 178 1 5 0.716 46
1 178 1 7 0.876 50
1 177 2 7 0.674 48
1 177 1 7 0.89 52
1 177 1 7 0.88 52
1 177 2 7 0.772 49
1 177 1 8 0.726 47
1 177 1 5 0.59 42
1 175 2 2 0.054 20
1 175 2 8 0.736 49
1 175 2 7 0.628 46
1 175 1 6 0.496 44
1 175 1 7 0.712 50
1 175 1 10 1.174 56
1 174 1 6 0.482 43
1 174 2 7 0.736 49
1 174 2 7 0.648 48
1 174 2 7 0.716 48
1 174 2 8 0.8 50
1 174 2 13 1.52 65
1 173 3 1 0.008 10
1 173 3 1 0.008 10
1 173 3 1 0.008 10
1 173 3 1 0.006 10
1 173 3 1 0.006 10
1 173 3 1 0.004 9
1 172 1 8 0.996 53
1 172 2 10 1.648 64
1 172 2 11 1.078 59
1 172 2 13 0.916 54
1 172 2 9 0.838 53
1 172 1 3 0.138 28
1 171 1 17 1.342 61
1 171 1 7 0.564 46
1 171 2 15 1.248 60
1 171 2 16 1.7 65
1 171 3 1 0.008 11
1 171 3 1 0.006 11
1 170 2 11 1.278 58
1 170 2 12 1.684 66
1 170 2 19 2.37 70
1 170 2 14 1.714 64
1 170 3 1 0.012 13
1 170 3 1 0.008 11
1 169 3 1 0.01 11
1 169 3 1 0.01 11
1 169 3 1 0.008 10
1 169 3 1 0.008 11
1 169 3 1 0.008 11
1 169 3 1 0.008 11
1 168 3 1 0.008 12
1 168 3 1 0.008 12
1 168 3 1 0.008 11
1 168 3 1 0.008 11
1 168 3 1 0.008 11
1 168 3 1 0.006 10
1 167 3 1 0.018 15
1 167 3 1 0.008 11
1 167 3 1 0.008 12
1 167 3 1 0.008 11
1 167 3 1 0.008 11
1 167 3 1 0.008 12
1 166 2 7 0.88 50
1 166 1 6 0.45 43
1 166 2 10 0.71 50
1 166 2 5 0.606 44
1 166 2 7 0.702 48
1 166 2 8 0.682 47
1 163 3 1 0.01 12
1 163 3 1 0.016 14
1 163 1 7 0.984 53
1 163 1 5 0.532 43
1 163 2 5 0.706 48
1 163 2 5 0.396 40
1 165 2 6 0.642 44
1 165 2 7 0.614 45
1 165 2 7 0.85 54
1 165 2 5 0.596 44
1 165 2 8 0.674 47
1 165 1 10 1.46 61
1 164 2 6 0.586 44
1 164 2 7 0.658 47
1 164 1 6 0.594 44
1 164 1 5 0.54 42
1 164 1 5 0.488 44
1 164 1 4 0.378 39
1 162 2 9 1.24 52
1 162 1 7 0.732 47
1 162 1 13 1.262 59
1 162 2 7 0.75 51
1 162 2 7 0.648 48
1 162 2 2 0.086 23
1 161 2 4 0.406 37
1 161 2 6 0.524 44
1 161 2 6 0.636 43
1 161 2 6 0.638 47
1 161 2 6 0.516 43
1 161 2 5 0.504 41
1 160 2 8 1.256 58
1 160 2 5 0.904 50
1 160 2 5 0.586 45
1 160 1 6 0.678 47
1 160 1 5 0.606 45
1 160 1 1 0.028 16
1 159 2 5 0.864 49
1 159 2 6 0.546 42
1 159 2 5 0.782 50
1 159 1 5 0.462 42
1 159 3 1 0.02 14
1 159 3 1 0.022 15
1 158 2 7 0.676 49
1 158 2 5 0.614 45
1 158 2 6 0.56 42
1 158 1 4 0.222 32
1 158 1 4 0.486 41
1 158 1 9 0.918 51
1 157 1 5 0.44 42
1 157 1 5 0.46 43
1 157 1 1 0.04 18
1 157 1 5 0.584 44
1 157 2 5 0.612 46
1 157 2 3 0.08 24
1 156 2 7 0.952 52
1 156 2 7 0.624 48
1 156 1 5 0.438 40
1 156 2 5 0.51 42
1 156 1 5 0.538 43
1 156 2 6 0.628 45
1 155 2 6 0.566 45
1 155 2 13 1.53 64
1 155 2 6 0.8 49
1 155 2 5 0.586 46
1 155 2 5 0.5 43
1 155 2 6 0.788 49
1 154 2 6 0.656 47
1 154 2 7 0.802 51
1 154 2 6 0.65 47
1 154 2 7 0.634 47
1 154 2 9 0.882 52
1 154 2 7 0.676 45
1 153 2 5 0.48 41
1 153 2 6 0.594 44
1 153 2 7 0.6 47
1 153 1 5 0.414 38
1 153 1 6 0.68 46
1 153 1 5 0.436 40
1 152 2 6 0.57 44
1 152 2 6 0.698 46
1 152 2 6 0.888 52
1 152 2 6 0.674 47
1 152 2 10 0.778 50
1 152 1 5 0.49 42
1 149 3 1 0.01 12
1 149 3 1 0.014 13
1 149 3 1 0.014 13
1 149 3 1 0.014 13
1 149 3 1 0.01 12
1 149 3 1 0.008 12
1 151 2 12 1.042 56
1 151 2 17 1.17 58
1 151 2 10 1.278 60
1 151 1 17 2.308 73
1 151 1 13 1.328 57
1 151 1 12 1.438 61
1 150 3 1 0.016 14
1 150 3 1 0.01 13
1 150 3 1 0.01 12
1 150 3 1 0.008 11
1 150 3 1 0.008 11
1 150 3 1 0.01 11
1 148 2 6 0.438 40
1 148 2 7 0.544 44
1 148 2 7 0.514 43
1 148 1 4 0.346 37
1 148 1 5 0.376 39
1 148 1 4 0.282 33
1 147 2 4 0.298 35
1 147 2 4 0.376 37
1 147 2 3 0.268 33
1 147 2 15 1.73 65
1 147 1 6 0.42 39
1 147 1 4 0.23 32
1 146 1 6 0.76 48
1 146 1 7 0.512 42
1 146 1 5 0.364 37
1 146 2 6 0.648 47
1 146 2 4 0.322 36
1 146 2 6 0.63 46
1 145 2 5 0.552 44
1 145 2 5 0.42 41
1 145 2 6 0.562 44
1 145 1 6 0.672 48
1 145 1 6 0.542 43
1 145 1 5 0.472 42
1 144 2 6 0.578 44
1 144 2 7 0.704 50
1 144 2 6 0.95 54
1 144 2 9 0.54 45
1 144 2 10 1.218 59
1 144 1 4 0.424 40
1 143 1 5 0.598 43
1 143 2 5 0.54 43
1 143 2 6 0.556 45
1 143 2 9 0.884 52
1 143 2 7 0.746 47
1 143 2 18 1.35 61
1 142 2 11 1.37 59
1 142 2 9 1.206 57
1 142 2 5 0.658 47
1 142 2 7 0.7 47
1 142 1 6 0.796 50
1 142 1 5 0.552 42
1 141 2 5 0.696 46
1 141 2 5 0.588 44
1 141 2 6 0.65 47
1 141 2 6 0.786 49
1 141 2 4 0.476 41
1 141 1 7 0.868 50
1 140 1 7 0.924 51
1 140 1 6 0.54 43
1 140 1 11 0.954 55
1 140 1 5 0.634 44
1 140 2 5 0.564 45
1 140 2 5 0.588 43
1 139 2 5 0.516 42
1 139 2 5 0.414 39
1 139 2 6 0.88 53
1 139 2 6 0.628 46
1 139 1 6 0.788 48
1 139 1 5 0.556 43
1 138 2 5 0.5 42
1 138 2 5 0.428 40
1 138 2 4 0.45 40
1 138 2 4 0.446 40
1 138 1 7 0.676 48
1 138 1 6 0.618 45
1 137 2 4 0.516 41
1 137 2 5 0.57 43
1 137 2 6 0.73 46
1 137 2 4 0.546 42
1 137 1 6 0.42 40
1 137 1 4 0.498 42
1 136 2 7 1.25 55
1 136 2 9 1.164 57
1 136 2 12 1.142 55
1 136 2 5 0.418 40
1 136 2 6 0.552 42
1 136 2 6 0.494 43
1 135 2 7 1.018 53
1 135 2 6 0.612 42
1 135 2 6 0.578 45
1 135 1 6 0.486 41
1 135 1 6 0.634 45
1 135 1 6 0.568 43
1 134 1 7 0.856 50
1 134 1 5 0.684 46
1 134 2 4 0.578 44
1 134 2 7 1.168 54
1 134 2 11 1.288 57
1 134 2 9 1.48 59
1 133 2 6 0.65 45
1 133 2 4 0.488 40
1 133 2 5 0.53 43
1 133 1 4 0.58 42
1 133 1 6 0.516 44
1 133 1 9 0.728 50
1 132 3 1 0.032 16
1 132 3 1 0.03 16
1 132 3 1 0.028 16
1 132 3 1 0.024 16
1 132 3 1 0.024 15
1 132 3 1 0.02 15
1 131 3 1 0.02 14
1 131 3 1 0.036 18
1 131 3 1 0.03 16
1 131 3 1 0.028 16
1 131 3 1 0.028 16
1 131 3 1 0.018 14
1 130 3 1 0.032 16
1 130 3 1 0.014 13
1 130 3 1 0.02 14
1 130 3 NA 0.02 15
1 130 3 1 0.042 19
1 130 3 1 0.018 14
