1 60 1 16 1.556 61
1 60 1 13 1.12 56
1 60 1 14 1.386 59
1 60 1 9 0.722 52
1 39 2 14 1.066 57
1 39 2 7 0.924 52
1 39 2 9 0.768 50
1 39 2 9 1.242 58
1 39 2 10 1.018 54
1 39 2 12 1.104 55
1 39 2 8 1.238 57
1 39 2 7 1.2 58
1 39 2 7 1.128 56
1 39 2 6 0.788 49
1 39 2 10 1.762 63
1 39 2 12 0.842 52
1 39 2 9 0.864 51
1 39 2 13 1.166 56
1 39 2 9 1.014 55
1 39 2 5 0.65 49
1 39 2 11 1.298 60
1 28 2 9 1.082 54
1 28 2 13 1.108 55
1 28 2 15 0.978 53
1 28 2 8 1.168 58
1 28 2 12 1.02 53
1 28 2 10 1.228 57
1 44 1 11 1.502 63
1 55 1 2 0.118 28
1 55 2 2 0.084 24
1 41 3 1 0.028 16
1 53 1 4 0.396 38
1 54 2 7 0.98 53
1 58 1 2 0.06 20
1 51 2 8 0.694 48
1 51 2 6 0.676 49
1 51 2 4 0.592 44
1 60 1 6 0.68 46
1 60 2 12 1.12 57
1 60 2 13 1.44 67
1 60 2 9 1.654 64
1 60 2 12 2.062 66
1 60 2 12 1.896 66
1 3 1 7 0.736 47
1 3 1 7 0.896 50
1 3 1 4 0.516 41
1 3 1 4 0.528 39
1 3 1 2 0.196 31
1 3 1 6 0.686 48
1 3 1 13 1.37 58
1 3 1 4 0.824 48
1 3 1 2 0.282 34
1 3 1 2 0.252 33
1 3 1 5 0.646 46
1 3 1 4 0.342 37
1 3 1 3 0.298 33
1 3 1 3 0.162 28
1 3 1 2 0.256 32
1 3 1 6 0.656 44
1 3 1 3 0.266 36
1 3 1 3 0.316 36
1 3 1 6 0.954 49
1 3 1 3 0.342 35
1 3 1 3 0.248 32
1 3 1 3 0.228 32
1 3 1 3 0.164 29
1 3 1 4 0.352 37
1 3 1 4 0.376 39
1 3 2 5 0.76 51
1 3 2 3 0.22 31
1 3 2 3 0.204 30
1 3 2 3 0.276 34
1 3 2 2 0.298 34
1 3 2 4 0.498 43
1 3 2 3 0.196 29
1 3 2 2 0.256 33
1 3 2 6 0.842 50
1 3 2 2 0.226 32
1 3 2 7 0.646 49
1 3 2 2 0.154 28
1 28 2 8 1.108 54
1 7 2 4 0.558 46
1 7 1 9 0.92 52
1 7 1 11 1 50
1 7 1 9 0.744 54
1 7 1 5 0.772 46
1 7 1 NA 0.616 45
1 7 1 NA 0.458 42
1 29 1 4 0.812 47
1 29 1 4 0.578 42
1 29 1 4 0.588 43
1 29 1 3 0.634 42
1 29 1 4 0.51 41
1 60 2 13 2.11 70
1 52 1 4 0.354 37
1 52 1 4 0.414 38
1 52 1 4 0.64 44
1 52 1 1 0.04 18
1 52 1 1 0.042 18
1 52 1 1 0.036 17
1 52 2 4 0.462 39
1 52 2 4 0.448 39
1 52 2 5 0.594 46
1 52 2 4 0.47 38
1 58 2 2 0.104 26
1 58 2 2 0.18 29
1 58 2 2 0.09 23
1 58 2 2 0.148 28
1 58 2 3 0.206 32
1 58 2 2 0.094 24
1 58 2 6 1.02 54
1 58 2 6 0.788 49
1 20 1 12 0.58 50
1 20 1 12 0.666 52
1 20 1 12 1.424 62
1 20 1 12 0.974 53
1 43 2 10 2.298 70
1 43 2 11 1.026 58
1 43 2 11 1.766 65
1 43 2 11 1.484 63
1 43 2 7 0.63 50
1 43 1 11 0.786 54
1 43 1 11 0.822 53
1 43 1 12 1.402 61
1 43 1 11 1.036 56
1 57 2 6 0.8 46
1 57 2 6 1.114 51
1 57 2 8 1.302 60
1 57 2 12 1.15 54
1 57 2 4 0.398 39
1 57 2 5 0.758 49
1 57 2 10 1.104 55
1 24 1 11 1 56
1 24 1 12 1.284 59
1 48 1 4 0.47 44
1 48 1 2 0.272 33
1 48 1 2 0.208 30
1 48 1 5 0.508 43
1 48 1 2 0.29 34
1 48 1 3 0.354 36
1 48 1 2 0.36 36
1 56 1 2 0.064 21
1 56 1 2 0.048 20
1 56 1 2 0.072 23
1 56 3 2 0.042 19
1 56 3 1 0.012 13
1 56 1 2 0.05 20
1 56 1 2 0.072 23
1 56 1 1 0.026 16
1 56 1 2 0.052 21
1 56 3 1 0.028 16
1 56 3 1 0.016 14
1 56 3 1 0.026 16
1 56 3 1 0.022 15
1 56 3 1 0.008 11
1 56 2 2 0.074 22
1 56 2 3 0.168 30
1 56 2 2 0.086 24
1 56 2 2 0.048 19
1 56 2 2 0.068 22
1 56 2 2 0.072 23
1 56 2 3 0.046 19
1 56 2 2 0.068 22
1 56 2 2 0.042 19
1 56 2 2 0.096 24
1 56 2 2 0.11 25
1 56 2 1 0.038 18
1 5 1 13 1.202 58
1 5 1 18 1.996 64
1 5 1 14 1.798 65
1 5 1 16 1.844 63
1 5 1 12 1.04 54
1 5 1 16 1.754 65
1 5 1 12 1.46 60
1 5 1 10 1.35 59
1 5 2 8 1.516 58
1 5 2 12 1.44 63
1 5 2 12 1.598 63
1 5 2 8 0.696 51
1 5 2 13 1.426 61
1 5 2 6 0.904 54
1 5 2 12 1.91 69
1 5 2 13 1.352 60
1 5 2 12 0.858 55
1 5 2 15 1.896 69
1 5 2 13 1.384 59
1 5 2 6 0.754 50
1 5 2 13 1.288 59
1 11 2 11 1.232 63
1 15 3 1 0.014 14
1 16 2 12 2.136 67
1 18 2 4 0.51 42
1 9 2 1 0.04 17
1 9 2 1 0.044 19
1 19 1 2 0.086 25
1 20 2 11 0.992 56
1 21 2 2 0.16 29
1 23 2 6 0.678 46
1 23 2 8 0.9 50
1 23 2 5 0.632 45
1 23 2 4 0.502 40
1 23 2 4 0.606 42
1 23 2 5 0.572 44
1 23 2 4 0.612 43
1 23 2 6 0.822 51
1 23 2 6 0.856 48
1 23 2 7 0.586 49
1 23 2 5 0.636 45
1 23 2 6 1.004 51
1 23 2 6 0.722 47
1 23 2 5 0.484 41
1 23 2 7 1.232 54
1 23 1 5 0.726 47
1 23 1 12 0.984 55
1 23 1 5 0.592 43
1 23 1 4 0.498 42
1 23 1 8 1.028 50
1 23 1 5 0.554 43
1 23 1 6 0.79 48
1 23 1 6 0.676 46
1 23 1 5 0.658 45
1 23 1 9 0.706 47
1 23 1 6 0.57 44
1 9 2 6 0.922 53
1 9 2 7 0.698 49
1 9 2 9 1.214 54
1 9 2 8 0.804 53
1 9 2 8 0.748 51
1 9 2 6 0.514 47
1 9 2 7 0.872 50
1 9 2 4 0.412 39
1 9 2 2 0.212 31
1 9 2 8 0.884 49
1 9 2 4 0.372 40
1 9 1 2 0.184 31
1 9 1 4 0.506 42
1 9 1 7 0.754 50
1 9 1 7 0.554 46
1 9 1 7 0.594 48
1 9 1 10 1.01 54
1 9 1 10 1.292 59
1 9 1 1 0.066 21
1 9 1 2 0.154 30
1 9 1 2 0.206 31
1 9 1 4 0.372 39
1 9 1 12 1.1 55
1 17 1 8 0.978 51
1 17 2 9 1.016 55
1 9 2 1 0.028 16
1 20 1 13 1.866 67
1 20 2 15 1.322 62
1 20 2 14 1.364 58
1 21 1 4 0.274 36
1 22 1 4 0.186 31
1 29 1 4 0.66 43
1 21 2 3 0.19 31
1 14 1 14 2.924 75
1 9 1 10 1.188 56
1 3 1 4 0.586 43
1 19 2 8 0.616 46
1 19 2 3 0.206 34
1 19 1 4 0.216 35
1 25 1 3 0.164 29
1 25 2 8 0.574 47
1 25 2 4 0.33 37
1 9 1 6 0.732 47
1 9 1 5 0.366 40
1 9 1 2 0.196 31
1 9 1 8 0.542 45
1 9 1 5 0.518 44
1 9 1 4 0.136 28
1 9 1 4 0.372 39
1 9 1 5 0.522 45
1 9 1 9 1.012 52
1 9 1 2 0.222 30
1 9 1 1 0.046 18
1 9 1 1 0.042 18
1 9 1 1 0.048 19
1 9 1 1 0.022 15
1 9 1 1 0.026 16
1 9 1 1 0.028 16
1 9 1 1 0.048 19
1 9 1 1 0.056 20
1 9 1 1 0.058 20
1 9 1 1 0.046 19
1 9 1 1 0.074 21
1 9 1 1 0.044 18
1 9 1 1 0.034 17
1 11 1 7 0.44 46
1 11 1 12 1.082 57
1 11 2 12 1.94 71
1 11 2 12 0.968 58
1 11 2 12 2.206 68
1 11 2 12 1.474 64
1 11 2 11 1.432 67
1 11 2 12 2.252 72
1 11 2 16 2.316 72
1 11 2 13 2.42 71
1 11 2 8 1.114 59
1 11 2 12 0.69 54
1 11 2 10 1.656 63
1 4 2 4 0.378 38
1 4 2 3 0.232 31
1 4 2 4 0.584 42
1 4 1 4 0.428 39
1 4 1 4 0.466 40
1 4 1 4 0.408 38
1 4 1 4 0.472 39
1 37 1 5 0.688 46
1 37 1 5 0.5 42
1 37 1 13 2.746 76
1 37 1 7 1.524 60
1 37 1 9 0.906 52
1 37 1 8 0.97 53
1 37 1 2 0.108 26
1 37 1 2 0.18 30
1 37 1 5 0.56 43
1 37 1 6 0.642 45
1 37 1 8 0.664 47
1 37 1 14 1.808 59
1 37 1 1 0.028 16
1 37 2 11 1.77 65
1 37 2 5 0.242012344010376 34
1 37 2 9 0.68 51
1 37 2 6 1.28 54
1 37 2 13 3.17 74
1 37 2 5 0.628 46
1 37 2 7 0.958 53
1 37 2 6 0.564 44
1 37 2 4 0.296 36
1 37 2 6 0.568 45
1 15 2 12 2.142 71
1 15 2 14 2.072 71
1 15 2 12 1.296 63
1 15 2 11 2.148 70
1 15 2 10 1.682 65
1 15 2 12 0.618 50
1 15 2 8 1.364 63
1 15 2 14 3.12 78
1 15 2 13 2.462 76
1 15 2 14 2.7 77
1 15 2 19 2.402 75
1 15 2 12 1.704 64
1 15 2 10 1.61 67
1 15 2 22 2.11 74
1 15 1 9 1.406 60
1 15 1 12 2.056 69
1 15 1 13 1.158 57
1 15 1 9 0.644 53
1 15 3 1 0.012 13
1 15 3 1 0.016 13
1 16 1 11 1.36 64
1 16 1 9 0.986 58
1 16 1 13 1.63 63
1 16 1 11 2 69
1 16 1 12 1.576 66
1 16 1 10 1.484 65
1 16 1 14 1.792 69
1 16 1 14 2.046 68
1 16 1 14 1.882 70
1 16 2 13 2.242 73
1 16 2 20 1.99 67
1 16 2 14 2.379 76
1 16 2 12 1.654 63
1 16 2 14 1.978 68
1 16 2 15 2.302 73
1 16 2 12 1.858 65
1 6 1 14 1.65 67
1 6 1 10 1.056 56
1 6 1 13 1.146 59
1 6 1 10 0.968 55
1 6 1 9 1.948 63
1 46 3 1 0.026 16
1 46 1 6 0.546 46
1 46 1 2 0.094 25
1 46 1 4 0.254 36
1 46 1 3 0.112 26
1 57 1 7 0.77 49
1 57 1 7 0.906 47
1 57 1 4 0.504 40
1 57 1 6 0.708 46
1 57 1 4 0.382 39
1 57 1 7 1.202 53
1 57 1 5 0.62 43
1 57 1 7 0.928 54
1 57 1 4 0.324 37
1 57 1 3 0.288 34
1 57 1 6 0.758 48
1 57 1 5 0.554 45
1 57 1 3 0.364 38
1 57 1 10 1.11 56
1 57 2 12 1.248 56
1 57 2 8 0.86 50
1 57 2 12 1.796 60
1 57 2 5 0.684 45
1 57 2 5 0.852 48
1 57 2 5 0.744 47
1 51 1 8 0.82 48
1 51 1 4 0.498 41
1 51 1 7 0.744 47
1 51 1 8 0.626 45
1 51 1 4 0.482 39
1 51 1 6 0.948 51
1 51 1 6 0.55 41
1 51 1 8 0.864 51
1 6 1 13 1.148 57
1 6 1 12 1.764 64
1 6 1 8 1.528 62
1 6 1 12 1.11 58
1 6 1 1 0.034 17
1 6 2 10 1.478 65
1 6 2 13 1.428 62
1 17 1 7 0.76 49
1 17 1 7 0.82 53
1 17 1 8 0.86 50
1 17 1 6 0.536 46
1 17 1 5 0.702 45
1 17 1 4 0.51 43
1 17 1 9 1.09 54
1 17 1 9 1.03 55
1 17 2 6 0.994 52
1 17 2 6 1.018 53
1 17 2 7 1.014 51
1 17 2 8 1.392 58
1 17 2 8 1.084 57
1 17 2 5 0.878 48
1 17 2 6 1.052 50
1 17 2 8 1.104 54
1 9 2 1 0.022 15
1 9 2 1 0.048 18
1 9 2 1 0.044 18
1 9 2 1 0.034 18
1 9 2 1 0.02 15
1 9 2 1 0.02 15
1 9 2 1 0.072 22
1 9 2 1 0.03 16
1 9 2 1 0.054 19
1 25 2 4 0.296 35
1 25 2 4 0.396 39
1 25 2 3 0.15 29
1 26 2 6 0.756 49
1 26 2 3 0.202 32
1 26 2 4 0.21 31
1 51 2 8 0.64 47
1 51 2 5 0.522 42
1 51 2 11 1.144 65
1 51 2 5 0.584 43
1 51 2 4 0.562 43
1 51 2 4 0.458 41
1 51 2 8 0.954 52
1 51 2 9 0.932 52
1 51 2 8 1.046 53
1 51 2 8 0.77 50
1 51 2 7 0.836 50
1 51 2 12 1.568 58
1 51 2 6 1.012 51
1 51 1 8 0.846 52
1 51 1 6 0.758 49
1 51 1 4 0.536 43
1 51 1 9 0.866 53
1 51 1 8 0.638 46
1 51 1 6 1.014 50
1 33 1 12 1.592 63
1 59 1 12 1.52 69
1 59 1 13 1.196 56
1 26 2 2 0.078 23
1 26 2 3 0.162 29
1 26 2 4 0.238 33
1 26 2 2 0.078 23
1 26 2 4 0.312 37
1 26 2 3 0.12 26
1 26 2 3 0.148 28
1 26 2 2 0.068 22
1 26 2 2 0.074 23
1 26 2 2 0.09 24
1 26 2 2 0.096 24
1 26 2 3 0.194 31
1 26 1 2 0.082 23
1 26 1 2 0.1 25
1 26 1 2 0.064 21
1 26 1 3 0.144 28
1 26 1 2 0.096 23
1 26 1 7 0.658 48
1 26 1 3 0.144 27
1 26 1 4 0.254 34
1 26 1 3 0.236 34
1 26 1 2 0.088 24
1 26 1 2 0.102 25
1 26 1 5 0.212 32
1 26 1 3 0.116 27
1 26 1 3 0.168 30
1 26 1 2 0.112 26
1 61 1 2 0.146 29
1 61 1 8 0.494 48
1 58 2 2 0.11 25
1 58 2 3 0.222 31
1 58 2 8 0.9 50
1 58 2 5 0.7 48
1 58 2 14 2.55 69
1 58 2 4 0.418 40
1 58 2 2 0.076 22
1 58 2 4 0.338 38
1 58 2 9 2.74 74
1 58 2 8 1.08 58
1 58 2 6 0.58 47
1 58 2 11 1.332 58
1 58 2 13 1.348 57
1 29 1 4 0.674 43
1 29 1 3 0.58 41
1 29 1 5 0.826 48
1 29 1 4 0.544 41
1 20 1 12 1.162 57
1 20 1 12 1.322 58
1 20 1 14 1.226 61
1 20 1 12 1.004 54
1 20 1 12 1.054 55
1 20 1 12 1.234 56
1 20 1 10 0.744 51
1 20 1 15 1.068 56
1 20 1 11 1.662 63
1 20 1 16 1.85 66
1 20 1 12 1.52 62
1 20 1 12 1.76 63
1 20 1 11 1.498 63
1 20 1 16 1.264 59
1 20 1 8 1.07 59
1 20 1 12 1.71 65
1 20 2 11 1.772 64
1 20 2 13 1.8 66
1 20 2 7 0.936 54
1 20 2 12 0.976 57
1 20 2 12 1.308 62
1 20 2 12 1.358 60
1 20 2 11 1.41 61
1 20 2 16 1.342 62
1 20 2 11 1.418 59
1 20 2 11 1.546 66
1 20 2 11 1.958 68
1 20 2 7 1.464 62
1 20 2 14 1.082 58
1 20 2 8 1.518 61
1 20 2 15 2.794 75
1 20 2 13 1.184 57
1 20 2 2 0.054 21
1 20 2 13 2.018 69
1 20 2 9 1.124 59
1 20 2 15 1.488 60
1 20 2 14 1.402 60
1 20 2 13 1.592 66
1 58 2 9 1.634 61
1 58 2 7 1.05 55
1 58 2 6 0.792 52
1 58 1 3 0.156 28
1 58 1 3 0.154 27
1 58 1 2 0.1 24
1 58 1 2 0.106 25
1 58 1 2 0.096 23
1 58 1 2 0.154 28
1 58 1 3 0.194 31
1 58 1 5 0.384 40
1 58 1 4 0.236 34
1 58 1 3 0.216 32
1 58 1 3 0.306 35
1 58 1 2 0.054 20
1 58 1 3 0.192 30
1 58 1 4 0.318 38
1 48 1 2 0.262 32
1 48 1 2 0.252 32
1 48 1 2 0.222 31
1 48 1 2 0.182 29
1 48 1 2 0.25 33
1 48 1 2 0.172 29
1 48 1 4 0.348 39
1 48 1 4 0.448 41
1 48 1 2 0.226 31
1 48 1 2 0.246 31
1 48 1 2 0.29 32
1 48 1 4 0.488 40
1 48 1 3 0.446 40
1 48 1 2 0.194 29
1 48 1 2 0.292 33
1 57 2 9 0.818 52
1 10 2 1 0.032 17
1 10 2 2 0.048 20
1 24 1 13 1.222 60
1 24 1 8 0.898 52
1 24 1 15 1.3 62
1 24 1 15 1.556 61
1 24 1 11 1.178 57
1 24 1 9 1.29 59
1 24 1 11 1.096 58
1 24 1 11 0.856 53
1 24 1 11 2.124 68
1 24 1 14 1.56 63
1 24 1 11 0.978 55
1 24 1 9 1.92 68
1 24 1 8 0.68 51
1 24 2 11 1.22 56
1 24 2 14 1.628 66
1 24 2 10 1.512 64
1 24 2 13 0.934 55
1 24 2 10 0.838 55
1 24 2 9 1.26 59
1 24 2 11 1.63 65
1 24 2 8 0.842 54
1 24 2 13 1.33 61
1 24 2 13 1.866 70
1 24 2 12 1.266 60
1 24 2 10 0.722 53
1 24 2 14 1.882 68
1 24 2 14 2.698 74
1 24 2 12 2.048 70
1 24 2 12 2.11 69
1 24 2 11 0.778 53
1 31 1 4 0.726 47
1 31 1 4 0.794 45
1 31 1 4 0.712 46
1 31 1 4 0.74 45
1 31 1 4 0.586 42
1 31 1 7 0.648 47
1 31 1 4 0.63 44
1 31 1 6 0.758 49
1 31 1 6 0.826 51
1 31 1 4 0.926 49
1 31 1 4 0.524 41
1 31 1 8 1.164 57
1 31 1 4 0.626 44
1 31 1 4 0.598 42
1 31 1 4 0.662 43
1 31 1 4 0.4 39
1 31 1 4 0.56 41
1 31 2 4 0.726 44
1 31 2 4 0.622 42
1 31 2 4 0.728 43
1 31 2 6 0.738 50
1 31 2 5 0.804 47
1 31 2 5 0.668 42
1 31 2 6 0.526 45
1 31 2 4 0.972 48
1 31 2 5 0.636 45
1 31 2 13 1.254 55
1 31 2 5 0.91 47
1 31 2 4 0.73 46
1 31 2 6 0.902 51
1 31 2 4 0.444 40
1 31 2 7 1.146 56
1 44 2 12 0.992 57
1 44 2 12 1.442 59
1 44 2 12 0.938 55
1 44 2 12 0.97 54
1 44 2 12 1.332 60
1 44 2 9 1.114 56
1 44 2 16 2.348 69
1 44 1 11 1.282 58
1 44 1 13 0.752 50
1 44 1 10 0.974 54
1 44 1 12 1.088 55
1 44 1 11 1.314 59
1 44 1 10 1.212 57
1 58 3 1 0.028 16
1 58 3 1 0.018 14
1 58 3 1 0.016 13
1 50 1 12 1.608 63
1 50 1 4 0.284 38
1 50 1 3 0.206 32
1 50 1 5 0.458 41
1 50 1 4 0.418 39
1 50 1 3 0.194 31
1 50 1 4 0.252 33
1 50 1 14 3.43 71
1 50 1 3 0.256 33
1 50 1 3 0.222 32
1 50 1 5 0.464 42
1 50 1 3 0.29 35
1 50 1 3 0.136 27
1 50 1 7 1.456 57
1 50 1 5 0.44 41
1 50 1 13 1.212 56
1 50 1 3 0.234 32
1 50 1 3 0.314 36
1 50 1 4 0.414 39
1 50 1 4 0.348 36
1 50 1 10 1.066 55
1 50 1 3 0.192 31
1 50 1 3 0.192 31
1 50 1 2 0.052 19
1 50 1 2 0.068 21
1 50 1 3 0.238 34
1 50 1 2 0.068 22
1 50 2 5 0.49 42
1 50 2 3 0.136 28
1 50 2 12 3.182 76
1 9 2 6 0.862 49
1 9 2 6 0.89 52
1 9 2 12 1.504 56
1 9 2 7 0.992 55
1 9 2 9 1.004 56
1 55 1 2 0.03 19
1 55 2 8 1.174 53
1 55 2 13 1.828 63
1 55 2 2 0.086 23
1 38 1 12 2.206 69
1 38 1 12 1.496 61
1 38 2 9 0.856 54
1 38 2 8 1.038 59
1 52 1 4 0.45 40
1 52 1 1 0.048 19
1 58 2 4 0.17 30
1 58 1 4 0.308 36
1 58 1 4 0.47 41
1 58 1 4 0.354 37
1 56 2 2 0.062 21
1 56 2 2 0.104 25
1 56 2 1 0.04 18
1 44 2 13 0.926 51
1 44 1 11 1.444 59
1 4 2 5 0.67 47
1 25 2 4 0.342 36
1 25 2 7 0.766 51
1 25 2 4 0.396 39
1 25 2 2 0.118 25
1 25 2 4 0.368 38
1 25 2 4 0.268 34
1 25 2 3 0.29 36
1 25 2 4 0.364 38
1 25 2 7 0.628 47
1 25 2 5 0.534 44
1 25 2 4 0.268 34
1 25 2 5 0.472 43
1 8 2 12 1.604 64
1 8 2 11 1.24 58
1 8 2 11 1.38 60
1 8 2 9 1.63 62
1 8 2 12 2.2 72
1 2 2 10 2.242 71
1 2 2 11 0.844 55
1 2 2 13 2.072 66
1 2 2 9 1.05 53
1 2 1 10 1.232 56
1 2 1 10 0.722 54
1 2 1 13 1.158 55
1 2 1 15 1.764 62
1 2 1 11 0.796 52
1 2 1 14 1.72 65
1 2 1 9 0.836 51
1 3 2 3 0.254 32
1 3 2 3 0.304 34
1 3 2 6 0.596 46
1 3 2 3 0.252 33
1 3 2 3 0.302 36
1 3 2 3 0.264 33
1 3 2 NA 0.308 35
1 48 2 2 0.264 34
1 48 2 2 0.258 32
1 48 2 2 0.222 29
1 48 2 2 0.184 30
1 48 2 3 0.336 35
1 48 2 2 0.254 33
1 48 2 4 0.536 42
1 48 2 4 0.49 41
1 48 2 2 0.202 29
1 48 2 2 0.172 28
1 48 2 3 0.328 35
1 48 2 2 0.236 31
1 48 2 2 0.276 33
1 49 1 5 0.42 41
1 49 2 5 0.592 46
1 49 2 6 0.704 48
1 48 2 2 0.216 30
1 48 2 2 0.214 31
1 48 2 3 0.364 36
1 48 2 4 0.412 39
1 48 2 5 0.5 43
1 48 2 3 0.486 43
1 48 2 4 0.67 45
1 53 2 1 0.036 17
1 54 2 12 1.986 63
1 38 3 1 0.004 9
1 37 1 6 0.986 56
1 37 1 12 0.99 54
1 25 1 5 0.462 42
1 25 1 8 0.732 48
1 24 2 9 0.946 52
1 25 1 4 0.462 41
1 25 1 4 0.342 38
1 25 1 5 0.31 37
1 25 1 3 0.126 26
1 25 1 3 0.206 31
1 25 1 4 0.196 30
1 25 1 4 0.408 39
1 25 1 5 0.482 43
1 39 1 11 0.86 51
1 39 1 12 1.02 53
1 39 1 12 0.886 52
1 39 1 11 1.088 56
1 39 1 7 0.718 49
1 39 1 12 0.964 55
1 41 3 1 0.022 14
1 41 3 1 0.026 16
1 41 3 1 0.018 14
1 41 3 1 0.026 14
1 48 2 3 0.29 33
1 48 2 2 0.228 31
1 48 2 5 0.756 47
1 48 1 3 0.362 38
1 48 1 5 0.524 42
1 40 2 4 0.4 40
1 34 1 NA 0.026 25
1 34 3 1 0.006 11
1 36 2 10 1.092 60
1 39 1 9 1.466 59
1 39 1 8 0.784 52
1 39 1 7 1.046 53
1 39 1 8 1.05 53
1 39 1 9 1.312 58
1 39 1 7 0.536 45
1 39 1 12 0.926 51
1 39 1 11 1.086 55
1 55 3 1 0.012 12
1 55 1 2 0.066 22
1 55 1 2 0.114 26
1 55 1 2 0.098 25
1 55 1 2 0.046 20
1 55 1 12 0.802 51
1 55 1 9 1.078 54
1 55 1 5 0.754 50
1 55 1 11 2 68
1 55 1 2 0.068 22
1 55 1 2 0.088 24
1 55 1 12 1.274 58
1 55 1 13 1.63 62
1 55 1 2 0.098 24
1 55 1 14 1.7 62
1 55 2 3 0.254 34
1 55 2 2 0.04 19
1 55 2 2 0.056 20
1 55 2 2 0.05 20
1 55 2 2 0.042 20
1 55 2 2 0.122 26
1 55 2 10 1.364 60
1 55 2 15 2.062 66
1 55 2 2 0.122 26
1 56 1 4 0.218 32
1 56 1 2 0.104 25
1 46 1 8 0.509 49
1 46 1 4 0.362 39
1 46 1 5 0.626 45
1 46 1 5 0.564 43
1 46 1 5 0.476 42
1 46 1 5 0.392 40
1 46 1 2 0.158 29
1 46 1 2 0.128 27
1 46 1 2 0.102 25
1 46 1 2 0.246 33
1 46 1 3 0.206 34
1 46 1 2 0.154 28
1 46 1 2 0.062 21
1 46 2 2 0.136 28
1 46 2 5 0.392 40
1 46 2 2 0.126 27
1 46 2 5 0.516 44
1 46 2 2 0.15 30
1 28 2 6 0.928 56
1 28 2 8 1.204 52
1 28 2 9 0.936 51
1 28 1 7 0.838 51
1 28 1 9 1.018 53
1 28 1 5 0.808 49
1 28 1 10 0.892 52
1 28 1 10 0.94 50
1 28 1 8 0.746 47
1 28 1 7 0.922 50
1 28 1 11 1.05 55
1 28 1 8 0.724 46
1 28 1 7 0.836 49
1 7 2 6 0.708 50
1 7 2 5 0.808 47
1 7 2 7 0.914 48
1 7 2 NA 1.222 57
1 7 2 7 0.808 49
1 7 2 6 0.634 49
1 29 1 8 1.376 58
1 29 2 4 0.85 47
1 29 2 4 0.714 45
1 29 2 6 0.64 47
1 29 2 5 0.646 46
1 29 2 4 0.714 44
1 29 2 4 0.55 41
1 29 2 4 0.634 43
1 29 2 4 0.614 44
1 29 2 3 0.67 43
1 10 2 2 0.052 20
1 10 2 2 0.046 21
1 10 1 2 0.05 20
1 10 1 2 0.06 22
1 10 1 2 0.044 21
1 10 1 2 0.05 21
1 10 1 2 0.048 20
1 10 1 4 0.292 40
1 20 2 13 1.944 66
1 20 2 13 1.196 55
1 20 2 12 1.582 61
1 21 1 5 0.362 42
1 21 1 4 0.26 36
1 21 1 4 0.206 32
1 21 1 2 0.126 27
1 21 1 2 0.104 26
1 21 1 2 0.076 23
1 21 1 2 0.11 26
1 22 1 4 0.236 37
1 22 1 4 0.312 37
1 22 1 4 0.266 34
1 22 1 3 0.246 32
1 22 1 4 0.252 34
1 46 3 1 0.034 18
1 46 1 4 0.518 43
1 46 2 2 0.06 21
1 46 2 4 0.438 42
1 47 1 2 0.126 29
1 47 2 2 0.074 23
1 46 2 4 0.264 38
1 46 2 2 0.106 26
1 46 2 3 0.158 31
1 46 2 2 0.09 24
1 46 2 2 0.06 20
1 46 2 1 0.036 18
1 46 2 2 0.12 26
1 46 2 3 0.186 32
1 46 2 2 0.078 23
1 46 2 3 0.128 27
1 46 2 5 0.498 45
1 46 2 2 0.098 25
1 46 2 2 0.112 27
1 46 2 2 0.078 24
1 46 2 2 0.076 22
1 45 2 3 0.222 33
1 45 2 3 0.316 38
1 47 1 2 0.052 22
1 47 1 3 0.2 32
1 47 1 3 0.236 32
1 47 1 6 0.636 47
1 47 1 1 0.018 17
1 47 1 4 0.27 37
1 47 1 3 0.188 30
1 47 1 8 0.862 53
1 47 1 4 0.346 39
1 47 1 1 0.018 16
1 47 1 11 0.85 52
1 47 1 2 0.046 21
1 47 1 1 0.02 15
1 47 2 3 0.21 31
1 47 2 5 0.698 48
1 47 2 6 0.658 47
1 47 2 6 0.71 49
1 47 2 5 0.474 41
1 60 1 13 1.702 61
1 9 2 1 0.034 17
1 9 2 1 0.03 17
1 31 1 4 0.588 43
1 31 2 4 0.65 45
1 31 2 8 1.394 59
1 31 2 8 1.14 54
1 32 2 3 0.27 34
1 30 1 12 2.488 70
1 30 2 11 1.082 60
1 35 2 14 2.522 75
1 50 2 7 1.334 56
1 50 2 12 1.03 57
1 50 2 9 1.812 66
1 50 2 4 0.38 40
1 50 2 4 0.302 33
1 50 2 3 0.144 28
1 50 2 3 0.264 35
1 50 2 2 0.066 21
1 50 2 2 0.058 20
1 45 1 5 0.22 33
1 45 1 3 0.162 31
1 45 1 4 0.258 34
1 1 2 9 1.044 52
1 27 1 12 0.942 56
1 5 2 12 1.588 64
1 18 1 4 0.488 41
1 8 1 12 1.28 56
1 9 1 2 0.168 29
1 2 1 6 0.724 53
1 17 1 5 0.768 47
1 21 1 2 0.07 22
1 20 2 7 0.564 48
1 25 2 4 0.44 41
1 24 2 9 1.492 62
1 24 2 10 1.984 69
1 25 1 3 0.116 26
1 25 2 6 0.958 52
1 25 2 5 0.52 43
1 26 2 4 0.354 39
1 26 2 2 0.09 23
1 26 1 4 0.284 35
1 31 2 4 0.86 48
1 31 2 4 0.452 41
1 32 1 3 0.506 41
1 32 1 4 0.466 40
1 32 1 5 0.49 40
1 32 1 2 0.19 30
1 21 1 2 0.096 26
1 21 1 2 0.082 24
1 21 2 4 0.394 42
1 21 2 5 0.42 44
1 21 2 3 0.292 36
1 21 2 2 0.162 31
1 21 2 5 0.314 39
1 21 2 2 0.126 27
1 21 2 2 0.086 24
1 18 2 5 0.752 49
1 18 2 4 0.374 40
1 8 2 9 1.112 58
1 27 1 2 0.15 28
1 27 2 2 0.202 30
1 12 3 1 0.01 12
1 13 3 1 0.004 9
1 14 1 12 0.538 49
1 5 2 12 1.198 56
1 18 2 9 1.594 59
1 18 2 3 0.356 36
1 18 2 1 0.038 18
1 18 2 9 0.684 49
1 18 2 4 0.414 41
1 18 2 1 0.042 18
1 18 2 9 1.468 62
1 18 2 1 0.038 18
1 18 2 3 0.112 27
1 18 2 6 0.526 47
1 18 2 4 0.582 42
1 18 2 4 0.37 37
1 18 2 9 1.85 64
1 18 2 5 0.61 44
1 18 2 8 1.384 61
1 11 3 1 0.006 10
1 11 3 1 0.006 10
1 11 1 12 1.6 61
1 11 1 15 2.078 68
1 11 1 13 1.216 58
1 34 1 NA 0.038 28
1 34 2 15 2.966 74
1 34 2 13 3.384 76
1 34 2 19 2.546 74
1 34 2 13 3.222 79
1 34 2 18 2.75 75
1 34 2 13 2.554 77
1 34 2 1 0.046 17
1 34 3 1 0.01 11
1 34 3 1 0.016 14
1 34 3 1 0.014 13
1 34 3 1 0.014 13
1 34 3 1 0.012 12
1 11 1 15 1.278 65
1 11 1 10 0.626 48
1 27 2 10 1.294 58
1 27 2 9 1.402 59
1 5 1 10 0.928 55
1 5 1 13 0.754 52
1 5 1 15 1.672 62
1 8 1 13 1.222 61
1 8 2 15 1.302 60
1 8 2 10 1.516 64
1 21 2 2 0.104 25
1 9 2 14 1.728 64
1 9 2 11 1.644 61
1 9 2 5 0.592 44
1 9 2 10 1.2 59
1 9 1 7 0.882 51
1 15 2 15 2.146 70
1 11 3 1 0.006 9
1 23 2 5 0.72 46
1 21 2 2 0.096 26
1 3 1 2 0.24 33
1 3 1 3 0.16 29
1 3 1 3 0.298 34
1 45 1 2 0.086 24
1 45 1 3 0.198 31
1 45 1 2 0.064 22
1 45 1 3 0.086 24
1 45 1 2 0.076 23
1 49 1 8 0.756 48
1 49 1 7 0.566 47
1 49 1 5 0.59 44
1 49 1 8 0.834 49
1 49 1 4 0.566 42
1 49 1 5 0.64 46
1 49 1 6 0.642 45
1 49 1 5 0.492 40
1 49 2 8 0.554 45
1 49 2 4 0.564 42
1 49 2 4 0.672 44
1 49 2 6 0.718 47
1 49 2 6 0.904 51
1 49 2 10 0.947 53
1 49 2 4 0.586 40
1 49 2 6 0.958 52
1 43 2 2 0.066 21
1 43 1 19 2.292 74
1 57 2 5 0.494 43
1 36 1 7 1.142 53
1 36 1 6 0.756 47
1 36 1 5 0.686 46
1 36 1 6 0.862 48
1 36 1 5 0.99 53
1 36 1 8 0.944 52
1 36 1 6 1.022 55
1 36 1 8 0.802 49
1 3 1 2 0.268 33
1 9 2 1 0.03 16
1 9 2 2 0.064 20
1 20 1 12 1.25 60
1 19 2 5 0.402 43
1 19 2 3 0.256 33
1 19 2 6 0.5 47
1 19 2 5 0.386 43
1 19 2 6 0.514 46
1 19 2 4 0.34 38
1 19 2 3 0.266 35
1 19 2 3 0.29 35
1 19 2 4 0.412 41
1 19 2 2 0.178 29
1 19 2 2 0.172 29
1 19 2 2 0.118 27
1 19 1 3 0.236 33
1 19 1 4 0.234 33
1 19 1 3 0.25 33
1 19 1 6 0.43 42
1 19 1 3 0.206 32
1 19 1 2 0.136 27
1 19 1 5 0.414 43
1 19 1 6 0.494 44
1 19 1 4 0.352 39
1 19 1 4 0.31 38
1 19 1 3 0.388 38
1 19 1 2 0.148 28
1 19 1 1 0.044 19
1 19 1 1 0.07 22
1 19 1 2 0.144 28
1 19 1 3 0.19 30
1 19 1 2 0.166 29
1 19 1 2 0.156 29
1 12 2 12 3.106 78
1 48 2 2 0.276 33
1 48 2 2 0.354 35
1 48 2 5 0.582 44
1 48 2 10 0.668 46
1 48 2 5 0.674 47
1 48 2 4 0.724 46
1 48 2 4 0.52 42
1 48 2 4 0.562 44
1 48 2 4 0.472 41
1 48 2 7 0.764 48
1 48 2 5 0.586 44
1 48 2 4 0.556 44
1 48 2 5 0.566 45
1 48 2 4 0.516 41
1 48 1 5 0.566 43
1 48 1 4 0.61 42
1 48 1 5 0.568 43
1 48 1 7 0.69 47
1 48 1 2 0.202 31
1 48 1 5 0.652 45
1 48 1 8 0.756 50
1 48 1 5 0.798 48
1 48 1 4 0.67 46
1 40 1 6 0.72 48
1 40 1 6 0.742 46
1 40 1 2 0.376 36
1 40 1 2 0.36 36
1 40 2 2 0.316 35
1 40 2 4 0.518 40
1 40 2 4 0.444 40
1 40 2 4 0.438 40
1 40 1 2 0.162 28
1 40 2 2 0.16 29
1 40 2 2 0.196 29
1 40 2 2 0.222 30
1 40 1 2 0.21 30
1 40 2 2 0.312 35
1 40 2 2 0.44 39
1 40 2 4 0.476 41
1 40 1 2 0.274 34
1 40 1 3 0.392 37
1 40 1 2 0.238 34
1 40 1 4 0.524 39
1 40 1 4 0.418 39
1 39 2 6 0.878 51
1 51 1 4 0.634 42
1 58 2 4 0.294 36
1 33 2 12 1.592 63
1 33 2 NA 1.144 59
1 33 2 12 1.62 66
1 33 2 11 1.732 64
1 33 2 12 2.224 70
1 33 2 13 1.506 65
1 33 2 12 1.706 69
1 33 2 12 0.758 56
1 33 2 14 2.372 71
1 33 2 13 2.188 68
1 33 2 12 2.558 73
1 33 2 13 2.879 83
1 33 2 7 0.94 55
1 33 2 12 0.702 51
1 33 2 13 2.926 75
1 33 2 20 2.284 72
1 33 2 13 0.912 57
1 33 2 12 2.468 73
1 33 2 9 1.612 62
1 33 2 14 2.96 76
1 33 2 12 1.048 58
1 33 2 11 1.162 58
1 33 2 10 2.084 69
1 33 2 11 0.914 54
1 59 1 11 0.934 57
1 59 1 13 1.376 59
1 59 1 9 1.15 58
1 59 1 12 1.304 63
1 59 1 9 0.848 55
1 59 1 12 0.824 55
1 59 1 8 1.792 62
1 59 1 7 0.548 48
1 59 1 11 1.59 64
1 59 1 12 1.26 60
1 12 2 13 1.824 65
1 12 3 1 0.008 11
1 12 3 1 0.006 10
1 12 3 1 0.008 11
1 12 3 1 0.006 10
1 13 3 1 0.01 12
1 13 3 1 0.01 12
1 13 3 1 0.008 11
1 13 3 1 0.018 14
1 13 2 19 2.674 77
1 13 2 14 1.772 71
1 13 2 21 2.48 76
1 13 1 9 0.676 52
1 13 1 15 2.89091715073565 77
1 14 2 13 2.158 69
1 14 2 12 3.05 80
1 14 2 12 1.694 67
1 14 2 12 0.97 57
1 14 2 8 0.782 55
1 14 1 13 1.222 62
1 14 1 10 0.652 51
1 5 1 12 1.034 53
1 5 1 13 1.278 57
1 25 1 4 0.392 40
1 25 1 6 0.928 53
1 25 1 5 0.404 41
1 25 1 2 0.064 22
1 25 1 4 0.208 31
1 25 1 3 0.166 29
1 25 1 7 0.82 53
1 25 1 8 0.986 54
1 25 1 3 0.208 32
1 25 1 7 0.672 49
1 25 1 5 0.532 45
1 25 1 4 0.33 36
1 25 1 4 0.358 38
1 58 2 3 0.224 31
1 58 2 3 0.136 27
1 58 1 2 0.138 27
1 48 1 4 0.39 41
1 48 1 2 0.316 32
1 48 1 2 0.278 33
1 56 3 1 0.016 13
1 56 3 1 0.028 17
1 56 2 2 0.054 21
1 50 1 4 0.47 41
1 50 1 12 3.406 72
1 50 1 7 0.632 48
1 45 1 2 0.07 23
1 45 2 4 0.256 34
1 49 1 6 0.8 51
1 49 2 8 0.974 49
1 55 3 1 0.018 15
1 55 3 1 0.018 14
1 55 3 1 0.014 12
1 46 3 1 0.034 17
1 46 3 1 0.034 18
1 46 3 1 0.03 17
1 53 2 4 0.374 37
1 53 2 NA 1.238 58
1 53 2 4 0.394 39
1 53 1 6 0.274 36
1 54 2 6 0.708 46
1 54 2 8 1.2 55
1 54 1 12 1.158 55
1 25 1 4 0.242 33
1 25 1 4 0.366 38
1 25 1 3 0.144 27
1 25 1 4 0.31 36
1 25 1 3 0.234 33
1 25 1 4 0.576 46
1 25 1 3 0.23 32
1 25 1 4 0.384 38
1 25 1 5 0.562 44
1 25 1 5 0.652 47
1 25 1 4 0.344 36
1 25 1 6 0.668 46
1 25 1 5 0.456 41
1 25 1 5 0.484 43
1 25 1 4 0.224 33
1 25 1 5 0.342 38
1 25 1 13 0.788 54
1 25 2 5 0.576 44
1 25 2 5 0.628 48
1 25 2 8 1.602 60
1 25 2 5 0.444 42
1 25 2 3 0.24 32
1 25 2 4 0.438 39
1 9 2 1 0.05 19
1 23 1 4 0.704 45
1 23 1 8 0.836 49
1 4 1 4 0.456 38
1 59 1 14 2.174 63
1 59 1 12 2.072 67
1 59 1 12 1.69 64
1 59 1 12 1.356 60
1 59 2 12 1.978 68
1 59 2 13 1.81 67
1 59 2 12 0.974 56
1 59 2 13 1.66 67
1 59 2 12 0.94 59
1 59 2 13 0.72 55
1 59 2 9 0.77 54
1 59 2 12 2.468 72
1 59 2 13 1.4 61
1 59 2 13 2.192 74
1 59 2 14 1.45 62
1 59 2 12 1.956 68
1 59 2 11 1.536 63
1 59 2 14 2.592 75
1 59 2 12 1.888 65
1 59 2 8 0.806 53
1 59 2 15 1.596 63
1 59 2 12 2.19 72
1 59 2 8 0.38 45
1 59 2 12 1.56 65
1 59 2 12 1.93 69
1 29 2 5 0.564 42
1 29 2 4 0.704 45
1 1 2 4 0.72 44
1 1 2 9 1.738 63
1 1 2 5 0.588 43
1 1 2 9 1.526 59
1 1 2 12 1.572 60
1 1 2 12 2.034 68
1 54 1 11 1.274 56
1 51 2 5 0.674 45
1 51 2 4 0.474 40
1 59 1 11 0.846 53
1 43 2 11 1.024 56
1 36 1 5 0.814 50
1 36 2 6 0.7 47
1 33 1 14 2.078 65
1 33 2 11 1.532 61
1 33 2 12 3.164 76
1 33 2 10 1.294 62
1 39 1 9 1.102 57
1 39 1 11 0.608 47
1 59 2 11 1.768 66
1 59 2 12 1.658 61
1 38 3 1 0.018 14
1 38 3 1 0.01 12
1 38 3 1 0.006 10
1 38 3 1 0.006 11
1 38 1 13 2.494 70
1 38 1 11 1.938 66
1 38 1 12 1.358 63
1 38 1 12 2.294 68
1 38 1 9 1.08 58
1 38 1 12 1.492 61
1 38 1 12 1.912 65
1 38 1 7 0.736 52
1 38 2 13 1.556 68
1 38 2 12 1.858 71
1 38 2 13 1.422 62
1 38 2 9 0.826 55
1 38 2 11 1.748 69
1 39 2 7 0.694 50
1 37 1 10 1.65 59
1 37 1 8 1.458 59
1 42 3 1 0.008 10
1 42 3 1 0.02 15
1 42 3 1 0.018 14
1 42 3 1 0.012 13
1 42 3 1 0.016 13
1 42 3 1 0.018 15
1 42 3 1 0.01 12
1 42 3 1 0.008 11
1 60 2 9 1.718 64
1 60 2 11 1.01 58
1 32 1 3 0.51 42
1 32 1 2 0.232 32
1 30 2 11 1.918 67
1 30 2 13 1.944 60
1 3 2 1 0.03 16
1 15 2 13 1.43 65
1 15 3 1 0.014 13
1 16 1 11 1.572 66
1 3 1 6 0.7 45
1 3 1 2 0.324 36
1 3 2 4 0.554 44
1 3 2 6 0.65 45
1 61 1 3 0.232 29
1 61 1 2 0.05 20
1 61 2 1 0.026 15
1 61 2 1 0.022 17
1 30 1 16 1.684 69
1 30 1 12 2.03 67
1 30 1 17 1.968 65
1 30 1 13 0.75 54
1 30 2 14 2.326 71
1 30 2 10 1.836 69
1 30 2 10 2.306 70
1 30 2 13 2.062 68
1 30 2 12 2.553 73
1 30 2 14 0.67 52
1 30 2 11 2.444 71
1 33 2 15 2.15 72
1 33 2 NA 0.618 50
1 33 2 11 2.554 71
1 18 1 4 0.452 40
1 18 1 6 1.286 56
1 18 1 5 0.596 44
1 18 1 8 0.912 52
1 18 1 12 1.048 57
1 18 1 2 0.166 30
1 18 1 5 0.396 42
1 18 1 3 0.344 39
1 18 1 6 0.724 48
1 18 1 5 0.44 40
1 18 1 9 1.24 58
1 18 1 8 1.34 59
1 18 1 8 1.292 57
1 18 1 8 1.486 59
1 18 1 3 0.428 38
1 18 2 5 0.628 45
1 18 2 9 1.644 60
1 18 2 3 0.358 38
1 18 2 14 1.578 63
1 18 2 4 0.608 43
1 22 1 6 0.424 40
1 22 2 4 0.41 40
1 22 2 2 0.098 26
1 22 2 9 0.456 49
1 22 2 3 0.36 38
1 22 2 5 0.466 42
1 22 2 5 0.758 50
1 22 2 4 0.254 34
1 22 2 4 0.262 33
1 22 2 3 0.162 30
1 22 2 5 0.322 41
1 22 2 4 0.294 36
1 22 2 2 0.066 22
1 22 2 2 0.154 28
1 11 2 19 2.382 77
1 24 1 10 1.006 53
1 24 1 12 1.856 67
1 24 2 8 1.208 58
1 24 2 12 2.554 72
1 25 1 5 0.446 41
1 25 1 5 0.814 50
1 25 2 5 0.736 45
1 24 1 12 1.494 64
1 24 2 12 1.362 57
1 24 2 11 1.004 56
1 25 2 3 0.166 28
1 9 2 7 0.746 50
1 9 1 6 0.696 47
1 9 1 2 0.128 27
1 9 1 1 0.024 16
1 2 1 4 0.412 42
1 28 2 5 0.886 50
1 29 1 4 0.638 44
1 29 1 4 0.672 44
1 11 1 12 0.576 49
1 11 1 10 1.04015646621315 55
1 27 1 11 1.006 54
1 27 2 13 1.548 61
1 11 2 12 1.68 68
1 7 1 4 0.604 45
1 29 1 4 0.684 48
1 28 1 9 1.056 56
1 7 2 NA 0.754 48
1 1 1 7 1.302 57
1 8 1 12 1.586 62
1 8 1 13 1.13 59
1 8 1 8 0.566 48
1 8 1 8 1.36 60
1 8 2 10 1.066 56
1 8 2 11 2.068 71
1 8 2 12 1.572 65
1 8 2 10 0.798 54
1 8 2 8 1.344 58
1 21 2 2 0.092 26
1 21 2 2 0.096 24
1 21 2 2 0.068 23
1 15 2 14 2.63 72
1 15 2 14 3.296 81
1 15 1 14 1.238 62
1 15 1 11 0.648 52
1 16 1 15 2.604 70
1 3 1 2 0.236 32
1 19 2 3 0.276 36
1 19 2 2 0.18 30
1 45 1 1 0.034 17
1 45 2 4 0.252 37
1 45 2 2 0.148 29
1 45 2 4 0.184 30
1 45 2 5 0.324 41
1 45 2 3 0.126 28
1 45 2 2 0.158 29
1 45 2 3 0.196 33
1 34 3 1 0.01 12
1 34 3 1 0.02 14
1 36 2 6 0.694 50
1 36 2 3 0.444 39
1 36 2 6 0.856 50
1 36 2 7 0.87 49
1 36 2 5 0.816 46
1 36 2 5 0.806 48
1 36 2 6 0.672 49
1 36 2 3 0.476 42
1 48 1 6 0.566 44
1 48 2 3 0.32 34
1 19 2 5 0.468 45
1 19 2 2 0.09 24
1 19 2 2 0.112 25
1 19 2 11 1.176 57
1 19 2 2 0.24 33
1 19 2 4 0.306 38
1 36 1 7 0.89 50
1 36 2 8 0.908 51
1 36 2 4 0.686 45
1 36 2 10 1.678 62
1 36 2 6 0.934 53
1 36 2 9 0.922 52
1 36 2 8 1.214 58
1 36 2 5 0.954 53
1 36 2 12 0.848 54
1 36 2 6 0.938 52
1 36 2 10 1.228 57
1 33 1 13 2.234 69
1 33 1 13 1.34 60
1 33 1 12 1.69 68
1 33 1 12 1.378 59
1 33 1 14 1.38 61
1 33 1 13 1.23 57
1 33 1 9 0.742 54
1 33 1 12 1.642 62
1 33 1 10 1.514 64
1 33 1 13 1.714 66
1 33 1 6 0.436 45
1 33 1 13 2.47 66
1 33 1 12 0.95 56
1 33 1 12 2.164 68
1 33 1 10 0.712 52
1 33 1 12 1.656 65
1 33 2 12 2.146 67
1 27 1 7 0.898 53
1 27 1 6 0.632 49
1 27 1 5 0.55 46
1 27 1 5 0.542 47
1 27 1 4 0.588 45
1 27 1 6 0.98 51
1 27 2 8 1.144 56
1 27 2 8 0.662 48
1 27 2 9 1.308 60
1 27 2 10 1.156 57
1 27 2 9 1.054 53
1 27 2 11 1.012 55
1 27 2 8 0.786 52
1 27 2 3 0.384 37
1 20 1 13 2.67 73
1 20 1 10 1.598 61
1 10 2 2 0.048 21
1 10 1 2 0.066 23
1 10 2 5 0.284 40
1 22 2 2 0.14 28
1 22 2 3 0.192 31
1 22 2 3 0.192 32
1 23 1 4 0.644 44
1 23 1 7 1.022 49
1 23 1 4 0.532 41
1 23 1 8 1.256 56
1 19 2 2 0.118 27
1 19 2 5 0.38 42
1 8 1 9 1.184 57
1 21 2 2 0.114 28
1 33 1 12 0.748 51
1 33 1 11 1.12 58
1 59 1 10 0.654 51
1 46 1 6 0.452 44
1 47 1 2 0.136 28
1 47 1 2 0.172 30
1 47 2 13 1.76 66
1 14 1 6 0.868 57
1 5 1 9 1.294 56
1 21 2 2 0.084 25
1 5 1 13 0.71 51
1 34 2 14 2.384 76
1 49 2 4 0.544 43
1 43 2 12 1.828 64
1 48 1 2 0.26 30
1 48 1 2 0.294 34
1 3 2 3 0.334 35
1 29 1 4 0.696 44
1 24 1 12 0.83 54
1 9 2 5 0.366 41
1 51 2 8 1.072 56
1 9 1 1 0.032 17
1 37 1 7 1.038 57
1 18 2 8 1.174 56
1 48 2 2 0.26 33
1 48 2 2 0.31 34
1 38 2 12 2.038 66
1 9 2 5 0.688 48
1 36 1 4 0.554 44
1 40 2 2 0.21 31
1 50 2 2 0.13 27
1 31 1 4 0.544 40
1 31 2 4 0.558 43
1 31 2 8 0.92 49
1 44 1 12 1.26 57
1 50 1 9 1.186 55
1 50 2 3 0.262 34
1 29 2 4 0.73 45
1 29 2 4 0.806 46
1 21 1 2 0.076 23
1 22 1 3 0.336 37
1 45 1 2 0.112 26
1 44 2 11 1.246 57
1 58 2 1 0.046 19
1 57 2 3 0.394 37
1 26 1 3 0.18 31
1 23 1 9 0.99 52
1 39 2 12 0.896 54
1 12 2 14 2.686 73
1 25 1 4 0.372 39
1 25 1 4 0.332 37
1 53 1 4 0.428 38
1 59 1 11 1.302 62
1 42 3 1 0.028 16
1 48 2 2 0.234 32
1 33 1 12 2.192 67
1 34 1 13 3.082 74
1 28 2 7 0.91 51
1 15 1 12 1.172 58
1 16 1 14 1.26 61
1 47 2 2 0.084 25
1 24 2 12 1.17 59
1 24 2 13 2.122 70
1 46 1 2 0.114 27
1 46 2 3 0.21 32
1 21 1 2 0.092 24
1 5 2 13 1.428 62
