1 201 3 1 0.018 14
1 201 3 1 0.02 14
1 201 3 1 0.006 10
1 201 3 1 0.018 14
1 200 3 1 0.014 13
1 200 3 1 0.012 13
1 200 3 1 0.014 13
1 200 3 1 0.008 11
1 199 1 12 2.778 71
1 199 1 11 1.814 64
1 199 1 17 2.302 68
1 199 1 14 2.49 73
1 199 2 15 1.774 69
1 199 2 15 2.62 75
1 198 1 20 2.814 75
1 198 2 15 2.374 67
1 198 1 18 3.302 77
1 198 2 15 3.3 76
1 198 2 11 3.592 76
1 198 1 16 1.826 62
1 198 3 1 0.02 14
1 198 3 1 0.018 14
1 197 1 13 1.804 62
1 197 2 11 0.892 58
1 197 2 15 1.762 64
1 197 1 14 1.498 60
1 197 1 16 1.824 63
1 197 2 15 2.083 71
1 197 3 1 0.03 16
1 196 2 10 2.114 67
1 196 2 11 2.75 72
1 196 2 15 1.994 70
1 196 2 13 1.394 65
1 196 1 16 1.756 66
1 196 1 16 2.56 69
1 196 3 1 0.014 13
1 196 3 1 0.016 14
1 195 2 15 2.756 73
1 195 2 12 2.95 71
1 195 2 16 2.858 73
1 195 2 18 1.89 68
1 195 3 1 0.024 15
1 194 2 14 2.676 72
1 194 1 16 2.254 67
1 194 1 17 2.81 71
1 194 2 18 2.782 75
1 194 3 1 0.018 15
1 194 3 1 0.016 14
1 193 3 1 0.012 12
1 193 3 1 0.006 11
1 193 3 1 0.01 12
1 193 3 1 0.008 11
1 192 2 15 2.776 72
1 192 1 14 2.298 67
1 192 1 12 2.462 68
1 192 3 1 0.01 12
1 192 3 1 0.02 15
1 191 2 11 1.548 66
1 191 2 11 2.288 70
1 191 1 12 1.446 60
1 191 2 9 1.746 66
1 191 2 10 2.762 73
1 191 1 16 1.848 65
1 191 3 1 0.012 13
1 191 3 1 0.016 14
1 190 1 11 2.424 69
1 190 2 11 2.17 71
1 190 1 19 1.9 66
1 190 2 16 1.8 65
1 190 2 3 0.198 32
1 190 2 3 0.178 29
1 190 1 1 0.022 16
1 190 2 1 0.04 18
1 189 1 11 1.942 62
1 189 2 9 1.644 62
1 189 2 10 0.85 57
1 189 2 11 2.204 67
1 189 1 17 1.802 66
1 189 1 12 1.478 61
1 188 2 16 2.138 69
1 188 2 16 2.182 74
1 188 1 15 2.144 69
1 188 2 13 1.738 67
1 188 2 9 1.558 64
1 188 2 11 0.99 57
1 187 2 1 0.026 16
1 187 3 1 0.014 14
1 187 1 11 1.138 54
1 187 1 19 1.09 55
1 187 2 12 1.976 66
1 187 1 9 1.442 58
1 187 2 8 1.19 58
1 187 2 3 0.16 30
1 186 2 4 0.46 41
1 186 1 11 1.7 63
1 186 2 16 1.602 63
1 186 2 11 1.152 60
1 186 1 5 0.522 43
1 186 1 11 1.324 62
1 185 1 10 1.248 60
1 185 2 9 1.124 57
1 185 1 11 0.872 51
1 185 1 6 1.464 57
1 185 1 7 0.95 54
1 185 2 3 0.176 30
1 182 2 9 3.304 77
1 182 2 9 2.6 73
1 182 2 16 1.88 67
1 182 1 14 2.082 65
1 182 3 1 0.018 16
1 184 2 11 1.96 66
1 184 2 10 1.488 60
1 184 1 17 2.216 69
1 184 2 11 1.954 68
1 184 1 9 1.61 60
1 184 2 15 1.632 61
1 183 2 14 2.016 68
1 183 2 10 1.706 63
1 183 1 11 0.826 53
1 183 2 16 1.528 61
1 183 1 1 0.046 19
1 183 2 1 0.028 17
1 181 1 9 1.324 59
1 181 2 9 2.542 74
1 181 2 16 2.24 67
1 181 2 14 2.186 67
1 181 3 1 0.012 13
1 181 3 1 0.008 13
1 180 3 1 0.018 14
1 180 3 1 0.016 14
1 180 3 1 0.014 13
1 180 3 1 0.01 12
1 179 3 1 0.008 11
1 179 3 1 0.01 12
1 179 3 1 0.006 10
1 179 3 1 0.006 10
1 178 3 1 0.006 10
1 178 3 1 0.006 10
1 178 3 1 0.004 9
1 178 3 1 0.006 8
1 177 1 12 2.668 70
1 177 1 15 2.62 73
1 177 2 18 2.938 72
1 177 2 19 2.05 70
1 177 3 1 0.016 15
1 177 3 1 0.01 12
1 176 1 8 1.362 62
1 176 2 15 1.872 65
1 176 2 15 2.574 69
1 176 2 12 2.02 67
1 176 3 1 0.012 13
1 176 3 1 0.014 13
1 175 2 11 1.482 61
1 175 2 14 1.768 68
1 175 1 17 1.966 67
1 175 1 14 1.79 64
1 175 2 2 0.034 18
1 175 3 1 0.022 16
1 174 1 13 1.486 61
1 174 2 18 2.46 74
1 174 1 8 0.87 51
1 174 2 12 1.274 60
1 174 2 5 0.5 44
1 174 2 3 0.152 27
1 173 1 10 0.926 52
1 173 1 7 1.098 54
1 173 2 12 1.496 62
1 173 2 8 1.62 63
1 173 2 10 1.67 63
1 173 2 12 1.74 64
1 146 1 8 1.742 63
1 146 1 8 0.99 53
1 146 2 9 1.43 62
1 146 2 8 0.966 54
1 146 2 9 1.43 60
1 146 2 8 1.396 58
1 145 1 9 1.49 58
1 145 1 9 1 53
1 145 1 7 0.88 51
1 145 1 6 1.056 52
1 145 2 8 1.116 56
1 145 2 5 0.814 47
1 144 1 12 1.188 58
1 144 1 9 0.952 55
1 144 1 10 1.878 65
1 144 2 14 2.71 68
1 144 2 8 0.878 55
1 144 2 16 1.766 66
1 144 3 1 0.0136658969169787 13
1 143 1 11 1.92 65
1 143 1 14 2.214 67
1 143 2 14 1.83 66
1 143 1 9 1.384 59
1 143 3 1 0.008 14
1 143 3 1 0.008 13
1 143 2 13 1.82 64
1 143 2 NA 2.636 73
1 142 1 16 1.82 66
1 142 2 18 2.04 68
1 142 2 13 1.842 68
1 142 2 11 1.456 64
1 142 3 1 0.012 16
1 142 3 1 0.014 14
1 141 2 14 1.712 65
1 141 1 11 2.838 74
1 141 1 12 2.446 68
1 141 1 15 1.566 62
1 141 1 1 0.034 17
1 141 3 1 0.022 15
1 140 3 1 0.006 11
1 140 3 1 0.006 11
1 139 3 1 0.006 10
1 139 3 1 0.004 8
1 139 3 1 0.01 12
1 139 3 1 0.01 12
1 138 3 1 0.006 11
1 138 3 1 0.008 11
1 138 3 1 0.008 12
1 138 3 1 0.006 11
1 137 3 1 0.012 14
1 137 3 1 0.01 12
1 137 3 1 0.01 12
1 137 3 1 0.01 12
1 136 1 3 0.036 19
1 136 3 1 0.01 13
1 136 3 1 0.016 15
1 136 3 1 0.012 13
1 135 3 1 0.016 14
1 135 3 1 0.026 16
1 135 3 1 0.01 13
1 135 3 1 0.008 12
1 134 2 16 2.606 70
1 134 2 17 2.414 71
1 134 2 18 2.594 72
1 134 2 17 2.51 75
1 134 3 1 0.02 15
1 134 3 1 0.014 14
1 133 1 10 1.506 60
1 133 1 9 1.576 59
1 133 1 15 1.476 60
1 133 1 9 0.834 56
1 132 2 10 1.482 64
1 132 2 15 2.4 70
1 132 2 11 1.442 63
1 132 2 15 1.932 70
1 132 1 2 0.16 30
1 132 1 11 1.926 65
1 132 1 2 0.038 18
1 132 3 1 0.026 15
1 131 2 10 1.042 58
1 131 2 12 1.4 61
1 131 2 11 1.42 65
1 131 2 17 1.536 62
1 131 1 15 0.97 56
1 131 1 3 0.2 31
1 131 3 1 0.02 15
1 131 3 1 0.002 8
1 130 2 17 1.54 62
1 130 1 15 1.71 62
1 130 3 1 0.016 15
1 130 1 9 0.804 49
1 130 3 1 0.014 13
1 130 2 NA 1.91 72
1 130 2 19 1.74 63
1 130 2 12 1.874 65
1 129 1 13 1.26 60
1 129 1 15 1.346 60
1 129 2 12 2.188 67
1 129 2 18 1.368 61
1 129 2 12 1.052 56
1 129 2 13 1.43 65
1 129 3 1 0.012 13
1 129 3 1 0.012 13
1 128 1 8 0.93 50
1 128 1 8 0.956 50
1 128 1 14 1.242 59
1 128 2 9 1.146 56
1 128 2 17 1.088 60
1 128 2 9 1.094 56
1 128 3 1 0.02 15
1 127 2 17 1.77 65
1 127 1 9 1.162 55
1 127 2 9 0.744 51
1 127 1 11 1.412 64
1 127 2 9 1.576 64
1 127 2 15 1.31 61
1 127 3 1 0.014 13
1 127 3 1 0.008 11
1 126 2 9 1.462 63
1 126 2 15 1.942 66
1 126 1 12 1.408 61
1 126 1 10 1.397 57
1 126 3 1 0.02 15
1 126 3 1 0.01 13
1 125 3 1 0.022 15
1 125 3 1 0.01 13
1 125 3 1 0.008 12
1 125 3 1 0.01 12
1 124 2 15 2.634 78
1 124 2 16 2.33 74
1 124 3 1 0.016 14
1 124 3 1 0.012 12
1 123 3 1 0.004 10
1 123 3 1 0.004 10
1 122 3 1 0.014 12
1 122 3 1 0.012 12
1 122 2 15 2.184 69
1 122 1 7 1.582 59
1 122 1 10 1.512 61
1 122 1 19 1.286 56
1 121 2 18 2.16 72
1 121 2 18 1.36 61
1 121 2 10 1.978 67
1 121 1 13 2.064 63
1 121 1 11 1.022 55
1 121 1 12 1.186 59
1 121 3 2 0.038 20
1 121 3 1 0.01 12
1 121 3 1 0.004 11
1 120 3 1 0.008 12
1 120 3 1 0.008 11
1 120 2 12 1.7 66
1 120 1 19 2.392 72
1 120 1 14 1.158 58
1 120 2 3 0.13 29
1 120 2 13 1.702 65
1 120 2 9 1.034 56
1 120 2 11 1.544 64
1 119 3 1 0.004 9
1 119 3 1 0.006 9
1 119 2 18 1.844 68
1 119 2 16 1.462 62
1 119 2 12 1.696 68
1 119 2 11 1.056 57
1 119 2 15 1.536 63
1 119 1 16 1.428 59
1 118 2 7 1.122 55
1 118 2 9 0.902 55
1 118 1 11 1.574 64
1 118 1 8 1.226 58
1 118 1 7 0.72 49
1 118 2 10 1.346 61
1 118 2 3 0.04 19
1 118 3 1 0.02 15
1 117 1 6 0.724 47
1 117 1 6 0.53 43
1 117 1 10 0.858 50
1 117 1 7 0.654 48
1 117 1 9 0.697 46
1 117 1 5 0.67 46
1 117 3 1 0.016 14
1 117 3 1 0.012 13
1 116 1 8 0.8 53
1 116 2 8 0.65 47
1 116 1 6 0.68 47
1 116 2 7 0.7 46
1 116 1 15 0.97 53
1 116 1 6 0.638 46
1 116 2 2 0.04 20
1 116 2 1 0.03 16
1 113 1 6 0.534 43
1 113 2 8 1.064 54
1 113 2 8 1.026 54
1 113 1 8 0.754 49
1 113 2 5 0.48 44
1 113 2 9 0.816 50
1 113 2 1 0.026 16
1 113 2 1 0.014 14
1 115 2 10 1.056 56
1 115 2 7 0.954 54
1 115 1 6 0.92 53
1 115 2 10 1.04 55
1 115 1 7 0.764 52
1 115 1 8 0.938 52
1 115 3 1 0.022 15
1 115 3 1 0.016 14
1 114 3 1 0.02 15
1 114 3 1 0.008 14
1 114 1 6 0.776 47
1 114 1 8 1.224 55
1 114 1 10 1.018 55
1 114 2 7 0.72 49
1 114 2 7 0.67 48
1 114 1 9 0.874 51
1 112 3 1 0.024 15
1 112 3 1 0.022 16
1 112 2 3 0.252 33
1 112 1 5 1.066 53
1 112 1 11 1.368 58
1 112 1 7 0.724 46
1 112 1 10 0.902 52
1 112 1 8 0.828 49
1 111 2 11 1.264 54
1 111 2 7 0.952 52
1 111 2 7 0.95 54
1 111 1 6 1.034 54
1 111 2 4 0.546 44
1 111 2 5 0.64 45
1 110 2 6 0.716 48
1 110 2 10 1.344 60
1 110 2 9 0.916 55
1 110 1 6 0.786 47
1 110 2 8 0.856 53
1 110 2 9 1.356 61
1 110 2 8 0.846 52
1 110 2 NA 1.35 56
1 110 2 9 1.748 64
1 110 1 11 1.528 64
1 110 1 10 1.026 52
1 110 1 8 0.958 52
1 110 1 7 0.692 46
1 110 1 10 1.048 54
1 110 1 12 0.946 54
1 110 1 9 0.998 50
1 109 2 3 0.336 36
1 109 1 4 0.5 40
1 109 1 8 1.186 53
1 109 1 6 0.952 55
1 109 2 6 0.922 54
1 109 1 5 0.558 43
1 108 2 8 1.43 60
1 108 2 8 1.634 61
1 108 2 5 0.806 50
1 108 1 3 0.43 39
1 108 1 8 1.244 56
1 108 1 8 1.188 52
1 20 1 7 1.7 59
1 20 2 6 0.986 54
1 20 2 7 1.466 61
1 20 2 8 1.6 59
1 20 1 7 0.84 51
1 20 1 8 0.918 52
1 19 1 5 0.854 49
1 19 1 7 1.004 52
1 19 1 7 1.202 53
1 19 1 7 0.924 51
1 19 1 8 1.38 58
1 19 2 8 1.24 56
1 18 2 11 1.67 62
1 18 2 10 1.116 56
1 18 1 7 1.198 56
1 18 2 9 1.76 61
1 18 1 6 1.072 54
1 18 2 16 1.3 58
1 17 2 8 1.012 54
1 17 2 9 1.518 60
1 17 2 6 1.148 53
1 17 1 9 1.108 53
1 17 2 8 1.232 58
1 17 2 7 1.012 52
1 16 2 6 1 52
1 16 2 6 0.692 45
1 16 2 8 1.122 57
1 16 2 7 1.194 56
1 16 1 7 0.944 53
1 16 1 7 0.96 53
1 15 2 7 1.136 55
1 15 2 8 0.976 52
1 15 2 6 0.936 50
1 15 2 9 1.57 61
1 15 2 6 1.226 55
1 15 2 10 0.98 54
1 14 2 7 0.748 50
1 14 2 7 0.786 49
1 14 2 7 1.092 55
1 14 2 9 1.204 56
1 14 1 9 0.828 51
1 14 1 7 0.876 51
1 13 2 7 1.166 55
1 13 2 6 0.916 50
1 13 2 7 0.812 49
1 13 2 7 0.86 50
1 13 1 4 0.378 37
1 13 1 8 0.958 56
1 12 1 2 0.034 18
1 12 2 1 0.018 14
1 12 1 6 0.398 41
1 12 2 7 0.64 46
1 12 2 7 0.842 49
1 12 1 7 0.65 48
1 12 1 5 0.594 43
1 12 1 2 0.082 24
1 11 1 1 0.01 12
1 11 1 1 0.022 15
1 11 1 8 0.736 49
1 11 2 7 0.766 50
1 11 1 6 0.8 49
1 11 2 6 0.586 45
1 11 2 7 0.828 50
1 11 2 6 0.896 53
1 10 1 1 0.018 13
1 10 2 1 0.014 14
1 10 1 9 0.72 48
1 10 2 8 0.688 49
1 10 2 9 0.978 53
1 10 1 12 0.758 50
1 10 2 7 0.762 50
1 10 1 7 0.57 47
1 9 2 12 0.9 53
1 9 1 13 1.872 65
1 9 2 6 0.638 47
1 9 2 8 0.948 54
1 9 1 10 0.776 50
1 9 1 1 0.014 13
1 9 1 1 0.014 14
1 8 1 1 0.008 12
1 8 1 1 0.006 12
1 8 2 13 2.016 68
1 8 2 10 1.216 58
1 8 2 8 1.18 61
1 8 1 5 0.618 47
1 8 2 9 1.265 59
1 8 2 11 1.122 60
1 7 1 1 0.02 15
1 7 1 NA 2.354 57
1 7 1 1 0.018 15
1 7 1 9 1.35 60
1 7 1 14 1.09 54
1 7 1 9 0.836 52
1 7 1 12 1.306 60
1 7 1 12 1.268 59
1 6 1 1 0.014 14
1 6 1 1 0.01 12
1 6 1 11 1.026 53
1 6 2 17 2.07 66
1 6 2 16 1.65 66
1 6 2 11 1.232 60
1 6 1 16 2.132 65
1 6 2 16 2.276 71
1 5 1 17 1.872 64
1 5 2 6 1.124 54
1 5 1 10 0.7 49
1 5 2 14 1.584 64
1 5 2 7 0.8 53
1 5 2 16 2.118 70
1 5 1 9 0.62 47
1 5 2 17 1.276 59
1 5 2 NA 1.112 50
1 5 2 7 1.058 55
1 5 1 9 0.708 49
1 5 1 7 0.758 49
1 4 2 12 1.638 66
1 4 2 8 1.424 61
1 4 1 11 1.862 67
1 4 1 12 1.146 54
1 4 1 2 0.038 18
1 4 1 13 1.154 58
1 4 1 1 0.01 12
1 4 1 18 1.662 64
1 3 1 7 0.858 51
1 3 1 7 0.676 48
1 3 1 7 0.812 51
1 3 2 8 0.724 49
1 3 1 8 0.754 50
1 3 1 7 0.622 46
1 3 1 2 0.056 21
1 3 1 1 0.02 15
1 2 1 11 0.87 52
1 2 1 2 0.052 21
1 2 1 5 0.48 41
1 2 2 9 0.94 55
1 2 2 6 0.888 52
1 2 1 1 0.01 13
1 2 2 7 0.888 52
1 2 2 9 0.788 50
1 1 1 1 0.014 13
1 1 2 1 0.022 15
1 1 2 7 0.788 49
1 1 2 6 0.946 52
1 1 1 5 0.5 41
1 1 2 7 0.624 48
1 1 1 5 0.606 45
1 1 1 7 0.602 46
1 172 3 1 0.022 15
1 172 1 16 2.886 68
1 172 1 19 2.522 74
1 172 1 19 2.466 72
1 172 1 13 3.718 80
1 171 3 1 0.02 15
1 171 3 1 0.01 12
1 171 1 13 1.762 62
1 171 1 22 1.538 61
1 171 2 20 2.658 71
1 171 2 16 2.544 75
1 170 3 1 0.018 14
1 170 3 1 0.02 15
1 170 2 15 1.492 61
1 170 1 13 1.298 58
1 170 1 19 1.908 67
1 170 2 12 2.338 68
1 170 1 16 2.006 68
1 170 2 16 1.578 64
1 169 2 16 2.158 69
1 169 2 11 2.332 73
1 169 2 13 2.02 67
1 169 2 17 2.188 70
1 169 2 19 1.564 63
1 169 1 17 1.834 63
1 168 1 NA 1.424 60
1 168 3 1 0.018 14
1 168 2 2 0.028 16
1 168 2 15 2.786 75
1 168 2 11 1.006 58
1 168 2 18 2.224 70
1 168 2 13 1.932 63
1 168 2 9 1.43 58
1 167 3 1 0.016 15
1 167 1 1 0.026 16
1 167 1 11 0.996 53
1 167 1 12 1.51 59
1 167 1 2 0.118 26
1 167 2 13 1.39 58
1 167 2 10 2.176 68
1 167 2 9 1.696 64
1 166 1 1 0.026 16
1 166 2 8 1.614 58
1 166 1 12 1.546 61
1 166 2 13 2.076 70
1 166 1 NA 1.394 61
1 166 1 NA 1.352 56
1 166 2 11 1.77 63
1 165 2 10 1.486 63
1 165 2 8 1.142 58
1 165 1 13 1.996 63
1 165 2 11 1.136 55
1 165 2 7 1.274 58
1 165 1 12 1.534 60
1 164 1 8 1.002 52
1 164 2 10 1.778 63
1 164 1 8 1.64 60
1 164 2 7 1.048 55
1 164 1 8 1.272 56
1 164 2 7 1.24 56
1 163 1 12 1.44 61
1 163 1 6 0.984 50
1 163 1 8 1.42 55
1 163 2 11 1.872 59
1 163 2 7 1.244 53
1 163 1 6 1.402 53
1 162 1 10 1.726 59
1 162 1 11 1.694 58
1 162 1 6 1.498 55
1 162 1 6 0.968 51
1 162 1 8 1.598 56
1 162 2 9 1.25 57
1 161 1 7 1.236 53
1 161 1 13 1.884 61
1 161 1 7 0.906 50
1 161 1 7 0.592 44
1 161 2 9 1.202 55
1 161 1 6 0.878 50
1 160 2 16 1.644 68
1 160 2 9 2.012 64
1 160 2 9 1.47 64
1 160 1 8 1.544 57
1 160 1 9 1.706 61
1 160 1 10 1.792 61
1 159 2 8 1.666 62
1 159 2 12 1.704 65
1 159 2 12 1.522 63
1 159 2 16 1.54 63
1 159 1 6 0.636 46
1 159 1 7 0.936 52
1 158 2 12 1.64 63
1 158 2 10 1.58 60
1 158 1 11 1.236 58
1 158 1 8 0.974 58
1 158 1 15 1.562 63
1 158 2 11 1.738 63
1 157 1 1 0.03 18
1 157 3 1 0.022 15
1 157 2 14 2.084 69
1 157 2 16 1.62 63
1 157 2 11 2.834 70
1 157 2 9 1.108 61
1 157 1 17 1.394 63
1 157 1 19 1.58 63
1 156 2 1 0.028 16
1 156 3 1 0.018 14
1 156 2 19 3.238 76
1 156 2 15 2.008 66
1 156 2 11 3.27 77
1 156 1 12 1.956 65
1 155 1 14 2.29 69
1 155 1 13 2.834 74
1 155 1 18 2.596 70
1 155 2 1 0.024 16
1 155 3 1 0.022 15
1 155 3 1 0.01 12
1 154 3 1 0.01 13
1 154 3 1 0.008 12
1 154 3 1 0.008 11
1 154 3 1 0.006 10
1 153 1 14 2.79 72
1 153 3 1 0.008 11
1 153 3 1 0.012 12
1 153 3 1 0.02 15
1 152 3 1 0.014 14
1 152 3 1 0.008 10
1 152 3 1 0.004 10
1 152 3 1 0.004 9
1 151 1 1 0.024 16
1 151 2 1 0.032 17
1 151 1 13 2.046 68
1 151 1 18 2.79 73
1 151 1 13 2.566 69
1 151 1 16 2.494 74
1 150 2 17 2.866 75
1 150 1 1 0.022 16
1 150 3 1 0.02 15
1 150 3 1 0.012 12
1 149 2 15 1.79 64
1 149 2 15 2.126 69
1 149 2 13 2.464 71
1 149 2 3 0.134 28
1 149 2 1 0.032 17
1 149 3 1 0.022 15
1 148 2 9 1.238 59
1 148 2 11 1.92 67
1 148 2 16 1.036 60
1 148 2 14 2.062 68
1 148 1 12 1.83 64
1 148 2 13 2.13 66
1 148 1 1 0.026 16
1 148 1 NA 0.028 16
1 147 1 11 1.428 57
1 147 1 10 1.54 61
1 147 1 9 1.188 57
1 147 1 8 0.988 52
1 147 1 16 1.262 56
1 147 2 8 1.284 57
1 107 2 8 0.988 52
1 107 2 7 1.382 59
1 107 2 7 0.954 52
1 107 2 9 1.462 56
1 107 2 6 0.812 49
1 107 1 5 0.5 41
1 106 2 11 1.83 63
1 106 2 11 1.634 62
1 106 2 11 1.424 63
1 106 2 10 1.402 58
1 106 1 8 1.228 57
1 106 1 9 1.338 58
1 105 2 9 1.382 57
1 105 2 8 1.044 55
1 105 2 8 1.162 55
1 105 1 11 1.336 60
1 105 1 10 1.276 58
1 105 1 9 0.974 54
1 104 2 11 2.156 68
1 104 2 11 1.842 64
1 104 2 16 1.426 67
1 104 2 3 0.388 39
1 104 1 12 1.718 64
1 104 1 12 1.612 62
1 103 2 14 2.198 69
1 103 1 13 1.666 65
1 103 2 15 1.434 61
1 103 1 2 0.11 25
1 103 2 2 0.144 28
1 103 2 2 0.088 25
1 102 2 16 2.294 66
1 102 2 8 0.8 53
1 102 2 15 1.76 63
1 102 2 16 2.908 70
1 102 2 2 0.096 24
1 101 3 1 0.004 10
1 101 3 1 0.008 12
1 101 3 1 0.012 13
1 101 3 1 0.012 12
1 100 3 1 0.006 9
1 100 3 1 0.006 10
1 100 3 1 0.008 11
1 100 3 1 0.01 12
1 100 1 14 2.802 71
1 99 3 1 0.006 10
1 99 3 1 0.012 13
1 99 2 15 3.044 74
1 99 1 18 2.834 73
1 99 1 17 3.106 73
1 99 1 18 2.286 75
1 98 2 2 0.034 18
1 98 2 2 0.03 17
1 98 1 2 0.04 19
1 98 1 20 1.72 61
1 98 2 17 2.874 72
1 98 2 19 2.088 72
1 97 2 16 2.626 75
1 97 2 14 1.626 68
1 97 2 18 2.67 74
1 97 2 19 2.254 70
1 96 2 7 1.408 56
1 96 2 16 1.942 66
1 96 1 17 2.774 71
1 96 2 16 2.262 68
1 96 3 1 0.01 12
1 96 3 1 0.016 13
1 95 2 3 0.23 32
1 95 2 16 1.52 61
1 95 2 8 1.16 62
1 95 2 3 0.174 31
1 95 2 11 1.72 64
1 95 1 8 1.252 55
1 95 1 3 0.202 30
1 94 2 10 1.056 58
1 94 2 10 1.83 66
1 94 1 9 1.412 57
1 94 1 10 1.112 55
1 94 2 9 1.916 65
1 93 1 9 1.08 54
1 93 1 10 1.002 53
1 93 1 8 1.358 56
1 93 1 9 1.044 52
1 93 2 7 0.72 47
1 93 1 3 0.14 27
1 92 2 9 1.194 56
1 92 1 10 1.392 59
1 92 2 16 1.438 62
1 92 2 9 1.152 62
1 92 2 13 1.596 67
1 92 2 12 1.428 59
1 91 2 12 1.638 63
1 91 1 17 1.37 56
1 91 2 8 1.372 60
1 91 2 17 1.086 59
1 91 2 6 0.92 49
1 91 1 12 1.436 61
1 90 2 8 1.146 56
1 90 1 7 0.798 47
1 90 2 8 1.126 57
1 90 1 9 1.038 52
1 90 1 11 0.876 52
1 90 1 12 0.968 54
1 89 2 10 1.562 61
1 89 1 10 1.062 57
1 89 2 10 1.27 59
1 89 2 9 1.85 65
1 89 1 16 1.692 63
1 89 1 13 1.32 60
1 88 1 12 1.708 62
1 88 2 13 0.994 58
1 88 1 10 0.902 54
1 88 2 16 2.786 77
1 88 1 12 1.082 57
1 88 2 8 1.234 59
1 86 1 11 2.078 67
1 86 2 17 2.322 67
1 86 2 13 2.66 72
1 86 2 16 1.8 70
1 86 3 1 0.012 13
1 86 3 1 0.014 14
1 87 2 17 2.234 69
1 87 2 17 2.126 69
1 87 2 NA 2.874 75
1 87 2 17 3.282 80
1 85 3 1 0.006 10
1 85 3 1 0.006 10
1 84 1 12 0.944 56
1 84 1 11 1.226 57
1 84 1 15 1.82 60
1 84 2 16 1.086 56
1 84 3 1 0.008 11
1 84 3 1 0.008 12
1 83 1 9 1.318 57
1 83 2 11 2.586 69
1 83 2 16 1.726 62
1 83 2 18 1.982 66
1 83 3 1 0.016 14
1 83 3 1 0.012 12
1 82 2 9 1.066 57
1 82 1 8 0.898 50
1 82 2 7 1.062 52
1 82 2 6 0.702 49
1 81 3 1 0.022 15
1 81 3 1 0.012 12
1 81 1 6 0.712 46
1 81 1 16 1.8 66
1 81 2 20 2.522 72
1 81 2 16 1.636 68
1 80 2 NA 2.574 74
1 80 2 16 1.724 66
1 80 1 11 2.146 68
1 80 1 5 0.426 43
1 80 3 1 0.014 13
1 80 3 1 0.016 14
1 79 1 7 0.822 51
1 79 2 8 1.078 54
1 79 2 5 0.956 52
1 79 2 6 0.832 50
1 79 1 6 0.844 45
1 79 1 6 0.832 48
1 78 1 16 1.642 63
1 78 2 20 2.486 74
1 78 2 12 1.126 57
1 78 2 14 1.654 62
1 78 2 9 1.426 60
1 78 1 13 1.656 61
1 77 1 8 0.87 49
1 77 1 7 0.84 49
1 77 2 7 0.796 48
1 77 1 9 0.856 51
1 77 2 7 0.844 53
1 77 2 6 0.66 45
1 76 3 1 0.022 16
1 76 3 1 0.022 15
1 76 2 8 1.262 59
1 76 1 9 1.022 53
1 76 2 8 1.122 57
1 76 2 9 1.12 53
1 76 1 7 1.138 53
1 76 2 7 1.072 56
1 75 2 6 0.818 48
1 75 1 7 0.83 49
1 75 1 7 0.838 48
1 75 1 5 0.654 46
1 75 1 4 0.56 43
1 75 1 8 0.886 50
1 74 1 10 1.232 57
1 74 1 9 1.17 52
1 74 1 7 0.854 48
1 74 1 6 0.602 45
1 74 1 4 0.502 41
1 74 1 10 0.996 53
1 73 2 7 1.202 55
1 73 2 7 0.894 51
1 73 2 8 0.786 48
1 73 1 7 0.852 50
1 73 1 6 0.922 49
1 73 1 8 0.896 49
1 72 1 7 1.028 53
1 72 2 7 0.998 55
1 72 2 7 1.01 53
1 72 1 8 1.012 51
1 72 1 7 1.22 54
1 72 1 8 1.102 53
1 69 1 6 0.752 46
1 69 1 7 0.768 47
1 69 1 6 0.688 49
1 69 1 6 0.65 47
1 69 2 4 0.496 42
1 69 1 8 0.782 48
1 71 1 6 0.852 51
1 71 1 7 0.914 51
1 71 1 8 0.674 48
1 71 2 8 1.12 53
1 71 1 7 0.99 52
1 71 1 6 0.748 49
1 70 2 8 1.624 57
1 70 1 6 0.87 50
1 70 1 8 0.99 51
1 70 1 8 1.168 54
1 70 2 8 1.162 54
1 70 2 7 1.106 54
1 68 2 8 1.194 57
1 68 1 7 0.82 48
1 68 2 6 0.862 52
1 68 2 7 1.324 56
1 68 2 6 1.018 52
1 68 2 11 1.142 59
1 67 1 7 0.752 47
1 67 2 7 0.654 46
1 67 1 6 0.658 45
1 67 1 7 0.842 49
1 67 2 9 0.906 49
1 67 1 5 0.698 45
1 66 1 6 0.602 46
1 66 1 8 1.192 55
1 66 1 9 0.734 51
1 66 1 6 0.464 43
1 66 2 7 0.812 49
1 66 1 9 0.928 54
1 65 2 6 0.79 48
1 65 1 6 0.858 50
1 65 1 9 1.066 55
1 65 1 7 0.996 54
1 65 1 6 0.746 47
1 65 1 6 0.794 50
1 64 1 10 0.936 55
1 64 2 12 1.282 57
1 64 1 7 1.034 53
1 64 1 8 0.988 52
1 64 2 13 1.264 58
1 64 1 12 1.124 53
1 63 2 7 1.036 54
1 63 2 7 1.316 56
1 63 1 6 0.678 46
1 63 1 6 0.946 50
1 63 2 6 1.03 54
1 63 1 9 0.902 50
1 62 2 7 0.892 50
1 62 2 5 0.654 46
1 62 1 6 0.784 47
1 62 1 9 0.904 51
1 62 1 6 0.844 47
1 62 2 7 0.85 51
1 61 2 8 0.944 55
1 61 2 8 1.048 50
1 61 2 7 0.784 48
1 61 2 8 1.088 55
1 61 1 5 0.752 49
1 61 1 5 0.664 48
1 60 3 1 0.02 15
1 60 3 1 0.02 14
1 60 2 5 0.772 48
1 60 2 9 0.92 51
1 60 2 7 0.782 48
1 60 1 3 0.428 39
1 60 1 7 0.678 47
1 60 1 6 0.746 48
1 59 3 2 0.046 19
1 59 3 1 0.02 15
1 59 2 8 0.786 50
1 59 1 3 0.3 33
1 59 1 5 0.604 43
1 59 1 8 0.824 50
1 59 1 5 0.79 48
1 59 1 6 0.64 46
1 56 1 6 0.602 44
1 56 1 6 0.676 45
1 56 1 5 0.666 44
1 56 1 7 0.67 46
1 56 1 5 0.594 45
1 56 2 5 0.58 44
1 58 3 1 0.024 16
1 58 3 1 0.016 14
1 58 1 6 0.744 49
1 58 1 6 0.632 45
1 58 1 9 0.552 44
1 58 1 7 1.082 56
1 58 1 7 0.572 48
1 58 2 7 0.51 46
1 57 2 7 0.708 51
1 57 1 6 0.666 46
1 57 1 5 0.596 43
1 57 1 7 0.738 47
1 57 1 8 0.764 46
1 57 1 6 0.812 47
1 55 1 6 0.87 50
1 55 1 6 0.712 47
1 55 1 9 0.972 51
1 55 1 6 0.688 48
1 55 2 8 0.906 53
1 55 2 8 0.974 55
1 54 1 10 1.29 57
1 54 2 9 1.6 63
1 54 2 13 0.952 54
1 54 2 7 0.916 56
1 54 2 16 2.04 70
1 54 2 19 2.076 67
1 53 2 8 1.322 59
1 53 2 14 3.128 76
1 53 2 18 1.904 71
1 53 2 17 2.606 73
1 53 1 16 1.992 67
1 53 2 9 0.84 52
1 52 1 9 0.932 53
1 52 2 9 1.589 65
1 52 2 7 0.856 53
1 52 2 11 1.786 62
1 52 2 9 1.308 62
1 52 2 15 1.944 66
1 51 2 11 2.238 70
1 51 2 10 1.044 54
1 51 2 6 0.698 49
1 51 2 6 0.776 51
1 51 1 6 0.658 47
1 51 1 6 0.598 46
1 50 1 6 0.702 47
1 50 1 6 0.568 46
1 50 1 7 0.732 49
1 50 1 6 0.792 49
1 50 1 6 0.486 42
1 50 2 12 0.874 52
1 49 1 8 0.982 52
1 49 1 7 0.812 51
1 49 2 9 0.822 52
1 49 2 7 0.69 48
1 49 2 6 0.74 48
1 49 2 7 0.738 50
1 48 1 14 1.462 64
1 48 2 16 1.306 59
1 48 2 16 2.014 70
1 48 2 15 1.624 66
1 48 2 12 1.898 67
1 48 2 13 1.084 57
1 47 2 5 0.546 43
1 47 2 6 0.718 47
1 47 2 7 0.64 48
1 47 1 7 0.766 49
1 47 1 5 0.592 43
1 47 1 8 0.76 50
1 44 2 2 0.044 19
1 44 2 2 0.07 22
1 44 2 5 0.494 43
1 44 2 7 0.786 49
1 44 1 8 0.714 48
1 44 2 8 0.62 45
1 44 2 8 0.776 50
1 44 2 9 1.012 54
1 46 2 8 1.138 55
1 46 2 8 0.834 49
1 46 2 9 0.738 50
1 46 2 8 1.026 53
1 46 1 6 0.632 46
1 46 1 4 0.338 36
1 45 2 6 0.49 42
1 45 2 6 0.72 48
1 45 1 8 0.858 51
1 45 1 8 0.688 47
1 45 1 5 0.514 41
1 45 1 7 0.67 46
1 43 1 7 0.67 49
1 43 1 6 0.618 45
1 43 1 8 0.942 50
1 43 1 7 0.642 46
1 43 1 9 0.652 45
1 43 2 6 0.618 47
1 42 1 2 0.042 19
1 42 1 8 0.602 45
1 42 1 6 0.458 41
1 42 2 5 0.552 43
1 42 2 11 1.068 55
1 42 2 6 0.596 44
1 42 2 10 0.76 51
1 42 2 2 0.044 20
1 41 2 6 0.536 45
1 41 2 6 0.646 47
1 41 2 6 0.686 48
1 41 1 9 0.764 49
1 41 1 8 0.856 50
1 41 1 6 0.608 44
1 40 1 5 0.654 46
1 40 1 6 0.688 47
1 40 1 6 0.776 47
1 40 1 2 0.05 19
1 40 1 2 0.038 18
1 40 2 7 1.042 55
1 40 2 6 0.684 46
1 39 2 2 0.082 23
1 39 2 6 0.668 47
1 39 2 7 1.072 56
1 39 2 6 0.768 47
1 39 1 2 0.08 24
1 39 1 7 0.758 49
1 39 1 5 0.584 44
1 39 1 8 0.776 48
1 38 2 9 0.688 48
1 38 2 6 0.52 42
1 38 2 6 0.598 46
1 38 1 7 0.652 46
1 38 1 7 0.59 44
1 38 1 6 0.576 45
1 37 2 5 0.508 42
1 37 2 7 0.84 50
1 37 2 5 0.466 41
1 37 2 6 0.502 41
1 37 2 6 0.59 46
1 37 1 6 0.654 46
1 36 2 4 0.562 42
1 36 2 5 0.67 44
1 36 2 7 0.856 52
1 36 1 5 0.602 44
1 36 1 6 0.672 46
1 36 1 4 0.444 40
1 35 1 2 0.034 18
1 35 1 2 0.038 18
1 35 1 6 0.658 46
1 35 1 4 0.372 38
1 35 1 5 0.592 44
1 35 2 7 0.814 51
1 35 2 5 0.404 39
1 35 2 6 0.676 44
1 34 2 4 0.496 42
1 34 2 8 0.804 51
1 34 2 6 0.332 37
1 34 1 6 0.594 45
1 34 1 5 0.482 41
1 34 1 7 0.568 44
1 31 1 8 0.698 47
1 31 2 5 0.642 45
1 31 2 6 0.66 47
1 31 1 5 0.516 42
1 31 1 6 0.576 44
1 31 1 7 0.656 47
1 33 1 6 0.676 45
1 33 1 7 0.742 47
1 33 1 6 0.588 44
1 33 1 5 0.538 43
1 33 2 9 0.774 51
1 33 2 8 0.808 50
1 32 1 4 0.352 37
1 32 1 7 0.728 47
1 32 2 8 0.744 46
1 32 2 7 0.4 41
1 32 1 5 0.648 46
1 32 1 4 0.522 41
1 30 2 8 0.714 49
1 30 2 7 0.644 47
1 30 2 7 0.77 50
1 30 2 6 0.752 49
1 30 2 6 0.69 48
1 30 1 8 0.792 50
1 29 2 6 0.736 47
1 29 2 8 0.484 42
1 29 2 6 0.668 47
1 29 1 7 0.892 52
1 29 1 6 0.822 49
1 29 1 6 0.68 48
1 28 2 1 0.034 17
1 28 2 1 0.042 18
1 28 2 5 0.658 46
1 28 1 5 0.37 38
1 28 2 3 0.336 36
1 28 1 6 0.682 45
1 28 1 5 0.386 38
1 28 1 6 0.618 46
1 27 1 8 0.648 47
1 27 2 6 0.684 47
1 27 2 6 0.818 49
1 27 2 6 0.724 48
1 27 2 6 0.618 46
1 27 1 7 0.822 49
1 26 2 7 0.772 49
1 26 2 6 0.852 51
1 26 2 6 1.04 52
1 26 2 6 0.8 48
1 26 2 8 1.276 56
1 26 2 6 0.704 50
1 25 2 6 0.754 46
1 25 2 7 0.76 49
1 25 2 6 0.766 49
1 25 1 6 0.706 47
1 25 1 4 0.51 40
1 25 1 4 0.556 44
1 24 2 8 0.862 51
1 24 2 6 0.61 44
1 24 1 4 0.652 45
1 24 1 4 0.412 40
1 24 1 6 0.866 51
1 24 1 6 0.7 47
1 23 2 9 0.802 51
1 23 2 5 0.428 42
1 23 2 6 0.66 43
1 23 1 5 0.604 44
1 23 1 6 0.664 46
1 23 1 11 1.716 66
1 22 2 8 1.064 53
1 22 2 7 0.708 49
1 22 2 4 0.44 42
1 22 1 5 0.614 45
1 22 1 5 0.556 42
1 22 1 6 0.648 46
1 21 2 6 0.934 52
1 21 2 8 0.952 54
1 21 2 7 1.108 53
1 21 2 7 0.98 52
1 21 1 11 0.982 52
1 21 1 7 0.848 50
