1 12 2 2 0.034 19
1 12 2 2 0.046 21
1 12 2 2 0.028 18
1 12 2 2 0.042 20
1 12 2 2 0.03 17
1 12 2 11 2.54 71
1 12 2 2 0.028 19
1 12 2 9 1.172 57
1 12 2 13 1.684 66
1 12 1 16 1.716 63
1 12 1 11 1.68 63
1 12 1 11 1.118 57
1 12 1 11 1.044 56
1 12 1 20 1.598 65
1 12 1 2 0.034 19
1 12 1 2 0.02 15
1 12 1 2 0.024 17
1 12 1 2 0.02 17
1 12 1 1 0.022 15
1 12 1 2 0.022 16
1 12 1 2 0.018 15
1 12 1 2 0.038 18
1 12 2 11 2.76 76
1 12 2 10 0.98 57
1 12 2 3 0.076 24
1 13 2 NA 1.998 64
1 13 2 12 1.772 63
1 13 2 13 3.156 77
1 13 2 13 1.386 61
1 13 2 16 2.2 72
1 13 2 NA 1.422 62
1 13 2 2 0.068 23
1 13 2 2 0.044 21
1 13 2 3 0.106 26
1 13 2 2 0.108 26
1 13 2 2 0.046 21
1 13 2 2 0.064 22
1 13 2 2 0.038 18
1 13 2 2 0.034 18
1 13 2 2 0.026 17
1 13 2 2 0.024 17
1 13 2 2 0.02 15
1 13 2 2 0.026 16
1 13 1 12 1.476 64
1 13 1 12 1.156 57
1 13 1 12 1.516 60
1 13 1 11 1.058 56
1 13 1 10 1.196 54
1 59 1 9 1.136 57
1 59 1 13 1.17 58
1 59 1 9 1.064 56
1 59 1 12 0.86 51
1 59 1 9 1.324 59
1 59 1 2 0.06 22
1 59 1 2 0.052 21
1 59 1 2 0.048 21
1 59 1 1 0.034 17
1 59 2 3 0.096 24
1 59 2 4 0.156 30
1 59 2 2 0.056 22
1 59 2 3 0.1 25
1 59 2 10 1.208 57
1 59 2 10 1.14 58
1 59 2 10 0.998 54
1 59 2 9 1.202 59
1 9 1 5 0.638 44
1 9 1 10 0.72 47
1 9 1 6 0.63 48
1 9 1 10 0.628 47
1 9 1 5 0.316 35
1 9 1 6 0.46 43
1 9 1 9 0.526 45
1 9 1 7 0.852 51
1 9 1 7 0.63 45
1 9 1 5 0.486 41
1 9 1 7 0.842 49
1 56 2 11 2.688 73
1 56 2 11 2.85 72
1 56 2 19 2.09 74
1 56 2 11 2.184 66
1 56 2 17 2.25 70
1 56 2 13 1.356 60
1 56 2 17 2.078 65
1 56 2 11 1.652 65
1 56 2 13 1.7 71
1 56 2 12 2.206 67
1 56 2 13 2.6 70
1 56 2 16 1.892 67
1 56 2 13 2.232 66
1 56 2 12 1.746 62
1 51 1 9 0.878 53
1 51 1 4 0.512 43
1 51 1 4 0.456 40
1 51 1 4 0.342 37
1 51 1 3 0.068 22
1 51 1 2 0.07 22
1 51 1 2 0.07 22
1 51 1 2 0.068 21
1 51 1 2 0.078 23
1 51 1 2 0.064 23
1 51 1 2 0.076 23
1 51 1 2 0.056 20
1 51 2 3 0.132 27
1 51 2 2 0.096 25
1 51 2 2 0.132 28
1 51 2 2 0.088 24
1 51 2 3 0.072 22
1 51 2 3 0.092 24
1 51 2 2 0.074 23
1 51 2 4 0.55889990769086 45
1 51 2 2 0.216 32
1 51 2 2 0.06 21
1 51 2 2 0.062 21
1 51 2 1 0.026 16
1 51 2 2 0.062 22
1 51 2 5 0.53 42
1 49 1 2 0.106 26
1 49 1 2 0.132 27
1 49 1 2 0.204 31
1 49 1 2 0.136 28
1 49 1 2 0.096 25
1 49 1 2 0.09 25
1 62 1 4 0.194 32
1 62 1 3 0.138 29
1 62 1 4 0.544 44
1 62 1 3 0.246 34
1 62 1 4 0.318 36
1 63 1 6 0.67 47
1 63 1 5 0.932 50
1 63 1 9 1.084 54
1 63 1 5 0.872 51
1 63 1 6 0.886 52
1 63 1 7 0.792 48
1 63 1 6 0.786 47
1 63 1 5 0.72 47
1 63 1 5 0.516 43
1 63 1 8 1.128 56
1 63 1 5 0.632 45
1 63 1 6 0.596 43
1 63 1 6 0.656 44
1 63 1 7 0.644 45
1 63 2 11 1.312 60
1 63 2 7 0.532 42
1 63 2 7 0.578 43
1 63 2 6 0.668 45
1 63 2 6 0.702 47
1 63 2 6 0.578 44
1 63 2 9 0.992 55
1 8 2 1 0.026 16
1 8 2 1 0.03 16
1 8 2 1 0.034 17
1 8 2 1 0.024 15
1 8 2 1 0.032 16
1 8 2 1 0.034 17
1 8 2 1 0.028 16
1 8 2 1 0.022 15
1 8 2 1 0.02 14
1 8 2 1 0.02 15
1 8 2 1 0.024 14
1 8 2 1 0.018 14
1 8 2 1 0.014 13
1 8 1 1 0.018 14
1 8 1 1 0.024 15
1 16 1 3 0.074 23
1 16 1 12 1.702 64
1 16 1 11 1.422 59
1 16 1 10 1.64 63
1 16 1 11 2.056 69
1 16 1 10 1.094 60
1 16 1 11 1.198 55
1 16 1 13 1.22 56
1 16 1 12 1.692 61
1 16 2 NA 1.706 65
1 16 2 12 2.14 69
1 16 2 11 1.45 62
1 16 2 10 1.448 58
1 16 2 13 1.804 64
1 17 2 NA 2.318 67
1 17 2 NA 2.8 75
1 17 2 12 2.486 73
1 17 2 NA 2.188 66
1 17 2 18 2.198 68
1 59 2 10 1.316 57
1 59 2 7 1 54
1 59 2 11 1.354 61
1 59 2 NA 1.564 63
1 59 2 10 1.136 56
1 59 2 4 0.5 42
1 59 2 13 0.888 55
1 59 2 9 1.086 55
1 59 2 2 0.073 20
1 53 2 10 1.198 55
1 53 2 19 1.718 63
1 53 2 5 0.412 40
1 53 2 12 1.344 60
1 39 1 2 0.112 25
1 39 1 2 0.056 21
1 39 1 5 0.612 46
1 39 1 3 0.18 31
1 39 1 2 0.158 30
1 39 1 2 0.1 26
1 39 1 5 0.496 44
1 39 1 3 0.14 28
1 39 1 2 0.074 23
1 39 1 3 0.22 33
1 39 2 2 0.094 25
1 39 2 2 0.074 23
1 39 2 6 0.47 42
1 39 2 2 0.082 24
1 39 2 3 0.166 30
1 39 2 2 0.05 20
1 39 2 2 0.064 22
1 39 2 3 0.13 27
1 39 2 2 0.058 21
1 39 2 2 0.1 26
1 39 2 6 0.542 43
1 39 2 5 0.522 44
1 55 2 2 0.16 29
1 49 1 3 0.108 25
1 49 1 2 0.19 31
1 49 3 1 0.032 17
1 49 1 2 0.09 24
1 49 1 2 0.094 25
1 49 1 2 0.142 27
1 49 1 2 0.124 28
1 49 1 2 0.116 27
1 49 1 2 0.158 28
1 49 1 2 0.1 24
1 49 1 2 0.13 27
1 49 1 2 0.076 24
1 49 2 2 0.176 30
1 49 2 2 0.1 25
1 49 2 2 0.162 29
1 49 2 2 0.168 30
1 49 2 2 0.078 23
1 49 2 3 0.31 37
1 49 2 5 0.462 41
1 49 2 3 0.076 22
1 9 1 10 0.608 46
1 9 1 2 0.082 22
1 9 1 2 0.072 22
1 9 1 2 0.05 20
1 9 1 2 0.044 20
1 9 1 2 0.086 22
1 9 1 5 0.384 38
1 9 1 6 0.464 40
1 9 1 8 1.026 54
1 9 1 10 0.946 53
1 9 1 1 0.026 16
1 9 1 7 0.9 53
1 9 1 5 0.39 39
1 34 2 6 0.746 51
1 34 2 4 0.282 36
1 34 2 9 0.778 51
1 34 2 5 0.408 39
1 34 2 2 0.106 26
1 34 2 11 1.47 63
1 34 2 9 1.014 53
1 34 2 5 0.408 40
1 34 2 3 0.242 34
1 34 1 2 0.072 22
1 35 1 3 0.264 35
1 35 1 3 0.178 31
1 35 1 3 0.24 34
1 35 1 3 0.228 34
1 35 1 4 0.378 39
1 35 1 3 0.228 33
1 35 1 3 0.332 38
1 35 1 3 0.328 36
1 35 1 3 0.234 33
1 35 1 10 1.202 61
1 35 1 4 0.3 37
1 35 1 4 0.316 37
1 35 1 4 0.296 36
1 35 1 4 0.326 37
1 35 1 3 0.218 33
1 35 1 3 0.296 36
1 35 1 9 1.098 54
1 35 1 3 0.222 32
1 35 2 3 0.274 36
1 35 2 3 0.282 36
1 35 2 4 0.234 34
1 35 2 3 0.352 38
1 35 2 3 0.27 36
1 35 2 3 0.272 35
1 35 2 2 0.098 26
1 35 2 3 0.326 35
1 35 2 7 1.292 56
1 35 2 4 0.276 35
1 35 2 4 0.312 38
1 35 2 9 0.82 52
1 35 2 9 1.152 54
1 35 2 9 0.956 56
1 35 2 3 0.23 33
1 35 2 3 0.242 33
1 35 2 4 0.318 37
1 35 2 3 0.232 33
1 35 2 3 0.346 38
1 35 3 NA 0.04 19
1 36 1 2 0.072 23
1 36 1 3 0.17 30
1 36 1 3 0.116 28
1 36 1 4 0.17 32
1 36 1 2 0.058 21
1 36 2 10 2.084 67
1 19 2 13 1.31 59
1 19 2 NA 1.564 61
1 19 2 13 1.736 70
1 19 2 10 0.772 51
1 19 2 11 1.154 60
1 19 2 8 1.088 57
1 19 2 7 1.046 55
1 19 2 9 1.226 58
1 19 2 NA 1.438 61
1 19 2 8 0.932 55
1 20 1 1 0.022 16
1 20 1 1 0.018 14
1 20 1 1 0.024 15
1 20 1 1 0.024 16
1 20 1 1 0.02 14
1 20 1 1 0.016 12
1 20 1 1 0.016 12
1 20 1 1 0.012 13
1 20 2 1 0.024 15
1 20 2 1 0.014 14
1 13 1 2 0.036 18
1 6 2 13 1.096 59
1 6 2 11 1.33 59
1 6 2 10 0.792 50
1 6 2 11 1.154 57
1 6 2 9 0.718 51
1 6 2 11 1.136 57
1 6 2 10 0.786 51
1 6 2 10 1.44 62
1 6 2 9 0.978 56
1 6 2 10 1.3 51
1 6 2 10 1.252 58
1 6 2 9 0.764 50
1 6 2 9 0.686 48
1 6 2 9 0.614 48
1 6 2 13 1.246 61
1 6 2 19 1.446 64
1 6 2 10 1.284 60
1 6 2 11 2 68
1 6 2 10 1.406 63
1 6 2 12 1.752 67
1 6 1 11 1.084 56
1 6 1 10 1.078 57
1 6 1 11 1.104 58
1 6 1 8 0.63 49
1 6 1 9 0.634 46
1 6 1 8 0.758 51
1 6 1 12 1.356 52
1 6 1 9 0.944 54
1 6 1 10 0.652 48
1 6 1 11 1.072 56
1 6 1 11 0.676 51
1 6 1 9 0.794 50
1 6 1 12 0.742 50
1 6 1 10 0.698 48
1 6 1 8 1.064 54
1 6 1 7 0.724 49
1 6 1 9 0.866 53
1 6 1 10 0.868 53
1 6 1 14 1.238 60
1 6 1 8 0.636 46
1 6 1 12 1.13 58
1 6 1 11 1.066 55
1 6 1 7 0.686 47
1 6 1 17 3.11 75
1 57 3 1 0.012 13
1 57 3 1 0.014 13
1 57 3 1 0.01 12
1 57 3 1 0.016 14
1 57 3 1 0.01 11
1 58 2 1 0.026 16
1 58 2 1 0.024 16
1 58 2 1 0.042 17
1 58 2 1 0.02 15
1 58 1 9 0.664 49
1 58 1 3 0.122 26
1 58 1 3 0.07 23
1 58 1 11 0.63 50
1 58 1 7 0.672 48
1 58 1 3 0.084 25
1 58 1 2 0.032 17
1 58 1 3 0.138 28
1 49 2 2 0.216 31
1 49 2 2 0.086 24
1 49 2 2 0.136 27
1 49 2 3 0.294 35
1 49 2 2 0.144 29
1 49 2 2 0.122 27
1 49 2 2 0.128 27
1 49 2 3 0.146 29
1 49 2 2 0.106 25
1 49 2 2 0.134 28
1 49 2 2 0.116 26
1 63 2 8 1.192 57
1 63 2 5 0.558 41
1 63 2 5 0.646 44
1 63 2 11 1.316 56
1 63 2 11 1.4 58
1 28 2 6 1.152 56
1 28 2 5 0.884 52
1 28 2 7 0.642 46
1 28 2 10 0.97 52
1 28 2 9 0.686 48
1 28 2 9 1.14 55
1 28 2 6 0.872 51
1 28 2 7 0.788 50
1 28 2 6 0.842 50
1 28 2 5 0.674 46
1 28 2 5 0.896 51
1 28 2 6 0.696 46
1 28 2 10 0.868 50
1 8 1 1 0.024 16
1 8 1 1 0.024 15
1 8 1 1 0.028 16
1 8 1 1 0.024 15
1 8 1 1 0.02 14
1 8 1 1 0.012 13
1 8 1 1 0.018 14
1 8 2 1 0.014 13
1 8 2 1 0.016 13
1 8 1 1 0.016 13
1 8 1 1 0.014 13
1 8 1 1 0.03 17
1 8 1 1 0.03 17
1 8 1 1 0.014 13
1 9 2 8 0.76 50
1 9 2 10 1.324 62
1 9 2 4 0.72 46
1 9 2 10 0.728 48
1 9 2 5 0.678 47
1 9 2 6 0.636 45
1 9 2 2 0.09 24
1 9 2 6 0.658 45
1 9 2 10 0.928 53
1 9 2 6 0.764 49
1 55 1 3 0.142 28
1 55 1 5 0.392 38
1 55 1 6 0.41 42
1 55 1 4 0.316 37
1 55 1 2 0.088 24
1 55 1 5 0.412 39
1 55 1 5 0.444 41
1 55 1 3 0.128 27
1 55 1 NA 0.43 40
1 55 1 4 0.45 40
1 55 1 3 0.336 35
1 55 1 4 0.262 36
1 55 1 4 0.304 36
1 55 1 5 0.372 38
1 39 2 4 0.426 39
1 39 2 5 0.602 47
1 39 2 6 0.598 46
1 39 2 5 0.444 41
1 39 2 3 0.2 32
1 39 3 2 0.038 18
1 39 3 1 0.03 17
1 39 3 1 0.012 12
1 53 1 9 0.64 51
1 53 1 10 0.79 53
1 53 1 9 0.744 50
1 53 1 10 1.666 62
1 53 1 9 1.27 56
1 53 1 7 0.722 48
1 53 1 9 0.786 52
1 53 1 11 1.3 59
1 53 1 9 0.748 49
1 53 1 9 2.034 63
1 53 1 10 0.662 48
1 53 1 12 1.94 66
1 53 1 7 0.596 46
1 53 1 3 0.066 22
1 53 1 9 0.578 45
1 53 1 9 0.652 47
1 53 1 3 0.076 24
1 53 1 9 0.456 45
1 53 2 10 0.722 52
1 53 2 9 0.736 51
1 53 2 8 0.646 50
1 53 2 7 0.778 53
1 53 2 12 1.984 68
1 53 2 11 2.266 70
1 53 2 6 0.43 45
1 53 2 9 1.564 64
1 53 2 10 1.55 62
1 53 2 9 1.394 60
1 53 2 10 0.994 54
1 53 2 11 1.106 57
1 53 2 9 0.654 49
1 36 2 9 1.274 57
1 36 2 10 0.91 54
1 36 2 4 0.314 38
1 36 2 4 0.142 29
1 21 2 NA 0.016 15
1 21 2 1 0.012 14
1 21 2 1 0.012 13
1 21 2 1 0.012 14
1 1 1 9 0.754 48
1 1 1 8 0.526 45
1 1 1 10 0.826 51
1 1 1 5 0.424 42
1 1 1 9 0.976 54
1 1 1 5 0.542 44
1 1 1 12 1.11 58
1 1 1 6 0.51 43
1 1 1 6 0.658 47
1 1 1 7 0.74 50
1 1 1 12 1.836 67
1 1 1 8 0.72 49
1 1 1 4 0.394 38
1 1 1 10 0.904 53
1 1 1 11 0.98 55
1 1 1 6 0.49 43
1 1 1 2 0.032 17
1 1 1 2 0.016 16
1 1 2 9 1.17 57
1 1 2 11 1.05 54
1 1 2 12 1.056 55
1 1 2 10 1.116 57
1 1 2 13 2.116 69
1 1 2 10 0.714 49
1 1 2 10 1.078 58
1 1 2 13 1.638 62
1 1 2 10 0.794 50
1 1 2 7 0.624 44
1 1 2 6 0.746 49
1 1 2 9 0.884 52
1 1 2 2 0.054 21
1 1 2 2 0.032 17
1 1 2 10 1.23 59
1 1 2 12 1.27 61
1 6 2 12 0.728 53
1 6 2 9 0.986 54
1 6 2 10 0.616 49
1 6 2 10 0.794 53
1 59 1 9 0.778 50
1 59 1 10 1.02 52
1 59 1 3 0.172 30
1 59 1 4 0.148 28
1 59 1 2 0.07 23
1 21 2 1 0.01 13
1 21 2 1 0.006 13
1 21 2 1 0.02 16
1 21 2 1 0.018 15
1 21 2 1 0.006 12
1 21 2 3 0.234 32
1 21 2 2 0.07 22
1 21 2 NA 0.09 25
1 21 2 3 0.114 25
1 21 2 NA 0.146 28
1 21 2 2 0.088 23
1 21 2 9 0.702 48
1 21 2 2 0.134 27
1 21 2 NA 0.078 23
1 21 2 2 0.076 23
1 21 2 2 0.102 25
1 21 2 9 1.384 59
1 21 2 2 0.124 26
1 44 3 1 0.006 10
1 44 3 1 0.007 10
1 44 3 1 0.008 10
1 44 3 1 0.006 10
1 54 1 9 0.852 50
1 54 1 6 0.806 49
1 54 1 6 0.494 44
1 54 1 5 0.538 43
1 54 1 5 0.492 42
1 54 1 7 0.756 47
1 54 2 10 0.902 52
1 54 2 5 0.876 54
1 54 2 9 1.402 58
1 54 2 6 0.864 51
1 54 2 11 0.916 55
1 54 2 2 0.058 21
1 54 2 9 1.246 56
1 54 2 6 0.714 49
1 54 2 7 0.818 50
1 54 2 9 1.138 57
1 54 2 7 0.584 45
1 54 2 10 0.956 53
1 54 2 4 0.688 48
1 54 2 5 0.758 47
1 54 2 1 0.024 15
1 54 2 1 0.018 13
1 54 2 1 0.018 14
1 54 2 1 0.028 16
1 55 2 2 0.112 28
1 55 2 2 0.094 25
1 55 2 2 0.068 22
1 55 2 2 0.11 26
1 55 2 6 0.5 44
1 55 2 4 0.412 39
1 50 2 12 1.71 63
1 50 2 10 1.852 66
1 50 2 10 1.742 66
1 50 2 9 1.46 62
1 50 2 13 1.966 66
1 50 2 7 0.924 52
1 50 1 11 1.91 65
1 50 1 10 1.446 58
1 50 1 3 0.224 32
1 59 1 9 0.808 51
1 59 1 2 0.134 26
1 59 1 12 1.134 57
1 59 1 3 0.07 24
1 59 1 2 0.13 27
1 59 1 9 1.028 54
1 59 1 10 1.126 54
1 21 2 2 0.152 29
1 21 2 3 0.108 26
1 21 2 3 0.114 26
1 21 2 2 0.128 27
1 21 2 2 0.08 24
1 17 2 20 1.904 67
1 17 1 11 1.722 62
1 17 1 13 2.344 70
1 17 1 16 1.812 65
1 17 1 12 0.994 54
1 17 1 NA 0.094 24
1 14 1 5 0.492 40
1 14 1 5 0.544 42
1 14 1 6 0.762 47
1 14 1 6 0.612 43
1 14 1 7 0.85 48
1 14 2 5 0.524 42
1 14 2 7 0.996 49
1 14 2 11 1.698 62
1 14 2 7 0.942 51
1 14 2 6 0.682 45
1 14 2 6 0.832 48
1 14 2 12 2.028 69
1 14 2 9 1.192 56
1 14 2 7 0.708 47
1 14 2 5 0.536 41
1 14 2 10 1.544 58
1 14 2 6 0.656 44
1 14 2 10 1.154 60
1 14 2 6 0.856 46
1 14 2 6 0.676 44
1 14 2 6 0.804 47
1 14 2 6 0.638 44
1 30 2 NA 0.646 49
1 31 2 10 1.28 61
1 31 2 11 1.51 60
1 31 2 9 0.764 54
1 31 2 9 0.596 49
1 31 2 NA 0.23 33
1 31 2 3 0.06 24
1 31 2 8 1.804 65
1 31 2 16 2.96 79
1 31 2 9 1.16 59
1 31 2 11 1.208 58
1 31 2 2 0.048 22
1 31 2 17 1.03 57
1 31 1 14 3.26 76
1 31 1 14 2.036 67
1 31 1 10 1.608 62
1 31 1 NA 1.866 62
1 31 1 10 1.394 58
1 31 1 9 1.346 59
1 31 1 NA 1.218 57
1 31 1 9 0.956 53
1 31 1 11 1.048 54
1 32 1 2 0.04 19
1 32 1 2 0.048 20
1 32 1 2 0.058 21
1 32 1 2 0.038 18
1 32 1 2 0.042 20
1 1 2 7 0.672 48
1 1 2 12 0.932 54
1 1 2 12 1.436 61
1 1 2 10 1.002 54
1 1 2 12 1.004 56
1 1 2 7 0.774 48
1 1 2 9 0.97 55
1 1 2 9 0.904 53
1 1 2 2 0.036 18
1 1 2 10 1.022 55
1 5 1 11 1.246 58
1 5 1 10 1.814 64
1 5 1 15 1.34 61
1 5 1 10 1.752 64
1 5 1 13 1.536 61
1 5 1 12 1.448 62
1 5 1 11 1.448 63
1 6 2 10 0.848 54
1 6 2 9 0.684 49
1 6 2 9 0.832 55
1 6 2 10 1.192 58
1 6 2 8 0.98 56
1 6 2 10 0.952 52
1 6 2 9 0.866 54
1 6 2 14 1.73 65
1 60 1 9 1.02 55
1 60 1 9 0.902 51
1 60 1 9 0.822 50
1 60 1 9 1.02 56
1 60 1 8 0.98 53
1 60 1 7 1.06 53
1 60 1 9 0.62 46
1 60 1 10 0.778 49
1 60 1 12 1.628 62
1 60 1 10 0.96 54
1 60 1 3 0.186 31
1 60 1 5 0.486 40
1 60 1 9 0.8 48
1 60 2 10 0.902 53
1 60 2 10 1.6 63
1 60 2 9 0.75 51
1 60 2 3 0.288 34
1 60 2 10 1.106 60
1 60 2 3 0.226 32
1 60 2 9 0.774 50
1 60 2 7 1.67 62
1 60 2 2 0.188 31
1 60 2 3 0.336 38
1 60 2 9 0.882 53
1 60 2 6 0.738 48
1 60 2 3 0.252 34
1 61 1 6 0.57 45
1 61 1 7 0.698 47
1 61 1 2 0.128 28
1 18 1 9 1.51 61
1 18 1 14 1.492 59
1 18 1 10 2.102 66
1 18 1 11 1.43 62
1 18 1 14 1.388 60
1 18 1 4 0.238 32
1 18 1 3 0.148 27
1 18 1 16 2.238 71
1 18 1 12 1.872 63
1 18 1 11 1.966 66
1 18 1 10 2.216 68
1 18 1 12 1.948 68
1 18 1 3 0.234 32
1 18 2 20 1.544 64
1 18 2 12 2.504 71
1 18 2 14 1.042 56
1 18 2 15 1.724 63
1 18 2 15 1.758 66
1 19 1 10 1.806 65
1 19 1 14 1.53 58
1 19 1 11 1.076 55
1 19 1 10 1.026 54
1 19 1 10 1.2 57
1 19 1 10 1.298 58
1 19 1 9 1.2 57
1 19 1 NA 0.766 50
1 19 1 10 1.564 64
1 19 1 11 1 53
1 19 1 7 1.026 53
1 19 1 7 1.272 56
1 19 1 9 0.928 50
1 19 1 10 0.872 51
1 19 1 3 0.126 26
1 19 1 2 0.174 28
1 19 1 10 0.942 52
1 19 2 9 1.162 59
1 19 2 11 1.552 63
1 19 2 10 1.522 62
1 19 2 13 1.308 60
1 19 2 12 1.868 65
1 19 2 NA 2.284 70
1 61 1 8 0.788 49
1 61 1 3 0.196 31
1 61 1 3 0.166 30
1 61 1 3 0.374 39
1 61 1 5 0.54 44
1 61 1 3 0.172 30
1 61 1 3 0.11 26
1 61 1 3 0.158 29
1 61 1 2 0.067 22
1 61 1 2 0.086 24
1 61 2 3 0.148 29
1 61 2 3 0.414 39
1 61 2 3 0.112 26
1 51 2 4 0.384 38
1 51 2 2 0.064 21
1 51 2 3 0.25 34
1 51 2 3 0.18 31
1 51 2 4 0.236 33
1 51 2 5 0.606 44
1 32 1 2 0.046 19
1 32 1 2 0.054 21
1 32 1 2 0.024 16
1 32 1 NA 0.016 14
1 32 1 NA 0.012 12
1 32 1 1 0.016 13
1 32 1 1 0.012 12
1 32 1 1 0.014 13
1 32 1 13 1.218 58
1 32 1 8 1.428 59
1 32 1 11 1.652 63
1 32 1 10 1.602 61
1 32 1 11 1.356 61
1 32 2 NA 0.086 25
1 32 2 NA 0.042 19
1 32 2 1 0.012 13
1 32 2 1 0.01 12
1 32 2 1 0.014 13
1 32 2 10 1.972 66
1 32 2 9 3.49 75
1 32 2 10 1.758 65
1 32 2 10 1.458 64
1 32 2 11 1.788 67
1 33 1 16 1.942 67
1 33 1 16 1.966 67
1 33 1 11 2.064 68
1 33 2 21 1.84 67
1 33 2 20 1.97 68
1 33 2 13 1.876 68
1 33 2 10 2.26 71
1 33 2 12 1.546 64
1 33 2 1 0.004 10
1 33 2 1 0.002 9
1 33 1 1 0.004 11
1 33 1 1 0.008 10
1 10 1 1 0.004 9
1 10 2 1 0.006 10
1 10 1 1 0.006 10
1 10 1 1 0.014 11
1 40 1 16 1.312 61
1 40 1 13 1.57 61
1 40 1 10 1.7 65
1 40 1 12 1.226 60
1 40 1 11 1.81 69
1 40 1 12 1.276 57
1 2 1 10 0.786 52
1 2 1 10 0.747 51
1 2 1 10 0.714 50
1 2 1 10 0.588 48
1 2 1 11 0.796 53
1 2 1 9 0.69 49
1 2 1 9 0.992 58
1 2 1 9 0.566 47
1 2 1 16 1.792 69
1 2 1 8 0.922 55
1 2 1 12 0.956 56
1 2 1 13 1.136 59
1 2 1 9 0.81 54
1 2 1 6 0.514 46
1 2 1 11 1.466 60
1 2 2 12 1.536 64
1 2 2 19 3.324 79
1 2 2 12 1.242 58
1 2 2 10 0.788 55
1 2 2 11 0.654 50
1 2 2 13 1.602 65
1 2 2 12 0.854 54
1 2 2 13 1.3 62
1 2 2 11 0.686 51
1 2 2 6 0.756 52
1 2 2 11 1.13209739428148 57
1 2 2 11 1.01 56
1 2 2 10 0.876 53
1 2 2 12 1.46 63
1 2 2 12 1.234 61
1 6 2 12 1.338 62
1 6 2 17 2.176 70
1 6 2 12 1.014 55
1 7 2 6 0.718 49
1 7 2 6 0.728 49
1 7 2 7 0.592 45
1 7 2 9 0.802 52
1 7 2 6 0.678 47
1 7 2 7 0.686 48
1 7 2 6 0.602 44
1 7 2 2 0.064 22
1 7 2 2 0.13 28
1 7 2 2 0.07 22
1 7 2 2 0.064 21
1 7 2 6 0.664 48
1 7 2 6 0.846 50
1 7 2 6 0.758 50
1 7 2 9 0.7 47
1 7 2 6 0.636 46
1 7 2 9 0.872 52
1 7 2 6 0.894 51
1 7 2 5 0.65 46
1 7 2 5 0.56 45
1 7 2 6 0.602 44
1 7 2 8 0.782 51
1 7 2 7 1.216 55
1 7 2 4 0.47 41
1 7 2 2 0.118 27
1 7 2 4 0.228 33
1 7 2 4 0.21 32
1 7 2 2 0.084 23
1 7 2 2 0.062 21
1 7 2 2 0.094 25
1 7 2 2 0.082 23
1 7 2 2 0.104 25
1 7 2 2 0.138 27
1 7 2 3 0.118 26
1 7 2 2 0.09 24
1 7 1 8 1.242 58
1 7 1 6 0.612 45
1 7 1 6 0.586 44
1 7 1 6 0.6 47
1 7 1 5 0.828 50
1 7 1 8 0.452 41
1 7 1 7 0.81 49
1 7 1 6 0.714 48
1 7 1 5 0.814 50
1 7 1 7 0.712 46
1 7 1 6 0.738 47
1 7 1 6 0.64 46
1 7 1 6 0.72 48
1 7 1 5 0.604 43
1 7 1 8 0.848 52
1 7 1 3 0.278 34
1 7 1 10 1.076 55
1 7 1 2 0.082 23
1 61 2 3 0.104 26
1 61 2 2 0.14 28
1 61 2 2 0.114 27
1 61 2 2 0.162 29
1 61 2 3 0.128 28
1 61 2 2 0.092 25
1 61 2 3 0.268 36
1 61 2 2 0.212 32
1 61 2 3 0.172 30
1 61 2 3 0.2 31
1 61 2 3 0.246 35
1 61 2 10 0.884 53
1 61 2 12 1.02 56
1 61 2 3 0.214 32
1 45 1 9 1.102 54
1 45 1 10 1.25 55
1 45 1 10 1.47 59
1 45 1 10 1.208 55
1 45 1 11 1.446 58
1 45 1 9 1.07 52
1 45 1 7 0.896 50
1 45 1 10 1.394 59
1 45 2 8 1.146 53
1 45 2 9 1.244 53
1 45 2 12 1.418 59
1 45 2 9 1.416 61
1 45 2 10 1.618 61
1 45 2 11 1.712 65
1 45 2 10 1.504 60
1 45 2 10 1.656 61
1 45 2 10 1.332 56
1 45 2 11 1.41 62
1 45 2 9 1.292 58
1 45 2 7 1.162 55
1 45 2 9 1.038 55
1 40 1 11 1.96 68
1 40 1 11 0.922 53
1 40 1 9 0.876 54
1 40 2 14 1.884 68
1 40 2 18 2.202 72
1 40 2 12 1.924 65
1 40 2 12 1.836 67
1 40 2 12 2.042 66
1 40 2 19 2.254 72
1 40 2 20 2.272 71
1 40 2 9 1.49 64
1 40 2 9 1.208 59
1 40 2 9 1.53 66
1 40 2 12 1.952 69
1 40 2 11 1.374 61
1 40 2 10 2.348 70
1 40 2 11 1.176 59
1 40 1 9 1.37 59
1 40 1 12 2.162 67
1 40 1 10 1.262 60
1 40 1 13 1.74 65
1 40 1 10 1.686 62
1 40 1 NA 1.908 68
1 25 1 1 0.01 13
1 25 1 1 0.008 11
1 25 1 1 0.01 12
1 25 1 1 0.006 10
1 25 1 1 0.006 10
1 25 1 1 0.008 11
1 25 1 1 0.01 11
1 25 1 1 0.006 10
1 25 2 1 0.006 10
1 25 2 1 0.008 11
1 25 2 1 0.006 10
1 25 2 1 0.008 12
1 25 2 1 0.008 11
1 25 2 1 0.006 10
1 25 2 1 0.006 11
1 26 1 1 0.016 13
1 26 2 1 0.006 9
1 26 1 2 0.018 15
1 26 1 1 0.018 14
1 26 1 2 0.094 25
1 26 1 4 0.324 37
1 26 1 3 0.142 27
1 26 1 2 0.076 22
1 26 1 2 0.06 21
1 26 1 2 0.056 22
1 26 1 2 0.144 28
1 26 1 4 0.36 37
1 26 1 3 0.256 34
1 26 1 3 0.18 33
1 26 1 2 0.112 26
1 26 1 2 0.128 27
1 26 1 2 0.084 24
1 26 1 2 0.046 20
1 26 1 2 0.194 31
1 26 1 4 0.192 30
1 26 1 4 0.24 33
1 26 1 2 0.07 23
1 26 1 3 0.184 30
1 26 1 2 0.078 22
1 11 2 12 2.744 77
1 11 2 19 2.682 74
1 11 2 16 2.016 69
1 11 1 13 1.766 65
1 11 1 16 2.296 68
1 11 1 9 1.25 61
1 12 2 2 0.04 20
1 12 2 2 0.032 18
1 12 2 3 0.034 19
1 13 1 2 0.048 20
1 3 1 22 2.366 73
1 3 1 13 2.04 68
1 3 1 13 1.822 68
1 3 1 12 2.394 69
1 3 1 NA 1.69 63
1 3 2 24 2.56 72
1 3 2 22 1.832 69
1 3 2 20 2.546 77
1 3 2 12 3.226 76
1 3 2 14 2.95 77
1 3 2 22 2.196 69
1 3 2 17 2.72 76
1 3 2 17 1.856 72
1 3 2 14 1.61 68
1 3 2 20 2.422 74
1 3 2 23 2.878 76
1 3 2 17 2.782 75
1 3 2 15 3.182 75
1 41 1 5 0.582 45
1 41 1 4 0.374 37
1 41 1 6 0.498 42
1 41 1 5 0.572 43
1 41 1 5 0.514 41
1 41 1 5 0.722 44
1 41 1 6 0.774 49
1 41 1 4 0.378 38
1 41 1 5 0.792 47
1 41 1 6 0.708 46
1 41 1 7 0.65 48
1 41 1 15 0.83 51
1 41 1 5 0.392 40
1 41 1 3 0.282 35
1 41 1 11 0.79 50
1 41 2 4 0.52 42
1 41 2 4 0.502 40
1 41 2 6 0.71 45
1 41 2 5 0.558 43
1 41 2 6 0.742 49
1 41 2 4 0.338 37
1 41 2 4 0.31 34
1 41 2 5 0.438 39
1 41 2 6 0.584 44
1 41 2 6 0.712 46
1 41 2 5 0.48 41
1 41 2 7 0.69 47
1 42 1 6 0.794 49
1 42 1 5 0.516 41
1 42 1 10 0.7 48
1 42 1 11 0.792 51
1 42 1 6 0.652 47
1 7 1 3 0.208 33
1 7 1 10 1.22 55
1 7 1 7 0.642 44
1 7 1 19 1.81 68
1 7 1 5 0.51 41
1 7 1 5 0.624 45
1 7 1 7 0.532 43
1 7 1 4 0.416 40
1 7 1 10 0.822 51
1 7 1 10 1.288 58
1 7 1 6 0.746 49
1 7 1 8 0.908 54
1 7 1 2 0.072 22
1 7 1 2 0.084 24
1 7 1 NA 0.888 52
1 7 1 8 0.854 51
1 7 1 4 0.402 40
1 7 1 13 2.21 65
1 7 1 5 0.558 42
1 7 1 2 0.098 24
1 7 1 3 0.204 32
1 7 1 3 0.118 27
1 7 1 2 0.102 25
1 7 1 2 0.042 20
1 7 1 3 0.112 25
1 7 1 2 0.078 23
1 22 2 2 0.168 29
1 22 2 2 0.034 18
1 22 2 2 0.088 24
1 22 2 2 0.07 22
1 22 2 4 0.136 28
1 22 2 3 0.078 22
1 22 2 2 0.052 20
1 22 2 2 0.058 21
1 22 2 2 0.05 20
1 22 2 2 0.046 20
1 22 2 2 0.144 28
1 22 2 10 1.616 63
1 22 1 2 0.178 29
1 22 1 2 0.1 24
1 22 1 3 0.154 29
1 22 1 3 0.11 25
1 22 1 2 0.084 23
1 22 1 3 0.174 30
1 22 1 3 0.14 28
1 22 2 2 0.09 24
1 22 2 2 0.126 27
1 22 2 2 0.164 29
1 22 2 2 0.17 30
1 22 2 2 0.156 30
1 22 2 2 0.172 30
1 24 1 16 1.918 69
1 24 1 8 0.734 52
1 24 2 9 2.144 68
1 24 2 11 2.194 65
1 24 2 13 1.9 69
1 45 2 9 1.578 59
1 45 2 6 0.894 50
1 45 2 13 1.55 61
1 45 2 11 0.968 54
1 45 2 9 1.422 59
1 45 2 11 1.172 57
1 45 3 1 0.02 15
1 45 3 1 0.012 13
1 45 3 1 0.012 12
1 45 2 7 0.632 47
1 45 2 9 1.162 56
1 45 2 10 1.776 64
1 46 2 10 1.442 60
1 46 2 6 0.836 49
1 46 2 6 1.004 50
1 46 2 5 1.03 50
1 46 2 6 0.888 49
1 47 1 13 1.428 62
1 47 1 6 0.806 49
1 47 1 9 0.96 52
1 47 1 12 1.318 58
1 47 1 10 1.154 55
1 47 1 5 0.67 46
1 47 1 6 0.842 51
1 47 1 7 0.784 47
1 47 1 7 1.056 51
1 47 1 12 1.538 59
1 47 1 5 0.508 41
1 47 1 12 1.518 58
1 47 2 5 0.718 51
1 47 2 4 0.532 43
1 47 2 5 0.656 47
1 47 2 5 0.94 51
1 47 2 5 0.698 46
1 47 2 7 1.078 51
1 47 2 9 0.952 52
1 47 2 1 0.036 18
1 47 2 1 0.038 18
1 47 2 1 0.026 16
1 47 2 1 0.028 16
1 47 2 1 0.018 20
1 48 2 5 0.678 47
1 48 2 6 0.614 45
1 48 2 6 0.514 43
1 48 2 5 0.634 46
1 48 2 5 0.928 49
1 48 2 11 0.882 48
1 48 2 5 0.768 49
1 48 2 6 0.664 46
1 48 2 5 0.634 46
1 48 2 6 0.734 48
1 48 2 5 0.462 42
1 48 2 2 0.122 26
1 48 2 5 0.6 43
1 57 3 1 0.008 11
1 57 3 1 0.02 14
1 57 3 1 0.014 12
1 52 1 12 1.772 65
1 52 1 12 2.082 67
1 52 1 19 1.588 63
1 52 1 21 2.85 75
1 52 1 11 1.832 64
1 52 1 9 2.2 68
1 52 1 12 1.204 58
1 52 1 18 1.582 66
1 52 1 16 2.084 67
1 52 2 11 2.304 71
1 52 2 9 2.184 67
1 52 2 10 1.712 65
1 52 2 12 1.646 63
1 52 2 13 1.15 58
1 52 2 12 2.05 69
1 52 2 10 1.616 61
1 52 2 9 1.01 56
1 52 2 17 2.596 73
1 52 2 20 2.69 77
1 52 2 17 2.174 68
1 52 2 11 2.488 75
1 42 1 4 0.47 41
1 42 1 6 0.698 48
1 26 1 2 0.034 19
1 26 1 2 0.044 19
1 26 1 2 0.048 20
1 26 1 3 0.154 29
1 26 1 3 0.05 20
1 26 1 9 0.654 48
1 26 2 12 1.154 60
1 26 2 3 0.344 38
1 26 2 2 0.212 32
1 26 2 3 0.19 31
1 26 2 2 0.038 19
1 26 2 4 0.232 31
1 26 2 2 0.06 21
1 26 2 2 0.064 21
1 27 2 9 0.99 53
1 27 2 9 1.026 54
1 27 2 9 1.056 56
1 27 2 10 1.036 53
1 27 2 5 0.992 51
1 27 2 NA 1.028 54
1 27 2 9 1.034 54
1 27 2 12 0.924 53
1 27 2 9 1.124 53
1 27 1 9 0.794 50
1 27 1 9 0.846 49
1 27 1 9 0.96 52
1 27 1 10 0.97 53
1 27 1 9 1.022 53
1 27 1 7 1.148 55
1 27 1 9 0.87 49
1 27 1 11 1.87 65
1 27 1 3 0.292 33
1 27 1 11 1.722 62
1 28 1 6 0.862 50
1 28 1 9 0.954 51
1 28 1 10 1.16 55
1 28 1 10 0.88 51
1 28 1 5 0.976 51
1 28 1 9 1.36 59
1 28 1 8 0.884 50
1 28 1 6 0.85 49
1 28 1 6 0.758 46
1 28 1 8 1.18 54
1 28 1 5 0.59 45
1 15 1 8 0.59 46
1 15 1 5 0.534 43
1 15 1 9 0.732 47
1 15 1 6 0.65 47
1 15 1 NA 0.634 46
1 15 1 5 0.748 48
1 15 1 6 0.592 43
1 15 1 7 0.584 45
1 15 1 6 0.646 47
1 37 3 1 0.01 13
1 37 3 2 0.04 19
1 37 3 1 0.022 16
1 37 3 1 0.044 20
1 37 3 1 0.014 14
1 37 3 3 0.038 20
1 37 3 1 0.01 12
1 37 3 1 0.022 15
1 37 3 2 0.036 19
1 37 3 2 0.034 18
1 37 3 3 0.03 17
1 37 2 2 0.066 23
1 37 2 6 0.57 46
1 37 2 5 0.426 41
1 37 2 6 0.826 52
1 37 2 10 0.568 44
1 37 2 7 0.682 46
1 37 2 5 0.388 41
1 37 2 3 0.256 35
1 37 2 NA 0.288 37
1 37 2 5 0.57 43
1 37 1 4 0.374 38
1 37 1 5 0.506 44
1 37 1 2 0.05 22
1 37 1 5 0.398 41
1 37 1 4 0.382 40
1 37 1 9 1.37 58
1 38 1 3 0.156 30
1 38 1 3 0.132 29
1 38 1 4 0.186 31
1 38 1 3 0.29 34
1 38 1 3 0.298 35
1 38 1 2 0.108 26
1 38 1 3 0.292 35
1 38 1 3 0.224 33
1 38 1 4 0.234 34
1 38 1 3 0.224 32
1 38 1 3 0.262 34
1 4 3 1 0.006 10
1 4 3 1 0.004 10
1 4 3 1 0.006 11
1 4 3 1 0.006 10
1 4 3 1 0.006 10
1 4 3 1 0.008 11
1 4 3 1 0.008 11
1 4 3 1 0.008 11
1 4 3 1 0.006 10
1 4 3 1 0.004 9
1 4 3 1 0.008 11
1 4 3 1 0.004 9
1 4 3 1 0.006 9
1 4 3 1 0.004 9
1 4 3 1 0.01 12
1 4 3 1 0.004 9
1 42 1 5 0.542 42
1 42 1 6 0.614 44
1 42 1 8 0.62 45
1 42 1 8 0.684 47
1 42 1 6 0.594 45
1 42 1 6 0.65 46
1 42 1 7 0.764 49
1 42 1 NA 0.636 46
1 42 1 6 1.044 52
1 42 1 6 0.56 43
1 42 1 10 0.852 50
1 42 1 6 0.756 50
1 42 2 7 0.942 50
1 42 2 9 0.678 46
1 42 2 6 0.8 48
1 42 2 5 0.704 47
1 42 2 9 0.856 52
1 42 2 10 0.938 50
1 42 2 5 0.552 42
1 42 2 7 0.884 54
1 42 2 6 0.71 47
1 42 2 5 0.51 41
1 42 2 9 0.838 50
1 42 2 6 0.698 45
1 42 2 9 0.926 51
1 42 2 9 1.35 61
1 42 2 6 0.736 50
1 42 2 10 0.706 48
1 42 2 6 0.608 43
1 42 2 9 0.868 48
1 42 2 9 0.938 53
1 42 2 6 0.56 42
1 42 2 6 0.636 46
1 42 2 6 0.59 42
1 42 2 5 0.606 44
1 42 2 6 0.592 45
1 42 2 6 0.492 43
1 43 2 12 1.564 62
1 43 2 14 1.7 65
1 43 2 17 1.842 68
1 43 2 12 2.12 71
1 43 2 12 1.196 58
1 43 2 12 1.948 64
1 43 2 8 1.174 57
1 43 2 14 1.366 61
1 43 2 13 1.77 64
1 43 2 12 1.36 62
1 43 2 14 1.954 67
1 43 2 8 1.642 65
1 43 2 17 1.852 69
1 43 2 12 1.508 63
1 43 2 12 1.258 61
1 43 2 16 1.142 60
1 43 2 13 1.394 60
1 23 1 16 2.234 67
1 23 2 12 2.624 71
1 23 1 17 2.104 67
1 23 2 14 2.772 76
1 23 1 18 1.822 64
1 23 2 17 2.54 74
1 23 1 17 2.6 72
1 23 1 18 2.556 72
1 23 2 16 2.68 76
1 23 2 12 2.346 68
1 23 2 12 2.01 71
1 23 2 12 1.086 62
1 23 2 16 2.844 77
1 23 2 13 2.646 76
1 23 2 12 2.35 74
1 23 2 10 1.98 69
1 15 1 3 0.114 27
1 15 1 3 0.212 32
1 15 1 6 0.59 45
1 15 1 3 0.154 30
1 15 1 5 0.8 48
1 15 1 4 0.674 48
1 15 1 9 0.708 48
1 15 1 4 0.282 36
1 15 1 3 0.184 30
1 15 1 5 0.474 41
1 15 1 11 1.596 64
1 15 1 6 0.68 45
1 15 2 5 0.654 47
1 15 2 7 0.568 45
1 15 2 9 1.214 58
1 15 2 6 0.596 42
1 15 2 NA 0.454 39
1 15 2 11 2.22 66
1 15 2 7 0.586 42
1 15 2 9 1.504 61
1 15 2 7 0.822 47
1 15 2 5 0.546 43
1 15 2 6 0.522 42
1 15 3 1 0.014 14
1 56 1 20 1.91 66
1 56 1 15 2.112 66
1 56 1 12 2.148 64
1 56 1 13 1.95 64
1 56 1 10 1.846 62
1 56 1 18 1.898 65
1 56 1 15 2.634 72
1 56 1 13 1.774 65
1 56 1 13 1.782 63
1 56 1 12 2.18 67
1 56 1 16 1.964 68
1 56 1 10 2.43 69
1 56 1 12 2.464 75
1 56 1 12 1.854 63
1 56 1 17 2.022 68
1 56 1 13 1.46 61
1 56 1 13 2.43 69
1 56 1 13 2.42 67
1 56 2 16 2.38 71
1 56 2 13 1.968 68
1 56 2 16 2.15 69
1 56 2 11 2.204 69
1 56 2 15 2.016 68
1 56 2 13 2.806 74
1 48 2 7 0.638 45
1 48 2 7 0.758 48
1 48 2 6 0.676 45
1 48 2 9 0.958 52
1 48 2 5 0.792 48
1 48 2 6 0.518 43
1 48 2 8 0.97 52
1 48 2 6 1.026 54
1 48 2 9 1.855 68
1 48 1 9 0.858 49
1 48 1 5 0.572 44
1 48 1 10 1.332 59
1 48 1 17 1.728 62
1 48 1 9 1.108 53
1 48 1 11 1.2 56
1 48 1 12 2.072 65
1 48 1 6 1.2 57
1 48 1 12 1.596 62
1 48 1 9 1.25 57
1 48 1 10 1.184 56
1 48 1 7 0.678 46
1 48 1 6 0.654 45
1 48 1 5 0.576 44
1 48 1 6 0.768 48
1 48 1 7 0.672 46
1 48 1 5 0.534 43
1 48 1 5 0.618 46
1 48 1 6 0.486 42
1 48 1 6 0.624 45
1 48 1 6 0.528 41
1 48 1 5 0.488 41
1 48 1 5 0.558 42
1 48 3 1 0.014 13
1 48 3 1 0.018 14
1 48 3 1 0.018 14
1 48 3 1 0.015 13
1 49 1 2 0.196 31
1 49 1 3 0.18 30
1 58 2 2 0.09 23
1 58 2 9 0.61 48
1 58 2 2 0.08 24
1 58 2 2 0.052 20
1 58 2 1 0.028 17
1 58 2 2 0.06 21
1 58 2 1 0.026 15
1 58 2 2 0.03 17
1 62 2 9 1.06 57
1 62 2 3 0.268 36
1 62 2 4 0.38 39
1 62 2 7 0.852 54
1 62 2 8 0.788 51
1 62 2 3 0.18 30
1 62 2 9 0.59 50
1 62 2 9 1.236 58
1 62 2 10 1.13 59
1 62 2 3 0.104 26
1 62 2 8 1.316 58
1 62 2 2 0.044 20
1 62 2 9 1.666 62
1 62 2 2 0.06 22
1 62 2 2 0.05 21
1 62 2 4 0.452 41
1 62 1 3 0.372 39
1 62 1 8 0.812 50
1 62 1 5 0.6 47
1 62 1 8 0.594 46
1 62 1 4 0.27 37
1 62 1 10 1.052 55
1 62 1 3 0.316 37
1 29 2 10 1.696 63
1 29 2 10 0.97 54
1 29 2 6 0.922 52
1 29 2 8 0.864 53
1 29 2 6 0.862 50
1 29 2 11 1.144 57
1 29 2 7 1.074 52
1 29 2 6 0.812 49
1 29 2 9 1.09 54
1 29 2 6 0.636 46
1 29 2 10 1.064 55
1 29 2 5 0.764 48
1 29 2 NA 0.886 50
1 29 2 5 0.842 49
1 29 2 6 0.71 48
1 29 2 6 0.942 52
1 29 1 9 1.298 58
1 29 1 9 0.974 52
1 29 1 6 0.748 49
1 29 1 11 1.158 55
1 29 1 6 0.702 47
1 29 1 13 1.292 56
1 30 1 3 0.126 27
1 30 1 3 0.094 25
1 30 1 2 0.068 22
1 30 1 2 0.106 26
1 30 1 2 0.068 22
1 38 1 3 0.078 24
1 38 1 3 0.184 31
1 38 1 2 0.138 27
1 38 1 2 0.084 23
1 38 1 2 0.11 26
1 38 2 2 0.11 27
1 38 2 4 0.324 36
1 38 2 4 0.272 34
1 38 2 4 0.262 34
1 38 2 3 0.158 30
1 38 2 3 0.196 32
1 38 2 3 0.166 30
1 38 2 3 0.284 35
1 38 2 3 0.232 33
1 38 2 4 0.346 37
1 38 2 3 0.252 33
1 38 2 2 0.104 26
1 38 2 3 0.146 29
1 38 2 4 0.388 40
1 38 2 3 0.19 31
1 38 2 NA 0.414 39
1 5 2 19 2.016 71
1 5 2 12 1.936 71
1 5 2 20 2.42 72
1 5 2 14 2.598 75
1 5 2 18 2.024 65
1 5 2 12 1.608 64
1 5 2 11 1.556 63
1 5 2 14 1.558 66
1 5 2 16 1.204 62
1 5 2 11 2.8 79
1 5 2 18 1.708 66
1 5 2 17 0.91 57
1 5 2 10 1.014 57
1 5 2 16 1.238 60
1 5 2 15 1.782 66
1 5 2 15 2.264 72
1 5 2 12 1.834 65
1 5 2 18 1.62 64
1 5 2 15 2.044 69
1 5 2 12 1.804 64
1 5 1 18 1.264 62
1 5 1 11 1.76 64
1 5 1 16 1.256 62
1 5 1 9 1.804 65
1 5 1 13 1.856 66
1 5 1 14 1.34 62
1 5 1 12 1.518 63
1 5 1 13 1.566 65
1 9 2 2 0.086 24
1 9 2 7 0.64 46
1 9 2 10 0.842 52
1 9 2 2 0.11 26
1 9 2 4 0.734 47
1 9 2 2 0.076 23
1 9 2 2 0.116 27
1 9 1 10 0.75 50
1 9 1 6 0.544 44
1 9 1 12 0.92 52
1 43 2 11 1.176 59
1 43 2 12 2.46 71
1 43 2 11 2.602 70
1 43 2 10 2.11 67
1 43 2 14 0.952 55
1 43 2 12 1.732 63
1 43 2 12 2.676 74
1 43 2 12 2.436 73
1 43 2 12 1.696 63
1 43 2 13 1.136 58
1 43 2 9 1.436 60
1 43 1 9 1.28 59
1 43 1 12 1.016 53
1 43 1 11 1.036 55
1 43 1 12 1.274 58
1 43 1 13 2.032 65
1 43 1 11 2.916 74
1 43 1 11 1.464 59
1 43 1 12 2.218 68
1 43 1 12 1.998 65
1 43 1 11 1.276 56
1 43 1 11 1.328 59
1 43 1 15 1.25 58
1 43 1 12 1.14 57
1 43 1 13 1.284 60
1 43 1 9 1.224 58
1 43 1 20 1.88 67
1 43 1 9 1.218 56
1 43 1 11 1.678 61
1 43 1 11 1.166 55
1 43 1 13 1.296 57
1 43 1 11 1.25 57
1 43 1 8 1.486 60
1 43 1 12 1.594 64
1 43 1 13 1.068 56
1 43 1 10 1.59 62
1 43 1 12 2.1 62
1 43 1 12 1.244 61
1 43 1 11 1.646 65
1 34 1 6 0.536 43
1 34 1 NA 0.838 51
1 34 1 5 0.372 39
1 34 1 5 0.398 39
1 34 1 5 0.434 40
1 34 1 5 0.428 42
1 34 1 9 0.874 53
1 34 1 5 0.468 43
1 34 1 3 0.046 20
1 34 1 NA 0.14 29
1 34 1 2 0.066 24
1 34 1 2 0.086 24
1 34 1 2 0.054 22
1 34 1 3 0.114 27
1 34 2 5 0.422 40
1 34 2 4 0.346 38
1 34 2 9 0.82 51
1 34 2 17 1.526 69
1 30 1 2 0.088 24
1 30 1 7 0.92 51
1 30 1 10 0.866 50
1 30 1 2 0.08 25
1 30 1 2 0.046 21
1 30 1 2 0.05 21
1 30 1 1 0.026 16
1 30 2 1 0.026 14
1 30 2 10 0.664 47
1 30 2 3 0.216 33
1 41 1 5 0.43 39
1 42 1 8 0.94 51
1 15 1 8 0.632 46
1 48 1 4 0.514 42
1 49 1 2 0.104 26
1 5 2 16 1.958 72
1 5 2 24 1.724 67
1 51 2 9 0.698 52
1 51 2 2 0.072 23
1 8 2 1 0.034 17
1 16 1 3 0.118 25
1 9 1 5 0.366 39
1 9 1 1 0.036 17
1 35 2 3 0.206 32
1 35 2 4 0.32 37
1 19 2 10 1.104 55
1 8 1 1 0.03 16
1 8 2 1 0.036 17
1 6 2 9 0.792 52
1 14 1 8 0.678 46
1 51 2 3 0.26 33
1 6 2 13 1.666 66
