"yr" "1" "2" "3" "4" "5" "6" "7" "8" "9" "10" "11" "12" "13" "14" "15"
"1" 1982 0.0273751 0.0644457 0.167544 0.382766 0.520168 0.814875 1.10538 1.15935 1.3391 1.46225 1.55498 1.61355 1.8128 1.59991 2.43862
"2" 1983 0.0191823 0.0754615 0.224449 0.361188 0.517672 0.682662 0.94697 1.23349 1.34401 1.33459 1.42297 1.40259 1.65677 1.48185 1.75388
"3" 1984 0.0218215 0.0417913 0.269416 0.35258 0.485725 0.635798 0.864378 1.22039 1.42094 1.55014 1.77979 1.77841 1.62766 1.53606 2.03616
"4" 1985 0.0213833 0.0512089 0.257783 0.41647 0.513193 0.674085 0.855502 1.08517 1.58167 1.35342 1.53337 1.81721 1.72941 0 2.46813
"5" 1986 0.0191218 0.04597 0.172808 0.375748 0.478112 0.659998 0.753644 0.915812 1.11097 1.50837 1.48804 1.79177 0 2.16491 0
"6" 1987 0.0157312 0.0957644 0.262959 0.360909 0.448955 0.57816 0.754466 0.876685 0.984087 1.15562 1.40961 1.50637 1.8869 2.09916 2.24528
"7" 1988 0.0206381 0.0715879 0.304231 0.366004 0.479701 0.538133 0.626298 0.796647 0.880358 1.08792 1.33762 1.31828 1.81339 1.19244 1.62574
"8" 1989 0.0239565 0.0587994 0.170239 0.377925 0.457496 0.543802 0.658945 0.723717 0.996037 1.00116 1.146 1.1965 1.20335 1.25708 1.29269
"9" 1990 0.0225129 0.0429648 0.189484 0.366807 0.485658 0.563596 0.611749 0.746259 0.857289 1.10837 1.17156 1.2425 1.23506 1.43895 1.54197
"10" 1991 0.0213635 0.0711332 0.185645 0.403271 0.562922 0.649335 0.760999 0.819946 0.960515 1.02566 1.25535 1.38892 1.4756 1.69384 1.87738
"11" 1992 0.0244497 0.068883 0.295309 0.412884 0.549859 0.645705 0.806845 0.879041 0.977357 1.03939 1.1874 1.35384 1.53974 1.46036 1.53755
"12" 1993 0.0184898 0.0413669 0.27912 0.458109 0.524847 0.602285 0.719852 0.830236 0.979623 1.03433 1.16778 1.26744 1.43152 1.56439 1.72325
"13" 1994 0.0199308 0.0627307 0.231376 0.446236 0.576325 0.658337 0.760095 1.00554 1.17628 1.15013 1.19859 1.34734 1.3929 1.52267 1.61898
"14" 1995 0.0203831 0.0317305 0.12951 0.37491 0.496254 0.651755 0.695884 0.915143 1.05507 1.2864 1.25808 1.37757 1.40188 1.43997 1.64495
"15" 1996 0.0213725 0.0583712 0.145953 0.333803 0.503358 0.601566 0.739812 0.825555 0.976118 1.07489 1.31655 1.40366 1.49983 1.54951 1.66058
"16" 1997 0.0178593 0.0396281 0.201023 0.338851 0.422503 0.597296 0.724123 0.826721 1.00598 1.03529 1.21929 1.311 1.37161 1.49946 1.60362
"17" 1998 0.0203925 0.0659741 0.178448 0.337921 0.480507 0.526678 0.693253 0.82061 0.930418 1.00961 1.14318 1.40837 1.4007 1.76607 1.82958
"18" 1999 0.0148721 0.0664926 0.243372 0.390159 0.454225 0.569261 0.645613 0.794231 1.04239 1.06285 1.19776 1.26537 1.68552 1.8008 1.94064
"19" 2000 0.0163698 0.047978 0.246921 0.418609 0.518194 0.580935 0.675336 0.727758 0.813266 1.01684 1.31209 1.3138 1.52898 1.65634 1.98264
"20" 2001 0.0214494 0.0582697 0.189496 0.40037 0.552836 0.657245 0.724703 0.813747 0.905307 0.97482 1.21712 1.35288 1.52508 1.53197 1.86412
"21" 2002 0.0194006 0.0837282 0.279938 0.446538 0.599236 0.702947 0.725693 0.862095 0.946321 0.991991 1.01656 1.23866 1.36522 1.58338 1.97985
"22" 2003 0.0277778 0.0848971 0.367446 0.49631 0.642718 0.737697 0.795273 0.902594 0.946819 1.06063 1.08251 1.18337 1.27103 1.31413 1.69301
"23" 2004 0.0256812 0.0935799 0.312486 0.526556 0.610926 0.72581 0.79921 0.841374 0.979413 1.00848 1.10248 1.13423 1.23082 1.57676 1.61919
"24" 2005 0.0243759 0.0576164 0.195546 0.483321 0.623509 0.700572 0.808105 0.893573 0.998403 1.03719 1.18531 1.19677 1.22725 1.34407 1.4674
"25" 2006 0.00950005 0.0479868 0.165533 0.415266 0.587456 0.685471 0.815546 0.913197 1.10039 1.20199 1.30752 1.38449 1.45862 1.48737 1.60823
"26" 2007 0.0115782 0.0995361 0.275674 0.514488 0.639264 0.78511 0.925318 1.02548 1.15272 1.48754 1.38985 1.45007 1.75299 1.70877 1.74982
"27" 2008 0.0152332 0.0410352 0.283988 0.485019 0.585701 0.706016 0.815779 0.924648 0.994993 1.15899 1.35418 1.34498 1.56855 1.79254 1.79664
"28" 2009 0.0124962 0.100075 0.267471 0.486023 0.669169 0.778463 0.958385 1.03215 1.08188 1.3069 1.31568 1.63829 1.70675 1.8313 2.10689
"29" 2010 0.0194326 0.088728 0.265539 0.487657 0.657569 0.805397 1.03558 1.10726 1.14087 1.25977 1.29971 1.45661 1.69633 1.89528 2.36519
"30" 2011 0.0165091 0.0881975 0.242518 0.496962 0.634466 0.745041 0.892639 1.06145 1.16225 1.21594 1.34596 1.41999 1.52898 1.59802 1.92094
"31" 2012 0.0159853 0.0738697 0.246531 0.397292 0.565772 0.712569 0.862486 1.0263 1.25361 1.27121 1.34287 1.38128 1.50559 1.7546 2.00664
"32" 2013 0.0169761 0.0700757 0.260264 0.485716 0.554511 0.691592 0.925272 1.08847 1.20919 1.34251 1.41521 1.46854 1.59373 1.75517 1.90016
"33" 2014 0.0180612 0.115368 0.309237 0.436426 0.552319 0.681436 0.735661 0.997786 1.10431 1.26297 1.5181 1.48064 1.51515 1.67125 1.79689
"34" 2015 0.0179891 0.100247 0.330382 0.45041 0.574789 0.64673 0.750414 0.828913 1.06078 1.08943 1.36271 1.50967 1.36161 1.49754 1.71008
