"yr" "1" "2" "3" "4" "5" "6" "7" "8" "9" "10" "11" "12" "13" "14" "15"
"1" 1982 614903.439439439 700316.71971972 498656.867867868 853445.462462462 361488.406406406 88951.9105105105 83662.2298298298 49457.3051051051 27929.5144144144 23274.600990991 13669.7277077077 9409.47766766767 3830.98021821822 2604.7037997998 321.436968668669
"2" 1983 2552054.39439439 284304.078078078 231628.953953954 309437.873873874 716340.674674675 253701.372372372 66090.7097097097 51793.3897897898 25520.6700700701 18623.079019019 15274.2378578579 5021.55988688689 3021.30582682683 1945.63081281281 1110.15730600601
"3" 1984 232780.546546547 142386.108308308 111151.120920921 290817.215215215 309458.022022022 695856.119119119 153744.189189189 45020.7394394394 24991.143043043 10411.7584484484 6925.3923023023 3335.30656856857 1605.99562002002 1872.2554018018 1015.51972522523
"4" 1985 2015747.07407407 297515.573573574 305401.079079079 123402.080980981 446357.035035035 323935.867867868 264473.653653654 61849.4823823824 22179.109009009 15197.1934534535 5844.94918618619 2417.18041341341 2370.39034134134 170.250755255255 163.267095885886
"5" 1986 1089236.65165165 372458.960960961 66478.7948948949 222833.527527528 147261.039439439 281269.078078078 261759.533533534 275359.048048048 103321.396196196 18381.9555555556 8182.41914914915 3333.72648788789 278.572746746747 1449.05768118118 0
"6" 1987 175744.844208208 93480.8264264264 95495.1026026026 67448.2418418418 410717.372372372 133638.406506506 181257.095195195 84143.2364364364 340729.55955956 61749.1432432432 22904.1893193193 12244.6329229229 2636.01111811812 1212.82275585586 1150.80080890891
"7" 1988 355031.806806807 123558.922922923 150455.683483484 276747.646646647 132501.704604605 449256.771771772 132428.812812813 119297.585985986 76282.6956956957 206589.151151151 23694.5582182182 14061.7216616617 3260.15867867868 2963.37328148148 2238.43521571572
"8" 1989 436783.541541542 102443.844044044 70551.5778778779 175907.64024024 402529.67967968 86502.8523523523 373422.307307307 59644.9668668669 100151.725925926 37026.0877877878 137610.002102102 24095.2442842843 21507.4707907908 11492.206032032 16736.1902202202
"9" 1990 603794.627627628 92811.1503503503 12298.4028028028 127111.225125125 175552.454054054 530723.635635636 104782.444344344 260774.976976977 30243.7802402402 71117.9333333333 11752.9377877878 111262.141141141 9043.92024824825 7816.13364764765 8232.21113113113
"10" 1991 1160559.17117117 321298.792792793 48308.6189189189 20147.4097997998 104280.093293293 89201.6887887888 273346.712712713 101167.491391391 217856.721721722 57777.9753753754 89942.4365365365 19329.7617917918 61413.6305305305 8814.32423423423 7845.77531631632
"11" 1992 625987.156156156 90325.6317317317 166169.456456456 38047.6025025025 59239.2024024024 114651.268068068 110124.371471471 159673.250850851 79913.732032032 159068.302302302 58895.2804804805 88663.1748748749 40157.421021021 33288.2115115115 22964.4902802803
"12" 1993 1040377.36336336 330611.368368368 149245.553953954 442167.745745746 106794.758858859 88130.060960961 56672.9983983984 92040.1435435436 134395.95025025 80178.482982983 70222.3031031031 50689.9377377377 40606.047047047 21550.4137137137 25932.7327327327
"13" 1994 695120.951951952 282597.680680681 129556.534134134 236904.547547548 581291.365365365 100869.622122122 34620.5605105105 31638.1887587588 37839.8159159159 68500.3947947948 43972.050990991 59729.9644644645 21615.9768368368 23237.0786406406 33101.8707507507
"14" 1995 510928.5005005 139815.762462462 79547.7831831832 186244.727627628 226148.936936937 336501.724724725 143588.324924925 51277.1891891892 37796.0271271271 38320.2113113113 72465.4245245245 30535.999019019 62595.0303303303 28540.169039039 40876.3574574575
"15" 1996 607532.564564565 191621.972072072 52061.0293293293 93617.327027027 269736.5995996 363022.616616617 331488.840840841 109602.872972973 27553.3622522523 31829.9966866867 20574.8853153153 39548.350950951 11786.3962962963 22930.3213713714 30959.2827827828
"16" 1997 1128119.14014014 320983.073273273 48491.793993994 40171.3278078078 478300.790790791 266303.316316316 188892.878778779 246104.70970971 44771.6206906907 21337.6925025025 19107.6861861862 21930.6707107107 33513.2328328328 11804.0422622623 38645.6139139139
"17" 1998 390676.07007007 319627.187187187 136250.08008008 77408.4003003003 125728.261761762 772176.409409409 210956.55025025 134796.958858859 92445.5156156156 23889.3165165165 11735.9183383383 3547.91763663664 8207.66035335335 10013.0462862863 22882.6818718719
"18" 1999 315514.896896897 188567.149149149 160864.708508509 191952.137837838 111329.472772773 189633.493293293 479906.463463463 140285.028528529 72531.248948949 70264.451051051 26047.3695395395 11180.9724194194 6707.68403303303 10800.5665765766 32280.1922922923
"19" 2000 340397.287287287 123475.128528529 96408.047947948 212177.997997998 226079.638638639 128084.095395395 115502.841241241 383859.7997998 141100.631031031 71650.7548548549 35841.3620620621 25273.3961461461 8031.57966966967 4071.17600900901 20876.8128128128
"20" 2001 365564.945945946 390341.891891892 151764.803803804 124038.397697698 266412.658658659 264379.508508509 113729.324024024 54463.0426426426 164855.602602603 119034.238838839 47057.7814814815 38986.4476476476 17103.2381081081 6282.12928828829 18187.7360560561
"21" 2002 216499.383383383 118012.779079079 169578.884484484 214745.136136136 219426.072072072 257329.586586587 138665.534134134 60132.4553553554 76209.7810810811 143718.685985986 70752.2753753754 32135.3129129129 19098.5170870871 6665.60208208208 8299.17111111111
"22" 2003 152926.531131131 44045.0042042042 102661.383683684 147301.376976977 173939.548548549 154913.754954955 201777.893893894 109884.524724725 45957.6095095095 67084.3744744745 130145.703503503 61142.7105105105 26426.7633933934 10692.3478278278 12450.474974975
"23" 2004 140474.637337337 125857.883283283 49512.5678678679 292195.862862863 273919.374374374 198130.274274274 117458.577977978 125132.743643644 66826.4101101101 39098.8194194194 41452.6202202202 74464.8365365365 34784.3031031031 10200.2014814815 7633.84242242242
"24" 2005 166533.725725726 52210.4626626627 31588.1096096096 73099.2657657658 272812.974974975 217888.525525526 142038.250850851 82832.9007007007 78869.327027027 62279.333033033 20837.824974975 47086.4556556557 84068.7243243243 36603.1397397397 43617.5722722723
"25" 2006 604937.658658659 21086.4907807808 12621.2986986987 49360.4356356356 140980.070570571 204473.259259259 158368.281281281 90257.4294294294 69119.3691691692 76180.288988989 41191.2314314314 30462.5181181181 49201.2112112112 60387.5973973974 68893.3305305305
"26" 2007 770293.482482482 13171.3468768769 12764.7024124124 28364.4707307307 107273.121421421 164270.093593594 157899.176176176 137578.174274274 71074.3680680681 48190.7553553554 43121.2326326326 38438.760960961 26258.0536836837 31078.8878878879 67408.0955955956
"27" 2008 217877.488788789 30690.5517117117 24426.8595795796 61936.8173173173 161189.802502502 310499.372372372 237057.098098098 155841.143943944 95825.8313313313 35650.0993993994 30379.3506506507 22807.3883983984 10992.230950951 6233.27667667668 40233.3172172172
"28" 2009 322498.637637638 79642.4073073073 148595.284184184 176719.883183183 89127.6222222222 143750.082882883 197170.496496496 152939.995795796 110400.119019019 52028.2482482482 34734.7944944945 12057.6215415415 12148.0675975976 6528.20184184184 28917.5762762763
"29" 2010 180971.151551552 36933.1455455455 57215.262962963 463833.23023023 236609.204204204 82535.6808808809 81672.4686686687 85523.1205205205 91762.676976977 60038.9093093093 52658.6807807808 18924.0103103103 11452.7888588589 7478.22864864865 17710.0851951952
"30" 2011 565869.19019019 51265.5966966967 72862.2861861862 81903.3918918919 401134.748748749 207312.757757758 68842.9068068068 43086.0116116116 70068.6398398398 69449.5312312312 59403.2831831832 46430.2136136136 19600.4943043043 9519.45681681682 27145.7501501502
"31" 2012 356890.104104104 65780.2302302302 112046.831131131 886892.252252252 175158.691291291 248528.019019019 80627.5748748749 33504.5932932933 26195.9575575576 36051.0640640641 29257.5354354354 26099.2297297297 21731.3289289289 8117.44301301301 14456.0718818819
"32" 2013 265254.688688689 22864.578048048 47247.9885885886 173787.641441441 862220.127127127 195312.219219219 118989.26996997 42461.4387387387 14082.0467967968 13161.6883583584 17908.8006706707 13197.4665265265 12285.5255255255 6815.23947947948 9208.76191191191
"33" 2014 314599.156156156 34083.7604604605 25223.2298898899 42921.8676676677 196081.382382382 650394.346346346 327995.638638639 64056.7016016016 35263.2650650651 13066.1305005005 5295.73622622623 7314.41333333333 7436.50287287287 3435.26751651652 9573.38429429429
"34" 2015 181226.477477477 89822.3757757758 266360.221221221 64788.4124124124 145921.085585586 276047.176176176 542971.936936937 154353.783783784 34381.1770770771 16280.1554954955 2080.84817447447 1782.79224524525 3291.41458158158 1641.45057497498 3884.18991691692
