"yr" "1" "2" "3" "4" "5" "6" "7" "8" "9" "10" "11" "12" "13" "14" "15"
"1" 1982 0.0273270785785786 0.0646265274274274 0.167380388388388 0.382542790790791 0.521136986986987 0.812585289289289 1.10554158258258 1.15745879379379 1.33808606606607 1.46541552552553 1.55916488488488 1.61294841841842 1.84406351351351 1.49698145145145 2.14169680680681
"2" 1983 0.0191999793793794 0.0777683203203203 0.223412956956957 0.361299267267267 0.517558691691692 0.683883345345345 0.951495323323323 1.23129881881882 1.34497952952953 1.33564127827828 1.43637784784785 1.43064386286286 1.67523758758759 1.5275813033033 1.75903874874875
"3" 1984 0.021863837037037 0.0423037798798799 0.269185817817818 0.353121658658659 0.485855785785786 0.635572886886887 0.866452341341341 1.21868624624625 1.41807911911912 1.55473287287287 1.77819668668669 1.78878503503503 1.65153337337337 1.57050997997998 2.00994712712713
"4" 1985 0.0213380309309309 0.0521313393393393 0.257865671671672 0.415277107107107 0.513163718718719 0.674898439439439 0.855330277277277 1.08726619119119 1.57516735735736 1.36641717117117 1.52618843443443 1.84796336336336 1.77830475475475 0.736695295295295 1.86054751751752
"5" 1986 0.0193796723723724 0.0471945298298298 0.174343803803804 0.376668591591592 0.477333087087087 0.66068784984985 0.753705396396396 0.915851744744745 1.11235322622623 1.51612045045045 1.50050936936937 1.76388529329329 1.01599765765766 2.08285756756757 0
"6" 1987 0.0175183604404404 0.094075172972973 0.262353087087087 0.360592491491491 0.449431652652653 0.578696409409409 0.754388888888889 0.87818492992993 0.983890963963964 1.15999459059059 1.41677087087087 1.50289328328328 1.85101595595596 2.07665673673674 2.19504426426426
"7" 1988 0.0207390714714715 0.0730403734734735 0.304887349349349 0.367094647647648 0.478284247247247 0.538443067067067 0.628471704704705 0.799304977977978 0.88033406006006 1.08806785885886 1.34147358358358 1.32755044044044 1.80313354354354 1.1354246016016 1.60672817817818
"8" 1989 0.023895128028028 0.0605338132132132 0.170544083083083 0.377995723723724 0.45722909009009 0.543605105105105 0.658695411411411 0.724395189189189 0.997122771771772 1.0044588028028 1.14648906906907 1.19968627227227 1.21135531231231 1.26923446946947 1.29010126326326
"9" 1990 0.0228157044044044 0.0459533881881882 0.191722498998999 0.36682376976977 0.486000379379379 0.563886557557558 0.613029499499499 0.747014093093093 0.858045787787788 1.10941874874875 1.20015443043043 1.24278259259259 1.23232435335335 1.44886175175175 1.53963104104104
"10" 1991 0.0216878685685686 0.0724586501501501 0.185227953953954 0.407195653653654 0.563729957957958 0.649188862862863 0.7627843003003 0.821013737737738 0.961262137137137 1.03117951551552 1.25806367367367 1.39244036636637 1.47787385385385 1.67667840840841 1.87378036036036
"11" 1992 0.0244338694694695 0.0712359374374374 0.295837404404404 0.414776326326326 0.550091141141141 0.645376588588589 0.806851154154154 0.879055964964965 0.977511581581582 1.03918904104104 1.19242950950951 1.35555138138138 1.53935074074074 1.46669750750751 1.54134216216216
"12" 1993 0.0185855344344344 0.0423523557557558 0.279084637637638 0.458355109109109 0.524953413413413 0.601853516516517 0.722420096096096 0.831175235235235 0.980542864864865 1.03479023623624 1.16809024024024 1.26907930930931 1.43503179179179 1.56852683683684 1.72594268268268
"13" 1994 0.0200720566566567 0.0635777732732733 0.227871177177177 0.445352344344344 0.576044794794795 0.660396656656657 0.755802213213213 1.01800495595596 1.17935408608609 1.14862116116116 1.20075644644645 1.34542252252252 1.39836535535536 1.52555319319319 1.61385225225225
"14" 1995 0.0205988503503504 0.0336853189189189 0.127424042742743 0.375448516516517 0.497257724724725 0.652394612612613 0.695568660660661 0.916016906906907 1.05950017217217 1.28918061061061 1.25876874874875 1.37941088088088 1.40552760760761 1.44096296296296 1.64330092092092
"15" 1996 0.0214351718718719 0.0590436393393393 0.142342400500501 0.335252700700701 0.5032631001001 0.601728113113113 0.740785852852853 0.825728578578579 0.978065681681682 1.07882747547548 1.3202912012012 1.40544792792793 1.50466733733734 1.55135684684685 1.66097189189189
"16" 1997 0.0178882025025025 0.0411220560560561 0.200669968968969 0.338961525525526 0.423559723723724 0.596951149149149 0.723908127127127 0.827921882882883 1.0059561971972 1.03590896696697 1.21100393293293 1.31827986986987 1.36858473473473 1.50034272272272 1.60248755755756
"17" 1998 0.0204318871871872 0.0658071189189189 0.17963717017017 0.337935034034034 0.480177964964965 0.526389902902903 0.693272338338338 0.82092668968969 0.933150403403403 1.01224713413413 1.15971611411411 1.38219532532533 1.40578222222222 1.77398429429429 1.83100680680681
"18" 1999 0.0149586443543544 0.0663370805805806 0.243066714714715 0.391173013013013 0.455332871871872 0.569864277277277 0.646034124124124 0.795395379379379 1.04241554454454 1.06705442842843 1.20312110910911 1.27961884084084 1.70055815815816 1.80754678678679 1.93822865865866
"19" 2000 0.0163565898698699 0.04858941001001 0.246924216216216 0.418893053053053 0.51852641041041 0.581108652652653 0.676105553553554 0.7278163003003 0.815284855855856 1.01848600700701 1.30414119019019 1.3155021021021 1.52925499299299 1.65854525525526 1.97872776776777
"20" 2001 0.021485990990991 0.0585215053053053 0.188636267267267 0.40249096996997 0.553866907907908 0.657587950950951 0.725936992992993 0.812665562562563 0.906074856856857 0.974349645645646 1.22341427227227 1.35805167167167 1.53131422422422 1.55800288288288 1.85615888888889
"21" 2002 0.0195259359359359 0.0833601122122122 0.280512903903904 0.446474456456456 0.598500034034034 0.703648662662663 0.726520632632633 0.862710025025025 0.950212262262262 0.992866995995996 1.02034145045045 1.24113006006006 1.37074182582583 1.57790901901902 1.98210368368368
"22" 2003 0.0278174657657658 0.0858795255255255 0.367032289289289 0.496972902902903 0.642766990990991 0.738265810810811 0.795253448448448 0.903915471471472 0.950064775775776 1.06104083683684 1.08340996996997 1.18925002002002 1.28669825725726 1.34839454454454 1.72023183183183
"23" 2004 0.0258445480480481 0.0938427458458459 0.311531720720721 0.527475064064064 0.611142660660661 0.726375541541542 0.799361148148148 0.842459795795796 0.979074408408408 1.01178545645646 1.10704903903904 1.13414375175175 1.23170431431431 1.58402674674675 1.62536858858859
"24" 2005 0.0244530242242242 0.058290574974975 0.197495588588589 0.48331575975976 0.623171638638639 0.70073039039039 0.807157479479479 0.896525504504504 0.998959967967968 1.04222540940941 1.19369213813814 1.19840029029029 1.22720079079079 1.34829820820821 1.47008031031031
"25" 2006 0.00954625957957958 0.050195816016016 0.16427358978979 0.416394601601602 0.587039587587588 0.686052406406406 0.815159096096096 0.913555855855856 1.10666313913914 1.20428029029029 1.30601257257257 1.38733059059059 1.46230870870871 1.48742058058058 1.61040545545546
"26" 2007 0.0115838322222222 0.0995133895895896 0.273126447447447 0.514410479479479 0.639381817817818 0.785917023023023 0.926239653653654 1.02737114414414 1.15450915915916 1.48927510510511 1.39682251251251 1.4524594994995 1.75484998998999 1.70960199199199 1.75392468468468
"27" 2008 0.015280061961962 0.0415946521521522 0.273844353553554 0.48411815015015 0.586544097097097 0.705903086086086 0.816260583583584 0.925305091091091 0.995611101101101 1.16010034034034 1.36113844844845 1.34932349349349 1.57719815815816 1.80115785785786 1.79752665665666
"28" 2009 0.0125202033033033 0.102060732132132 0.266612427427427 0.48830004004004 0.668553035035035 0.778152836836837 0.959035237237237 1.03204910510511 1.08027345945946 1.30664046046046 1.32300525525526 1.64511541541542 1.71459273273273 1.84747123123123 2.10180842842843
"29" 2010 0.0194041758758759 0.08989635995996 0.266107385385385 0.487666710710711 0.657985950950951 0.807360345345345 1.03484564564565 1.10870657457457 1.14288498498498 1.26234195195195 1.30250403403403 1.46023247247247 1.69242313313313 1.92495161161161 2.36587171171171
"30" 2011 0.0165369586586587 0.0945329166166166 0.243328997997998 0.499610936936937 0.640957966966967 0.748564952952953 0.891108766766767 1.06324874774775 1.16267924924925 1.2181596996997 1.34735631631632 1.42174941941942 1.52740927927928 1.60764006006006 1.92151564564565
"31" 2012 0.0160048354354354 0.0746591009009009 0.246783104104104 0.397262355355355 0.565881193193193 0.712780492492493 0.864383924924925 1.02629352052052 1.25370462462462 1.2735652952953 1.34435623623624 1.38449966966967 1.50952424424424 1.75160623623624 2.00951761761762
"32" 2013 0.0170013053053053 0.0710559252252252 0.25934498998999 0.487024570570571 0.554377913913914 0.692230665665666 0.924998611611612 1.08793665765766 1.21482827827828 1.34614623623624 1.41639119119119 1.47123920920921 1.59376510510511 1.75960870870871 1.90055822822823
"33" 2014 0.0180560798798799 0.115206835635636 0.306931573573574 0.434889781781782 0.552789811811812 0.681474817817818 0.735680528528528 0.998853564564565 1.10234627627628 1.2572693023023 1.49978128128128 1.48331771771772 1.51364394394394 1.6669685985986 1.79629387387387
"34" 2015 0.0180246607607608 0.101776675775776 0.330096125125125 0.449261389389389 0.574690337337337 0.646713597597598 0.750384296296296 0.82908492992993 1.06214443643644 1.0889643003003 1.37017735735736 1.51604815815816 1.38014355355355 1.49490345345345 1.70652778778779
